,ts_code,trade_date,open,high,low,close,pre_close,change,pct_chg,vol,amount
<<<<<<< HEAD
0,000587.SZ,20210707,1.78,1.78,1.72,1.74,1.78,-0.04,-2.2472,71839.02,12581.453
1,000587.SZ,20210706,1.76,1.83,1.75,1.78,1.76,0.02,1.1364,64553.3,11502.211
2,000587.SZ,20210705,1.75,1.77,1.72,1.76,1.75,0.01,0.5714,38142.0,6713.435
3,000587.SZ,20210702,1.77,1.77,1.69,1.75,1.75,0.0,0.0,90769.3,15602.683
4,000587.SZ,20210701,1.79,1.79,1.74,1.75,1.79,-0.04,-2.2346,64050.0,11255.834
5,000587.SZ,20210630,1.77,1.79,1.73,1.79,1.78,0.01,0.5618,44636.0,7867.603
6,000587.SZ,20210629,1.76,1.8,1.76,1.78,1.77,0.01,0.565,49371.0,8790.352
7,000587.SZ,20210628,1.82,1.82,1.76,1.77,1.83,-0.06,-3.2787,83100.2,14781.784
8,000587.SZ,20210625,1.87,1.9,1.79,1.83,1.88,-0.05,-2.6596,118956.14,21885.214
9,000587.SZ,20210624,1.89,1.93,1.86,1.88,1.87,0.01,0.5348,103456.0,19630.473
10,000587.SZ,20210623,1.78,1.9,1.78,1.87,1.82,0.05,2.7473,146586.74,27290.378
11,000587.SZ,20210622,1.78,1.87,1.78,1.82,1.78,0.04,2.2472,88547.54,16213.63
12,000587.SZ,20210621,1.77,1.79,1.76,1.78,1.8,-0.02,-1.1111,60054.0,10672.737
13,000587.SZ,20210618,1.76,1.8,1.72,1.8,1.76,0.04,2.2727,76417.0,13450.611
14,000587.SZ,20210617,1.78,1.83,1.75,1.76,1.78,-0.02,-1.1236,77410.0,13829.936
15,000587.SZ,20210616,1.85,1.86,1.77,1.78,1.86,-0.08,-4.3011,97272.0,17640.833
16,000587.SZ,20210615,1.9,1.94,1.86,1.86,1.95,-0.09,-4.6154,142631.57,26954.015
17,000587.SZ,20210611,1.85,1.96,1.8,1.95,1.87,0.08,4.2781,163571.0,30792.189
18,000587.SZ,20210610,1.97,1.98,1.87,1.87,1.97,-0.1,-5.0761,225214.57,42721.473
19,000587.SZ,20210609,2.04,2.04,1.89,1.97,1.94,0.03,1.5464,445977.2,89228.707
20,000587.SZ,20210608,1.9,1.94,1.88,1.94,1.85,0.09,4.8649,96110.02,18573.505
21,000587.SZ,20210607,1.74,1.85,1.73,1.85,1.76,0.09,5.1136,188068.8,34296.018
22,000587.SZ,20210604,1.69,1.79,1.66,1.76,1.7,0.06,3.5294,93780.0,16120.574
23,000587.SZ,20210603,1.73,1.74,1.69,1.7,1.71,-0.01,-0.5848,111991.37,19150.485
24,000587.SZ,20210602,1.7,1.71,1.69,1.71,1.63,0.08,4.908,195360.37,33371.859
25,000587.SZ,20210601,1.62,1.65,1.61,1.63,1.64,-0.01,-0.6098,21449.0,3496.534
26,000587.SZ,20210531,1.63,1.64,1.57,1.64,1.62,0.02,1.2346,71274.37,11408.242
27,000587.SZ,20210528,1.64,1.65,1.61,1.62,1.65,-0.03,-1.8182,42018.0,6841.709
28,000587.SZ,20210527,1.7,1.7,1.64,1.65,1.64,0.01,0.6098,46655.0,7753.386
29,000587.SZ,20210526,1.64,1.67,1.63,1.64,1.63,0.01,0.6135,32236.0,5306.554
30,000587.SZ,20210525,1.64,1.65,1.59,1.63,1.67,-0.04,-2.3952,66707.2,10805.007
31,000587.SZ,20210524,1.74,1.74,1.66,1.67,1.74,-0.07,-4.023,58573.0,9940.313
32,000587.SZ,20210521,1.75,1.76,1.73,1.74,1.74,0.0,0.0,23267.0,4044.402
33,000587.SZ,20210520,1.73,1.75,1.72,1.74,1.72,0.02,1.1628,47790.0,8292.175
34,000587.SZ,20210519,1.71,1.72,1.68,1.72,1.69,0.03,1.7751,52883.0,8989.879
35,000587.SZ,20210518,1.7,1.72,1.67,1.69,1.69,0.0,0.0,26740.0,4536.291
36,000587.SZ,20210517,1.69,1.69,1.62,1.69,1.7,-0.01,-0.5882,57162.0,9398.71
37,000587.SZ,20210514,1.69,1.7,1.68,1.7,1.69,0.01,0.5917,25061.2,4245.69
38,000587.SZ,20210513,1.71,1.72,1.67,1.69,1.71,-0.02,-1.1696,49088.71,8300.959
39,000587.SZ,20210512,1.72,1.77,1.7,1.71,1.72,-0.01,-0.5814,77467.12,13406.059
40,000587.SZ,20210511,1.68,1.73,1.66,1.72,1.69,0.03,1.7751,74164.98,12622.485
41,000587.SZ,20210510,1.68,1.69,1.64,1.69,1.67,0.02,1.1976,32165.02,5355.283
42,000587.SZ,20210507,1.66,1.7,1.64,1.67,1.67,0.0,0.0,51794.0,8656.79
43,000587.SZ,20210506,1.67,1.69,1.61,1.67,1.67,0.0,0.0,87232.02,14375.09
44,000587.SZ,20210430,1.72,1.73,1.67,1.67,1.7,-0.03,-1.7647,51265.14,8640.747
45,000587.SZ,20210429,1.63,1.71,1.63,1.7,1.66,0.04,2.4096,69109.82,11713.145
46,000587.SZ,20210428,1.68,1.68,1.64,1.66,1.68,-0.02,-1.1905,35296.02,5832.198
47,000587.SZ,20210427,1.69,1.69,1.66,1.68,1.69,-0.01,-0.5917,35396.7,5936.671
48,000587.SZ,20210426,1.68,1.7,1.67,1.69,1.69,0.0,0.0,53041.02,8923.698
49,000587.SZ,20210423,1.7,1.7,1.68,1.69,1.7,-0.01,-0.5882,26334.96,4451.087
50,000587.SZ,20210422,1.69,1.71,1.68,1.7,1.7,0.0,0.0,27636.2,4686.146
51,000587.SZ,20210421,1.7,1.74,1.67,1.7,1.7,0.0,0.0,38192.0,6503.559
52,000587.SZ,20210420,1.73,1.74,1.69,1.7,1.74,-0.04,-2.2989,40475.0,6914.145
53,000587.SZ,20210419,1.73,1.77,1.72,1.74,1.74,0.0,0.0,43499.0,7563.933
54,000587.SZ,20210416,1.77,1.77,1.72,1.74,1.73,0.01,0.578,34573.0,6020.853
55,000587.SZ,20210415,1.67,1.78,1.67,1.73,1.74,-0.01,-0.5747,91310.0,15785.718
56,000587.SZ,20210414,1.73,1.78,1.71,1.74,1.73,0.01,0.578,52565.0,9137.498
57,000587.SZ,20210413,1.71,1.75,1.67,1.73,1.75,-0.02,-1.1429,116625.0,19977.502
58,000587.SZ,20210412,1.66,1.75,1.65,1.75,1.67,0.08,4.7904,149396.2,25899.971
59,000587.SZ,20210409,1.66,1.7,1.65,1.67,1.67,0.0,0.0,31305.0,5231.943
60,000587.SZ,20210408,1.68,1.73,1.64,1.67,1.68,-0.01,-0.5952,61089.2,10238.042
61,000587.SZ,20210407,1.72,1.73,1.66,1.68,1.72,-0.04,-2.3256,66002.2,11081.197
62,000587.SZ,20210406,1.67,1.78,1.66,1.72,1.7,0.02,1.1765,49648.0,8606.502
63,000587.SZ,20210402,1.73,1.73,1.67,1.7,1.76,-0.06,-3.4091,106510.16,18076.431
64,000587.SZ,20210401,1.78,1.81,1.75,1.76,1.72,0.04,2.3256,169440.02,30254.928
65,000587.SZ,20210331,1.74,1.74,1.67,1.72,1.66,0.06,3.6145,142843.06,24701.129
66,000587.SZ,20210330,1.54,1.66,1.54,1.66,1.58,0.08,5.0633,117693.75,19201.948
67,000587.SZ,20210329,1.5,1.58,1.49,1.58,1.5,0.08,5.3333,166810.7,26190.031
68,000587.SZ,20210326,1.58,1.58,1.5,1.5,1.58,-0.08,-5.0633,143753.04,21807.16
69,000587.SZ,20210325,1.62,1.63,1.57,1.58,1.63,-0.05,-3.0675,62175.0,9905.293
70,000587.SZ,20210324,1.64,1.66,1.61,1.63,1.64,-0.01,-0.6098,61347.0,10002.067
71,000587.SZ,20210323,1.62,1.65,1.61,1.64,1.61,0.03,1.8634,72773.02,11899.1
72,000587.SZ,20210322,1.61,1.65,1.57,1.61,1.61,0.0,0.0,88322.0,14249.032
73,000587.SZ,20210319,1.65,1.67,1.61,1.61,1.69,-0.08,-4.7337,146670.0,23874.388
74,000587.SZ,20210318,1.68,1.7,1.63,1.69,1.71,-0.02,-1.1696,116848.0,19336.373
75,000587.SZ,20210317,1.77,1.79,1.71,1.71,1.77,-0.06,-3.3898,112775.0,19730.633
76,000587.SZ,20210316,1.69,1.77,1.67,1.77,1.69,0.08,4.7337,161712.56,28419.964
77,000587.SZ,20210315,1.7,1.7,1.64,1.69,1.7,-0.01,-0.5882,66207.0,11041.78
78,000587.SZ,20210312,1.73,1.75,1.68,1.7,1.75,-0.05,-2.8571,89954.0,15403.034
79,000587.SZ,20210311,1.76,1.8,1.72,1.75,1.75,0.0,0.0,108107.35,18908.693
80,000587.SZ,20210310,1.68,1.75,1.61,1.75,1.67,0.08,4.7904,151317.05,25816.929
81,000587.SZ,20210309,1.66,1.76,1.65,1.67,1.74,-0.07,-4.023,190733.68,31944.753
82,000587.SZ,20210308,1.74,1.77,1.69,1.74,1.69,0.05,2.9586,236849.35,41490.414
83,000587.SZ,20210305,1.61,1.69,1.61,1.69,1.61,0.08,4.9689,209036.07,34994.352
84,000587.SZ,20210304,1.55,1.61,1.53,1.61,1.53,0.08,5.2288,223274.72,35335.778
85,000587.SZ,20210303,1.55,1.61,1.51,1.53,1.54,-0.01,-0.6494,142385.0,22089.413
86,000587.SZ,20210302,1.47,1.54,1.46,1.54,1.47,0.07,4.7619,128359.04,19511.41
87,000587.SZ,20210301,1.54,1.56,1.44,1.47,1.52,-0.05,-3.2895,127689.88,18964.295
88,000587.SZ,20210226,1.45,1.52,1.38,1.52,1.45,0.07,4.8276,294604.54,43529.684
89,000587.SZ,20210225,1.45,1.45,1.45,1.45,1.38,0.07,5.0725,29368.0,4258.36
90,000587.SZ,20210224,1.3,1.38,1.29,1.38,1.31,0.07,5.3435,142590.54,19532.792
91,000587.SZ,20210223,1.24,1.31,1.19,1.31,1.25,0.06,4.8,180683.0,22745.241
92,000587.SZ,20210222,1.27,1.27,1.23,1.25,1.29,-0.04,-3.1008,148774.04,18509.735
93,000587.SZ,20210219,1.29,1.3,1.27,1.29,1.29,0.0,0.0,58366.06,7500.09
94,000587.SZ,20210218,1.27,1.32,1.26,1.29,1.28,0.01,0.7813,55938.02,7235.162
95,000587.SZ,20210210,1.27,1.3,1.26,1.28,1.28,0.0,0.0,71980.38,9153.078
96,000587.SZ,20210209,1.28,1.31,1.27,1.28,1.28,0.0,0.0,133526.72,17099.748
97,000587.SZ,20210208,1.22,1.28,1.2,1.28,1.22,0.06,4.918,190861.52,24235.423
98,000587.SZ,20210205,1.17,1.23,1.15,1.22,1.18,0.04,3.3898,105543.04,12619.055
99,000587.SZ,20210204,1.22,1.22,1.15,1.18,1.18,0.0,0.0,127201.32,15068.632
100,000587.SZ,20210203,1.1,1.18,1.09,1.18,1.12,0.06,5.3571,175396.04,20241.386
101,000587.SZ,20210202,1.14,1.15,1.1,1.12,1.15,-0.03,-2.6087,80587.22,9025.87
102,000587.SZ,20210201,1.1,1.18,1.08,1.15,1.13,0.02,1.7699,166584.04,18925.916
103,000587.SZ,20210129,1.13,1.13,1.06,1.13,1.08,0.05,4.6296,193109.02,21747.338
104,000587.SZ,20210128,1.08,1.08,1.08,1.08,1.03,0.05,4.8544,76888.02,8303.906
105,000587.SZ,20210127,1.04,1.04,1.02,1.03,1.04,-0.01,-0.9615,23148.0,2369.809
106,000587.SZ,20210126,1.04,1.04,1.02,1.04,1.05,-0.01,-0.9524,21790.0,2247.991
107,000587.SZ,20210125,1.03,1.06,1.0,1.05,1.04,0.01,0.9615,79735.7,8215.037
108,000587.SZ,20210122,1.03,1.04,1.01,1.04,1.04,0.0,0.0,71430.3,7296.515
109,000587.SZ,20210121,1.04,1.08,1.03,1.04,1.04,0.0,0.0,85219.3,8920.097
110,000587.SZ,20210120,1.07,1.07,1.02,1.04,1.06,-0.02,-1.8868,46362.7,4844.867
111,000587.SZ,20210119,1.04,1.09,1.03,1.06,1.04,0.02,1.9231,48976.7,5199.045
112,000587.SZ,20210118,1.05,1.06,1.03,1.04,1.05,-0.01,-0.9524,20545.06,2146.841
113,000587.SZ,20210115,1.07,1.08,1.03,1.05,1.07,-0.02,-1.8692,64676.0,6787.18
114,000587.SZ,20210114,1.02,1.07,1.0,1.07,1.02,0.05,4.902,95388.82,9978.126
115,000587.SZ,20210113,1.02,1.02,1.0,1.02,1.02,0.0,0.0,28868.0,2922.067
116,000587.SZ,20210112,1.02,1.03,1.0,1.02,1.02,0.0,0.0,56796.0,5766.616
117,000587.SZ,20210111,1.02,1.03,1.0,1.02,1.02,0.0,0.0,30889.86,3150.009
118,000587.SZ,20210108,1.0,1.02,1.0,1.02,1.01,0.01,0.9901,29540.0,2981.276
119,000587.SZ,20210107,1.01,1.02,1.0,1.01,1.01,0.0,0.0,45938.96,4637.328
120,000587.SZ,20210106,1.03,1.03,1.01,1.01,1.04,-0.03,-2.8846,49806.56,5071.76
121,000587.SZ,20210105,1.01,1.04,1.01,1.04,1.04,0.0,0.0,56557.6,5811.181
122,000587.SZ,20210104,1.0,1.05,1.0,1.04,1.05,-0.01,-0.9524,132324.42,13327.266
123,000587.SZ,20201231,1.09,1.09,1.05,1.05,1.06,-0.01,-0.9434,66292.42,7033.128
124,000587.SZ,20201230,1.03,1.09,1.03,1.06,1.06,0.0,0.0,60166.84,6394.517
125,000587.SZ,20201229,1.02,1.06,1.02,1.06,1.06,0.0,0.0,72622.02,7520.709
126,000587.SZ,20201228,1.07,1.09,1.06,1.06,1.12,-0.06,-5.3571,145653.0,15586.144
127,000587.SZ,20201225,1.06,1.16,1.06,1.12,1.12,0.0,0.0,200277.26,21977.866
128,000587.SZ,20201224,1.12,1.12,1.12,1.12,1.18,-0.06,-5.0847,15340.0,1718.08
129,000587.SZ,20201223,1.18,1.18,1.18,1.18,1.24,-0.06,-4.8387,16858.0,1989.244
130,000587.SZ,20201222,1.27,1.3,1.24,1.24,1.31,-0.07,-5.3435,85043.0,10564.334
131,000587.SZ,20201221,1.34,1.35,1.31,1.31,1.38,-0.07,-5.0725,138944.0,18307.161
132,000587.SZ,20201218,1.25,1.38,1.25,1.38,1.32,0.06,4.5455,314728.0,40537.141
133,000587.SZ,20201217,1.32,1.32,1.32,1.32,1.39,-0.07,-5.036,74674.0,9856.968
134,000587.SZ,20201216,1.39,1.39,1.39,1.39,1.46,-0.07,-4.7945,107223.0,14903.997
135,000587.SZ,20201215,1.46,1.46,1.46,1.46,1.54,-0.08,-5.1948,23860.0,3483.56
136,000587.SZ,20201214,1.58,1.58,1.54,1.54,1.62,-0.08,-4.9383,84378.0,13201.544
137,000587.SZ,20201211,1.59,1.62,1.58,1.62,1.6,0.02,1.25,90655.4,14528.44
138,000587.SZ,20201210,1.58,1.61,1.57,1.6,1.59,0.01,0.6289,101701.0,16207.706
139,000587.SZ,20201209,1.57,1.59,1.55,1.59,1.58,0.01,0.6329,178019.0,27997.977
140,000587.SZ,20201208,1.53,1.58,1.51,1.58,1.53,0.05,3.268,161309.5,24849.749
141,000587.SZ,20201207,1.54,1.56,1.53,1.53,1.54,-0.01,-0.6494,87548.02,13505.557
142,000587.SZ,20201204,1.53,1.54,1.51,1.54,1.53,0.01,0.6536,67452.0,10277.425
143,000587.SZ,20201203,1.5,1.54,1.48,1.53,1.51,0.02,1.3245,144218.37,21650.624
144,000587.SZ,20201202,1.51,1.51,1.48,1.51,1.51,0.0,0.0,104643.02,15606.493
145,000587.SZ,20201201,1.52,1.52,1.49,1.51,1.52,-0.01,-0.6579,53674.2,8058.078
146,000587.SZ,20201130,1.5,1.52,1.5,1.52,1.51,0.01,0.6623,78102.0,11801.564
147,000587.SZ,20201127,1.51,1.52,1.49,1.51,1.51,0.0,0.0,48258.02,7250.874
148,000587.SZ,20201126,1.51,1.52,1.49,1.51,1.51,0.0,0.0,232504.32,34880.574
149,000587.SZ,20201125,1.51,1.52,1.51,1.51,1.52,-0.01,-0.6579,13734.02,2078.448
150,000587.SZ,20201124,1.52,1.53,1.51,1.52,1.53,-0.01,-0.6536,16325.0,2478.215
151,000587.SZ,20201123,1.5,1.53,1.49,1.53,1.51,0.02,1.3245,72898.04,11012.995
152,000587.SZ,20201120,1.51,1.52,1.5,1.51,1.51,0.0,0.0,36811.72,5550.658
153,000587.SZ,20201119,1.51,1.52,1.5,1.51,1.52,-0.01,-0.6579,20218.0,3049.611
154,000587.SZ,20201118,1.53,1.53,1.51,1.52,1.53,-0.01,-0.6536,24561.1,3719.465
155,000587.SZ,20201117,1.52,1.54,1.51,1.53,1.52,0.01,0.6579,32940.02,5017.695
156,000587.SZ,20201116,1.52,1.54,1.51,1.52,1.52,0.0,0.0,33130.0,5049.096
157,000587.SZ,20201113,1.51,1.53,1.51,1.52,1.52,0.0,0.0,26067.0,3959.401
158,000587.SZ,20201112,1.51,1.55,1.5,1.52,1.52,0.0,0.0,73195.0,11134.537
159,000587.SZ,20201111,1.53,1.54,1.5,1.52,1.54,-0.02,-1.2987,59140.0,8973.835
160,000587.SZ,20201110,1.55,1.56,1.53,1.54,1.55,-0.01,-0.6452,52279.02,8046.145
161,000587.SZ,20201109,1.57,1.58,1.55,1.55,1.58,-0.03,-1.8987,79674.0,12458.49
162,000587.SZ,20201106,1.54,1.59,1.54,1.58,1.55,0.03,1.9355,59150.0,9301.597
163,000587.SZ,20201105,1.54,1.56,1.54,1.55,1.55,0.0,0.0,41860.02,6483.129
164,000587.SZ,20201104,1.54,1.56,1.53,1.55,1.55,0.0,0.0,73925.02,11398.51
165,000587.SZ,20201103,1.55,1.57,1.54,1.55,1.55,0.0,0.0,61159.0,9478.983
166,000587.SZ,20201102,1.57,1.57,1.55,1.55,1.58,-0.03,-1.8987,76133.0,11880.536
167,000587.SZ,20201030,1.57,1.61,1.55,1.58,1.59,-0.01,-0.6289,150926.0,23716.201
168,000587.SZ,20201029,1.63,1.66,1.58,1.59,1.61,-0.02,-1.2422,197352.02,31776.721
169,000587.SZ,20201028,1.57,1.63,1.55,1.61,1.57,0.04,2.5478,268623.99,42617.454
170,000587.SZ,20201027,1.54,1.58,1.51,1.57,1.54,0.03,1.9481,349110.0,54063.768
171,000587.SZ,20201026,1.49,1.55,1.49,1.54,1.49,0.05,3.3557,251211.0,38527.577
172,000587.SZ,20201023,1.42,1.5,1.42,1.49,1.43,0.06,4.1958,374285.02,54384.387
173,000587.SZ,20201022,1.42,1.43,1.39,1.43,1.43,0.0,0.0,229334.74,32462.181
174,000587.SZ,20201021,1.44,1.44,1.41,1.43,1.44,-0.01,-0.6944,91478.0,13038.842
175,000587.SZ,20201020,1.45,1.45,1.44,1.44,1.46,-0.02,-1.3699,43678.0,6299.668
176,000587.SZ,20201019,1.45,1.46,1.43,1.46,1.46,0.0,0.0,109365.0,15810.531
177,000587.SZ,20201016,1.45,1.46,1.44,1.46,1.47,-0.01,-0.6803,43388.0,6292.18
178,000587.SZ,20201015,1.45,1.47,1.44,1.47,1.47,0.0,0.0,82042.0,11928.171
179,000587.SZ,20201014,1.45,1.47,1.44,1.47,1.46,0.01,0.6849,73318.0,10643.908
180,000587.SZ,20201013,1.46,1.46,1.44,1.46,1.47,-0.01,-0.6803,58978.0,8568.651
181,000587.SZ,20201012,1.46,1.47,1.43,1.47,1.46,0.01,0.6849,111444.02,16147.211
182,000587.SZ,20201009,1.45,1.47,1.43,1.46,1.47,-0.01,-0.6803,118341.0,17155.29
183,000587.SZ,20200930,1.43,1.47,1.42,1.47,1.43,0.04,2.7972,109970.0,15850.342
184,000587.SZ,20200929,1.46,1.46,1.42,1.43,1.47,-0.04,-2.7211,119799.0,17232.565
185,000587.SZ,20200928,1.49,1.49,1.45,1.47,1.49,-0.02,-1.3423,52103.0,7635.171
186,000587.SZ,20200925,1.45,1.5,1.42,1.49,1.46,0.03,2.0548,102053.0,14903.279
187,000587.SZ,20200924,1.5,1.5,1.46,1.46,1.5,-0.04,-2.6667,57252.0,8406.835
188,000587.SZ,20200923,1.46,1.51,1.45,1.5,1.48,0.02,1.3514,196790.02,29243.572
189,000587.SZ,20200922,1.46,1.48,1.46,1.48,1.49,-0.01,-0.6711,50845.0,7468.027
190,000587.SZ,20200921,1.49,1.52,1.45,1.49,1.51,-0.02,-1.3245,222098.95,32882.623
191,000587.SZ,20200918,1.44,1.52,1.43,1.51,1.45,0.06,4.1379,490291.66,72829.048
192,000587.SZ,20200917,1.37,1.45,1.34,1.45,1.38,0.07,5.0725,528711.89,75357.724
193,000587.SZ,20200916,1.4,1.4,1.36,1.38,1.4,-0.02,-1.4286,94349.14,12969.681
194,000587.SZ,20200915,1.43,1.44,1.38,1.4,1.43,-0.03,-2.0979,223828.0,31581.694
195,000587.SZ,20200914,1.45,1.45,1.42,1.43,1.45,-0.02,-1.3793,76886.0,11009.289
196,000587.SZ,20200911,1.47,1.47,1.4,1.45,1.46,-0.01,-0.6849,143802.0,20658.946
197,000587.SZ,20200910,1.51,1.53,1.45,1.46,1.5,-0.04,-2.6667,202148.0,30134.014
198,000587.SZ,20200909,1.51,1.53,1.48,1.5,1.53,-0.03,-1.9608,143182.0,21527.329
199,000587.SZ,20200908,1.46,1.53,1.46,1.53,1.48,0.05,3.3784,244547.06,36662.887
200,000587.SZ,20200907,1.4,1.52,1.39,1.48,1.46,0.02,1.3699,378776.0,55002.196
201,000587.SZ,20200904,1.42,1.53,1.42,1.46,1.49,-0.03,-2.0134,270333.93,39945.589
202,000587.SZ,20200903,1.41,1.5,1.39,1.49,1.43,0.06,4.1958,257616.93,37376.668
203,000587.SZ,20200902,1.43,1.44,1.38,1.43,1.43,0.0,0.0,175308.0,24612.65
204,000587.SZ,20200901,1.44,1.45,1.41,1.43,1.44,-0.01,-0.6944,123101.0,17585.784
205,000587.SZ,20200831,1.36,1.45,1.36,1.44,1.43,0.01,0.6993,262518.75,37131.878
206,000587.SZ,20200828,1.46,1.49,1.43,1.43,1.5,-0.07,-4.6667,220484.0,31727.21
207,000587.SZ,20200827,1.56,1.64,1.5,1.5,1.58,-0.08,-5.0633,644462.38,100052.201
208,000587.SZ,20200826,1.51,1.6,1.5,1.58,1.54,0.04,2.5974,299778.66,46714.378
209,000587.SZ,20200825,1.49,1.54,1.45,1.54,1.47,0.07,4.7619,793810.2,120390.797
210,000587.SZ,20200824,1.39,1.47,1.38,1.47,1.4,0.07,5.0,503003.95,72904.869
211,000587.SZ,20200821,1.39,1.42,1.38,1.4,1.39,0.01,0.7194,174553.0,24431.414
212,000587.SZ,20200820,1.34,1.42,1.33,1.39,1.37,0.02,1.4599,292317.08,40464.916
213,000587.SZ,20200819,1.36,1.44,1.35,1.37,1.38,-0.01,-0.7246,364994.0,51467.828
214,000587.SZ,20200818,1.31,1.38,1.27,1.38,1.31,0.07,5.3435,623589.82,82879.398
215,000587.SZ,20200817,1.21,1.31,1.21,1.31,1.25,0.06,4.8,560132.78,72336.688
216,000587.SZ,20200814,1.18,1.26,1.16,1.25,1.2,0.05,4.1667,646110.24,77787.376
217,000587.SZ,20200813,1.11,1.21,1.1,1.2,1.15,0.05,4.3478,1031217.88,119365.312
218,000587.SZ,20200812,1.15,1.27,1.15,1.15,1.21,-0.06,-4.9587,837537.22,98362.529
219,000587.SZ,20200811,1.21,1.21,1.21,1.21,1.27,-0.06,-4.7244,26344.0,3187.624
220,000587.SZ,20200810,1.27,1.27,1.27,1.27,1.34,-0.07,-5.2239,35274.0,4479.798
221,000587.SZ,20200807,1.43,1.47,1.34,1.34,1.41,-0.07,-4.9645,733233.48,102402.174
222,000587.SZ,20200806,1.39,1.41,1.36,1.41,1.34,0.07,5.2239,561579.9,78630.48
223,000587.SZ,20200805,1.24,1.34,1.22,1.34,1.28,0.06,4.6875,856415.98,108806.911
224,000587.SZ,20200804,1.28,1.28,1.26,1.28,1.22,0.06,4.918,471242.3,60273.384
225,000587.SZ,20200803,1.22,1.22,1.19,1.22,1.16,0.06,5.1724,167273.28,20370.067
226,000587.SZ,20200731,1.11,1.16,1.06,1.16,1.1,0.06,5.4545,658439.14,74953.462
227,000587.SZ,20200730,1.1,1.1,1.1,1.1,1.05,0.05,4.7619,144197.26,15861.698
228,000587.SZ,20200729,0.98,1.05,0.96,1.05,1.0,0.05,5.0,561914.99,56890.756
229,000587.SZ,20200728,0.95,1.0,0.92,1.0,0.96,0.04,4.1667,1419771.42,137844.773
230,000587.SZ,20200727,0.95,0.97,0.94,0.96,0.96,0.0,0.0,312839.8,29929.812
231,000587.SZ,20200724,0.94,0.96,0.93,0.96,0.95,0.01,1.0526,244949.09,23164.215
232,000587.SZ,20200723,0.93,0.96,0.91,0.95,0.94,0.01,1.0638,274157.92,25614.916
233,000587.SZ,20200722,0.96,0.96,0.92,0.94,0.96,-0.02,-2.0833,295672.0,27947.584
234,000587.SZ,20200721,0.92,0.96,0.91,0.96,0.93,0.03,3.2258,331225.02,31284.978
235,000587.SZ,20200720,0.92,0.93,0.91,0.93,0.93,0.0,0.0,156482.42,14454.335
236,000587.SZ,20200717,0.91,0.94,0.9,0.93,0.92,0.01,1.087,244772.0,22549.829
237,000587.SZ,20200716,0.92,0.94,0.91,0.92,0.93,-0.01,-1.0753,310374.36,28826.856
238,000587.SZ,20200715,0.91,0.94,0.91,0.93,0.93,0.0,0.0,237370.0,21909.048
239,000587.SZ,20200714,0.94,0.95,0.92,0.93,0.95,-0.02,-2.1053,234354.0,21829.608
240,000587.SZ,20200713,0.94,0.96,0.93,0.95,0.95,0.0,0.0,239903.31,22627.47
241,000587.SZ,20200710,0.94,0.97,0.92,0.95,0.95,0.0,0.0,330782.0,31403.085
242,000587.SZ,20200709,0.92,0.95,0.91,0.95,0.92,0.03,3.2609,350290.68,32473.668
243,000587.SZ,20200708,0.92,0.93,0.91,0.92,0.92,0.0,0.0,191176.24,17495.24
244,000587.SZ,20200707,0.92,0.93,0.91,0.92,0.93,-0.01,-1.0753,226273.0,20749.504
245,000587.SZ,20200706,0.91,0.95,0.91,0.93,0.91,0.02,2.1978,322063.02,29983.605
246,000587.SZ,20200703,0.92,0.94,0.91,0.91,0.95,-0.04,-4.2105,256900.68,23585.448
247,000587.SZ,20200702,0.97,0.98,0.95,0.95,1.0,-0.05,-5.0,116068.0,11088.262
248,000587.SZ,20200701,0.97,1.0,0.94,1.0,0.96,0.04,4.1667,967841.14,94549.586
249,000587.SZ,20200630,0.94,0.96,0.93,0.96,0.93,0.03,3.2258,427330.22,40445.937
250,000587.SZ,20200629,0.9,0.95,0.89,0.93,0.91,0.02,2.1978,430234.28,39831.854
251,000587.SZ,20200624,0.87,0.91,0.87,0.91,0.87,0.04,4.5977,530269.06,47217.986
252,000587.SZ,20200623,0.89,0.92,0.86,0.87,0.91,-0.04,-4.3956,371112.0,32739.179
253,000587.SZ,20200622,0.86,0.94,0.86,0.91,0.9,0.01,1.1111,835038.36,74377.72
254,000587.SZ,20200619,0.86,0.93,0.86,0.9,0.9,0.0,0.0,476184.88,42026.61
255,000587.SZ,20200618,0.96,0.98,0.9,0.9,0.95,-0.05,-5.2632,571665.82,52708.407
256,000587.SZ,20200617,0.91,0.95,0.9,0.95,0.9,0.05,5.5556,289256.22,27240.039
257,000587.SZ,20200616,0.86,0.9,0.86,0.9,0.86,0.04,4.6512,294628.24,26177.483
258,000587.SZ,20200615,0.83,0.88,0.83,0.86,0.87,-0.01,-1.1494,232417.6,19935.972
259,000587.SZ,20200612,0.83,0.9,0.82,0.87,0.86,0.01,1.1628,302294.0,26122.89
260,000587.SZ,20200611,0.87,0.89,0.86,0.86,0.9,-0.04,-4.4444,341804.78,29639.314
261,000587.SZ,20200610,0.92,0.93,0.9,0.9,0.95,-0.05,-5.2632,623801.0,56622.972
262,000587.SZ,20200609,0.86,0.95,0.86,0.95,0.9,0.05,5.5556,774134.94,69765.39
263,000587.SZ,20200608,0.9,0.9,0.9,0.9,0.95,-0.05,-5.2632,39163.0,3524.67
264,000587.SZ,20200605,0.96,0.98,0.95,0.95,1.0,-0.05,-5.0,311989.0,29839.635
265,000587.SZ,20200604,0.99,1.0,0.91,1.0,0.95,0.05,5.2632,1225781.03,118163.497
266,000587.SZ,20200603,0.93,0.95,0.92,0.95,0.9,0.05,5.5556,131785.23,12422.031
267,000587.SZ,20200602,0.89,0.9,0.87,0.9,0.86,0.04,4.6512,234244.63,20975.55
268,000587.SZ,20200601,0.84,0.86,0.8,0.86,0.82,0.04,4.878,630607.02,53494.197
269,000587.SZ,20200529,0.82,0.82,0.82,0.82,0.78,0.04,5.1282,43298.42,3550.47
270,000587.SZ,20200528,0.76,0.78,0.74,0.78,0.74,0.04,5.4054,267281.56,20547.194
271,000587.SZ,20200527,0.74,0.74,0.67,0.74,0.7,0.04,5.7143,680847.13,48946.549
272,000587.SZ,20200526,0.7,0.7,0.7,0.7,0.67,0.03,4.4776,262818.37,18397.285
273,000587.SZ,20200525,0.67,0.67,0.67,0.67,0.7,-0.03,-4.2857,56595.0,3791.865
274,000587.SZ,20200522,0.7,0.7,0.7,0.7,0.74,-0.04,-5.4054,67182.0,4702.74
275,000587.SZ,20200521,0.74,0.76,0.74,0.74,0.78,-0.04,-5.1282,295995.0,21959.361
276,000587.SZ,20200520,0.78,0.82,0.78,0.78,0.82,-0.04,-4.878,819248.45,64311.021
277,000587.SZ,20200519,0.83,0.85,0.82,0.82,0.86,-0.04,-4.6512,274261.37,22564.82
278,000587.SZ,20200518,0.89,0.9,0.86,0.86,0.91,-0.05,-5.4945,606327.23,52441.868
279,000587.SZ,20200515,0.93,0.95,0.91,0.91,0.96,-0.05,-5.2083,528476.48,48499.381
280,000587.SZ,20200514,0.96,0.99,0.96,0.96,1.01,-0.05,-4.9505,463235.82,44665.489
281,000587.SZ,20200513,1.1,1.1,1.0,1.01,1.05,-0.04,-3.8095,720713.82,74449.774
282,000587.SZ,20200512,1.05,1.05,1.02,1.05,1.0,0.05,5.0,154309.14,16175.3
283,000587.SZ,20200511,1.0,1.03,1.0,1.0,1.05,-0.05,-4.7619,535864.08,53722.795
284,000587.SZ,20200508,1.05,1.05,1.05,1.05,1.1,-0.05,-4.5455,165523.0,17379.915
285,000587.SZ,20200507,1.1,1.1,1.1,1.1,1.16,-0.06,-5.1724,36586.0,4024.46
286,000587.SZ,20200430,1.18,1.19,1.15,1.16,1.17,-0.01,-0.8547,184207.0,21532.269
287,000587.SZ,20200429,1.14,1.19,1.09,1.17,1.14,0.03,2.6316,315863.1,36819.872
288,000587.SZ,20200428,1.22,1.25,1.13,1.14,1.25,-0.11,-8.8,331021.0,38649.745
289,000587.SZ,20200427,1.29,1.29,1.18,1.25,1.31,-0.06,-4.5802,411232.11,50232.126
290,000587.SZ,20200424,1.36,1.36,1.3,1.31,1.36,-0.05,-3.6765,225755.21,29901.238
291,000587.SZ,20200423,1.38,1.4,1.35,1.36,1.39,-0.03,-2.1583,187477.02,25804.552
292,000587.SZ,20200422,1.39,1.4,1.37,1.39,1.4,-0.01,-0.7143,111119.24,15353.039
293,000587.SZ,20200421,1.38,1.42,1.37,1.4,1.38,0.02,1.4493,140742.0,19590.846
294,000587.SZ,20200420,1.41,1.42,1.37,1.38,1.41,-0.03,-2.1277,185745.0,25720.285
295,000587.SZ,20200417,1.44,1.44,1.4,1.41,1.45,-0.04,-2.7586,264045.8,37519.109
296,000587.SZ,20200416,1.46,1.46,1.43,1.45,1.46,-0.01,-0.6849,143601.11,20785.809
297,000587.SZ,20200415,1.49,1.49,1.44,1.46,1.49,-0.03,-2.0134,180663.0,26443.283
298,000587.SZ,20200414,1.46,1.52,1.45,1.49,1.44,0.05,3.4722,227392.22,33841.932
299,000587.SZ,20200413,1.47,1.48,1.44,1.44,1.49,-0.05,-3.3557,172246.0,25136.747
300,000587.SZ,20200410,1.53,1.54,1.48,1.49,1.51,-0.02,-1.3245,235912.91,35639.834
301,000587.SZ,20200409,1.52,1.53,1.5,1.51,1.52,-0.01,-0.6579,161429.2,24442.404
302,000587.SZ,20200408,1.53,1.54,1.51,1.52,1.55,-0.03,-1.9355,243540.0,37063.034
303,000587.SZ,20200407,1.52,1.57,1.52,1.55,1.53,0.02,1.3072,337994.11,52283.866
304,000587.SZ,20200403,1.51,1.58,1.51,1.53,1.53,0.0,0.0,239582.89,36974.204
305,000587.SZ,20200402,1.52,1.55,1.49,1.53,1.56,-0.03,-1.9231,207593.8,31526.975
306,000587.SZ,20200401,1.5,1.58,1.46,1.56,1.52,0.04,2.6316,286873.93,43121.161
307,000587.SZ,20200331,1.55,1.57,1.51,1.52,1.55,-0.03,-1.9355,169339.04,25929.929
308,000587.SZ,20200330,1.59,1.6,1.54,1.55,1.62,-0.07,-4.321,236080.06,36727.297
309,000587.SZ,20200327,1.62,1.66,1.59,1.62,1.62,0.0,0.0,289379.0,46878.915
310,000587.SZ,20200326,1.62,1.67,1.61,1.62,1.64,-0.02,-1.2195,273411.98,44507.524
311,000587.SZ,20200325,1.66,1.72,1.63,1.64,1.62,0.02,1.2346,420677.23,70038.713
312,000587.SZ,20200324,1.64,1.68,1.59,1.62,1.53,0.09,5.8824,443769.25,71965.119
313,000587.SZ,20200323,1.57,1.6,1.53,1.53,1.61,-0.08,-4.9689,240998.02,37666.681
314,000587.SZ,20200320,1.53,1.65,1.51,1.61,1.53,0.08,5.2288,318442.15,49985.905
315,000587.SZ,20200319,1.51,1.53,1.49,1.53,1.53,0.0,0.0,166574.22,25195.272
316,000587.SZ,20200318,1.58,1.59,1.52,1.53,1.55,-0.02,-1.2903,195144.0,30345.655
317,000587.SZ,20200317,1.57,1.61,1.48,1.55,1.59,-0.04,-2.5157,282414.0,43367.274
318,000587.SZ,20200316,1.66,1.67,1.58,1.59,1.64,-0.05,-3.0488,244883.44,39912.276
319,000587.SZ,20200313,1.57,1.65,1.51,1.64,1.67,-0.03,-1.7964,316888.73,50488.271
320,000587.SZ,20200312,1.7,1.7,1.65,1.67,1.73,-0.06,-3.4682,276330.34,46265.468
321,000587.SZ,20200311,1.73,1.79,1.73,1.73,1.75,-0.02,-1.1429,267717.0,46842.906
322,000587.SZ,20200310,1.7,1.75,1.61,1.75,1.76,-0.01,-0.5682,406294.59,68868.647
323,000587.SZ,20200309,1.86,1.87,1.75,1.76,1.83,-0.07,-3.8251,462978.34,83014.18
324,000587.SZ,20200306,1.82,1.88,1.8,1.83,1.82,0.01,0.5495,537753.28,98712.261
325,000587.SZ,20200305,1.73,1.9,1.73,1.82,1.76,0.06,3.4091,587413.27,105781.59
326,000587.SZ,20200304,1.77,1.81,1.75,1.76,1.73,0.03,1.7341,436461.91,77650.839
327,000587.SZ,20200303,1.74,1.78,1.72,1.73,1.74,-0.01,-0.5747,440435.04,77196.268
328,000587.SZ,20200302,1.66,1.76,1.66,1.74,1.73,0.01,0.578,477643.22,82193.894
329,000587.SZ,20200228,1.84,1.89,1.7,1.73,1.89,-0.16,-8.4656,762222.94,137747.738
330,000587.SZ,20200227,1.83,1.92,1.81,1.89,1.85,0.04,2.1622,673519.91,125542.784
331,000587.SZ,20200226,1.84,1.95,1.82,1.85,1.89,-0.04,-2.1164,759983.12,142044.097
332,000587.SZ,20200225,1.75,2.02,1.75,1.89,1.85,0.04,2.1622,1188125.02,223354.297
333,000587.SZ,20200224,1.84,1.89,1.78,1.85,1.78,0.07,3.9326,859476.6,157649.988
334,000587.SZ,20200221,1.72,1.84,1.72,1.78,1.72,0.06,3.4884,836042.47,148273.259
335,000587.SZ,20200220,1.71,1.79,1.68,1.72,1.77,-0.05,-2.8249,717767.27,124328.227
336,000587.SZ,20200219,1.73,1.84,1.64,1.77,1.68,0.09,5.3571,1165090.17,200560.453
337,000587.SZ,20200218,1.54,1.68,1.53,1.68,1.53,0.15,9.8039,818405.07,132742.533
338,000587.SZ,20200217,1.5,1.54,1.5,1.53,1.51,0.02,1.3245,326814.84,49850.008
339,000587.SZ,20200214,1.55,1.56,1.5,1.51,1.55,-0.04,-2.5806,355944.15,54087.981
340,000587.SZ,20200213,1.53,1.57,1.52,1.55,1.53,0.02,1.3072,426152.3,65889.292
341,000587.SZ,20200212,1.51,1.54,1.5,1.53,1.52,0.01,0.6579,234552.0,35701.182
342,000587.SZ,20200211,1.54,1.55,1.51,1.52,1.56,-0.04,-2.5641,317688.94,48471.025
343,000587.SZ,20200210,1.48,1.58,1.48,1.56,1.51,0.05,3.3113,437758.26,66774.878
344,000587.SZ,20200207,1.48,1.58,1.46,1.51,1.49,0.02,1.3423,415943.82,63226.141
345,000587.SZ,20200206,1.49,1.5,1.45,1.49,1.49,0.0,0.0,372690.82,54885.131
346,000587.SZ,20200205,1.4,1.53,1.39,1.49,1.4,0.09,6.4286,435304.02,63855.105
347,000587.SZ,20200204,1.32,1.44,1.32,1.4,1.45,-0.05,-3.4483,463241.66,64378.401
348,000587.SZ,20200203,1.45,1.48,1.45,1.45,1.61,-0.16,-9.9379,198920.0,28868.128
349,000587.SZ,20200123,1.54,1.62,1.54,1.61,1.71,-0.1,-5.848,738890.58,116145.808
350,000587.SZ,20200122,1.71,1.71,1.71,1.71,1.9,-0.19,-10.0,191227.0,32699.817
351,000587.SZ,20200121,1.91,1.95,1.86,1.9,1.93,-0.03,-1.5544,321297.64,61363.231
352,000587.SZ,20200120,1.96,1.97,1.91,1.93,1.99,-0.06,-3.0151,300478.6,57971.159
353,000587.SZ,20200117,2.01,2.01,1.96,1.99,2.01,-0.02,-0.995,263919.9,52254.218
354,000587.SZ,20200116,2.0,2.04,1.99,2.01,1.98,0.03,1.5152,368452.02,74338.423
355,000587.SZ,20200115,2.03,2.04,1.97,1.98,2.04,-0.06,-2.9412,374901.22,74687.492
356,000587.SZ,20200114,2.03,2.06,2.01,2.04,2.04,0.0,0.0,378873.22,77269.222
357,000587.SZ,20200113,2.08,2.09,2.02,2.04,2.08,-0.04,-1.9231,485067.3,99029.832
358,000587.SZ,20200110,2.12,2.16,2.06,2.08,2.17,-0.09,-4.1475,706857.36,148446.055
359,000587.SZ,20200109,2.14,2.25,2.14,2.17,2.38,-0.21,-8.8235,1327026.62,289826.128
360,000587.SZ,20200108,2.31,2.4,2.22,2.38,2.2,0.18,8.1818,1768850.3,412082.523
361,000587.SZ,20200107,2.12,2.29,2.07,2.2,2.22,-0.02,-0.9009,1470146.03,321733.426
362,000587.SZ,20200106,2.2,2.22,2.06,2.22,2.02,0.2,9.901,1598854.06,341719.239
363,000587.SZ,20200103,1.83,2.02,1.83,2.02,1.84,0.18,9.7826,822600.93,162537.96
364,000587.SZ,20200102,1.82,1.85,1.82,1.84,1.82,0.02,1.0989,278207.0,51050.637
365,000587.SZ,20191231,1.81,1.85,1.79,1.82,1.81,0.01,0.5525,239748.0,43586.816
366,000587.SZ,20191230,1.81,1.82,1.77,1.81,1.83,-0.02,-1.0929,274481.89,49283.41
367,000587.SZ,20191227,1.8,1.85,1.8,1.83,1.8,0.03,1.6667,472729.02,86567.136
368,000587.SZ,20191226,1.8,1.83,1.77,1.8,1.8,0.0,0.0,247996.84,44579.645
369,000587.SZ,20191225,1.8,1.83,1.79,1.8,1.79,0.01,0.5587,236556.4,42726.946
370,000587.SZ,20191224,1.77,1.79,1.75,1.79,1.76,0.03,1.7045,194364.14,34445.156
371,000587.SZ,20191223,1.82,1.82,1.75,1.76,1.82,-0.06,-3.2967,293416.83,52129.233
372,000587.SZ,20191220,1.88,1.88,1.82,1.82,1.83,-0.01,-0.5464,349122.22,64339.112
373,000587.SZ,20191219,1.8,1.84,1.79,1.83,1.82,0.01,0.5495,391474.43,71415.369
374,000587.SZ,20191218,1.77,1.84,1.75,1.82,1.77,0.05,2.8249,475191.1,86069.756
375,000587.SZ,20191217,1.73,1.78,1.73,1.77,1.74,0.03,1.7241,319572.4,56271.809
376,000587.SZ,20191216,1.73,1.75,1.71,1.74,1.73,0.01,0.578,208049.68,35912.239
377,000587.SZ,20191213,1.71,1.74,1.7,1.73,1.73,0.0,0.0,218889.67,37719.648
378,000587.SZ,20191212,1.78,1.79,1.72,1.73,1.77,-0.04,-2.2599,263253.0,45980.307
379,000587.SZ,20191211,1.78,1.79,1.76,1.77,1.79,-0.02,-1.1173,198515.08,35142.593
380,000587.SZ,20191210,1.79,1.8,1.77,1.79,1.79,0.0,0.0,192450.0,34279.34
381,000587.SZ,20191209,1.79,1.81,1.78,1.79,1.81,-0.02,-1.105,169511.64,30369.248
382,000587.SZ,20191206,1.78,1.82,1.78,1.81,1.8,0.01,0.5556,204893.2,36833.727
383,000587.SZ,20191205,1.78,1.81,1.77,1.8,1.81,-0.01,-0.5525,284123.24,50675.239
384,000587.SZ,20191204,1.79,1.84,1.79,1.81,1.75,0.06,3.4286,429410.08,77984.864
385,000587.SZ,20191203,1.74,1.79,1.72,1.75,1.72,0.03,1.7442,218565.75,38410.731
386,000587.SZ,20191202,1.77,1.78,1.72,1.72,1.77,-0.05,-2.8249,198716.55,34685.102
387,000587.SZ,20191129,1.8,1.8,1.76,1.77,1.8,-0.03,-1.6667,199712.0,35393.372
388,000587.SZ,20191128,1.77,1.83,1.76,1.8,1.79,0.01,0.5587,249598.32,44977.24
389,000587.SZ,20191127,1.78,1.8,1.76,1.79,1.8,-0.01,-0.5556,220328.0,39224.308
390,000587.SZ,20191126,1.75,1.84,1.74,1.8,1.77,0.03,1.6949,319654.04,57304.563
391,000587.SZ,20191125,1.79,1.82,1.77,1.77,1.82,-0.05,-2.7473,302686.32,54155.809
392,000587.SZ,20191122,1.8,1.88,1.76,1.82,1.81,0.01,0.5525,569332.56,103763.22
393,000587.SZ,20191121,1.88,1.92,1.78,1.81,1.87,-0.06,-3.2086,744238.44,137878.829
394,000587.SZ,20191120,1.69,1.87,1.67,1.87,1.7,0.17,10.0,634423.17,114214.671
395,000587.SZ,20191119,1.64,1.71,1.63,1.7,1.67,0.03,1.7964,198359.2,33461.511
396,000587.SZ,20191118,1.66,1.67,1.58,1.67,1.69,-0.02,-1.1834,253262.2,41579.468
397,000587.SZ,20191115,1.72,1.74,1.68,1.69,1.74,-0.05,-2.8736,178851.7,30574.413
398,000587.SZ,20191114,1.73,1.79,1.69,1.74,1.75,-0.01,-0.5714,265728.22,45974.524
399,000587.SZ,20191113,1.71,1.8,1.69,1.75,1.71,0.04,2.3392,316837.26,55981.998
400,000587.SZ,20191112,1.67,1.73,1.67,1.71,1.69,0.02,1.1834,154647.0,26315.792
401,000587.SZ,20191111,1.76,1.76,1.68,1.69,1.77,-0.08,-4.5198,214490.0,36604.693
402,000587.SZ,20191108,1.78,1.8,1.76,1.77,1.8,-0.03,-1.6667,161574.0,28725.329
403,000587.SZ,20191107,1.78,1.83,1.78,1.8,1.79,0.01,0.5587,150394.26,27174.3
404,000587.SZ,20191106,1.84,1.85,1.77,1.79,1.85,-0.06,-3.2432,222457.0,40251.159
405,000587.SZ,20191105,1.86,1.87,1.84,1.85,1.87,-0.02,-1.0695,121122.7,22407.577
406,000587.SZ,20191104,1.87,1.89,1.85,1.87,1.87,0.0,0.0,151784.38,28396.628
407,000587.SZ,20191101,1.88,1.9,1.82,1.87,1.87,0.0,0.0,168283.32,31484.556
408,000587.SZ,20191031,1.92,1.92,1.86,1.87,1.92,-0.05,-2.6042,182988.84,34388.346
409,000587.SZ,20191030,1.89,1.93,1.86,1.92,1.95,-0.03,-1.5385,229606.04,43475.108
410,000587.SZ,20191029,1.98,1.99,1.94,1.95,2.0,-0.05,-2.5,210767.0,41228.451
411,000587.SZ,20191028,1.98,2.0,1.96,2.0,2.0,0.0,0.0,206750.0,41019.221
412,000587.SZ,20191025,1.97,2.05,1.95,2.0,1.96,0.04,2.0408,256895.51,51541.086
413,000587.SZ,20191024,2.0,2.02,1.94,1.96,2.04,-0.08,-3.9216,298298.83,58907.412
414,000587.SZ,20191023,1.9,2.09,1.89,2.04,1.9,0.14,7.3684,537873.79,109176.847
415,000587.SZ,20191022,1.89,1.91,1.88,1.9,1.91,-0.01,-0.5236,124907.67,23678.685
416,000587.SZ,20191021,1.95,1.96,1.85,1.91,1.95,-0.04,-2.0513,221504.05,41979.983
417,000587.SZ,20191018,1.98,2.0,1.94,1.95,1.98,-0.03,-1.5152,180129.0,35424.669
418,000587.SZ,20191017,1.98,2.0,1.96,1.98,2.0,-0.02,-1.0,193101.02,38207.107
419,000587.SZ,20191016,2.06,2.07,1.99,2.0,2.06,-0.06,-2.9126,251939.0,50980.57
420,000587.SZ,20191015,2.06,2.07,2.05,2.06,2.09,-0.03,-1.4354,158605.14,32647.954
421,000587.SZ,20191014,2.07,2.09,2.05,2.09,2.07,0.02,0.9662,216559.02,44989.501
422,000587.SZ,20191011,2.06,2.08,2.04,2.07,2.08,-0.01,-0.4808,188773.0,38839.792
423,000587.SZ,20191010,2.08,2.09,2.07,2.08,2.09,-0.01,-0.4785,156701.93,32563.256
424,000587.SZ,20191009,2.05,2.1,2.04,2.09,2.05,0.04,1.9512,172899.0,35973.996
425,000587.SZ,20191008,2.07,2.09,2.04,2.05,2.07,-0.02,-0.9662,142440.0,29428.649
426,000587.SZ,20190930,2.08,2.11,2.07,2.07,2.09,-0.02,-0.9569,124688.91,25992.17
427,000587.SZ,20190927,2.04,2.1,2.01,2.09,2.05,0.04,1.9512,197535.05,40927.743
428,000587.SZ,20190926,2.12,2.14,2.05,2.05,2.14,-0.09,-4.2056,279902.0,58642.31
429,000587.SZ,20190925,2.2,2.2,2.13,2.14,2.19,-0.05,-2.2831,232324.0,50213.443
430,000587.SZ,20190924,2.2,2.22,2.19,2.19,2.2,-0.01,-0.4545,178591.0,39302.781
431,000587.SZ,20190923,2.22,2.23,2.18,2.2,2.24,-0.04,-1.7857,245571.02,54075.34
432,000587.SZ,20190920,2.21,2.25,2.21,2.24,2.25,-0.01,-0.4444,207344.0,46305.201
433,000587.SZ,20190919,2.26,2.27,2.22,2.25,2.28,-0.03,-1.3158,202048.91,45321.916
434,000587.SZ,20190918,2.28,2.29,2.27,2.28,2.27,0.01,0.4405,178231.0,40601.595
435,000587.SZ,20190917,2.32,2.33,2.26,2.27,2.35,-0.08,-3.4043,364176.0,83573.055
436,000587.SZ,20190916,2.3,2.39,2.29,2.35,2.3,0.05,2.1739,539032.0,125464.865
437,000587.SZ,20190912,2.32,2.32,2.29,2.3,2.33,-0.03,-1.2876,257336.6,59173.49
438,000587.SZ,20190911,2.31,2.33,2.3,2.33,2.33,0.0,0.0,307328.0,71235.393
439,000587.SZ,20190910,2.3,2.34,2.29,2.33,2.32,0.01,0.431,333652.06,77324.797
440,000587.SZ,20190909,2.31,2.33,2.29,2.32,2.3,0.02,0.8696,289642.15,66918.234
441,000587.SZ,20190906,2.31,2.32,2.28,2.3,2.36,-0.06,-2.5424,398867.02,91860.284
442,000587.SZ,20190905,2.3,2.42,2.3,2.36,2.32,0.04,1.7241,578843.38,135973.588
443,000587.SZ,20190904,2.33,2.35,2.31,2.32,2.3,0.02,0.8696,437516.64,101949.249
444,000587.SZ,20190903,2.25,2.34,2.24,2.3,2.28,0.02,0.8772,386748.43,88610.168
445,000587.SZ,20190902,2.34,2.34,2.17,2.28,2.36,-0.08,-3.3898,631804.55,142791.556
446,000587.SZ,20190830,2.41,2.44,2.35,2.36,2.47,-0.11,-4.4534,566101.06,136157.882
447,000587.SZ,20190829,2.43,2.49,2.41,2.47,2.45,0.02,0.8163,619956.54,152099.745
448,000587.SZ,20190828,2.47,2.52,2.44,2.45,2.48,-0.03,-1.2097,566003.0,140121.423
449,000587.SZ,20190827,2.42,2.5,2.4,2.48,2.46,0.02,0.813,653816.67,160187.301
450,000587.SZ,20190826,2.51,2.55,2.45,2.46,2.44,0.02,0.8197,771963.69,192989.138
451,000587.SZ,20190823,2.43,2.51,2.39,2.44,2.45,-0.01,-0.4082,592650.16,145191.147
452,000587.SZ,20190822,2.48,2.49,2.43,2.45,2.5,-0.05,-2.0,514248.05,126316.442
453,000587.SZ,20190821,2.53,2.57,2.49,2.5,2.57,-0.07,-2.7237,664208.73,167630.518
454,000587.SZ,20190820,2.45,2.61,2.42,2.57,2.49,0.08,3.2129,1005335.67,252266.416
455,000587.SZ,20190819,2.45,2.5,2.42,2.49,2.51,-0.02,-0.7968,661269.74,162681.433
456,000587.SZ,20190816,2.51,2.55,2.46,2.51,2.53,-0.02,-0.7905,807240.07,201452.591
457,000587.SZ,20190815,2.6,2.71,2.5,2.53,2.51,0.02,0.7968,1416409.11,367006.544
458,000587.SZ,20190814,2.44,2.53,2.41,2.51,2.55,-0.04,-1.5686,1334034.37,329578.262
459,000587.SZ,20190813,2.37,2.55,2.34,2.55,2.32,0.23,9.9138,1199244.19,296949.573
460,000587.SZ,20190812,2.38,2.38,2.29,2.32,2.37,-0.05,-2.1097,449218.36,104199.515
461,000587.SZ,20190809,2.35,2.45,2.32,2.37,2.4,-0.03,-1.25,643123.36,153298.988
462,000587.SZ,20190808,2.4,2.49,2.3,2.4,2.4,0.0,0.0,860579.66,206063.579
463,000587.SZ,20190807,2.33,2.5,2.33,2.4,2.38,0.02,0.8403,972645.58,234910.906
464,000587.SZ,20190806,2.45,2.54,2.36,2.38,2.34,0.04,1.7094,1591677.85,388014.087
465,000587.SZ,20190805,2.11,2.34,2.11,2.34,2.13,0.21,9.8592,677912.62,153528.395
466,000587.SZ,20190802,2.16,2.19,2.11,2.13,2.13,0.0,0.0,317884.71,68311.785
467,000587.SZ,20190801,2.12,2.17,2.11,2.13,2.21,-0.08,-3.6199,310298.9,66474.873
468,000587.SZ,20190731,2.24,2.24,2.19,2.21,2.25,-0.04,-1.7778,223565.15,49434.697
469,000587.SZ,20190730,2.22,2.25,2.19,2.25,2.22,0.03,1.3514,378795.24,84113.28
470,000587.SZ,20190729,2.24,2.25,2.18,2.22,2.23,-0.01,-0.4484,281339.43,62277.149
471,000587.SZ,20190726,2.22,2.27,2.21,2.23,2.25,-0.02,-0.8889,185525.61,41505.578
472,000587.SZ,20190725,2.26,2.26,2.22,2.25,2.27,-0.02,-0.8811,191814.21,42924.966
473,000587.SZ,20190724,2.19,2.3,2.19,2.27,2.22,0.05,2.2523,312417.79,70264.46
474,000587.SZ,20190723,2.15,2.22,2.13,2.22,2.17,0.05,2.3041,204934.81,44615.097
475,000587.SZ,20190722,2.24,2.24,2.16,2.17,2.28,-0.11,-4.8246,359227.82,78393.178
476,000587.SZ,20190719,2.3,2.33,2.27,2.28,2.25,0.03,1.3333,394643.71,90591.458
477,000587.SZ,20190718,2.31,2.36,2.25,2.25,2.26,-0.01,-0.4425,422763.0,97210.591
478,000587.SZ,20190717,2.26,2.29,2.24,2.26,2.3,-0.04,-1.7391,337776.46,76352.105
479,000587.SZ,20190716,2.24,2.37,2.21,2.3,2.26,0.04,1.7699,506069.0,115799.423
480,000587.SZ,20190715,2.22,2.28,2.16,2.26,2.32,-0.06,-2.5862,441319.67,98079.904
481,000587.SZ,20190712,2.32,2.38,2.3,2.32,2.4,-0.08,-3.3333,697528.27,162198.441
482,000587.SZ,20190711,2.24,2.4,2.22,2.4,2.18,0.22,10.0917,903705.79,211732.029
483,000587.SZ,20190710,2.23,2.25,2.15,2.18,2.25,-0.07,-3.1111,315219.94,69376.874
484,000587.SZ,20190709,2.25,2.28,2.2,2.25,2.28,-0.03,-1.3158,287559.21,64474.079
485,000587.SZ,20190708,2.38,2.4,2.25,2.28,2.43,-0.15,-6.1728,454995.34,104623.45
486,000587.SZ,20190705,2.4,2.44,2.34,2.43,2.4,0.03,1.25,371420.21,88911.111
487,000587.SZ,20190704,2.45,2.53,2.38,2.4,2.48,-0.08,-3.2258,541806.11,132388.043
488,000587.SZ,20190703,2.63,2.66,2.47,2.48,2.52,-0.04,-1.5873,664986.37,169392.982
489,000587.SZ,20190702,2.51,2.58,2.45,2.52,2.54,-0.02,-0.7874,637637.0,159832.419
490,000587.SZ,20190701,2.44,2.57,2.41,2.54,2.58,-0.04,-1.5504,726918.46,181653.56
491,000587.SZ,20190628,2.6,2.71,2.56,2.58,2.57,0.01,0.3891,819435.4,215597.565
492,000587.SZ,20190627,2.52,2.65,2.46,2.57,2.56,0.01,0.3906,801807.84,204790.868
493,000587.SZ,20190626,2.6,2.68,2.56,2.56,2.84,-0.28,-9.8592,1219340.36,316428.451
494,000587.SZ,20190625,2.82,3.0,2.79,2.84,2.74,0.1,3.6496,1757109.32,506024.833
495,000587.SZ,20190624,2.8,2.93,2.7,2.74,2.68,0.06,2.2388,1790456.83,502257.585
496,000587.SZ,20190621,2.5,2.68,2.42,2.68,2.44,0.24,9.8361,868513.71,224890.553
497,000587.SZ,20190620,2.5,2.58,2.42,2.44,2.41,0.03,1.2448,1046284.47,259330.039
498,000587.SZ,20190619,2.35,2.5,2.35,2.41,2.47,-0.06,-2.4291,1084359.6,262575.478
499,000587.SZ,20190618,2.27,2.55,2.18,2.47,2.32,0.15,6.4655,1317492.74,311532.923
500,000587.SZ,20190617,2.41,2.48,2.32,2.32,2.58,-0.26,-10.0775,1073077.05,253731.052
501,000587.SZ,20190614,2.67,2.77,2.42,2.58,2.52,0.06,2.381,1896607.08,494420.033
502,000587.SZ,20190613,2.52,2.52,2.38,2.52,2.29,0.23,10.0437,392542.15,98235.704
503,000587.SZ,20190612,2.08,2.29,2.07,2.29,2.08,0.21,10.0962,351743.09,77951.997
504,000587.SZ,20190611,1.97,2.09,1.96,2.08,1.98,0.1,5.0505,295730.36,60210.136
505,000587.SZ,20190610,1.96,2.0,1.96,1.98,1.97,0.01,0.5076,210249.18,41583.554
506,000587.SZ,20190606,2.06,2.07,1.95,1.97,2.07,-0.1,-4.8309,319198.96,63374.702
507,000587.SZ,20190605,2.06,2.08,2.04,2.07,2.06,0.01,0.4854,246661.99,50888.623
508,000587.SZ,20190604,2.14,2.15,2.04,2.06,2.12,-0.06,-2.8302,318691.55,66545.775
509,000587.SZ,20190603,2.16,2.2,2.1,2.12,2.13,-0.01,-0.4695,475298.73,102139.619
510,000587.SZ,20190531,2.14,2.18,2.12,2.13,2.13,0.0,0.0,233310.38,50070.431
511,000587.SZ,20190530,2.17,2.18,2.1,2.13,2.16,-0.03,-1.3889,252425.71,53897.704
512,000587.SZ,20190529,2.18,2.21,2.16,2.16,2.18,-0.02,-0.9174,264427.32,57646.506
513,000587.SZ,20190528,2.21,2.24,2.16,2.18,2.19,-0.01,-0.4566,236847.04,52153.377
514,000587.SZ,20190527,2.13,2.2,2.08,2.19,2.11,0.08,3.7915,354849.76,76665.785
515,000587.SZ,20190524,2.19,2.21,2.11,2.11,2.16,-0.05,-2.3148,338755.19,72566.219
516,000587.SZ,20190523,2.2,2.26,2.15,2.16,2.23,-0.07,-3.139,386272.76,85029.269
517,000587.SZ,20190522,2.28,2.35,2.21,2.23,2.23,0.0,0.0,460673.47,104755.16
518,000587.SZ,20190521,2.16,2.25,2.13,2.23,2.16,0.07,3.2407,442111.88,97544.324
519,000587.SZ,20190520,2.36,2.38,2.14,2.16,2.38,-0.22,-9.2437,641780.83,139651.008
520,000587.SZ,20190517,2.41,2.48,2.35,2.38,2.45,-0.07,-2.8571,452795.5,109703.687
521,000587.SZ,20190516,2.53,2.54,2.34,2.45,2.6,-0.15,-5.7692,674707.45,163700.875
522,000587.SZ,20190515,2.57,2.61,2.55,2.6,2.58,0.02,0.7752,299851.54,77354.506
523,000587.SZ,20190514,2.58,2.67,2.57,2.58,2.56,0.02,0.7813,347947.7,91277.516
524,000587.SZ,20190513,2.6,2.63,2.54,2.56,2.62,-0.06,-2.2901,203214.08,52572.698
525,000587.SZ,20190510,2.56,2.64,2.49,2.62,2.56,0.06,2.3438,319136.0,82784.565
526,000587.SZ,20190509,2.63,2.69,2.56,2.56,2.66,-0.1,-3.7594,318261.0,83640.032
527,000587.SZ,20190508,2.52,2.73,2.47,2.66,2.55,0.11,4.3137,448131.09,117080.559
528,000587.SZ,20190507,2.51,2.56,2.47,2.55,2.47,0.08,3.2389,265577.02,66853.732
529,000587.SZ,20190506,2.65,2.67,2.44,2.47,2.71,-0.24,-8.8561,455272.02,116417.802
530,000587.SZ,20190430,2.55,2.77,2.55,2.71,2.71,0.0,0.0,503999.14,135559.273
531,000587.SZ,20190429,2.95,2.99,2.71,2.71,3.01,-0.3,-9.9668,647572.22,178818.123
532,000587.SZ,20190426,3.06,3.1,3.0,3.01,3.09,-0.08,-2.589,374116.84,113981.614
533,000587.SZ,20190425,3.28,3.32,3.08,3.09,3.31,-0.22,-6.6465,509305.81,162514.956
534,000587.SZ,20190424,3.23,3.31,3.21,3.31,3.25,0.06,1.8462,345644.97,112819.786
535,000587.SZ,20190423,3.45,3.45,3.22,3.25,3.46,-0.21,-6.0694,709637.81,234039.885
536,000587.SZ,20190422,3.44,3.59,3.43,3.46,3.44,0.02,0.5814,806305.93,282576.487
537,000587.SZ,20190419,3.48,3.49,3.37,3.44,3.46,-0.02,-0.578,406567.48,139174.315
538,000587.SZ,20190418,3.43,3.49,3.4,3.46,3.44,0.02,0.5814,484375.98,166148.534
539,000587.SZ,20190417,3.31,3.49,3.3,3.44,3.34,0.1,2.994,695734.21,237261.524
540,000587.SZ,20190416,3.15,3.34,3.12,3.34,3.21,0.13,4.0498,494483.36,160436.829
541,000587.SZ,20190415,3.33,3.38,3.21,3.21,3.29,-0.08,-2.4316,472818.12,156586.824
542,000587.SZ,20190412,3.36,3.38,3.26,3.29,3.39,-0.1,-2.9499,470009.12,156135.584
543,000587.SZ,20190411,3.49,3.59,3.35,3.39,3.54,-0.15,-4.2373,822962.79,284928.546
544,000587.SZ,20190410,3.37,3.64,3.26,3.54,3.38,0.16,4.7337,1154513.11,402708.773
545,000587.SZ,20190409,3.3,3.43,3.27,3.38,3.29,0.09,2.7356,654129.42,220231.329
546,000587.SZ,20190408,3.38,3.39,3.22,3.29,3.35,-0.06,-1.791,510336.35,168975.176
547,000587.SZ,20190404,3.4,3.41,3.31,3.35,3.4,-0.05,-1.4706,530462.13,177844.291
548,000587.SZ,20190403,3.27,3.43,3.24,3.4,3.29,0.11,3.3435,685489.99,229537.815
549,000587.SZ,20190402,3.28,3.34,3.25,3.29,3.26,0.03,0.9202,480527.09,158180.735
550,000587.SZ,20190401,3.15,3.27,3.15,3.26,3.15,0.11,3.4921,444740.94,143483.541
551,000587.SZ,20190329,3.03,3.15,3.0,3.15,3.04,0.11,3.6184,467322.17,144113.383
552,000587.SZ,20190328,3.1,3.14,3.04,3.04,3.12,-0.08,-2.5641,375641.09,115880.789
553,000587.SZ,20190327,3.15,3.17,3.04,3.12,3.13,-0.01,-0.3195,376177.23,116798.649
554,000587.SZ,20190326,3.29,3.34,3.12,3.13,3.28,-0.15,-4.5732,630313.49,202793.667
555,000587.SZ,20190325,3.3,3.38,3.26,3.28,3.39,-0.11,-3.2448,459155.85,152434.061
556,000587.SZ,20190322,3.41,3.44,3.29,3.39,3.44,-0.05,-1.4535,571211.79,192262.715
557,000587.SZ,20190321,3.34,3.5,3.32,3.44,3.34,0.1,2.994,912790.02,312626.979
558,000587.SZ,20190320,3.37,3.39,3.23,3.34,3.4,-0.06,-1.7647,655877.9,217822.52
559,000587.SZ,20190319,3.36,3.44,3.29,3.4,3.38,0.02,0.5917,690750.89,233352.951
560,000587.SZ,20190318,3.31,3.38,3.25,3.38,3.29,0.09,2.7356,642846.3,212789.706
561,000587.SZ,20190315,3.26,3.38,3.24,3.29,3.26,0.03,0.9202,702680.99,231672.148
562,000587.SZ,20190314,3.44,3.49,3.2,3.26,3.48,-0.22,-6.3218,882261.39,292081.058
563,000587.SZ,20190313,3.61,3.65,3.4,3.48,3.61,-0.13,-3.6011,913849.12,322880.811
564,000587.SZ,20190312,3.6,3.73,3.51,3.61,3.62,-0.01,-0.2762,1229404.67,447221.74
565,000587.SZ,20190311,3.55,3.68,3.37,3.62,3.59,0.03,0.8357,1282125.13,454614.794
566,000587.SZ,20190308,3.8,4.08,3.56,3.59,3.76,-0.17,-4.5213,2309392.2,882631.321
567,000587.SZ,20190307,3.35,3.76,3.33,3.76,3.42,0.34,9.9415,1514207.6,541147.448
568,000587.SZ,20190306,3.24,3.47,3.17,3.42,3.21,0.21,6.5421,1645352.74,544917.509
569,000587.SZ,20190305,3.11,3.27,3.09,3.21,3.13,0.08,2.5559,1066255.4,339362.154
570,000587.SZ,20190304,3.05,3.22,3.04,3.13,3.07,0.06,1.9544,1030343.95,322735.841
571,000587.SZ,20190301,3.12,3.13,3.01,3.07,3.13,-0.06,-1.9169,757288.28,232213.05
572,000587.SZ,20190228,3.14,3.2,3.07,3.13,3.18,-0.05,-1.5723,857875.89,268411.316
573,000587.SZ,20190227,3.05,3.28,3.03,3.18,3.13,0.05,1.5974,1394796.15,439131.17
574,000587.SZ,20190226,3.13,3.31,3.03,3.13,3.09,0.04,1.2945,1384987.0,438429.874
575,000587.SZ,20190225,2.96,3.14,2.96,3.09,2.95,0.14,4.7458,1293492.77,394003.66
576,000587.SZ,20190222,2.9,2.97,2.85,2.95,2.97,-0.02,-0.6734,846152.44,246952.883
577,000587.SZ,20190221,2.84,3.05,2.82,2.97,2.89,0.08,2.7682,1201049.54,353561.997
578,000587.SZ,20190220,2.92,3.02,2.81,2.89,2.89,0.0,0.0,774331.23,225376.23
579,000587.SZ,20190219,2.76,2.97,2.73,2.89,2.76,0.13,4.7101,981379.84,280763.853
580,000587.SZ,20190218,2.66,2.81,2.66,2.76,2.68,0.08,2.9851,610767.02,167931.899
581,000587.SZ,20190215,2.66,2.73,2.65,2.68,2.69,-0.01,-0.3717,423491.65,114038.737
582,000587.SZ,20190214,2.67,2.74,2.62,2.69,2.66,0.03,1.1278,464406.08,123661.287
583,000587.SZ,20190213,2.61,2.68,2.6,2.66,2.66,0.0,0.0,492552.19,130291.611
584,000587.SZ,20190212,2.54,2.69,2.51,2.66,2.54,0.12,4.7244,620510.65,161673.358
585,000587.SZ,20190211,2.47,2.55,2.47,2.54,2.46,0.08,3.252,315805.08,79459.118
586,000587.SZ,20190201,2.37,2.47,2.36,2.46,2.35,0.11,4.6809,333006.02,80810.381
587,000587.SZ,20190131,2.34,2.43,2.33,2.35,2.38,-0.03,-1.2605,433579.46,103028.535
588,000587.SZ,20190130,2.43,2.49,2.38,2.38,2.5,-0.12,-4.8,408781.0,99493.045
589,000587.SZ,20190129,2.48,2.52,2.35,2.5,2.46,0.04,1.626,544368.83,133597.531
590,000587.SZ,20190128,2.53,2.57,2.46,2.46,2.59,-0.13,-5.0193,642164.68,161509.496
591,000587.SZ,20190125,2.85,2.86,2.59,2.59,2.88,-0.29,-10.0694,1076838.09,285262.276
592,000587.SZ,20190124,2.86,2.94,2.84,2.88,2.9,-0.02,-0.6897,488877.0,141098.03
593,000587.SZ,20190123,2.94,2.98,2.87,2.9,2.96,-0.06,-2.027,584336.91,170835.354
594,000587.SZ,20190122,2.99,3.01,2.86,2.96,2.99,-0.03,-1.0033,887233.82,261261.317
595,000587.SZ,20190121,2.99,3.07,2.96,2.99,3.04,-0.05,-1.6447,714201.27,214640.745
596,000587.SZ,20190118,3.18,3.25,3.01,3.04,3.24,-0.2,-6.1728,1150322.54,359618.512
597,000587.SZ,20190117,3.18,3.32,3.13,3.24,3.25,-0.01,-0.3077,1349680.18,433849.28
598,000587.SZ,20190116,3.05,3.37,3.01,3.25,3.13,0.12,3.8339,1736973.28,554307.2
599,000587.SZ,20190115,3.11,3.24,2.98,3.13,3.07,0.06,1.9544,2129229.8,665402.118
600,000587.SZ,20190114,2.8,3.07,2.77,3.07,2.79,0.28,10.0358,1605776.49,480245.392
601,000587.SZ,20190111,2.78,2.85,2.72,2.79,2.86,-0.07,-2.4476,815375.78,226877.235
602,000587.SZ,20190110,2.85,2.98,2.78,2.86,2.91,-0.05,-1.7182,1076459.94,310735.399
603,000587.SZ,20190109,2.74,2.96,2.7,2.91,2.82,0.09,3.1915,1308032.69,369292.476
604,000587.SZ,20190108,2.86,2.88,2.7,2.82,2.96,-0.14,-4.7297,1410921.19,395370.169
605,000587.SZ,20190107,2.79,3.09,2.74,2.96,2.81,0.15,5.3381,2134165.37,634280.112
606,000587.SZ,20190104,2.6,2.81,2.59,2.81,2.55,0.26,10.1961,1548407.83,420837.855
607,000587.SZ,20190103,2.34,2.55,2.29,2.55,2.32,0.23,9.9138,468279.92,114107.213
608,000587.SZ,20190102,2.37,2.37,2.31,2.32,2.35,-0.03,-1.2766,116328.0,27150.734
609,000587.SZ,20181228,2.34,2.38,2.33,2.35,2.33,0.02,0.8584,149830.63,35249.378
610,000587.SZ,20181227,2.45,2.45,2.33,2.33,2.41,-0.08,-3.3195,210281.02,50577.842
611,000587.SZ,20181226,2.45,2.46,2.41,2.41,2.45,-0.04,-1.6327,191423.02,46504.688
612,000587.SZ,20181225,2.51,2.53,2.39,2.45,2.53,-0.08,-3.1621,272769.02,66642.929
613,000587.SZ,20181224,2.52,2.54,2.48,2.53,2.52,0.01,0.3968,123671.0,31139.695
614,000587.SZ,20181221,2.55,2.58,2.51,2.52,2.54,-0.02,-0.7874,155686.38,39595.019
615,000587.SZ,20181220,2.54,2.58,2.52,2.54,2.55,-0.01,-0.3922,138660.0,35287.751
616,000587.SZ,20181219,2.58,2.6,2.53,2.55,2.59,-0.04,-1.5444,172787.0,44207.464
617,000587.SZ,20181218,2.53,2.68,2.53,2.59,2.55,0.04,1.5686,276616.48,72073.318
618,000587.SZ,20181217,2.53,2.55,2.48,2.55,2.55,0.0,0.0,161772.93,40840.054
619,000587.SZ,20181214,2.68,2.69,2.53,2.55,2.71,-0.16,-5.9041,331531.1,86700.499
620,000587.SZ,20181213,2.73,2.73,2.68,2.71,2.7,0.01,0.3704,155776.0,42238.602
621,000587.SZ,20181212,2.69,2.73,2.69,2.7,2.71,-0.01,-0.369,143932.0,38905.836
622,000587.SZ,20181211,2.67,2.71,2.65,2.71,2.66,0.05,1.8797,160400.86,43009.492
623,000587.SZ,20181210,2.67,2.74,2.64,2.66,2.68,-0.02,-0.7463,183851.0,49457.878
624,000587.SZ,20181207,2.72,2.74,2.67,2.68,2.72,-0.04,-1.4706,171035.93,46146.018
625,000587.SZ,20181206,2.72,2.77,2.71,2.72,2.73,-0.01,-0.3663,240212.0,65796.455
626,000587.SZ,20181205,2.73,2.78,2.71,2.73,2.79,-0.06,-2.1505,222613.0,61086.481
627,000587.SZ,20181204,2.76,2.8,2.73,2.79,2.77,0.02,0.722,245038.0,67863.409
628,000587.SZ,20181203,2.75,2.78,2.71,2.77,2.68,0.09,3.3582,311545.99,85808.248
629,000587.SZ,20181130,2.69,2.71,2.59,2.68,2.73,-0.05,-1.8315,335640.52,89049.611
630,000587.SZ,20181129,2.76,2.85,2.73,2.73,2.77,-0.04,-1.444,426819.58,119224.778
631,000587.SZ,20181128,2.74,2.78,2.63,2.77,2.74,0.03,1.0949,338037.12,91545.445
632,000587.SZ,20181127,2.77,2.78,2.68,2.74,2.74,0.0,0.0,284208.6,77916.568
633,000587.SZ,20181126,2.78,2.84,2.69,2.74,2.82,-0.08,-2.8369,377895.15,104356.886
634,000587.SZ,20181123,3.08,3.08,2.79,2.82,3.09,-0.27,-8.7379,637240.52,186008.993
635,000587.SZ,20181122,3.03,3.09,3.02,3.09,3.03,0.06,1.9802,527439.99,161258.391
636,000587.SZ,20181121,3.0,3.07,2.9,3.03,3.04,-0.01,-0.3289,544695.41,163466.354
637,000587.SZ,20181120,3.0,3.09,2.98,3.04,3.04,0.0,0.0,669964.72,204429.48
638,000587.SZ,20181119,3.05,3.14,3.03,3.04,3.08,-0.04,-1.2987,480445.06,147828.495
639,000587.SZ,20181116,3.09,3.13,3.04,3.08,3.11,-0.03,-0.9646,527489.41,162423.449
640,000587.SZ,20181115,3.08,3.14,3.02,3.11,3.1,0.01,0.3226,669672.47,205777.315
641,000587.SZ,20181114,3.29,3.39,3.06,3.1,3.17,-0.07,-2.2082,1522724.55,492409.389
642,000587.SZ,20181113,2.83,3.17,2.83,3.17,2.88,0.29,10.0694,809316.63,242724.433
643,000587.SZ,20181112,2.74,2.95,2.74,2.88,2.74,0.14,5.1095,748359.54,214721.134
644,000587.SZ,20181109,2.75,2.8,2.72,2.74,2.8,-0.06,-2.1429,508983.0,139901.869
645,000587.SZ,20181108,2.67,2.94,2.66,2.8,2.71,0.09,3.321,976347.92,272892.4
646,000587.SZ,20181107,2.62,2.74,2.61,2.71,2.64,0.07,2.6515,645444.75,173330.982
647,000587.SZ,20181106,2.66,2.67,2.6,2.64,2.68,-0.04,-1.4925,349579.12,91825.423
648,000587.SZ,20181105,2.64,2.72,2.62,2.68,2.65,0.03,1.1321,429116.51,114513.191
649,000587.SZ,20181102,2.62,2.67,2.6,2.65,2.63,0.02,0.7605,538659.89,141886.206
650,000587.SZ,20181101,2.55,2.67,2.53,2.63,2.55,0.08,3.1373,590392.92,153495.198
651,000587.SZ,20181031,2.54,2.63,2.52,2.55,2.57,-0.02,-0.7782,339508.1,87231.78
652,000587.SZ,20181030,2.55,2.6,2.42,2.57,2.58,-0.01,-0.3876,406642.2,102174.071
653,000587.SZ,20181029,2.66,2.7,2.57,2.58,2.68,-0.1,-3.7313,339886.33,89479.778
654,000587.SZ,20181026,2.73,2.76,2.64,2.68,2.78,-0.1,-3.5971,624820.72,168901.591
655,000587.SZ,20181025,2.53,2.84,2.52,2.78,2.64,0.14,5.303,877654.82,236513.757
656,000587.SZ,20181024,2.58,2.73,2.52,2.64,2.57,0.07,2.7237,702852.26,185614.003
657,000587.SZ,20181023,2.5,2.75,2.49,2.57,2.52,0.05,1.9841,741680.65,192724.286
658,000587.SZ,20181022,2.47,2.59,2.43,2.52,2.42,0.1,4.1322,527682.32,132355.221
659,000587.SZ,20181019,2.36,2.57,2.3,2.42,2.37,0.05,2.1097,415416.16,101159.093
660,000587.SZ,20181018,2.47,2.5,2.35,2.37,2.57,-0.2,-7.7821,469688.4,112604.197
661,000587.SZ,20181017,2.53,2.65,2.49,2.57,2.5,0.07,2.8,879372.03,225094.303
662,000587.SZ,20181016,2.28,2.5,2.25,2.5,2.27,0.23,10.1322,635257.34,153725.211
663,000587.SZ,20181015,2.49,2.49,2.26,2.27,2.5,-0.23,-9.2,400743.0,93822.933
664,000587.SZ,20181012,2.57,2.61,2.36,2.5,2.58,-0.08,-3.1008,355532.0,88435.707
665,000587.SZ,20181011,2.77,2.81,2.58,2.58,2.87,-0.29,-10.1045,341747.0,91561.552
666,000587.SZ,20181010,2.9,2.91,2.86,2.87,2.91,-0.04,-1.3746,141420.0,40709.378
667,000587.SZ,20181009,2.85,2.92,2.84,2.91,2.85,0.06,2.1053,235344.0,67719.061
668,000587.SZ,20181008,2.94,2.94,2.84,2.85,2.98,-0.13,-4.3624,262329.0,75748.27
669,000587.SZ,20180928,3.03,3.04,2.94,2.98,3.05,-0.07,-2.2951,420656.13,125492.008
670,000587.SZ,20180927,2.97,3.11,2.93,3.05,2.97,0.08,2.6936,765020.84,232889.894
671,000587.SZ,20180926,2.98,3.06,2.96,2.97,2.98,-0.01,-0.3356,380764.45,114163.955
672,000587.SZ,20180925,2.95,3.0,2.93,2.98,2.98,0.0,0.0,192175.02,57076.005
673,000587.SZ,20180921,2.99,3.0,2.92,2.98,2.99,-0.01,-0.3344,307920.06,91271.463
674,000587.SZ,20180920,2.92,3.02,2.9,2.99,2.91,0.08,2.7491,463831.16,137362.381
675,000587.SZ,20180919,2.91,2.95,2.87,2.91,2.9,0.01,0.3448,277804.58,80804.54
676,000587.SZ,20180918,2.82,2.91,2.81,2.9,2.83,0.07,2.4735,285322.4,82048.464
677,000587.SZ,20180917,2.83,2.86,2.75,2.83,2.84,-0.01,-0.3521,213836.34,60097.481
678,000587.SZ,20180914,2.9,2.92,2.82,2.84,2.93,-0.09,-3.0717,299040.12,85704.891
679,000587.SZ,20180913,2.95,2.97,2.89,2.93,2.93,0.0,0.0,259189.12,75798.125
680,000587.SZ,20180912,2.96,3.03,2.92,2.93,2.98,-0.05,-1.6779,310193.2,92227.883
681,000587.SZ,20180911,2.95,3.03,2.88,2.98,2.97,0.01,0.3367,422420.92,125239.668
682,000587.SZ,20180910,3.05,3.05,2.96,2.97,3.04,-0.07,-2.3026,428695.15,128682.647
683,000587.SZ,20180907,2.92,3.11,2.9,3.04,2.9,0.14,4.8276,721776.28,216103.18
684,000587.SZ,20180906,2.97,2.97,2.83,2.9,2.95,-0.05,-1.6949,428256.24,124253.494
685,000587.SZ,20180905,2.98,3.06,2.91,2.95,2.96,-0.01,-0.3378,587979.78,175212.379
686,000587.SZ,20180904,2.79,3.06,2.79,2.96,2.79,0.17,6.0932,551940.24,162721.072
687,000587.SZ,20180903,2.75,2.81,2.74,2.79,2.75,0.04,1.4545,212674.0,59051.301
688,000587.SZ,20180831,2.86,2.87,2.75,2.75,2.87,-0.12,-4.1812,217775.0,60970.739
689,000587.SZ,20180830,2.89,2.94,2.87,2.87,2.88,-0.01,-0.3472,192047.92,55582.433
690,000587.SZ,20180829,2.96,2.98,2.88,2.88,2.97,-0.09,-3.0303,248034.94,72461.821
691,000587.SZ,20180828,2.9,3.02,2.88,2.97,2.91,0.06,2.0619,430276.99,127990.669
692,000587.SZ,20180827,2.89,2.93,2.85,2.91,2.93,-0.02,-0.6826,366919.9,106201.512
693,000587.SZ,20180824,2.75,2.99,2.7,2.93,2.75,0.18,6.5455,709653.5,203920.474
694,000587.SZ,20180823,2.76,2.79,2.74,2.75,2.76,-0.01,-0.3623,172739.0,47742.318
695,000587.SZ,20180822,2.77,2.78,2.74,2.76,2.78,-0.02,-0.7194,163407.84,45076.744
696,000587.SZ,20180821,2.74,2.78,2.73,2.78,2.75,0.03,1.0909,174989.63,48231.374
697,000587.SZ,20180820,2.76,2.78,2.66,2.75,2.76,-0.01,-0.3623,254982.02,69429.413
698,000587.SZ,20180817,2.9,2.91,2.74,2.76,2.87,-0.11,-3.8328,286057.0,80586.288
699,000587.SZ,20180816,2.9,2.92,2.84,2.87,2.93,-0.06,-2.0478,222341.0,64165.808
700,000587.SZ,20180815,3.0,3.01,2.92,2.93,3.01,-0.08,-2.6578,227624.02,67373.958
701,000587.SZ,20180814,2.99,3.04,2.98,3.01,3.0,0.01,0.3333,195569.02,58832.908
702,000587.SZ,20180813,2.97,3.01,2.94,3.0,3.02,-0.02,-0.6623,221726.02,65935.293
703,000587.SZ,20180810,3.02,3.03,2.98,3.02,3.02,0.0,0.0,205707.04,61794.255
704,000587.SZ,20180809,2.95,3.05,2.93,3.02,2.97,0.05,1.6835,293778.02,88120.545
705,000587.SZ,20180808,3.0,3.05,2.95,2.97,2.99,-0.02,-0.6689,326582.0,97772.602
706,000587.SZ,20180807,2.95,3.0,2.89,2.99,2.92,0.07,2.3973,284852.02,84030.646
707,000587.SZ,20180806,2.99,3.02,2.91,2.92,3.05,-0.13,-4.2623,320222.14,94441.674
708,000587.SZ,20180803,3.05,3.18,3.05,3.05,3.0,0.05,1.6667,383702.04,118484.863
709,000587.SZ,20180802,3.15,3.18,2.86,3.0,3.16,-0.16,-5.0633,568892.0,171869.583
710,000587.SZ,20180801,3.35,3.36,3.13,3.16,3.34,-0.18,-5.3892,591393.01,191795.046
711,000587.SZ,20180731,3.33,3.39,3.32,3.34,3.34,0.0,0.0,286516.79,96090.227
712,000587.SZ,20180730,3.42,3.43,3.3,3.34,3.47,-0.13,-3.7464,487598.57,163578.84
713,000587.SZ,20180727,3.63,3.72,3.46,3.47,3.57,-0.1,-2.8011,879124.0,313859.335
714,000587.SZ,20180726,3.45,3.62,3.43,3.57,3.43,0.14,4.0816,1029140.57,363755.074
715,000587.SZ,20180725,3.41,3.53,3.4,3.43,3.42,0.01,0.2924,776987.16,267879.714
716,000587.SZ,20180724,3.35,3.47,3.32,3.42,3.35,0.07,2.0896,538778.42,183090.079
717,000587.SZ,20180723,3.39,3.41,3.33,3.35,3.39,-0.04,-1.1799,341458.08,114690.438
718,000587.SZ,20180720,3.3,3.44,3.3,3.39,3.33,0.06,1.8018,455432.39,153178.746
719,000587.SZ,20180719,3.45,3.47,3.31,3.33,3.47,-0.14,-4.03,533461.0,179514.879
720,000587.SZ,20180718,3.46,3.58,3.45,3.47,3.47,0.0,0.0,587182.89,205670.761
721,000587.SZ,20180717,3.4,3.47,3.38,3.47,3.41,0.06,1.76,539741.99,185092.245
722,000587.SZ,20180716,3.34,3.45,3.31,3.41,3.4,0.01,0.29,556492.88,187408.404
723,000587.SZ,20180713,3.41,3.54,3.35,3.4,3.43,-0.03,-0.87,780591.46,266505.013
724,000587.SZ,20180712,3.3,3.47,3.28,3.43,3.31,0.12,3.63,799371.2,272046.563
725,000587.SZ,20180711,3.58,3.58,3.29,3.31,3.65,-0.34,-9.32,1024647.62,343902.451
726,000587.SZ,20180710,3.67,3.71,3.58,3.65,3.71,-0.06,-1.62,653294.76,238000.246
727,000587.SZ,20180709,3.6,3.78,3.54,3.71,3.69,0.02,0.54,814282.0,298740.27
728,000587.SZ,20180706,3.6,3.76,3.53,3.69,3.71,-0.02,-0.54,969694.26,353428.613
729,000587.SZ,20180705,3.58,3.94,3.51,3.71,3.62,0.09,2.49,1668010.48,614309.708
730,000587.SZ,20180704,3.61,3.86,3.61,3.62,4.01,-0.39,-9.73,2309084.39,846381.549
731,000587.SZ,20180703,4.01,4.01,4.01,4.01,4.46,-0.45,-10.09,25022.0,10033.822
732,000587.SZ,20180702,4.46,4.46,4.46,4.46,4.96,-0.5,-10.08,23963.0,10687.498
733,000587.SZ,20180614,4.96,4.96,4.96,4.96,5.51,-0.55,-9.98,456741.0,226543.536
734,000587.SZ,20180613,5.51,5.68,5.51,5.51,6.12,-0.61,-9.97,1817455.02,1002685.784
735,000587.SZ,20180605,6.12,6.12,6.12,6.12,6.8,-0.68,-10.0,100435.0,61466.22
736,000587.SZ,20180604,7.54,7.88,6.8,6.8,7.55,-0.75,-9.93,656341.41,474438.674
737,000587.SZ,20180601,7.66,7.74,7.47,7.55,7.73,-0.18,-2.33,365689.39,276973.256
738,000587.SZ,20180531,7.48,7.8,7.43,7.73,7.48,0.25,3.34,486927.7,372752.06
739,000587.SZ,20180530,7.46,7.67,7.35,7.48,7.48,0.0,0.0,407024.65,305633.436
740,000587.SZ,20180529,7.4,7.54,7.28,7.48,7.37,0.11,1.49,383634.62,284982.639
741,000587.SZ,20180528,6.93,7.44,6.91,7.37,6.97,0.4,5.74,499267.89,358820.682
742,000587.SZ,20180525,6.88,7.0,6.85,6.97,6.95,0.02,0.29,210213.7,145673.568
743,000587.SZ,20180524,6.96,7.02,6.88,6.95,6.99,-0.04,-0.57,252543.2,174950.186
744,000587.SZ,20180523,7.02,7.07,6.9,6.99,7.02,-0.03,-0.43,376751.69,262965.938
745,000587.SZ,20180522,7.0,7.24,6.95,7.02,7.28,-0.26,-3.57,536744.68,377810.518
746,000587.SZ,20180521,7.22,7.32,7.16,7.28,7.23,0.05,0.69,124671.86,90351.681
747,000587.SZ,20180518,7.24,7.34,7.03,7.23,7.34,-0.11,-1.5,274142.9,197024.771
748,000587.SZ,20180517,7.08,7.57,7.0,7.34,7.0,0.34,4.86,504660.4,365431.688
749,000587.SZ,20180516,6.92,7.01,6.92,7.0,6.93,0.07,1.01,105328.0,73339.718
750,000587.SZ,20180515,6.87,6.96,6.84,6.93,6.86,0.07,1.02,86155.0,59405.004
751,000587.SZ,20180514,6.93,7.03,6.83,6.86,6.92,-0.06,-0.87,133694.28,92385.632
752,000587.SZ,20180511,6.97,6.97,6.91,6.92,6.98,-0.06,-0.86,39238.0,27193.507
753,000587.SZ,20180510,6.91,7.06,6.85,6.98,6.96,0.02,0.29,139602.0,97289.045
754,000587.SZ,20180509,6.96,7.03,6.93,6.96,6.97,-0.01,-0.14,54958.12,38338.126
755,000587.SZ,20180508,6.93,7.02,6.89,6.97,6.9,0.07,1.01,70861.42,49393.739
756,000587.SZ,20180507,6.83,6.95,6.79,6.9,6.83,0.07,1.02,69004.82,47427.788
757,000587.SZ,20180504,6.8,6.85,6.79,6.83,6.8,0.03,0.44,51731.02,35216.132
758,000587.SZ,20180503,6.83,6.89,6.79,6.8,6.87,-0.07,-1.02,83716.32,57201.301
759,000587.SZ,20180502,7.0,7.02,6.87,6.87,7.0,-0.13,-1.86,88467.0,61414.329
760,000587.SZ,20180427,6.95,7.04,6.91,7.0,6.93,0.07,1.01,117179.0,81927.172
761,000587.SZ,20180426,7.0,7.03,6.92,6.93,6.97,-0.04,-0.57,92747.0,64616.837
762,000587.SZ,20180425,7.1,7.1,6.97,6.97,7.07,-0.1,-1.41,81780.22,57393.616
763,000587.SZ,20180424,7.03,7.14,7.0,7.07,7.02,0.05,0.71,56904.16,40172.588
764,000587.SZ,20180423,7.0,7.04,6.99,7.02,7.0,0.02,0.29,58111.22,40719.749
765,000587.SZ,20180420,7.1,7.11,7.0,7.0,7.08,-0.08,-1.13,64552.0,45441.646
766,000587.SZ,20180419,7.14,7.14,7.01,7.08,7.1,-0.02,-0.28,131220.5,92807.827
767,000587.SZ,20180418,7.22,7.22,7.09,7.1,7.17,-0.07,-0.98,86789.02,61902.318
768,000587.SZ,20180417,7.24,7.28,7.17,7.17,7.24,-0.07,-0.97,92897.0,67075.384
769,000587.SZ,20180416,7.21,7.24,7.14,7.24,7.21,0.03,0.42,97666.72,70209.418
770,000587.SZ,20180413,7.14,7.21,7.1,7.21,7.12,0.09,1.26,104357.94,74740.612
771,000587.SZ,20180412,7.18,7.19,7.12,7.12,7.15,-0.03,-0.42,174912.84,125035.879
772,000587.SZ,20180411,7.12,7.19,7.1,7.15,7.15,0.0,0.0,84997.36,60681.173
773,000587.SZ,20180410,7.25,7.25,7.08,7.15,7.21,-0.06,-0.83,130457.5,93386.502
774,000587.SZ,20180409,7.2,7.27,7.11,7.21,7.2,0.01,0.14,159372.11,114693.796
775,000587.SZ,20180404,7.19,7.27,7.17,7.2,7.22,-0.02,-0.28,101177.48,73036.577
776,000587.SZ,20180403,7.22,7.3,7.13,7.22,7.2,0.02,0.28,277423.9,200520.075
777,000587.SZ,20180402,7.08,7.21,7.0,7.2,7.1,0.1,1.41,422693.94,299310.001
778,000587.SZ,20180330,7.05,7.18,7.02,7.1,7.05,0.05,0.71,137677.16,97718.642
779,000587.SZ,20180329,7.03,7.1,6.96,7.05,7.04,0.01,0.14,150689.62,106149.409
780,000587.SZ,20180328,6.98,7.14,6.95,7.04,7.04,0.0,0.0,129091.95,91046.954
781,000587.SZ,20180327,7.08,7.22,7.0,7.04,7.05,-0.01,-0.14,283419.06,201178.454
782,000587.SZ,20180326,6.89,7.07,6.86,7.05,6.91,0.14,2.03,223081.91,155306.265
783,000587.SZ,20180323,6.92,6.96,6.78,6.91,6.95,-0.04,-0.58,169414.59,116342.265
784,000587.SZ,20180322,6.92,6.97,6.89,6.95,6.9,0.05,0.72,68544.0,47527.241
785,000587.SZ,20180321,6.91,6.96,6.88,6.9,6.92,-0.02,-0.29,121454.0,84038.914
786,000587.SZ,20180320,6.93,6.96,6.85,6.92,6.96,-0.04,-0.57,108626.0,75016.046
787,000587.SZ,20180319,6.99,7.01,6.94,6.96,7.0,-0.04,-0.57,87496.0,61029.495
788,000587.SZ,20180316,6.98,7.05,6.95,7.0,7.02,-0.02,-0.28,163190.0,114179.291
789,000587.SZ,20180315,7.04,7.08,6.93,7.02,7.07,-0.05,-0.71,147792.94,103414.997
790,000587.SZ,20180314,7.09,7.15,7.07,7.07,7.13,-0.06,-0.84,137128.5,97547.82
791,000587.SZ,20180313,7.17,7.19,7.09,7.13,7.17,-0.04,-0.56,187167.6,133547.347
792,000587.SZ,20180312,7.0,7.23,6.95,7.17,7.02,0.15,2.14,412872.77,292204.889
793,000587.SZ,20180309,6.9,7.02,6.81,7.02,6.9,0.12,1.74,355013.86,245536.485
794,000587.SZ,20180308,6.94,6.97,6.87,6.9,6.94,-0.04,-0.58,168040.04,116155.768
795,000587.SZ,20180307,6.93,6.96,6.88,6.94,6.93,0.01,0.14,149018.14,103054.789
796,000587.SZ,20180306,6.96,7.06,6.91,6.93,7.0,-0.07,-1.0,177375.0,123379.171
797,000587.SZ,20180305,6.88,7.04,6.65,7.0,6.95,0.05,0.72,300142.48,205438.924
798,000587.SZ,20180302,7.01,7.1,6.95,6.95,7.01,-0.06,-0.86,192096.7,135094.307
799,000587.SZ,20180301,6.96,7.13,6.91,7.01,6.96,0.05,0.72,252576.18,177834.697
800,000587.SZ,20180228,6.87,6.99,6.83,6.96,6.94,0.02,0.29,143189.0,99202.352
801,000587.SZ,20180227,7.06,7.06,6.93,6.94,7.07,-0.13,-1.84,148764.0,103943.451
802,000587.SZ,20180226,7.03,7.1,6.99,7.07,7.03,0.04,0.57,196964.0,138696.309
803,000587.SZ,20180223,7.08,7.09,6.91,7.03,7.09,-0.06,-0.85,250015.86,174648.078
804,000587.SZ,20180222,7.17,7.24,7.08,7.09,7.16,-0.07,-0.98,263466.0,187888.69
805,000587.SZ,20180214,7.14,7.2,7.05,7.16,7.14,0.02,0.28,265769.98,188751.28
806,000587.SZ,20180213,7.16,7.26,7.04,7.14,7.15,-0.01,-0.14,213983.04,152952.78
807,000587.SZ,20180212,7.09,7.24,7.08,7.15,7.08,0.07,0.99,238781.0,170577.627
808,000587.SZ,20180209,7.03,7.11,6.9,7.08,7.13,-0.05,-0.7,322377.66,225865.261
809,000587.SZ,20180208,7.18,7.25,7.1,7.13,7.2,-0.07,-0.97,245624.19,175854.886
810,000587.SZ,20180207,6.82,7.25,6.77,7.2,6.81,0.39,5.73,384098.78,266884.765
811,000587.SZ,20180206,6.77,6.9,6.7,6.81,6.9,-0.09,-1.3,313344.0,212287.126
812,000587.SZ,20180205,6.77,6.96,6.46,6.9,6.87,0.03,0.44,350515.17,235161.994
813,000587.SZ,20180202,7.08,7.1,6.85,6.87,7.1,-0.23,-3.24,272814.9,189232.234
814,000587.SZ,20180201,7.15,7.16,6.91,7.1,7.15,-0.05,-0.7,309447.38,218420.41
815,000587.SZ,20180131,7.32,7.33,7.09,7.15,7.32,-0.17,-2.32,268795.68,192924.235
816,000587.SZ,20180130,7.4,7.47,7.3,7.32,7.4,-0.08,-1.08,325310.93,239972.339
817,000587.SZ,20180129,7.29,7.45,7.26,7.4,7.29,0.11,1.51,516804.25,381334.914
818,000587.SZ,20180126,7.21,7.35,7.17,7.29,7.22,0.07,0.97,340308.64,247047.866
819,000587.SZ,20180125,7.17,7.33,7.16,7.22,7.17,0.05,0.7,540050.24,392422.227
820,000587.SZ,20180124,7.13,7.18,7.06,7.17,7.15,0.02,0.28,275859.61,195879.016
821,000587.SZ,20180123,7.24,7.26,7.13,7.15,7.24,-0.09,-1.24,306581.14,219987.324
822,000587.SZ,20180122,7.25,7.34,7.2,7.24,7.25,-0.01,-0.14,318156.0,230738.829
823,000587.SZ,20180119,7.29,7.33,7.17,7.25,7.29,-0.04,-0.55,324072.0,234523.025
824,000587.SZ,20180118,7.36,7.44,7.27,7.29,7.35,-0.06,-0.82,371219.33,272160.008
825,000587.SZ,20180117,7.32,7.39,7.18,7.35,7.32,0.03,0.41,464368.52,337824.015
826,000587.SZ,20180116,7.17,7.34,7.15,7.32,7.16,0.16,2.23,539253.35,391637.475
827,000587.SZ,20180115,7.12,7.2,7.09,7.16,7.13,0.03,0.42,451995.0,323067.443
828,000587.SZ,20180112,7.06,7.15,7.02,7.13,7.07,0.06,0.85,280926.1,198886.005
829,000587.SZ,20180111,7.06,7.15,7.04,7.07,7.07,0.0,0.0,325174.08,230411.79
830,000587.SZ,20180110,7.03,7.08,6.97,7.07,7.03,0.04,0.57,277031.06,194202.856
831,000587.SZ,20180109,7.21,7.21,7.01,7.03,7.21,-0.18,-2.5,332676.27,235045.744
832,000587.SZ,20180108,7.12,7.28,7.11,7.21,7.11,0.1,1.41,451064.34,325772.571
833,000587.SZ,20180105,7.0,7.2,6.97,7.11,7.01,0.1,1.43,527216.35,373490.015
834,000587.SZ,20180104,7.05,7.08,6.91,7.01,7.05,-0.04,-0.57,489732.0,341747.258
835,000587.SZ,20180103,7.14,7.21,7.04,7.05,7.13,-0.08,-1.12,436256.52,310556.798
836,000587.SZ,20180102,7.01,7.14,6.98,7.13,7.0,0.13,1.86,525121.0,370311.493
837,000587.SZ,20171229,6.9,7.01,6.85,7.0,6.89,0.11,1.6,347137.01,240022.727
838,000587.SZ,20171228,6.87,6.97,6.74,6.89,6.9,-0.01,-0.14,355793.34,243797.09
839,000587.SZ,20171227,7.12,7.14,6.88,6.9,7.18,-0.28,-3.9,378634.28,264251.908
840,000587.SZ,20171226,7.04,7.3,7.01,7.18,7.05,0.13,1.84,511059.56,366845.03
841,000587.SZ,20171225,6.9,7.07,6.87,7.05,6.89,0.16,2.32,437796.0,306141.583
842,000587.SZ,20171222,6.85,6.95,6.81,6.89,6.86,0.03,0.44,330634.5,227453.993
843,000587.SZ,20171221,6.92,6.94,6.85,6.86,6.93,-0.07,-1.01,243662.52,167491.834
844,000587.SZ,20171220,6.86,6.95,6.83,6.93,6.86,0.07,1.02,279378.57,192904.085
845,000587.SZ,20171219,6.76,6.9,6.74,6.86,6.76,0.1,1.48,305179.72,208533.946
846,000587.SZ,20171218,6.74,6.81,6.69,6.76,6.75,0.01,0.15,122425.02,82475.333
847,000587.SZ,20171215,6.73,6.77,6.67,6.75,6.73,0.02,0.3,137350.59,92226.184
848,000587.SZ,20171214,6.76,6.76,6.7,6.73,6.79,-0.06,-0.88,112540.0,75675.802
849,000587.SZ,20171213,6.8,6.83,6.65,6.79,6.8,-0.01,-0.15,172524.17,115951.119
850,000587.SZ,20171212,6.95,6.96,6.77,6.8,6.96,-0.16,-2.3,166500.0,113607.079
851,000587.SZ,20171211,6.77,7.1,6.74,6.96,6.77,0.19,2.81,398984.53,276189.435
852,000587.SZ,20171208,6.68,6.81,6.64,6.77,6.73,0.04,0.59,323562.43,217908.934
853,000587.SZ,20171207,6.42,6.92,6.37,6.73,6.42,0.31,4.83,360725.91,237938.262
854,000587.SZ,20171206,6.41,6.43,6.36,6.42,6.42,0.0,0.0,190098.78,121505.256
855,000587.SZ,20171205,6.41,6.43,6.33,6.42,6.44,-0.02,-0.31,161884.98,103362.552
856,000587.SZ,20171204,6.44,6.44,6.38,6.44,6.45,-0.01,-0.16,123692.1,79244.683
857,000587.SZ,20171201,6.45,6.45,6.4,6.45,6.47,-0.02,-0.31,187710.0,120601.948
858,000587.SZ,20171130,6.46,6.5,6.38,6.47,6.47,0.0,0.0,225891.11,145255.009
859,000587.SZ,20171129,6.46,6.5,6.39,6.47,6.47,0.0,0.0,192009.84,123580.39
860,000587.SZ,20171128,6.44,6.55,6.39,6.47,6.44,0.03,0.47,149860.61,96697.992
861,000587.SZ,20171127,6.52,6.52,6.36,6.44,6.52,-0.08,-1.23,138202.13,88875.519
862,000587.SZ,20171124,6.55,6.58,6.48,6.52,6.57,-0.05,-0.76,134578.04,87581.034
863,000587.SZ,20171123,6.57,6.59,6.48,6.57,6.6,-0.03,-0.45,185947.17,121396.713
864,000587.SZ,20171122,6.57,6.68,6.53,6.6,6.6,0.0,0.0,197164.82,129587.57
865,000587.SZ,20171121,6.56,6.65,6.51,6.6,6.6,0.0,0.0,159217.38,104834.848
866,000587.SZ,20171120,6.55,6.6,6.44,6.6,6.62,-0.02,-0.3,185054.61,120532.505
867,000587.SZ,20171117,6.67,6.68,6.4,6.62,6.7,-0.08,-1.19,239161.24,156902.834
868,000587.SZ,20171116,6.7,6.82,6.65,6.7,6.76,-0.06,-0.89,201889.98,135451.166
869,000587.SZ,20171115,6.54,6.82,6.54,6.76,6.53,0.23,3.52,360456.82,241065.09
870,000587.SZ,20171114,6.58,6.65,6.53,6.53,6.6,-0.07,-1.06,187225.19,123309.343
871,000587.SZ,20171113,6.63,6.65,6.57,6.6,6.66,-0.06,-0.9,159187.94,105241.549
872,000587.SZ,20171110,6.62,6.66,6.54,6.66,6.61,0.05,0.76,199923.0,131804.487
873,000587.SZ,20171109,6.58,6.69,6.52,6.61,6.59,0.02,0.3,178009.0,117791.316
874,000587.SZ,20171108,6.67,6.67,6.59,6.59,6.67,-0.08,-1.2,323978.02,215004.124
875,000587.SZ,20171107,6.7,6.76,6.58,6.67,6.67,0.0,0.0,244858.38,162930.155
876,000587.SZ,20171106,6.55,6.67,6.49,6.67,6.65,0.02,0.3,275346.25,181290.521
877,000587.SZ,20171103,6.68,6.8,6.43,6.65,6.98,-0.33,-4.73,1080472.46,712863.591
878,000587.SZ,20171102,7.35,7.35,6.62,6.98,7.35,-0.37,-5.03,1275624.91,856169.853
879,000587.SZ,20171101,7.4,7.42,7.33,7.35,7.42,-0.07,-0.94,83201.42,61255.582
880,000587.SZ,20171031,7.39,7.47,7.32,7.42,7.38,0.04,0.54,145450.0,107488.55
881,000587.SZ,20171030,7.51,7.53,7.34,7.38,7.57,-0.19,-2.51,110565.0,81998.387
882,000587.SZ,20171027,7.44,7.61,7.41,7.57,7.45,0.12,1.61,212995.77,159800.861
883,000587.SZ,20171026,7.48,7.54,7.43,7.45,7.52,-0.07,-0.93,148978.92,111156.056
884,000587.SZ,20171025,7.55,7.55,7.43,7.52,7.55,-0.03,-0.4,251667.56,188136.053
885,000587.SZ,20171024,7.61,7.61,7.48,7.55,7.61,-0.06,-0.79,164565.14,123822.479
886,000587.SZ,20171023,7.63,7.64,7.57,7.61,7.65,-0.04,-0.52,138252.26,105172.05
887,000587.SZ,20171020,7.65,7.68,7.61,7.65,7.66,-0.01,-0.13,158917.0,121454.483
888,000587.SZ,20171019,7.67,7.73,7.66,7.66,7.7,-0.04,-0.52,210297.0,162052.109
889,000587.SZ,20171018,7.72,7.74,7.67,7.7,7.73,-0.03,-0.39,321486.0,247872.256
890,000587.SZ,20171017,7.66,7.75,7.58,7.73,7.68,0.05,0.65,282153.02,216072.314
891,000587.SZ,20171016,7.73,7.76,7.66,7.68,7.75,-0.07,-0.9,178001.0,136923.637
892,000587.SZ,20171013,7.67,7.75,7.65,7.75,7.7,0.05,0.65,186898.0,144022.315
893,000587.SZ,20171012,7.78,7.78,7.69,7.7,7.77,-0.07,-0.9,111891.0,86468.56
894,000587.SZ,20171011,7.74,7.78,7.7,7.77,7.75,0.02,0.26,230360.89,178119.013
895,000587.SZ,20171010,7.73,7.83,7.72,7.75,7.76,-0.01,-0.13,150730.74,117076.169
896,000587.SZ,20171009,7.68,7.81,7.6,7.76,7.65,0.11,1.44,203801.91,157331.0
897,000587.SZ,20170929,7.66,7.68,7.6,7.65,7.65,0.0,0.0,114105.0,87070.912
898,000587.SZ,20170928,7.65,7.7,7.62,7.65,7.65,0.0,0.0,217681.0,167013.335
899,000587.SZ,20170927,7.74,7.74,7.65,7.65,7.74,-0.09,-1.16,194802.3,149668.474
900,000587.SZ,20170926,7.74,7.75,7.68,7.74,7.75,-0.01,-0.13,136117.0,105121.252
901,000587.SZ,20170925,7.73,7.75,7.66,7.75,7.75,0.0,0.0,112296.0,86586.499
902,000587.SZ,20170922,7.73,7.75,7.63,7.75,7.74,0.01,0.13,119716.98,92061.556
903,000587.SZ,20170921,7.72,7.76,7.64,7.74,7.71,0.03,0.39,153429.38,118226.171
904,000587.SZ,20170920,7.75,7.75,7.68,7.71,7.75,-0.04,-0.52,70709.0,54474.301
905,000587.SZ,20170919,7.73,7.78,7.69,7.75,7.75,0.0,0.0,61493.0,47497.716
906,000587.SZ,20170918,7.79,7.79,7.7,7.75,7.8,-0.05,-0.64,80659.29,62339.1
907,000587.SZ,20170915,7.8,7.81,7.71,7.8,7.79,0.01,0.13,112187.17,87122.52
908,000587.SZ,20170914,7.77,7.8,7.61,7.79,7.79,0.0,0.0,131465.05,101664.1
909,000587.SZ,20170913,7.82,7.83,7.72,7.79,7.84,-0.05,-0.64,89390.09,69456.082
910,000587.SZ,20170912,7.89,7.93,7.78,7.84,7.9,-0.06,-0.76,160344.0,125611.131
911,000587.SZ,20170911,7.91,7.94,7.84,7.9,7.94,-0.04,-0.5,136356.6,107468.461
912,000587.SZ,20170908,7.85,8.11,7.77,7.94,7.87,0.07,0.89,227512.43,179592.894
913,000587.SZ,20170907,7.89,7.96,7.79,7.87,7.89,-0.02,-0.25,112418.51,88230.598
914,000587.SZ,20170906,7.77,7.97,7.77,7.89,7.77,0.12,1.54,190035.19,148987.459
915,000587.SZ,20170905,7.83,7.83,7.73,7.77,7.81,-0.04,-0.51,87820.34,68195.284
916,000587.SZ,20170904,7.86,7.87,7.77,7.81,7.87,-0.06,-0.76,143723.52,112215.242
917,000587.SZ,20170901,7.85,7.88,7.74,7.87,7.85,0.02,0.25,158152.01,123425.057
918,000587.SZ,20170831,7.84,7.9,7.71,7.85,7.85,0.0,0.0,217444.12,170392.326
919,000587.SZ,20170830,7.99,8.01,7.85,7.85,7.99,-0.14,-1.75,209549.73,165812.437
920,000587.SZ,20170829,8.08,8.09,7.95,7.99,8.07,-0.08,-0.99,184591.93,147544.254
921,000587.SZ,20170828,8.02,8.11,7.96,8.07,8.02,0.05,0.62,345904.0,278061.793
922,000587.SZ,20170825,8.04,8.09,7.94,8.02,8.04,-0.02,-0.25,266123.27,213379.31
923,000587.SZ,20170824,8.05,8.18,7.97,8.04,8.05,-0.01,-0.12,151865.03,122223.033
924,000587.SZ,20170823,8.22,8.22,8.04,8.05,8.22,-0.17,-2.07,142782.22,115853.548
925,000587.SZ,20170822,8.33,8.33,8.07,8.22,8.22,0.0,0.0,164276.82,134512.158
926,000587.SZ,20170821,8.09,8.28,8.06,8.22,8.06,0.16,1.99,149294.01,122476.139
927,000587.SZ,20170818,8.0,8.07,7.93,8.06,8.01,0.05,0.62,99887.0,80101.396
928,000587.SZ,20170817,8.0,8.05,7.94,8.01,8.0,0.01,0.13,117794.7,94299.566
929,000587.SZ,20170816,7.96,8.04,7.82,8.0,7.99,0.01,0.13,129885.26,102995.402
930,000587.SZ,20170815,8.12,8.12,7.94,7.99,7.97,0.02,0.25,156777.06,125444.978
931,000587.SZ,20170814,7.83,8.08,7.83,7.97,7.82,0.15,1.92,206594.04,164062.64
932,000587.SZ,20170811,7.93,7.94,7.7,7.82,7.93,-0.11,-1.39,160701.22,125505.69
933,000587.SZ,20170810,7.91,8.01,7.89,7.93,7.9,0.03,0.38,290456.95,230852.934
934,000587.SZ,20170809,7.73,7.95,7.63,7.9,7.72,0.18,2.33,333014.81,259612.14
935,000587.SZ,20170808,7.77,7.82,7.69,7.72,7.8,-0.08,-1.03,137701.08,106467.445
936,000587.SZ,20170807,7.79,7.87,7.78,7.8,7.84,-0.04,-0.51,103978.22,81340.717
937,000587.SZ,20170804,7.82,7.9,7.75,7.84,7.85,-0.01,-0.13,550813.52,430632.083
938,000587.SZ,20170803,7.82,8.0,7.76,7.85,7.82,0.03,0.38,602518.71,472979.617
939,000587.SZ,20170802,7.85,7.88,7.76,7.82,7.89,-0.07,-0.89,142304.39,111343.818
940,000587.SZ,20170801,7.87,7.91,7.77,7.89,7.95,-0.06,-0.75,295582.0,231593.794
941,000587.SZ,20170731,7.9,7.96,7.8,7.95,7.95,0.0,0.0,377090.0,296690.69
942,000587.SZ,20170728,7.91,7.96,7.81,7.95,7.97,-0.02,-0.25,381765.21,301580.617
943,000587.SZ,20170727,7.73,8.12,7.58,7.97,7.76,0.21,2.71,314393.66,242761.572
944,000587.SZ,20170726,7.87,7.95,7.26,7.76,7.83,-0.07,-0.89,235958.42,182389.731
945,000587.SZ,20170725,8.03,8.05,7.8,7.83,8.02,-0.19,-2.37,177635.92,140316.087
946,000587.SZ,20170724,8.08,8.1,7.89,8.02,8.08,-0.06,-0.74,161565.98,128852.868
947,000587.SZ,20170721,8.18,8.22,8.02,8.08,8.19,-0.11,-1.34,215206.42,174571.054
948,000587.SZ,20170720,8.16,8.29,8.09,8.19,8.18,0.01,0.12,228325.94,186425.819
949,000587.SZ,20170719,7.97,8.23,7.95,8.18,7.98,0.2,2.51,322633.02,261326.698
950,000587.SZ,20170718,7.74,8.08,7.7,7.98,7.77,0.21,2.7,310881.38,245078.485
951,000587.SZ,20170717,7.73,7.78,6.99,7.77,7.76,0.01,0.13,318032.52,238585.205
952,000587.SZ,20170714,7.75,7.81,7.62,7.76,7.75,0.01,0.13,252832.0,195154.399
953,000587.SZ,20170713,7.64,7.82,7.58,7.75,7.64,0.11,1.44,256976.84,198762.464
954,000587.SZ,20170712,15.63,15.69,15.4,15.42,15.63,-0.21,-1.34,111729.0,173412.879
955,000587.SZ,20170711,15.66,15.8,15.43,15.63,15.63,0.0,0.0,186999.67,292101.428
956,000587.SZ,20170710,15.25,15.63,15.17,15.63,15.25,0.38,2.49,169944.09,263020.105
957,000587.SZ,20170707,15.1,15.4,15.0,15.25,15.08,0.17,1.13,168157.72,254932.968
958,000587.SZ,20170706,15.02,15.1,14.89,15.08,15.05,0.03,0.2,155780.86,234057.302
959,000587.SZ,20170705,14.89,15.07,14.84,15.05,14.89,0.16,1.07,191140.8,286473.005
960,000587.SZ,20170704,14.77,15.55,14.76,14.89,14.77,0.12,0.81,178048.33,266260.917
961,000587.SZ,20170703,14.89,14.9,14.75,14.77,14.9,-0.13,-0.87,46852.0,69355.674
962,000587.SZ,20170630,14.9,14.93,14.8,14.9,14.93,-0.03,-0.2,46156.29,68573.477
963,000587.SZ,20170629,14.86,14.95,14.76,14.93,14.91,0.02,0.13,89678.9,133153.376
964,000587.SZ,20170628,14.96,14.97,14.71,14.91,14.94,-0.03,-0.2,61719.95,91722.702
965,000587.SZ,20170627,15.01,15.02,14.88,14.94,15.07,-0.13,-0.86,49993.01,74655.04
966,000587.SZ,20170626,14.92,15.15,14.9,15.07,15.06,0.01,0.07,72497.05,108735.097
967,000587.SZ,20170623,15.08,15.08,14.84,15.06,15.1,-0.04,-0.26,37299.0,55709.899
968,000587.SZ,20170622,15.1,15.14,14.96,15.1,15.09,0.01,0.07,35557.05,53513.749
969,000587.SZ,20170621,15.15,15.25,15.02,15.09,15.01,0.08,0.53,29807.0,45033.79
970,000587.SZ,20170620,14.96,15.17,14.89,15.01,14.92,0.09,0.6,40133.48,60396.058
971,000587.SZ,20170619,14.95,14.96,14.8,14.92,14.93,-0.01,-0.07,32653.0,48601.032
972,000587.SZ,20170616,14.96,14.99,14.85,14.93,14.97,-0.04,-0.27,20379.1,30385.947
973,000587.SZ,20170615,15.06,15.17,14.9,14.97,15.06,-0.09,-0.6,55007.72,82500.533
974,000587.SZ,20170614,15.05,15.2,15.0,15.06,15.15,-0.09,-0.59,29121.5,43919.948
975,000587.SZ,20170613,14.97,15.3,14.96,15.15,15.03,0.12,0.8,46457.11,70130.524
976,000587.SZ,20170612,15.04,15.15,14.72,15.03,15.08,-0.05,-0.33,37804.74,56792.796
977,000587.SZ,20170609,14.9,15.1,14.83,15.08,15.0,0.08,0.53,43933.05,65957.888
978,000587.SZ,20170608,14.85,15.02,14.56,15.0,14.84,0.16,1.08,104496.78,154694.264
979,000587.SZ,20170607,14.75,15.08,14.63,14.84,14.7,0.14,0.95,101543.13,150594.844
980,000587.SZ,20170606,14.55,14.76,14.34,14.7,14.57,0.13,0.89,57645.37,83843.275
981,000587.SZ,20170605,14.6,14.65,14.4,14.57,14.66,-0.09,-0.61,28930.34,41951.127
982,000587.SZ,20170602,14.65,14.69,14.43,14.66,14.66,0.0,0.0,30771.82,44779.06
983,000587.SZ,20170601,14.83,14.83,14.45,14.66,14.87,-0.21,-1.41,38170.34,55782.135
984,000587.SZ,20170531,14.92,14.99,14.76,14.87,14.91,-0.04,-0.27,31857.79,47337.047
985,000587.SZ,20170526,14.91,14.95,14.6,14.91,14.9,0.01,0.07,58417.67,86327.007
986,000587.SZ,20170525,14.71,14.98,14.43,14.9,14.73,0.17,1.15,73100.05,107775.857
987,000587.SZ,20170524,14.66,15.1,14.2,14.73,14.58,0.15,1.03,100330.42,145630.806
988,000587.SZ,20170523,14.57,14.95,14.43,14.58,14.55,0.03,0.21,52346.49,76818.786
989,000587.SZ,20170522,14.71,14.76,14.48,14.55,14.71,-0.16,-1.09,52699.84,76807.037
990,000587.SZ,20170519,14.83,14.83,14.61,14.71,14.75,-0.04,-0.27,21471.0,31514.389
991,000587.SZ,20170518,15.0,15.08,14.6,14.75,14.88,-0.13,-0.87,52637.82,78086.23
992,000587.SZ,20170517,14.7,14.96,14.66,14.88,14.69,0.19,1.29,53453.37,79286.206
993,000587.SZ,20170516,14.31,14.69,14.26,14.69,14.41,0.28,1.94,72789.81,105555.636
994,000587.SZ,20170515,14.36,14.57,14.27,14.41,14.36,0.05,0.35,49947.98,71881.459
995,000587.SZ,20170512,14.29,14.47,14.11,14.36,14.34,0.02,0.14,40340.28,57539.814
996,000587.SZ,20170511,14.41,14.57,14.28,14.34,14.4,-0.06,-0.42,76983.73,111138.842
997,000587.SZ,20170510,14.54,14.67,14.2,14.4,14.53,-0.13,-0.89,93773.43,135728.071
998,000587.SZ,20170509,14.39,14.57,14.27,14.53,14.32,0.21,1.47,74752.52,107875.112
999,000587.SZ,20170508,14.23,14.41,13.9,14.32,14.22,0.1,0.7,134179.93,191017.961
1000,000587.SZ,20170505,13.8,14.27,13.75,14.22,13.79,0.43,3.12,110612.53,155074.274
1001,000587.SZ,20170504,13.49,13.84,13.43,13.79,13.48,0.31,2.3,135800.77,185679.518
1002,000587.SZ,20170503,12.81,13.48,12.61,13.48,13.04,0.44,3.37,218180.85,286951.849
1003,000587.SZ,20170502,13.6,13.81,13.04,13.04,14.49,-1.45,-10.01,224791.35,297052.615
1004,000587.SZ,20170428,14.64,14.64,14.38,14.49,14.56,-0.07,-0.48,54493.38,78969.221
1005,000587.SZ,20170427,14.26,14.6,14.12,14.56,14.22,0.34,2.39,59907.44,86507.803
1006,000587.SZ,20170426,14.19,14.33,14.08,14.22,14.08,0.14,0.99,36932.19,52488.47
1007,000587.SZ,20170425,14.11,14.22,14.04,14.08,14.05,0.03,0.21,37755.17,53326.654
1008,000587.SZ,20170424,14.45,14.46,13.86,14.05,14.46,-0.41,-2.84,38706.52,54792.576
1009,000587.SZ,20170421,14.57,14.63,14.41,14.46,14.58,-0.12,-0.82,29433.44,42716.366
1010,000587.SZ,20170420,14.54,14.59,14.41,14.58,14.51,0.07,0.48,37558.07,54513.014
1011,000587.SZ,20170419,14.67,14.78,14.35,14.51,14.72,-0.21,-1.43,46677.52,67747.007
1012,000587.SZ,20170418,14.76,14.87,14.72,14.72,14.74,-0.02,-0.14,34584.41,51206.753
1013,000587.SZ,20170417,15.08,15.11,14.68,14.74,15.1,-0.36,-2.38,66002.01,98035.562
1014,000587.SZ,20170414,15.24,15.33,15.07,15.1,15.19,-0.09,-0.59,52297.95,79572.159
1015,000587.SZ,20170413,15.28,15.34,15.16,15.19,15.22,-0.03,-0.2,54474.48,82921.782
1016,000587.SZ,20170412,15.33,15.5,15.2,15.22,15.25,-0.03,-0.2,66823.13,102652.273
1017,000587.SZ,20170411,15.28,15.34,15.15,15.25,15.28,-0.03,-0.2,70260.33,107025.344
1018,000587.SZ,20170410,15.58,15.58,15.26,15.28,15.61,-0.33,-2.11,59621.12,91772.7
1019,000587.SZ,20170407,15.35,15.78,15.35,15.61,15.4,0.21,1.36,90555.55,141701.669
1020,000587.SZ,20170406,15.42,15.45,15.35,15.4,15.41,-0.01,-0.06,38603.42,59497.158
1021,000587.SZ,20170405,15.25,15.65,15.16,15.41,15.14,0.27,1.78,46199.94,70984.061
1022,000587.SZ,20170331,15.1,15.2,15.05,15.14,15.11,0.03,0.2,33517.25,50761.499
1023,000587.SZ,20170330,15.41,15.46,14.99,15.11,15.4,-0.29,-1.88,78332.21,118644.873
1024,000587.SZ,20170329,15.55,15.58,15.38,15.4,15.51,-0.11,-0.71,51201.73,79297.832
1025,000587.SZ,20170328,15.6,15.66,15.49,15.51,15.57,-0.06,-0.39,60349.25,93806.826
1026,000587.SZ,20170327,15.72,15.75,15.56,15.57,15.75,-0.18,-1.14,60453.01,94518.058
1027,000587.SZ,20170324,15.7,15.77,15.52,15.75,15.74,0.01,0.06,80643.22,126015.816
1028,000587.SZ,20170323,15.76,15.84,15.58,15.74,15.75,-0.01,-0.06,83352.57,131085.473
1029,000587.SZ,20170322,15.88,15.92,15.71,15.75,15.98,-0.23,-1.44,80189.69,126680.772
1030,000587.SZ,20170321,16.09,16.09,15.86,15.98,16.1,-0.12,-0.75,79430.98,126704.286
1031,000587.SZ,20170320,15.86,16.1,15.86,16.1,15.84,0.26,1.64,91953.5,147214.015
1032,000587.SZ,20170317,15.98,16.09,15.82,15.84,15.97,-0.13,-0.81,93153.22,148706.219
1033,000587.SZ,20170316,15.81,16.07,15.75,15.97,15.75,0.22,1.4,120193.69,191185.968
1034,000587.SZ,20170315,15.83,15.83,15.68,15.75,15.78,-0.03,-0.19,47228.85,74397.645
1035,000587.SZ,20170314,15.61,15.81,15.58,15.78,15.66,0.12,0.77,63393.27,99442.169
1036,000587.SZ,20170313,15.44,15.66,15.39,15.66,15.43,0.23,1.49,62192.84,96844.749
1037,000587.SZ,20170310,15.47,15.61,15.41,15.43,15.45,-0.02,-0.13,65945.13,102170.682
1038,000587.SZ,20170309,15.71,15.79,15.41,15.45,15.74,-0.29,-1.84,63214.07,98112.575
1039,000587.SZ,20170308,15.88,15.89,15.7,15.74,15.9,-0.16,-1.01,51459.47,81249.53
1040,000587.SZ,20170307,15.9,15.94,15.74,15.9,15.9,0.0,0.0,81979.46,129837.346
1041,000587.SZ,20170306,15.75,15.92,15.7,15.9,15.8,0.1,0.63,86593.21,137027.688
1042,000587.SZ,20170303,15.57,15.88,15.48,15.8,15.66,0.14,0.89,80485.46,125978.223
1043,000587.SZ,20170302,15.89,15.94,15.65,15.66,15.88,-0.22,-1.39,73221.7,115321.835
1044,000587.SZ,20170301,15.77,15.93,15.66,15.88,15.77,0.11,0.7,76739.61,121509.412
1045,000587.SZ,20170228,15.75,15.83,15.64,15.77,15.74,0.03,0.19,62092.01,97645.825
1046,000587.SZ,20170227,16.01,16.1,15.73,15.74,16.01,-0.27,-1.69,81980.05,130271.531
1047,000587.SZ,20170224,15.78,16.15,15.77,16.01,15.73,0.28,1.78,140048.53,223813.677
1048,000587.SZ,20170223,15.82,15.82,15.61,15.73,15.8,-0.07,-0.44,79398.51,124702.204
1049,000587.SZ,20170222,15.79,15.87,15.72,15.8,15.76,0.04,0.25,72300.26,114080.394
1050,000587.SZ,20170221,15.55,15.84,15.55,15.76,15.56,0.2,1.29,85132.73,133817.32
1051,000587.SZ,20170220,15.32,15.56,15.31,15.56,15.32,0.24,1.57,70444.22,108741.12
1052,000587.SZ,20170217,15.64,15.72,15.3,15.32,15.58,-0.26,-1.67,96351.85,149212.752
1053,000587.SZ,20170216,15.62,15.67,15.43,15.58,15.64,-0.06,-0.38,86155.33,134095.991
1054,000587.SZ,20170215,15.93,15.96,15.53,15.64,15.93,-0.29,-1.82,88091.1,138610.46
1055,000587.SZ,20170214,15.91,15.97,15.8,15.93,15.9,0.03,0.19,65300.01,103718.847
1056,000587.SZ,20170213,15.82,15.98,15.75,15.9,15.82,0.08,0.51,86704.35,137400.999
1057,000587.SZ,20170210,15.94,16.07,15.8,15.82,15.99,-0.17,-1.06,105237.55,167298.967
1058,000587.SZ,20170209,15.74,16.07,15.66,15.99,15.69,0.3,1.91,155333.63,247331.659
1059,000587.SZ,20170208,15.6,15.71,15.5,15.69,15.69,0.0,0.0,88024.57,137438.819
1060,000587.SZ,20170207,15.61,15.79,15.46,15.69,15.52,0.17,1.1,121115.16,189306.69
1061,000587.SZ,20170206,15.39,15.53,15.29,15.52,15.33,0.19,1.24,68544.11,105604.602
1062,000587.SZ,20170203,15.47,15.64,15.31,15.33,15.38,-0.05,-0.33,93407.35,144324.276
1063,000587.SZ,20170126,15.32,15.48,15.27,15.38,15.29,0.09,0.59,53283.7,81885.816
1064,000587.SZ,20170125,15.05,15.44,15.04,15.29,15.18,0.11,0.72,73198.55,111838.003
1065,000587.SZ,20170124,15.31,15.4,15.08,15.18,15.33,-0.15,-0.98,68451.11,103983.72
1066,000587.SZ,20170123,15.35,15.45,15.22,15.33,15.29,0.04,0.26,58367.48,89550.9
1067,000587.SZ,20170120,14.8,15.42,14.8,15.29,14.81,0.48,3.24,91194.05,138470.548
1068,000587.SZ,20170119,15.05,15.12,14.67,14.81,15.05,-0.24,-1.59,73120.97,108688.308
1069,000587.SZ,20170118,15.27,15.36,15.02,15.05,15.22,-0.17,-1.12,86805.14,131449.752
1070,000587.SZ,20170117,14.8,15.28,14.63,15.22,14.28,0.94,6.58,188922.71,280300.426
1071,000587.SZ,20170116,14.82,14.86,13.61,14.28,14.82,-0.54,-3.64,94702.74,135608.459
1072,000587.SZ,20170113,15.18,15.27,14.74,14.82,15.18,-0.36,-2.37,53738.0,80489.069
1073,000587.SZ,20170112,15.25,15.38,15.13,15.18,15.21,-0.03,-0.2,31974.33,48611.742
1074,000587.SZ,20170111,15.63,15.63,15.1,15.21,15.51,-0.3,-1.93,55236.66,84550.637
1075,000587.SZ,20170110,15.5,15.7,15.45,15.51,15.52,-0.01,-0.06,47159.02,73316.992
1076,000587.SZ,20170109,15.58,15.75,15.4,15.52,15.58,-0.06,-0.39,54167.97,84057.235
1077,000587.SZ,20170106,15.78,15.99,15.51,15.58,15.74,-0.16,-1.02,72223.34,113373.98
1078,000587.SZ,20170105,15.5,15.84,15.39,15.74,15.5,0.24,1.55,108492.03,170469.937
1079,000587.SZ,20170104,15.4,15.57,15.23,15.5,15.4,0.1,0.65,101112.68,156343.927
1080,000587.SZ,20170103,15.08,15.65,14.96,15.4,14.88,0.52,3.49,180783.98,277482.188
1081,000587.SZ,20161230,14.54,14.9,14.46,14.88,14.42,0.46,3.19,96672.5,142509.101
1082,000587.SZ,20161229,14.45,14.54,14.4,14.42,14.4,0.02,0.14,30220.06,43695.91
1083,000587.SZ,20161228,14.59,14.59,14.37,14.4,14.59,-0.19,-1.3,44799.91,64748.274
1084,000587.SZ,20161227,14.52,14.62,14.48,14.59,14.61,-0.02,-0.14,44766.88,65157.541
1085,000587.SZ,20161226,14.54,14.66,14.22,14.61,14.53,0.08,0.55,69588.15,100257.58
1086,000587.SZ,20161223,14.7,14.78,14.39,14.53,14.71,-0.18,-1.22,64965.21,94640.558
1087,000587.SZ,20161222,14.85,14.85,14.66,14.71,14.83,-0.12,-0.81,45134.43,66489.438
1088,000587.SZ,20161221,14.75,14.87,14.72,14.83,14.72,0.11,0.75,59786.21,88411.527
1089,000587.SZ,20161220,14.71,14.84,14.65,14.72,14.79,-0.07,-0.47,56722.18,83506.539
1090,000587.SZ,20161219,14.69,14.84,14.56,14.79,14.71,0.08,0.54,71203.81,104814.246
1091,000587.SZ,20161216,14.82,14.82,14.61,14.71,14.82,-0.11,-0.74,106086.43,155969.844
1092,000587.SZ,20161215,14.93,15.2,14.78,14.82,15.11,-0.29,-1.92,94435.76,141094.086
1093,000587.SZ,20161214,15.09,15.26,14.83,15.11,15.0,0.11,0.73,61713.22,92768.868
1094,000587.SZ,20161213,14.92,15.15,14.87,15.0,14.96,0.04,0.27,62551.66,93787.109
1095,000587.SZ,20161212,16.12,16.2,14.96,14.96,16.16,-1.2,-7.43,134047.54,206900.347
1096,000587.SZ,20161209,16.06,16.37,16.04,16.16,16.1,0.06,0.37,67646.72,109903.231
1097,000587.SZ,20161208,16.08,16.19,16.02,16.1,16.2,-0.1,-0.62,49217.1,79276.549
1098,000587.SZ,20161207,15.9,16.3,15.9,16.2,15.94,0.26,1.63,72765.62,117550.732
1099,000587.SZ,20161206,15.94,16.11,15.87,15.94,15.98,-0.04,-0.25,55247.55,88271.393
1100,000587.SZ,20161205,15.83,16.2,15.82,15.98,16.06,-0.08,-0.5,57750.13,92390.217
1101,000587.SZ,20161202,16.57,16.62,16.02,16.06,16.57,-0.51,-3.08,109628.81,177816.67
1102,000587.SZ,20161201,16.49,16.64,16.34,16.57,16.52,0.05,0.3,67390.2,111280.443
1103,000587.SZ,20161130,16.48,16.54,16.23,16.52,16.49,0.03,0.18,95418.09,156287.088
1104,000587.SZ,20161129,16.84,16.86,16.36,16.49,16.91,-0.42,-2.48,160900.86,266546.495
1105,000587.SZ,20161128,17.08,17.08,16.73,16.91,17.01,-0.1,-0.59,130797.74,220657.319
1106,000587.SZ,20161125,16.99,17.23,16.68,17.01,16.94,0.07,0.41,185298.04,313830.563
1107,000587.SZ,20161124,16.48,17.08,16.48,16.94,16.63,0.31,1.86,219968.81,369827.618
1108,000587.SZ,20161123,16.8,16.82,16.37,16.63,16.8,-0.17,-1.01,181548.92,301010.156
1109,000587.SZ,20161122,16.46,16.93,16.35,16.8,16.33,0.47,2.88,299714.54,499961.857
1110,000587.SZ,20161121,15.96,16.35,15.96,16.33,15.98,0.35,2.19,149201.82,241341.376
1111,000587.SZ,20161118,16.3,16.4,15.94,15.98,16.22,-0.24,-1.48,145405.31,235059.058
1112,000587.SZ,20161117,16.11,16.25,15.91,16.22,16.14,0.08,0.5,127502.54,205450.557
1113,000587.SZ,20161116,15.88,16.28,15.81,16.14,15.87,0.27,1.7,178939.8,286988.747
1114,000587.SZ,20161115,15.67,15.87,15.63,15.87,15.7,0.17,1.08,113671.05,179106.214
1115,000587.SZ,20161114,15.54,15.83,15.5,15.7,15.65,0.05,0.32,111980.42,175444.787
1116,000587.SZ,20161111,15.74,15.74,15.55,15.65,15.78,-0.13,-0.82,119608.57,186993.828
1117,000587.SZ,20161110,15.55,15.84,15.53,15.78,15.89,-0.11,-0.69,167916.95,263730.458
1118,000587.SZ,20161109,15.56,16.17,15.4,15.89,15.56,0.33,2.12,267997.16,423156.002
1119,000587.SZ,20161108,15.4,15.57,15.35,15.56,15.42,0.14,0.91,63554.17,98279.659
1120,000587.SZ,20161107,15.58,15.6,15.37,15.42,15.55,-0.13,-0.84,73659.24,113630.362
1121,000587.SZ,20161104,15.72,15.73,15.47,15.55,15.7,-0.15,-0.96,84508.61,131582.094
1122,000587.SZ,20161103,15.8,15.81,15.59,15.7,15.79,-0.09,-0.57,109861.35,172329.155
1123,000587.SZ,20161102,15.4,15.94,15.4,15.79,15.4,0.39,2.53,171578.76,269740.361
1124,000587.SZ,20161101,15.38,15.44,15.22,15.4,15.38,0.02,0.13,72672.84,111321.47
1125,000587.SZ,20161031,15.35,15.39,15.16,15.38,15.35,0.03,0.2,54939.33,83831.17
1126,000587.SZ,20161028,15.65,15.66,15.32,15.35,15.54,-0.19,-1.22,73980.54,114613.5741
1127,000587.SZ,20161027,15.57,15.68,15.41,15.54,15.55,-0.01,-0.06,55145.47,85621.9717
1128,000587.SZ,20161026,15.64,15.77,15.49,15.55,15.6,-0.05,-0.32,77491.33,121161.615
1129,000587.SZ,20161025,15.52,15.76,15.52,15.6,15.5,0.1,0.65,94426.05,147847.5471
1130,000587.SZ,20161024,15.21,15.53,15.17,15.5,15.2,0.3,1.97,119170.56,183651.9679
1131,000587.SZ,20161021,15.26,15.27,15.02,15.2,15.2,0.0,0.0,48460.88,73493.1667
1132,000587.SZ,20161020,15.24,15.31,15.16,15.2,15.24,-0.04,-0.26,45726.86,69548.2736
1133,000587.SZ,20161019,15.3,15.35,15.18,15.24,15.29,-0.05,-0.33,49340.19,75384.1869
1134,000587.SZ,20161018,15.14,15.32,15.02,15.29,15.17,0.12,0.79,83452.35,127088.7969
1135,000587.SZ,20161017,15.45,15.45,15.0,15.17,15.5,-0.33,-2.13,146784.73,222163.3352
1136,000587.SZ,20161014,15.34,15.56,15.25,15.5,15.39,0.11,0.71,47241.07,72740.1951
1137,000587.SZ,20161013,15.44,15.57,15.39,15.39,15.47,-0.08,-0.52,50843.59,78612.2069
1138,000587.SZ,20161012,15.34,15.59,15.32,15.47,15.4,0.07,0.45,52511.36,81231.1388
1139,000587.SZ,20161011,15.36,15.45,15.29,15.4,15.39,0.01,0.07,54968.14,84530.4128
1140,000587.SZ,20161010,15.09,15.42,15.0,15.39,15.22,0.17,1.12,62134.56,94971.2848
1141,000587.SZ,20160930,15.0,15.24,14.97,15.22,15.01,0.21,1.4,39175.24,59256.8947
1142,000587.SZ,20160929,14.93,15.15,14.93,15.01,14.95,0.06,0.4,41671.89,62749.1369
1143,000587.SZ,20160928,15.0,15.0,14.82,14.95,15.01,-0.06,-0.4,30013.37,44763.5332
1144,000587.SZ,20160927,14.8,15.07,14.7,15.01,14.84,0.17,1.15,46240.35,68827.7475
1145,000587.SZ,20160926,15.25,15.49,14.8,14.84,15.35,-0.51,-3.32,76754.4,115731.7944
1146,000587.SZ,20160923,15.46,15.49,15.32,15.35,15.4,-0.05,-0.32,35958.45,55328.0535
1147,000587.SZ,20160922,15.39,15.52,15.32,15.4,15.29,0.11,0.72,46914.59,72351.7914
1148,000587.SZ,20160921,15.19,15.36,15.19,15.29,15.27,0.02,0.13,51627.39,78750.6955
1149,000587.SZ,20160920,15.54,15.55,15.2,15.27,15.52,-0.25,-1.61,62781.94,96403.0012
1150,000587.SZ,20160919,15.52,15.57,15.42,15.52,15.5,0.02,0.13,35210.28,54570.1199
1151,000587.SZ,20160914,15.44,15.61,15.37,15.5,15.48,0.02,0.13,37170.9,57597.9212
1152,000587.SZ,20160913,15.56,15.59,15.37,15.48,15.42,0.06,0.39,40618.87,62822.7607
1153,000587.SZ,20160912,15.61,15.79,15.4,15.42,15.93,-0.51,-3.2,68071.33,106290.2169
1154,000587.SZ,20160909,15.94,16.08,15.9,15.93,15.94,-0.01,-0.06,49882.86,79777.948
1155,000587.SZ,20160908,15.87,16.09,15.85,15.94,15.94,0.0,0.0,59032.61,94124.9464
1156,000587.SZ,20160907,16.15,16.2,15.91,15.94,16.01,-0.07,-0.44,85963.05,138263.7604
1157,000587.SZ,20160906,15.65,16.05,15.55,16.01,15.66,0.35,2.24,75955.91,120287.5503
1158,000587.SZ,20160905,15.61,15.79,15.6,15.66,15.59,0.07,0.45,39723.02,62379.0266
1159,000587.SZ,20160902,15.73,15.81,15.5,15.59,15.71,-0.12,-0.76,66703.5,104345.4077
1160,000587.SZ,20160901,15.79,15.86,15.69,15.71,15.73,-0.02,-0.13,48566.73,76700.1984
1161,000587.SZ,20160831,15.73,15.79,15.6,15.73,15.73,0.0,0.0,43378.33,68106.6693
1162,000587.SZ,20160830,15.74,15.85,15.65,15.73,15.73,0.0,0.0,57172.44,90116.6363
1163,000587.SZ,20160829,15.67,15.82,15.61,15.73,15.72,0.01,0.06,54269.69,85281.7547
1164,000587.SZ,20160826,15.66,15.86,15.6,15.72,15.66,0.06,0.38,66505.33,104754.6666
1165,000587.SZ,20160825,15.92,15.92,15.56,15.66,15.99,-0.33,-2.06,85023.57,133396.5216
1166,000587.SZ,20160824,16.38,16.38,15.93,15.99,16.51,-0.52,-3.15,155315.82,249687.2421
1167,000587.SZ,20160823,16.41,16.69,16.2,16.51,16.44,0.07,0.43,94963.42,155938.0022
1168,000587.SZ,20160822,16.4,16.78,16.31,16.44,16.4,0.04,0.24,118905.03,196291.3622
1169,000587.SZ,20160819,16.05,16.51,15.93,16.4,16.06,0.34,2.12,119919.24,194417.6071
1170,000587.SZ,20160818,16.12,16.26,16.0,16.06,16.13,-0.07,-0.43,58024.65,93511.0807
1171,000587.SZ,20160817,16.15,16.17,15.88,16.13,16.17,-0.04,-0.25,66692.67,107005.6113
1172,000587.SZ,20160816,15.95,16.32,15.9,16.17,15.93,0.24,1.51,96978.92,156442.2628
1173,000587.SZ,20160815,15.47,16.04,15.46,15.93,15.61,0.32,2.05,107994.61,170919.134
1174,000587.SZ,20160812,15.46,15.66,15.31,15.61,15.45,0.16,1.04,52167.71,80803.7775
1175,000587.SZ,20160811,15.9,15.9,15.44,15.45,15.9,-0.45,-2.83,85651.56,133629.2863
1176,000587.SZ,20160810,15.82,16.06,15.8,15.9,15.81,0.09,0.57,74678.81,118973.5839
1177,000587.SZ,20160809,15.62,15.84,15.55,15.81,15.7,0.11,0.7,71629.36,112629.977
1178,000587.SZ,20160808,15.5,15.74,15.27,15.7,15.69,0.01,0.06,72567.8,112457.6193
1179,000587.SZ,20160805,15.67,15.78,15.56,15.69,15.67,0.02,0.13,49757.28,77961.0903
1180,000587.SZ,20160804,15.61,15.74,15.46,15.67,15.68,-0.01,-0.06,56038.42,87282.4288
1181,000587.SZ,20160803,15.69,15.8,15.6,15.68,15.61,0.07,0.45,59009.15,92651.6117
1182,000587.SZ,20160802,15.56,15.67,15.37,15.61,15.55,0.06,0.39,62091.19,96314.6043
1183,000587.SZ,20160801,15.96,16.05,15.45,15.55,15.87,-0.32,-2.02,82832.53,129670.914
1184,000587.SZ,20160729,15.79,16.18,15.74,15.87,15.85,0.02,0.13,99393.03,158883.1984
1185,000587.SZ,20160728,15.88,15.92,15.53,15.85,15.65,0.2,1.28,110237.24,173766.6737
1186,000587.SZ,20160727,16.6,16.6,15.36,15.65,16.58,-0.93,-5.61,149959.32,239582.1063
1187,000587.SZ,20160726,16.25,16.58,16.24,16.58,16.21,0.37,2.28,92466.53,151901.2337
1188,000587.SZ,20160725,16.21,16.4,16.13,16.21,16.29,-0.08,-0.49,72690.2,118190.3456
1189,000587.SZ,20160722,16.63,16.69,16.28,16.29,16.56,-0.27,-1.63,118611.84,194641.7491
1190,000587.SZ,20160721,16.45,16.67,16.43,16.56,16.56,0.0,0.0,96727.33,160127.3098
1191,000587.SZ,20160720,16.8,16.88,16.55,16.56,16.77,-0.21,-1.25,99977.32,166878.5291
1192,000587.SZ,20160719,17.03,17.14,16.6,16.77,17.09,-0.32,-1.87,140068.64,235404.4627
1193,000587.SZ,20160718,17.21,17.38,17.0,17.09,17.25,-0.16,-0.93,150585.21,258784.0176
1194,000587.SZ,20160715,17.1,17.39,16.99,17.25,17.28,-0.03,-0.17,242090.01,415869.3759
1195,000587.SZ,20160714,17.44,17.89,16.95,17.28,16.52,0.76,4.6,439237.24,761670.4725
1196,000587.SZ,20160713,16.13,16.56,16.06,16.52,16.35,0.17,1.04,122929.4,200898.6708
1197,000587.SZ,20160712,16.5,16.56,15.96,16.35,16.41,-0.06,-0.37,130124.25,211971.9373
1198,000587.SZ,20160711,16.2,17.12,16.2,16.41,16.2,0.21,1.3,228136.65,380507.6468
1199,000587.SZ,20160708,16.5,16.6,16.18,16.2,16.63,-0.43,-2.59,168620.12,275524.8055
1200,000587.SZ,20160707,16.15,16.98,16.05,16.63,16.2,0.43,2.65,359763.75,597763.8805
1201,000587.SZ,20160706,15.72,16.52,15.72,16.2,15.65,0.55,3.51,266501.34,430329.7701
1202,000587.SZ,20160705,16.0,16.12,15.58,15.65,15.92,-0.27,-1.7,157138.43,247396.9817
1203,000587.SZ,20160704,15.6,16.2,15.6,15.92,15.65,0.27,1.73,178889.59,284906.446
1204,000587.SZ,20160701,15.45,15.86,15.4,15.65,15.43,0.22,1.43,130387.48,204052.7873
1205,000587.SZ,20160630,15.55,15.61,15.39,15.43,15.51,-0.08,-0.52,66378.93,102543.2156
1206,000587.SZ,20160629,15.53,15.57,15.36,15.51,15.53,-0.02,-0.13,88322.9,136805.5541
1207,000587.SZ,20160628,15.53,15.68,15.31,15.53,15.61,-0.08,-0.51,98678.87,152766.1616
1208,000587.SZ,20160627,15.82,15.94,15.42,15.61,15.81,-0.2,-1.27,159458.75,249701.9715
1209,000587.SZ,20160624,15.23,15.85,15.09,15.81,15.11,0.7,4.63,210770.7,327065.873
1210,000587.SZ,20160623,15.3,15.31,14.96,15.11,15.31,-0.2,-1.31,56812.93,85873.643
1211,000587.SZ,20160622,15.09,15.35,15.08,15.31,15.24,0.07,0.46,80106.35,121659.0364
1212,000587.SZ,20160621,15.49,15.68,15.13,15.24,15.52,-0.28,-1.8,83314.43,128081.463
1213,000587.SZ,20160620,15.71,15.77,15.3,15.52,15.77,-0.25,-1.59,64876.28,100416.3727
1214,000587.SZ,20160617,15.65,15.95,15.57,15.77,16.06,-0.29,-1.81,120595.08,190070.1818
1215,000587.SZ,20160616,16.17,16.32,15.73,16.06,16.06,0.0,0.0,195705.7,312222.4586
1216,000587.SZ,20160615,15.1,16.09,15.0,16.06,15.3,0.76,4.97,249142.62,390158.9106
1217,000587.SZ,20160614,14.45,15.32,14.33,15.3,14.62,0.68,4.65,175039.15,259445.8236
1218,000587.SZ,20160613,14.3,15.1,14.1,14.62,14.36,0.26,1.81,160985.63,236947.6422
1219,000587.SZ,20160608,14.45,14.45,14.23,14.36,14.46,-0.1,-0.69,59702.62,85474.9258
1220,000587.SZ,20160607,14.5,14.55,14.39,14.46,14.56,-0.1,-0.69,59707.79,86257.909
1221,000587.SZ,20160606,14.8,14.97,14.42,14.56,14.5,0.06,0.41,76054.49,111525.8943
1222,000587.SZ,20160603,14.52,14.72,14.4,14.5,14.63,-0.13,-0.89,72457.22,105194.8844
1223,000587.SZ,20160602,14.61,14.76,14.57,14.63,14.69,-0.06,-0.41,59153.55,86549.3164
1224,000587.SZ,20160601,14.64,14.94,14.58,14.69,14.64,0.05,0.34,110709.32,163115.639
1225,000587.SZ,20160531,14.08,14.68,14.06,14.64,14.07,0.57,4.05,121312.8,174580.7259
1226,000587.SZ,20160530,13.85,14.18,13.6,14.07,13.82,0.25,1.81,69652.13,96733.5038
1227,000587.SZ,20160527,13.89,13.95,13.69,13.82,13.96,-0.14,-1.0,49801.58,68725.2727
1228,000587.SZ,20160526,14.29,14.35,13.65,13.96,14.28,-0.32,-2.24,88915.51,123251.7474
1229,000587.SZ,20160525,14.4,14.44,14.1,14.28,14.37,-0.09,-0.63,63676.61,90935.648
1230,000587.SZ,20160524,14.41,14.47,14.19,14.37,14.4,-0.03,-0.21,58643.55,83918.6045
1231,000587.SZ,20160523,14.39,14.54,14.36,14.4,14.37,0.03,0.21,46240.84,66777.5404
1232,000587.SZ,20160520,14.17,14.54,14.17,14.37,14.35,0.02,0.14,49370.15,71175.3482
1233,000587.SZ,20160519,14.42,14.7,14.22,14.35,14.5,-0.15,-1.03,63281.57,91862.9063
1234,000587.SZ,20160518,14.81,14.85,14.06,14.5,14.96,-0.46,-3.07,69890.94,101176.8707
1235,000587.SZ,20160517,14.74,15.15,14.74,14.96,14.83,0.13,0.88,68158.78,101942.3914
1236,000587.SZ,20160516,14.6,14.95,14.49,14.83,14.61,0.22,1.51,64669.75,95010.823
1237,000587.SZ,20160513,14.85,15.09,14.55,14.61,14.89,-0.28,-1.88,63708.89,94036.5144
1238,000587.SZ,20160512,14.9,14.9,14.3,14.89,15.13,-0.24,-1.59,72894.4,106561.3098
1239,000587.SZ,20160511,15.5,15.56,15.11,15.13,15.45,-0.32,-2.07,83298.68,127183.7012
1240,000587.SZ,20160510,15.66,15.9,15.08,15.45,15.78,-0.33,-2.09,102400.14,158014.2768
1241,000587.SZ,20160509,15.98,16.1,15.57,15.78,15.98,-0.2,-1.25,77628.84,122423.0411
1242,000587.SZ,20160506,16.58,16.7,15.98,15.98,16.62,-0.64,-3.85,89562.16,145598.1954
1243,000587.SZ,20160505,16.61,16.72,16.5,16.62,16.62,0.0,0.0,61183.53,101741.1957
1244,000587.SZ,20160504,16.65,16.78,16.61,16.62,16.83,-0.21,-1.25,74055.88,123615.2593
1245,000587.SZ,20160503,16.72,16.89,16.51,16.83,16.56,0.27,1.63,96570.11,161746.8212
1246,000587.SZ,20160429,16.32,16.69,16.21,16.56,16.34,0.22,1.35,71047.16,117482.0479
1247,000587.SZ,20160428,16.15,16.37,16.05,16.34,16.15,0.19,1.18,72537.55,117722.6898
1248,000587.SZ,20160427,16.26,16.38,16.14,16.15,16.36,-0.21,-1.28,56320.45,91466.1777
1249,000587.SZ,20160426,16.25,16.41,16.2,16.36,16.19,0.17,1.05,58488.61,95485.4007
1250,000587.SZ,20160425,16.23,16.44,16.03,16.19,16.17,0.02,0.12,57119.26,92373.9963
1251,000587.SZ,20160422,15.98,16.17,15.89,16.17,16.1,0.07,0.43,47481.07,76167.2837
1252,000587.SZ,20160421,16.01,16.3,15.94,16.1,16.0,0.1,0.63,101065.33,162299.5726
1253,000587.SZ,20160420,17.27,17.35,15.82,16.0,17.17,-1.17,-6.81,166334.72,275139.569
1254,000587.SZ,20160419,17.26,17.38,17.02,17.17,17.15,0.02,0.12,67708.19,116200.9717
1255,000587.SZ,20160418,17.5,17.51,17.05,17.15,17.72,-0.57,-3.22,101940.43,175107.2939
1256,000587.SZ,20160415,18.0,18.0,17.5,17.72,18.31,-0.59,-3.22,166010.55,294088.5014
1257,000587.SZ,20160414,17.56,18.36,17.47,18.31,17.55,0.76,4.33,185405.07,331566.5989
1258,000587.SZ,20160413,16.71,17.88,16.69,17.55,16.59,0.96,5.79,196160.6,340974.0458
1259,000587.SZ,20160412,16.81,16.94,16.45,16.59,16.83,-0.24,-1.43,68062.31,113111.3801
1260,000587.SZ,20160411,16.68,16.99,16.68,16.83,16.63,0.2,1.2,70663.26,119022.797
1261,000587.SZ,20160408,16.83,16.85,16.3,16.63,16.81,-0.18,-1.07,73393.32,121465.3641
1262,000587.SZ,20160407,17.32,17.65,16.81,16.81,17.31,-0.5,-2.89,118983.91,205633.388
1263,000587.SZ,20160406,16.89,17.54,16.89,17.31,16.95,0.36,2.12,122158.02,210478.4391
1264,000587.SZ,20160405,16.7,17.1,16.56,16.95,16.75,0.2,1.19,100367.25,169481.1453
1265,000587.SZ,20160401,16.76,16.77,16.35,16.75,16.78,-0.03,-0.18,58343.38,96413.6163
1266,000587.SZ,20160331,16.71,16.95,16.58,16.78,16.69,0.09,0.54,73310.55,122689.5641
1267,000587.SZ,20160330,16.4,16.7,16.38,16.69,16.23,0.46,2.83,88031.18,145488.543
1268,000587.SZ,20160329,16.76,16.84,16.16,16.23,16.84,-0.61,-3.62,66612.92,109273.152
1269,000587.SZ,20160328,17.05,17.2,16.63,16.84,16.91,-0.07,-0.41,72330.34,122707.009
1270,000587.SZ,20160325,16.71,16.99,16.61,16.91,16.78,0.13,0.77,60708.21,101977.6736
1271,000587.SZ,20160324,16.78,16.96,16.6,16.78,16.97,-0.19,-1.12,99627.14,166962.5818
1272,000587.SZ,20160323,17.04,17.28,16.7,16.97,17.06,-0.09,-0.53,96335.7,163576.5132
1273,000587.SZ,20160322,17.39,17.48,17.01,17.06,17.48,-0.42,-2.4,88612.98,152597.9706
1274,000587.SZ,20160321,17.08,17.74,17.08,17.48,17.01,0.47,2.76,168241.95,293311.7202
1275,000587.SZ,20160318,16.46,17.21,16.4,17.01,16.3,0.71,4.36,162148.93,274132.0908
1276,000587.SZ,20160317,16.02,16.66,16.02,16.3,15.9,0.4,2.52,104521.92,170310.0643
1277,000587.SZ,20160316,16.15,16.49,15.78,15.9,16.23,-0.33,-2.03,62916.72,101171.8608
1278,000587.SZ,20160315,16.33,16.4,16.0,16.23,16.45,-0.22,-1.34,58668.15,95027.8276
1279,000587.SZ,20160314,16.03,16.73,15.98,16.45,15.87,0.58,3.65,77157.76,126793.5182
1280,000587.SZ,20160311,16.18,16.18,15.79,15.87,16.22,-0.35,-2.16,69600.24,111025.9987
1281,000587.SZ,20160310,16.68,16.89,16.18,16.22,16.82,-0.6,-3.57,73883.67,121419.5412
1282,000587.SZ,20160309,16.5,16.96,16.3,16.82,16.96,-0.14,-0.83,82091.74,136442.5676
1283,000587.SZ,20160308,17.31,17.39,16.39,16.96,17.44,-0.48,-2.75,115064.51,193354.4214
1284,000587.SZ,20160307,17.34,17.78,16.7,17.44,17.35,0.09,0.52,140344.02,242561.0126
1285,000587.SZ,20160304,17.26,18.3,16.91,17.35,17.45,-0.1,-0.57,147692.09,259467.8052
1286,000587.SZ,20160303,17.1,17.83,17.1,17.45,17.47,-0.02,-0.11,127173.14,222844.0055
1287,000587.SZ,20160302,16.09,17.73,15.76,17.47,16.12,1.35,8.37,212427.44,352965.1535
1288,000587.SZ,20160301,16.15,16.55,15.57,16.12,16.1,0.02,0.12,130022.05,209711.0084
1289,000587.SZ,20160229,17.57,17.57,16.1,16.1,17.89,-1.79,-10.01,137541.1,225745.5052
1290,000587.SZ,20160226,17.91,18.2,17.0,17.89,17.82,0.07,0.39,187649.58,332137.2117
1291,000587.SZ,20160225,19.63,19.73,17.82,17.82,19.8,-1.98,-10.0,166570.8,306872.9352
1292,000587.SZ,20160224,19.61,20.1,18.5,19.8,19.8,0.0,0.0,194684.16,375266.7281
1293,000587.SZ,20160223,19.2,20.08,19.2,19.8,19.68,0.12,0.61,189362.51,373813.804
1294,000587.SZ,20160222,20.53,20.8,19.5,19.68,19.5,0.18,0.92,277955.96,556126.7269
1295,000587.SZ,20160219,18.96,19.94,18.83,19.5,18.8,0.7,3.72,225076.6,434538.4838
1296,000587.SZ,20160218,18.7,19.25,18.38,18.8,18.22,0.58,3.18,248487.46,469281.2719
1297,000587.SZ,20160217,16.88,18.41,16.88,18.22,17.24,0.98,5.68,237947.11,420962.4657
1298,000587.SZ,20160216,16.22,17.35,16.16,17.24,16.7,0.54,3.23,207609.15,348265.8695
1299,000587.SZ,20160215,17.51,17.51,16.05,16.7,15.92,0.78,4.9,220576.7,373887.571
1300,000587.SZ,20160129,15.52,16.08,15.2,15.92,15.99,-0.07,-0.44,128058.0,202192.284
1301,000587.SZ,20160128,16.06,16.2,15.2,15.99,16.5,-0.51,-3.09,76640.59,120700.9862
1302,000587.SZ,20160127,16.42,16.6,15.2,16.5,16.55,-0.05,-0.3,85281.43,135024.9726
1303,000587.SZ,20160126,17.39,17.39,15.76,16.55,17.51,-0.96,-5.48,102787.19,169299.703
1304,000587.SZ,20160125,17.39,17.78,17.39,17.51,17.33,0.18,1.04,55876.23,97994.8242
1305,000587.SZ,20160122,17.75,17.76,16.71,17.33,17.27,0.06,0.35,53287.73,91420.1827
1306,000587.SZ,20160121,17.66,18.09,17.27,17.27,18.08,-0.81,-4.48,48878.26,86638.6029
1307,000587.SZ,20160120,17.9,18.12,17.19,18.08,18.1,-0.02,-0.11,108232.36,192531.25
1308,000587.SZ,20160119,17.7,18.34,17.51,18.1,17.7,0.4,2.26,77287.54,138927.2226
1309,000587.SZ,20160118,17.39,18.2,17.0,17.7,17.6,0.1,0.57,91632.71,161540.3595
1310,000587.SZ,20160115,17.2,18.21,17.2,17.6,17.68,-0.08,-0.45,181035.55,322601.6079
1311,000587.SZ,20160114,16.15,17.7,15.16,17.68,16.75,0.93,5.55,164916.33,269876.7663
1312,000587.SZ,20160113,17.81,18.04,16.56,16.75,17.81,-1.06,-5.95,68835.43,120067.7119
1313,000587.SZ,20160112,17.8,18.27,17.36,17.81,17.8,0.01,0.06,123799.44,220785.7153
1314,000587.SZ,20160111,18.38,18.96,17.5,17.8,18.76,-0.96,-5.12,120580.89,218496.898
1315,000587.SZ,20160108,18.81,18.95,17.05,18.76,18.05,0.71,3.93,119176.01,220103.4192
1316,000587.SZ,20160107,19.8,19.8,18.03,18.05,20.02,-1.97,-9.84,26943.03,50954.918
1317,000587.SZ,20160106,19.1,20.02,18.85,20.02,19.05,0.97,5.09,142662.56,277109.2324
1318,000587.SZ,20160105,17.6,19.4,17.56,19.05,19.13,-0.08,-0.42,137024.83,255008.8633
1319,000587.SZ,20160104,21.21,21.31,19.13,19.13,21.25,-2.12,-9.98,109097.3,217808.4092
1320,000587.SZ,20151231,21.15,21.44,21.0,21.25,21.15,0.1,0.47,130170.11,276462.8538
1321,000587.SZ,20151230,20.92,21.29,20.8,21.15,20.96,0.19,0.91,127502.96,269120.793
1322,000587.SZ,20151229,20.65,21.08,20.08,20.96,20.51,0.45,2.19,122712.77,253483.4912
1323,000587.SZ,20151228,21.11,21.39,20.51,20.51,21.03,-0.52,-2.47,143738.3,301667.2016
1324,000587.SZ,20151225,21.33,21.59,20.98,21.03,21.46,-0.43,-2.0,141966.41,303013.3728
1325,000587.SZ,20151224,21.9,21.9,20.77,21.46,21.46,0.0,0.0,215564.98,458462.5404
1326,000587.SZ,20151223,22.4,22.4,20.95,21.46,21.4,0.06,0.28,264397.04,567021.4204
1327,000587.SZ,20151222,20.32,21.52,20.25,21.4,20.29,1.11,5.47,301630.77,629561.1468
1328,000587.SZ,20151221,20.1,20.48,19.98,20.29,20.2,0.09,0.45,139615.51,283548.9753
1329,000587.SZ,20151218,20.06,20.4,20.0,20.2,20.2,0.0,0.0,109595.37,221040.3181
1330,000587.SZ,20151217,19.93,20.4,19.9,20.2,19.96,0.24,1.2,192646.91,386672.7701
1331,000587.SZ,20151216,20.0,20.35,19.77,19.96,20.18,-0.22,-1.09,119855.17,240752.7683
1332,000587.SZ,20151215,19.99,20.8,19.92,20.18,19.22,0.96,4.99,293471.56,596030.6061
1333,000587.SZ,20151214,18.33,19.4,18.26,19.22,18.56,0.66,3.56,186779.42,355310.993
1334,000587.SZ,20151211,18.2,18.7,17.95,18.56,18.44,0.12,0.65,131283.59,240459.7057
1335,000587.SZ,20151210,18.38,18.65,18.25,18.44,18.73,-0.29,-1.55,83926.54,154971.6613
1336,000587.SZ,20151209,18.84,18.9,18.1,18.73,18.86,-0.13,-0.69,247504.82,455448.781
1337,000587.SZ,20151208,19.75,19.88,18.81,18.86,19.9,-1.04,-5.23,157657.44,301797.0485
1338,000587.SZ,20151207,19.81,19.9,19.35,19.9,19.73,0.17,0.86,170171.99,334160.6365
1339,000587.SZ,20151204,19.18,19.95,19.01,19.73,19.25,0.48,2.49,164258.16,322750.5446
1340,000587.SZ,20151203,18.99,19.41,18.82,19.25,19.1,0.15,0.79,78798.0,151314.4496
1341,000587.SZ,20151202,18.96,19.2,18.31,19.1,19.01,0.09,0.47,99755.86,187266.0803
1342,000587.SZ,20151201,19.21,19.21,18.6,19.01,19.25,-0.24,-1.25,110666.08,208475.182
1343,000587.SZ,20151130,19.65,19.8,18.0,19.25,19.76,-0.51,-2.58,163498.45,309353.5949
1344,000587.SZ,20151127,20.85,20.96,19.0,19.76,20.9,-1.14,-5.45,187090.02,375749.4937
1345,000587.SZ,20151126,20.73,21.13,20.51,20.9,20.75,0.15,0.72,181883.08,379050.2316
1346,000587.SZ,20151125,20.43,20.8,20.1,20.75,20.43,0.32,1.57,241355.88,494733.6826
1347,000587.SZ,20151124,20.35,20.5,19.7,20.43,20.49,-0.06,-0.29,184740.38,369303.3314
1348,000587.SZ,20151123,21.0,21.0,20.31,20.49,20.87,-0.38,-1.82,192601.61,393944.7517
1349,000587.SZ,20151120,20.6,21.34,20.6,20.87,20.58,0.29,1.41,135589.32,284298.1826
1350,000587.SZ,20151119,20.45,20.75,20.28,20.58,20.3,0.28,1.38,77761.05,159015.2114
1351,000587.SZ,20151118,21.0,21.19,20.1,20.3,20.94,-0.64,-3.06,141844.45,293105.5718
1352,000587.SZ,20151117,21.36,22.25,20.9,20.94,21.36,-0.42,-1.97,259044.02,557624.4174
1353,000587.SZ,20151116,20.59,21.48,20.2,21.36,20.93,0.43,2.05,157647.78,327359.5554
1354,000587.SZ,20151113,22.0,22.0,20.9,20.93,22.2,-1.27,-5.72,224638.2,481713.5801
1355,000587.SZ,20151112,22.35,22.68,21.78,22.2,22.2,0.0,0.0,234211.93,519273.5103
1356,000587.SZ,20151111,21.09,22.3,20.91,22.2,21.26,0.94,4.42,314084.78,684199.6735
1357,000587.SZ,20151110,20.66,21.31,20.31,21.26,20.61,0.65,3.15,268251.16,557310.1327
1358,000587.SZ,20151109,20.79,21.0,20.3,20.61,20.8,-0.19,-0.91,204276.71,422131.4961
1359,000587.SZ,20151106,20.65,20.99,20.02,20.8,20.45,0.35,1.71,164958.0,342627.9518
1360,000587.SZ,20151105,21.05,21.12,20.3,20.45,21.03,-0.58,-2.76,206272.3,427468.5499
1361,000587.SZ,20151104,19.9,21.03,19.8,21.03,19.94,1.09,5.47,199217.54,409291.5262
1362,000587.SZ,20151103,19.9,20.3,18.85,19.94,19.46,0.48,2.47,184267.49,361684.8632
1363,000587.SZ,20151102,19.98,20.31,19.0,19.46,20.67,-1.21,-5.85,152016.5,301359.154
1364,000587.SZ,20151030,21.0,21.15,20.61,20.67,21.15,-0.48,-2.27,140033.63,292168.5916
1365,000587.SZ,20151029,20.89,21.15,20.5,21.15,20.86,0.29,1.39,180938.31,377326.7437
1366,000587.SZ,20151028,21.5,22.1,20.35,20.86,21.9,-1.04,-4.75,364633.19,767863.3134
1367,000587.SZ,20151027,23.3,23.3,21.32,21.9,23.69,-1.79,-7.56,429458.47,940265.4563
1368,000587.SZ,20151026,25.19,25.88,23.6,23.69,24.88,-1.19,-4.78,380203.74,941706.3152
1369,000587.SZ,20151023,24.28,25.4,24.26,24.88,23.84,1.04,4.36,354228.01,875888.3654
1370,000587.SZ,20151022,23.87,24.08,22.75,23.84,23.6,0.24,1.02,228004.27,534105.4709
1371,000587.SZ,20151021,23.3,24.97,22.25,23.6,23.37,0.23,0.98,431007.33,1033448.1526
1372,000587.SZ,20151020,23.5,23.77,23.2,23.37,23.36,0.01,0.04,154686.01,361899.0745
1373,000587.SZ,20151019,23.35,23.5,22.65,23.36,23.15,0.21,0.91,174296.11,404644.2523
1374,000587.SZ,20151016,23.28,23.78,22.82,23.15,23.33,-0.18,-0.77,144415.38,334462.7645
1375,000587.SZ,20151015,22.5,23.47,22.21,23.33,22.69,0.64,2.82,158248.22,365060.5904
1376,000587.SZ,20151014,22.6,23.45,22.01,22.69,22.71,-0.02,-0.09,173366.86,392374.9055
1377,000587.SZ,20151013,22.22,23.06,21.8,22.71,22.2,0.51,2.3,218048.91,493244.4078
1378,000587.SZ,20151012,20.32,22.3,20.32,22.2,20.29,1.91,9.41,231936.48,497025.0422
1379,000587.SZ,20151009,20.13,20.5,20.13,20.29,20.3,-0.01,-0.05,76283.35,155113.8607
1380,000587.SZ,20151008,20.03,20.76,19.9,20.3,19.58,0.72,3.68,126640.64,256568.1427
1381,000587.SZ,20150930,19.8,19.99,19.53,19.58,19.79,-0.21,-1.06,71281.11,140308.5278
1382,000587.SZ,20150929,19.11,20.28,19.11,19.79,19.57,0.22,1.12,156194.93,309770.0011
1383,000587.SZ,20150928,19.3,19.68,18.9,19.57,19.6,-0.03,-0.15,88400.96,171688.8017
1384,000587.SZ,20150925,19.9,19.95,18.79,19.6,19.78,-0.18,-0.91,127129.04,245937.808
1385,000587.SZ,20150924,19.82,20.48,19.59,19.78,19.82,-0.04,-0.2,108455.45,215898.8085
1386,000587.SZ,20150923,19.91,20.4,19.5,19.82,20.39,-0.57,-2.8,118021.76,236525.3674
1387,000587.SZ,20150922,20.33,21.2,20.1,20.39,20.25,0.14,0.69,190277.34,394338.6619
1388,000587.SZ,20150921,19.8,20.65,19.72,20.25,20.38,-0.13,-0.64,174469.73,354755.7865
1389,000587.SZ,20150918,19.49,21.0,18.9,20.38,19.55,0.83,4.25,244094.16,484024.9639
1390,000587.SZ,20150917,19.04,19.98,18.61,19.55,19.48,0.07,0.36,277209.77,538229.3068
1391,000587.SZ,20150916,17.69,19.5,16.2,19.48,17.8,1.68,9.44,291816.15,518312.1083
1392,000587.SZ,20150915,17.6,19.28,17.6,17.8,19.3,-1.5,-7.77,145405.5,264758.3146
1393,000587.SZ,20150914,20.3,20.7,18.7,19.3,20.31,-1.01,-4.97,232339.36,455669.0294
1394,000587.SZ,20150911,20.3,20.9,19.46,20.31,20.6,-0.29,-1.41,200880.44,407626.619
1395,000587.SZ,20150910,20.58,21.2,20.1,20.6,20.38,0.22,1.08,264020.2,548014.1375
1396,000587.SZ,20150909,19.17,20.48,18.99,20.38,19.79,0.59,2.98,328315.86,646376.1059
1397,000587.SZ,20150908,17.7,19.79,17.64,19.79,19.6,0.19,0.97,251613.54,465329.0171
1398,000587.SZ,20150826,17.9,19.6,16.93,19.6,18.8,0.8,4.26,395492.4,722470.3747
1399,000587.SZ,20150825,16.04,18.8,16.04,18.8,17.82,0.98,5.5,270606.64,445971.9359
1400,000587.SZ,20150824,18.28,18.4,17.82,17.82,19.8,-1.98,-10.0,127885.45,228914.4214
1401,000587.SZ,20150821,21.0,21.96,19.8,19.8,22.0,-2.2,-10.0,259279.72,528161.9984
1402,000587.SZ,20150820,23.0,24.35,21.31,22.0,23.17,-1.17,-5.05,352369.66,823728.4765
1403,000587.SZ,20150819,19.9,23.46,19.51,23.17,21.68,1.49,6.87,288309.56,605055.3931
1404,000587.SZ,20150818,24.2,24.2,21.68,21.68,24.09,-2.41,-10.0,169141.28,384314.3542
1405,000587.SZ,20150817,23.8,24.26,22.71,24.09,23.91,0.18,0.75,198896.9,469311.3738
1406,000587.SZ,20150814,24.3,25.3,23.5,23.91,24.07,-0.16,-0.66,181911.84,446291.1322
1407,000587.SZ,20150813,23.85,24.53,22.81,24.07,24.15,-0.08,-0.33,196784.21,467314.3138
1408,000587.SZ,20150812,22.85,24.87,22.5,24.15,23.38,0.77,3.29,300734.39,726979.0189
1409,000587.SZ,20150811,22.5,24.12,22.35,23.38,22.58,0.8,3.54,221653.52,519499.8153
1410,000587.SZ,20150810,20.99,22.58,20.6,22.58,20.53,2.05,9.99,228489.27,496200.973
1411,000587.SZ,20150807,19.19,20.7,19.19,20.53,19.16,1.37,7.15,241084.44,484209.2765
1412,000587.SZ,20150806,18.6,20.0,18.3,19.16,19.0,0.16,0.84,214567.89,414271.3747
1413,000587.SZ,20150805,18.2,19.37,18.18,19.0,19.2,-0.2,-1.04,231118.82,435536.9496
1414,000587.SZ,20150804,18.12,19.31,17.15,19.2,18.11,1.09,6.02,283423.17,519625.2186
1415,000587.SZ,20150803,19.02,19.02,17.1,18.11,19.0,-0.89,-4.68,318171.82,555046.0565
1416,000587.SZ,20150731,19.0,20.0,18.39,19.0,19.39,-0.39,-2.01,194575.46,371344.1119
1417,000587.SZ,20150730,20.0,21.0,19.29,19.39,20.0,-0.61,-3.05,194213.81,396224.3471
1418,000587.SZ,20150729,19.52,20.08,18.28,20.0,19.21,0.79,4.11,216673.55,418347.3548
1419,000587.SZ,20150728,20.0,20.9,18.67,19.21,20.74,-1.53,-7.38,338370.18,656255.2203
1420,000587.SZ,20150727,22.3,23.85,20.74,20.74,23.04,-2.3,-9.98,350020.22,780354.4814
1421,000587.SZ,20150724,23.91,24.77,22.5,23.04,23.9,-0.86,-3.6,220862.29,526949.6155
1422,000587.SZ,20150723,23.35,24.3,22.91,23.9,23.59,0.31,1.31,244831.3,577411.8712
1423,000587.SZ,20150722,24.22,25.2,22.89,23.59,24.17,-0.58,-2.4,327105.55,781061.214
1424,000587.SZ,20150721,21.5,24.17,21.01,24.17,21.97,2.2,10.01,390502.69,902943.8693
1425,000587.SZ,20150720,20.24,22.6,20.0,21.97,20.61,1.36,6.6,420326.74,909472.8372
1426,000587.SZ,20150717,19.0,20.61,16.87,20.61,18.74,1.87,9.98,533124.36,996717.0168
1427,000587.SZ,20150702,20.45,21.02,18.74,18.74,20.82,-2.08,-9.99,349456.17,662875.4066
1428,000587.SZ,20150701,22.5,24.0,20.82,20.82,23.13,-2.31,-9.99,204632.67,461836.1575
1429,000587.SZ,20150630,22.0,25.3,20.8,23.13,23.11,0.02,0.09,264313.9,584732.9671
1430,000587.SZ,20150629,26.65,26.85,23.11,23.11,25.68,-2.57,-10.01,205654.72,492292.3075
1431,000587.SZ,20150626,27.8,27.88,25.68,25.68,28.53,-2.85,-9.99,131761.29,351859.3215
1432,000587.SZ,20150625,28.3,30.0,27.1,28.53,27.89,0.64,2.29,216500.49,622489.7695
1433,000587.SZ,20150624,28.38,29.0,26.7,27.89,27.88,0.01,0.04,154917.7,432806.3236
1434,000587.SZ,20150623,28.8,29.2,25.65,27.88,28.1,-0.22,-0.78,138176.21,382048.7319
1435,000587.SZ,20150619,29.9,29.9,27.73,28.1,30.81,-2.71,-8.8,221863.34,634436.1277
1436,000587.SZ,20150618,33.7,34.75,30.81,30.81,34.23,-3.42,-9.99,163321.12,533055.3296
1437,000587.SZ,20150617,33.98,35.0,31.61,34.23,34.64,-0.41,-1.18,171026.21,566759.5921
1438,000587.SZ,20150616,37.58,38.5,34.48,34.64,37.58,-2.94,-7.82,226999.19,819377.765
1439,000587.SZ,20150615,37.5,39.0,36.5,37.58,37.16,0.42,1.13,189279.3,711440.0407
1440,000587.SZ,20150612,36.0,38.08,35.38,37.16,35.28,1.88,5.33,209243.32,774463.6972
1441,000587.SZ,20150611,35.47,35.56,34.15,35.28,35.4,-0.12,-0.34,186192.24,650113.8438
1442,000587.SZ,20150610,34.0,36.02,33.5,35.4,34.66,0.74,2.14,183817.19,645369.4208
1443,000587.SZ,20150609,35.0,36.2,33.95,34.66,35.12,-0.46,-1.31,152442.33,536951.1932
1444,000587.SZ,20150608,33.84,36.0,32.45,35.12,33.84,1.28,3.78,237754.6,812618.6076
1445,000587.SZ,20150605,35.5,35.87,32.81,33.84,34.66,-0.82,-2.37,191637.42,658694.3348
1446,000587.SZ,20150604,36.7,36.72,33.1,34.66,36.7,-2.04,-5.56,219325.13,758735.6985
1447,000587.SZ,20150603,37.09,37.88,35.6,36.7,36.84,-0.14,-0.38,174853.96,640686.6588
1448,000587.SZ,20150602,36.28,37.0,35.0,36.84,36.29,0.55,1.52,214528.82,771449.8165
1449,000587.SZ,20150601,35.4,37.99,35.4,36.29,35.2,1.09,3.1,308617.92,1133231.7975
1450,000587.SZ,20150529,32.7,35.29,30.0,35.2,32.09,3.11,9.69,373056.92,1252723.5605
1451,000587.SZ,20150528,31.89,33.59,31.2,32.09,30.54,1.55,5.08,379610.21,1242046.8541
1452,000587.SZ,20150527,31.03,31.03,29.7,30.54,31.04,-0.5,-1.61,165370.47,503463.6064
1453,000587.SZ,20150526,31.29,31.9,30.5,31.04,30.56,0.48,1.57,211444.62,661158.2994
1454,000587.SZ,20150525,29.41,32.28,29.0,30.56,30.02,0.54,1.8,249943.23,773854.1885
1455,000587.SZ,20150522,31.02,31.02,29.15,30.02,30.87,-0.85,-2.75,215459.13,651068.8833
1456,000587.SZ,20150521,27.75,31.06,27.75,30.87,28.24,2.63,9.31,300859.98,901633.0254
1457,000587.SZ,20150520,28.21,29.1,27.8,28.24,28.34,-0.1,-0.35,259980.16,738942.1346
1458,000587.SZ,20150519,28.5,28.78,27.51,28.34,28.33,0.01,0.04,217800.2,615489.499
1459,000587.SZ,20150518,28.0,29.0,26.3,28.33,27.77,0.56,2.02,271732.09,757257.0319
1460,000587.SZ,20150515,29.09,29.78,27.54,27.77,27.54,0.23,0.84,359676.28,1036487.7235
1461,000587.SZ,20150514,25.75,27.54,25.75,27.54,25.04,2.5,9.98,285873.93,765730.1896
1462,000587.SZ,20150513,23.01,25.04,22.5,25.04,22.76,2.28,10.02,403357.68,976430.6593
1463,000587.SZ,20150512,22.6,23.44,21.9,22.76,22.56,0.2,0.89,268711.56,611155.6338
1464,000587.SZ,20150511,21.99,22.66,21.51,22.56,21.4,1.16,5.42,314660.92,695385.1639
1465,000587.SZ,20150508,20.5,21.5,20.35,21.4,20.56,0.84,4.09,318079.09,667208.2456
1466,000587.SZ,20150507,21.43,22.35,20.01,20.56,21.41,-0.85,-3.97,574038.54,1221359.4487
1467,000587.SZ,20150506,19.78,21.41,19.58,21.41,19.46,1.95,10.02,433265.18,902167.9857
1468,000587.SZ,20150505,18.7,20.61,18.4,19.46,19.12,0.34,1.78,648826.03,1264386.1354
1469,000587.SZ,20150504,19.12,19.12,16.33,19.12,17.38,1.74,10.01,825187.66,1548112.9648
1470,000587.SZ,20150430,17.38,17.38,17.38,17.38,15.8,1.58,10.0,4775.77,8300.2883
1471,000587.SZ,20150429,15.8,15.8,15.8,15.8,14.36,1.44,10.03,27520.5,43482.39
1472,000587.SZ,20150428,14.36,14.36,14.36,14.36,13.05,1.31,10.04,1351.62,1940.9263
1473,000587.SZ,20150427,13.05,13.05,13.05,13.05,11.86,1.19,10.03,707.15,922.8308
1474,000587.SZ,20150202,11.68,11.96,11.45,11.86,11.7,0.16,1.37,144772.7,170232.1418
1475,000587.SZ,20150130,11.83,11.88,11.65,11.7,11.83,-0.13,-1.1,109031.29,128234.1791
1476,000587.SZ,20150129,11.69,11.98,11.62,11.83,11.75,0.08,0.68,141966.31,168089.9579
1477,000587.SZ,20150128,11.75,12.06,11.63,11.75,11.73,0.02,0.17,174348.81,206959.9572
1478,000587.SZ,20150127,11.58,11.78,11.5,11.73,11.67,0.06,0.51,119968.21,139637.1573
1479,000587.SZ,20150126,11.72,11.75,11.4,11.67,11.8,-0.13,-1.1,138801.07,160983.9191
1480,000587.SZ,20150123,11.82,11.96,11.64,11.8,11.83,-0.03,-0.25,104828.58,123446.0917
1481,000587.SZ,20150122,11.78,12.0,11.6,11.83,11.8,0.03,0.25,193759.6,228355.4383
1482,000587.SZ,20150121,11.55,12.06,11.4,11.8,11.46,0.34,2.97,304205.8,358303.4021
1483,000587.SZ,20150120,10.87,11.55,10.85,11.46,10.9,0.56,5.14,213885.4,240965.7703
1484,000587.SZ,20150119,10.58,11.15,10.48,10.9,10.74,0.16,1.49,215887.06,237230.8647
1485,000587.SZ,20150116,10.59,10.79,10.52,10.74,10.55,0.19,1.8,57313.63,60873.8243
1486,000587.SZ,20150115,10.5,10.57,10.43,10.55,10.54,0.01,0.09,29301.74,30726.846
1487,000587.SZ,20150114,10.6,10.71,10.32,10.54,10.68,-0.14,-1.31,48951.08,51486.2988
1488,000587.SZ,20150113,10.52,10.7,10.35,10.68,10.54,0.14,1.33,65815.73,68961.8389
1489,000587.SZ,20150112,10.75,10.76,10.54,10.54,10.8,-0.26,-2.41,63736.01,67873.4704
1490,000587.SZ,20150109,10.7,10.82,10.66,10.8,10.68,0.12,1.12,68468.35,73473.1263
1491,000587.SZ,20150108,10.82,10.88,10.62,10.68,10.97,-0.29,-2.64,65843.96,70747.5303
1492,000587.SZ,20150107,10.89,11.23,10.74,10.97,10.89,0.08,0.73,100713.47,110880.6809
1493,000587.SZ,20150106,10.79,10.93,10.64,10.89,10.82,0.07,0.65,93853.1,101138.5626
1494,000587.SZ,20150105,11.02,11.02,10.7,10.82,11.04,-0.22,-1.99,86330.44,93492.1333
1495,000587.SZ,20141231,10.87,11.19,10.84,11.04,10.92,0.12,1.1,116779.26,128739.6865
1496,000587.SZ,20141230,10.85,11.25,10.7,10.92,10.86,0.06,0.55,149683.78,164464.75
1497,000587.SZ,20141229,10.75,10.93,10.52,10.86,10.79,0.07,0.65,123302.42,131995.6736
1498,000587.SZ,20141226,10.73,10.93,10.57,10.79,10.74,0.05,0.47,131004.88,141386.6138
1499,000587.SZ,20141225,10.32,10.87,10.25,10.74,10.32,0.42,4.07,238214.11,252980.1733
1500,000587.SZ,20141224,9.65,10.5,9.63,10.32,9.68,0.64,6.61,179633.66,180325.008
1501,000587.SZ,20141223,9.6,9.87,9.41,9.68,9.63,0.05,0.52,163978.54,157985.0673
1502,000587.SZ,20141222,10.12,10.12,9.26,9.63,10.29,-0.66,-6.41,174828.18,169337.6403
1503,000587.SZ,20141219,10.45,10.49,10.03,10.29,10.49,-0.2,-1.91,118920.36,122135.6361
1504,000587.SZ,20141218,10.41,10.53,10.38,10.49,10.41,0.08,0.77,100085.31,104653.8297
1505,000587.SZ,20141217,10.59,10.65,10.39,10.41,10.58,-0.17,-1.61,140230.64,146789.5198
1506,000587.SZ,20141216,10.8,10.96,10.43,10.58,10.43,0.15,1.44,246790.64,262806.1227
1507,000587.SZ,20141208,10.38,10.57,10.23,10.43,10.44,-0.01,-0.1,135921.23,141496.149
1508,000587.SZ,20141205,10.94,10.98,10.2,10.44,10.94,-0.5,-4.57,188731.1,199932.1776
1509,000587.SZ,20141204,10.91,10.98,10.79,10.94,10.9,0.04,0.37,181802.53,198487.5158
1510,000587.SZ,20141203,10.78,11.1,10.7,10.9,10.8,0.1,0.93,173630.04,188862.071
1511,000587.SZ,20141202,10.76,10.85,10.7,10.8,10.72,0.08,0.75,122702.72,132291.5063
1512,000587.SZ,20141201,11.04,11.04,10.65,10.72,11.12,-0.4,-3.6,170805.57,183766.9456
1513,000587.SZ,20141128,11.04,11.25,10.99,11.12,11.02,0.1,0.91,176925.44,196490.9248
1514,000587.SZ,20141127,10.92,11.02,10.9,11.02,10.9,0.12,1.1,111508.07,122163.8939
1515,000587.SZ,20141126,10.96,10.99,10.85,10.9,11.0,-0.1,-0.91,123831.88,135095.9761
1516,000587.SZ,20141125,10.8,11.03,10.74,11.0,10.81,0.19,1.76,153396.26,167168.0124
1517,000587.SZ,20141124,10.78,10.87,10.78,10.81,10.75,0.06,0.56,113027.0,122304.377
1518,000587.SZ,20141121,10.76,10.82,10.67,10.75,10.77,-0.02,-0.19,68666.29,73591.8215
1519,000587.SZ,20141120,10.68,10.87,10.65,10.77,10.74,0.03,0.28,67497.65,72689.4728
1520,000587.SZ,20141119,10.8,10.92,10.63,10.74,10.76,-0.02,-0.19,85714.16,92028.4509
1521,000587.SZ,20141118,10.91,10.96,10.73,10.76,10.97,-0.21,-1.91,104990.82,113915.5574
1522,000587.SZ,20141117,10.74,11.1,10.67,10.97,10.79,0.18,1.67,158396.95,172071.6512
1523,000587.SZ,20141114,10.7,10.87,10.53,10.79,10.73,0.06,0.56,162344.93,173820.0807
1524,000587.SZ,20141113,10.78,10.88,10.66,10.73,10.77,-0.04,-0.37,64944.76,69851.6119
1525,000587.SZ,20141112,10.76,10.89,10.72,10.77,10.76,0.01,0.09,58597.72,63346.6386
1526,000587.SZ,20141111,11.08,11.14,10.63,10.76,11.12,-0.36,-3.24,143086.82,157190.819
1527,000587.SZ,20141110,11.13,11.19,10.99,11.12,11.13,-0.01,-0.09,110654.52,122937.6755
1528,000587.SZ,20141107,11.19,11.26,11.02,11.13,11.19,-0.06,-0.54,117979.23,132013.5815
1529,000587.SZ,20141106,11.19,11.27,11.13,11.19,11.3,-0.11,-0.97,65208.24,73022.8944
1530,000587.SZ,20141105,11.33,11.41,11.18,11.3,11.34,-0.04,-0.35,165235.8,186884.716
1531,000587.SZ,20141104,11.33,11.46,11.28,11.34,11.43,-0.09,-0.79,163950.18,186608.8989
1532,000587.SZ,20141103,11.19,11.5,11.0,11.43,11.26,0.17,1.51,206868.86,233845.4024
1533,000587.SZ,20141031,11.16,11.42,11.11,11.26,11.18,0.08,0.72,118666.58,133560.2864
1534,000587.SZ,20141030,11.07,11.25,10.93,11.18,11.05,0.13,1.18,125282.54,139001.6992
1535,000587.SZ,20141029,10.97,11.05,10.83,11.05,10.93,0.12,1.1,113435.86,124092.8434
1536,000587.SZ,20141028,10.67,10.96,10.66,10.93,10.65,0.28,2.63,57210.51,62117.8532
1537,000587.SZ,20141027,10.76,10.78,10.61,10.65,10.76,-0.11,-1.02,49519.31,52787.5886
1538,000587.SZ,20141024,10.7,10.77,10.62,10.76,10.7,0.06,0.56,50211.83,53736.2287
1539,000587.SZ,20141023,10.97,11.1,10.69,10.7,11.0,-0.3,-2.73,67272.74,73225.9358
1540,000587.SZ,20141022,11.2,11.28,11.0,11.0,11.24,-0.24,-2.14,89369.85,99156.8139
1541,000587.SZ,20141021,11.41,11.43,11.23,11.24,11.41,-0.17,-1.49,53990.16,61147.3084
1542,000587.SZ,20141020,11.36,11.42,11.25,11.41,11.4,0.01,0.09,76482.86,86630.3588
1543,000587.SZ,20141017,11.35,11.55,11.16,11.4,11.38,0.02,0.18,153179.17,174151.713
1544,000587.SZ,20141016,11.56,11.65,11.33,11.38,11.74,-0.36,-3.07,159706.99,182829.035
1545,000587.SZ,20141015,11.39,11.78,11.25,11.74,11.47,0.27,2.35,221451.43,254087.5678
1546,000587.SZ,20141014,11.97,12.02,11.25,11.47,11.93,-0.46,-3.86,318257.72,367918.1593
1547,000587.SZ,20141013,11.99,12.2,11.85,11.93,12.42,-0.49,-3.95,133510.03,159810.7448
1548,000587.SZ,20141010,12.65,12.68,12.38,12.42,12.68,-0.26,-2.05,103035.12,128612.2456
1549,000587.SZ,20141009,12.6,12.83,12.54,12.68,12.59,0.09,0.71,95696.53,121200.3185
1550,000587.SZ,20141008,12.58,12.76,12.51,12.59,12.62,-0.03,-0.24,87824.08,110652.0067
1551,000587.SZ,20140930,12.57,12.77,12.5,12.62,12.56,0.06,0.48,102869.85,130298.3155
1552,000587.SZ,20140929,12.35,12.62,12.29,12.56,12.19,0.37,3.04,186538.19,231747.668
1553,000587.SZ,20140926,12.19,12.23,12.06,12.19,12.19,0.0,0.0,69694.61,84807.3386
1554,000587.SZ,20140925,12.29,12.38,12.15,12.19,12.29,-0.1,-0.81,111220.22,136057.1225
1555,000587.SZ,20140924,11.76,12.3,11.65,12.29,11.81,0.48,4.06,119757.24,143711.5067
1556,000587.SZ,20140923,11.66,11.82,11.61,11.81,11.66,0.15,1.29,52123.72,60984.1306
1557,000587.SZ,20140922,11.75,11.84,11.65,11.66,11.78,-0.12,-1.02,42124.64,49353.9402
1558,000587.SZ,20140919,11.75,11.83,11.67,11.78,11.73,0.05,0.43,53590.39,62894.7642
1559,000587.SZ,20140918,11.79,11.88,11.68,11.73,11.77,-0.04,-0.34,61761.29,72647.8114
1560,000587.SZ,20140917,11.81,11.99,11.67,11.77,11.8,-0.03,-0.25,67111.76,79185.8839
1561,000587.SZ,20140916,12.17,12.3,11.8,11.8,12.14,-0.34,-2.8,97518.83,117792.8262
1562,000587.SZ,20140915,12.14,12.19,11.95,12.14,12.07,0.07,0.58,99073.23,119366.9681
1563,000587.SZ,20140912,11.89,12.1,11.82,12.07,11.88,0.19,1.6,59548.3,71476.1851
1564,000587.SZ,20140911,11.92,12.07,11.85,11.88,11.95,-0.07,-0.59,79328.66,94822.2453
1565,000587.SZ,20140910,11.96,12.03,11.85,11.95,11.96,-0.01,-0.08,56496.64,67461.441
1566,000587.SZ,20140909,12.08,12.12,11.88,11.96,12.04,-0.08,-0.66,64708.8,77395.4581
1567,000587.SZ,20140905,12.02,12.15,11.9,12.04,11.97,0.07,0.58,74837.2,89847.0652
1568,000587.SZ,20140904,11.91,12.01,11.84,11.97,11.92,0.05,0.42,63536.23,76027.9471
1569,000587.SZ,20140903,11.71,11.96,11.71,11.92,11.77,0.15,1.27,84987.84,100968.8922
1570,000587.SZ,20140902,11.83,11.96,11.6,11.77,11.78,-0.01,-0.08,93570.22,109944.3121
1571,000587.SZ,20140901,11.35,11.8,11.23,11.78,11.34,0.44,3.88,83380.34,96425.0662
1572,000587.SZ,20140829,11.6,11.69,11.12,11.34,11.58,-0.24,-2.07,103860.41,117580.5051
1573,000587.SZ,20140828,11.67,12.08,11.57,11.58,11.63,-0.05,-0.43,84141.98,99031.5404
1574,000587.SZ,20140827,11.59,11.88,11.53,11.63,11.71,-0.08,-0.68,78294.98,91557.0723
1575,000587.SZ,20140826,12.15,12.34,11.53,11.71,12.78,-1.07,-8.37,179359.22,213139.6983
1576,000587.SZ,20140822,12.69,13.02,12.69,12.78,12.75,0.03,0.24,46187.77,59346.6051
1577,000587.SZ,20140821,12.94,12.99,12.62,12.75,12.84,-0.09,-0.7,53013.78,67817.5701
1578,000587.SZ,20140820,12.61,13.2,12.61,12.84,12.63,0.21,1.66,78589.54,101985.5994
1579,000587.SZ,20140819,12.65,12.79,12.55,12.63,12.65,-0.02,-0.16,54618.78,69144.3587
1580,000587.SZ,20140818,12.44,12.74,12.44,12.65,12.45,0.2,1.61,51132.22,64647.1008
1581,000587.SZ,20140815,12.38,12.59,12.33,12.45,12.41,0.04,0.32,59256.63,73980.5785
1582,000587.SZ,20140814,12.66,12.8,12.29,12.41,12.61,-0.2,-1.59,101926.99,127529.1261
1583,000587.SZ,20140813,12.75,12.75,12.4,12.61,12.54,0.07,0.56,76631.52,96153.9449
1584,000587.SZ,20140812,12.03,12.87,12.01,12.54,12.01,0.53,4.41,152304.33,189555.806
1585,000587.SZ,20140811,11.7,12.16,11.64,12.01,11.64,0.37,3.18,107478.89,128746.2712
1586,000587.SZ,20140808,11.48,11.69,11.39,11.64,11.49,0.15,1.31,56088.02,64958.3197
1587,000587.SZ,20140807,11.51,11.6,11.33,11.49,11.51,-0.02,-0.17,57387.43,65846.3753
1588,000587.SZ,20140806,11.49,11.64,11.44,11.51,11.52,-0.01,-0.09,54153.54,62578.8431
1589,000587.SZ,20140805,11.41,11.54,11.33,11.52,11.41,0.11,0.96,41555.02,47672.462
1590,000587.SZ,20140804,11.3,11.46,11.2,11.41,11.3,0.11,0.97,47481.36,53861.5075
1591,000587.SZ,20140801,11.46,11.52,11.24,11.3,11.59,-0.29,-2.5,50512.64,57613.6535
1592,000587.SZ,20140731,11.24,11.66,11.15,11.59,11.26,0.33,2.93,75279.78,86017.0207
1593,000587.SZ,20140730,11.47,11.49,11.22,11.26,11.5,-0.24,-2.09,45321.82,51366.6247
1594,000587.SZ,20140729,11.3,11.58,11.25,11.5,11.28,0.22,1.95,39022.68,44668.1369
1595,000587.SZ,20140728,11.23,11.38,11.18,11.28,11.23,0.05,0.45,41636.35,47030.6366
1596,000587.SZ,20140725,11.0,11.33,11.0,11.23,11.04,0.19,1.72,23027.02,25838.1389
1597,000587.SZ,20140724,10.98,11.07,10.9,11.04,11.0,0.04,0.36,23039.8,25283.6276
1598,000587.SZ,20140723,11.22,11.24,10.98,11.0,11.21,-0.21,-1.87,31480.28,34846.6259
1599,000587.SZ,20140722,11.15,11.34,11.14,11.21,11.19,0.02,0.18,28888.21,32433.9379
1600,000587.SZ,20140721,11.28,11.38,11.17,11.19,11.27,-0.08,-0.71,17794.8,20006.5354
1601,000587.SZ,20140718,11.27,11.34,11.2,11.27,11.25,0.02,0.18,16728.52,18838.1786
1602,000587.SZ,20140717,11.4,11.4,11.0,11.25,11.41,-0.16,-1.4,32248.92,36073.1811
1603,000587.SZ,20140716,11.37,11.48,11.3,11.41,11.4,0.01,0.09,27051.83,30851.8322
1604,000587.SZ,20140715,11.45,11.46,11.27,11.4,11.49,-0.09,-0.78,40344.32,45801.2918
1605,000587.SZ,20140714,11.6,11.78,11.45,11.49,11.6,-0.11,-0.95,48500.22,56196.6391
1606,000587.SZ,20140711,11.63,11.82,11.53,11.6,11.58,0.02,0.17,40608.8,47299.4642
1607,000587.SZ,20140710,11.29,11.75,11.23,11.58,11.32,0.26,2.3,42287.89,48968.3068
1608,000587.SZ,20140709,11.61,11.68,11.3,11.32,11.61,-0.29,-2.5,54670.0,62914.3909
1609,000587.SZ,20140708,11.52,11.88,11.46,11.61,11.55,0.06,0.52,67831.77,79374.1441
1610,000587.SZ,20140707,11.36,11.88,11.26,11.55,11.36,0.19,1.67,90401.82,104981.9884
1611,000587.SZ,20140704,10.69,11.49,10.54,11.36,10.74,0.62,5.77,88276.19,97136.044
1612,000587.SZ,20140703,10.79,10.88,10.7,10.74,10.82,-0.08,-0.74,30443.23,32750.3272
1613,000587.SZ,20140702,10.77,10.99,10.7,10.82,10.77,0.05,0.46,47685.14,51700.564
1614,000587.SZ,20140701,10.38,10.9,10.31,10.77,10.38,0.39,3.76,84445.6,90619.6972
1615,000587.SZ,20140630,10.48,10.48,10.34,10.38,10.33,0.05,0.48,25223.6,26208.147
1616,000587.SZ,20140627,10.32,10.44,10.21,10.33,10.29,0.04,0.39,36406.67,37579.7023
1617,000587.SZ,20140626,10.25,10.36,10.2,10.29,10.25,0.04,0.39,25444.72,26163.7708
1618,000587.SZ,20140625,10.28,10.42,10.25,10.25,10.38,-0.13,-1.25,17321.64,17823.5357
1619,000587.SZ,20140624,10.32,10.47,10.28,10.38,10.32,0.06,0.58,44950.26,46611.2703
1620,000587.SZ,20140623,10.28,10.34,10.13,10.32,10.3,0.02,0.19,29664.43,30407.1895
1621,000587.SZ,20140620,10.29,10.45,10.0,10.3,10.2,0.1,0.98,29415.08,30009.9772
1622,000587.SZ,20140619,10.41,10.44,10.15,10.2,10.41,-0.21,-2.02,32345.77,33260.9241
1623,000587.SZ,20140618,10.44,10.62,10.37,10.41,10.47,-0.06,-0.57,23638.21,24762.9953
1624,000587.SZ,20140617,10.65,10.65,10.46,10.47,10.65,-0.18,-1.69,24368.08,25636.2433
1625,000587.SZ,20140616,10.71,10.73,10.57,10.65,10.7,-0.05,-0.47,30054.4,31994.3323
1626,000587.SZ,20140613,10.58,10.75,10.41,10.7,10.6,0.1,0.94,55729.93,59054.4415
1627,000587.SZ,20140612,10.28,10.88,10.26,10.6,10.3,0.3,2.91,64350.58,68125.3596
1628,000587.SZ,20140611,10.28,10.35,10.2,10.3,10.27,0.03,0.29,37045.1,38059.6881
1629,000587.SZ,20140610,10.4,10.48,10.24,10.27,10.39,-0.12,-1.16,52883.55,54499.6906
1630,000587.SZ,20140609,10.65,10.66,10.3,10.39,10.67,-0.28,-2.62,35386.92,37097.5852
1631,000587.SZ,20140606,10.32,10.99,10.28,10.67,10.25,0.42,4.1,36590.74,39197.5271
1632,000587.SZ,20140605,10.41,10.41,10.24,10.31,10.37,-0.06,-0.58,29256.38,30217.1313
1633,000587.SZ,20140604,10.59,10.59,10.28,10.37,10.54,-0.17,-1.61,28528.08,29649.0978
1634,000587.SZ,20140603,10.67,10.73,10.5,10.54,10.66,-0.12,-1.13,24918.12,26424.0461
1635,000587.SZ,20140530,10.5,10.7,10.46,10.66,10.52,0.14,1.33,24903.79,26347.2575
1636,000587.SZ,20140529,10.91,10.91,10.5,10.52,10.89,-0.37,-3.4,25625.61,27486.5095
1637,000587.SZ,20140528,10.8,10.9,10.75,10.89,10.87,0.02,0.18,27040.59,29291.8203
1638,000587.SZ,20140527,10.88,11.05,10.85,10.87,10.93,-0.06,-0.55,29543.71,32295.2312
1639,000587.SZ,20140526,10.85,10.93,10.78,10.93,10.82,0.11,1.02,23423.44,25424.3966
1640,000587.SZ,20140523,10.74,10.87,10.68,10.82,10.81,0.01,0.09,17144.84,18523.3973
1641,000587.SZ,20140522,10.79,10.92,10.72,10.81,10.79,0.02,0.19,24267.35,26262.524
1642,000587.SZ,20140521,10.69,10.94,10.54,10.79,10.7,0.09,0.84,20384.49,21993.4493
1643,000587.SZ,20140520,10.86,10.98,10.67,10.7,10.83,-0.13,-1.2,45856.77,49455.0345
1644,000587.SZ,20140519,11.18,11.18,10.76,10.83,11.19,-0.36,-3.22,30605.62,33391.6408
1645,000587.SZ,20140516,10.81,11.25,10.6,11.19,10.81,0.38,3.52,62380.94,69123.4942
1646,000587.SZ,20140515,11.03,11.03,10.7,10.81,10.95,-0.14,-1.28,19111.6,20767.8045
1647,000587.SZ,20140514,11.0,11.1,10.88,10.95,11.05,-0.1,-0.91,24165.21,26525.5537
1648,000587.SZ,20140513,11.03,11.2,10.96,11.05,11.03,0.02,0.18,33757.26,37301.9591
1649,000587.SZ,20140512,11.03,11.29,10.71,11.03,10.95,0.08,0.73,54396.15,60053.1793
1650,000587.SZ,20140509,11.29,11.47,10.88,10.95,11.28,-0.33,-2.93,37846.09,41960.6307
1651,000587.SZ,20140508,11.65,11.7,11.18,11.28,11.65,-0.37,-3.18,41161.08,46904.164
1652,000587.SZ,20140507,11.7,11.88,11.52,11.65,11.71,-0.06,-0.51,20990.12,24539.8633
1653,000587.SZ,20140506,11.67,11.97,11.23,11.71,11.65,0.06,0.52,45390.05,52884.412
1654,000587.SZ,20140505,11.77,12.15,11.56,11.65,11.6,0.05,0.43,49057.94,58182.0401
1655,000587.SZ,20140430,10.95,11.75,10.8,11.6,10.69,0.91,8.51,59230.2,67850.2367
1656,000587.SZ,20140429,10.3,10.76,10.01,10.69,10.46,0.23,2.2,48094.06,50700.0584
1657,000587.SZ,20140428,11.7,11.72,10.46,10.46,11.62,-1.16,-9.98,139647.21,146721.4768
1658,000587.SZ,20140425,12.0,12.27,11.6,11.62,12.1,-0.48,-3.97,31898.84,38040.3077
1659,000587.SZ,20140424,12.13,12.24,11.95,12.1,12.13,-0.03,-0.25,26335.74,31834.0645
1660,000587.SZ,20140423,12.27,12.4,12.11,12.13,12.32,-0.19,-1.54,26159.66,31980.8486
1661,000587.SZ,20140422,12.43,12.45,12.17,12.32,12.45,-0.13,-1.04,47083.44,57860.3879
1662,000587.SZ,20140421,12.42,12.56,12.35,12.45,12.57,-0.12,-0.95,42654.88,52916.3767
1663,000587.SZ,20140418,12.83,12.88,12.36,12.57,12.84,-0.27,-2.1,53075.05,66752.0342
1664,000587.SZ,20140417,12.7,12.96,12.68,12.84,12.71,0.13,1.02,36711.0,47011.6359
1665,000587.SZ,20140416,12.77,12.97,12.71,12.71,12.89,-0.18,-1.4,43184.27,55276.5545
1666,000587.SZ,20140415,12.9,13.38,12.83,12.89,12.89,0.0,0.0,93040.52,121799.2005
1667,000587.SZ,20140414,12.26,12.95,12.25,12.89,12.23,0.66,5.4,108102.9,137950.381
1668,000587.SZ,20140411,12.52,12.6,12.2,12.23,12.6,-0.37,-2.94,46017.35,56673.9021
1669,000587.SZ,20140410,12.71,12.85,12.6,12.6,12.78,-0.18,-1.41,50817.66,64657.3772
1670,000587.SZ,20140409,12.69,12.95,12.53,12.78,12.69,0.09,0.71,50440.75,64330.5125
1671,000587.SZ,20140408,12.68,12.8,12.47,12.69,12.68,0.01,0.08,35264.8,44611.8299
1672,000587.SZ,20140404,12.45,12.86,12.42,12.68,12.5,0.18,1.44,44734.52,56400.4085
1673,000587.SZ,20140403,12.1,12.6,11.98,12.5,12.07,0.43,3.56,62214.45,76600.1755
1674,000587.SZ,20140402,12.2,12.68,11.96,12.07,12.37,-0.3,-2.43,92824.91,113121.803
1675,000587.SZ,20140401,12.93,13.13,12.36,12.37,13.73,-1.36,-9.91,105069.47,132335.0945
1676,000587.SZ,20140321,13.63,13.97,13.38,13.73,13.58,0.15,1.1,76552.76,104838.1569
1677,000587.SZ,20140320,13.6,14.5,13.58,13.58,13.76,-0.18,-1.31,115145.22,161653.2881
1678,000587.SZ,20140319,12.89,13.95,12.82,13.76,12.89,0.87,6.75,145096.08,196638.3672
1679,000587.SZ,20140318,12.76,13.08,12.58,12.89,12.8,0.09,0.7,71238.76,91404.5539
1680,000587.SZ,20140317,12.6,12.87,12.49,12.8,12.62,0.18,1.43,46127.06,58532.0694
1681,000587.SZ,20140314,12.5,12.71,12.35,12.62,12.61,0.01,0.08,52319.03,65474.8946
1682,000587.SZ,20140313,12.7,12.88,12.61,12.61,12.71,-0.1,-0.79,40988.43,52235.7596
1683,000587.SZ,20140312,12.73,12.91,12.57,12.71,12.8,-0.09,-0.7,29304.0,37193.7926
1684,000587.SZ,20140311,12.7,12.95,12.52,12.8,12.75,0.05,0.39,70210.55,89399.3495
1685,000587.SZ,20140310,13.28,13.4,12.67,12.75,13.28,-0.53,-3.99,83494.86,107954.2763
1686,000587.SZ,20140307,13.33,13.49,13.12,13.28,13.27,0.01,0.08,47107.56,62563.2021
1687,000587.SZ,20140306,13.45,13.47,13.0,13.27,13.44,-0.17,-1.26,58934.64,77932.7738
1688,000587.SZ,20140305,13.06,13.73,13.05,13.44,13.2,0.24,1.82,95168.34,128047.2319
1689,000587.SZ,20140304,13.16,13.44,13.05,13.2,13.12,0.08,0.61,84748.07,112161.9314
1690,000587.SZ,20140303,13.38,13.53,12.83,13.12,13.35,-0.23,-1.72,119874.88,156973.0365
1691,000587.SZ,20140228,13.5,13.86,13.12,13.35,13.88,-0.53,-3.82,119586.56,160062.7161
1692,000587.SZ,20140227,13.88,14.5,13.7,13.88,13.86,0.02,0.14,111067.24,155754.6914
1693,000587.SZ,20140226,13.86,14.25,13.31,13.86,14.15,-0.29,-2.05,128205.47,177086.2416
1694,000587.SZ,20140225,14.6,14.69,13.8,14.15,14.54,-0.39,-2.68,165116.17,234542.7051
1695,000587.SZ,20140224,14.27,15.36,14.05,14.54,14.74,-0.2,-1.36,164687.42,243390.1317
1696,000587.SZ,20140221,16.19,16.2,14.53,14.74,15.9,-1.16,-7.3,346738.35,524270.0729
1697,000587.SZ,20140220,14.5,15.9,14.2,15.9,14.45,1.45,10.03,445376.33,690790.9878
1698,000587.SZ,20140219,15.5,15.5,13.8,14.45,15.15,-0.7,-4.62,451791.08,661726.8695
1699,000587.SZ,20140218,15.15,15.15,15.15,15.15,13.77,1.38,10.02,9469.97,14347.0046
1700,000587.SZ,20140217,13.77,13.77,13.77,13.77,12.52,1.25,9.98,7047.77,9704.7793
1701,000587.SZ,20131231,11.96,12.67,11.92,12.52,11.95,0.57,4.77,79939.54,99251.5549
1702,000587.SZ,20131230,11.82,12.18,11.82,11.95,11.82,0.13,1.1,35429.24,42629.8984
1703,000587.SZ,20131227,11.69,11.92,11.55,11.82,11.7,0.12,1.03,25687.86,30302.9516
1704,000587.SZ,20131226,12.01,12.01,11.68,11.7,12.08,-0.38,-3.15,33333.88,39620.2934
1705,000587.SZ,20131225,11.96,12.1,11.9,12.08,11.98,0.1,0.83,24059.73,28856.5702
1706,000587.SZ,20131224,12.01,12.11,11.86,11.98,12.01,-0.03,-0.25,21688.98,25932.3999
1707,000587.SZ,20131223,12.1,12.17,11.81,12.01,12.2,-0.19,-1.56,24857.55,29742.7632
1708,000587.SZ,20131220,11.96,12.26,11.91,12.2,11.99,0.21,1.75,42896.47,51864.361
1709,000587.SZ,20131219,11.88,12.12,11.8,11.99,11.88,0.11,0.93,30169.5,36217.6006
1710,000587.SZ,20131218,12.1,12.1,11.68,11.88,12.05,-0.17,-1.41,35734.23,42465.1815
1711,000587.SZ,20131217,12.01,12.18,11.92,12.05,12.01,0.04,0.33,28767.74,34649.761
1712,000587.SZ,20131216,12.46,12.57,11.91,12.01,12.49,-0.48,-3.84,59349.29,72251.8445
1713,000587.SZ,20131213,12.21,12.59,11.97,12.49,12.29,0.2,1.63,91011.59,112370.764
1714,000587.SZ,20131212,11.69,12.31,11.58,12.29,11.82,0.47,3.98,75159.89,90501.756
1715,000587.SZ,20131211,12.42,12.5,11.5,11.82,12.42,-0.6,-4.83,167915.53,197710.2905
1716,000587.SZ,20131210,13.9,13.9,12.42,12.42,13.8,-1.38,-10.0,167804.74,219188.7676
1717,000587.SZ,20131209,13.65,13.86,13.6,13.8,13.66,0.14,1.02,46017.31,63362.3085
1718,000587.SZ,20131206,13.65,13.95,13.55,13.66,13.65,0.01,0.07,63377.32,87388.046
1719,000587.SZ,20131205,13.76,13.85,13.44,13.65,13.76,-0.11,-0.8,103710.44,141995.543
1720,000587.SZ,20131204,12.85,13.85,12.74,13.76,12.78,0.98,7.67,135167.48,178835.1794
1721,000587.SZ,20131203,12.7,12.95,12.45,12.78,12.74,0.04,0.31,37485.74,47522.748
1722,000587.SZ,20131202,12.7,13.13,12.51,12.74,13.0,-0.26,-2.0,86307.47,110650.0888
1723,000587.SZ,20131129,12.68,13.17,12.62,13.0,12.68,0.32,2.52,69200.25,89038.4826
1724,000587.SZ,20131128,12.73,12.81,12.65,12.68,12.69,-0.01,-0.08,34392.24,43775.173
1725,000587.SZ,20131127,12.6,12.75,12.4,12.69,12.63,0.06,0.48,43747.22,55136.199
1726,000587.SZ,20131126,12.77,12.77,12.58,12.63,12.77,-0.14,-1.1,31256.58,39549.8315
1727,000587.SZ,20131125,12.97,12.97,12.73,12.77,12.97,-0.2,-1.54,41593.52,53240.7719
1728,000587.SZ,20131122,12.81,13.07,12.7,12.97,12.88,0.09,0.7,51729.43,66782.6757
1729,000587.SZ,20131121,13.09,13.09,12.76,12.88,13.1,-0.22,-1.68,58312.72,74964.6557
1730,000587.SZ,20131120,12.87,13.1,12.82,13.1,12.9,0.2,1.55,60312.67,78290.5027
1731,000587.SZ,20131119,12.7,12.94,12.58,12.9,12.81,0.09,0.7,49240.15,63033.1816
1732,000587.SZ,20131118,12.9,12.99,12.51,12.81,12.96,-0.15,-1.16,100973.5,128448.4282
1733,000587.SZ,20131115,12.9,13.1,12.85,12.96,12.89,0.07,0.54,62504.84,81148.1728
1734,000587.SZ,20131114,12.8,13.07,12.65,12.89,12.82,0.07,0.546,38833.09,49953.8472
1735,000587.SZ,20131113,13.0,13.09,11.78,12.82,13.09,-0.27,-2.06,42338.4,54610.2321
1736,000587.SZ,20131112,12.88,13.22,12.85,13.09,13.1,-0.01,-0.08,44870.84,58447.5787
1737,000587.SZ,20131111,12.93,13.24,12.5,13.1,12.99,0.11,0.85,66849.86,86047.726
1738,000587.SZ,20131108,12.65,13.04,12.5,12.99,12.7,0.29,2.28,42319.32,54254.0188
1739,000587.SZ,20131107,12.92,12.94,12.55,12.7,12.87,-0.17,-1.32,46195.04,58624.1494
1740,000587.SZ,20131106,13.25,13.3,12.86,12.87,13.05,-0.18,-1.38,28635.0,37291.2993
1741,000587.SZ,20131105,12.8,13.07,12.76,13.05,12.8,0.25,1.95,32577.48,42261.1181
1742,000587.SZ,20131104,12.96,13.15,12.62,12.8,12.9,-0.1,-0.78,31786.01,40827.3357
1743,000587.SZ,20131101,13.24,13.28,12.83,12.9,13.24,-0.34,-2.57,54199.67,70372.2502
1744,000587.SZ,20131031,12.93,13.33,12.8,13.24,12.85,0.39,3.04,64643.6,84851.5631
1745,000587.SZ,20131030,12.55,12.9,12.41,12.85,12.48,0.37,2.96,44449.63,56517.9871
1746,000587.SZ,20131029,13.05,13.11,12.23,12.48,12.9,-0.42,-3.26,81638.73,103373.4858
1747,000587.SZ,20131028,12.83,13.18,12.76,12.9,12.75,0.15,1.18,63518.87,82624.5604
1748,000587.SZ,20131025,12.55,12.95,12.5,12.75,12.55,0.2,1.59,80805.98,102730.7101
1749,000587.SZ,20131024,12.35,12.57,11.87,12.55,12.28,0.27,2.2,88022.48,108491.4145
1750,000587.SZ,20131023,13.32,13.5,12.24,12.28,13.3,-1.02,-7.67,127170.5,162309.1334
1751,000587.SZ,20131022,13.64,13.77,13.02,13.3,13.67,-0.37,-2.71,88986.6,118879.2831
1752,000587.SZ,20131021,13.31,13.82,13.28,13.67,13.45,0.22,1.64,86440.19,117873.395
1753,000587.SZ,20131018,12.98,13.58,12.83,13.45,12.96,0.49,3.78,107267.68,143579.6886
1754,000587.SZ,20131017,12.92,13.18,12.77,12.96,12.91,0.05,0.39,68738.19,89035.3814
1755,000587.SZ,20131016,12.89,13.53,12.71,12.91,12.89,0.02,0.16,113820.49,149534.6821
1756,000587.SZ,20131015,12.3,12.89,12.3,12.89,12.39,0.5,4.04,74703.72,94452.0078
1757,000587.SZ,20131014,12.58,12.85,12.38,12.39,12.75,-0.36,-2.82,82533.78,103717.4744
1758,000587.SZ,20131011,12.68,12.79,12.5,12.75,12.64,0.11,0.87,72587.55,91866.5481
1759,000587.SZ,20131010,12.34,12.79,12.25,12.64,12.33,0.31,2.51,95947.07,121046.0443
1760,000587.SZ,20131009,12.08,12.5,11.99,12.33,12.08,0.25,2.07,82236.18,101065.0657
1761,000587.SZ,20131008,12.01,12.28,11.8,12.08,12.07,0.01,0.08,67426.06,81574.4051
1762,000587.SZ,20130930,12.06,12.34,11.95,12.07,12.04,0.03,0.25,113100.73,137198.4654
1763,000587.SZ,20130927,11.2,12.36,11.2,12.04,11.25,0.79,7.02,150771.49,177377.0327
1764,000587.SZ,20130926,11.13,11.6,11.08,11.25,11.14,0.11,0.99,80958.86,91977.0829
1765,000587.SZ,20130925,11.39,11.39,11.0,11.14,11.42,-0.28,-2.45,65522.75,73463.8874
1766,000587.SZ,20130924,11.43,11.77,11.31,11.42,11.43,-0.01,-0.09,94517.39,109432.1426
1767,000587.SZ,20130923,11.1,11.53,11.1,11.43,11.11,0.32,2.88,108418.0,123567.5063
1768,000587.SZ,20130918,11.08,11.18,10.92,11.11,11.09,0.02,0.18,69015.07,76505.4857
1769,000587.SZ,20130917,11.0,11.29,10.98,11.09,11.0,0.09,0.82,73038.84,81286.5906
1770,000587.SZ,20130916,10.87,11.1,10.71,11.0,10.84,0.16,1.48,78419.19,86122.9
1771,000587.SZ,20130913,10.94,10.99,10.71,10.84,10.93,-0.09,-0.82,56343.65,61093.4052
1772,000587.SZ,20130912,11.06,11.15,10.92,10.93,11.06,-0.13,-1.18,44002.62,48534.6445
1773,000587.SZ,20130911,10.91,11.13,10.73,11.06,10.94,0.12,1.1,82593.78,90228.4379
1774,000587.SZ,20130910,10.69,11.06,10.68,10.94,10.81,0.13,1.2,97557.48,106716.3423
1775,000587.SZ,20130909,10.61,10.82,10.4,10.81,10.68,0.13,1.22,85957.49,90947.5991
1776,000587.SZ,20130906,10.81,10.85,10.44,10.68,10.8,-0.12,-1.11,86269.7,92065.2628
1777,000587.SZ,20130905,10.8,11.06,10.68,10.8,10.89,-0.09,-0.83,68966.09,74826.8962
1778,000587.SZ,20130904,10.93,11.19,10.89,10.89,10.93,-0.04,-0.37,67760.57,75020.9456
1779,000587.SZ,20130903,10.82,10.97,10.75,10.93,10.83,0.1,0.92,30650.88,33409.4916
1780,000587.SZ,20130902,10.8,11.02,10.69,10.83,10.8,0.03,0.28,30778.09,33309.4828
1781,000587.SZ,20130830,10.88,11.15,10.78,10.8,10.93,-0.13,-1.19,61467.18,67289.3467
1782,000587.SZ,20130829,10.76,11.1,10.66,10.93,10.92,0.01,0.09,83453.41,90691.7694
1783,000587.SZ,20130828,10.49,10.99,10.36,10.92,10.42,0.5,4.8,99315.4,107431.2779
1784,000587.SZ,20130827,10.27,10.45,10.26,10.42,10.27,0.15,1.46,36614.78,37973.2467
1785,000587.SZ,20130826,10.24,10.3,10.16,10.27,10.16,0.11,1.08,30106.79,30873.1678
1786,000587.SZ,20130823,10.41,10.45,10.01,10.16,10.39,-0.23,-2.21,41614.41,42581.5872
1787,000587.SZ,20130822,10.27,10.43,10.25,10.39,10.28,0.11,1.07,23757.41,24548.5318
1788,000587.SZ,20130821,10.38,10.38,10.24,10.28,10.38,-0.1,-0.96,25703.7,26440.2628
1789,000587.SZ,20130820,10.51,10.54,10.3,10.38,10.46,-0.08,-0.76,34130.88,35529.9275
1790,000587.SZ,20130819,10.47,10.59,10.35,10.46,10.5,-0.04,-0.38,37480.92,39177.359
1791,000587.SZ,20130816,10.75,10.8,10.5,10.5,10.68,-0.18,-1.69,27734.79,29556.4714
1792,000587.SZ,20130815,10.95,11.0,10.67,10.68,11.0,-0.32,-2.91,37406.65,40569.6932
1793,000587.SZ,20130814,10.91,11.0,10.83,11.0,10.99,0.01,0.09,41321.36,45141.0028
1794,000587.SZ,20130813,10.73,11.12,10.49,10.99,10.73,0.26,2.42,98474.89,106563.6278
1795,000587.SZ,20130812,10.72,10.9,10.69,10.73,10.82,-0.09,-0.83,58186.32,62760.2262
1796,000587.SZ,20130809,11.05,11.08,10.7,10.82,11.14,-0.32,-2.87,60630.58,65918.2274
1797,000587.SZ,20130806,10.83,11.28,10.76,11.14,10.88,0.26,2.39,84063.08,92947.4802
1798,000587.SZ,20130805,10.82,10.95,10.65,10.88,10.74,0.14,1.3,53128.19,57492.0878
1799,000587.SZ,20130802,10.59,10.88,10.54,10.74,10.54,0.2,1.9,39925.25,42821.4214
1800,000587.SZ,20130801,10.4,10.57,10.31,10.54,10.4,0.14,1.35,33667.36,35331.2827
1801,000587.SZ,20130731,10.49,10.67,10.35,10.4,10.42,-0.02,-0.19,35894.45,37637.3306
1802,000587.SZ,20130730,10.44,10.64,10.23,10.42,10.5,-0.08,-0.76,51086.59,53233.7231
1803,000587.SZ,20130729,10.87,10.87,10.45,10.5,10.89,-0.39,-3.58,36176.47,38431.1117
1804,000587.SZ,20130726,10.81,11.04,10.77,10.89,10.92,-0.03,-0.27,34609.63,37644.1894
1805,000587.SZ,20130725,11.1,11.22,10.92,10.92,11.18,-0.26,-2.33,47332.64,52134.7443
1806,000587.SZ,20130724,11.32,11.34,10.95,11.18,11.44,-0.26,-2.27,82420.21,91215.8194
1807,000587.SZ,20130723,11.5,11.7,11.3,11.44,11.49,-0.05,-0.44,66527.55,76413.6298
1808,000587.SZ,20130722,11.2,11.49,11.16,11.49,11.25,0.24,2.13,57220.85,65318.7776
1809,000587.SZ,20130719,11.25,11.48,11.18,11.25,11.25,0.0,0.0,58410.77,66148.7219
1810,000587.SZ,20130718,11.4,11.48,11.13,11.25,11.41,-0.16,-1.4,51190.34,57545.8402
1811,000587.SZ,20130717,11.38,11.63,11.26,11.41,11.43,-0.02,-0.18,87883.15,100765.2125
1812,000587.SZ,20130716,10.88,11.46,10.76,11.43,10.9,0.53,4.86,114633.75,128882.0109
1813,000587.SZ,20130715,10.6,10.94,10.54,10.9,10.7,0.2,1.87,42047.33,45530.8158
1814,000587.SZ,20130712,11.03,11.12,10.67,10.7,10.96,-0.26,-2.37,62930.97,68643.4643
1815,000587.SZ,20130711,10.65,11.05,10.58,10.96,10.66,0.3,2.81,63201.38,68591.0074
1816,000587.SZ,20130710,10.73,10.76,10.17,10.66,10.77,-0.11,-1.02,47933.99,50496.4349
1817,000587.SZ,20130709,10.71,10.86,10.58,10.77,10.7,0.07,0.65,24675.42,26485.4914
1818,000587.SZ,20130708,10.58,10.87,10.47,10.7,10.87,-0.17,-1.56,40121.64,42750.8537
1819,000587.SZ,20130705,11.16,11.17,10.77,10.87,11.07,-0.2,-1.81,65976.25,72261.5529
1820,000587.SZ,20130704,11.19,11.2,10.93,11.07,11.11,-0.04,-0.36,55838.96,61621.1089
1821,000587.SZ,20130703,10.74,11.18,10.54,11.11,10.75,0.36,3.35,94499.14,103656.3263
1822,000587.SZ,20130702,10.71,10.87,10.63,10.75,10.71,0.04,0.37,57871.83,62261.1451
1823,000587.SZ,20130701,10.24,10.74,10.16,10.71,10.23,0.48,4.69,57416.34,60432.3711
1824,000587.SZ,20130628,10.2,10.49,10.05,10.23,10.3,-0.07,-0.68,30980.36,31832.3902
1825,000587.SZ,20130627,10.48,10.74,10.18,10.3,10.48,-0.18,-1.72,66932.79,70127.1877
1826,000587.SZ,20130626,10.22,10.52,10.1,10.48,10.15,0.33,3.25,59068.69,61173.6392
1827,000587.SZ,20130625,10.06,10.4,9.21,10.15,10.23,-0.08,-0.78,90948.58,89620.1321
1828,000587.SZ,20130624,10.68,10.86,10.1,10.23,10.68,-0.45,-4.21,68422.21,71489.674
1829,000587.SZ,20130621,10.3,10.99,10.01,10.68,10.53,0.15,1.42,76107.6,80582.8158
1830,000587.SZ,20130620,10.98,11.3,10.5,10.53,11.08,-0.55,-4.96,97905.15,107985.7274
1831,000587.SZ,20130619,10.82,11.15,10.8,11.08,10.99,0.09,0.82,95049.59,104215.3077
1832,000587.SZ,20130618,11.09,11.15,10.75,10.99,11.15,-0.16,-1.44,96288.09,105363.7822
1833,000587.SZ,20130617,10.63,11.2,10.63,11.15,10.63,0.52,4.89,120659.28,132405.5366
1834,000587.SZ,20130614,10.53,10.9,10.53,10.63,10.58,0.05,0.47,70176.88,75335.6852
1835,000587.SZ,20130613,10.31,10.64,9.9,10.58,10.38,0.2,1.93,88048.56,91491.8662
1836,000587.SZ,20130607,10.5,10.67,10.36,10.38,10.54,-0.16,-1.52,58267.84,61269.6125
1837,000587.SZ,20130606,10.65,10.95,10.48,10.54,10.62,-0.08,-0.75,112541.33,120833.262
1838,000587.SZ,20130605,10.44,10.72,10.36,10.62,10.51,0.11,1.05,126052.48,133181.4244
1839,000587.SZ,20130604,9.89,10.54,9.89,10.51,9.87,0.64,6.48,171969.51,176364.1301
1840,000587.SZ,20130603,9.65,9.97,9.61,9.87,9.66,0.21,2.17,76029.21,74864.8037
1841,000587.SZ,20130531,9.96,9.98,9.55,9.66,9.9,-0.24,-2.42,72498.49,70483.7967
1842,000587.SZ,20130530,9.91,10.04,9.88,9.9,9.93,-0.03,-0.3,48311.32,48015.9811
1843,000587.SZ,20130529,10.1,10.13,9.87,9.93,10.08,-0.15,-1.49,63193.97,62895.529
1844,000587.SZ,20130528,9.77,10.08,9.72,10.08,9.77,0.31,3.17,69390.65,68956.0586
1845,000587.SZ,20130527,9.81,9.88,9.68,9.77,9.81,-0.04,-0.41,48977.87,47834.4184
1846,000587.SZ,20130524,9.7,9.85,9.67,9.81,9.69,0.12,1.24,41170.7,40202.5686
1847,000587.SZ,20130523,10.06,10.13,9.69,9.69,9.94,-0.25,-2.52,62346.98,61611.5893
1848,000587.SZ,20130522,10.03,10.17,9.92,9.94,9.97,-0.03,-0.3,52846.67,52976.21
1849,000587.SZ,20130521,10.07,10.09,9.9,9.97,9.98,-0.01,-0.1,52252.37,52162.669
1850,000587.SZ,20130520,10.07,10.07,9.75,9.98,10.16,-0.18,-1.77,83795.47,82794.1382
1851,000587.SZ,20130517,10.02,10.24,9.84,10.16,10.07,0.09,0.89,55810.03,56305.6084
1852,000587.SZ,20130516,10.43,10.43,10.01,10.07,10.52,-0.45,-4.28,98372.98,100715.532
1853,000587.SZ,20130515,10.18,10.55,9.94,10.52,10.05,0.47,4.68,78128.6,80665.346
1854,000587.SZ,20130514,9.84,10.24,9.76,10.05,9.84,0.21,2.13,57975.02,58274.2703
1855,000587.SZ,20130513,9.81,9.98,9.48,9.84,9.81,0.03,0.31,62829.27,61145.281
1856,000587.SZ,20130510,10.04,10.42,9.79,9.81,10.0,-0.19,-1.9,104077.09,105504.5667
1857,000587.SZ,20130509,9.69,10.01,9.53,10.0,9.66,0.34,3.52,78760.72,77378.3311
1858,000587.SZ,20130508,9.3,9.72,9.26,9.66,9.39,0.27,2.88,62645.73,60081.6669
1859,000587.SZ,20130507,8.98,9.65,8.93,9.39,8.94,0.45,5.03,86604.16,81109.1457
1860,000587.SZ,20130506,8.72,8.96,8.7,8.94,8.68,0.26,3.0,39753.49,35209.1653
1861,000587.SZ,20130503,8.46,8.84,8.45,8.68,8.38,0.3,3.58,39048.45,33967.2398
1862,000587.SZ,20130502,8.76,8.78,8.38,8.38,8.84,-0.46,-5.2,59307.24,50277.1516
1863,000587.SZ,20130426,8.97,9.06,8.81,8.84,8.86,-0.02,-0.23,34528.97,30817.2436
1864,000587.SZ,20130425,8.96,9.03,8.79,8.86,8.96,-0.1,-1.12,36845.33,32749.2745
1865,000587.SZ,20130424,8.88,9.05,8.8,8.96,8.88,0.08,0.9,36549.34,32567.6201
1866,000587.SZ,20130423,9.17,9.23,8.88,8.88,9.17,-0.29,-3.16,32398.08,29201.0743
1867,000587.SZ,20130422,9.27,9.34,9.13,9.17,9.3,-0.13,-1.4,32231.27,29666.9586
1868,000587.SZ,20130419,9.19,9.35,9.18,9.3,9.16,0.14,1.53,38694.29,35924.4116
1869,000587.SZ,20130418,9.12,9.23,8.94,9.16,9.23,-0.07,-0.76,27862.29,25298.1201
1870,000587.SZ,20130417,9.03,9.33,9.03,9.23,9.0,0.23,2.56,35325.58,32505.2351
1871,000587.SZ,20130416,8.82,9.08,8.66,9.0,9.17,-0.17,-1.85,46968.48,41667.7899
1872,000587.SZ,20130415,9.3,9.31,9.03,9.17,9.6,-0.43,-4.48,54296.66,49746.5924
1873,000587.SZ,20130412,9.8,9.83,9.58,9.6,9.83,-0.23,-2.34,37363.51,36100.9297
1874,000587.SZ,20130411,9.98,10.03,9.72,9.83,9.93,-0.1,-1.01,35040.97,34378.3951
1875,000587.SZ,20130410,9.98,10.12,9.9,9.93,9.98,-0.05,-0.5,29024.09,28996.7273
1876,000587.SZ,20130409,9.73,10.09,9.7,9.98,9.79,0.19,1.94,40860.79,40619.145
1877,000587.SZ,20130408,10.18,10.18,9.45,9.79,10.5,-0.71,-6.76,90123.49,87691.5057
1878,000587.SZ,20130403,10.38,10.64,10.23,10.5,10.43,0.07,0.67,32853.68,34338.2516
1879,000587.SZ,20130402,10.55,10.67,10.28,10.43,10.58,-0.15,-1.42,46829.45,49013.2466
1880,000587.SZ,20130401,10.88,11.05,10.52,10.58,10.99,-0.41,-3.73,64447.46,68975.7515
1881,000587.SZ,20130329,11.0,11.15,10.9,10.99,11.02,-0.03,-0.27,41707.19,45954.198
1882,000587.SZ,20130328,11.05,11.29,10.8,11.02,11.17,-0.15,-1.34,65722.05,72419.6942
1883,000587.SZ,20130327,11.3,11.3,11.01,11.17,11.27,-0.1,-0.89,54350.62,60588.7661
1884,000587.SZ,20130326,11.34,11.34,11.07,11.27,11.37,-0.1,-0.88,64872.16,72634.026
1885,000587.SZ,20130325,11.2,11.51,11.1,11.37,11.22,0.15,1.34,158071.29,179112.1533
1886,000587.SZ,20130322,10.21,11.22,10.15,11.22,10.2,1.02,10.0,177290.52,194287.29
1887,000587.SZ,20130321,10.39,10.43,10.1,10.2,10.37,-0.17,-1.64,61686.91,63382.4333
1888,000587.SZ,20130320,10.19,10.37,10.12,10.37,10.14,0.23,2.27,43778.95,44801.733
1889,000587.SZ,20130319,10.08,10.16,9.9,10.14,10.08,0.06,0.6,35862.29,36062.8113
1890,000587.SZ,20130318,10.59,10.64,10.0,10.08,10.49,-0.41,-3.91,73051.02,74273.3456
1891,000587.SZ,20130315,10.48,10.68,10.47,10.49,10.46,0.03,0.29,39535.02,41866.4937
1892,000587.SZ,20130314,10.62,10.7,10.45,10.46,10.65,-0.19,-1.78,38759.13,41037.586
1893,000587.SZ,20130313,10.82,10.9,10.58,10.65,10.87,-0.22,-2.02,41713.65,44479.8041
1894,000587.SZ,20130312,11.18,11.23,10.72,10.87,11.16,-0.29,-2.6,68341.23,75262.47
1895,000587.SZ,20130311,11.15,11.24,11.02,11.16,11.05,0.11,1.0,55235.87,61596.3842
1896,000587.SZ,20130308,10.93,11.27,10.93,11.05,11.0,0.05,0.45,78708.01,87435.1011
1897,000587.SZ,20130307,10.79,11.05,10.69,11.0,10.76,0.24,2.23,93732.83,102324.6283
1898,000587.SZ,20130306,10.88,10.89,10.66,10.76,10.88,-0.12,-1.1,76528.76,82090.6285
1899,000587.SZ,20130305,10.63,10.93,10.61,10.88,10.62,0.26,2.45,53204.6,57377.1428
1900,000587.SZ,20130304,10.91,10.96,10.55,10.62,11.0,-0.38,-3.45,86218.08,92243.2402
1901,000587.SZ,20130301,11.27,11.33,10.99,11.0,11.27,-0.27,-2.4,104956.01,115967.5506
1902,000587.SZ,20130228,11.02,11.42,11.01,11.27,11.08,0.19,1.71,68632.6,77156.6287
1903,000587.SZ,20130227,10.95,11.08,10.86,11.08,10.9,0.18,1.65,67188.44,73798.8861
1904,000587.SZ,20130226,11.28,11.28,10.87,10.9,11.37,-0.47,-4.13,110387.81,121940.1044
1905,000587.SZ,20130225,11.5,11.65,11.31,11.37,11.5,-0.13,-1.13,55658.68,63621.2027
1906,000587.SZ,20130222,11.07,11.73,11.02,11.5,11.1,0.4,3.6,106853.28,122063.483
1907,000587.SZ,20130221,11.33,11.33,10.95,11.1,11.44,-0.34,-2.97,119747.3,132728.0016
1908,000587.SZ,20130220,11.72,11.85,11.33,11.44,11.79,-0.35,-2.97,130133.17,150174.5944
1909,000587.SZ,20130219,11.91,11.98,11.64,11.79,11.9,-0.11,-0.92,77579.77,91636.7971
1910,000587.SZ,20130218,12.09,12.12,11.8,11.9,12.15,-0.25,-2.06,81543.27,97385.9817
1911,000587.SZ,20130208,11.82,12.3,11.82,12.15,11.85,0.3,2.53,88532.35,106479.4882
1912,000587.SZ,20130207,11.9,12.06,11.71,11.85,11.92,-0.07,-0.59,81795.25,97339.7331
1913,000587.SZ,20130206,11.86,12.09,11.8,11.92,11.86,0.06,0.51,80152.01,95710.0037
1914,000587.SZ,20130205,12.15,12.28,11.61,11.86,12.3,-0.44,-3.58,147044.23,174788.3289
1915,000587.SZ,20130204,12.47,12.59,12.08,12.3,12.47,-0.17,-1.36,156277.3,194012.4816
1916,000587.SZ,20130201,13.7,13.7,12.47,12.47,13.85,-1.38,-9.96,342164.78,435458.6267
1917,000587.SZ,20130104,13.78,14.14,13.63,13.85,13.72,0.13,0.95,74772.78,103952.1549
1918,000587.SZ,20121231,13.35,13.86,13.35,13.72,13.34,0.38,2.85,71796.72,98159.2876
1919,000587.SZ,20121228,13.13,13.37,12.98,13.34,13.04,0.3,2.3,58561.64,77678.1659
1920,000587.SZ,20121227,13.17,13.36,12.82,13.04,13.13,-0.09,-0.69,70590.99,92627.862
1921,000587.SZ,20121226,13.48,13.49,12.9,13.13,13.5,-0.37,-2.74,69821.78,92617.3542
1922,000587.SZ,20121225,13.4,13.56,13.26,13.5,13.33,0.17,1.28,54626.89,73299.186
1923,000587.SZ,20121224,12.95,13.58,12.95,13.33,12.95,0.38,2.93,59414.03,79324.8666
1924,000587.SZ,20121221,13.0,13.15,12.85,12.95,12.97,-0.02,-0.15,34905.45,45294.8156
1925,000587.SZ,20121220,12.87,13.07,12.8,12.97,12.88,0.09,0.7,37991.69,49174.2333
1926,000587.SZ,20121219,12.65,13.15,12.52,12.88,12.72,0.16,1.26,55033.75,70700.9592
1927,000587.SZ,20121218,12.38,13.15,12.38,12.72,12.47,0.25,2.0,63136.71,81223.1191
1928,000587.SZ,20121217,12.7,12.83,12.46,12.47,12.76,-0.29,-2.27,70573.23,89191.6186
1929,000587.SZ,20121214,12.48,13.06,12.4,12.76,12.49,0.27,2.16,76667.69,97698.1458
1930,000587.SZ,20121213,12.39,12.69,12.23,12.49,12.49,0.0,0.0,87339.97,109112.4529
1931,000587.SZ,20121212,11.7,12.55,11.66,12.49,11.7,0.79,6.75,114042.27,140110.8173
1932,000587.SZ,20121211,11.5,11.98,11.47,11.7,11.7,0.0,0.0,46670.41,55041.462
1933,000587.SZ,20121210,11.07,12.12,11.07,11.7,11.02,0.68,6.17,89211.09,105399.5633
1934,000587.SZ,20121207,10.91,11.2,10.85,11.02,10.89,0.13,1.19,32594.23,35967.7494
1935,000587.SZ,20121206,10.9,10.98,10.8,10.89,10.91,-0.02,-0.18,21651.45,23570.5194
1936,000587.SZ,20121205,10.68,11.13,10.6,10.91,10.74,0.17,1.58,51226.98,55945.5166
1937,000587.SZ,20121204,10.63,10.82,10.32,10.74,10.67,0.07,0.66,39384.31,41875.1473
1938,000587.SZ,20121203,10.72,11.02,10.53,10.67,10.67,0.0,0.0,58897.61,63309.9741
1939,000587.SZ,20121130,9.68,10.67,9.62,10.67,9.7,0.97,10.0,65797.85,67642.4173
1940,000587.SZ,20121129,10.1,10.28,9.62,9.7,10.0,-0.3,-3.0,26532.96,26608.443
1941,000587.SZ,20121128,10.56,10.56,9.98,10.0,10.59,-0.59,-5.57,41776.15,42571.7288
1942,000587.SZ,20121127,10.89,11.0,10.56,10.59,10.9,-0.31,-2.84,23649.5,25349.9224
1943,000587.SZ,20121126,10.8,11.14,10.78,10.9,10.87,0.03,0.28,22566.12,24806.0407
1944,000587.SZ,20121123,10.8,10.95,10.68,10.87,10.73,0.14,1.3,20648.33,22360.4972
1945,000587.SZ,20121122,10.59,10.9,10.34,10.73,10.66,0.07,0.66,33462.46,35902.2897
1946,000587.SZ,20121121,10.81,10.89,10.26,10.66,10.86,-0.2,-1.84,45994.23,48640.5103
1947,000587.SZ,20121120,11.14,11.18,10.83,10.86,11.02,-0.16,-1.45,25602.45,28178.8957
1948,000587.SZ,20121119,11.14,11.15,10.88,11.02,11.15,-0.13,-1.17,25359.72,27932.4248
1949,000587.SZ,20121116,11.36,11.44,11.0,11.15,11.43,-0.28,-2.45,30343.57,33874.3508
1950,000587.SZ,20121115,11.63,11.75,11.42,11.43,11.75,-0.32,-2.72,22590.69,26142.0009
1951,000587.SZ,20121114,11.56,11.85,11.3,11.75,11.54,0.21,1.82,38114.25,44111.6045
1952,000587.SZ,20121113,11.9,11.9,11.5,11.54,11.9,-0.36,-3.03,28628.83,33362.8078
1953,000587.SZ,20121112,11.97,11.97,11.84,11.9,11.9,0.0,0.0,17222.03,20486.1814
1954,000587.SZ,20121109,11.83,11.98,11.83,11.9,11.82,0.08,0.68,21213.05,25233.7151
1955,000587.SZ,20121108,11.95,12.08,11.79,11.82,12.09,-0.27,-2.23,29108.69,34544.886
1956,000587.SZ,20121107,12.11,12.18,11.95,12.09,12.04,0.05,0.42,22852.26,27599.3734
1957,000587.SZ,20121106,12.14,12.18,11.85,12.04,12.14,-0.1,-0.82,31183.85,37284.4057
1958,000587.SZ,20121105,12.26,12.28,12.12,12.14,12.33,-0.19,-1.54,34077.32,41535.4224
1959,000587.SZ,20121102,12.07,12.37,12.02,12.33,12.07,0.26,2.15,56032.5,68449.6542
1960,000587.SZ,20121101,12.1,12.24,12.05,12.07,11.92,0.15,1.26,23659.47,28699.6895
1961,000587.SZ,20121031,11.85,11.96,11.7,11.92,11.8,0.12,1.02,20047.24,23714.3552
1962,000587.SZ,20121030,11.99,12.12,11.7,11.8,11.96,-0.16,-1.34,26356.42,31391.8956
1963,000587.SZ,20121029,11.92,12.07,11.85,11.96,11.87,0.09,0.76,18972.32,22681.4001
1964,000587.SZ,20121026,12.2,12.2,11.85,11.87,12.16,-0.29,-2.38,36844.5,44051.4967
1965,000587.SZ,20121025,12.25,12.38,12.1,12.16,12.32,-0.16,-1.3,31093.74,37947.1333
1966,000587.SZ,20121024,12.4,12.45,12.21,12.32,12.52,-0.2,-1.6,42914.28,52850.5619
1967,000587.SZ,20121023,12.63,12.78,12.47,12.52,12.62,-0.1,-0.79,43547.75,54817.2344
1968,000587.SZ,20121022,12.49,12.7,12.39,12.62,12.41,0.21,1.69,54980.22,69251.6772
1969,000587.SZ,20121019,12.4,12.52,12.37,12.41,12.41,0.0,0.0,32114.87,39988.3282
1970,000587.SZ,20121018,12.18,12.48,12.18,12.41,12.18,0.23,1.89,47799.0,59078.1563
1971,000587.SZ,20121017,12.16,12.31,12.08,12.18,12.13,0.05,0.41,29496.78,35983.0955
1972,000587.SZ,20121016,12.06,12.4,12.06,12.13,12.13,0.0,0.0,40025.98,49082.4768
1973,000587.SZ,20121015,12.24,12.24,11.93,12.13,12.21,-0.08,-0.66,32164.15,38733.3122
1974,000587.SZ,20121012,12.18,12.35,11.95,12.21,12.17,0.04,0.33,41462.28,50424.9169
1975,000587.SZ,20121011,12.45,12.54,12.15,12.17,12.48,-0.31,-2.48,56855.09,70174.7832
1976,000587.SZ,20121010,12.28,12.58,12.25,12.48,12.35,0.13,1.05,52539.31,65274.506
1977,000587.SZ,20121009,12.15,12.43,12.15,12.35,12.18,0.17,1.4,45526.06,56160.5831
1978,000587.SZ,20121008,12.23,12.46,12.07,12.18,12.21,-0.03,-0.25,41214.54,50340.7342
1979,000587.SZ,20120928,11.74,12.33,11.71,12.21,11.67,0.54,4.63,82960.82,100096.2174
1980,000587.SZ,20120927,11.38,11.88,11.38,11.67,11.5,0.17,1.48,62267.36,72504.3807
1981,000587.SZ,20120926,12.17,12.17,11.48,11.5,12.17,-0.67,-5.51,78194.28,92206.1676
1982,000587.SZ,20120925,12.43,12.61,12.05,12.17,12.47,-0.3,-2.41,62462.33,76665.9019
1983,000587.SZ,20120924,12.52,12.67,12.35,12.47,12.75,-0.28,-2.2,64454.82,80404.3813
1984,000587.SZ,20120921,12.33,13.09,12.33,12.75,12.46,0.29,2.33,108207.0,138856.4605
1985,000587.SZ,20120920,13.0,13.09,12.46,12.46,13.11,-0.65,-4.96,86492.39,110561.0121
1986,000587.SZ,20120919,12.72,13.16,12.72,13.11,12.71,0.4,3.15,84781.87,110152.462
1987,000587.SZ,20120918,12.67,12.85,12.62,12.71,12.72,-0.01,-0.08,46771.63,59535.2815
1988,000587.SZ,20120917,13.03,13.05,12.71,12.72,13.11,-0.39,-2.97,85914.03,110500.515
1989,000587.SZ,20120914,12.99,13.35,12.98,13.11,12.72,0.39,3.07,139969.54,183958.3181
1990,000587.SZ,20120913,13.12,13.29,12.71,12.72,13.15,-0.43,-3.27,108249.12,140701.1723
1991,000587.SZ,20120912,13.27,13.56,12.91,13.15,13.26,-0.11,-0.83,137417.81,181240.9459
1992,000587.SZ,20120911,13.23,13.67,13.03,13.26,13.5,-0.24,-1.78,160309.0,214415.959
1993,000587.SZ,20120910,14.99,14.99,13.42,13.5,14.04,-0.54,-3.85,379236.64,535305.8896
1994,000587.SZ,20120906,13.95,14.17,13.85,14.04,14.03,0.01,0.07,58565.22,81957.0342
1995,000587.SZ,20120905,14.1,14.1,13.82,14.03,14.21,-0.18,-1.27,85875.59,119961.6003
1996,000587.SZ,20120904,13.69,14.28,13.62,14.21,13.68,0.53,3.87,157060.07,220163.69
1997,000587.SZ,20120903,13.55,13.82,13.54,13.68,13.64,0.04,0.29,70600.95,96498.9821
1998,000587.SZ,20120831,13.4,13.82,12.99,13.64,13.45,0.19,1.41,91175.55,122406.5845
1999,000587.SZ,20120830,13.5,14.07,13.42,13.45,13.44,0.01,0.07,112232.03,153719.431
2000,000587.SZ,20120829,13.64,13.76,13.4,13.44,13.68,-0.24,-1.75,56290.07,76285.7116
2001,000587.SZ,20120828,13.7,13.95,13.51,13.68,13.82,-0.14,-1.01,87378.23,119567.5502
2002,000587.SZ,20120827,13.02,13.83,13.0,13.82,13.17,0.65,4.94,162142.82,221087.8762
2003,000587.SZ,20120824,13.65,13.7,13.16,13.17,13.66,-0.49,-3.59,97538.43,130579.4757
2004,000587.SZ,20120823,13.4,13.66,13.27,13.66,13.29,0.37,2.78,130265.08,175754.1088
2005,000587.SZ,20120822,13.09,13.49,13.03,13.29,13.04,0.25,1.92,124398.84,166087.5958
2006,000587.SZ,20120821,12.86,13.07,12.85,13.04,12.92,0.12,0.93,73033.97,94734.1573
2007,000587.SZ,20120820,12.52,12.99,12.52,12.92,12.73,0.19,1.49,94572.8,121038.9074
2008,000587.SZ,20120817,12.01,12.76,12.01,12.73,12.15,0.58,4.77,94265.16,117941.0726
2009,000587.SZ,20120816,12.4,12.54,12.05,12.15,12.33,-0.18,-1.46,51510.92,63404.7458
2010,000587.SZ,20120815,12.48,12.62,12.27,12.33,12.49,-0.16,-1.28,42459.36,52955.4778
2011,000587.SZ,20120814,12.59,12.67,12.22,12.49,12.6,-0.11,-0.87,76302.35,94782.7017
2012,000587.SZ,20120813,12.68,13.03,12.5,12.6,12.84,-0.24,-1.87,74151.02,94833.4875
2013,000587.SZ,20120810,12.89,12.97,12.58,12.84,13.0,-0.16,-1.23,74138.13,94684.589
2014,000587.SZ,20120809,12.89,13.05,12.75,13.0,12.95,0.05,0.39,80586.98,103988.7163
2015,000587.SZ,20120808,12.59,13.03,12.47,12.95,12.53,0.42,3.35,114368.61,146860.2327
2016,000587.SZ,20120807,12.39,12.85,12.39,12.53,12.42,0.11,0.89,68909.43,86922.6635
2017,000587.SZ,20120806,12.2,12.6,12.11,12.42,12.47,-0.05,-0.4,76684.75,94852.8092
2018,000587.SZ,20120803,12.34,12.48,12.05,12.47,12.37,0.1,0.81,76039.15,93536.02
2019,000587.SZ,20120802,12.8,12.95,12.3,12.37,12.87,-0.5,-3.89,73108.15,92113.634
2020,000587.SZ,20120801,12.75,13.0,12.69,12.87,12.87,0.0,0.0,82698.05,106275.7925
2021,000587.SZ,20120731,12.15,12.87,11.91,12.87,12.26,0.61,4.98,112792.44,141572.1517
2022,000587.SZ,20120730,12.26,12.66,12.26,12.26,12.9,-0.64,-4.96,108827.71,134328.0245
2023,000587.SZ,20120727,12.99,13.02,12.3,12.9,12.94,-0.04,-0.31,70744.66,89497.6971
2024,000587.SZ,20120726,13.01,13.23,12.9,12.94,13.03,-0.09,-0.69,46758.05,61010.0897
2025,000587.SZ,20120725,13.03,13.15,12.81,13.03,13.2,-0.17,-1.29,45202.57,58793.4418
2026,000587.SZ,20120724,12.95,13.29,12.91,13.2,13.09,0.11,0.84,46132.1,60559.0257
2027,000587.SZ,20120723,13.65,13.65,13.08,13.09,13.77,-0.68,-4.94,81247.36,107284.6972
2028,000587.SZ,20120720,13.7,13.95,13.61,13.77,13.84,-0.07,-0.51,61123.9,84258.5039
2029,000587.SZ,20120719,13.68,14.07,13.64,13.84,13.79,0.05,0.36,81511.48,112751.8281
2030,000587.SZ,20120718,13.67,14.13,13.42,13.79,13.53,0.26,1.92,133383.48,183560.9106
2031,000587.SZ,20120717,12.89,13.53,12.82,13.53,12.89,0.64,4.97,105569.28,141713.4635
2032,000587.SZ,20120716,13.16,13.27,12.8,12.89,13.17,-0.28,-2.13,62299.7,80983.7273
2033,000587.SZ,20120713,12.7,13.39,12.6,13.17,12.84,0.33,2.57,102398.82,133772.3182
2034,000587.SZ,20120712,12.25,12.84,11.86,12.84,12.23,0.61,4.99,105573.75,130499.9363
2035,000587.SZ,20120711,12.56,12.6,12.12,12.23,12.55,-0.32,-2.55,51345.16,63118.2607
2036,000587.SZ,20120710,12.5,12.73,12.36,12.55,12.55,0.0,0.0,48861.94,61395.7978
2037,000587.SZ,20120709,13.04,13.11,12.54,12.55,13.2,-0.65,-4.92,80340.56,102876.8821
2038,000587.SZ,20120706,13.03,13.25,12.84,13.2,13.01,0.19,1.46,62622.02,82024.7566
2039,000587.SZ,20120705,12.9,13.28,12.88,13.01,12.99,0.02,0.15,77544.64,101397.3844
2040,000587.SZ,20120704,12.78,13.0,12.69,12.99,12.69,0.3,2.36,56537.02,72768.7814
2041,000587.SZ,20120703,13.01,13.16,12.66,12.69,13.0,-0.31,-2.38,66706.02,86105.3546
2042,000587.SZ,20120702,12.77,13.14,12.55,13.0,12.71,0.29,2.28,66467.21,85464.7056
2043,000587.SZ,20120629,12.3,12.85,11.9,12.71,12.53,0.18,1.44,98033.04,120852.1475
2044,000587.SZ,20120628,13.11,13.23,12.53,12.53,13.19,-0.66,-5.0,88880.62,114223.541
2045,000587.SZ,20120627,13.45,13.54,13.19,13.19,13.49,-0.3,-2.22,55048.04,73716.7891
2046,000587.SZ,20120626,13.08,13.65,12.83,13.49,13.29,0.2,1.5,81506.11,107638.0833
2047,000587.SZ,20120625,13.8,13.89,13.29,13.29,13.99,-0.7,-5.0,91003.0,122409.1136
2048,000587.SZ,20120621,13.9,14.09,13.71,13.99,13.97,0.02,0.14,69957.42,97233.2772
2049,000587.SZ,20120620,14.1,14.22,13.63,13.97,14.15,-0.18,-1.27,85495.51,118992.9758
2050,000587.SZ,20120619,14.23,14.45,14.11,14.15,14.35,-0.2,-1.39,63530.87,90620.6368
2051,000587.SZ,20120618,13.99,14.5,13.9,14.35,13.96,0.39,2.79,93890.44,133116.4504
2052,000587.SZ,20120615,14.22,14.35,13.86,13.96,14.28,-0.32,-2.24,94249.3,132882.0789
2053,000587.SZ,20120614,13.8,14.29,13.73,14.28,13.82,0.46,3.33,102367.92,143549.0757
2054,000587.SZ,20120613,13.7,13.93,13.6,13.82,13.68,0.14,1.02,66338.33,91474.428
2055,000587.SZ,20120612,13.71,14.09,13.51,13.68,13.94,-0.26,-1.87,88513.62,121864.7543
2056,000587.SZ,20120611,14.21,14.29,13.62,13.94,14.34,-0.4,-2.79,114310.14,158741.5375
2057,000587.SZ,20120608,14.14,14.55,14.0,14.34,14.22,0.12,0.84,144687.17,207253.4021
2058,000587.SZ,20120607,13.95,14.71,13.85,14.22,14.01,0.21,1.5,278716.16,401920.8333
2059,000587.SZ,20120606,13.21,14.01,13.17,14.01,13.35,0.66,4.94,118754.25,160142.3178
2060,000587.SZ,20120605,13.92,14.06,13.35,13.35,14.05,-0.7,-4.98,149345.28,202353.6796
2061,000587.SZ,20120604,14.2,14.38,13.9,14.05,14.4,-0.35,-2.43,108474.47,152942.5308
2062,000587.SZ,20120601,14.2,14.53,13.99,14.4,14.25,0.15,1.05,97232.47,139007.7238
2063,000587.SZ,20120531,14.35,14.52,14.21,14.25,14.47,-0.22,-1.52,74826.43,107417.7016
2064,000587.SZ,20120530,14.35,14.54,14.15,14.47,14.4,0.07,0.49,92495.99,132925.0751
2065,000587.SZ,20120529,14.07,14.6,14.02,14.4,14.09,0.31,2.2,155576.9,222744.3921
2066,000587.SZ,20120528,13.47,14.13,13.35,14.09,13.48,0.61,4.53,139470.91,193277.6317
2067,000587.SZ,20120525,13.07,13.53,13.01,13.48,13.33,0.15,1.13,106962.38,142008.5956
2068,000587.SZ,20120524,14.02,14.1,13.3,13.33,14.0,-0.67,-4.79,164708.91,224209.9522
2069,000587.SZ,20120523,13.86,14.2,13.68,14.0,13.77,0.23,1.67,131123.82,183264.0256
2070,000587.SZ,20120522,13.88,14.08,13.54,13.77,13.84,-0.07,-0.51,127096.18,175531.8249
2071,000587.SZ,20120521,13.85,14.26,13.71,13.84,14.0,-0.16,-1.14,148354.57,206800.1223
2072,000587.SZ,20120518,13.45,14.15,13.36,14.0,13.52,0.48,3.55,192653.88,264876.9227
2073,000587.SZ,20120517,13.32,13.73,13.12,13.52,13.38,0.14,1.05,137731.9,185375.108
2074,000587.SZ,20120516,12.8,13.52,12.71,13.38,12.88,0.5,3.88,154868.91,204936.9377
2075,000587.SZ,20120515,12.65,12.91,12.33,12.88,12.83,0.05,0.39,117316.82,147386.4079
2076,000587.SZ,20120514,13.02,13.34,12.69,12.83,13.02,-0.19,-1.46,145239.2,188441.0426
2077,000587.SZ,20120511,13.26,13.71,13.0,13.02,13.06,-0.04,-0.31,217295.84,289913.8365
2078,000587.SZ,20120510,12.38,13.06,12.31,13.06,12.44,0.62,4.98,162652.64,207874.6936
2079,000587.SZ,20120509,12.25,12.76,12.15,12.44,12.44,0.0,0.0,144280.1,180592.5309
2080,000587.SZ,20120508,12.13,12.66,12.03,12.44,12.13,0.31,2.56,166627.95,206494.555
2081,000587.SZ,20120507,12.09,12.13,11.76,12.13,11.55,0.58,5.02,189321.98,228080.1792
2082,000587.SZ,20120504,11.55,11.55,11.47,11.55,11.0,0.55,5.0,57661.78,66577.8491
2083,000587.SZ,20120503,10.94,11.03,10.56,11.0,10.94,0.06,0.55,72755.94,78124.605
2084,000587.SZ,20120502,10.93,11.15,10.81,10.94,10.93,0.01,0.09,63492.08,69863.2887
2085,000587.SZ,20120427,10.76,11.07,10.71,10.93,10.68,0.25,2.34,50644.3,55504.4984
2086,000587.SZ,20120426,10.6,10.81,10.58,10.68,10.68,0.0,0.0,45984.61,49109.7079
2087,000587.SZ,20120425,10.52,10.83,10.4,10.68,10.61,0.07,0.66,53330.83,56977.9896
2088,000587.SZ,20120424,11.01,11.08,10.61,10.61,11.17,-0.56,-5.01,91912.49,98590.6142
2089,000587.SZ,20120423,11.4,11.4,10.88,11.17,11.45,-0.28,-2.45,109816.46,121822.5028
2090,000587.SZ,20120420,11.25,11.54,11.24,11.45,11.31,0.14,1.24,49564.37,56680.9957
2091,000587.SZ,20120419,11.46,11.47,11.24,11.31,11.48,-0.17,-1.48,47108.65,53515.7774
2092,000587.SZ,20120418,11.38,11.54,11.31,11.48,11.34,0.14,1.23,61346.06,70258.7886
2093,000587.SZ,20120417,11.22,11.5,11.2,11.34,11.33,0.01,0.09,71681.45,81191.7596
2094,000587.SZ,20120416,11.52,11.66,11.33,11.33,11.93,-0.6,-5.03,132487.55,151552.5244
2095,000587.SZ,20120413,11.98,12.05,11.77,11.93,11.99,-0.06,-0.5,85609.2,101627.7031
2096,000587.SZ,20120412,11.98,12.03,11.78,11.99,11.94,0.05,0.42,79107.17,94327.015
2097,000587.SZ,20120411,11.53,12.07,11.53,11.94,11.64,0.3,2.58,90970.16,108143.2381
2098,000587.SZ,20120410,11.27,11.68,11.22,11.64,11.41,0.23,2.02,68858.17,78884.61
2099,000587.SZ,20120409,11.53,11.73,11.28,11.41,11.61,-0.2,-1.72,56455.92,64941.7232
2100,000587.SZ,20120406,11.45,11.79,11.41,11.61,11.5,0.11,0.96,66626.87,77423.1656
2101,000587.SZ,20120405,11.29,11.55,10.96,11.5,11.25,0.25,2.22,83508.8,94979.5398
2102,000587.SZ,20120330,11.3,11.48,10.95,11.25,11.44,-0.19,-1.66,89118.01,99504.0649
2103,000587.SZ,20120329,11.74,11.9,11.44,11.44,12.04,-0.6,-4.98,144562.04,166710.3516
2104,000587.SZ,20120328,12.53,12.86,12.04,12.04,12.67,-0.63,-4.97,159506.48,198891.9336
2105,000587.SZ,20120327,12.77,12.95,12.54,12.67,12.76,-0.09,-0.71,126538.83,161374.5991
2106,000587.SZ,20120326,12.4,12.83,12.11,12.76,12.41,0.35,2.82,169856.52,213411.8668
2107,000587.SZ,20120323,12.28,12.42,12.03,12.41,12.37,0.04,0.32,109832.78,134599.1353
2108,000587.SZ,20120322,11.87,12.47,11.8,12.37,11.95,0.42,3.51,147036.52,180760.8684
2109,000587.SZ,20120321,12.23,12.33,11.64,11.95,12.23,-0.28,-2.29,120219.56,143951.2677
2110,000587.SZ,20120320,12.31,12.6,12.21,12.23,12.29,-0.06,-0.49,115295.5,142919.0982
2111,000587.SZ,20120319,12.36,12.54,12.05,12.29,12.44,-0.15,-1.21,105418.08,129442.009
2112,000587.SZ,20120316,11.93,12.56,11.93,12.44,11.98,0.46,3.84,187798.66,230346.1987
2113,000587.SZ,20120315,11.78,11.98,11.42,11.98,11.84,0.14,1.18,160270.29,187160.972
2114,000587.SZ,20120314,12.42,12.59,11.83,11.84,12.45,-0.61,-4.9,255800.92,313148.5639
2115,000587.SZ,20120313,13.03,13.1,12.42,12.45,13.07,-0.62,-4.74,258166.35,323246.1493
2116,000587.SZ,20120309,13.1,13.29,13.03,13.07,13.06,0.01,0.08,126261.38,165824.8876
2117,000587.SZ,20120308,12.73,13.25,12.73,13.06,12.68,0.38,3.0,157902.3,204648.5568
2118,000587.SZ,20120307,12.76,12.86,12.53,12.68,12.97,-0.29,-2.24,126825.84,161057.8746
2119,000587.SZ,20120306,12.85,13.24,12.85,12.97,12.92,0.05,0.39,179432.62,233959.4007
2120,000587.SZ,20120305,12.93,13.24,12.63,12.92,13.23,-0.31,-2.34,245748.98,317810.1058
2121,000587.SZ,20120223,13.51,13.8,12.94,13.23,13.62,-0.39,-2.86,335128.16,447107.4497
2122,000587.SZ,20120222,14.01,14.46,13.51,13.62,13.87,-0.25,-1.8,338141.37,470312.4936
2123,000587.SZ,20120221,13.87,14.34,13.87,13.87,14.6,-0.73,-5.0,226658.44,315504.7225
2124,000587.SZ,20120217,14.0,14.6,13.87,14.6,13.9,0.7,5.04,254578.25,364180.3786
2125,000587.SZ,20120216,13.35,13.9,13.31,13.9,13.24,0.66,4.98,205471.37,283784.6415
2126,000587.SZ,20120215,13.5,13.62,13.22,13.24,13.47,-0.23,-1.71,158920.98,213869.5229
2127,000587.SZ,20120214,13.18,13.47,12.91,13.47,13.13,0.34,2.59,220536.76,291202.6155
2128,000587.SZ,20120213,12.5,13.13,12.35,13.13,12.5,0.63,5.04,230158.67,297672.1348
2129,000587.SZ,20120210,11.8,12.5,11.79,12.5,11.9,0.6,5.04,185661.41,226663.9714
2130,000587.SZ,20120209,11.92,12.26,11.75,11.9,11.9,0.0,0.0,192265.58,230807.0694
2131,000587.SZ,20120208,11.33,11.9,11.33,11.9,11.33,0.57,5.03,200852.94,236149.2897
2132,000587.SZ,20120207,11.01,11.45,10.91,11.33,11.14,0.19,1.71,124537.13,139870.7906
2133,000587.SZ,20120206,11.2,11.34,11.03,11.14,11.35,-0.21,-1.85,110667.23,123327.7943
2134,000587.SZ,20120203,11.22,11.6,11.15,11.35,11.18,0.17,1.52,128414.11,146218.0058
2135,000587.SZ,20120202,11.07,11.26,10.99,11.18,10.98,0.2,1.82,120791.46,134053.0389
2136,000587.SZ,20120201,11.38,11.76,10.98,10.98,11.28,-0.3,-2.66,197181.55,224403.1426
2137,000587.SZ,20120130,11.42,11.58,11.26,11.28,11.03,0.25,2.27,208431.1,239782.013
2138,000587.SZ,20120120,10.58,11.09,10.53,11.03,10.58,0.45,4.25,127835.96,138959.6891
2139,000587.SZ,20120119,10.07,10.61,10.0,10.58,10.1,0.48,4.75,143237.45,149991.5355
2140,000587.SZ,20120118,10.25,10.44,10.03,10.1,10.14,-0.04,-0.39,95262.21,97495.2976
2141,000587.SZ,20120117,9.69,10.14,9.56,10.14,9.66,0.48,4.97,119012.25,118673.9365
2142,000587.SZ,20120116,10.0,10.28,9.61,9.66,10.07,-0.41,-4.07,99411.98,99089.6623
2143,000587.SZ,20120113,9.73,10.21,9.72,10.07,9.72,0.35,3.6,149677.09,150796.4245
2144,000587.SZ,20120112,9.7,9.87,9.56,9.72,9.75,-0.03,-0.31,75535.79,73434.2581
2145,000587.SZ,20120111,9.59,9.86,9.51,9.75,9.6,0.15,1.56,72351.54,70066.4306
2146,000587.SZ,20120110,9.28,9.7,9.21,9.6,9.24,0.36,3.9,104921.0,99773.9896
2147,000587.SZ,20120109,9.09,9.24,8.98,9.24,8.8,0.44,5.0,87280.13,80272.5965
2148,000587.SZ,20120106,8.68,8.83,8.41,8.8,8.79,0.01,0.11,58167.2,50078.0878
2149,000587.SZ,20120105,9.14,9.34,8.75,8.79,9.21,-0.42,-4.56,87906.31,79186.3617
2150,000587.SZ,20120104,9.0,9.23,8.96,9.21,8.79,0.42,4.78,97251.56,88874.9473
2151,000587.SZ,20111230,8.48,8.94,8.48,8.79,8.92,-0.13,-1.46,70928.16,62125.0379
2152,000587.SZ,20111222,8.84,9.22,8.84,8.92,9.3,-0.38,-4.09,79681.81,70979.0084
2153,000587.SZ,20111221,9.9,9.95,9.3,9.3,9.79,-0.49,-5.01,69520.86,66934.1155
2154,000587.SZ,20111220,9.88,10.05,9.76,9.79,9.93,-0.14,-1.41,69811.99,69061.6455
2155,000587.SZ,20111219,9.75,9.97,9.53,9.93,9.72,0.21,2.16,71612.62,70263.8904
2156,000587.SZ,20111216,9.42,9.85,9.42,9.72,9.39,0.33,3.51,88606.06,85599.3042
2157,000587.SZ,20111215,9.62,9.62,9.39,9.39,9.88,-0.49,-4.96,57824.86,54426.9734
2158,000587.SZ,20111214,10.35,10.45,9.88,9.88,10.4,-0.52,-5.0,75965.29,75679.9062
2159,000587.SZ,20111213,10.4,10.59,10.32,10.4,10.48,-0.08,-0.76,66564.22,69687.5141
2160,000587.SZ,20111212,10.62,10.71,10.42,10.48,10.63,-0.15,-1.41,48615.33,51456.9124
2161,000587.SZ,20111209,10.85,10.93,10.51,10.63,10.94,-0.31,-2.83,54746.45,58598.8248
2162,000587.SZ,20111207,10.78,11.2,10.69,10.94,10.68,0.26,2.43,89536.9,98261.0986
2163,000587.SZ,20111206,10.48,10.68,10.33,10.68,10.48,0.2,1.91,60302.0,63437.0579
2164,000587.SZ,20111205,10.57,10.75,10.26,10.48,10.44,0.04,0.38,64688.46,68319.044
2165,000587.SZ,20111202,10.89,11.0,10.43,10.44,10.98,-0.54,-4.92,100104.18,106124.2456
2166,000587.SZ,20111201,11.25,11.4,10.95,10.98,10.99,-0.01,-0.09,119441.48,133624.8015
2167,000587.SZ,20111130,11.51,11.58,10.99,10.99,11.57,-0.58,-5.01,86544.46,96791.9208
2168,000587.SZ,20111129,11.71,11.72,11.38,11.57,11.54,0.03,0.26,92647.32,106922.5555
2169,000587.SZ,20111128,11.38,11.73,11.37,11.54,11.44,0.1,0.87,90988.67,105167.7721
2170,000587.SZ,20111125,12.03,12.16,11.41,11.44,12.01,-0.57,-4.75,144932.38,170452.629
2171,000587.SZ,20111124,11.96,12.47,11.9,12.01,12.2,-0.19,-1.56,109936.62,134188.0488
2172,000587.SZ,20111123,12.38,12.8,12.19,12.2,12.45,-0.25,-2.01,144935.33,180519.6628
2173,000587.SZ,20111122,12.03,12.75,11.7,12.45,12.25,0.2,1.63,233007.56,286859.5807
2174,000587.SZ,20111118,11.85,12.55,11.74,12.25,11.98,0.27,2.25,261501.24,318642.8292
2175,000587.SZ,20111117,11.5,11.98,11.41,11.98,11.41,0.57,5.0,183712.87,217303.1189
2176,000587.SZ,20111116,11.77,11.99,11.32,11.41,11.77,-0.36,-3.06,179773.17,210514.4755
2177,000587.SZ,20111115,11.22,11.77,11.13,11.77,11.21,0.56,5.0,227187.54,264792.612
2178,000587.SZ,20111114,11.08,11.28,11.08,11.21,10.97,0.24,2.19,72135.49,80771.8862
2179,000587.SZ,20111111,10.91,11.08,10.88,10.97,10.88,0.09,0.83,53486.39,58698.0055
2180,000587.SZ,20111110,11.12,11.15,10.88,10.88,11.26,-0.38,-3.37,96544.2,106162.627
2181,000587.SZ,20111109,11.19,11.35,11.06,11.26,11.2,0.06,0.54,77589.94,86929.7271
2182,000587.SZ,20111108,11.33,11.37,11.01,11.2,11.33,-0.13,-1.15,132787.54,149027.57
2183,000587.SZ,20111107,11.16,11.47,11.1,11.33,11.16,0.17,1.52,226780.16,255900.248
2184,000587.SZ,20111104,10.82,11.16,10.72,11.16,10.63,0.53,4.99,196127.23,218159.2078
2185,000587.SZ,20111103,10.56,10.98,10.46,10.63,10.55,0.08,0.76,161325.54,173033.3158
2186,000587.SZ,20111102,10.22,10.62,10.06,10.55,10.4,0.15,1.44,113973.6,117193.2081
2187,000587.SZ,20111101,10.4,10.52,10.25,10.4,10.55,-0.15,-1.42,90144.67,93632.3474
2188,000587.SZ,20111031,10.47,10.76,10.37,10.55,10.47,0.08,0.76,96431.4,101774.3672
2189,000587.SZ,20111028,10.88,10.88,10.33,10.47,10.48,-0.01,-0.1,204011.25,215575.311
2190,000587.SZ,20111026,10.3,10.73,10.28,10.48,10.27,0.21,2.04,149285.76,157394.2905
2191,000587.SZ,20111025,9.84,10.29,9.78,10.27,9.86,0.41,4.16,110820.86,112269.5025
2192,000587.SZ,20111024,9.95,10.05,9.41,9.86,9.9,-0.04,-0.4,112043.18,108596.5971
2193,000587.SZ,20111021,10.0,10.25,9.85,9.9,9.97,-0.07,-0.7,77566.44,78060.9736
2194,000587.SZ,20111020,9.9,10.04,9.7,9.97,10.11,-0.14,-1.38,99001.76,97677.3136
2195,000587.SZ,20111019,10.35,10.46,10.05,10.11,10.53,-0.42,-3.99,113684.13,116453.3676
2196,000587.SZ,20111018,10.94,10.94,10.53,10.53,11.08,-0.55,-4.96,103272.08,109968.5287
2197,000587.SZ,20111017,11.3,11.5,11.02,11.08,11.38,-0.3,-2.64,104544.92,117456.988
2198,000587.SZ,20111014,11.08,11.68,11.02,11.38,11.17,0.21,1.88,134803.24,153686.0661
2199,000587.SZ,20111013,11.21,11.25,11.01,11.17,11.24,-0.07,-0.62,107545.81,119658.3474
2200,000587.SZ,20111012,10.78,11.28,10.51,11.24,10.97,0.27,2.46,131550.95,143900.7866
2201,000587.SZ,20111011,11.25,11.42,10.74,10.97,10.88,0.09,0.83,215975.17,241192.0348
2202,000587.SZ,20111010,10.38,10.88,10.38,10.88,10.36,0.52,5.02,123863.44,134088.9445
2203,000587.SZ,20110930,10.53,10.7,10.24,10.36,10.73,-0.37,-3.45,110766.67,115131.1742
2204,000587.SZ,20110929,11.08,11.08,10.73,10.73,11.29,-0.56,-4.96,123486.68,132946.7015
2205,000587.SZ,20110928,11.44,11.57,11.21,11.29,11.32,-0.03,-0.27,122965.46,140021.4139
2206,000587.SZ,20110927,11.87,11.94,11.22,11.32,11.77,-0.45,-3.82,155517.12,178358.0459
2207,000587.SZ,20110926,11.84,12.13,11.73,11.77,12.06,-0.29,-2.4,125035.67,148860.5063
2208,000587.SZ,20110923,12.2,12.3,12.06,12.06,12.69,-0.63,-4.96,206188.59,249635.9029
2209,000587.SZ,20110922,13.17,13.33,12.69,12.69,13.36,-0.67,-5.02,243498.65,315202.7667
2210,000587.SZ,20110921,13.15,13.66,13.15,13.36,13.15,0.21,1.6,223331.98,299547.6932
2211,000587.SZ,20110920,13.32,13.39,13.0,13.15,13.41,-0.26,-1.94,156127.05,205896.9382
2212,000587.SZ,20110919,13.33,13.6,13.15,13.41,13.34,0.07,0.52,293862.99,393866.6773
2213,000587.SZ,20110916,12.63,13.34,12.5,13.34,12.7,0.64,5.04,343639.11,448222.9426
2214,000587.SZ,20110915,12.7,12.84,12.58,12.7,12.75,-0.05,-0.39,134267.38,170820.6424
2215,000587.SZ,20110914,12.39,12.93,12.34,12.75,12.33,0.42,3.41,199274.28,252401.8426
2216,000587.SZ,20110913,12.19,12.7,12.01,12.33,12.48,-0.15,-1.2,151054.02,187519.6273
2217,000587.SZ,20110909,13.1,13.18,12.47,12.48,13.13,-0.65,-4.95,287757.24,364638.0994
2218,000587.SZ,20110908,12.76,13.32,12.66,13.13,12.9,0.23,1.78,262630.91,341785.51
2219,000587.SZ,20110907,13.17,13.26,12.84,12.9,13.31,-0.41,-3.08,254778.52,331848.6547
2220,000587.SZ,20110906,13.0,13.66,12.58,13.31,13.21,0.1,0.76,359984.64,472051.3344
2221,000587.SZ,20110905,13.85,14.03,13.21,13.21,13.91,-0.7,-5.03,333493.19,448207.9084
2222,000587.SZ,20110902,14.53,14.75,13.91,13.91,14.64,-0.73,-4.99,442976.74,625368.331
2223,000587.SZ,20110901,15.0,15.63,14.61,14.64,15.0,-0.36,-2.4,463080.44,697456.6807
2224,000587.SZ,20110831,14.37,15.25,14.21,15.0,14.55,0.45,3.09,499232.24,740914.6497
2225,000587.SZ,20110830,13.84,14.76,13.5,14.55,14.07,0.48,3.41,581836.98,820686.9895
2226,000587.SZ,20110829,14.76,14.76,13.38,14.07,14.06,0.01,0.07,859639.79,1235088.5282
2227,000587.SZ,20110823,14.06,14.06,14.06,14.06,13.39,0.67,5.0,29410.31,41350.8959
2228,000587.SZ,20110822,13.03,13.39,12.98,13.39,12.75,0.64,5.02,309706.85,411952.1809
2229,000587.SZ,20110819,11.53,12.75,11.53,12.75,12.14,0.61,5.02,879251.84,1090047.749
2230,000587.SZ,20110818,9.69,13.88,9.51,12.14,15.9,-3.76,-23.65,1555520.52,1841820.8671
2231,000587.SZ,20110621,15.9,15.9,15.9,15.9,15.14,0.76,5.02,24536.5,39013.035
2232,000587.SZ,20110620,15.14,15.14,15.14,15.14,14.42,0.72,4.99,492.09,745.0243
2233,000587.SZ,20110617,14.42,14.42,14.42,14.42,13.73,0.69,5.03,286.76,413.5079
2234,000587.SZ,20110616,13.73,13.73,13.73,13.73,13.08,0.65,4.97,421.0,578.033
2235,000587.SZ,20110615,13.08,13.08,13.08,13.08,12.46,0.62,4.98,595.18,778.4954
2236,000587.SZ,20091208,12.7,13.63,12.38,12.46,13.03,-0.57,-4.37,126208.74,163276.0747
2237,000587.SZ,20091207,11.79,13.03,11.79,13.03,12.41,0.62,5.0,126930.53,157045.8408
2238,000587.SZ,20091204,13.07,13.07,12.41,12.41,13.06,-0.65,-4.98,49145.27,61461.2254
2239,000587.SZ,20091203,13.27,13.45,12.86,13.06,13.38,-0.32,-2.39,61372.82,79751.9443
2240,000587.SZ,20091202,13.35,13.76,12.88,13.38,13.35,0.03,0.22,53966.63,71695.9488
2241,000587.SZ,20091201,12.95,13.64,12.94,13.35,13.0,0.35,2.69,48020.51,64411.3975
2242,000587.SZ,20091130,12.88,13.16,12.16,13.0,12.8,0.2,1.56,58904.61,74915.7527
2243,000587.SZ,20091127,12.8,13.5,12.8,12.8,13.44,-0.64,-4.76,22911.87,29915.9134
2244,000587.SZ,20091126,14.12,14.13,13.44,13.44,14.15,-0.71,-5.02,51544.46,69747.8178
2245,000587.SZ,20091125,13.74,14.39,13.71,14.15,13.94,0.21,1.51,30995.85,43583.5568
2246,000587.SZ,20091124,13.53,14.23,13.44,13.94,13.55,0.39,2.88,57051.47,80143.6296
2247,000587.SZ,20091123,13.7,13.7,13.17,13.55,13.57,-0.02,-0.15,29436.22,39476.6784
2248,000587.SZ,20091120,13.3,13.88,13.21,13.57,13.48,0.09,0.67,40607.44,55318.5337
2249,000587.SZ,20091119,13.85,14.1,13.32,13.48,14.02,-0.54,-3.85,99566.71,134103.5785
2250,000587.SZ,20091118,14.81,15.0,14.02,14.02,14.76,-0.74,-5.01,46758.76,68066.3236
2251,000587.SZ,20091117,14.38,14.77,14.01,14.76,14.07,0.69,4.9,60915.84,88996.3414
2252,000587.SZ,20091116,13.07,14.07,13.0,14.07,13.4,0.67,5.0,47970.76,65796.2683
2253,000587.SZ,20091113,14.1,14.11,13.35,13.4,13.44,-0.04,-0.3,86523.94,118732.4117
2254,000587.SZ,20091112,13.25,13.44,13.0,13.44,12.8,0.64,5.0,20444.86,27374.4046
2255,000587.SZ,20091111,12.8,12.8,12.5,12.8,12.19,0.61,5.0,73985.45,94585.9436
2256,000587.SZ,20091109,11.85,12.2,11.49,12.19,11.62,0.57,4.91,56442.66,68027.7644
2257,000587.SZ,20091106,11.58,11.62,11.42,11.62,11.07,0.55,4.97,35544.49,41262.117
2258,000587.SZ,20091105,10.35,11.07,10.35,11.07,10.54,0.53,5.03,35507.11,39061.7718
2259,000587.SZ,20091104,11.05,11.05,10.41,10.54,10.52,0.02,0.19,89785.2,97545.6526
2260,000587.SZ,20091103,10.22,10.52,10.12,10.52,10.02,0.5,4.99,38411.15,40284.5955
2261,000587.SZ,20091102,9.3,10.02,9.3,10.02,9.54,0.48,5.03,47098.25,46993.6245
2262,000587.SZ,20091030,9.08,9.54,9.0,9.54,9.09,0.45,4.95,38732.29,36544.1651
2263,000587.SZ,20091029,8.68,9.14,8.68,9.09,8.7,0.39,4.48,54716.5,49740.1107
2264,000587.SZ,20091028,8.83,8.92,8.61,8.7,8.85,-0.15,-1.69,22111.65,19426.9912
2265,000587.SZ,20091027,8.43,8.85,8.33,8.85,8.43,0.42,4.98,39161.33,34399.0674
2266,000587.SZ,20091026,8.42,8.49,8.28,8.43,8.38,0.05,0.6,19293.64,16216.2414
2267,000587.SZ,20091023,8.46,8.66,8.35,8.38,8.54,-0.16,-1.87,28964.07,24546.2109
2268,000587.SZ,20091022,8.9,8.97,8.5,8.54,8.54,0.0,0.0,72086.3,63822.0507
2269,000587.SZ,20091021,8.45,8.54,8.45,8.54,8.13,0.41,5.04,11672.92,9948.5535
2270,000587.SZ,20091020,8.03,8.29,8.01,8.13,8.03,0.1,1.25,28044.51,22811.2745
2271,000587.SZ,20091019,8.05,8.15,7.91,8.03,7.96,0.07,0.88,19495.99,15604.9164
2272,000587.SZ,20091016,7.92,8.08,7.82,7.96,7.93,0.03,0.38,13338.12,10541.1716
2273,000587.SZ,20091015,7.83,7.96,7.79,7.93,7.8,0.13,1.67,18790.03,14777.5608
2274,000587.SZ,20091014,7.9,7.98,7.71,7.8,7.77,0.03,0.39,15266.28,12001.8561
2275,000587.SZ,20091013,7.48,7.8,7.4,7.77,7.54,0.23,3.05,10367.59,7953.2621
2276,000587.SZ,20091012,7.52,7.67,7.43,7.54,7.57,-0.03,-0.4,7554.11,5696.566
2277,000587.SZ,20091009,7.37,7.64,7.3,7.57,7.33,0.24,3.27,7440.81,5591.6388
2278,000587.SZ,20090930,7.39,7.47,7.2,7.33,7.22,0.11,1.52,4676.99,3418.9921
2279,000587.SZ,20090929,7.33,7.5,7.1,7.22,7.33,-0.11,-1.5,7438.9,5375.5865
2280,000587.SZ,20090928,7.4,7.59,7.31,7.33,7.45,-0.12,-1.61,12345.57,9239.7959
2281,000587.SZ,20090925,7.42,7.57,7.3,7.45,7.42,0.03,0.4,9656.18,7205.3978
2282,000587.SZ,20090924,7.17,7.52,7.15,7.42,7.16,0.26,3.63,19541.62,14448.6662
2283,000587.SZ,20090923,7.6,7.6,7.1,7.16,7.46,-0.3,-4.02,12843.32,9365.2981
2284,000587.SZ,20090922,7.66,7.74,7.45,7.46,7.7,-0.24,-3.12,13453.24,10196.2358
2285,000587.SZ,20090921,7.85,7.87,7.51,7.7,7.9,-0.2,-2.53,21794.88,16585.6675
2286,000587.SZ,20090918,7.87,8.08,7.7,7.9,7.87,0.03,0.38,21050.59,16655.8014
2287,000587.SZ,20090917,7.81,7.93,7.75,7.87,7.82,0.05,0.64,17096.62,13407.4917
2288,000587.SZ,20090916,7.94,7.99,7.75,7.82,8.01,-0.19,-2.37,15591.22,12253.8973
2289,000587.SZ,20090915,7.98,8.08,7.8,8.01,8.02,-0.01,-0.12,23394.37,18594.8834
2290,000587.SZ,20090914,7.71,8.1,7.65,8.02,7.75,0.27,3.48,30511.96,24000.1207
2291,000587.SZ,20090911,7.76,7.86,7.6,7.75,7.8,-0.05,-0.64,17571.8,13647.2771
2292,000587.SZ,20090910,7.61,7.85,7.58,7.8,7.62,0.18,2.36,20602.69,15918.6141
2293,000587.SZ,20090909,7.78,7.83,7.6,7.62,7.78,-0.16,-2.06,12171.91,9322.4598
2294,000587.SZ,20090908,7.75,7.88,7.63,7.78,7.75,0.03,0.39,14104.69,10948.0452
2295,000587.SZ,20090907,7.55,7.85,7.55,7.75,7.7,0.05,0.65,14282.0,11043.6516
2296,000587.SZ,20090904,7.4,7.79,7.2,7.7,7.42,0.28,3.77,25222.17,19099.8418
2297,000587.SZ,20090903,7.14,7.43,7.1,7.42,7.1,0.32,4.51,9272.57,6784.1843
2298,000587.SZ,20090902,7.07,7.13,7.0,7.1,7.07,0.03,0.42,11481.7,8136.1571
2299,000587.SZ,20090901,7.02,7.35,6.98,7.07,7.35,-0.28,-3.81,16030.79,11284.9598
2300,000587.SZ,20090831,7.7,7.7,7.35,7.35,7.74,-0.39,-5.04,8040.1,5938.2976
2301,000587.SZ,20090828,7.8,7.93,7.72,7.74,7.86,-0.12,-1.53,11388.09,8890.4621
2302,000587.SZ,20090827,7.75,7.89,7.7,7.86,7.75,0.11,1.42,16213.51,12638.0926
2303,000587.SZ,20090826,7.49,7.86,7.4,7.75,7.49,0.26,3.47,24025.49,18657.6297
2304,000587.SZ,20090825,7.35,7.62,7.25,7.49,7.41,0.08,1.08,21206.76,15590.8347
2305,000587.SZ,20090824,7.12,7.53,7.05,7.41,7.17,0.24,3.35,24328.66,18007.0308
2306,000587.SZ,20090821,7.11,7.36,7.03,7.17,7.05,0.12,1.7,13562.22,9719.7344
2307,000587.SZ,20090820,6.88,7.05,6.7,7.05,6.71,0.34,5.07,19598.02,13590.7846
2308,000587.SZ,20090819,6.99,7.25,6.67,6.71,6.99,-0.28,-4.01,19909.33,13883.4892
2309,000587.SZ,20090818,7.02,7.2,6.91,6.99,7.27,-0.28,-3.85,21503.55,14933.2148
2310,000587.SZ,20090817,7.58,7.58,7.27,7.27,7.65,-0.38,-4.97,25525.0,18659.6377
2311,000587.SZ,20090814,7.47,7.76,7.3,7.65,7.51,0.14,1.86,26356.75,20078.8506
2312,000587.SZ,20090813,7.43,7.59,7.27,7.51,7.65,-0.14,-1.83,22037.75,16287.5507
2313,000587.SZ,20090812,8.01,8.01,7.65,7.65,8.05,-0.4,-4.97,14834.0,11486.1837
2314,000587.SZ,20090811,7.93,8.09,7.93,8.05,7.96,0.09,1.13,9964.68,7973.7995
2315,000587.SZ,20090810,8.18,8.29,7.9,7.96,8.14,-0.18,-2.21,18784.19,15268.527
2316,000587.SZ,20090807,8.12,8.39,8.12,8.14,8.12,0.02,0.25,26603.33,21977.104
2317,000587.SZ,20090806,8.18,8.25,7.96,8.12,8.24,-0.12,-1.46,17721.36,14406.0364
2318,000587.SZ,20090805,8.19,8.28,7.94,8.24,8.16,0.08,0.98,41189.94,33365.1634
2319,000587.SZ,20090804,8.35,8.35,8.0,8.16,8.3,-0.14,-1.69,33256.73,27086.8625
2320,000587.SZ,20090803,8.4,8.41,8.26,8.3,8.42,-0.12,-1.43,28716.18,23835.9409
2321,000587.SZ,20090731,8.32,8.48,8.18,8.42,8.22,0.2,2.43,14899.0,12419.125
2322,000587.SZ,20090730,8.58,8.65,8.15,8.22,8.58,-0.36,-4.2,32731.85,26962.825
2323,000587.SZ,20090729,8.98,9.05,8.58,8.58,9.03,-0.45,-4.98,26154.41,22818.9981
2324,000587.SZ,20090728,9.03,9.07,8.88,9.03,9.03,0.0,0.0,13353.16,11970.9802
2325,000587.SZ,20090727,9.08,9.18,8.97,9.03,9.09,-0.06,-0.66,22671.7,20531.7081
2326,000587.SZ,20090724,9.15,9.16,8.8,9.09,9.05,0.04,0.44,23045.21,20777.0912
2327,000587.SZ,20090723,9.17,9.17,8.75,9.05,9.08,-0.03,-0.33,22169.24,19739.8684
2328,000587.SZ,20090722,9.04,9.18,9.01,9.08,9.08,0.0,0.0,21650.75,19659.9662
2329,000587.SZ,20090721,9.41,9.49,9.03,9.08,9.51,-0.43,-4.52,32549.89,29813.2322
2330,000587.SZ,20090720,9.5,9.73,9.39,9.51,9.27,0.24,2.59,22927.01,21922.4012
2331,000587.SZ,20090717,9.2,9.31,9.11,9.27,9.2,0.07,0.76,14464.29,13307.5083
2332,000587.SZ,20090716,9.24,9.35,9.01,9.2,9.24,-0.04,-0.43,15249.2,14012.1323
2333,000587.SZ,20090715,9.35,9.47,9.03,9.24,9.45,-0.21,-2.22,27430.65,25285.1651
2334,000587.SZ,20090714,9.23,9.69,9.05,9.45,9.24,0.21,2.27,32384.73,30700.6628
2335,000587.SZ,20090713,8.94,9.24,8.81,9.24,8.8,0.44,5.0,67115.4,61403.9689
2336,000587.SZ,20090710,8.45,8.8,8.35,8.8,8.38,0.42,5.01,22541.62,19585.6751
2337,000587.SZ,20090709,8.45,8.5,8.29,8.38,8.4,-0.02,-0.24,24546.98,20612.5639
2338,000587.SZ,20090708,8.43,8.73,8.25,8.4,8.5,-0.1,-1.18,22161.6,18704.7977
2339,000587.SZ,20090707,8.78,8.78,8.38,8.5,8.71,-0.21,-2.41,18308.33,15635.9267
2340,000587.SZ,20090706,8.55,8.95,8.4,8.71,8.55,0.16,1.87,36640.33,32027.5897
2341,000587.SZ,20090703,8.01,8.55,7.93,8.55,8.14,0.41,5.04,25196.06,21210.4858
2342,000587.SZ,20090702,8.0,8.37,8.0,8.14,8.1,0.04,0.49,32962.6,26988.1704
2343,000587.SZ,20090701,7.75,8.1,7.61,8.1,7.71,0.39,5.06,37932.54,30324.9916
2344,000587.SZ,20090630,7.87,7.98,7.62,7.71,7.88,-0.17,-2.16,49267.97,38184.1469
2345,000587.SZ,20090629,7.94,8.08,7.77,7.88,7.94,-0.06,-0.76,26326.49,20786.9667
2346,000587.SZ,20090626,8.07,8.07,7.77,7.94,7.98,-0.04,-0.5,26745.81,21163.135
2347,000587.SZ,20090625,8.1,8.17,7.78,7.98,8.02,-0.04,-0.5,28696.91,22843.1665
2348,000587.SZ,20090624,7.6,8.02,7.6,8.02,7.64,0.38,4.97,52500.92,41895.9644
2349,000587.SZ,20090623,7.48,7.71,7.39,7.64,7.67,-0.03,-0.39,19337.21,14599.713
2350,000587.SZ,20090622,8.14,8.14,7.67,7.67,8.07,-0.4,-4.96,35066.18,27582.1264
2351,000587.SZ,20090619,7.97,8.15,7.8,8.07,8.11,-0.04,-0.49,26851.57,21467.1978
2352,000587.SZ,20090618,7.8,8.16,7.73,8.11,7.77,0.34,4.38,75720.49,61248.3169
2353,000587.SZ,20090617,7.39,7.77,7.33,7.77,7.4,0.37,5.0,44798.39,34269.5553
2354,000587.SZ,20090616,7.54,7.76,7.31,7.4,7.64,-0.24,-3.14,32542.92,24460.3161
2355,000587.SZ,20090615,7.26,7.64,7.2,7.64,7.28,0.36,4.95,87877.64,66135.3654
2356,000587.SZ,20090612,7.06,7.31,7.06,7.28,7.14,0.14,1.96,46700.48,33623.0517
2357,000587.SZ,20090611,7.01,7.35,6.95,7.14,7.01,0.13,1.85,38880.85,27919.0235
2358,000587.SZ,20090610,6.88,7.06,6.82,7.01,6.86,0.15,2.19,32255.3,22468.9902
2359,000587.SZ,20090609,6.79,6.96,6.65,6.86,6.68,0.18,2.69,40445.96,27691.6433
2360,000587.SZ,20090608,6.9,6.9,6.59,6.68,6.86,-0.18,-2.62,44731.83,30179.094
2361,000587.SZ,20090605,6.92,6.95,6.79,6.86,6.85,0.01,0.15,24295.03,16684.9715
2362,000587.SZ,20090604,6.86,6.97,6.75,6.85,6.78,0.07,1.03,25070.67,17200.4366
2363,000587.SZ,20090602,7.0,7.0,6.77,6.78,6.99,-0.21,-3.0,21052.8,14389.2252
2364,000587.SZ,20090601,6.98,7.15,6.88,6.99,6.97,0.02,0.29,19986.76,14018.0575
2365,000587.SZ,20090527,7.08,7.09,6.89,6.97,7.0,-0.03,-0.43,10690.08,7437.2614
2366,000587.SZ,20090526,6.94,7.1,6.92,7.0,6.94,0.06,0.86,15438.48,10849.0819
2367,000587.SZ,20090525,6.8,6.96,6.7,6.94,7.05,-0.11,-1.56,24385.02,16555.1527
2368,000587.SZ,20090522,6.96,7.1,6.86,7.05,7.0,0.05,0.71,20471.53,14399.7342
2369,000587.SZ,20090521,7.3,7.39,6.97,7.0,7.34,-0.34,-4.63,33046.55,23434.7368
2370,000587.SZ,20090520,7.43,7.45,7.21,7.34,7.38,-0.04,-0.54,24262.37,17692.4638
2371,000587.SZ,20090519,7.06,7.39,6.94,7.38,7.04,0.34,4.83,53909.71,39381.8234
2372,000587.SZ,20090518,6.78,7.06,6.68,7.04,6.85,0.19,2.77,35263.27,24424.8735
2373,000587.SZ,20090515,6.92,6.97,6.66,6.85,6.92,-0.07,-1.01,21618.28,14716.8861
2374,000587.SZ,20090514,6.8,6.95,6.7,6.92,6.81,0.11,1.62,22858.16,15656.2702
2375,000587.SZ,20090513,6.83,6.89,6.69,6.81,6.8,0.01,0.15,15893.46,10821.8169
2376,000587.SZ,20090512,6.5,6.81,6.4,6.8,6.5,0.3,4.62,20766.35,13664.5392
2377,000587.SZ,20090511,7.09,7.09,6.5,6.5,6.84,-0.34,-4.97,30694.29,20718.2243
2378,000587.SZ,20090508,6.7,6.93,6.6,6.84,6.61,0.23,3.48,32736.34,22324.4805
2379,000587.SZ,20090507,6.88,6.88,6.5,6.61,6.84,-0.23,-3.36,46617.2,30952.2217
2380,000587.SZ,20090506,6.83,7.09,6.7,6.84,6.78,0.06,0.89,43972.7,30139.2736
2381,000587.SZ,20090505,6.46,6.78,6.4,6.78,6.46,0.32,4.95,47240.19,31460.8419
2382,000587.SZ,20090504,6.43,6.58,6.25,6.46,6.44,0.02,0.31,36278.63,23282.3299
2383,000587.SZ,20090430,6.3,6.59,6.26,6.44,6.3,0.14,2.22,34512.54,22147.7547
2384,000587.SZ,20090429,5.91,6.3,5.91,6.3,6.0,0.3,5.0,32740.65,20471.5962
2385,000587.SZ,20090428,6.0,6.1,6.0,6.0,6.32,-0.32,-5.06,23098.82,13890.9466
2386,000587.SZ,20090427,6.55,6.64,6.32,6.32,6.65,-0.33,-4.96,9423.0,6016.148
2387,000587.SZ,20090424,6.55,6.89,6.55,6.65,6.61,0.04,0.61,31775.67,21308.6031
2388,000587.SZ,20090423,6.79,6.9,6.61,6.61,6.96,-0.35,-5.03,57908.9,38394.0892
2389,000587.SZ,20090422,7.1,7.36,6.88,6.96,7.01,-0.05,-0.71,77293.93,56087.2989
2390,000587.SZ,20090421,6.67,7.01,6.52,7.01,6.68,0.33,4.94,53654.39,37264.11
2391,000587.SZ,20090420,6.38,6.74,6.35,6.68,6.42,0.26,4.05,31329.77,20794.8544
2392,000587.SZ,20090417,6.31,6.56,6.13,6.42,6.37,0.05,0.78,37736.99,24210.5215
2393,000587.SZ,20090416,6.4,6.57,6.26,6.37,6.49,-0.12,-1.85,33085.08,21301.1548
2394,000587.SZ,20090415,6.6,6.78,6.3,6.49,6.58,-0.09,-1.37,59134.11,38757.9977
2395,000587.SZ,20090414,6.34,6.58,6.23,6.58,6.27,0.31,4.94,64888.03,42471.3583
2396,000587.SZ,20090413,6.34,6.55,6.13,6.27,6.31,-0.04,-0.63,49185.41,31039.1633
2397,000587.SZ,20090410,6.15,6.31,6.05,6.31,6.01,0.3,4.99,63187.9,39603.278
2398,000587.SZ,20090409,5.72,6.01,5.68,6.01,5.72,0.29,5.07,35868.7,21321.3548
2399,000587.SZ,20090408,5.69,5.84,5.56,5.72,5.66,0.06,1.06,26570.43,15216.319
2400,000587.SZ,20090407,5.7,5.89,5.61,5.66,5.74,-0.08,-1.39,20413.07,11702.3556
2401,000587.SZ,20090403,5.47,5.74,5.42,5.74,5.47,0.27,4.94,42876.75,24388.4387
2402,000587.SZ,20090402,5.55,5.57,5.43,5.47,5.55,-0.08,-1.44,17349.53,9542.9963
2403,000587.SZ,20090401,5.48,5.6,5.42,5.55,5.49,0.06,1.09,20657.33,11429.3066
2404,000587.SZ,20090331,5.55,5.58,5.42,5.49,5.71,-0.22,-3.85,36728.91,20034.2214
2405,000587.SZ,20090330,5.48,5.73,5.43,5.71,5.46,0.25,4.58,39500.82,22129.4331
2406,000587.SZ,20090327,5.18,5.46,5.13,5.46,5.2,0.26,5.0,40962.65,21912.468
2407,000587.SZ,20090326,5.09,5.25,5.07,5.2,5.14,0.06,1.17,23448.29,12073.2589
2408,000587.SZ,20090325,5.14,5.38,5.13,5.14,5.13,0.01,0.19,22797.59,11978.2046
2409,000587.SZ,20090324,5.18,5.2,5.1,5.13,5.15,-0.02,-0.39,12101.47,6202.9305
2410,000587.SZ,20090323,5.16,5.23,5.1,5.15,5.16,-0.01,-0.19,17445.59,8995.9182
2411,000587.SZ,20090320,5.18,5.18,5.04,5.16,5.14,0.02,0.39,16326.49,8358.8458
2412,000587.SZ,20090319,4.97,5.15,4.96,5.14,5.01,0.13,2.59,24398.08,12357.8521
2413,000587.SZ,20090318,5.22,5.28,4.99,5.01,5.09,-0.08,-1.57,42452.21,21630.3815
2414,000587.SZ,20090317,4.89,5.09,4.85,5.09,4.85,0.24,4.95,26978.17,13657.7229
2415,000587.SZ,20090316,4.84,4.89,4.79,4.85,4.87,-0.02,-0.41,22113.7,10692.4954
2416,000587.SZ,20090313,4.85,4.94,4.75,4.87,4.78,0.09,1.88,13548.55,6566.5108
2417,000587.SZ,20090312,4.97,4.98,4.73,4.78,4.97,-0.19,-3.82,18317.66,8862.5171
2418,000587.SZ,20090311,4.96,5.04,4.9,4.97,4.94,0.03,0.61,13580.44,6739.3541
2419,000587.SZ,20090310,4.8,4.94,4.78,4.94,4.84,0.1,2.07,9132.57,4455.5802
2420,000587.SZ,20090309,4.9,5.06,4.73,4.84,4.94,-0.1,-2.02,16943.35,8320.0732
2421,000587.SZ,20090306,4.8,4.98,4.68,4.94,4.84,0.1,2.07,18373.65,9016.9829
2422,000587.SZ,20090305,4.85,4.88,4.67,4.84,4.65,0.19,4.09,19656.08,9438.9051
2423,000587.SZ,20090304,4.45,4.65,4.41,4.65,4.43,0.22,4.97,16594.08,7691.3372
2424,000587.SZ,20090303,4.4,4.54,4.31,4.43,4.54,-0.11,-2.42,17762.93,7790.2756
2425,000587.SZ,20090302,4.3,4.61,4.25,4.54,4.47,0.07,1.57,21192.8,9406.6455
2426,000587.SZ,20090227,4.6,4.68,4.47,4.47,4.7,-0.23,-4.89,10201.9,4585.1083
2427,000587.SZ,20090226,4.97,5.0,4.7,4.7,4.95,-0.25,-5.05,17985.14,8712.1951
2428,000587.SZ,20090225,5.1,5.1,4.83,4.95,4.97,-0.02,-0.4,16413.17,8142.7066
2429,000587.SZ,20090224,4.9,5.2,4.86,4.97,4.95,0.02,0.4,29075.37,14600.7223
2430,000587.SZ,20090223,4.77,4.96,4.7,4.95,4.75,0.2,4.21,20757.44,10141.4751
2431,000587.SZ,20090220,4.62,4.76,4.52,4.75,4.6,0.15,3.26,12531.63,5850.208
2432,000587.SZ,20090219,4.83,4.85,4.59,4.6,4.83,-0.23,-4.76,26192.75,12194.9517
2433,000587.SZ,20090218,4.9,5.01,4.83,4.83,5.08,-0.25,-4.92,23637.52,11509.0921
2434,000587.SZ,20090217,5.18,5.45,5.03,5.08,5.19,-0.11,-2.12,31183.05,16657.4904
2435,000587.SZ,20090216,4.91,5.19,4.88,5.19,4.94,0.25,5.06,30681.75,15569.8857
2436,000587.SZ,20090213,4.86,4.99,4.77,4.94,4.85,0.09,1.86,16554.95,8128.4369
2437,000587.SZ,20090212,4.95,4.95,4.69,4.85,4.83,0.02,0.41,13158.85,6323.8059
2438,000587.SZ,20090211,4.83,4.96,4.77,4.83,4.9,-0.07,-1.43,15135.33,7390.8122
2439,000587.SZ,20090210,4.87,4.9,4.78,4.9,4.86,0.04,0.82,14372.33,6944.8095
2440,000587.SZ,20090209,4.87,4.99,4.8,4.86,4.82,0.04,0.83,16819.39,8195.903
2441,000587.SZ,20090206,4.83,4.89,4.72,4.82,4.78,0.04,0.84,18687.13,8986.0507
2442,000587.SZ,20090205,4.88,4.96,4.77,4.78,4.88,-0.1,-2.05,10103.3,4902.9052
2443,000587.SZ,20090204,4.7,4.93,4.69,4.88,4.71,0.17,3.61,8989.72,4290.6942
2444,000587.SZ,20090203,4.79,4.81,4.66,4.71,4.76,-0.05,-1.05,8614.41,4070.146
2445,000587.SZ,20090202,4.57,4.81,4.57,4.76,4.58,0.18,3.93,8487.83,4031.8078
2446,000587.SZ,20090123,4.47,4.64,4.4,4.58,4.42,0.16,3.62,14798.45,6748.1535
2447,000587.SZ,20090122,4.45,4.48,4.38,4.42,4.45,-0.03,-0.67,6696.36,2959.2084
2448,000587.SZ,20090121,4.28,4.5,4.25,4.45,4.35,0.1,2.3,9629.9,4271.0752
2449,000587.SZ,20090120,4.39,4.43,4.26,4.35,4.38,-0.03,-0.68,4314.49,1866.3812
2450,000587.SZ,20090119,4.44,4.45,4.35,4.38,4.42,-0.04,-0.91,4642.5,2041.8551
2451,000587.SZ,20090116,4.44,4.6,4.42,4.42,4.39,0.03,0.68,8231.57,3701.749
2452,000587.SZ,20090115,4.5,4.53,4.33,4.39,4.49,-0.1,-2.23,10200.01,4499.2683
2453,000587.SZ,20090114,4.48,4.57,4.38,4.49,4.48,0.01,0.22,15001.3,6691.6898
2454,000587.SZ,20090113,4.22,4.49,4.21,4.48,4.28,0.2,4.67,24610.39,10995.3583
2455,000587.SZ,20090112,4.25,4.45,4.11,4.28,4.33,-0.05,-1.15,15752.18,6759.4352
2456,000587.SZ,20090109,4.39,4.47,4.29,4.33,4.35,-0.02,-0.46,14044.74,6110.9749
2457,000587.SZ,20090108,4.02,4.35,4.01,4.35,4.14,0.21,5.07,20354.58,8713.1164
2458,000587.SZ,20090107,3.96,4.14,3.9,4.14,3.94,0.2,5.08,18935.0,7669.0713
2459,000587.SZ,20090106,3.97,3.97,3.87,3.94,3.92,0.02,0.51,8102.1,3174.6371
2460,000587.SZ,20090105,3.83,3.94,3.77,3.92,3.79,0.13,3.43,7719.84,2975.0838
2461,000587.SZ,20081231,3.71,3.84,3.68,3.79,3.72,0.07,1.88,6190.39,2340.1883
2462,000587.SZ,20081230,3.7,3.79,3.64,3.72,3.68,0.04,1.09,7073.08,2635.8729
2463,000587.SZ,20081229,3.85,3.86,3.68,3.68,3.87,-0.19,-4.91,10340.19,3821.5997
2464,000587.SZ,20081226,3.98,3.98,3.85,3.87,3.92,-0.05,-1.28,8307.0,3237.641
2465,000587.SZ,20081225,3.96,4.04,3.81,3.92,3.86,0.06,1.55,13868.48,5401.547
2466,000587.SZ,20081224,3.9,4.05,3.86,3.86,4.06,-0.2,-4.93,15954.0,6283.9683
2467,000587.SZ,20081223,4.19,4.36,4.04,4.06,4.24,-0.18,-4.25,25943.97,10791.2962
2468,000587.SZ,20081222,4.22,4.41,4.18,4.24,4.22,0.02,0.47,21387.04,9178.4261
2469,000587.SZ,20081219,3.96,4.22,3.95,4.22,4.02,0.2,4.98,23823.55,9960.446
2470,000587.SZ,20081218,4.0,4.02,3.85,4.02,3.83,0.19,4.96,33265.59,13214.9266
2471,000587.SZ,20081217,3.82,3.83,3.8,3.83,3.65,0.18,4.93,6914.11,2646.5251
2472,000587.SZ,20081216,3.51,3.66,3.46,3.65,3.64,0.01,0.27,21168.43,7435.5486
2473,000587.SZ,20081215,3.79,3.96,3.64,3.64,3.83,-0.19,-4.96,15538.0,5860.143
2474,000587.SZ,20081212,3.9,4.07,3.7,3.83,3.89,-0.06,-1.54,42781.58,16698.7055
2475,000587.SZ,20081211,3.82,3.89,3.75,3.89,3.7,0.19,5.14,19513.22,7515.4752
2476,000587.SZ,20081210,3.7,3.7,3.66,3.7,3.52,0.18,5.11,24559.94,9084.4448
2477,000587.SZ,20081208,3.41,3.55,3.38,3.52,3.4,0.12,3.53,10283.96,3560.4016
2478,000587.SZ,20081205,3.26,3.4,3.26,3.4,3.33,0.07,2.1,6468.72,2159.8329
2479,000587.SZ,20081204,3.42,3.42,3.28,3.33,3.34,-0.01,-0.3,17067.47,5695.2077
2480,000587.SZ,20081203,3.19,3.34,3.18,3.34,3.18,0.16,5.03,13876.61,4547.7444
2481,000587.SZ,20081202,3.15,3.19,3.1,3.18,3.15,0.03,0.95,5442.41,1710.7178
2482,000587.SZ,20081201,3.05,3.17,3.05,3.15,3.15,0.0,0.0,5265.2,1642.2551
2483,000587.SZ,20081128,3.24,3.29,3.14,3.15,3.31,-0.16,-4.83,8699.7,2785.2931
2484,000587.SZ,20081127,3.3,3.34,3.13,3.31,3.19,0.12,3.76,15091.29,4862.3486
2485,000587.SZ,20081126,3.09,3.24,3.05,3.19,3.09,0.1,3.24,11070.99,3520.9849
2486,000587.SZ,20081125,3.0,3.19,3.0,3.09,3.04,0.05,1.64,16545.26,5169.4773
2487,000587.SZ,20081124,2.82,3.05,2.82,3.04,2.9,0.14,4.83,20923.02,6359.4301
2488,000587.SZ,20081121,2.84,2.92,2.8,2.9,2.95,-0.05,-1.69,9019.17,2569.5799
2489,000587.SZ,20081120,2.92,3.0,2.89,2.95,3.04,-0.09,-2.96,7910.72,2319.3094
2490,000587.SZ,20081119,2.83,3.05,2.82,3.04,2.97,0.07,2.36,12861.75,3751.1724
2491,000587.SZ,20081118,3.12,3.12,2.97,2.97,3.13,-0.16,-5.11,12067.0,3617.821
2492,000587.SZ,20081117,3.08,3.13,2.99,3.13,3.08,0.05,1.62,12847.55,3926.6544
2493,000587.SZ,20081114,2.98,3.13,2.83,3.08,2.98,0.1,3.36,18793.08,5594.4521
2494,000587.SZ,20081113,2.88,3.0,2.82,2.98,2.89,0.09,3.11,13153.74,3850.6335
2495,000587.SZ,20081112,2.81,2.9,2.81,2.89,2.86,0.03,1.05,5681.98,1621.2269
2496,000587.SZ,20081111,2.84,2.86,2.72,2.86,2.72,0.14,5.15,17553.44,5007.9671
2497,000587.SZ,20081110,2.64,2.72,2.61,2.72,2.59,0.13,5.02,5679.38,1525.9464
2498,000587.SZ,20081107,2.51,2.6,2.46,2.59,2.54,0.05,1.97,2448.05,627.195
2499,000587.SZ,20081106,2.54,2.55,2.45,2.54,2.55,-0.01,-0.39,2058.99,517.5525
2500,000587.SZ,20081105,2.47,2.59,2.45,2.55,2.48,0.07,2.82,4691.0,1197.3821
2501,000587.SZ,20081104,2.46,2.49,2.39,2.48,2.43,0.05,2.06,3030.5,742.233
2502,000587.SZ,20081103,2.41,2.5,2.4,2.43,2.48,-0.05,-2.02,2703.27,662.0797
2503,000587.SZ,20081031,2.45,2.52,2.42,2.48,2.51,-0.03,-1.2,4560.26,1118.6052
2504,000587.SZ,20081030,2.58,2.58,2.44,2.51,2.57,-0.06,-2.33,7709.55,1918.9999
2505,000587.SZ,20081029,2.5,2.59,2.48,2.57,2.47,0.1,4.05,14042.55,3615.9353
2506,000587.SZ,20081028,2.44,2.61,2.44,2.47,2.57,-0.1,-3.89,15302.87,3808.9438
2507,000587.SZ,20081027,2.65,2.65,2.57,2.57,2.7,-0.13,-4.81,5918.0,1523.221
2508,000587.SZ,20081024,2.64,2.73,2.64,2.7,2.68,0.02,0.75,3181.0,856.69
2509,000587.SZ,20081023,2.62,2.7,2.59,2.68,2.7,-0.02,-0.74,5063.75,1333.7384
2510,000587.SZ,20081022,2.71,2.8,2.65,2.7,2.79,-0.09,-3.23,8926.37,2410.1986
2511,000587.SZ,20081021,2.87,2.9,2.77,2.79,2.91,-0.12,-4.12,8562.88,2411.5823
2512,000587.SZ,20081020,2.78,2.91,2.78,2.91,2.93,-0.02,-0.68,12683.73,3550.6629
2513,000587.SZ,20081017,2.93,3.03,2.93,2.93,3.08,-0.15,-4.87,7162.0,2101.904
2514,000587.SZ,20081016,3.12,3.13,3.08,3.08,3.24,-0.16,-4.94,6000.0,1851.615
2515,000587.SZ,20081015,3.39,3.41,3.22,3.24,3.39,-0.15,-4.42,18500.95,6026.5288
2516,000587.SZ,20081014,3.37,3.39,3.35,3.39,3.23,0.16,4.95,23895.84,8088.8165
2517,000587.SZ,20081013,3.23,3.23,3.16,3.23,3.08,0.15,4.87,13712.46,4427.3375
2518,000587.SZ,20081009,3.12,3.17,3.01,3.08,3.12,-0.04,-1.28,6297.32,1938.0546
2519,000587.SZ,20081008,3.05,3.22,3.05,3.12,3.14,-0.02,-0.64,8308.42,2604.1525
2520,000587.SZ,20081007,3.05,3.28,3.01,3.14,3.12,0.02,0.64,22513.11,7172.6226
2521,000587.SZ,20081006,3.11,3.12,3.06,3.12,2.97,0.15,5.05,30406.0,9478.6031
2522,000587.SZ,20080926,2.84,2.97,2.84,2.97,2.83,0.14,4.95,35995.49,10651.0699
2523,000587.SZ,20080925,2.8,2.92,2.73,2.83,2.8,0.03,1.07,8112.67,2311.1215
2524,000587.SZ,20080924,2.72,2.82,2.71,2.8,2.85,-0.05,-1.75,4848.6,1336.9798
2525,000587.SZ,20080923,2.92,2.92,2.85,2.85,3.0,-0.15,-5.0,8812.0,2517.978
2526,000587.SZ,20080922,3.07,3.07,2.9,3.0,2.92,0.08,2.74,16954.8,5111.3754
2527,000587.SZ,20080919,2.92,2.92,2.86,2.92,2.78,0.14,5.04,22638.97,6604.9252
2528,000587.SZ,20080918,2.7,2.78,2.66,2.78,2.8,-0.02,-0.71,18202.05,4878.2842
2529,000587.SZ,20080917,2.64,2.91,2.64,2.8,2.77,0.03,1.08,19308.9,5460.0534
2530,000587.SZ,20080916,2.77,2.86,2.77,2.77,2.92,-0.15,-5.14,15334.0,4252.5546
2531,000587.SZ,20080912,2.92,2.98,2.92,2.92,3.07,-0.15,-4.89,8915.0,2608.193
2532,000587.SZ,20080911,3.07,3.13,3.07,3.07,3.23,-0.16,-4.95,7232.0,2221.522
2533,000587.SZ,20080910,3.33,3.42,3.18,3.23,3.35,-0.12,-3.58,5640.01,1839.9625
2534,000587.SZ,20080909,3.38,3.43,3.3,3.35,3.45,-0.1,-2.9,3687.0,1238.437
2535,000587.SZ,20080908,3.56,3.56,3.38,3.45,3.56,-0.11,-3.09,5501.7,1874.3176
2536,000587.SZ,20080905,3.65,3.69,3.56,3.56,3.75,-0.19,-5.07,4936.0,1789.221
2537,000587.SZ,20080904,3.78,3.85,3.73,3.75,3.85,-0.1,-2.6,7418.01,2808.5438
2538,000587.SZ,20080903,3.68,3.85,3.58,3.85,3.68,0.17,4.62,6232.88,2318.9165
2539,000587.SZ,20080902,3.61,3.72,3.56,3.68,3.68,0.0,0.0,4228.0,1544.304
2540,000587.SZ,20080901,3.56,3.71,3.51,3.68,3.6,0.08,2.22,11833.47,4287.8484
2541,000587.SZ,20080829,3.54,3.67,3.52,3.6,3.53,0.07,1.98,4289.0,1552.3791
2542,000587.SZ,20080828,3.55,3.71,3.53,3.53,3.54,-0.01,-0.28,3352.89,1206.5266
2543,000587.SZ,20080827,3.54,3.7,3.54,3.54,3.66,-0.12,-3.28,3736.0,1353.776
2544,000587.SZ,20080826,3.79,3.79,3.66,3.66,3.85,-0.19,-4.94,11682.44,4288.525
2545,000587.SZ,20080825,3.7,3.93,3.6,3.85,3.74,0.11,2.94,9813.85,3767.6257
2546,000587.SZ,20080822,3.44,3.76,3.44,3.74,3.61,0.13,3.6,5262.94,1908.3903
2547,000587.SZ,20080821,3.67,3.77,3.61,3.61,3.74,-0.13,-3.48,5259.86,1938.2685
2548,000587.SZ,20080820,3.48,3.74,3.39,3.74,3.56,0.18,5.06,9985.4,3673.3109
2549,000587.SZ,20080819,3.48,3.59,3.46,3.56,3.64,-0.08,-2.2,7451.16,2604.0573
2550,000587.SZ,20080818,3.88,3.88,3.64,3.64,3.83,-0.19,-4.96,4995.0,1835.3925
2551,000587.SZ,20080815,3.88,3.93,3.76,3.83,3.86,-0.03,-0.78,3533.9,1356.3783
2552,000587.SZ,20080814,3.83,3.94,3.76,3.86,3.83,0.03,0.78,2717.13,1046.4183
2553,000587.SZ,20080813,3.81,3.97,3.81,3.83,4.01,-0.18,-4.49,5271.7,2013.7977
2554,000587.SZ,20080812,4.01,4.05,4.01,4.01,4.22,-0.21,-4.98,5470.0,2193.677
2555,000587.SZ,20080811,4.23,4.37,4.22,4.22,4.44,-0.22,-4.96,2592.34,1096.1918
2556,000587.SZ,20080808,4.66,4.66,4.44,4.44,4.67,-0.23,-4.93,4207.01,1899.3916
2557,000587.SZ,20080807,4.56,4.68,4.49,4.67,4.63,0.04,0.86,4027.26,1841.5696
2558,000587.SZ,20080806,4.7,4.8,4.56,4.63,4.67,-0.04,-0.86,3389.5,1595.804
2559,000587.SZ,20080805,4.83,4.88,4.67,4.67,4.81,-0.14,-2.91,4538.6,2154.0136
2560,000587.SZ,20080804,4.86,4.95,4.81,4.81,4.95,-0.14,-2.83,3561.29,1742.7619
2561,000587.SZ,20080801,4.82,4.95,4.71,4.95,4.8,0.15,3.13,4281.98,2080.2724
2562,000587.SZ,20080731,5.02,5.02,4.8,4.8,4.99,-0.19,-3.81,7251.49,3548.8759
2563,000587.SZ,20080730,5.03,5.05,4.88,4.99,4.95,0.04,0.81,8496.99,4214.1928
2564,000587.SZ,20080729,5.04,5.04,4.9,4.95,5.04,-0.09,-1.79,5026.04,2489.6816
2565,000587.SZ,20080728,5.04,5.15,4.98,5.04,5.04,0.0,0.0,6609.77,3334.3374
2566,000587.SZ,20080725,4.91,5.12,4.84,5.04,4.88,0.16,3.28,13455.93,6783.035
2567,000587.SZ,20080724,4.85,4.93,4.8,4.88,4.8,0.08,1.67,6842.99,3335.2747
2568,000587.SZ,20080723,4.82,4.93,4.74,4.8,4.8,0.0,0.0,6043.63,2904.6606
2569,000587.SZ,20080722,4.77,4.95,4.75,4.8,4.76,0.04,0.84,7142.82,3457.1919
2570,000587.SZ,20080721,4.61,4.85,4.6,4.76,4.65,0.11,2.37,6558.36,3112.4216
2571,000587.SZ,20080718,4.55,4.7,4.4,4.65,4.53,0.12,2.65,5373.99,2441.6174
2572,000587.SZ,20080717,4.72,4.82,4.52,4.53,4.7,-0.17,-3.62,5347.68,2495.8239
2573,000587.SZ,20080716,4.85,4.94,4.7,4.7,4.95,-0.25,-5.05,12165.09,5748.7695
2574,000587.SZ,20080715,4.9,5.02,4.83,4.95,4.78,0.17,3.56,18413.12,9179.2247
2575,000587.SZ,20080714,4.55,4.81,4.55,4.78,4.76,0.02,0.42,5367.88,2540.6491
2576,000587.SZ,20080711,4.84,4.87,4.6,4.76,4.84,-0.08,-1.65,7006.2,3307.5172
2577,000587.SZ,20080710,4.99,5.01,4.82,4.84,5.01,-0.17,-3.39,12772.45,6282.2876
2578,000587.SZ,20080709,4.98,5.02,4.87,5.01,4.93,0.08,1.62,12925.53,6410.319
2579,000587.SZ,20080708,4.94,5.05,4.79,4.93,4.84,0.09,1.86,5896.72,2892.4081
2580,000587.SZ,20080707,4.78,4.94,4.7,4.84,4.7,0.14,2.98,13108.75,6382.4213
2581,000587.SZ,20080704,4.71,4.82,4.67,4.7,4.82,-0.12,-2.49,3376.31,1595.9166
2582,000587.SZ,20080703,4.5,4.83,4.46,4.82,4.6,0.22,4.78,6670.59,3128.6355
2583,000587.SZ,20080702,4.58,4.62,4.36,4.6,4.51,0.09,2.0,5905.86,2688.503
2584,000587.SZ,20080701,4.51,4.62,4.41,4.51,4.5,0.01,0.22,5953.37,2696.5602
2585,000587.SZ,20080630,4.33,4.59,4.32,4.5,4.54,-0.04,-0.88,5414.7,2421.992
2586,000587.SZ,20080627,4.77,4.77,4.54,4.54,4.78,-0.24,-5.02,13098.0,6000.73
2587,000587.SZ,20080626,4.78,4.78,4.62,4.78,4.55,0.23,5.05,17179.7,8202.8708
2588,000587.SZ,20080625,4.33,4.55,4.28,4.55,4.33,0.22,5.08,5446.73,2457.7924
2589,000587.SZ,20080624,4.4,4.41,4.21,4.33,4.43,-0.1,-2.26,12784.81,5514.4215
2590,000587.SZ,20080623,4.55,4.65,4.43,4.43,4.66,-0.23,-4.94,9190.88,4113.2986
2591,000587.SZ,20080620,4.66,4.99,4.66,4.66,4.9,-0.24,-4.9,14938.17,7073.3572
2592,000587.SZ,20080619,5.13,5.13,4.9,4.9,5.16,-0.26,-5.04,10462.7,5166.6163
2593,000587.SZ,20080618,4.98,5.23,4.79,5.16,5.04,0.12,2.38,13853.76,6874.3204
2594,000587.SZ,20080617,5.38,5.46,5.04,5.04,5.3,-0.26,-4.91,9840.4,5136.287
2595,000587.SZ,20080616,5.55,5.55,5.3,5.3,5.58,-0.28,-5.02,12083.04,6446.1722
2596,000587.SZ,20080613,5.87,5.89,5.58,5.58,5.87,-0.29,-4.94,10113.4,5683.1802
2597,000587.SZ,20080612,6.03,6.23,5.87,5.87,6.18,-0.31,-5.02,19416.9,11573.6507
2598,000587.SZ,20080611,6.18,6.26,6.18,6.18,6.51,-0.33,-5.07,11031.0,6821.284
2599,000587.SZ,20080610,6.63,6.84,6.51,6.51,6.85,-0.34,-4.96,15348.0,10058.915
2600,000587.SZ,20080606,6.8,7.11,6.69,6.85,6.98,-0.13,-1.86,21766.06,15000.8589
2601,000587.SZ,20080605,7.45,7.63,6.98,6.98,7.35,-0.37,-5.03,34865.8,25241.8992
2602,000587.SZ,20080604,7.0,7.35,6.89,7.35,7.0,0.35,5.0,35103.94,25644.6388
2603,000587.SZ,20080603,7.2,7.39,6.86,7.0,7.08,-0.08,-1.13,27555.71,19571.2436
2604,000587.SZ,20080602,6.78,7.08,6.7,7.08,6.74,0.34,5.04,15478.77,10852.0346
2605,000587.SZ,20080530,6.47,6.74,6.37,6.74,6.42,0.32,4.98,41128.52,27596.6294
2606,000587.SZ,20080529,6.27,6.64,6.27,6.42,6.32,0.1,1.58,24449.5,15934.8997
2607,000587.SZ,20080528,6.33,6.38,6.21,6.32,6.33,-0.01,-0.16,11517.46,7222.6733
2608,000587.SZ,20080527,6.21,6.4,6.0,6.33,6.24,0.09,1.44,25274.82,15590.3402
2609,000587.SZ,20080526,6.0,6.24,5.9,6.24,5.94,0.3,5.05,38585.21,23968.0947
2610,000587.SZ,20080523,5.91,6.05,5.74,5.94,6.0,-0.06,-1.0,10925.0,6427.3232
2611,000587.SZ,20080522,6.06,6.06,5.9,6.0,6.06,-0.06,-0.99,11744.52,7020.8307
2612,000587.SZ,20080521,5.95,6.09,5.95,6.06,6.26,-0.2,-3.19,16601.64,9914.9289
2613,000587.SZ,20080519,5.98,6.26,5.91,6.26,6.03,0.23,3.81,18729.17,11524.6336
2614,000587.SZ,20080516,6.26,6.42,6.01,6.03,6.33,-0.3,-4.74,28248.19,17189.5892
2615,000587.SZ,20080515,6.15,6.36,6.14,6.33,6.06,0.27,4.46,25915.55,16415.596
2616,000587.SZ,20080514,5.76,6.06,5.76,6.06,5.77,0.29,5.03,31696.47,19061.2793
2617,000587.SZ,20080513,5.6,5.81,5.5,5.77,5.73,0.04,0.7,18105.31,10308.435
2618,000587.SZ,20080512,5.61,5.82,5.58,5.73,5.72,0.01,0.17,17506.09,9958.6978
2619,000587.SZ,20080509,5.71,5.88,5.6,5.72,5.71,0.01,0.18,19775.88,11374.3195
2620,000587.SZ,20080508,5.63,5.79,5.63,5.71,5.93,-0.22,-3.71,41762.55,23644.0876
2621,000587.SZ,20080507,5.95,6.1,5.93,5.93,6.24,-0.31,-4.97,45974.6,27417.3959
2622,000587.SZ,20080506,6.2,6.36,6.09,6.24,6.23,0.01,0.16,18036.63,11270.5863
2623,000587.SZ,20080505,6.09,6.28,6.02,6.23,6.09,0.14,2.3,16900.15,10346.3877
2624,000587.SZ,20080430,6.0,6.26,5.96,6.09,5.97,0.12,2.01,20391.48,12409.9521
2625,000587.SZ,20080429,5.65,5.97,5.65,5.97,5.69,0.28,4.92,13440.38,7975.6702
2626,000587.SZ,20080428,5.6,5.74,5.58,5.69,5.77,-0.08,-1.39,12514.18,7079.6241
2627,000587.SZ,20080425,5.58,5.79,5.42,5.77,5.51,0.26,4.72,29341.63,16774.414
2628,000587.SZ,20080424,5.51,5.51,5.4,5.51,5.25,0.26,4.95,15637.99,8609.0816
2629,000587.SZ,20080423,5.04,5.29,4.97,5.25,5.04,0.21,4.17,11369.41,5954.2223
2630,000587.SZ,20080422,5.05,5.15,4.98,5.04,5.24,-0.2,-3.82,10307.73,5154.8093
2631,000587.SZ,20080421,5.8,5.8,5.24,5.24,5.52,-0.28,-5.07,16827.41,9079.1027
2632,000587.SZ,20080418,5.84,5.84,5.52,5.52,5.81,-0.29,-4.99,11122.22,6196.9575
2633,000587.SZ,20080417,6.08,6.17,5.71,5.81,6.0,-0.19,-3.17,8954.61,5301.6554
2634,000587.SZ,20080416,6.23,6.29,6.0,6.0,6.25,-0.25,-4.0,6044.97,3729.0975
2635,000587.SZ,20080415,6.12,6.33,6.07,6.25,6.39,-0.14,-2.19,11517.49,7071.0238
2636,000587.SZ,20080414,6.48,6.63,6.39,6.39,6.73,-0.34,-5.05,11539.57,7481.4545
2637,000587.SZ,20080411,6.34,6.85,6.34,6.73,6.67,0.06,0.9,27700.95,17973.2211
2638,000587.SZ,20080410,6.37,6.68,6.3,6.67,6.5,0.17,2.62,9186.58,5949.8965
2639,000587.SZ,20080409,6.64,6.99,6.4,6.5,6.66,-0.16,-2.4,22840.84,15587.1551
2640,000587.SZ,20080408,6.45,6.68,6.37,6.66,6.36,0.3,4.72,16625.12,10928.4711
2641,000587.SZ,20080407,6.0,6.36,5.91,6.36,6.06,0.3,4.95,9298.7,5819.5202
2642,000587.SZ,20080403,5.94,6.17,5.94,6.06,6.25,-0.19,-3.04,15246.44,9129.4154
2643,000587.SZ,20080402,6.48,6.49,6.25,6.25,6.58,-0.33,-5.02,12881.86,8100.1855
2644,000587.SZ,20080401,6.93,7.06,6.58,6.58,6.93,-0.35,-5.05,9039.8,6108.1047
2645,000587.SZ,20080331,7.02,7.15,6.93,6.93,7.29,-0.36,-4.94,10325.64,7213.2225
2646,000587.SZ,20080328,7.11,7.32,7.03,7.29,7.4,-0.11,-1.49,15412.22,10981.4181
2647,000587.SZ,20080327,7.7,7.76,7.4,7.4,7.79,-0.39,-5.01,10848.9,8093.2719
2648,000587.SZ,20080326,7.8,7.9,7.72,7.79,7.8,-0.01,-0.13,6296.97,4917.6712
2649,000587.SZ,20080325,7.73,7.89,7.56,7.8,7.78,0.02,0.26,9656.91,7465.4051
2650,000587.SZ,20080324,7.89,8.06,7.77,7.78,7.94,-0.16,-2.02,12747.8,10090.4641
2651,000587.SZ,20080321,7.65,7.99,7.4,7.94,7.74,0.2,2.58,13045.78,10191.8856
2652,000587.SZ,20080320,7.65,7.83,7.32,7.74,7.7,0.04,0.52,20057.82,15030.2518
2653,000587.SZ,20080319,7.42,7.94,7.32,7.7,7.7,0.0,0.0,16424.06,12388.1211
2654,000587.SZ,20080318,7.83,7.96,7.7,7.7,8.11,-0.41,-5.06,10278.5,7959.049
2655,000587.SZ,20080317,8.43,8.69,8.11,8.11,8.54,-0.43,-5.04,15067.8,12405.8593
2656,000587.SZ,20080314,8.64,8.74,8.41,8.54,8.69,-0.15,-1.73,8733.4,7454.6446
2657,000587.SZ,20080313,9.03,9.05,8.6,8.69,9.05,-0.36,-3.98,13054.69,11500.662
2658,000587.SZ,20080312,8.95,9.1,8.82,9.05,8.92,0.13,1.46,13336.41,11988.9986
2659,000587.SZ,20080311,8.48,8.93,8.48,8.92,8.67,0.25,2.88,8839.91,7749.113
2660,000587.SZ,20080310,9.02,9.02,8.6,8.67,9.05,-0.38,-4.2,16120.39,14155.8978
2661,000587.SZ,20080307,9.1,9.17,9.0,9.05,9.06,-0.01,-0.11,10634.8,9648.3786
2662,000587.SZ,20080306,9.0,9.15,8.88,9.06,8.95,0.11,1.23,17031.45,15376.6515
2663,000587.SZ,20080305,9.0,9.1,8.81,8.95,9.08,-0.13,-1.43,14444.15,12902.1673
2664,000587.SZ,20080304,9.25,9.29,9.02,9.08,9.25,-0.17,-1.84,17923.9,16406.1364
2665,000587.SZ,20080303,9.05,9.29,9.0,9.25,9.14,0.11,1.2,19244.22,17593.5672
2666,000587.SZ,20080229,9.05,9.35,9.01,9.14,9.03,0.11,1.22,15071.79,13871.858
2667,000587.SZ,20080228,8.94,9.11,8.92,9.03,8.94,0.09,1.01,8606.16,7769.3914
2668,000587.SZ,20080227,8.85,9.08,8.78,8.94,8.74,0.2,2.29,8337.29,7458.8532
2669,000587.SZ,20080226,9.02,9.2,8.53,8.74,8.98,-0.24,-2.67,16944.96,14912.611
2670,000587.SZ,20080225,9.49,9.49,8.98,8.98,9.45,-0.47,-4.97,14590.5,13278.1928
2671,000587.SZ,20080222,9.36,9.77,9.27,9.45,9.46,-0.01,-0.11,18325.03,17365.0948
2672,000587.SZ,20080221,9.3,9.62,9.19,9.46,9.26,0.2,2.16,18562.17,17469.0874
2673,000587.SZ,20080220,9.58,9.59,9.26,9.26,9.58,-0.32,-3.34,15222.73,14293.967
2674,000587.SZ,20080219,9.25,9.65,9.24,9.58,9.26,0.32,3.46,18632.62,17518.0175
2675,000587.SZ,20080218,9.44,9.44,9.25,9.26,9.19,0.07,0.76,19569.81,18246.7186
2676,000587.SZ,20080215,9.07,9.31,9.01,9.19,9.12,0.07,0.77,13089.43,12007.341
2677,000587.SZ,20080214,9.0,9.17,8.96,9.12,8.9,0.22,2.47,11470.84,10381.0647
2678,000587.SZ,20080213,9.12,9.18,8.81,8.9,9.27,-0.37,-3.99,17585.63,15712.3216
2679,000587.SZ,20080205,9.01,9.33,8.9,9.27,9.12,0.15,1.64,18485.56,16990.9854
2680,000587.SZ,20080204,8.7,9.14,8.65,9.12,8.71,0.41,4.71,22776.9,20513.3426
2681,000587.SZ,20080201,9.1,9.19,8.71,8.71,9.17,-0.46,-5.02,16960.1,14991.6147
2682,000587.SZ,20080131,8.67,9.17,8.63,9.17,8.73,0.44,5.04,23828.38,21203.7986
2683,000587.SZ,20080130,8.89,9.15,8.61,8.73,8.83,-0.1,-1.13,20057.33,17814.5647
2684,000587.SZ,20080129,8.62,8.86,8.62,8.83,9.07,-0.24,-2.65,36511.35,31546.2309
2685,000587.SZ,20080128,9.5,9.5,9.07,9.07,9.55,-0.48,-5.03,20291.8,18539.8054
2686,000587.SZ,20080125,9.62,9.77,9.39,9.55,9.77,-0.22,-2.25,35003.95,33542.2215
2687,000587.SZ,20080124,9.28,10.2,9.28,9.77,9.76,0.01,0.1,54162.29,51732.6172
2688,000587.SZ,20080123,9.76,9.76,9.76,9.76,10.27,-0.51,-4.97,2442.0,2383.392
2689,000587.SZ,20080122,10.27,10.27,10.27,10.27,10.81,-0.54,-5.0,396.0,406.692
2690,000587.SZ,20080121,11.41,11.5,10.81,10.81,11.38,-0.57,-5.01,6879.0,7530.491
2691,000587.SZ,20080117,11.9,12.19,11.04,11.38,11.61,-0.23,-1.98,89020.82,104841.1151
2692,000587.SZ,20080116,11.2,11.61,11.2,11.61,11.06,0.55,4.97,30503.3,35239.6728
2693,000587.SZ,20080115,10.65,11.06,10.6,11.06,10.53,0.53,5.03,28599.1,31490.3615
2694,000587.SZ,20080114,10.3,10.53,10.11,10.53,10.03,0.5,4.99,43619.13,45435.7475
2695,000587.SZ,20080111,9.58,10.03,9.51,10.03,9.55,0.48,5.03,50467.69,50231.9829
2696,000587.SZ,20080110,9.36,9.9,9.36,9.55,9.5,0.05,0.53,31011.04,29842.0277
2697,000587.SZ,20080109,9.3,9.63,9.18,9.5,9.48,0.02,0.21,49510.44,46632.0956
2698,000587.SZ,20080108,9.47,9.48,9.18,9.48,9.03,0.45,4.98,31985.01,30250.2538
2699,000587.SZ,20080107,9.2,9.49,9.01,9.03,9.2,-0.17,-1.85,38911.86,35685.4466
2700,000587.SZ,20080104,9.2,9.2,8.93,9.2,8.76,0.44,5.02,93973.1,86014.2663
2701,000587.SZ,20080103,8.76,8.76,8.76,8.76,8.34,0.42,5.04,1543.13,1351.7819
2702,000587.SZ,20080102,8.34,8.34,8.34,8.34,7.94,0.4,5.04,1418.29,1182.8539
2703,000587.SZ,20071224,7.8,7.94,7.5,7.94,7.56,0.38,5.03,63412.02,49404.2015
2704,000587.SZ,20071221,7.25,7.56,7.25,7.56,7.2,0.36,5.0,45827.46,34623.5124
2705,000587.SZ,20071220,7.15,7.3,7.11,7.2,7.17,0.03,0.42,16502.33,11911.1675
2706,000587.SZ,20071219,7.0,7.33,7.0,7.17,6.98,0.19,2.72,27179.71,19722.165
2707,000587.SZ,20071218,7.08,7.16,6.88,6.98,7.13,-0.15,-2.1,11891.03,8332.9369
2708,000587.SZ,20071217,7.34,7.4,6.96,7.13,7.29,-0.16,-2.19,17837.52,12722.5446
2709,000587.SZ,20071214,7.19,7.29,7.09,7.29,7.33,-0.04,-0.55,24713.38,17727.4356
2710,000587.SZ,20071213,7.4,7.58,7.25,7.33,7.22,0.11,1.52,52229.45,39188.4143
2711,000587.SZ,20071212,7.23,7.44,7.1,7.22,7.3,-0.08,-1.1,16616.92,11963.7537
2712,000587.SZ,20071211,6.95,7.33,6.88,7.3,6.98,0.32,4.58,25833.24,18490.1951
2713,000587.SZ,20071210,6.78,7.05,6.71,6.98,6.87,0.11,1.6,16446.28,11431.2625
2714,000587.SZ,20071207,6.87,6.96,6.8,6.87,6.86,0.01,0.15,11920.38,8214.3554
2715,000587.SZ,20071206,6.66,6.87,6.66,6.86,6.7,0.16,2.39,10845.56,7374.4433
2716,000587.SZ,20071205,6.77,6.8,6.6,6.7,6.78,-0.08,-1.18,12253.31,8207.8074
2717,000587.SZ,20071204,6.7,6.93,6.67,6.78,6.73,0.05,0.74,12035.96,8159.5133
2718,000587.SZ,20071203,6.7,6.8,6.5,6.73,6.8,-0.07,-1.03,11596.85,7692.2599
2719,000587.SZ,20071130,6.77,7.02,6.73,6.8,6.69,0.11,1.64,30018.22,20825.9397
2720,000587.SZ,20071129,6.61,6.78,6.54,6.69,6.68,0.01,0.15,14363.17,9549.018
2721,000587.SZ,20071128,6.37,6.75,6.37,6.68,6.43,0.25,3.89,36678.15,24605.5242
2722,000587.SZ,20071127,6.16,6.5,6.15,6.43,6.24,0.19,3.04,9812.98,6220.5478
2723,000587.SZ,20071126,6.26,6.42,6.18,6.24,6.16,0.08,1.3,11350.1,7182.0717
2724,000587.SZ,20071123,6.11,6.18,5.96,6.16,6.23,-0.07,-1.12,9705.84,5894.1186
2725,000587.SZ,20071122,6.51,6.54,6.23,6.23,6.56,-0.33,-5.03,12109.82,7593.8502
2726,000587.SZ,20071121,6.6,6.74,6.55,6.56,6.68,-0.12,-1.8,10784.73,7155.407
2727,000587.SZ,20071120,6.69,6.75,6.54,6.68,6.69,-0.01,-0.15,10968.25,7328.679
2728,000587.SZ,20071119,6.51,6.7,6.4,6.69,6.46,0.23,3.56,11178.71,7354.7257
2729,000587.SZ,20071116,6.43,6.49,6.35,6.46,6.42,0.04,0.62,6564.83,4209.9278
2730,000587.SZ,20071115,6.45,6.59,6.38,6.42,6.42,0.0,0.0,10220.14,6605.3208
2731,000587.SZ,20071114,6.28,6.53,6.28,6.42,6.3,0.12,1.9,12300.41,7883.8506
2732,000587.SZ,20071113,6.45,6.5,6.2,6.3,6.39,-0.09,-1.41,13533.72,8613.8195
2733,000587.SZ,20071112,5.98,6.39,5.98,6.39,6.09,0.3,4.93,25898.8,16464.0216
2734,000587.SZ,20071109,6.32,6.32,6.05,6.09,6.37,-0.28,-4.4,17737.78,10824.5004
2735,000587.SZ,20071108,6.6,6.67,6.37,6.37,6.7,-0.33,-4.93,10504.01,6754.4404
2736,000587.SZ,20071107,6.83,6.85,6.56,6.7,6.8,-0.1,-1.47,10808.11,7264.6116
2737,000587.SZ,20071106,6.78,7.08,6.63,6.8,6.83,-0.03,-0.44,20484.18,14049.8853
2738,000587.SZ,20071105,6.45,6.83,6.27,6.83,6.5,0.33,5.08,26786.42,17981.79
2739,000587.SZ,20071102,6.35,6.7,6.15,6.5,6.43,0.07,1.09,20156.04,13087.5583
2740,000587.SZ,20071101,6.57,6.63,6.3,6.43,6.51,-0.08,-1.23,22136.86,14311.6831
2741,000587.SZ,20071031,6.2,6.51,6.14,6.51,6.2,0.31,5.0,36596.66,23667.3244
2742,000587.SZ,20071030,5.9,6.28,5.89,6.2,6.2,0.0,0.0,31458.52,18974.3298
2743,000587.SZ,20071029,6.13,6.24,5.88,6.2,6.14,0.06,0.98,19428.04,11769.9363
2744,000587.SZ,20071026,6.06,6.28,6.06,6.14,6.38,-0.24,-3.76,40092.82,24372.0441
2745,000587.SZ,20071025,6.8,6.89,6.38,6.38,6.72,-0.34,-5.06,17770.12,11538.2263
2746,000587.SZ,20071024,6.79,7.08,6.6,6.72,6.79,-0.07,-1.03,14030.3,9574.774
2747,000587.SZ,20071023,7.0,7.07,6.68,6.79,7.03,-0.24,-3.41,27934.41,18764.1859
2748,000587.SZ,20071022,7.35,7.35,7.03,7.03,7.4,-0.37,-5.0,22334.0,15730.5567
2749,000587.SZ,20071019,7.6,7.78,7.4,7.4,7.6,-0.2,-2.63,10276.81,7813.0336
2750,000587.SZ,20071018,7.79,7.97,7.6,7.6,7.83,-0.23,-2.94,14183.0,11086.9837
2751,000587.SZ,20071017,7.79,8.02,7.57,7.83,7.77,0.06,0.77,18747.78,14675.5758
2752,000587.SZ,20071016,7.45,7.77,7.38,7.77,7.4,0.37,5.0,17141.86,13014.9709
2753,000587.SZ,20071015,7.64,7.8,7.28,7.4,7.64,-0.24,-3.14,17714.01,13264.8055
2754,000587.SZ,20071012,7.68,7.8,7.46,7.64,7.85,-0.21,-2.68,25678.03,19295.0978
2755,000587.SZ,20071011,8.3,8.35,7.85,7.85,8.26,-0.41,-4.96,29483.16,23339.7856
2756,000587.SZ,20071010,8.53,8.56,8.25,8.26,8.5,-0.24,-2.82,19103.96,15977.3649
2757,000587.SZ,20071009,8.63,8.7,8.25,8.5,8.58,-0.08,-0.93,21792.8,18380.244
2758,000587.SZ,20071008,8.95,9.08,8.48,8.58,8.86,-0.28,-3.16,25036.1,21790.0607
2759,000587.SZ,20070928,8.81,8.95,8.73,8.86,8.81,0.05,0.57,23044.87,20441.9122
2760,000587.SZ,20070927,8.84,8.91,8.56,8.81,9.01,-0.2,-2.22,33738.64,29274.6534
2761,000587.SZ,20070926,8.67,9.01,8.51,9.01,8.58,0.43,5.01,64983.38,58420.0103
2762,000587.SZ,20070925,8.45,8.74,8.41,8.58,8.44,0.14,1.66,23942.34,20591.3106
2763,000587.SZ,20070924,8.4,8.6,8.35,8.44,8.41,0.03,0.36,22803.03,19333.5086
2764,000587.SZ,20070921,8.73,8.87,8.33,8.41,8.77,-0.36,-4.1,32210.11,27315.0108
2765,000587.SZ,20070920,8.48,8.78,8.34,8.77,8.36,0.41,4.9,37950.8,32765.7546
2766,000587.SZ,20070919,8.54,8.73,8.3,8.36,8.55,-0.19,-2.22,21483.22,18077.826
2767,000587.SZ,20070918,8.4,8.7,8.33,8.55,8.35,0.2,2.4,20934.42,17808.1513
2768,000587.SZ,20070917,8.19,8.48,8.19,8.35,8.35,0.0,0.0,18645.38,15544.9178
2769,000587.SZ,20070914,8.37,8.61,8.16,8.35,8.41,-0.06,-0.71,21956.73,18386.3446
2770,000587.SZ,20070913,8.25,8.43,8.06,8.41,8.28,0.13,1.57,21657.26,17930.961
2771,000587.SZ,20070912,8.31,8.65,8.25,8.28,8.68,-0.4,-4.61,40674.42,33658.3028
2772,000587.SZ,20070911,8.9,9.35,8.68,8.68,9.14,-0.46,-5.03,32115.68,28618.9895
2773,000587.SZ,20070910,8.89,9.14,8.65,9.14,9.11,0.03,0.33,60278.33,52587.2952
2774,000587.SZ,20070907,8.8,9.11,8.8,9.11,8.68,0.43,4.95,30777.44,27989.0817
2775,000587.SZ,20070906,8.9,8.9,8.52,8.68,8.62,0.06,0.7,47554.77,41324.7248
2776,000587.SZ,20070905,8.17,8.62,8.13,8.62,8.21,0.41,4.99,38650.38,33125.1548
2777,000587.SZ,20070904,8.09,8.21,7.73,8.21,7.94,0.27,3.4,40099.99,32038.9829
2778,000587.SZ,20070903,8.01,8.28,7.89,7.94,7.92,0.02,0.25,31158.17,25006.4602
2779,000587.SZ,20070831,8.0,8.16,7.8,7.92,7.77,0.15,1.93,34582.6,27561.4362
2780,000587.SZ,20070830,7.36,7.77,7.36,7.77,7.4,0.37,5.0,11879.2,9151.6781
2781,000587.SZ,20070829,7.3,7.58,7.2,7.4,7.41,-0.01,-0.14,24115.88,17785.0279
2782,000587.SZ,20070828,7.61,7.92,7.41,7.41,7.8,-0.39,-5.0,35723.21,27063.3523
2783,000587.SZ,20070827,8.29,8.29,7.69,7.8,7.98,-0.18,-2.26,50324.15,39854.3052
2784,000587.SZ,20070824,7.78,7.98,7.73,7.98,7.6,0.38,5.0,24628.08,19567.5631
2785,000587.SZ,20070823,7.24,7.6,7.24,7.6,7.24,0.36,4.97,38250.48,28913.8598
2786,000587.SZ,20070822,7.22,7.39,7.1,7.24,7.22,0.02,0.28,23503.03,17106.3405
2787,000587.SZ,20070821,7.42,7.42,7.16,7.22,7.39,-0.17,-2.3,27687.69,20100.1641
2788,000587.SZ,20070820,7.28,7.48,7.26,7.39,7.25,0.14,1.93,27487.23,20205.8953
2789,000587.SZ,20070817,7.15,7.42,7.1,7.25,7.2,0.05,0.69,28417.18,20651.1403
2790,000587.SZ,20070816,7.16,7.29,7.02,7.2,7.21,-0.01,-0.14,20541.98,14721.041
2791,000587.SZ,20070815,7.28,7.39,6.96,7.21,7.27,-0.06,-0.83,37260.43,26581.1193
2792,000587.SZ,20070814,7.43,7.5,7.15,7.27,7.25,0.02,0.28,37238.31,27215.4401
2793,000587.SZ,20070813,6.85,7.25,6.8,7.25,6.9,0.35,5.07,44095.83,31875.7469
2794,000587.SZ,20070810,7.28,7.3,6.9,6.9,7.26,-0.36,-4.96,31496.28,22103.2911
2795,000587.SZ,20070809,7.14,7.4,7.08,7.26,7.18,0.08,1.11,27410.84,19858.8513
2796,000587.SZ,20070808,6.98,7.19,6.83,7.18,6.85,0.33,4.82,44880.96,31821.184
2797,000587.SZ,20070807,6.74,7.03,6.63,6.85,6.75,0.1,1.48,22316.65,15377.0035
2798,000587.SZ,20070806,6.73,6.8,6.58,6.75,6.7,0.05,0.75,17761.76,11880.3734
2799,000587.SZ,20070803,6.7,6.8,6.45,6.7,6.7,0.0,0.0,21541.05,14226.3216
2800,000587.SZ,20070802,6.47,6.73,6.41,6.7,6.65,0.05,0.75,24830.76,16466.153
2801,000587.SZ,20070801,7.04,7.15,6.65,6.65,7.0,-0.35,-5.0,35716.3,24517.554
2802,000587.SZ,20070731,7.07,7.2,6.94,7.0,7.04,-0.04,-0.57,32889.54,23190.1993
2803,000587.SZ,20070730,7.03,7.23,6.92,7.04,7.02,0.02,0.28,33543.8,23789.6885
2804,000587.SZ,20070727,6.84,7.14,6.8,7.02,6.9,0.12,1.74,32301.22,22683.0349
2805,000587.SZ,20070726,6.7,7.03,6.64,6.9,6.7,0.2,2.99,26214.86,17995.916
2806,000587.SZ,20070725,6.65,6.82,6.6,6.7,6.65,0.05,0.75,21684.36,14509.3569
2807,000587.SZ,20070724,7.01,7.05,6.65,6.65,7.0,-0.35,-5.0,29055.0,19968.4651
2808,000587.SZ,20070723,7.15,7.38,6.92,7.0,7.04,-0.04,-0.57,27883.23,19802.1256
2809,000587.SZ,20070720,6.6,7.04,6.6,7.04,6.7,0.34,5.07,17855.97,12417.6191
2810,000587.SZ,20070719,6.81,7.0,6.38,6.7,6.68,0.02,0.3,33748.03,22923.4564
2811,000587.SZ,20070718,6.36,6.68,6.2,6.68,6.36,0.32,5.03,19354.93,12862.7544
2812,000587.SZ,20070717,6.18,6.53,5.94,6.36,6.25,0.11,1.76,37893.4,23199.0452
2813,000587.SZ,20070716,6.49,6.55,6.02,6.25,6.25,0.0,0.0,35026.81,21959.1569
2814,000587.SZ,20070713,6.25,6.25,5.95,6.25,5.95,0.3,5.04,19533.49,12192.5559
2815,000587.SZ,20070712,5.95,5.95,5.95,5.95,5.67,0.28,4.94,12379.23,7365.6419
2816,000587.SZ,20070711,5.31,5.67,5.3,5.67,5.4,0.27,5.0,19207.37,10699.3183
2817,000587.SZ,20070710,5.5,5.73,5.32,5.4,5.46,-0.06,-1.1,37693.33,20983.3109
2818,000587.SZ,20070709,5.18,5.46,5.1,5.46,5.2,0.26,5.0,40973.11,22102.9049
2819,000587.SZ,20070706,5.25,5.29,4.99,5.2,5.25,-0.05,-0.95,42568.17,21672.8208
2820,000587.SZ,20070705,4.93,5.25,4.83,5.25,5.0,0.25,5.0,37935.37,19476.3064
2821,000587.SZ,20070704,4.99,5.16,4.9,5.0,5.01,-0.01,-0.2,17193.23,8646.6346
2822,000587.SZ,20070703,5.06,5.17,4.82,5.01,5.07,-0.06,-1.18,34155.21,16762.2122
2823,000587.SZ,20070702,5.15,5.28,5.07,5.07,5.34,-0.27,-5.06,19017.13,9674.3808
2824,000587.SZ,20070629,5.47,5.47,5.34,5.34,5.62,-0.28,-4.98,24171.5,12935.6758
2825,000587.SZ,20070628,5.78,6.18,5.62,5.62,5.92,-0.3,-5.07,33852.37,19795.7126
2826,000587.SZ,20070627,5.46,5.98,5.46,5.92,5.75,0.17,2.96,55515.64,31034.1495
2827,000587.SZ,20070626,5.75,5.75,5.75,5.75,6.05,-0.3,-4.96,1548.0,890.1
2828,000587.SZ,20070625,6.05,6.15,6.05,6.05,6.37,-0.32,-5.02,9476.0,5745.725
2829,000587.SZ,20070622,6.62,6.72,6.37,6.37,6.7,-0.33,-4.93,26588.11,17213.338
2830,000587.SZ,20070621,6.9,7.21,6.65,6.7,7.0,-0.3,-4.29,44735.89,30446.7973
2831,000587.SZ,20070620,7.33,7.37,6.94,7.0,7.29,-0.29,-3.98,40684.44,29462.662
2832,000587.SZ,20070619,7.0,7.35,6.95,7.29,7.08,0.21,2.97,32812.73,23674.6023
2833,000587.SZ,20070618,7.0,7.33,6.88,7.08,7.24,-0.16,-2.21,50594.52,35634.0751
2834,000587.SZ,20070615,7.95,7.95,7.24,7.24,7.62,-0.38,-4.99,101027.19,76793.2817
2835,000587.SZ,20070614,7.48,7.62,7.4,7.62,7.26,0.36,4.96,35504.09,26943.8518
2836,000587.SZ,20070613,6.94,7.29,6.84,7.26,6.94,0.32,4.61,72426.09,51792.666
2837,000587.SZ,20070612,7.11,7.33,6.94,6.94,7.31,-0.37,-5.06,24227.54,16936.2681
2838,000587.SZ,20070611,7.89,7.94,7.31,7.31,7.69,-0.38,-4.94,58978.99,43978.8295
2839,000587.SZ,20070608,7.41,7.69,7.41,7.69,7.32,0.37,5.05,76182.87,58299.1768
2840,000587.SZ,20070607,7.32,7.5,7.32,7.32,7.7,-0.38,-4.94,39910.35,29253.1686
2841,000587.SZ,20070606,7.7,8.1,7.7,7.7,8.11,-0.41,-5.06,70035.38,54265.5643
2842,000587.SZ,20070605,8.11,8.11,8.11,8.11,8.54,-0.43,-5.04,148.0,120.028
2843,000587.SZ,20070604,8.54,8.54,8.54,8.54,8.99,-0.45,-5.01,1693.0,1445.822
2844,000587.SZ,20070601,8.99,8.99,8.99,8.99,9.46,-0.47,-4.97,1306.0,1174.094
2845,000587.SZ,20070531,9.46,9.46,9.46,9.46,9.96,-0.5,-5.02,6286.0,5946.556
2846,000587.SZ,20070530,9.96,10.48,9.96,9.96,10.48,-0.52,-4.96,54753.46,54821.4743
2847,000587.SZ,20070529,10.0,10.48,9.86,10.48,9.98,0.5,5.01,37609.64,39212.929
2848,000587.SZ,20070528,9.95,10.15,9.74,9.98,9.95,0.03,0.3,50709.09,50568.3599
2849,000587.SZ,20070525,9.91,10.29,9.6,9.95,10.1,-0.15,-1.49,61952.34,61199.9288
2850,000587.SZ,20070524,10.33,10.4,9.61,10.1,9.9,0.2,2.02,106978.99,108426.6088
2851,000587.SZ,20070523,9.9,9.9,9.9,9.9,9.43,0.47,4.98,5688.5,5631.615
2852,000587.SZ,20070521,8.86,9.43,8.65,9.43,8.98,0.45,5.01,55735.82,52015.5671
2853,000587.SZ,20070518,8.6,8.98,8.53,8.98,8.55,0.43,5.03,41217.74,36717.93
2854,000587.SZ,20070517,8.3,8.66,8.16,8.55,8.25,0.3,3.64,50020.33,42689.8446
2855,000587.SZ,20070516,7.9,8.3,7.7,8.25,8.08,0.17,2.1,60794.17,48436.2704
2856,000587.SZ,20070515,8.93,8.93,8.08,8.08,8.51,-0.43,-5.05,90168.8,75621.3957
2857,000587.SZ,20070514,8.5,8.51,8.49,8.51,8.1,0.41,5.06,6644.81,5652.9733
2858,000587.SZ,20070511,7.95,8.1,7.81,8.1,7.71,0.39,5.06,26818.93,21561.9711
2859,000587.SZ,20070510,7.61,7.71,7.47,7.71,7.34,0.37,5.04,20450.64,15671.473
2860,000587.SZ,20070509,6.96,7.34,6.78,7.34,6.99,0.35,5.01,70947.35,51028.874
2861,000587.SZ,20070508,6.76,7.08,6.69,6.99,7.0,-0.01,-0.14,70013.57,48136.386
2862,000587.SZ,20070427,6.96,7.0,6.78,7.0,6.67,0.33,4.95,59697.59,41303.7862
2863,000587.SZ,20070425,6.29,6.68,6.13,6.67,6.36,0.31,4.87,69688.59,45385.9783
2864,000587.SZ,20070424,6.59,6.59,6.35,6.36,6.68,-0.32,-4.79,76405.72,48741.7473
2865,000587.SZ,20070423,6.9,6.98,6.56,6.68,6.91,-0.23,-3.33,86024.7,58108.8389
2866,000587.SZ,20070420,6.72,6.91,6.72,6.91,6.58,0.33,5.02,41705.43,28782.374
2867,000587.SZ,20070419,6.88,6.88,6.26,6.58,6.55,0.03,0.46,124954.62,83914.8704
2868,000587.SZ,20070418,6.4,6.55,6.24,6.55,6.24,0.31,4.97,12538.79,8160.6416
2869,000587.SZ,20070417,6.24,6.24,6.0,6.24,5.94,0.3,5.05,62731.68,39102.9044
2870,000587.SZ,20070416,5.77,5.94,5.77,5.94,5.66,0.28,4.95,30242.76,17933.2284
2871,000587.SZ,20070413,5.47,5.74,5.4,5.66,5.47,0.19,3.47,83040.63,46931.8001
2872,000587.SZ,20070412,5.31,5.58,5.27,5.47,5.31,0.16,3.01,55228.03,30172.7684
2873,000587.SZ,20070411,5.38,5.44,5.26,5.31,5.42,-0.11,-2.03,30760.69,16397.8099
2874,000587.SZ,20070410,5.4,5.44,5.2,5.42,5.43,-0.01,-0.18,39738.78,21143.3283
2875,000587.SZ,20070409,5.42,5.48,5.12,5.43,5.39,0.04,0.74,56149.15,29538.2266
2876,000587.SZ,20070406,5.41,5.56,5.35,5.39,5.48,-0.09,-1.64,31138.07,16937.7366
2877,000587.SZ,20070405,5.56,5.61,5.35,5.48,5.58,-0.1,-1.79,33617.21,18380.8986
2878,000587.SZ,20070404,5.51,5.64,5.44,5.58,5.52,0.06,1.09,40253.45,22256.9438
2879,000587.SZ,20070403,5.56,5.73,5.4,5.52,5.46,0.06,1.1,70420.78,39189.0629
2880,000587.SZ,20070402,5.2,5.46,5.12,5.46,5.2,0.26,5.0,56332.33,30186.8806
2881,000587.SZ,20070330,4.91,5.29,4.89,5.2,5.05,0.15,2.97,47956.91,24464.9439
2882,000587.SZ,20070329,5.3,5.32,5.05,5.05,5.32,-0.27,-5.08,63001.58,32376.396
2883,000587.SZ,20070328,5.56,5.59,5.32,5.32,5.6,-0.28,-5.0,74557.78,40105.6656
2884,000587.SZ,20070327,5.53,6.01,5.53,5.6,5.82,-0.22,-3.78,95234.76,53498.5395
2885,000587.SZ,20070326,6.0,6.0,5.82,5.82,6.13,-0.31,-5.06,9471.0,5532.1664
2886,000587.SZ,20070323,6.38,6.38,5.78,6.13,6.08,0.05,0.82,104026.12,63790.7396
2887,000587.SZ,20070322,6.08,6.08,6.08,6.08,5.79,0.29,5.01,6800.7,4134.8256
2888,000587.SZ,20070321,5.79,5.79,5.7,5.79,5.51,0.28,5.08,13209.3,7646.1787
2889,000587.SZ,20070320,5.5,5.51,5.36,5.51,5.25,0.26,4.95,19022.01,10421.6263
2890,000587.SZ,20070316,5.25,5.25,5.1,5.25,5.0,0.25,5.0,69899.15,36470.6927
2891,000587.SZ,20070315,4.94,5.0,4.85,5.0,4.76,0.24,5.04,17652.75,8784.9574
2892,000587.SZ,20070314,4.51,4.76,4.32,4.76,4.53,0.23,5.08,43504.49,20280.7883
2893,000587.SZ,20070313,4.36,4.53,4.25,4.53,4.31,0.22,5.1,37832.97,16917.4407
2894,000587.SZ,20070312,4.2,4.38,4.06,4.31,4.18,0.13,3.11,34166.78,14301.2078
2895,000587.SZ,20070309,4.16,4.32,4.09,4.18,4.14,0.04,0.97,23028.62,9711.9132
2896,000587.SZ,20070308,3.89,4.14,3.85,4.14,3.94,0.2,5.08,38507.66,15688.211
2897,000587.SZ,20070307,3.9,4.03,3.75,3.94,3.94,0.0,0.0,39940.26,15426.8072
2898,000587.SZ,20070306,4.2,4.2,3.94,3.94,4.15,-0.21,-5.06,57417.84,23037.0141
2899,000587.SZ,20070305,3.99,4.15,3.82,4.15,3.95,0.2,5.06,75601.48,30858.5087
2900,000587.SZ,20070302,3.79,3.95,3.71,3.95,3.76,0.19,5.05,51531.2,20295.3456
2901,000587.SZ,20070301,3.58,3.76,3.51,3.76,3.58,0.18,5.03,75132.04,27869.2066
2902,000587.SZ,20070228,3.27,3.58,3.27,3.58,3.41,0.17,4.99,44465.83,15415.7206
2903,000587.SZ,20070227,3.76,3.77,3.41,3.41,3.59,-0.18,-5.01,63550.09,23205.4899
2904,000587.SZ,20070226,3.42,3.59,3.37,3.59,3.42,0.17,4.97,31587.96,11168.424
2905,000587.SZ,20070216,3.45,3.49,3.38,3.42,3.44,-0.02,-0.58,26491.71,9090.1121
2906,000587.SZ,20070215,3.34,3.47,3.26,3.44,3.33,0.11,3.3,26908.9,9123.0386
2907,000587.SZ,20070214,3.42,3.54,3.33,3.33,3.37,-0.04,-1.19,40425.44,13924.2862
2908,000587.SZ,20070213,3.22,3.37,3.22,3.37,3.21,0.16,4.98,25080.03,8332.5639
2909,000587.SZ,20070212,3.09,3.21,3.09,3.21,3.06,0.15,4.9,26067.22,8327.9579
2910,000587.SZ,20070209,2.91,3.06,2.88,3.06,2.91,0.15,5.15,33255.73,10023.9325
2911,000587.SZ,20070208,2.81,2.94,2.79,2.91,2.81,0.1,3.56,26444.37,7577.0606
2912,000587.SZ,20070207,2.83,2.89,2.78,2.81,2.83,-0.02,-0.71,20970.0,5935.6373
2913,000587.SZ,20070206,2.72,2.83,2.72,2.83,2.76,0.07,2.54,30931.64,8628.2002
2914,000587.SZ,20070205,2.78,2.81,2.64,2.76,2.78,-0.02,-0.72,46983.97,12776.6374
2915,000587.SZ,20070202,2.8,2.84,2.73,2.78,2.8,-0.02,-0.71,17191.3,4780.4454
2916,000587.SZ,20070201,2.82,2.85,2.75,2.8,2.89,-0.09,-3.11,24585.81,6848.1085
2917,000587.SZ,20070131,2.96,3.05,2.89,2.89,3.04,-0.15,-4.93,22252.81,6535.9178
2918,000587.SZ,20070130,3.14,3.14,3.0,3.04,3.07,-0.03,-0.98,15269.83,4636.885
2919,000587.SZ,20070129,3.0,3.08,3.0,3.07,3.03,0.04,1.32,19660.47,5981.2092
2920,000587.SZ,20070126,2.98,3.16,2.91,3.03,3.06,-0.03,-0.98,12466.05,3747.439
2921,000587.SZ,20070125,3.16,3.22,3.03,3.06,3.17,-0.11,-3.47,19883.79,6231.9127
2922,000587.SZ,20070124,3.15,3.25,3.11,3.17,3.16,0.01,0.32,14975.47,4760.5199
2923,000587.SZ,20070123,3.19,3.21,3.06,3.16,3.17,-0.01,-0.32,37451.49,11692.3704
2924,000587.SZ,20070122,3.14,3.23,3.1,3.17,3.11,0.06,1.93,25494.3,8054.6765
2925,000587.SZ,20070119,3.06,3.11,2.98,3.11,2.96,0.15,5.07,32326.03,9949.3616
2926,000587.SZ,20070118,2.8,2.96,2.76,2.96,2.82,0.14,4.96,22849.64,6558.7264
2927,000587.SZ,20070117,2.81,2.89,2.76,2.82,2.81,0.01,0.36,20916.69,5889.1619
2928,000587.SZ,20070116,2.69,2.81,2.69,2.81,2.68,0.13,4.85,27734.29,7702.0382
2929,000587.SZ,20070115,2.56,2.68,2.55,2.68,2.55,0.13,5.1,19630.42,5218.0722
2930,000587.SZ,20070112,2.66,2.69,2.55,2.55,2.68,-0.13,-4.85,15921.42,4160.0318
2931,000587.SZ,20070111,2.57,2.68,2.54,2.68,2.55,0.13,5.1,24300.51,6326.8486
2932,000587.SZ,20070110,2.54,2.56,2.5,2.55,2.54,0.01,0.39,12918.39,3271.4828
2933,000587.SZ,20070109,2.48,2.61,2.47,2.54,2.49,0.05,2.01,13607.51,3454.5831
2934,000587.SZ,20070108,2.45,2.51,2.43,2.49,2.45,0.04,1.63,10698.07,2643.9014
2935,000587.SZ,20070105,2.4,2.49,2.38,2.45,2.41,0.04,1.66,9673.92,2352.468
2936,000587.SZ,20070104,2.51,2.59,2.41,2.41,2.54,-0.13,-5.12,16326.0,4006.5557
2937,000587.SZ,20061229,2.5,2.7,2.44,2.54,2.57,-0.03,-1.17,16697.04,4291.5047
2938,000587.SZ,20061228,2.7,2.72,2.57,2.57,2.7,-0.13,-4.81,11164.0,2889.844
2939,000587.SZ,20061227,2.71,2.71,2.59,2.7,2.73,-0.03,-1.1,14258.72,3763.3201
2940,000587.SZ,20061226,2.78,2.8,2.68,2.73,2.71,0.02,0.74,19119.81,5226.3388
2941,000587.SZ,20061225,2.6,2.71,2.51,2.71,2.58,0.13,5.04,38174.38,10063.8419
2942,000587.SZ,20061222,2.56,2.69,2.52,2.58,2.56,0.02,0.78,13996.0,3661.981
2943,000587.SZ,20061221,2.74,2.77,2.54,2.56,2.64,-0.08,-3.03,38140.17,10252.3618
2944,000587.SZ,20061220,2.5,2.64,2.48,2.64,2.51,0.13,5.18,24997.08,6573.2768
2945,000587.SZ,20061219,2.39,2.51,2.36,2.51,2.39,0.12,5.02,51266.0,12660.6249
2946,000587.SZ,20061218,2.36,2.42,2.31,2.39,2.36,0.03,1.27,24032.08,5680.6204
2947,000587.SZ,20061215,2.37,2.38,2.33,2.36,2.37,-0.01,-0.42,9799.34,2306.4345
2948,000587.SZ,20061214,2.24,2.37,2.24,2.37,2.26,0.11,4.87,28153.67,6637.6064
2949,000587.SZ,20061213,2.29,2.32,2.25,2.26,2.29,-0.03,-1.31,17308.0,3936.0119
2950,000587.SZ,20061212,2.17,2.29,2.15,2.29,2.18,0.11,5.05,31940.34,7189.7968
2951,000587.SZ,20061211,2.15,2.19,2.13,2.18,2.15,0.03,1.4,9925.51,2153.0153
2952,000587.SZ,20061208,2.16,2.17,2.12,2.15,2.17,-0.02,-0.92,9016.31,1934.98
2953,000587.SZ,20061207,2.19,2.19,2.13,2.17,2.19,-0.02,-0.91,14999.19,3239.4831
2954,000587.SZ,20061206,2.23,2.27,2.14,2.19,2.24,-0.05,-2.23,15892.74,3511.4966
2955,000587.SZ,20061205,2.2,2.25,2.17,2.24,2.21,0.03,1.36,15726.2,3473.4809
2956,000587.SZ,20061204,2.17,2.22,2.15,2.21,2.19,0.02,0.91,16265.5,3550.883
2957,000587.SZ,20061201,2.21,2.22,2.16,2.19,2.21,-0.02,-0.91,16073.59,3504.8206
2958,000587.SZ,20061130,2.22,2.25,2.17,2.21,2.22,-0.01,-0.45,14141.26,3143.2111
2959,000587.SZ,20061129,2.26,2.26,2.21,2.22,2.27,-0.05,-2.2,8668.88,1932.37
2960,000587.SZ,20061128,2.27,2.3,2.22,2.27,2.27,0.0,0.0,9274.1,2092.9426
2961,000587.SZ,20061127,2.16,2.28,2.16,2.27,2.19,0.08,3.65,8902.54,1986.2253
2962,000587.SZ,20061124,2.15,2.25,2.15,2.19,2.15,0.04,1.86,11244.77,2486.1103
2963,000587.SZ,20061123,2.17,2.19,2.12,2.15,2.17,-0.02,-0.92,8062.25,1732.9548
2964,000587.SZ,20061122,2.11,2.19,2.07,2.17,2.12,0.05,2.36,11571.34,2476.6626
2965,000587.SZ,20061121,2.09,2.16,2.08,2.12,2.12,0.0,0.0,10657.84,2250.8696
2966,000587.SZ,20061120,2.24,2.25,2.12,2.12,2.23,-0.11,-4.93,26864.0,5766.591
2967,000587.SZ,20061117,2.22,2.32,2.2,2.23,2.27,-0.04,-1.76,9678.0,2178.2781
2968,000587.SZ,20061116,2.28,2.31,2.25,2.27,2.28,-0.01,-0.44,5618.15,1274.7143
2969,000587.SZ,20061115,2.23,2.29,2.23,2.28,2.24,0.04,1.79,5714.07,1293.3695
2970,000587.SZ,20061114,2.31,2.31,2.21,2.24,2.33,-0.09,-3.86,12019.54,2669.1343
2971,000587.SZ,20061113,2.4,2.46,2.33,2.33,2.45,-0.12,-4.9,9567.0,2260.621
2972,000587.SZ,20061110,2.35,2.45,2.35,2.45,2.33,0.12,5.15,23667.83,5778.4695
2973,000587.SZ,20061109,2.31,2.39,2.31,2.33,2.32,0.01,0.43,5780.0,1363.847
2974,000587.SZ,20061108,2.3,2.36,2.19,2.32,2.31,0.01,0.43,10817.11,2469.7154
2975,000587.SZ,20061107,2.41,2.44,2.31,2.31,2.43,-0.12,-4.94,9959.0,2315.129
2976,000587.SZ,20061106,2.38,2.47,2.38,2.43,2.43,0.0,0.0,7607.16,1850.9275
2977,000587.SZ,20061103,2.46,2.53,2.42,2.43,2.47,-0.04,-1.62,12427.74,3057.9956
2978,000587.SZ,20061102,2.57,2.57,2.47,2.47,2.6,-0.13,-5.0,11122.53,2762.6254
2979,000587.SZ,20061101,2.62,2.62,2.57,2.6,2.6,0.0,0.0,4771.94,1241.733
2980,000587.SZ,20061031,2.53,2.6,2.52,2.6,2.53,0.07,2.77,6036.92,1538.3102
2981,000587.SZ,20061030,2.5,2.57,2.5,2.53,2.5,0.03,1.2,7637.68,1932.8658
2982,000587.SZ,20061027,2.54,2.61,2.46,2.5,2.58,-0.08,-3.1,8071.7,2034.7111
2983,000587.SZ,20061026,2.68,2.68,2.55,2.58,2.68,-0.1,-3.73,14972.58,3867.9196
2984,000587.SZ,20061025,2.81,2.81,2.67,2.68,2.81,-0.13,-4.63,15157.58,4104.4293
2985,000587.SZ,20061024,2.78,2.85,2.73,2.81,2.78,0.03,1.08,9989.27,2789.857
2986,000587.SZ,20061023,2.66,2.81,2.66,2.78,2.68,0.1,3.73,24881.08,6865.818
2987,000587.SZ,20061020,2.78,2.82,2.68,2.68,2.82,-0.14,-4.96,21573.19,5852.3983
2988,000587.SZ,20061019,2.79,2.88,2.76,2.82,2.81,0.01,0.36,12220.29,3439.8499
2989,000587.SZ,20061018,2.7,2.84,2.7,2.81,2.76,0.05,1.81,10869.59,3038.9698
2990,000587.SZ,20061017,2.84,2.87,2.72,2.76,2.77,-0.01,-0.36,23686.28,6613.0962
2991,000587.SZ,20061016,2.67,2.77,2.66,2.77,2.64,0.13,4.92,24619.34,6723.7695
2992,000587.SZ,20061013,2.52,2.64,2.52,2.64,2.51,0.13,5.18,21866.38,5732.8582
2993,000587.SZ,20061012,2.55,2.55,2.5,2.51,2.55,-0.04,-1.57,17690.01,4458.4735
2994,000587.SZ,20061011,2.61,2.61,2.51,2.55,2.59,-0.04,-1.54,7301.66,1866.2351
2995,000587.SZ,20061010,2.53,2.6,2.53,2.59,2.52,0.07,2.78,11382.37,2934.3528
2996,000587.SZ,20061009,2.56,2.63,2.5,2.52,2.56,-0.04,-1.56,13259.29,3381.9439
2997,000587.SZ,20060929,2.54,2.61,2.53,2.56,2.53,0.03,1.19,10696.92,2761.5103
2998,000587.SZ,20060928,2.52,2.57,2.49,2.53,2.53,0.0,0.0,8629.95,2192.9113
2999,000587.SZ,20060927,2.52,2.55,2.44,2.53,2.55,-0.02,-0.78,10488.56,2626.7311
3000,000587.SZ,20060926,2.53,2.58,2.49,2.55,2.53,0.02,0.79,9746.52,2465.5579
3001,000587.SZ,20060925,2.55,2.57,2.5,2.53,2.55,-0.02,-0.78,10618.0,2686.766
3002,000587.SZ,20060922,2.64,2.65,2.53,2.55,2.62,-0.07,-2.67,17222.68,4440.4721
3003,000587.SZ,20060921,2.58,2.66,2.54,2.62,2.57,0.05,1.95,14451.99,3768.5213
3004,000587.SZ,20060920,2.52,2.62,2.48,2.57,2.55,0.02,0.78,15781.74,4012.1957
3005,000587.SZ,20060919,2.58,2.58,2.51,2.55,2.56,-0.01,-0.39,19215.72,4888.5293
3006,000587.SZ,20060918,2.48,2.56,2.44,2.56,2.44,0.12,4.92,21503.95,5439.9012
3007,000587.SZ,20060915,2.38,2.48,2.37,2.44,2.38,0.06,2.52,14572.99,3551.3565
3008,000587.SZ,20060914,2.36,2.41,2.34,2.38,2.37,0.01,0.42,11838.74,2806.5725
3009,000587.SZ,20060913,2.35,2.42,2.32,2.37,2.34,0.03,1.28,20727.96,4958.0694
3010,000587.SZ,20060912,2.31,2.36,2.3,2.34,2.34,0.0,0.0,9055.28,2113.54
3011,000587.SZ,20060911,2.3,2.35,2.26,2.34,2.3,0.04,1.74,11745.39,2714.0989
3012,000587.SZ,20060908,2.26,2.33,2.26,2.3,2.26,0.04,1.77,8491.42,1959.98
3013,000587.SZ,20060907,2.31,2.35,2.25,2.26,2.31,-0.05,-2.16,5331.0,1215.865
3014,000587.SZ,20060906,2.36,2.36,2.29,2.31,2.34,-0.03,-1.28,7736.0,1795.4399
3015,000587.SZ,20060905,2.29,2.38,2.27,2.34,2.3,0.04,1.74,13761.35,3206.9872
3016,000587.SZ,20060904,2.23,2.33,2.21,2.3,2.23,0.07,3.14,13538.44,3059.2683
3017,000587.SZ,20060901,2.26,2.29,2.21,2.23,2.26,-0.03,-1.33,8255.64,1848.3992
3018,000587.SZ,20060831,2.24,2.3,2.22,2.26,2.26,0.0,0.0,13407.02,3035.508
3019,000587.SZ,20060830,2.27,2.27,2.2,2.26,2.28,-0.02,-0.88,15000.47,3354.1566
3020,000587.SZ,20060829,2.32,2.34,2.26,2.28,2.32,-0.04,-1.72,13548.89,3094.4262
3021,000587.SZ,20060828,2.28,2.37,2.25,2.32,2.28,0.04,1.75,13655.91,3162.2851
3022,000587.SZ,20060825,2.24,2.34,2.2,2.28,2.23,0.05,2.24,17257.88,3954.6224
3023,000587.SZ,20060824,2.15,2.26,2.14,2.23,2.15,0.08,3.72,25816.17,5785.7903
3024,000587.SZ,20060823,2.17,2.2,2.14,2.15,2.19,-0.04,-1.83,14795.44,3203.424
3025,000587.SZ,20060822,2.07,2.19,2.06,2.19,2.09,0.1,4.78,41052.53,8957.8175
3026,000587.SZ,20060821,2.07,2.1,2.0,2.09,2.1,-0.01,-0.48,11461.0,2338.559
3027,000587.SZ,20060818,2.05,2.12,2.04,2.1,2.07,0.03,1.45,9327.69,1944.9735
3028,000587.SZ,20060817,2.14,2.14,2.05,2.07,2.14,-0.07,-3.27,16631.0,3474.847
3029,000587.SZ,20060816,2.17,2.2,2.13,2.14,2.16,-0.02,-0.93,12397.62,2673.6629
3030,000587.SZ,20060815,2.14,2.17,2.13,2.16,2.13,0.03,1.41,8981.72,1931.5688
3031,000587.SZ,20060814,2.14,2.14,2.1,2.13,2.15,-0.02,-0.93,12913.58,2735.2122
3032,000587.SZ,20060811,2.11,2.19,2.09,2.15,2.11,0.04,1.9,18767.83,4032.9901
3033,000587.SZ,20060810,2.15,2.15,2.09,2.11,2.15,-0.04,-1.86,19244.68,4085.1497
3034,000587.SZ,20060809,2.14,2.15,2.08,2.15,2.05,0.1,4.88,46496.23,9962.6093
3035,000587.SZ,20060808,2.05,2.05,2.04,2.05,1.95,0.1,5.13,4237.88,868.7634
3036,000587.SZ,20060807,1.98,1.99,1.9,1.95,2.0,-0.05,-2.5,6553.31,1276.6729
3037,000587.SZ,20060804,2.03,2.06,1.98,2.0,2.02,-0.02,-0.99,5062.3,1022.5629
3038,000587.SZ,20060803,1.99,2.04,1.99,2.02,1.99,0.03,1.51,4514.0,912.6831
3039,000587.SZ,20060802,2.0,2.04,1.94,1.99,1.95,0.04,2.05,7469.57,1475.4962
3040,000587.SZ,20060801,2.02,2.06,1.95,1.95,2.03,-0.08,-3.94,6097.0,1222.49
3041,000587.SZ,20060731,2.08,2.09,2.02,2.03,2.1,-0.07,-3.33,12650.7,2605.3865
3042,000587.SZ,20060728,2.14,2.15,2.05,2.1,2.14,-0.04,-1.87,14294.07,2994.6487
3043,000587.SZ,20060727,2.06,2.16,2.06,2.14,2.07,0.07,3.38,15635.23,3301.9108
3044,000587.SZ,20060726,2.15,2.15,2.07,2.07,2.12,-0.05,-2.36,9280.74,1946.5642
3045,000587.SZ,20060725,2.07,2.15,2.05,2.12,2.07,0.05,2.42,16747.68,3550.1496
3046,000587.SZ,20060724,2.04,2.09,1.98,2.07,2.05,0.02,0.98,12199.03,2502.3619
3047,000587.SZ,20060721,1.98,2.07,1.98,2.05,2.02,0.03,1.49,7449.97,1524.0023
3048,000587.SZ,20060720,1.91,2.04,1.91,2.02,2.0,0.02,1.0,7186.0,1439.738
3049,000587.SZ,20060719,1.98,2.08,1.93,2.0,1.98,0.02,1.01,22868.47,4680.5332
3050,000587.SZ,20060718,1.93,1.99,1.91,1.98,1.93,0.05,2.59,7163.45,1388.1073
3051,000587.SZ,20060717,1.87,1.93,1.79,1.93,1.88,0.05,2.66,8658.81,1629.9668
3052,000587.SZ,20060714,1.87,1.94,1.87,1.88,1.97,-0.09,-4.57,14685.85,2772.6803
3053,000587.SZ,20060713,2.06,2.08,1.97,1.97,2.07,-0.1,-4.83,11607.0,2341.193
3054,000587.SZ,20060712,2.12,2.18,2.07,2.07,2.13,-0.06,-2.82,13538.19,2857.5678
3055,000587.SZ,20060711,2.11,2.15,2.09,2.13,2.13,0.0,0.0,12956.52,2762.1618
3056,000587.SZ,20060710,2.04,2.14,2.0,2.13,2.04,0.09,4.41,22663.41,4740.7051
3057,000587.SZ,20060707,2.01,2.05,2.01,2.04,2.03,0.01,0.49,12360.09,2507.5197
3058,000587.SZ,20060706,1.95,2.04,1.95,2.03,1.97,0.06,3.05,8305.33,1666.448
3059,000587.SZ,20060705,2.0,2.01,1.94,1.97,2.0,-0.03,-1.5,8505.75,1678.5213
3060,000587.SZ,20060704,2.07,2.07,2.0,2.0,2.05,-0.05,-2.44,12135.54,2463.5356
3061,000587.SZ,20060703,2.04,2.08,2.01,2.05,2.07,-0.02,-0.97,10463.58,2150.3554
3062,000587.SZ,20060630,2.06,2.08,2.01,2.07,2.05,0.02,0.98,12358.05,2517.1203
3063,000587.SZ,20060629,2.03,2.06,2.01,2.05,2.01,0.04,1.99,14525.67,2971.0337
3064,000587.SZ,20060628,2.06,2.06,1.98,2.01,2.06,-0.05,-2.43,12584.53,2527.0856
3065,000587.SZ,20060627,1.96,2.06,1.93,2.06,1.96,0.1,5.1,19873.09,3967.5506
3066,000587.SZ,20060626,1.9,1.96,1.9,1.96,1.91,0.05,2.62,9819.27,1886.7051
3067,000587.SZ,20060623,1.89,1.92,1.86,1.91,1.9,0.01,0.53,9885.9,1876.6871
3068,000587.SZ,20060622,1.91,1.94,1.89,1.9,1.91,-0.01,-0.52,6840.66,1303.6476
3069,000587.SZ,20060621,1.93,1.95,1.89,1.91,1.95,-0.04,-2.05,6918.69,1325.7245
3070,000587.SZ,20060620,1.9,1.97,1.88,1.95,1.93,0.02,1.04,7076.78,1364.3358
3071,000587.SZ,20060619,1.9,1.93,1.81,1.93,1.91,0.02,1.05,6889.64,1311.6647
3072,000587.SZ,20060616,1.86,1.92,1.86,1.91,1.87,0.04,2.14,7407.02,1400.8776
3073,000587.SZ,20060615,1.89,1.93,1.86,1.87,1.89,-0.02,-1.06,4575.46,863.6846
3074,000587.SZ,20060614,1.83,1.93,1.79,1.89,1.85,0.04,2.16,13511.08,2545.329
3075,000587.SZ,20060613,1.86,1.92,1.81,1.85,1.91,-0.06,-3.14,15488.4,2877.4159
3076,000587.SZ,20060612,1.95,1.96,1.91,1.91,2.01,-0.1,-4.98,12527.01,2407.2089
3077,000587.SZ,20060609,2.01,2.1,2.01,2.01,2.12,-0.11,-5.19,27218.27,5490.9129
3078,000587.SZ,20060608,2.12,2.12,2.12,2.12,2.23,-0.11,-4.93,4237.0,898.244
3079,000587.SZ,20060607,2.38,2.42,2.23,2.23,2.35,-0.12,-5.11,24869.76,5703.5265
3080,000587.SZ,20060606,2.24,2.35,2.24,2.35,2.24,0.11,4.91,21715.99,5040.7771
3081,000587.SZ,20060605,2.23,2.24,2.13,2.24,2.13,0.11,5.16,31304.04,6884.4099
3082,000587.SZ,20060602,2.07,2.13,2.07,2.13,2.03,0.1,4.93,26041.87,5524.0804
3083,000587.SZ,20060601,1.95,2.03,1.93,2.03,1.93,0.1,5.18,33337.33,6729.5837
3084,000587.SZ,20060531,1.94,1.99,1.88,1.93,1.94,-0.01,-0.52,31604.67,6141.6446
3085,000587.SZ,20060530,1.89,1.94,1.86,1.94,1.85,0.09,4.86,51353.92,9911.2905
3086,000587.SZ,20060529,1.76,1.85,1.76,1.85,1.76,0.09,5.11,18275.3,3356.2466
3087,000587.SZ,20060526,1.71,1.77,1.69,1.76,1.71,0.05,2.92,18358.97,3199.5448
3088,000587.SZ,20060525,1.66,1.71,1.64,1.71,1.66,0.05,3.01,15287.83,2558.0786
3089,000587.SZ,20060524,1.74,1.78,1.66,1.66,1.75,-0.09,-5.14,19343.89,3291.8123
3090,000587.SZ,20060523,1.79,1.84,1.75,1.75,1.79,-0.04,-2.23,26537.21,4781.5827
3091,000587.SZ,20060522,1.71,1.8,1.71,1.79,1.72,0.07,4.07,24158.14,4288.9897
3092,000587.SZ,20060519,1.7,1.72,1.67,1.72,1.68,0.04,2.38,14887.52,2523.6215
3093,000587.SZ,20060518,1.68,1.69,1.62,1.68,1.69,-0.01,-0.59,18290.33,3037.0363
3094,000587.SZ,20060517,1.73,1.76,1.65,1.69,1.68,0.01,0.6,30077.79,5151.9451
3095,000587.SZ,20060516,1.6,1.68,1.6,1.68,1.6,0.08,5.0,34041.98,5679.7005
3096,000587.SZ,20060515,1.6,1.61,1.54,1.6,1.62,-0.02,-1.23,25885.82,4081.3282
3097,000587.SZ,20060512,1.54,1.63,1.51,1.62,1.55,0.07,4.52,32058.12,5083.6645
3098,000587.SZ,20060511,1.53,1.6,1.51,1.55,1.54,0.01,0.65,19451.97,3028.6038
3099,000587.SZ,20060510,1.5,1.56,1.48,1.54,1.51,0.03,1.99,20495.05,3116.3719
3100,000587.SZ,20060509,1.5,1.54,1.44,1.51,1.52,-0.01,-0.66,22292.88,3326.3758
3101,000587.SZ,20060508,1.51,1.52,1.43,1.52,1.45,0.07,4.83,13918.79,2056.7424
3102,000587.SZ,20060427,1.44,1.47,1.4,1.45,1.44,0.01,0.69,8646.17,1233.4271
3103,000587.SZ,20060426,1.35,1.45,1.35,1.44,1.38,0.06,4.35,12308.63,1739.4612
3104,000587.SZ,20060425,1.38,1.4,1.35,1.38,1.42,-0.04,-2.82,15790.61,2145.8038
3105,000587.SZ,20060424,1.48,1.48,1.42,1.42,1.49,-0.07,-4.7,12065.09,1720.3388
3106,000587.SZ,20060421,1.5,1.53,1.49,1.49,1.52,-0.03,-1.97,13696.0,2066.08
3107,000587.SZ,20060420,1.59,1.59,1.52,1.52,1.6,-0.08,-5.0,18873.03,2903.2724
3108,000587.SZ,20060419,1.61,1.64,1.58,1.6,1.63,-0.03,-1.84,9197.84,1479.8807
3109,000587.SZ,20060418,1.59,1.64,1.57,1.63,1.63,0.0,0.0,9475.28,1531.5453
3110,000587.SZ,20060417,1.62,1.65,1.6,1.63,1.64,-0.01,-0.61,10459.7,1704.8987
3111,000587.SZ,20060414,1.69,1.69,1.59,1.64,1.67,-0.03,-1.8,14512.23,2347.1217
3112,000587.SZ,20060413,1.65,1.7,1.65,1.67,1.66,0.01,0.6,13215.01,2217.06
3113,000587.SZ,20060412,1.67,1.68,1.64,1.66,1.67,-0.01,-0.6,9221.43,1531.4207
3114,000587.SZ,20060411,1.62,1.71,1.6,1.67,1.63,0.04,2.45,19999.12,3334.7413
3115,000587.SZ,20060410,1.62,1.64,1.58,1.63,1.62,0.01,0.62,13958.43,2235.1956
3116,000587.SZ,20060407,1.6,1.64,1.59,1.62,1.61,0.01,0.62,6243.54,1006.7092
3117,000587.SZ,20060406,1.61,1.66,1.58,1.61,1.61,0.0,0.0,12652.01,2046.0807
3118,000587.SZ,20060405,1.58,1.62,1.56,1.61,1.58,0.03,1.9,11425.4,1815.6027
3119,000587.SZ,20060404,1.55,1.59,1.5,1.58,1.56,0.02,1.28,13478.5,2089.8351
3120,000587.SZ,20060403,1.62,1.65,1.56,1.56,1.64,-0.08,-4.88,21111.05,3317.8199
3121,000587.SZ,20060331,1.72,1.73,1.62,1.64,1.71,-0.07,-4.09,10941.01,1827.5926
3122,000587.SZ,20060330,1.7,1.75,1.69,1.71,1.71,0.0,0.0,10267.74,1760.8057
3123,000587.SZ,20060329,1.71,1.72,1.66,1.71,1.75,-0.04,-2.29,23395.88,3964.6061
3124,000587.SZ,20060328,1.75,1.76,1.71,1.75,1.75,0.0,0.0,17106.7,2962.831
3125,000587.SZ,20060327,1.76,1.76,1.73,1.75,1.76,-0.01,-0.57,7068.8,1234.759
3126,000587.SZ,20060324,1.76,1.77,1.74,1.76,1.76,0.0,0.0,4850.44,849.566
3127,000587.SZ,20060323,1.72,1.77,1.71,1.76,1.74,0.02,1.15,10046.43,1736.2991
3128,000587.SZ,20060322,1.77,1.77,1.74,1.74,1.77,-0.03,-1.69,8272.0,1450.037
3129,000587.SZ,20060321,1.77,1.8,1.76,1.77,1.78,-0.01,-0.56,10377.89,1855.105
3130,000587.SZ,20060320,1.76,1.78,1.73,1.78,1.78,0.0,0.0,10201.37,1784.0216
3131,000587.SZ,20060316,1.8,1.83,1.77,1.78,1.82,-0.04,-2.2,5970.45,1075.2781
3132,000587.SZ,20060315,1.77,1.82,1.77,1.82,1.79,0.03,1.68,6323.24,1141.7461
3133,000587.SZ,20060314,1.77,1.8,1.76,1.79,1.78,0.01,0.56,3982.87,708.3189
3134,000587.SZ,20060313,1.8,1.8,1.75,1.78,1.79,-0.01,-0.56,3832.0,678.265
3135,000587.SZ,20060310,1.77,1.8,1.77,1.79,1.79,0.0,0.0,3446.37,614.9759
3136,000587.SZ,20060309,1.75,1.8,1.75,1.79,1.78,0.01,0.56,3912.23,697.6854
3137,000587.SZ,20060308,1.78,1.78,1.74,1.78,1.78,0.0,0.0,6778.01,1196.1278
3138,000587.SZ,20060307,1.81,1.81,1.75,1.78,1.84,-0.06,-3.26,16861.76,2983.1534
3139,000587.SZ,20060306,1.96,1.98,1.84,1.84,1.94,-0.1,-5.15,20318.18,3781.285
3140,000587.SZ,20060303,1.94,1.98,1.92,1.94,1.92,0.02,1.04,12641.69,2454.3551
3141,000587.SZ,20060302,1.89,2.02,1.89,1.92,1.92,0.0,0.0,20063.78,3972.6172
3142,000587.SZ,20060301,1.98,1.98,1.91,1.92,1.97,-0.05,-2.54,15427.96,2987.6233
3143,000587.SZ,20060228,2.03,2.03,1.95,1.97,1.98,-0.01,-0.51,21107.91,4196.5551
3144,000587.SZ,20060227,1.89,1.98,1.89,1.98,1.89,0.09,4.76,32744.15,6435.0631
3145,000587.SZ,20060224,1.9,1.92,1.86,1.89,1.92,-0.03,-1.56,19629.08,3715.7843
3146,000587.SZ,20060223,1.83,1.92,1.82,1.92,1.83,0.09,4.92,48211.49,9159.589
3147,000587.SZ,20060222,1.79,1.84,1.79,1.83,1.8,0.03,1.67,17635.71,3213.0047
3148,000587.SZ,20060221,1.81,1.82,1.76,1.8,1.81,-0.01,-0.55,10212.96,1826.8152
3149,000587.SZ,20060220,1.78,1.82,1.74,1.81,1.76,0.05,2.84,12217.34,2198.3076
3150,000587.SZ,20060217,1.71,1.79,1.7,1.76,1.74,0.02,1.15,12079.52,2122.9631
3151,000587.SZ,20060216,1.82,1.83,1.74,1.74,1.83,-0.09,-4.92,14339.53,2534.2878
3152,000587.SZ,20060215,1.83,1.83,1.79,1.83,1.82,0.01,0.55,16357.83,2953.8045
3153,000587.SZ,20060214,1.83,1.86,1.81,1.82,1.83,-0.01,-0.55,10781.15,1981.1685
3154,000587.SZ,20060213,1.78,1.84,1.76,1.83,1.78,0.05,2.81,9855.62,1783.1089
3155,000587.SZ,20060210,1.82,1.82,1.76,1.78,1.81,-0.03,-1.66,10597.11,1889.8992
3156,000587.SZ,20060209,1.82,1.85,1.8,1.81,1.83,-0.02,-1.09,11671.87,2125.5025
3157,000587.SZ,20060208,1.8,1.85,1.74,1.83,1.82,0.01,0.55,13791.88,2476.599
3158,000587.SZ,20060207,1.74,1.82,1.72,1.82,1.73,0.09,5.2,24913.12,4464.6572
3159,000587.SZ,20060206,1.72,1.74,1.68,1.73,1.71,0.02,1.17,21854.41,3743.2251
3160,000587.SZ,20060125,1.65,1.74,1.65,1.71,1.74,-0.03,-1.72,38834.76,6488.0085
3161,000587.SZ,20060124,1.81,1.81,1.74,1.74,1.83,-0.09,-4.92,9864.13,1720.2127
3162,000587.SZ,20060123,1.93,1.93,1.83,1.83,1.93,-0.1,-5.18,20891.0,3843.624
3163,000587.SZ,20060120,2.0,2.02,1.93,1.93,2.0,-0.07,-3.5,9080.0,1784.1287
3164,000587.SZ,20060119,1.97,2.03,1.96,2.0,1.97,0.03,1.52,14154.48,2820.5557
3165,000587.SZ,20060118,1.99,2.0,1.95,1.97,1.99,-0.02,-1.01,8866.31,1747.8093
3166,000587.SZ,20060117,1.94,1.99,1.92,1.99,1.94,0.05,2.58,6046.24,1190.1468
3167,000587.SZ,20060116,2.01,2.02,1.92,1.94,2.02,-0.08,-3.96,13592.84,2660.2293
3168,000587.SZ,20060113,2.03,2.04,1.99,2.02,2.04,-0.02,-0.98,7947.69,1598.6299
3169,000587.SZ,20060112,2.01,2.06,2.01,2.04,2.03,0.01,0.49,5178.35,1053.1351
3170,000587.SZ,20060111,2.05,2.07,2.02,2.03,2.04,-0.01,-0.49,8664.83,1774.833
3171,000587.SZ,20060110,1.98,2.04,1.98,2.04,1.99,0.05,2.51,12384.91,2502.2389
3172,000587.SZ,20060109,1.95,2.0,1.94,1.99,1.95,0.04,2.05,8557.91,1684.0315
3173,000587.SZ,20060106,1.96,1.97,1.93,1.95,1.98,-0.03,-1.52,8239.05,1606.8108
3174,000587.SZ,20060105,1.96,2.02,1.94,1.98,1.96,0.02,1.02,6450.06,1261.9546
3175,000587.SZ,20060104,1.92,1.97,1.91,1.96,1.94,0.02,1.03,6526.98,1266.1481
3176,000587.SZ,20051229,1.95,1.96,1.91,1.94,1.97,-0.03,-1.52,9516.79,1838.2259
3177,000587.SZ,20051228,2.06,2.06,1.94,1.97,2.04,-0.07,-3.43,12498.73,2448.9156
3178,000587.SZ,20051227,2.0,2.05,2.0,2.04,2.01,0.03,1.49,7022.19,1426.1937
3179,000587.SZ,20051226,1.97,2.02,1.96,2.01,1.97,0.04,2.03,4466.43,888.1963
3180,000587.SZ,20051223,1.94,1.97,1.93,1.97,1.94,0.03,1.55,2358.69,460.6467
3181,000587.SZ,20051222,1.95,1.96,1.93,1.94,1.96,-0.02,-1.02,2449.99,477.6161
3182,000587.SZ,20051221,1.93,1.97,1.93,1.96,1.96,0.0,0.0,1496.8,291.0984
3183,000587.SZ,20051220,1.96,1.97,1.93,1.96,1.98,-0.02,-1.01,1943.26,379.5006
3184,000587.SZ,20051219,1.97,1.98,1.94,1.98,1.97,0.01,0.51,2570.0,505.07
3185,000587.SZ,20051216,1.95,1.98,1.94,1.97,1.98,-0.01,-0.51,2648.39,518.3571
3186,000587.SZ,20051215,2.0,2.02,1.96,1.98,2.0,-0.02,-1.0,4526.0,901.218
3187,000587.SZ,20051214,2.0,2.0,1.95,2.0,2.0,0.0,0.0,3714.68,731.7899
3188,000587.SZ,20051213,2.0,2.0,1.96,2.0,2.0,0.0,0.0,2478.69,488.6132
3189,000587.SZ,20051212,2.01,2.04,2.0,2.0,2.0,0.0,0.0,7113.18,1433.954
3190,000587.SZ,20051209,2.0,2.0,1.95,2.0,1.9,0.1,5.26,5167.59,1030.4224
3191,000587.SZ,20051208,1.91,1.93,1.86,1.9,1.91,-0.01,-0.52,2139.5,406.6151
3192,000587.SZ,20051207,1.91,1.92,1.87,1.91,1.91,0.0,0.0,2225.99,422.2081
3193,000587.SZ,20051206,1.86,1.91,1.82,1.91,1.86,0.05,2.69,4274.0,796.588
3194,000587.SZ,20051205,1.96,1.96,1.86,1.86,1.96,-0.1,-5.1,6941.71,1305.6641
3195,000587.SZ,20051202,2.01,2.04,1.95,1.96,2.04,-0.08,-3.92,4916.01,981.7056
3196,000587.SZ,20051201,2.07,2.08,1.99,2.04,2.09,-0.05,-2.39,6886.39,1393.1786
3197,000587.SZ,20051130,2.15,2.16,2.09,2.09,2.2,-0.11,-5.0,8173.0,1715.847
3198,000587.SZ,20051129,2.17,2.26,2.16,2.2,2.15,0.05,2.33,14280.59,3176.5706
3199,000587.SZ,20051128,2.13,2.16,2.13,2.15,2.13,0.02,0.94,3553.41,762.5077
3200,000587.SZ,20051125,2.14,2.17,2.12,2.13,2.15,-0.02,-0.93,2789.4,598.0262
3201,000587.SZ,20051124,2.16,2.17,2.13,2.15,2.16,-0.01,-0.46,3019.89,650.1625
3202,000587.SZ,20051123,2.13,2.19,2.1,2.16,2.16,0.0,0.0,3825.0,820.757
3203,000587.SZ,20051122,2.22,2.22,2.14,2.16,2.22,-0.06,-2.7,3829.2,831.2573
3204,000587.SZ,20051121,2.21,2.23,2.19,2.22,2.21,0.01,0.45,5284.57,1166.46
3205,000587.SZ,20051118,2.18,2.23,2.16,2.21,2.21,0.0,0.0,6250.39,1380.0994
3206,000587.SZ,20051117,2.17,2.22,2.13,2.21,2.19,0.02,0.91,7320.89,1596.8524
3207,000587.SZ,20051116,2.29,2.29,2.15,2.19,2.26,-0.07,-3.1,23330.46,5164.4093
3208,000587.SZ,20051115,2.23,2.33,2.23,2.26,2.24,0.02,0.89,19368.16,4401.012
3209,000587.SZ,20051114,2.12,2.24,2.09,2.24,2.13,0.11,5.16,15422.62,3422.5413
3210,000587.SZ,20051111,2.17,2.17,2.09,2.13,2.19,-0.06,-2.74,3053.02,646.7591
3211,000587.SZ,20051110,2.28,2.28,2.15,2.19,2.26,-0.07,-3.1,13815.17,3037.2477
3212,000587.SZ,20051109,2.15,2.26,2.1,2.26,2.15,0.11,5.12,13607.12,3014.2849
3213,000587.SZ,20051108,2.09,2.15,2.07,2.15,2.1,0.05,2.38,4058.91,862.9895
3214,000587.SZ,20051107,2.08,2.12,2.04,2.1,2.09,0.01,0.48,2220.28,462.6822
3215,000587.SZ,20051104,2.02,2.13,2.0,2.09,2.04,0.05,2.45,4546.49,948.2803
3216,000587.SZ,20051103,2.13,2.15,2.04,2.04,2.15,-0.11,-5.12,8127.44,1676.0078
3217,000587.SZ,20051102,2.21,2.23,2.13,2.15,2.12,0.03,1.42,12614.08,2753.4375
3218,000587.SZ,20051101,2.02,2.12,1.96,2.12,2.02,0.1,4.95,11718.96,2391.1228
3219,000587.SZ,20051031,1.95,2.04,1.95,2.02,1.95,0.07,3.59,7061.59,1413.6415
3220,000587.SZ,20051028,1.96,2.0,1.95,1.95,2.05,-0.1,-4.88,11384.08,2229.356
3221,000587.SZ,20051027,2.06,2.08,2.05,2.05,2.16,-0.11,-5.09,3451.0,708.266
3222,000587.SZ,20051026,2.16,2.19,2.16,2.16,2.27,-0.11,-4.85,3357.0,726.458
3223,000587.SZ,20051025,2.3,2.3,2.24,2.27,2.3,-0.03,-1.3,3356.13,760.3288
3224,000587.SZ,20051024,2.34,2.34,2.23,2.3,2.34,-0.04,-1.71,6269.21,1427.01
3225,000587.SZ,20051021,2.28,2.41,2.27,2.34,2.32,0.02,0.86,10257.62,2407.8198
3226,000587.SZ,20051020,2.32,2.32,2.21,2.32,2.21,0.11,4.98,17609.95,4072.6429
3227,000587.SZ,20051017,2.28,2.28,2.16,2.21,2.27,-0.06,-2.64,11279.84,2472.6967
3228,000587.SZ,20051014,2.3,2.35,2.25,2.27,2.32,-0.05,-2.16,4905.2,1126.6086
3229,000587.SZ,20051013,2.41,2.42,2.32,2.32,2.44,-0.12,-4.92,8578.0,2008.4198
3230,000587.SZ,20051012,2.36,2.48,2.33,2.44,2.36,0.08,3.39,9610.0,2318.574
3231,000587.SZ,20051011,2.33,2.38,2.22,2.36,2.34,0.02,0.85,16069.17,3708.8979
3232,000587.SZ,20051010,2.4,2.45,2.34,2.34,2.46,-0.12,-4.88,6107.38,1440.1765
3233,000587.SZ,20050930,2.5,2.54,2.4,2.46,2.49,-0.03,-1.2,6657.0,1666.999
3234,000587.SZ,20050929,2.39,2.51,2.39,2.49,2.41,0.08,3.32,5392.01,1340.5966
3235,000587.SZ,20050928,2.54,2.56,2.41,2.41,2.54,-0.13,-5.12,6647.0,1623.472
3236,000587.SZ,20050927,2.6,2.68,2.53,2.54,2.66,-0.12,-4.51,9476.36,2432.7785
3237,000587.SZ,20050926,2.76,2.76,2.66,2.66,2.8,-0.14,-5.0,6444.0,1729.805
3238,000587.SZ,20050923,2.76,2.88,2.67,2.8,2.81,-0.01,-0.36,10361.62,2860.5951
3239,000587.SZ,20050922,2.92,2.92,2.81,2.81,2.96,-0.15,-5.07,6422.0,1816.306
3240,000587.SZ,20050921,3.11,3.21,2.95,2.96,3.11,-0.15,-4.82,25639.83,7901.5149
3241,000587.SZ,20050920,2.96,3.11,2.89,3.11,2.96,0.15,5.07,27961.9,8450.4995
3242,000587.SZ,20050919,3.02,3.03,2.9,2.96,2.91,0.05,1.72,23324.79,6884.9735
3243,000587.SZ,20050916,2.87,2.91,2.85,2.91,2.77,0.14,5.05,28511.19,8254.9176
3244,000587.SZ,20050914,2.8,2.83,2.67,2.77,2.8,-0.03,-1.07,20219.06,5570.894
3245,000587.SZ,20050913,2.65,2.8,2.61,2.8,2.67,0.13,4.87,31298.95,8518.8825
3246,000587.SZ,20050912,2.8,2.85,2.65,2.67,2.79,-0.12,-4.3,34073.31,9102.7416
3247,000587.SZ,20050909,2.8,2.83,2.71,2.79,2.81,-0.02,-0.71,3123.55,861.7974
3248,000587.SZ,20050908,2.87,2.87,2.74,2.81,2.88,-0.07,-2.43,4715.03,1302.0255
3249,000587.SZ,20050907,2.8,2.9,2.8,2.88,2.86,0.02,0.7,3588.35,1028.2606
3250,000587.SZ,20050906,2.98,2.98,2.84,2.86,2.93,-0.07,-2.39,5675.36,1631.1642
3251,000587.SZ,20050905,2.78,2.98,2.78,2.93,2.85,0.08,2.81,9279.63,2696.7776
3252,000587.SZ,20050902,2.9,2.9,2.78,2.85,2.76,0.09,3.26,8912.78,2551.845
3253,000587.SZ,20050901,2.63,2.76,2.63,2.76,2.63,0.13,4.94,6467.64,1770.5407
3254,000587.SZ,20050831,2.64,2.66,2.53,2.63,2.66,-0.03,-1.13,9113.94,2316.3918
3255,000587.SZ,20050830,2.77,2.77,2.66,2.66,2.8,-0.14,-5.0,5282.0,1414.867
3256,000587.SZ,20050829,2.9,2.97,2.76,2.8,2.91,-0.11,-3.78,8686.0,2506.8045
3257,000587.SZ,20050826,2.8,2.92,2.8,2.91,2.8,0.11,3.93,8680.56,2496.1258
3258,000587.SZ,20050825,2.7,2.82,2.7,2.8,2.73,0.07,2.56,4358.95,1203.021
3259,000587.SZ,20050824,2.77,2.82,2.71,2.73,2.77,-0.04,-1.44,5859.32,1624.3546
3260,000587.SZ,20050823,2.59,2.77,2.59,2.77,2.64,0.13,4.92,4518.37,1209.0591
3261,000587.SZ,20050822,2.51,2.64,2.51,2.64,2.51,0.13,5.18,4738.51,1239.7637
3262,000587.SZ,20050819,2.53,2.58,2.48,2.51,2.56,-0.05,-1.95,1938.4,486.0356
3263,000587.SZ,20050818,2.58,2.6,2.51,2.56,2.61,-0.05,-1.92,5010.63,1280.7742
3264,000587.SZ,20050817,2.58,2.63,2.5,2.61,2.5,0.11,4.4,16396.92,4280.6069
3265,000587.SZ,20050816,2.38,2.5,2.38,2.5,2.38,0.12,5.04,8768.4,2166.79
3266,000587.SZ,20050815,2.38,2.4,2.28,2.38,2.4,-0.02,-0.83,3326.63,779.8665
3267,000587.SZ,20050812,2.4,2.42,2.36,2.4,2.44,-0.04,-1.64,4044.11,963.6947
3268,000587.SZ,20050811,2.42,2.48,2.38,2.44,2.41,0.03,1.24,4411.54,1067.1114
3269,000587.SZ,20050810,2.35,2.44,2.34,2.41,2.37,0.04,1.69,3814.41,911.8289
3270,000587.SZ,20050809,2.43,2.46,2.32,2.37,2.44,-0.07,-2.87,5551.99,1312.3386
3271,000587.SZ,20050808,2.32,2.44,2.27,2.44,2.32,0.12,5.17,5189.13,1239.0042
3272,000587.SZ,20050805,2.23,2.32,2.23,2.32,2.23,0.09,4.04,7503.98,1719.6531
3273,000587.SZ,20050804,2.27,2.3,2.22,2.23,2.3,-0.07,-3.04,6489.05,1464.9281
3274,000587.SZ,20050803,2.34,2.34,2.27,2.3,2.3,0.0,0.0,5992.47,1371.9685
3275,000587.SZ,20050802,2.37,2.37,2.27,2.3,2.28,0.02,0.88,5858.99,1350.0407
3276,000587.SZ,20050801,2.25,2.28,2.18,2.28,2.17,0.11,5.07,13520.09,3066.5647
3277,000587.SZ,20050729,2.17,2.17,2.13,2.17,2.07,0.1,4.83,8216.42,1779.2685
3278,000587.SZ,20050728,2.07,2.07,2.07,2.07,1.97,0.1,5.08,2225.91,460.7634
3279,000587.SZ,20050726,1.96,2.0,1.94,1.97,1.97,0.0,0.0,3445.0,682.6529
3280,000587.SZ,20050725,1.9,2.0,1.9,1.97,1.98,-0.01,-0.51,2638.88,519.9507
3281,000587.SZ,20050722,1.92,2.01,1.89,1.98,1.93,0.05,2.59,6107.49,1205.6778
3282,000587.SZ,20050721,1.83,1.93,1.81,1.93,1.84,0.09,4.89,7499.43,1421.177
3283,000587.SZ,20050720,1.86,1.86,1.81,1.84,1.84,0.0,0.0,3485.5,635.5305
3284,000587.SZ,20050719,1.82,1.87,1.81,1.84,1.88,-0.04,-2.13,3029.0,556.892
3285,000587.SZ,20050718,1.86,1.93,1.84,1.88,1.94,-0.06,-3.09,4712.61,893.1957
3286,000587.SZ,20050715,1.94,1.94,1.9,1.94,1.85,0.09,4.86,6633.61,1286.5643
3287,000587.SZ,20050714,1.92,1.92,1.85,1.85,1.95,-0.1,-5.13,4460.03,830.2981
3288,000587.SZ,20050713,2.0,2.04,1.95,1.95,2.05,-0.1,-4.88,2325.0,454.792
3289,000587.SZ,20050712,2.07,2.07,1.99,2.05,2.09,-0.04,-1.91,3910.85,782.5598
3290,000587.SZ,20050711,2.1,2.19,2.05,2.09,2.09,0.0,0.0,974.07,203.2764
3291,000587.SZ,20050708,2.16,2.18,2.07,2.09,2.18,-0.09,-4.13,1888.0,396.204
3292,000587.SZ,20050707,2.17,2.2,2.16,2.18,2.2,-0.02,-0.91,436.0,94.8145
3293,000587.SZ,20050706,2.15,2.2,2.14,2.2,2.18,0.02,0.92,783.0,170.7394
3294,000587.SZ,20050705,2.13,2.22,2.07,2.18,2.13,0.05,2.35,1677.1,364.0802
3295,000587.SZ,20050704,2.17,2.17,2.13,2.13,2.24,-0.11,-4.91,2340.76,499.4759
3296,000587.SZ,20050701,2.25,2.29,2.17,2.24,2.26,-0.02,-0.89,2545.23,564.8597
3297,000587.SZ,20050630,2.33,2.33,2.19,2.26,2.31,-0.05,-2.16,3578.5,801.6815
3298,000587.SZ,20050629,2.3,2.34,2.3,2.31,2.3,0.01,0.43,6457.7,1494.0897
3299,000587.SZ,20050628,2.35,2.35,2.29,2.3,2.34,-0.04,-1.71,3330.59,769.2051
3300,000587.SZ,20050627,2.31,2.36,2.3,2.34,2.32,0.02,0.86,2532.47,593.7895
3301,000587.SZ,20050624,2.32,2.32,2.3,2.32,2.32,0.0,0.0,2689.16,621.658
3302,000587.SZ,20050623,2.34,2.34,2.31,2.32,2.36,-0.04,-1.69,1686.17,392.1767
3303,000587.SZ,20050622,2.35,2.38,2.29,2.36,2.36,0.0,0.0,3367.15,789.797
3304,000587.SZ,20050621,2.37,2.39,2.31,2.36,2.4,-0.04,-1.67,4106.71,959.6832
3305,000587.SZ,20050620,2.4,2.41,2.31,2.4,2.4,0.0,0.0,3434.41,811.3774
3306,000587.SZ,20050617,2.45,2.45,2.36,2.4,2.43,-0.03,-1.23,2862.0,684.6955
3307,000587.SZ,20050616,2.5,2.5,2.35,2.43,2.47,-0.04,-1.62,1655.2,399.7847
3308,000587.SZ,20050615,2.48,2.52,2.45,2.47,2.5,-0.03,-1.2,1370.0,340.674
3309,000587.SZ,20050614,2.52,2.55,2.5,2.5,2.52,-0.02,-0.79,2041.0,513.407
3310,000587.SZ,20050613,2.51,2.56,2.46,2.52,2.48,0.04,1.61,2528.12,635.593
3311,000587.SZ,20050610,2.54,2.54,2.48,2.48,2.55,-0.07,-2.75,2003.96,501.9831
3312,000587.SZ,20050609,2.55,2.58,2.53,2.55,2.55,0.0,0.0,4149.92,1057.3745
3313,000587.SZ,20050608,2.45,2.56,2.41,2.55,2.45,0.1,4.08,7248.16,1824.043
3314,000587.SZ,20050607,2.46,2.47,2.42,2.45,2.44,0.01,0.41,2019.19,493.5704
3315,000587.SZ,20050606,2.4,2.45,2.39,2.44,2.44,0.0,0.0,1259.46,304.4833
3316,000587.SZ,20050603,2.44,2.47,2.4,2.44,2.44,0.0,0.0,875.0,211.661
3317,000587.SZ,20050602,2.47,2.47,2.42,2.44,2.48,-0.04,-1.61,2726.19,665.549
3318,000587.SZ,20050601,2.51,2.58,2.46,2.48,2.54,-0.06,-2.36,2568.36,641.5194
3319,000587.SZ,20050531,2.6,2.62,2.54,2.54,2.63,-0.09,-3.42,3144.0,809.17
3320,000587.SZ,20050530,2.65,2.65,2.6,2.63,2.65,-0.02,-0.75,1813.28,475.8229
3321,000587.SZ,20050527,2.59,2.7,2.58,2.65,2.57,0.08,3.11,10031.9,2681.061
3322,000587.SZ,20050526,2.59,2.59,2.52,2.57,2.59,-0.02,-0.77,1638.01,417.3815
3323,000587.SZ,20050525,2.59,2.59,2.54,2.59,2.59,0.0,0.0,1822.2,467.2289
3324,000587.SZ,20050524,2.57,2.62,2.57,2.59,2.6,-0.01,-0.38,853.0,221.029
3325,000587.SZ,20050523,2.56,2.62,2.56,2.6,2.61,-0.01,-0.38,1261.0,326.9187
3326,000587.SZ,20050520,2.61,2.63,2.6,2.61,2.62,-0.01,-0.38,1396.0,365.4798
3327,000587.SZ,20050519,2.58,2.63,2.58,2.62,2.63,-0.01,-0.38,1063.0,277.731
3328,000587.SZ,20050518,2.6,2.63,2.55,2.63,2.62,0.01,0.38,2145.0,556.6547
3329,000587.SZ,20050517,2.56,2.63,2.56,2.62,2.61,0.01,0.38,2624.05,687.565
3330,000587.SZ,20050516,2.55,2.62,2.55,2.61,2.61,0.0,0.0,932.01,240.9565
3331,000587.SZ,20050513,2.57,2.62,2.52,2.61,2.57,0.04,1.56,1606.0,415.151
3332,000587.SZ,20050512,2.53,2.59,2.5,2.57,2.53,0.04,1.58,2373.0,602.582
3333,000587.SZ,20050511,2.48,2.54,2.45,2.53,2.5,0.03,1.2,2909.07,728.1125
3334,000587.SZ,20050510,2.5,2.58,2.41,2.5,2.53,-0.03,-1.19,2260.89,554.1465
3335,000587.SZ,20050509,2.54,2.55,2.52,2.53,2.6,-0.07,-2.69,1065.33,269.5792
3336,000587.SZ,20050429,2.6,2.61,2.53,2.6,2.6,0.0,0.0,4947.65,1271.3357
3337,000587.SZ,20050428,2.6,2.61,2.56,2.6,2.61,-0.01,-0.38,3557.19,919.1516
3338,000587.SZ,20050427,2.54,2.62,2.54,2.61,2.61,0.0,0.0,2001.0,518.03
3339,000587.SZ,20050426,2.57,2.62,2.51,2.61,2.61,0.0,0.0,5214.32,1338.9205
3340,000587.SZ,20050425,2.64,2.65,2.54,2.61,2.67,-0.06,-2.25,7489.0,1913.5686
3341,000587.SZ,20050422,2.7,2.72,2.57,2.67,2.7,-0.03,-1.11,9558.4,2496.325
3342,000587.SZ,20050421,2.68,2.75,2.66,2.7,2.72,-0.02,-0.74,5494.58,1486.139
3343,000587.SZ,20050420,2.65,2.73,2.63,2.72,2.6,0.12,4.62,12702.26,3420.0549
3344,000587.SZ,20050419,2.6,2.62,2.59,2.6,2.63,-0.03,-1.14,1626.46,423.6001
3345,000587.SZ,20050418,2.54,2.63,2.54,2.63,2.63,0.0,0.0,2863.08,743.438
3346,000587.SZ,20050415,2.58,2.64,2.52,2.63,2.58,0.05,1.94,6878.49,1764.6374
3347,000587.SZ,20050414,2.56,2.63,2.49,2.58,2.58,0.0,0.0,8603.39,2178.0332
3348,000587.SZ,20050413,2.6,2.62,2.48,2.58,2.61,-0.03,-1.15,13027.9,3315.6479
3349,000587.SZ,20050411,2.63,2.65,2.59,2.61,2.63,-0.02,-0.76,5392.57,1408.3428
3350,000587.SZ,20050408,2.61,2.65,2.56,2.63,2.61,0.02,0.77,4135.67,1077.4965
3351,000587.SZ,20050407,2.54,2.65,2.54,2.61,2.59,0.02,0.77,6332.43,1655.4168
3352,000587.SZ,20050406,2.57,2.62,2.52,2.59,2.58,0.01,0.39,4571.99,1184.297
3353,000587.SZ,20050405,2.59,2.63,2.5,2.58,2.6,-0.02,-0.77,3508.7,897.358
3354,000587.SZ,20050404,2.67,2.67,2.55,2.6,2.65,-0.05,-1.89,1631.0,426.28
3355,000587.SZ,20050401,2.58,2.69,2.54,2.65,2.57,0.08,3.11,3808.42,995.946
3356,000587.SZ,20050331,2.46,2.58,2.46,2.57,2.52,0.05,1.98,3667.07,922.5425
3357,000587.SZ,20050330,2.6,2.6,2.5,2.52,2.61,-0.09,-3.45,3369.0,855.828
3358,000587.SZ,20050329,2.55,2.61,2.55,2.61,2.57,0.04,1.56,2673.82,689.0588
3359,000587.SZ,20050328,2.62,2.66,2.52,2.57,2.65,-0.08,-3.02,5439.0,1415.7445
3360,000587.SZ,20050325,2.64,2.69,2.57,2.65,2.64,0.01,0.38,3339.36,879.8899
3361,000587.SZ,20050324,2.75,2.75,2.56,2.64,2.69,-0.05,-1.86,7828.42,2043.2452
3362,000587.SZ,20050323,2.81,2.81,2.69,2.69,2.83,-0.14,-4.95,15270.6,4145.3258
3363,000587.SZ,20050322,2.88,2.9,2.82,2.83,2.87,-0.04,-1.39,7385.0,2105.311
3364,000587.SZ,20050321,2.96,2.97,2.85,2.87,2.94,-0.07,-2.38,5780.87,1669.6972
3365,000587.SZ,20050317,2.8,2.94,2.8,2.94,2.8,0.14,5.0,10895.23,3162.8842
3366,000587.SZ,20050316,2.83,2.87,2.8,2.8,2.88,-0.08,-2.78,4686.29,1328.8444
3367,000587.SZ,20050315,2.88,2.92,2.82,2.88,2.9,-0.02,-0.69,9675.81,2756.6929
3368,000587.SZ,20050314,2.93,2.95,2.85,2.9,2.93,-0.03,-1.02,9175.85,2660.51
3369,000587.SZ,20050311,2.91,3.0,2.84,2.93,2.94,-0.01,-0.34,12368.48,3594.2465
3370,000587.SZ,20050310,2.91,2.97,2.88,2.94,2.83,0.11,3.89,33971.64,10003.1443
3371,000587.SZ,20050309,2.85,2.87,2.77,2.83,2.86,-0.03,-1.05,7477.61,2098.8786
3372,000587.SZ,20050308,2.82,2.9,2.81,2.86,2.85,0.01,0.35,6159.42,1749.3145
3373,000587.SZ,20050307,2.73,2.89,2.73,2.85,2.75,0.1,3.64,14441.78,4106.4728
3374,000587.SZ,20050304,2.72,2.77,2.7,2.75,2.74,0.01,0.37,4112.69,1124.1079
3375,000587.SZ,20050303,2.64,2.74,2.63,2.74,2.68,0.06,2.24,4301.16,1161.8536
3376,000587.SZ,20050302,2.71,2.79,2.61,2.68,2.74,-0.06,-2.19,12044.49,3245.4436
3377,000587.SZ,20050301,2.82,2.84,2.71,2.74,2.84,-0.1,-3.52,13804.92,3802.5851
3378,000587.SZ,20050228,2.77,2.85,2.66,2.84,2.71,0.13,4.8,19609.56,5418.5951
3379,000587.SZ,20050225,2.6,2.71,2.58,2.71,2.58,0.13,5.04,18877.11,5091.3436
3380,000587.SZ,20050224,2.57,2.72,2.56,2.58,2.59,-0.01,-0.39,21933.17,5794.601
3381,000587.SZ,20050223,2.46,2.59,2.43,2.59,2.47,0.12,4.86,9422.7,2411.0614
3382,000587.SZ,20050222,2.39,2.51,2.36,2.47,2.39,0.08,3.35,14760.67,3668.3105
3383,000587.SZ,20050221,2.38,2.4,2.32,2.39,2.38,0.01,0.42,3334.99,791.3562
3384,000587.SZ,20050218,2.4,2.4,2.36,2.38,2.4,-0.02,-0.83,3097.99,735.8798
3385,000587.SZ,20050217,2.36,2.4,2.34,2.4,2.37,0.03,1.27,4102.51,969.6708
3386,000587.SZ,20050216,2.33,2.41,2.33,2.37,2.33,0.04,1.72,3028.56,716.304
3387,000587.SZ,20050204,2.4,2.42,2.3,2.33,2.41,-0.08,-3.32,8022.32,1875.0332
3388,000587.SZ,20050203,2.42,2.49,2.35,2.41,2.47,-0.06,-2.43,9587.2,2315.0335
3389,000587.SZ,20050202,2.46,2.54,2.38,2.47,2.43,0.04,1.65,18560.51,4561.6988
3390,000587.SZ,20050201,2.31,2.43,2.27,2.43,2.31,0.12,5.19,14113.36,3398.9327
3391,000587.SZ,20050131,2.38,2.38,2.26,2.31,2.32,-0.01,-0.43,12907.38,3006.7415
3392,000587.SZ,20050128,2.21,2.32,2.21,2.32,2.21,0.11,4.98,14281.57,3302.4924
3393,000587.SZ,20050127,2.2,2.24,2.17,2.21,2.23,-0.02,-0.9,1170.71,257.4277
3394,000587.SZ,20050126,2.26,2.26,2.2,2.23,2.23,0.0,0.0,1121.41,250.6325
3395,000587.SZ,20050125,2.25,2.3,2.22,2.23,2.27,-0.04,-1.76,2538.0,573.239
3396,000587.SZ,20050124,2.24,2.28,2.19,2.27,2.22,0.05,2.25,3300.36,735.9638
3397,000587.SZ,20050121,2.2,2.25,2.12,2.22,2.22,0.0,0.0,1951.0,427.491
3398,000587.SZ,20050120,2.3,2.33,2.17,2.22,2.28,-0.06,-2.63,3064.96,685.3943
3399,000587.SZ,20050119,2.17,2.29,2.15,2.28,2.18,0.1,4.59,3714.87,831.4586
3400,000587.SZ,20050118,2.06,2.18,2.06,2.18,2.09,0.09,4.31,4328.79,908.8071
3401,000587.SZ,20050117,2.1,2.17,2.09,2.09,2.2,-0.11,-5.0,5538.28,1160.8952
3402,000587.SZ,20050114,2.3,2.33,2.2,2.2,2.32,-0.12,-5.17,7102.78,1590.0741
3403,000587.SZ,20050113,2.31,2.35,2.28,2.32,2.34,-0.02,-0.85,4203.11,975.3435
3404,000587.SZ,20050112,2.33,2.36,2.3,2.34,2.29,0.05,2.18,6911.69,1618.3881
3405,000587.SZ,20050111,2.3,2.33,2.27,2.29,2.31,-0.02,-0.87,1714.4,392.3792
3406,000587.SZ,20050110,2.31,2.33,2.28,2.31,2.33,-0.02,-0.86,3255.4,748.2876
3407,000587.SZ,20050107,2.27,2.39,2.25,2.33,2.29,0.04,1.75,3107.11,721.9918
3408,000587.SZ,20050106,2.25,2.32,2.24,2.29,2.28,0.01,0.44,2507.49,573.1118
3409,000587.SZ,20050105,2.23,2.33,2.23,2.28,2.26,0.02,0.89,4936.96,1121.2129
3410,000587.SZ,20050104,2.36,2.36,2.26,2.26,2.37,-0.11,-4.64,4348.78,994.4823
3411,000587.SZ,20041231,2.34,2.39,2.33,2.37,2.35,0.02,0.85,5093.9,1206.774
3412,000587.SZ,20041230,2.3,2.43,2.28,2.35,2.32,0.03,1.29,9144.29,2169.2992
3413,000587.SZ,20041229,2.34,2.34,2.26,2.32,2.34,-0.02,-0.85,3218.0,737.9676
3414,000587.SZ,20041228,2.28,2.4,2.25,2.34,2.31,0.03,1.3,7264.44,1701.4522
3415,000587.SZ,20041224,2.31,2.37,2.24,2.31,2.34,-0.03,-1.28,8765.97,2029.0091
3416,000587.SZ,20041223,2.31,2.47,2.3,2.34,2.35,-0.01,-0.43,10802.64,2576.2135
3417,000587.SZ,20041222,2.39,2.43,2.29,2.35,2.41,-0.06,-2.49,22841.23,5337.292
3418,000587.SZ,20041221,2.45,2.55,2.4,2.41,2.49,-0.08,-3.21,13911.17,3425.2814
3419,000587.SZ,20041220,2.37,2.49,2.29,2.49,2.37,0.12,5.06,31118.68,7630.7798
3420,000587.SZ,20041217,2.27,2.37,2.22,2.37,2.26,0.11,4.87,21174.57,4904.9115
3421,000587.SZ,20041216,2.15,2.26,2.12,2.26,2.15,0.11,5.12,18251.33,4101.6374
3422,000587.SZ,20041215,2.04,2.15,2.04,2.15,2.05,0.1,4.88,14271.67,3046.1757
3423,000587.SZ,20041214,2.08,2.08,2.02,2.05,2.08,-0.03,-1.44,2366.11,482.9812
3424,000587.SZ,20041213,2.02,2.08,2.02,2.08,2.06,0.02,0.97,3294.21,682.08
3425,000587.SZ,20041210,2.05,2.1,2.01,2.06,2.11,-0.05,-2.37,4876.34,1000.7949
3426,000587.SZ,20041209,2.2,2.22,2.11,2.11,2.22,-0.11,-4.96,9011.65,1916.6692
3427,000587.SZ,20041208,2.1,2.23,2.1,2.22,2.12,0.1,4.72,11912.86,2627.9477
3428,000587.SZ,20041207,2.17,2.2,2.11,2.12,2.18,-0.06,-2.75,6831.72,1464.7397
3429,000587.SZ,20041206,2.13,2.24,2.13,2.18,2.17,0.01,0.46,13819.4,3039.4085
3430,000587.SZ,20041203,2.1,2.19,2.1,2.17,2.14,0.03,1.4,8643.7,1860.2952
3431,000587.SZ,20041202,2.22,2.24,2.13,2.14,2.24,-0.1,-4.46,22408.51,4807.3916
3432,000587.SZ,20041201,2.26,2.36,2.16,2.24,2.26,-0.02,-0.89,31533.18,7182.7022
3433,000587.SZ,20041130,2.25,2.26,2.16,2.26,2.15,0.11,5.12,62993.79,14178.1228
3434,000587.SZ,20041129,2.15,2.15,2.15,2.15,2.05,0.1,4.88,7291.3,1567.6295
3435,000587.SZ,20041126,2.05,2.05,2.05,2.05,1.95,0.1,5.13,3138.31,643.3536
3436,000587.SZ,20041125,1.95,1.95,1.95,1.95,1.86,0.09,4.84,2970.05,579.1598
3437,000587.SZ,20041124,2.04,2.05,1.85,1.86,1.95,-0.09,-4.62,42927.88,8412.0734
3438,000587.SZ,20041123,1.92,1.95,1.91,1.95,1.86,0.09,4.84,10723.02,2083.2888
3439,000587.SZ,20041122,1.8,1.86,1.79,1.86,1.77,0.09,5.08,12163.84,2249.9614
3440,000587.SZ,20041119,1.74,1.78,1.72,1.77,1.75,0.02,1.14,7506.11,1309.8968
3441,000587.SZ,20041118,1.73,1.78,1.73,1.75,1.73,0.02,1.16,6622.09,1158.7425
3442,000587.SZ,20041117,1.69,1.74,1.67,1.73,1.72,0.01,0.58,6177.32,1052.5793
3443,000587.SZ,20041116,1.75,1.77,1.66,1.72,1.73,-0.01,-0.58,13786.07,2381.2912
3444,000587.SZ,20041115,1.66,1.73,1.66,1.73,1.65,0.08,4.85,12301.23,2119.966
3445,000587.SZ,20041112,1.7,1.72,1.65,1.65,1.73,-0.08,-4.62,5841.51,986.4331
3446,000587.SZ,20041111,1.71,1.75,1.66,1.73,1.71,0.02,1.17,11546.18,1973.1182
3447,000587.SZ,20041110,1.62,1.72,1.62,1.71,1.67,0.04,2.4,11025.67,1854.6827
3448,000587.SZ,20041109,1.66,1.69,1.62,1.67,1.66,0.01,0.6,6112.33,1008.8167
3449,000587.SZ,20041108,1.56,1.68,1.56,1.66,1.6,0.06,3.75,5647.85,932.9892
3450,000587.SZ,20041105,1.68,1.68,1.6,1.6,1.68,-0.08,-4.76,7766.88,1256.1047
3451,000587.SZ,20041104,1.75,1.76,1.68,1.68,1.77,-0.09,-5.08,9385.49,1605.9768
3452,000587.SZ,20041103,1.77,1.8,1.73,1.77,1.72,0.05,2.91,26380.22,4671.3119
3453,000587.SZ,20041102,1.64,1.72,1.57,1.72,1.64,0.08,4.88,16786.27,2801.8304
3454,000587.SZ,20041101,1.54,1.64,1.52,1.64,1.56,0.08,5.13,8662.48,1388.0618
3455,000587.SZ,20041029,1.54,1.59,1.54,1.56,1.62,-0.06,-3.7,10145.02,1582.0877
3456,000587.SZ,20041028,1.73,1.73,1.61,1.62,1.69,-0.07,-4.14,13476.42,2236.6438
3457,000587.SZ,20041027,1.6,1.69,1.55,1.69,1.61,0.08,4.97,13620.44,2266.4103
3458,000587.SZ,20041026,1.55,1.62,1.54,1.61,1.62,-0.01,-0.62,12660.92,1975.0434
3459,000587.SZ,20041025,1.62,1.7,1.62,1.62,1.7,-0.08,-4.71,7363.89,1204.5599
3460,000587.SZ,20041022,1.71,1.76,1.7,1.7,1.79,-0.09,-5.03,12202.66,2086.0619
3461,000587.SZ,20041021,1.87,1.87,1.79,1.79,1.88,-0.09,-4.79,4080.0,734.394
3462,000587.SZ,20041020,1.93,1.93,1.85,1.88,1.93,-0.05,-2.59,4074.99,766.0732
3463,000587.SZ,20041019,1.94,1.98,1.9,1.93,1.95,-0.02,-1.03,5727.38,1110.4753
3464,000587.SZ,20041018,1.9,1.97,1.86,1.95,1.96,-0.01,-0.51,10101.82,1921.9852
3465,000587.SZ,20041015,1.96,2.0,1.96,1.96,2.06,-0.1,-4.85,4442.0,871.317
3466,000587.SZ,20041014,2.16,2.16,2.06,2.06,2.17,-0.11,-5.07,4881.0,1010.784
3467,000587.SZ,20041013,2.22,2.3,2.15,2.17,2.26,-0.09,-3.98,8544.71,1859.129
3468,000587.SZ,20041012,2.3,2.3,2.24,2.26,2.29,-0.03,-1.31,4129.53,934.0299
3469,000587.SZ,20041011,2.35,2.35,2.27,2.29,2.35,-0.06,-2.55,7626.7,1750.3596
3470,000587.SZ,20041008,2.25,2.35,2.2,2.35,2.3,0.05,2.17,3141.3,722.2479
3471,000587.SZ,20040930,2.37,2.37,2.29,2.3,2.36,-0.06,-2.54,4898.0,1136.757
3472,000587.SZ,20040929,2.38,2.4,2.32,2.36,2.36,0.0,0.0,4790.27,1130.9812
3473,000587.SZ,20040928,2.36,2.4,2.29,2.36,2.38,-0.02,-0.84,9277.18,2164.3908
3474,000587.SZ,20040927,2.49,2.51,2.38,2.38,2.5,-0.12,-4.8,14648.0,3520.8743
3475,000587.SZ,20040924,2.63,2.65,2.49,2.5,2.62,-0.12,-4.58,14133.96,3620.9733
3476,000587.SZ,20040923,2.56,2.66,2.5,2.62,2.58,0.04,1.55,12581.28,3266.0831
3477,000587.SZ,20040922,2.71,2.73,2.58,2.58,2.72,-0.14,-5.15,22972.0,5971.3003
3478,000587.SZ,20040921,2.77,2.8,2.7,2.72,2.67,0.05,1.87,42070.77,11660.3042
3479,000587.SZ,20040920,2.67,2.67,2.61,2.67,2.54,0.13,5.12,46642.83,12442.2096
3480,000587.SZ,20040917,2.42,2.54,2.39,2.54,2.42,0.12,4.96,19810.27,4926.5054
3481,000587.SZ,20040916,2.29,2.42,2.28,2.42,2.3,0.12,5.22,16894.51,4017.9089
3482,000587.SZ,20040915,2.17,2.3,2.17,2.3,2.19,0.11,5.02,13798.09,3139.8805
3483,000587.SZ,20040914,2.15,2.2,2.13,2.19,2.12,0.07,3.3,3327.51,723.1437
3484,000587.SZ,20040913,2.13,2.17,2.11,2.12,2.15,-0.03,-1.4,3288.0,705.895
3485,000587.SZ,20040910,2.12,2.17,2.12,2.15,2.16,-0.01,-0.46,2728.36,584.662
3486,000587.SZ,20040909,2.2,2.22,2.14,2.16,2.21,-0.05,-2.26,3760.01,819.0388
3487,000587.SZ,20040908,2.22,2.25,2.2,2.21,2.22,-0.01,-0.45,2629.43,584.7464
3488,000587.SZ,20040907,2.24,2.26,2.17,2.22,2.24,-0.02,-0.89,3402.48,754.1102
3489,000587.SZ,20040906,2.25,2.26,2.23,2.24,2.24,0.0,0.0,2028.5,454.8305
3490,000587.SZ,20040903,2.21,2.27,2.2,2.24,2.21,0.03,1.36,5532.89,1242.527
3491,000587.SZ,20040902,2.15,2.21,2.12,2.21,2.15,0.06,2.79,1763.69,384.8763
3492,000587.SZ,20040901,2.2,2.2,2.15,2.15,2.2,-0.05,-2.27,1841.0,397.074
3493,000587.SZ,20040831,2.2,2.22,2.17,2.2,2.15,0.05,2.33,5189.63,1141.0687
3494,000587.SZ,20040830,2.08,2.15,2.06,2.15,2.12,0.03,1.42,1558.51,331.4981
3495,000587.SZ,20040827,2.08,2.15,2.08,2.12,2.12,0.0,0.0,1914.98,403.7298
3496,000587.SZ,20040826,2.2,2.2,2.12,2.12,2.23,-0.11,-4.93,3752.66,806.4498
3497,000587.SZ,20040825,2.21,2.23,2.18,2.23,2.22,0.01,0.45,2893.0,638.393
3498,000587.SZ,20040824,2.19,2.28,2.18,2.22,2.2,0.02,0.91,5336.0,1193.72
3499,000587.SZ,20040823,2.16,2.23,2.12,2.2,2.15,0.05,2.33,5005.11,1097.1515
3500,000587.SZ,20040820,2.13,2.16,2.05,2.15,2.12,0.03,1.42,5737.75,1216.3474
3501,000587.SZ,20040819,2.18,2.18,2.09,2.12,2.2,-0.08,-3.64,5554.27,1180.4399
3502,000587.SZ,20040818,2.17,2.24,2.12,2.2,2.18,0.02,0.92,5428.86,1186.7284
3503,000587.SZ,20040817,2.15,2.21,2.15,2.18,2.26,-0.08,-3.54,8360.41,1809.0546
3504,000587.SZ,20040816,2.34,2.37,2.25,2.26,2.37,-0.11,-4.64,6389.38,1449.9215
3505,000587.SZ,20040813,2.33,2.4,2.32,2.37,2.34,0.03,1.28,4596.12,1088.8291
3506,000587.SZ,20040812,2.46,2.46,2.34,2.34,2.46,-0.12,-4.88,5974.59,1411.6994
3507,000587.SZ,20040811,2.57,2.59,2.46,2.46,2.59,-0.13,-5.02,5671.0,1409.521
3508,000587.SZ,20040810,2.56,2.61,2.56,2.59,2.58,0.01,0.39,1324.0,342.595
3509,000587.SZ,20040809,2.6,2.63,2.55,2.58,2.61,-0.03,-1.15,2879.38,744.3699
3510,000587.SZ,20040806,2.61,2.64,2.57,2.61,2.61,0.0,0.0,2893.19,752.1977
3511,000587.SZ,20040805,2.59,2.64,2.58,2.61,2.59,0.02,0.77,4624.96,1209.3067
3512,000587.SZ,20040804,2.56,2.61,2.52,2.59,2.55,0.04,1.57,4655.97,1200.3345
3513,000587.SZ,20040803,2.5,2.56,2.49,2.55,2.52,0.03,1.19,1948.03,491.8131
3514,000587.SZ,20040802,2.52,2.55,2.5,2.52,2.54,-0.02,-0.79,2089.0,528.386
3515,000587.SZ,20040730,2.53,2.57,2.51,2.54,2.57,-0.03,-1.17,4069.9,1031.9618
3516,000587.SZ,20040729,2.57,2.6,2.45,2.57,2.53,0.04,1.58,4833.29,1221.0432
3517,000587.SZ,20040728,2.5,2.56,2.48,2.53,2.5,0.03,1.2,2734.0,688.242
3518,000587.SZ,20040727,2.58,2.61,2.47,2.5,2.6,-0.1,-3.85,4631.29,1165.6679
3519,000587.SZ,20040726,2.6,2.64,2.54,2.6,2.6,0.0,0.0,3158.74,816.9785
3520,000587.SZ,20040723,2.62,2.66,2.54,2.6,2.64,-0.04,-1.52,3732.69,963.0329
3521,000587.SZ,20040722,2.69,2.75,2.62,2.64,2.68,-0.04,-1.49,6852.0,1834.317
3522,000587.SZ,20040721,2.66,2.72,2.64,2.68,2.67,0.01,0.37,2393.07,639.5899
3523,000587.SZ,20040720,2.69,2.75,2.63,2.67,2.67,0.0,0.0,5079.54,1375.1139
3524,000587.SZ,20040719,2.66,2.68,2.62,2.67,2.66,0.01,0.38,3683.8,976.6591
3525,000587.SZ,20040716,2.55,2.68,2.5,2.66,2.57,0.09,3.5,7012.32,1843.9765
3526,000587.SZ,20040715,2.58,2.58,2.49,2.57,2.62,-0.05,-1.91,8951.71,2266.8198
3527,000587.SZ,20040714,2.71,2.71,2.56,2.62,2.69,-0.07,-2.6,5421.23,1405.8793
3528,000587.SZ,20040713,2.7,2.74,2.61,2.69,2.71,-0.02,-0.74,3609.77,962.167
3529,000587.SZ,20040712,2.82,2.85,2.71,2.71,2.85,-0.14,-4.91,6432.0,1782.0926
3530,000587.SZ,20040709,2.71,2.85,2.7,2.85,2.71,0.14,5.17,11292.66,3191.0987
3531,000587.SZ,20040708,2.76,2.78,2.69,2.71,2.8,-0.09,-3.21,2988.83,812.9902
3532,000587.SZ,20040707,2.8,2.87,2.74,2.8,2.81,-0.01,-0.36,2900.89,815.8657
3533,000587.SZ,20040706,2.76,2.84,2.76,2.81,2.76,0.05,1.81,3950.44,1108.8267
3534,000587.SZ,20040705,2.76,2.76,2.69,2.76,2.75,0.01,0.36,3121.25,849.5803
3535,000587.SZ,20040702,2.73,2.79,2.72,2.75,2.75,0.0,0.0,3831.59,1055.9547
3536,000587.SZ,20040701,2.65,2.76,2.6,2.75,2.66,0.09,3.38,4946.24,1346.7678
3537,000587.SZ,20040630,2.61,2.7,2.58,2.66,2.64,0.02,0.76,5407.75,1432.3898
3538,000587.SZ,20040629,2.63,2.7,2.54,2.64,2.67,-0.03,-1.12,7386.04,1931.8214
3539,000587.SZ,20040628,2.81,2.81,2.67,2.67,2.81,-0.14,-4.98,5797.8,1563.3848
3540,000587.SZ,20040625,2.99,3.0,2.8,2.81,2.91,-0.1,-3.44,3645.16,1042.7141
3541,000587.SZ,20040624,3.03,3.03,2.9,2.91,2.95,-0.04,-1.36,5248.3,1553.2716
3542,000587.SZ,20040622,2.9,2.99,2.89,2.95,2.91,0.04,1.37,4223.0,1245.5272
3543,000587.SZ,20040621,2.89,2.93,2.84,2.91,2.92,-0.01,-0.34,2789.79,807.7096
3544,000587.SZ,20040618,2.87,2.92,2.81,2.92,2.89,0.03,1.04,3911.25,1121.1741
3545,000587.SZ,20040617,2.99,2.99,2.88,2.89,2.99,-0.1,-3.34,3598.68,1051.4688
3546,000587.SZ,20040616,2.96,3.03,2.89,2.99,2.98,0.01,0.34,5016.38,1491.8263
3547,000587.SZ,20040615,2.87,3.0,2.81,2.98,2.89,0.09,3.11,6314.92,1843.6181
3548,000587.SZ,20040614,3.03,3.03,2.89,2.89,3.04,-0.15,-4.93,8582.0,2504.8225
3549,000587.SZ,20040611,3.07,3.15,3.02,3.04,3.09,-0.05,-1.62,5725.45,1766.9031
3550,000587.SZ,20040610,3.22,3.22,3.05,3.09,3.2,-0.11,-3.44,11996.71,3714.3132
3551,000587.SZ,20040609,3.21,3.31,3.2,3.2,3.23,-0.03,-0.93,5428.99,1764.94
3552,000587.SZ,20040608,3.27,3.28,3.21,3.23,3.3,-0.07,-2.12,4611.39,1496.5806
3553,000587.SZ,20040607,3.36,3.36,3.27,3.3,3.39,-0.09,-2.65,5376.01,1769.5351
3554,000587.SZ,20040604,3.36,3.43,3.3,3.39,3.37,0.02,0.59,6748.54,2277.1271
3555,000587.SZ,20040603,3.4,3.41,3.33,3.37,3.41,-0.04,-1.17,6202.42,2090.6087
3556,000587.SZ,20040602,3.42,3.43,3.32,3.41,3.41,0.0,0.0,6231.54,2094.9604
3557,000587.SZ,20040601,3.27,3.41,3.27,3.41,3.25,0.16,4.92,16901.38,5736.1062
3558,000587.SZ,20040531,3.35,3.37,3.21,3.25,3.38,-0.13,-3.85,10651.01,3472.0321
3559,000587.SZ,20040527,3.33,3.43,3.26,3.38,3.33,0.05,1.5,6350.86,2145.7623
3560,000587.SZ,20040526,3.3,3.36,3.2,3.33,3.36,-0.03,-0.89,7412.54,2430.8089
3561,000587.SZ,20040525,3.49,3.5,3.36,3.36,3.54,-0.18,-5.08,11446.55,3876.5903
3562,000587.SZ,20040524,3.71,3.72,3.54,3.54,3.73,-0.19,-5.09,9979.07,3557.8524
3563,000587.SZ,20040521,3.71,3.75,3.65,3.73,3.72,0.01,0.27,3982.69,1466.2075
3564,000587.SZ,20040520,3.81,3.84,3.66,3.72,3.83,-0.11,-2.87,6207.59,2319.1135
3565,000587.SZ,20040519,3.82,3.85,3.8,3.83,3.83,0.0,0.0,4762.05,1821.4545
3566,000587.SZ,20040518,3.76,3.85,3.72,3.83,3.76,0.07,1.86,5356.73,2018.2917
3567,000587.SZ,20040517,3.7,3.78,3.7,3.76,3.73,0.03,0.8,4361.6,1633.1644
3568,000587.SZ,20040514,3.82,3.83,3.73,3.73,3.82,-0.09,-2.36,5812.91,2198.0231
3569,000587.SZ,20040513,3.8,3.88,3.77,3.82,3.8,0.02,0.53,8001.59,3072.1911
3570,000587.SZ,20040512,3.7,3.85,3.68,3.8,3.72,0.08,2.15,8049.94,3043.2122
3571,000587.SZ,20040511,3.64,3.72,3.62,3.72,3.69,0.03,0.81,5285.26,1941.9059
3572,000587.SZ,20040510,3.63,3.79,3.62,3.69,3.71,-0.02,-0.54,7588.51,2817.4171
3573,000587.SZ,20040430,3.77,3.77,3.61,3.71,3.74,-0.03,-0.8,8343.64,3069.3301
3574,000587.SZ,20040429,3.71,3.82,3.68,3.74,3.76,-0.02,-0.53,17466.35,6548.4363
3575,000587.SZ,20040428,3.66,3.85,3.66,3.76,3.85,-0.09,-2.34,27608.41,10213.7564
3576,000587.SZ,20040427,3.85,3.85,3.85,3.85,4.05,-0.2,-4.94,1743.0,671.055
3577,000587.SZ,20040426,4.05,4.05,4.05,4.05,4.26,-0.21,-4.93,2175.0,880.875
3578,000587.SZ,20040422,4.2,4.27,4.2,4.26,4.21,0.05,1.19,3719.56,1574.317
3579,000587.SZ,20040421,4.19,4.31,4.15,4.21,4.19,0.02,0.48,4776.43,2014.8395
3580,000587.SZ,20040420,4.1,4.27,4.06,4.19,4.32,-0.13,-3.01,7215.72,3023.5812
3581,000587.SZ,20040416,4.44,4.5,4.13,4.32,4.44,-0.12,-2.7,11702.21,5004.8989
3582,000587.SZ,20040415,4.45,4.57,4.4,4.44,4.49,-0.05,-1.11,9278.5,4163.5976
3583,000587.SZ,20040414,4.68,4.78,4.41,4.49,4.68,-0.19,-4.06,13562.27,6187.9097
3584,000587.SZ,20040413,4.76,4.83,4.67,4.68,4.76,-0.08,-1.68,9771.0,4645.256
3585,000587.SZ,20040412,4.83,4.84,4.75,4.76,4.81,-0.05,-1.04,7934.59,3795.8978
3586,000587.SZ,20040409,5.06,5.06,4.78,4.81,5.1,-0.29,-5.69,26349.5,12897.9581
3587,000587.SZ,20040408,5.12,5.18,5.08,5.1,5.07,0.03,0.59,51584.27,26475.3891
3588,000587.SZ,20040407,5.06,5.1,4.99,5.07,5.06,0.01,0.2,24297.52,12290.2428
3589,000587.SZ,20040406,5.13,5.13,4.96,5.06,5.06,0.0,0.0,19556.86,9826.4677
3590,000587.SZ,20040405,4.87,5.11,4.84,5.06,4.85,0.21,4.33,33711.01,16834.0121
3591,000587.SZ,20040402,4.88,4.93,4.83,4.85,4.9,-0.05,-1.02,12072.65,5877.4024
3592,000587.SZ,20040401,4.86,5.0,4.86,4.9,4.9,0.0,0.0,11667.28,5754.3434
3593,000587.SZ,20040331,4.8,4.91,4.8,4.9,4.83,0.07,1.45,11590.48,5658.4842
3594,000587.SZ,20040330,4.77,4.85,4.75,4.83,4.74,0.09,1.9,9627.61,4620.2325
3595,000587.SZ,20040329,4.69,4.77,4.65,4.74,4.73,0.01,0.21,7123.8,3358.943
3596,000587.SZ,20040326,4.7,4.73,4.66,4.73,4.73,0.0,0.0,6757.92,3169.4802
3597,000587.SZ,20040325,4.85,4.85,4.65,4.73,4.83,-0.1,-2.07,15466.16,7308.1125
3598,000587.SZ,20040324,4.92,4.94,4.75,4.83,4.92,-0.09,-1.83,12592.8,6120.9903
3599,000587.SZ,20040323,4.88,4.94,4.8,4.92,4.88,0.04,0.82,12896.11,6282.7337
3600,000587.SZ,20040322,4.82,4.95,4.77,4.88,4.89,-0.01,-0.2,13439.43,6512.355
3601,000587.SZ,20040319,4.98,5.07,4.71,4.89,4.61,0.28,6.07,40173.09,19878.6254
3602,000587.SZ,20040318,4.84,4.84,4.6,4.61,4.76,-0.15,-3.15,9726.79,4581.4964
3603,000587.SZ,20040317,4.73,4.79,4.65,4.76,4.72,0.04,0.85,11660.54,5508.9091
3604,000587.SZ,20040316,4.68,4.74,4.6,4.72,4.66,0.06,1.29,11905.4,5531.2252
3605,000587.SZ,20040315,4.6,4.68,4.55,4.66,4.6,0.06,1.3,10691.51,4954.0926
3606,000587.SZ,20040312,4.58,4.66,4.56,4.6,4.61,-0.01,-0.22,8638.96,3986.8638
3607,000587.SZ,20040311,4.6,4.64,4.51,4.61,4.56,0.05,1.1,11813.09,5420.2392
3608,000587.SZ,20040310,4.41,4.56,4.41,4.56,4.43,0.13,2.93,8778.39,3928.8026
3609,000587.SZ,20040309,4.48,4.57,4.4,4.43,4.5,-0.07,-1.56,9156.0,4124.8486
3610,000587.SZ,20040308,4.7,4.72,4.5,4.5,4.76,-0.26,-5.46,13184.88,6049.7794
3611,000587.SZ,20040305,4.9,4.91,4.76,4.76,4.89,-0.13,-2.66,12919.82,6203.816
3612,000587.SZ,20040304,4.9,4.95,4.73,4.89,4.92,-0.03,-0.61,15839.41,7653.895
3613,000587.SZ,20040303,5.07,5.18,4.85,4.92,5.09,-0.17,-3.34,31311.23,15680.7589
3614,000587.SZ,20040302,4.93,5.16,4.8,5.09,4.9,0.19,3.88,34704.85,17489.2996
3615,000587.SZ,20040301,4.85,4.95,4.71,4.9,4.89,0.01,0.2,21346.86,10305.0725
3616,000587.SZ,20040227,4.68,4.97,4.52,4.89,4.75,0.14,2.95,32713.38,15429.0319
3617,000587.SZ,20040226,5.1,5.14,4.75,4.75,5.28,-0.53,-10.04,54203.44,26583.2685
3618,000587.SZ,20040224,5.01,5.3,4.97,5.28,5.05,0.23,4.55,68130.22,35133.5199
3619,000587.SZ,20040223,5.03,5.14,4.89,5.05,4.99,0.06,1.2,36893.67,18562.9008
3620,000587.SZ,20040220,4.9,5.03,4.85,4.99,4.91,0.08,1.63,17132.0,8481.1466
3621,000587.SZ,20040219,4.99,5.15,4.9,4.91,4.99,-0.08,-1.6,52524.84,26422.466
3622,000587.SZ,20040218,4.78,5.03,4.71,4.99,4.78,0.21,4.39,38682.74,18897.0707
3623,000587.SZ,20040217,4.75,4.83,4.67,4.78,4.74,0.04,0.84,19940.2,9492.6472
3624,000587.SZ,20040216,4.52,4.84,4.47,4.74,4.52,0.22,4.87,30921.17,14569.2641
3625,000587.SZ,20040213,4.8,4.82,4.5,4.52,4.78,-0.26,-5.44,20974.76,9672.7418
3626,000587.SZ,20040212,4.6,4.85,4.6,4.78,4.58,0.2,4.37,32937.76,15573.1745
3627,000587.SZ,20040211,4.56,4.6,4.48,4.58,4.53,0.05,1.1,15868.32,7205.187
3628,000587.SZ,20040210,4.48,4.6,4.45,4.53,4.48,0.05,1.12,17240.03,7796.5376
3629,000587.SZ,20040209,4.38,4.52,4.35,4.48,4.43,0.05,1.13,20082.28,8920.4642
3630,000587.SZ,20040206,4.66,4.66,4.42,4.43,4.7,-0.27,-5.74,33781.21,15345.1174
3631,000587.SZ,20040205,4.32,4.74,4.22,4.7,4.32,0.38,8.8,48128.05,21798.0471
3632,000587.SZ,20040204,4.19,4.44,4.13,4.32,4.19,0.13,3.1,29885.1,12845.1068
3633,000587.SZ,20040203,4.09,4.22,4.0,4.19,4.1,0.09,2.2,22313.8,9242.2655
3634,000587.SZ,20040202,4.18,4.22,3.94,4.1,4.08,0.02,0.49,38906.23,15813.5919
3635,000587.SZ,20040130,3.75,4.08,3.72,4.08,3.71,0.37,9.97,33640.27,13606.9252
3636,000587.SZ,20040129,3.6,3.71,3.55,3.71,3.54,0.17,4.8,7944.12,2910.5712
3637,000587.SZ,20040116,3.6,3.66,3.51,3.54,3.58,-0.04,-1.12,6659.12,2364.4923
3638,000587.SZ,20040115,3.68,3.7,3.56,3.58,3.71,-0.13,-3.5,8816.45,3178.775
3639,000587.SZ,20040114,3.63,3.71,3.59,3.71,3.66,0.05,1.37,9977.1,3638.274
3640,000587.SZ,20040113,3.45,3.7,3.45,3.66,3.45,0.21,6.09,16786.78,6000.4251
3641,000587.SZ,20040112,3.46,3.51,3.41,3.45,3.51,-0.06,-1.71,8081.0,2792.5484
3642,000587.SZ,20040109,3.46,3.58,3.4,3.51,3.46,0.05,1.45,11019.0,3864.3877
3643,000587.SZ,20040108,3.36,3.47,3.35,3.46,3.39,0.07,2.06,8455.32,2877.8918
3644,000587.SZ,20040107,3.33,3.41,3.29,3.39,3.33,0.06,1.8,11162.47,3753.3699
3645,000587.SZ,20040106,3.44,3.45,3.24,3.33,3.44,-0.11,-3.2,11487.81,3817.9433
3646,000587.SZ,20040105,3.57,3.62,3.4,3.44,3.58,-0.14,-3.91,9142.51,3181.5253
3647,000587.SZ,20040102,3.56,3.58,3.5,3.58,3.52,0.06,1.7,3748.51,1320.8544
3648,000587.SZ,20031231,3.59,3.59,3.48,3.52,3.61,-0.09,-2.49,7086.3,2493.6021
3649,000587.SZ,20031230,3.77,3.77,3.52,3.61,3.77,-0.16,-4.24,8163.53,2955.3402
3650,000587.SZ,20031229,3.7,3.78,3.7,3.77,3.71,0.06,1.62,6142.5,2296.9565
3651,000587.SZ,20031226,3.65,3.77,3.63,3.71,3.65,0.06,1.64,5339.48,1989.4247
3652,000587.SZ,20031225,3.74,3.78,3.6,3.65,3.71,-0.06,-1.62,5521.2,2015.8679
3653,000587.SZ,20031224,3.71,3.78,3.65,3.71,3.71,0.0,0.0,6061.47,2245.8018
3654,000587.SZ,20031223,3.68,3.76,3.6,3.71,3.69,0.02,0.54,7215.03,2658.8068
3655,000587.SZ,20031222,3.56,3.71,3.44,3.69,3.61,0.08,2.22,11773.77,4154.0283
3656,000587.SZ,20031219,3.86,3.9,3.55,3.61,3.9,-0.29,-7.44,11769.62,4342.6123
3657,000587.SZ,20031218,4.01,4.08,3.85,3.9,4.05,-0.15,-3.7,7616.14,2991.3264
3658,000587.SZ,20031217,4.16,4.16,4.04,4.05,4.14,-0.09,-2.17,5983.01,2460.1001
3659,000587.SZ,20031216,4.23,4.23,4.08,4.14,4.24,-0.1,-2.36,8776.19,3621.3009
3660,000587.SZ,20031215,4.33,4.33,4.23,4.24,4.33,-0.09,-2.08,6409.75,2725.0732
3661,000587.SZ,20031212,4.35,4.37,4.28,4.33,4.34,-0.01,-0.23,5350.0,2315.1541
3662,000587.SZ,20031211,4.3,4.34,4.23,4.34,4.3,0.04,0.93,6860.07,2932.0923
3663,000587.SZ,20031210,4.18,4.35,4.18,4.3,4.2,0.1,2.38,6623.7,2824.1133
3664,000587.SZ,20031209,4.17,4.21,4.15,4.2,4.22,-0.02,-0.47,4455.38,1862.3017
3665,000587.SZ,20031208,4.3,4.32,4.19,4.22,4.32,-0.1,-2.31,4803.03,2031.5757
3666,000587.SZ,20031205,4.36,4.38,4.26,4.32,4.33,-0.01,-0.23,5517.09,2371.0035
3667,000587.SZ,20031204,4.3,4.42,4.3,4.33,4.35,-0.02,-0.46,7084.27,3079.9293
3668,000587.SZ,20031203,4.4,4.4,4.28,4.35,4.38,-0.03,-0.68,10381.4,4502.321
3669,000587.SZ,20031202,4.29,4.54,4.29,4.38,4.26,0.12,2.82,19719.29,8684.6028
3670,000587.SZ,20031201,4.18,4.26,4.09,4.26,4.12,0.14,3.4,6613.34,2774.8582
3671,000587.SZ,20031128,4.12,4.19,4.08,4.12,4.12,0.0,0.0,5299.55,2185.0986
3672,000587.SZ,20031127,4.33,4.36,4.11,4.12,4.36,-0.24,-5.5,9714.0,4081.511
3673,000587.SZ,20031126,4.3,4.44,4.22,4.36,4.32,0.04,0.93,14246.72,6136.5881
3674,000587.SZ,20031125,4.18,4.58,4.1,4.32,4.18,0.14,3.35,30505.16,13254.0709
3675,000587.SZ,20031124,4.03,4.19,4.03,4.18,4.03,0.15,3.72,11235.77,4622.5105
3676,000587.SZ,20031121,4.18,4.25,4.01,4.03,4.14,-0.11,-2.66,12638.14,5205.5171
3677,000587.SZ,20031120,3.97,4.19,3.97,4.14,3.97,0.17,4.28,16016.23,6545.3635
3678,000587.SZ,20031119,3.82,4.03,3.82,3.97,3.86,0.11,2.85,8185.61,3227.0308
3679,000587.SZ,20031118,3.8,3.88,3.8,3.86,3.85,0.01,0.26,3400.8,1308.7777
3680,000587.SZ,20031117,3.88,3.92,3.8,3.85,3.87,-0.02,-0.52,2709.1,1045.6744
3681,000587.SZ,20031114,3.86,3.95,3.8,3.87,3.88,-0.01,-0.26,4473.06,1737.8741
3682,000587.SZ,20031113,3.83,3.93,3.68,3.88,3.83,0.05,1.31,6129.88,2346.5252
3683,000587.SZ,20031112,3.95,3.95,3.83,3.83,3.98,-0.15,-3.77,5182.0,2007.3682
3684,000587.SZ,20031111,3.76,4.1,3.71,3.98,3.78,0.2,5.29,11368.31,4454.7775
3685,000587.SZ,20031110,3.84,3.84,3.7,3.78,3.84,-0.06,-1.56,4776.52,1795.2839
3686,000587.SZ,20031107,3.7,3.89,3.68,3.84,3.8,0.04,1.05,7261.69,2763.0627
3687,000587.SZ,20031106,4.0,4.0,3.64,3.8,4.04,-0.24,-5.94,16038.67,6113.0149
3688,000587.SZ,20031105,4.28,4.28,3.95,4.04,4.28,-0.24,-5.61,12984.19,5352.8275
3689,000587.SZ,20031104,4.25,4.28,4.15,4.28,4.22,0.06,1.42,13641.67,5761.0367
3690,000587.SZ,20031103,4.25,4.27,4.14,4.22,4.27,-0.05,-1.17,7225.2,3026.5811
3691,000587.SZ,20031031,4.16,4.33,4.13,4.27,4.21,0.06,1.43,8984.7,3832.6645
3692,000587.SZ,20031030,4.2,4.23,4.1,4.21,4.23,-0.02,-0.47,8039.5,3357.302
3693,000587.SZ,20031029,4.3,4.3,4.1,4.23,4.34,-0.11,-2.53,15214.1,6373.6685
3694,000587.SZ,20031028,4.68,4.75,4.27,4.34,4.7,-0.36,-7.66,16211.43,7081.0251
3695,000587.SZ,20031027,4.73,4.73,4.6,4.7,4.74,-0.04,-0.84,10656.0,4964.8273
3696,000587.SZ,20031024,5.06,5.12,4.68,4.74,5.1,-0.36,-7.06,26842.91,13038.5005
3697,000587.SZ,20031023,5.27,5.35,5.07,5.1,5.28,-0.18,-3.41,14819.87,7682.4431
3698,000587.SZ,20031022,5.22,5.33,5.16,5.28,5.18,0.1,1.93,14093.96,7410.8232
3699,000587.SZ,20031021,5.19,5.23,5.05,5.18,5.19,-0.01,-0.19,13746.87,7030.2449
3700,000587.SZ,20031020,5.35,5.38,5.18,5.19,5.35,-0.16,-2.99,11295.38,5922.5519
3701,000587.SZ,20031017,5.33,5.44,5.29,5.35,5.35,0.0,0.0,7416.4,3977.5941
3702,000587.SZ,20031016,5.45,5.49,5.33,5.35,5.45,-0.1,-1.83,10954.63,5908.2863
3703,000587.SZ,20031015,5.58,5.65,5.43,5.45,5.61,-0.16,-2.85,20968.0,11544.1724
3704,000587.SZ,20031014,5.66,5.88,5.58,5.61,5.66,-0.05,-0.88,40771.81,23339.2208
3705,000587.SZ,20031013,5.47,5.75,5.41,5.66,5.51,0.15,2.72,40604.22,22752.1363
3706,000587.SZ,20031010,5.4,5.6,5.31,5.51,5.4,0.11,2.04,28501.51,15598.7089
3707,000587.SZ,20031009,5.58,5.62,5.33,5.4,5.65,-0.25,-4.42,26587.78,14587.7051
3708,000587.SZ,20031008,5.2,5.66,5.2,5.65,5.28,0.37,7.01,39869.19,21757.0589
3709,000587.SZ,20030930,5.35,5.41,5.07,5.28,5.41,-0.13,-2.4,26125.28,13710.9629
3710,000587.SZ,20030929,5.42,5.52,5.27,5.41,5.46,-0.05,-0.92,23928.06,12897.0539
3711,000587.SZ,20030926,5.43,5.52,5.3,5.46,5.54,-0.08,-1.44,41737.74,22540.8428
3712,000587.SZ,20030925,5.45,5.67,5.38,5.54,5.15,0.39,7.57,99961.73,54983.0813
3713,000587.SZ,20030924,4.91,5.15,4.91,5.15,4.68,0.47,10.04,10041.49,5135.5508
3714,000587.SZ,20030919,4.7,4.71,4.63,4.68,4.64,0.04,0.86,1415.31,660.804
3715,000587.SZ,20030918,4.61,4.68,4.61,4.64,4.65,-0.01,-0.22,984.11,457.5167
3716,000587.SZ,20030917,4.71,4.71,4.6,4.65,4.65,0.0,0.0,1527.71,709.6509
3717,000587.SZ,20030916,4.6,4.69,4.59,4.65,4.6,0.05,1.09,1265.43,586.7084
3718,000587.SZ,20030915,4.71,4.73,4.58,4.6,4.73,-0.13,-2.75,1467.46,684.7821
3719,000587.SZ,20030912,4.81,4.82,4.72,4.73,4.84,-0.11,-2.27,1400.0,665.906
3720,000587.SZ,20030911,4.85,4.88,4.8,4.84,4.85,-0.01,-0.21,942.5,456.3239
3721,000587.SZ,20030910,4.85,4.86,4.75,4.85,4.85,0.0,0.0,1951.52,940.7195
3722,000587.SZ,20030909,4.84,4.87,4.8,4.85,4.84,0.01,0.21,940.65,454.6857
3723,000587.SZ,20030908,4.85,4.87,4.8,4.84,4.87,-0.03,-0.62,1220.52,589.2216
3724,000587.SZ,20030905,4.92,4.98,4.82,4.87,4.96,-0.09,-1.81,1279.34,623.3713
3725,000587.SZ,20030904,4.9,4.99,4.87,4.96,4.88,0.08,1.64,3251.91,1603.0907
3726,000587.SZ,20030903,4.86,4.89,4.78,4.88,4.86,0.02,0.41,1946.25,939.5442
3727,000587.SZ,20030902,4.92,4.92,4.85,4.86,4.92,-0.06,-1.22,1471.8,716.5504
3728,000587.SZ,20030901,4.8,4.92,4.8,4.92,4.87,0.05,1.03,2008.74,978.5061
3729,000587.SZ,20030829,4.86,4.91,4.8,4.87,4.88,-0.01,-0.2,1295.0,627.8248
3730,000587.SZ,20030828,4.97,4.97,4.87,4.88,4.82,0.06,1.24,2362.57,1160.8174
3731,000587.SZ,20030827,4.76,4.85,4.72,4.82,4.76,0.06,1.26,1755.69,837.6975
3732,000587.SZ,20030826,4.75,4.83,4.74,4.76,4.78,-0.02,-0.42,1173.33,558.7633
3733,000587.SZ,20030825,4.87,4.9,4.77,4.78,4.85,-0.07,-1.44,1073.0,516.236
3734,000587.SZ,20030822,4.88,4.95,4.8,4.85,4.87,-0.02,-0.41,1009.1,489.7393
3735,000587.SZ,20030821,4.87,4.9,4.85,4.87,4.9,-0.03,-0.61,892.0,434.815
3736,000587.SZ,20030820,4.95,4.95,4.88,4.9,4.93,-0.03,-0.61,906.96,444.9025
3737,000587.SZ,20030819,4.89,4.95,4.87,4.93,4.88,0.05,1.02,1109.8,544.8704
3738,000587.SZ,20030818,4.87,4.97,4.87,4.88,4.93,-0.05,-1.01,887.88,435.2044
3739,000587.SZ,20030815,4.95,4.99,4.89,4.93,4.97,-0.04,-0.8,1045.0,514.2509
3740,000587.SZ,20030814,4.9,5.04,4.9,4.97,5.02,-0.05,-1.0,887.01,441.6109
3741,000587.SZ,20030813,5.09,5.09,4.98,5.02,5.02,0.0,0.0,730.0,366.325
3742,000587.SZ,20030812,4.99,5.04,4.97,5.02,5.0,0.02,0.4,1386.8,694.0932
3743,000587.SZ,20030811,4.94,5.04,4.93,5.0,4.99,0.01,0.2,909.9,450.8336
3744,000587.SZ,20030808,5.05,5.09,4.97,4.99,5.04,-0.05,-0.99,1720.07,860.5824
3745,000587.SZ,20030807,5.08,5.12,5.02,5.04,5.1,-0.06,-1.18,1882.1,952.9309
3746,000587.SZ,20030806,5.08,5.15,5.05,5.1,5.08,0.02,0.39,1313.33,667.4736
3747,000587.SZ,20030805,5.1,5.1,5.01,5.08,5.11,-0.03,-0.59,1625.75,821.4444
3748,000587.SZ,20030804,5.05,5.13,5.03,5.11,4.99,0.12,2.4,2729.34,1388.7438
3749,000587.SZ,20030801,5.05,5.05,4.94,4.99,5.02,-0.03,-0.6,1020.0,507.3319
3750,000587.SZ,20030731,5.05,5.05,4.94,5.02,5.04,-0.02,-0.4,1140.2,570.3722
3751,000587.SZ,20030730,4.95,5.14,4.95,5.04,4.93,0.11,2.23,3711.72,1878.1336
3752,000587.SZ,20030729,4.89,4.94,4.8,4.93,4.89,0.04,0.82,1070.84,523.9416
3753,000587.SZ,20030728,4.94,5.0,4.88,4.89,4.94,-0.05,-1.01,1328.0,652.7553
3754,000587.SZ,20030725,4.92,5.0,4.92,4.94,4.99,-0.05,-1.0,1541.6,763.2434
3755,000587.SZ,20030724,5.04,5.05,4.96,4.99,5.06,-0.07,-1.38,1474.61,739.4451
3756,000587.SZ,20030723,5.07,5.08,4.97,5.06,5.03,0.03,0.6,1822.5,915.3434
3757,000587.SZ,20030722,4.91,5.15,4.91,5.03,4.94,0.09,1.82,2321.3,1157.2765
3758,000587.SZ,20030721,5.07,5.07,4.9,4.94,5.08,-0.14,-2.76,3438.22,1701.2571
3759,000587.SZ,20030718,5.15,5.18,5.05,5.08,5.14,-0.06,-1.17,4604.43,2343.2804
3760,000587.SZ,20030717,5.27,5.27,5.1,5.14,5.25,-0.11,-2.1,4611.55,2375.928
3761,000587.SZ,20030716,5.28,5.29,5.22,5.25,5.27,-0.02,-0.38,1511.3,792.467
3762,000587.SZ,20030715,5.2,5.27,5.2,5.27,5.19,0.08,1.54,2476.74,1295.2391
3763,000587.SZ,20030714,5.2,5.28,5.16,5.19,5.28,-0.09,-1.7,1667.8,867.6844
3764,000587.SZ,20030711,5.25,5.3,5.2,5.28,5.24,0.04,0.76,2319.27,1219.8334
3765,000587.SZ,20030710,5.2,5.28,5.18,5.24,5.2,0.04,0.77,2540.92,1328.8736
3766,000587.SZ,20030709,5.22,5.26,5.18,5.2,5.24,-0.04,-0.76,1209.0,628.3007
3767,000587.SZ,20030708,5.2,5.28,5.16,5.24,5.2,0.04,0.77,1635.02,855.5377
3768,000587.SZ,20030707,5.25,5.33,5.14,5.2,5.28,-0.08,-1.52,2850.78,1482.5562
3769,000587.SZ,20030704,5.39,5.39,5.25,5.28,5.38,-0.1,-1.86,2227.0,1179.008
3770,000587.SZ,20030703,5.45,5.45,5.35,5.38,5.45,-0.07,-1.28,1793.27,965.2717
3771,000587.SZ,20030702,5.32,5.5,5.32,5.45,5.38,0.07,1.3,4576.34,2476.3594
3772,000587.SZ,20030701,5.35,5.46,5.33,5.38,5.31,0.07,1.32,3083.99,1667.1467
3773,000587.SZ,20030630,5.31,5.36,5.25,5.31,5.34,-0.03,-0.56,3809.96,2023.113
3774,000587.SZ,20030627,5.46,5.46,5.32,5.34,5.49,-0.15,-2.73,4548.08,2446.5558
3775,000587.SZ,20030626,5.52,5.57,5.4,5.49,5.55,-0.06,-1.08,5790.64,3162.1385
3776,000587.SZ,20030625,5.63,5.64,5.53,5.55,5.62,-0.07,-1.25,5111.98,2855.402
3777,000587.SZ,20030624,5.63,5.7,5.59,5.62,5.63,-0.01,-0.18,4305.13,2432.646
3778,000587.SZ,20030623,5.72,5.72,5.6,5.63,5.72,-0.09,-1.57,4941.85,2788.2278
3779,000587.SZ,20030620,5.63,5.85,5.63,5.72,5.69,0.03,0.53,9888.14,5691.8697
3780,000587.SZ,20030619,5.64,5.69,5.55,5.69,5.65,0.04,0.71,7034.68,3945.9021
3781,000587.SZ,20030618,5.66,5.71,5.6,5.65,5.67,-0.02,-0.35,4806.25,2723.3984
3782,000587.SZ,20030617,5.65,5.69,5.61,5.67,5.7,-0.03,-0.53,6521.0,3681.497
3783,000587.SZ,20030616,5.76,5.76,5.7,5.7,5.77,-0.07,-1.21,5753.11,3294.4993
3784,000587.SZ,20030613,5.62,5.78,5.55,5.77,5.63,0.14,2.49,12219.54,6922.1664
3785,000587.SZ,20030612,5.69,5.7,5.6,5.63,5.7,-0.07,-1.23,7707.66,4338.9937
3786,000587.SZ,20030611,5.69,5.75,5.55,5.7,5.69,0.01,0.18,14078.07,7957.2397
3787,000587.SZ,20030610,5.55,5.79,5.53,5.69,5.54,0.15,2.71,38872.45,22061.424
3788,000587.SZ,20030609,5.55,5.55,5.33,5.54,5.31,0.23,4.33,11267.71,6160.7618
3789,000587.SZ,20030606,5.39,5.43,5.3,5.31,5.42,-0.11,-2.03,5517.0,2960.8109
3790,000587.SZ,20030605,5.6,5.6,5.41,5.42,5.54,-0.12,-2.17,5406.58,2976.9545
3791,000587.SZ,20030604,5.57,5.57,5.41,5.54,5.59,-0.05,-0.89,10048.42,5513.1552
3792,000587.SZ,20030603,5.51,5.7,5.46,5.59,5.51,0.08,1.45,19541.61,10933.1783
3793,000587.SZ,20030602,5.49,5.57,5.44,5.51,5.5,0.01,0.18,7602.52,4182.5371
3794,000587.SZ,20030530,5.36,5.58,5.35,5.5,5.38,0.12,2.23,14257.41,7821.7581
3795,000587.SZ,20030529,5.34,5.39,5.24,5.38,5.36,0.02,0.37,8341.88,4425.3433
3796,000587.SZ,20030528,5.42,5.43,5.34,5.36,5.44,-0.08,-1.47,8891.85,4787.6553
3797,000587.SZ,20030527,5.21,5.48,5.21,5.44,5.19,0.25,4.82,16912.79,9022.0895
3798,000587.SZ,20030523,5.15,5.25,5.14,5.19,5.17,0.02,0.39,5937.18,3094.1452
3799,000587.SZ,20030522,5.19,5.25,5.11,5.17,5.2,-0.03,-0.58,3786.31,1955.1368
3800,000587.SZ,20030521,5.27,5.27,5.18,5.2,5.29,-0.09,-1.7,3778.12,1967.9027
3801,000587.SZ,20030520,5.33,5.33,5.2,5.29,5.35,-0.06,-1.12,4705.31,2470.5136
3802,000587.SZ,20030519,5.21,5.37,5.17,5.35,5.19,0.16,3.08,7964.22,4204.1867
3803,000587.SZ,20030516,5.25,5.33,5.15,5.19,5.29,-0.1,-1.89,5986.71,3130.7001
3804,000587.SZ,20030515,5.18,5.34,5.1,5.29,5.2,0.09,1.73,9343.21,4878.7017
3805,000587.SZ,20030514,5.15,5.25,4.95,5.2,5.21,-0.01,-0.19,10872.54,5589.156
3806,000587.SZ,20030513,4.9,5.22,4.73,5.21,4.94,0.27,5.47,14310.5,7074.9623
3807,000587.SZ,20030512,5.05,5.1,4.92,4.94,5.03,-0.09,-1.79,7324.7,3669.4321
3808,000587.SZ,20030430,5.24,5.24,5.01,5.03,5.24,-0.21,-4.01,8397.93,4276.8071
3809,000587.SZ,20030429,5.18,5.3,5.13,5.24,5.22,0.02,0.38,7711.26,4022.415
3810,000587.SZ,20030428,5.27,5.3,5.07,5.22,5.32,-0.1,-1.88,8151.14,4229.0208
3811,000587.SZ,20030425,5.35,5.43,5.28,5.32,5.37,-0.05,-0.93,5574.35,2990.8008
3812,000587.SZ,20030424,5.66,5.68,5.36,5.37,5.74,-0.37,-6.45,12682.08,6942.2775
3813,000587.SZ,20030423,5.75,5.83,5.73,5.74,5.77,-0.03,-0.52,4885.4,2818.0977
3814,000587.SZ,20030422,5.91,5.91,5.73,5.77,5.9,-0.13,-2.2,5534.34,3210.8974
3815,000587.SZ,20030421,6.0,6.0,5.83,5.9,6.0,-0.1,-1.67,4849.6,2860.4443
3816,000587.SZ,20030418,5.88,6.09,5.82,6.0,5.88,0.12,2.04,7542.13,4491.6756
3817,000587.SZ,20030417,5.89,5.91,5.81,5.88,5.89,-0.01,-0.17,6969.22,4073.7658
3818,000587.SZ,20030416,6.2,6.2,5.88,5.89,6.17,-0.28,-4.54,12294.07,7374.0561
3819,000587.SZ,20030415,6.09,6.2,6.05,6.17,6.04,0.13,2.15,11302.61,6930.4291
3820,000587.SZ,20030414,5.8,6.05,5.8,6.04,5.85,0.19,3.25,9036.84,5376.9928
3821,000587.SZ,20030411,5.77,5.86,5.7,5.85,5.77,0.08,1.39,7082.12,4095.3474
3822,000587.SZ,20030410,5.89,5.9,5.65,5.77,5.89,-0.12,-2.04,10221.55,5861.7474
3823,000587.SZ,20030409,5.88,5.9,5.75,5.89,5.88,0.01,0.17,6342.45,3690.105
3824,000587.SZ,20030408,6.03,6.03,5.87,5.88,5.99,-0.11,-1.84,5288.54,3129.0698
3825,000587.SZ,20030407,6.12,6.15,5.98,5.99,6.1,-0.11,-1.8,3915.08,2363.8458
3826,000587.SZ,20030404,6.08,6.12,6.04,6.1,6.11,-0.01,-0.16,2259.92,1373.4532
3827,000587.SZ,20030403,6.16,6.17,6.08,6.11,6.17,-0.06,-0.97,2594.43,1586.9367
3828,000587.SZ,20030402,6.28,6.28,6.16,6.17,6.22,-0.05,-0.8,3298.25,2043.9372
3829,000587.SZ,20030401,6.11,6.22,6.08,6.22,6.11,0.11,1.8,7969.97,4894.2443
3830,000587.SZ,20030331,6.08,6.12,6.03,6.11,6.07,0.04,0.66,2766.0,1679.8896
3831,000587.SZ,20030328,6.1,6.16,6.05,6.07,6.11,-0.04,-0.65,3797.29,2317.5897
3832,000587.SZ,20030327,5.93,6.13,5.88,6.11,5.93,0.18,3.04,3271.23,1972.5301
3833,000587.SZ,20030326,5.95,6.0,5.9,5.93,5.96,-0.03,-0.5,1145.49,681.0301
3834,000587.SZ,20030325,6.02,6.02,5.95,5.96,6.06,-0.1,-1.65,1554.1,929.9059
3835,000587.SZ,20030324,6.01,6.08,6.0,6.06,6.04,0.02,0.33,1406.0,847.546
3836,000587.SZ,20030321,5.96,6.05,5.93,6.04,5.96,0.08,1.34,2608.78,1567.2581
3837,000587.SZ,20030320,5.99,6.01,5.9,5.96,5.99,-0.03,-0.5,2225.49,1329.0032
3838,000587.SZ,20030319,6.03,6.05,5.85,5.99,6.03,-0.04,-0.66,4049.53,2414.2842
3839,000587.SZ,20030318,6.08,6.16,6.0,6.03,6.11,-0.08,-1.31,2961.0,1796.056
3840,000587.SZ,20030317,6.17,6.17,6.0,6.11,6.17,-0.06,-0.97,3686.86,2233.201
3841,000587.SZ,20030314,6.13,6.23,6.11,6.17,6.15,0.02,0.33,2611.82,1609.1617
3842,000587.SZ,20030313,6.22,6.24,6.13,6.15,6.21,-0.06,-0.97,3101.5,1914.0859
3843,000587.SZ,20030312,6.15,6.23,6.11,6.21,6.17,0.04,0.65,2003.1,1235.5169
3844,000587.SZ,20030311,6.13,6.2,6.13,6.17,6.16,0.01,0.16,2209.16,1362.4041
3845,000587.SZ,20030310,6.34,6.38,6.15,6.16,6.33,-0.17,-2.69,3448.17,2146.5392
3846,000587.SZ,20030307,6.37,6.44,6.33,6.33,6.35,-0.02,-0.32,2257.0,1438.235
3847,000587.SZ,20030306,6.48,6.49,6.34,6.35,6.48,-0.13,-2.01,4279.1,2737.9178
3848,000587.SZ,20030305,6.57,6.57,6.45,6.48,6.57,-0.09,-1.37,3845.02,2493.0653
3849,000587.SZ,20030304,6.55,6.61,6.55,6.57,6.58,-0.01,-0.15,2101.0,1381.489
3850,000587.SZ,20030303,6.56,6.6,6.51,6.58,6.55,0.03,0.46,2397.53,1568.5547
3851,000587.SZ,20030228,6.6,6.65,6.5,6.55,6.62,-0.07,-1.06,2959.0,1941.335
3852,000587.SZ,20030227,6.67,6.72,6.6,6.62,6.69,-0.07,-1.05,2598.8,1725.9069
3853,000587.SZ,20030226,6.65,6.69,6.6,6.69,6.64,0.05,0.75,3209.91,2134.3863
3854,000587.SZ,20030225,6.5,6.65,6.5,6.64,6.47,0.17,2.63,4711.13,3105.0093
3855,000587.SZ,20030224,6.44,6.52,6.43,6.47,6.49,-0.02,-0.31,3854.68,2494.9683
3856,000587.SZ,20030221,6.67,6.68,6.48,6.49,6.7,-0.21,-3.13,6113.52,4003.9698
3857,000587.SZ,20030220,6.8,6.82,6.7,6.7,6.79,-0.09,-1.33,4177.5,2820.4928
3858,000587.SZ,20030219,6.72,6.8,6.64,6.79,6.72,0.07,1.04,5403.82,3626.0329
3859,000587.SZ,20030218,6.7,6.75,6.65,6.72,6.69,0.03,0.45,3801.82,2546.7521
3860,000587.SZ,20030217,6.75,6.84,6.68,6.69,6.77,-0.08,-1.18,7035.75,4748.1805
3861,000587.SZ,20030214,6.75,6.85,6.7,6.77,6.77,0.0,0.0,4232.45,2870.9303
3862,000587.SZ,20030213,6.86,6.9,6.75,6.77,6.88,-0.11,-1.6,9771.18,6659.6878
3863,000587.SZ,20030212,6.82,6.95,6.79,6.88,6.78,0.1,1.47,21664.55,14883.2854
3864,000587.SZ,20030211,6.5,6.8,6.5,6.78,6.5,0.28,4.31,10416.32,6946.6228
3865,000587.SZ,20030210,6.53,6.58,6.4,6.5,6.54,-0.04,-0.61,4116.73,2663.855
3866,000587.SZ,20030129,6.62,6.63,6.5,6.54,6.58,-0.04,-0.61,5211.08,3434.0804
3867,000587.SZ,20030128,6.62,6.63,6.51,6.58,6.56,0.02,0.3,4115.39,2700.784
3868,000587.SZ,20030127,6.55,6.65,6.42,6.56,6.52,0.04,0.61,6578.92,4321.858
3869,000587.SZ,20030124,6.38,6.53,6.36,6.52,6.4,0.12,1.88,4023.85,2594.4121
3870,000587.SZ,20030123,6.49,6.6,6.4,6.4,6.52,-0.12,-1.84,4873.9,3163.5869
3871,000587.SZ,20030122,6.34,6.56,6.34,6.52,6.36,0.16,2.52,7416.88,4774.9048
3872,000587.SZ,20030121,6.5,6.62,6.35,6.36,6.56,-0.2,-3.05,6415.02,4165.0366
3873,000587.SZ,20030120,6.58,6.58,6.45,6.56,6.56,0.0,0.0,5841.45,3803.0589
3874,000587.SZ,20030117,6.73,6.78,6.51,6.56,6.7,-0.14,-2.09,8952.97,5896.5268
3875,000587.SZ,20030116,6.6,6.71,6.53,6.7,6.62,0.08,1.21,11006.6,7297.3542
3876,000587.SZ,20030115,6.65,6.78,6.48,6.62,6.67,-0.05,-0.75,15215.15,10067.688
3877,000587.SZ,20030114,6.3,6.7,6.26,6.67,6.31,0.36,5.71,18313.95,11969.0767
3878,000587.SZ,20030113,6.28,6.35,6.25,6.31,6.31,0.0,0.0,5491.22,3457.8664
3879,000587.SZ,20030110,6.34,6.55,6.28,6.31,6.34,-0.03,-0.47,18811.66,12105.9598
3880,000587.SZ,20030109,6.26,6.44,6.16,6.34,6.26,0.08,1.28,12927.26,8142.3158
3881,000587.SZ,20030108,6.1,6.26,6.0,6.26,6.11,0.15,2.46,4998.2,3074.1649
3882,000587.SZ,20030107,6.15,6.3,5.98,6.11,6.16,-0.05,-0.81,7617.03,4671.9921
3883,000587.SZ,20030106,5.85,6.19,5.85,6.16,5.85,0.31,5.3,9083.67,5514.9431
3884,000587.SZ,20030103,5.8,5.93,5.72,5.85,5.77,0.08,1.39,2583.4,1513.291
3885,000587.SZ,20030102,5.78,5.91,5.72,5.77,5.78,-0.01,-0.17,3430.29,1987.9837
3886,000587.SZ,20021231,5.87,5.97,5.76,5.78,5.87,-0.09,-1.53,2585.43,1517.0637
3887,000587.SZ,20021230,5.97,6.0,5.84,5.87,6.0,-0.13,-2.17,2890.56,1702.8882
3888,000587.SZ,20021227,6.0,6.08,5.86,6.0,6.0,0.0,0.0,5565.47,3308.5616
3889,000587.SZ,20021226,6.25,6.3,5.91,6.0,6.31,-0.31,-4.91,6147.46,3748.2775
3890,000587.SZ,20021225,6.4,6.41,6.3,6.31,6.4,-0.09,-1.41,2290.09,1457.5734
3891,000587.SZ,20021224,6.35,6.4,6.28,6.4,6.33,0.07,1.11,3636.84,2308.3925
3892,000587.SZ,20021223,6.43,6.53,6.31,6.33,6.43,-0.1,-1.56,8831.11,5660.7521
3893,000587.SZ,20021220,6.36,6.49,6.3,6.43,6.34,0.09,1.42,8700.72,5602.1566
3894,000587.SZ,20021219,6.23,6.38,6.23,6.34,6.25,0.09,1.44,4300.63,2707.8295
3895,000587.SZ,20021218,6.3,6.38,6.23,6.25,6.36,-0.11,-1.73,5782.44,3642.3698
3896,000587.SZ,20021217,6.3,6.4,6.2,6.36,6.35,0.01,0.16,5701.73,3594.5947
3897,000587.SZ,20021216,6.2,6.42,6.12,6.35,6.22,0.13,2.09,8400.24,5302.8232
3898,000587.SZ,20021213,5.91,6.3,5.82,6.22,5.97,0.25,4.19,7522.69,4601.8194
3899,000587.SZ,20021212,5.92,6.12,5.9,5.97,5.9,0.07,1.19,2577.83,1544.9756
3900,000587.SZ,20021211,5.83,5.92,5.82,5.9,5.9,0.0,0.0,1996.05,1168.454
3901,000587.SZ,20021210,6.07,6.13,5.87,5.9,6.09,-0.19,-3.12,2601.66,1554.8175
3902,000587.SZ,20021209,6.11,6.2,6.08,6.09,6.09,0.0,0.0,1235.0,757.907
3903,000587.SZ,20021206,6.1,6.21,6.05,6.09,6.11,-0.02,-0.33,1483.5,911.4092
3904,000587.SZ,20021205,6.1,6.14,6.01,6.11,6.12,-0.01,-0.16,2011.55,1220.3409
3905,000587.SZ,20021204,6.15,6.25,6.12,6.12,6.13,-0.01,-0.16,3280.56,2033.3926
3906,000587.SZ,20021203,5.95,6.18,5.92,6.13,5.99,0.14,2.34,2624.24,1597.5109
3907,000587.SZ,20021202,6.23,6.25,5.98,5.99,6.23,-0.24,-3.85,4291.0,2622.1692
3908,000587.SZ,20021129,6.15,6.4,6.05,6.23,6.13,0.1,1.63,11491.71,7200.1874
3909,000587.SZ,20021128,5.86,6.13,5.78,6.13,5.91,0.22,3.72,5832.66,3496.138
3910,000587.SZ,20021127,5.78,6.02,5.73,5.91,5.84,0.07,1.2,4105.19,2404.724
3911,000587.SZ,20021126,6.05,6.13,5.82,5.84,6.04,-0.2,-3.31,3082.9,1849.2448
3912,000587.SZ,20021125,5.98,6.18,5.9,6.04,6.02,0.02,0.33,3004.92,1810.6519
3913,000587.SZ,20021122,6.12,6.19,5.88,6.02,6.07,-0.05,-0.82,6764.45,4093.4202
3914,000587.SZ,20021121,6.35,6.35,6.02,6.07,6.35,-0.28,-4.41,5290.99,3231.5395
3915,000587.SZ,20021120,6.6,6.6,6.35,6.35,6.61,-0.26,-3.93,3681.0,2360.4209
3916,000587.SZ,20021119,6.54,6.65,6.36,6.61,6.47,0.14,2.16,3257.36,2122.3767
3917,000587.SZ,20021118,6.4,6.68,6.4,6.47,6.5,-0.03,-0.46,1902.04,1235.1188
3918,000587.SZ,20021115,6.33,6.55,6.29,6.5,6.38,0.12,1.88,4377.8,2825.5227
3919,000587.SZ,20021114,6.59,6.6,6.33,6.38,6.61,-0.23,-3.48,3815.11,2468.9122
3920,000587.SZ,20021113,6.48,6.62,6.33,6.61,6.52,0.09,1.38,5613.13,3623.4572
3921,000587.SZ,20021112,6.75,6.84,6.43,6.52,6.73,-0.21,-3.12,5629.2,3703.5417
3922,000587.SZ,20021111,6.91,6.99,6.7,6.73,6.9,-0.17,-2.46,4343.82,2947.6207
3923,000587.SZ,20021108,7.22,7.3,6.88,6.9,7.19,-0.29,-4.03,6176.46,4357.0605
3924,000587.SZ,20021107,7.24,7.27,7.14,7.19,7.24,-0.05,-0.69,3828.14,2749.0679
3925,000587.SZ,20021106,7.3,7.32,7.21,7.24,7.28,-0.04,-0.55,5338.27,3876.0407
3926,000587.SZ,20021105,7.04,7.29,7.03,7.28,7.06,0.22,3.12,11116.21,8014.5603
3927,000587.SZ,20021104,7.0,7.07,6.91,7.06,6.92,0.14,2.02,7420.49,5184.9933
3928,000587.SZ,20021101,7.2,7.2,6.85,6.92,7.22,-0.3,-4.16,9904.53,6899.6194
3929,000587.SZ,20021031,7.22,7.26,7.13,7.22,7.22,0.0,0.0,5536.57,3992.0211
3930,000587.SZ,20021030,7.19,7.24,7.08,7.22,7.29,-0.07,-0.96,8806.44,6308.0817
3931,000587.SZ,20021029,7.78,7.78,7.13,7.29,7.92,-0.63,-7.95,24937.93,18075.5312
3932,000587.SZ,20021028,8.02,8.1,7.9,7.92,8.06,-0.14,-1.74,4769.95,3815.728
3933,000587.SZ,20021025,8.19,8.25,8.02,8.06,8.19,-0.13,-1.59,5834.99,4742.1396
3934,000587.SZ,20021024,8.3,8.3,8.13,8.19,8.31,-0.12,-1.44,5555.71,4554.996
3935,000587.SZ,20021023,8.26,8.33,8.18,8.31,8.26,0.05,0.61,7624.97,6284.2474
3936,000587.SZ,20021022,7.96,8.38,7.85,8.26,7.9,0.36,4.56,18673.62,15382.4971
3937,000587.SZ,20021021,7.83,7.96,7.78,7.9,7.92,-0.02,-0.25,2162.08,1697.2397
3938,000587.SZ,20021018,7.84,7.99,7.76,7.92,7.89,0.03,0.38,2945.39,2320.0397
3939,000587.SZ,20021017,8.11,8.15,7.82,7.89,8.13,-0.24,-2.95,3556.0,2836.9059
3940,000587.SZ,20021016,8.0,8.16,7.98,8.13,8.0,0.13,1.63,7462.93,6034.2238
3941,000587.SZ,20021015,8.04,8.04,7.93,8.0,8.08,-0.08,-0.99,3413.29,2724.815
3942,000587.SZ,20021014,8.04,8.09,7.8,8.08,8.04,0.04,0.5,6090.06,4856.3672
3943,000587.SZ,20021011,8.0,8.14,7.9,8.04,8.0,0.04,0.5,6633.86,5292.633
3944,000587.SZ,20021010,7.78,8.03,7.78,8.0,7.78,0.22,2.83,16822.88,13396.7685
3945,000587.SZ,20021009,7.66,7.8,7.54,7.78,7.64,0.14,1.83,4585.94,3525.4033
3946,000587.SZ,20021008,7.72,7.72,7.62,7.64,7.72,-0.08,-1.04,892.0,682.07
3947,000587.SZ,20020927,7.76,7.83,7.7,7.72,7.74,-0.02,-0.26,1617.94,1251.1907
3948,000587.SZ,20020926,7.87,7.95,7.73,7.74,7.9,-0.16,-2.03,2118.72,1655.4123
3949,000587.SZ,20020925,7.9,8.0,7.88,7.9,7.96,-0.06,-0.75,1411.34,1118.4136
3950,000587.SZ,20020924,8.0,8.0,7.95,7.96,8.0,-0.04,-0.5,789.07,628.5493
3951,000587.SZ,20020923,8.0,8.05,7.96,8.0,7.98,0.02,0.25,692.62,554.0914
3952,000587.SZ,20020920,7.96,8.19,7.92,7.98,7.96,0.02,0.25,2510.68,2020.3922
3953,000587.SZ,20020919,7.8,8.07,7.8,7.96,7.8,0.16,2.05,2197.9,1736.1983
3954,000587.SZ,20020918,7.85,7.95,7.8,7.8,7.89,-0.09,-1.14,1076.06,846.5996
3955,000587.SZ,20020917,7.84,7.99,7.82,7.89,7.9,-0.01,-0.13,1539.0,1212.759
3956,000587.SZ,20020916,8.01,8.02,7.9,7.9,8.01,-0.11,-1.37,1416.0,1123.547
3957,000587.SZ,20020913,8.06,8.1,7.99,8.01,8.09,-0.08,-0.99,1347.71,1080.7433
3958,000587.SZ,20020912,8.0,8.14,8.0,8.09,8.05,0.04,0.5,1825.24,1477.7006
3959,000587.SZ,20020911,8.08,8.1,7.95,8.05,8.11,-0.06,-0.74,1939.22,1553.4687
3960,000587.SZ,20020910,8.15,8.15,8.06,8.11,8.05,0.06,0.75,985.1,797.8045
3961,000587.SZ,20020909,8.1,8.12,8.03,8.05,8.13,-0.08,-0.98,1765.49,1422.1515
3962,000587.SZ,20020906,8.1,8.22,8.1,8.13,8.18,-0.05,-0.61,2406.51,1959.6252
3963,000587.SZ,20020905,8.41,8.41,8.17,8.18,8.41,-0.23,-2.73,4616.0,3810.2066
3964,000587.SZ,20020904,8.4,8.44,8.37,8.41,8.4,0.01,0.12,2353.2,1977.7718
3965,000587.SZ,20020903,8.35,8.44,8.35,8.4,8.35,0.05,0.6,1616.59,1356.0003
3966,000587.SZ,20020902,8.38,8.42,8.33,8.35,8.38,-0.03,-0.36,1790.1,1496.9474
3967,000587.SZ,20020830,8.4,8.4,8.34,8.38,8.38,0.0,0.0,1538.43,1287.9419
3968,000587.SZ,20020829,8.48,8.5,8.35,8.38,8.47,-0.09,-1.06,2740.59,2299.9516
3969,000587.SZ,20020828,8.4,8.53,8.4,8.47,8.43,0.04,0.47,2494.08,2113.8403
3970,000587.SZ,20020827,8.36,8.45,8.36,8.43,8.38,0.05,0.6,3920.1,3292.6069
3971,000587.SZ,20020826,8.5,8.5,8.33,8.38,8.49,-0.11,-1.3,5005.86,4186.2853
3972,000587.SZ,20020823,8.57,8.6,8.46,8.49,8.57,-0.08,-0.93,3323.11,2823.8501
3973,000587.SZ,20020822,8.44,8.6,8.44,8.57,8.44,0.13,1.54,7071.31,6026.0277
3974,000587.SZ,20020821,8.54,8.54,8.41,8.44,8.54,-0.1,-1.17,5374.59,4539.821
3975,000587.SZ,20020820,8.36,8.58,8.36,8.54,8.33,0.21,2.52,11116.12,9406.5611
3976,000587.SZ,20020819,8.5,8.5,8.3,8.33,8.66,-0.33,-3.81,13404.45,11190.8292
3977,000587.SZ,20020816,8.56,8.7,8.48,8.66,8.6,0.06,0.7,3749.84,3214.7954
3978,000587.SZ,20020815,8.73,8.74,8.6,8.6,8.74,-0.14,-1.6,2104.32,1820.1778
3979,000587.SZ,20020814,8.68,8.75,8.66,8.74,8.71,0.03,0.34,1946.9,1695.0062
3980,000587.SZ,20020813,8.63,8.75,8.63,8.71,8.66,0.05,0.58,1606.67,1395.6156
3981,000587.SZ,20020812,8.75,8.75,8.63,8.66,8.77,-0.11,-1.25,3248.1,2817.4159
3982,000587.SZ,20020809,8.96,8.97,8.76,8.77,8.85,-0.08,-0.9,3534.44,3109.1873
3983,000587.SZ,20020808,9.0,9.0,8.84,8.85,8.99,-0.14,-1.56,4913.8,4374.8619
3984,000587.SZ,20020807,9.1,9.1,8.96,8.99,9.09,-0.1,-1.1,5445.79,4899.9288
3985,000587.SZ,20020806,9.16,9.2,9.05,9.09,9.14,-0.05,-0.55,7147.09,6511.8783
3986,000587.SZ,20020805,9.06,9.2,9.06,9.14,9.06,0.08,0.88,14131.43,12944.5479
3987,000587.SZ,20020802,9.1,9.12,9.01,9.06,9.07,-0.01,-0.11,6986.84,6334.2019
3988,000587.SZ,20020801,8.98,9.18,8.9,9.07,9.0,0.07,0.78,15378.14,13919.8204
3989,000587.SZ,20020731,8.84,9.05,8.78,9.0,8.79,0.21,2.39,11106.24,9894.3959
3990,000587.SZ,20020730,8.76,8.84,8.74,8.79,8.75,0.04,0.46,2487.77,2185.9706
3991,000587.SZ,20020729,8.88,8.88,8.74,8.75,8.81,-0.06,-0.68,2990.06,2619.3159
3992,000587.SZ,20020726,8.85,8.9,8.79,8.81,8.83,-0.02,-0.23,3179.91,2815.7059
3993,000587.SZ,20020725,8.9,8.97,8.79,8.83,8.83,0.0,0.0,3258.01,2890.0018
3994,000587.SZ,20020724,8.8,8.87,8.76,8.83,8.81,0.02,0.23,2675.88,2353.0268
3995,000587.SZ,20020723,8.88,8.91,8.77,8.81,8.83,-0.02,-0.23,3416.5,3020.5519
3996,000587.SZ,20020722,9.05,9.07,8.76,8.83,9.04,-0.21,-2.32,8025.06,7100.9374
3997,000587.SZ,20020719,8.87,9.1,8.85,9.04,8.88,0.16,1.8,7303.12,6565.3812
3998,000587.SZ,20020718,8.93,8.95,8.85,8.88,8.92,-0.04,-0.45,3673.83,3270.6878
3999,000587.SZ,20020717,8.9,8.93,8.73,8.92,8.87,0.05,0.56,5428.54,4778.9919
4000,000587.SZ,20020716,8.98,9.04,8.85,8.87,8.96,-0.09,-1.0,8320.5,7416.5732
4001,000587.SZ,20020715,9.3,9.3,8.94,8.96,9.25,-0.29,-3.14,19235.86,17464.8867
4002,000587.SZ,20020712,9.27,9.28,9.16,9.25,9.27,-0.02,-0.22,14142.55,13022.3752
4003,000587.SZ,20020711,9.08,9.29,9.08,9.27,9.09,0.18,1.98,22858.49,21112.6109
4004,000587.SZ,20020710,9.17,9.27,9.01,9.09,9.19,-0.1,-1.09,15697.83,14339.8705
4005,000587.SZ,20020709,9.11,9.28,9.11,9.19,9.1,0.09,0.99,17534.51,16127.0031
4006,000587.SZ,20020708,8.89,9.1,8.86,9.1,8.89,0.21,2.36,7023.73,6339.5396
4007,000587.SZ,20020705,8.85,8.93,8.78,8.89,8.85,0.04,0.45,2833.12,2507.105
4008,000587.SZ,20020704,8.96,8.96,8.8,8.85,8.95,-0.1,-1.12,5288.56,4680.232
4009,000587.SZ,20020703,8.95,8.97,8.82,8.95,8.92,0.03,0.34,2959.69,2634.1911
4010,000587.SZ,20020702,8.83,8.94,8.72,8.92,8.81,0.11,1.25,3621.13,3190.539
4011,000587.SZ,20020701,8.9,8.97,8.8,8.81,8.85,-0.04,-0.45,3652.82,3230.1056
4012,000587.SZ,20020628,9.05,9.06,8.78,8.85,9.05,-0.2,-2.21,8004.57,7125.6242
4013,000587.SZ,20020627,9.06,9.16,8.88,9.05,9.05,0.0,0.0,7284.21,6549.3898
4014,000587.SZ,20020626,8.83,9.13,8.8,9.05,8.99,0.06,0.67,8268.61,7425.4087
4015,000587.SZ,20020625,9.24,9.49,8.95,8.99,9.24,-0.25,-2.71,20524.53,18901.4277
4016,000587.SZ,20020624,9.24,9.24,8.74,9.24,8.4,0.84,10.0,38469.32,35167.8321
4017,000587.SZ,20020621,8.08,8.45,8.08,8.4,8.08,0.32,3.96,9986.54,8357.4215
4018,000587.SZ,20020620,8.46,8.46,7.95,8.08,7.91,0.17,2.15,2901.79,2355.7479
4019,000587.SZ,20020619,8.08,8.08,7.9,7.91,8.08,-0.17,-2.1,1712.02,1362.8196
4020,000587.SZ,20020618,7.88,8.1,7.88,8.08,7.81,0.27,3.46,2755.51,2211.7155
4021,000587.SZ,20020617,7.75,7.85,7.72,7.81,7.82,-0.01,-0.13,2147.34,1672.5992
4022,000587.SZ,20020614,8.0,8.04,7.8,7.82,8.03,-0.21,-2.62,2924.86,2316.3819
4023,000587.SZ,20020613,8.24,8.27,8.01,8.03,8.28,-0.25,-3.02,5222.76,4252.9429
4024,000587.SZ,20020612,7.95,8.32,7.92,8.28,8.0,0.28,3.5,9363.81,7594.8735
4025,000587.SZ,20020611,7.94,8.1,7.91,8.0,7.94,0.06,0.76,2123.26,1700.7398
4026,000587.SZ,20020610,8.03,8.07,7.9,7.94,8.07,-0.13,-1.61,1721.69,1372.5094
4027,000587.SZ,20020607,8.0,8.12,7.78,8.07,7.96,0.11,1.38,5584.16,4482.863
4028,000587.SZ,20020606,7.53,8.15,7.45,7.96,7.53,0.43,5.71,4339.09,3389.8434
4029,000587.SZ,20020605,7.78,7.88,7.53,7.53,7.86,-0.33,-4.2,1887.7,1443.3246
4030,000587.SZ,20020604,7.8,7.9,7.69,7.86,7.77,0.09,1.16,2678.49,2093.6281
4031,000587.SZ,20020603,7.6,7.85,7.57,7.77,7.95,-0.18,-2.26,7939.7,6083.1238
4032,000587.SZ,20020531,8.05,8.15,7.95,7.95,8.06,-0.11,-1.36,1827.0,1462.652
4033,000587.SZ,20020530,8.1,8.28,7.81,8.06,8.17,-0.11,-1.35,3315.37,2663.9604
4034,000587.SZ,20020529,8.37,8.37,8.17,8.17,8.36,-0.19,-2.27,2891.88,2369.997
4035,000587.SZ,20020528,8.33,8.47,8.33,8.36,8.31,0.05,0.6,1673.17,1405.0286
4036,000587.SZ,20020527,8.33,8.42,8.18,8.31,8.33,-0.02,-0.24,2736.01,2258.1666
4037,000587.SZ,20020524,8.44,8.45,8.25,8.33,8.49,-0.16,-1.88,2235.55,1861.2252
4038,000587.SZ,20020523,8.45,8.63,8.45,8.49,8.43,0.06,0.71,2103.73,1798.055
4039,000587.SZ,20020522,8.6,8.63,8.42,8.43,8.62,-0.19,-2.2,2696.24,2288.6621
4040,000587.SZ,20020521,8.75,8.8,8.48,8.62,8.27,0.35,4.23,5501.04,4755.8475
4041,000587.SZ,20020520,8.48,8.5,8.17,8.27,8.53,-0.26,-3.05,3963.55,3266.0433
4042,000587.SZ,20020517,8.39,8.59,8.24,8.53,8.39,0.14,1.67,5013.99,4212.6097
4043,000587.SZ,20020516,8.7,8.7,8.38,8.39,8.75,-0.36,-4.11,5670.25,4814.0997
4044,000587.SZ,20020515,8.75,8.9,8.72,8.75,8.77,-0.02,-0.23,2902.93,2549.1165
4045,000587.SZ,20020514,8.75,8.99,8.74,8.77,8.81,-0.04,-0.45,2758.69,2433.4059
4046,000587.SZ,20020513,8.98,8.98,8.8,8.81,9.01,-0.2,-2.22,5661.43,5024.577
4047,000587.SZ,20020510,9.2,9.2,9.0,9.01,9.2,-0.19,-2.07,4402.27,3999.0684
4048,000587.SZ,20020509,9.19,9.3,9.18,9.2,9.19,0.01,0.11,3347.02,3087.5424
4049,000587.SZ,20020508,9.28,9.34,9.12,9.19,9.34,-0.15,-1.61,2538.44,2336.3126
4050,000587.SZ,20020430,9.41,9.57,9.26,9.34,9.34,0.0,0.0,10213.63,9579.6353
4051,000587.SZ,20020426,9.13,9.41,9.13,9.34,9.17,0.17,1.85,15851.34,14683.8555
4052,000587.SZ,20020425,9.08,9.28,9.03,9.17,9.1,0.07,0.77,2470.56,2252.9227
4053,000587.SZ,20020424,9.12,9.16,9.0,9.1,9.12,-0.02,-0.22,3521.48,3191.5606
4054,000587.SZ,20020423,9.25,9.29,9.0,9.12,9.23,-0.11,-1.19,2281.01,2090.04
4055,000587.SZ,20020422,9.48,9.48,9.2,9.23,9.46,-0.23,-2.43,8797.39,8151.6226
4056,000587.SZ,20020419,8.99,9.48,8.94,9.46,8.93,0.53,5.94,18293.05,16792.7067
4057,000587.SZ,20020418,9.08,9.12,8.9,8.93,9.08,-0.15,-1.65,3617.0,3259.901
4058,000587.SZ,20020417,9.19,9.2,9.0,9.08,9.16,-0.08,-0.87,3088.23,2798.6677
4059,000587.SZ,20020416,9.13,9.26,9.0,9.16,9.13,0.03,0.33,3975.81,3623.9406
4060,000587.SZ,20020415,9.3,9.34,9.05,9.13,9.27,-0.14,-1.51,4575.49,4193.2207
4061,000587.SZ,20020412,9.21,9.39,9.17,9.27,9.21,0.06,0.65,5891.41,5477.2639
4062,000587.SZ,20020411,9.46,9.49,9.2,9.21,9.39,-0.18,-1.92,12515.58,11660.0864
4063,000587.SZ,20020410,9.34,9.58,9.34,9.39,9.19,0.2,2.18,39549.82,37386.661
4064,000587.SZ,20020409,9.0,9.27,9.0,9.19,8.91,0.28,3.14,22190.5,20403.8539
4065,000587.SZ,20020408,8.9,9.05,8.83,8.91,8.88,0.03,0.34,3852.42,3443.6355
4066,000587.SZ,20020405,8.78,8.91,8.72,8.88,8.77,0.11,1.25,5530.06,4882.214
4067,000587.SZ,20020404,8.65,8.78,8.4,8.77,8.5,0.27,3.18,2955.77,2556.7935
4068,000587.SZ,20020403,8.47,8.57,8.4,8.5,8.47,0.03,0.35,2660.44,2261.0462
4069,000587.SZ,20020402,8.8,8.8,8.41,8.47,8.74,-0.27,-3.09,5189.33,4433.8666
4070,000587.SZ,20020401,8.48,8.78,8.42,8.74,8.52,0.22,2.58,4105.87,3528.7355
4071,000587.SZ,20020329,8.9,8.94,8.42,8.52,8.97,-0.45,-5.02,5485.2,4771.6627
4072,000587.SZ,20020328,8.9,9.03,8.8,8.97,8.92,0.05,0.56,5171.82,4621.4304
4073,000587.SZ,20020327,8.93,9.0,8.76,8.92,8.94,-0.02,-0.22,6128.47,5460.5123
4074,000587.SZ,20020326,8.79,9.07,8.79,8.94,8.84,0.1,1.13,13967.89,12483.4633
4075,000587.SZ,20020325,8.55,8.9,8.5,8.84,8.65,0.19,2.2,4314.88,3771.2212
4076,000587.SZ,20020322,8.8,8.8,8.5,8.65,8.8,-0.15,-1.7,4534.68,3926.3141
4077,000587.SZ,20020321,8.89,8.93,8.7,8.8,8.82,-0.02,-0.23,5859.61,5157.2333
4078,000587.SZ,20020320,8.65,8.85,8.58,8.82,8.56,0.26,3.04,10623.11,9289.3859
4079,000587.SZ,20020319,8.3,8.61,8.25,8.56,8.29,0.27,3.26,3857.45,3251.6405
4080,000587.SZ,20020318,8.38,8.5,8.2,8.29,8.28,0.01,0.12,3179.23,2650.5036
4081,000587.SZ,20020315,8.7,8.8,8.26,8.28,8.63,-0.35,-4.06,5642.0,4832.1727
4082,000587.SZ,20020314,8.31,8.65,8.31,8.63,8.32,0.31,3.73,4535.39,3820.8846
4083,000587.SZ,20020313,8.55,8.64,8.22,8.32,8.55,-0.23,-2.69,10232.55,8667.3291
4084,000587.SZ,20020312,8.9,8.96,8.5,8.55,8.95,-0.4,-4.47,11584.64,10118.2944
4085,000587.SZ,20020311,8.57,8.96,8.45,8.95,8.57,0.38,4.43,12438.74,10856.1834
4086,000587.SZ,20020308,8.5,8.67,8.28,8.57,8.44,0.13,1.54,11631.79,9871.9744
4087,000587.SZ,20020307,8.12,8.49,8.12,8.44,8.16,0.28,3.43,6341.76,5293.6472
4088,000587.SZ,20020306,8.1,8.38,8.1,8.16,8.21,-0.05,-0.61,6973.73,5758.315
4089,000587.SZ,20020305,7.9,8.35,7.9,8.21,7.99,0.22,2.75,8279.34,6733.79
4090,000587.SZ,20020304,7.5,7.99,7.5,7.99,7.65,0.34,4.44,1897.6,1467.6997
4091,000587.SZ,20020301,7.82,7.83,7.61,7.65,7.87,-0.22,-2.8,2227.59,1710.9099
4092,000587.SZ,20020228,7.92,8.0,7.86,7.87,7.99,-0.12,-1.5,1865.64,1479.1718
4093,000587.SZ,20020227,7.95,8.04,7.9,7.99,7.99,0.0,0.0,3130.38,2500.543
4094,000587.SZ,20020226,7.89,7.99,7.77,7.99,7.85,0.14,1.78,2164.37,1702.5784
4095,000587.SZ,20020225,8.0,8.07,7.81,7.85,7.76,0.09,1.16,2143.68,1692.1516
4096,000587.SZ,20020208,7.9,7.9,7.75,7.76,7.84,-0.08,-1.02,2897.0,2262.015
4097,000587.SZ,20020207,7.5,7.97,7.5,7.84,7.75,0.09,1.16,4676.48,3662.5033
4098,000587.SZ,20020206,7.75,7.8,7.52,7.75,7.79,-0.04,-0.51,4665.44,3571.2967
4099,000587.SZ,20020205,7.72,7.86,7.7,7.79,7.71,0.08,1.04,4038.76,3130.454
4100,000587.SZ,20020204,7.6,7.8,7.48,7.71,7.6,0.11,1.45,4108.63,3150.3245
4101,000587.SZ,20020201,7.58,7.75,7.4,7.6,7.57,0.03,0.4,6415.77,4867.1885
4102,000587.SZ,20020131,6.95,7.62,6.95,7.57,6.93,0.64,9.24,13150.6,9774.3828
4103,000587.SZ,20020130,6.83,7.0,6.8,6.93,6.82,0.11,1.61,1998.12,1379.8145
4104,000587.SZ,20020129,6.49,6.97,6.45,6.82,6.63,0.19,2.87,2741.03,1855.663
4105,000587.SZ,20020128,7.16,7.16,6.6,6.63,7.16,-0.53,-7.4,4140.0,2822.0728
4106,000587.SZ,20020125,7.19,7.3,7.1,7.16,7.25,-0.09,-1.24,3489.26,2504.0835
4107,000587.SZ,20020124,7.06,7.4,6.8,7.25,7.15,0.1,1.4,5637.84,4069.964
4108,000587.SZ,20020123,6.41,7.15,6.41,7.15,6.5,0.65,10.0,4761.3,3265.139
4109,000587.SZ,20020122,6.48,6.79,6.47,6.5,6.57,-0.07,-1.07,3268.73,2152.2526
4110,000587.SZ,20020121,7.04,7.04,6.56,6.57,7.02,-0.45,-6.41,3948.76,2654.0879
4111,000587.SZ,20020118,7.09,7.2,6.81,7.02,7.1,-0.08,-1.13,3366.21,2358.2717
4112,000587.SZ,20020117,7.52,7.52,7.04,7.1,7.55,-0.45,-5.96,2578.5,1881.7882
4113,000587.SZ,20020116,7.45,7.6,7.3,7.55,7.37,0.18,2.44,4305.35,3214.3764
4114,000587.SZ,20020115,7.4,7.59,7.32,7.37,7.5,-0.13,-1.73,1769.35,1316.2076
4115,000587.SZ,20020114,7.62,7.68,7.4,7.5,7.8,-0.3,-3.85,3168.29,2375.1063
4116,000587.SZ,20020111,8.04,8.04,7.8,7.8,8.04,-0.24,-2.99,1598.59,1257.9914
4117,000587.SZ,20020110,7.81,8.09,7.69,8.04,7.82,0.22,2.81,3433.19,2694.0946
4118,000587.SZ,20020109,7.93,8.0,7.8,7.82,7.93,-0.11,-1.39,2468.8,1943.9016
4119,000587.SZ,20020108,8.3,8.3,7.91,7.93,8.17,-0.24,-2.94,2233.0,1800.7116
4120,000587.SZ,20020107,7.8,8.38,7.8,8.17,8.33,-0.16,-1.92,1927.64,1563.0944
4121,000587.SZ,20020104,8.5,8.69,8.25,8.33,8.36,-0.03,-0.36,1948.5,1628.991
4122,000587.SZ,20011231,7.73,8.74,7.73,8.36,8.59,-0.23,-2.68,3651.4,3060.5618
4123,000587.SZ,20011228,8.52,8.65,8.5,8.59,8.47,0.12,1.42,2585.42,2214.4789
4124,000587.SZ,20011227,8.4,8.52,8.38,8.47,8.4,0.07,0.83,1993.63,1686.9545
4125,000587.SZ,20011226,8.32,8.42,8.2,8.4,8.32,0.08,0.96,1463.25,1225.8297
4126,000587.SZ,20011225,8.28,8.49,8.04,8.32,8.34,-0.02,-0.24,1672.14,1388.1951
4127,000587.SZ,20011224,8.49,8.59,8.17,8.34,8.47,-0.13,-1.53,1659.62,1383.3958
4128,000587.SZ,20011220,8.6,8.66,8.44,8.47,8.76,-0.29,-3.31,2767.59,2349.8085
4129,000587.SZ,20011219,8.82,8.87,8.7,8.76,8.8,-0.04,-0.45,1749.53,1535.5884
4130,000587.SZ,20011218,8.6,8.8,8.6,8.8,8.6,0.2,2.33,1598.06,1389.3661
4131,000587.SZ,20011217,8.75,8.84,8.52,8.6,8.69,-0.09,-1.04,1716.29,1478.244
4132,000587.SZ,20011214,8.8,8.85,8.62,8.69,8.83,-0.14,-1.59,2391.16,2086.6373
4133,000587.SZ,20011213,9.02,9.07,8.82,8.83,9.02,-0.19,-2.11,3346.92,2982.3355
4134,000587.SZ,20011212,9.1,9.15,9.02,9.02,9.13,-0.11,-1.2,1750.0,1588.913
4135,000587.SZ,20011211,9.25,9.36,9.09,9.13,9.18,-0.05,-0.54,2237.5,2050.3284
4136,000587.SZ,20011210,9.2,9.25,9.06,9.18,9.25,-0.07,-0.76,2079.5,1898.2156
4137,000587.SZ,20011207,9.27,9.4,9.2,9.25,9.25,0.0,0.0,3025.64,2817.7059
4138,000587.SZ,20011206,9.1,9.27,9.1,9.25,9.18,0.07,0.76,4295.29,3951.7398
4139,000587.SZ,20011205,9.4,9.55,9.15,9.18,9.48,-0.3,-3.16,7807.49,7315.0636
4140,000587.SZ,20011204,9.5,9.66,9.42,9.48,9.5,-0.02,-0.21,16628.07,15845.0704
4141,000587.SZ,20011203,9.27,9.5,9.27,9.5,9.27,0.23,2.48,10367.28,9736.8816
4142,000587.SZ,20011130,9.05,9.32,8.99,9.27,9.05,0.22,2.43,6728.8,6192.432
4143,000587.SZ,20011129,9.03,9.12,9.0,9.05,9.03,0.02,0.22,4461.5,4035.063
4144,000587.SZ,20011128,8.99,9.15,8.98,9.03,8.99,0.04,0.44,7060.92,6400.8899
4145,000587.SZ,20011127,8.9,9.0,8.8,8.99,8.81,0.18,2.04,5226.27,4671.6574
4146,000587.SZ,20011126,8.78,8.86,8.71,8.81,8.8,0.01,0.11,1766.89,1547.703
4147,000587.SZ,20011123,8.9,8.9,8.74,8.8,8.91,-0.11,-1.23,2899.5,2553.263
4148,000587.SZ,20011122,8.87,8.93,8.72,8.91,8.88,0.03,0.34,4201.24,3723.6638
4149,000587.SZ,20011121,8.7,8.94,8.65,8.88,8.74,0.14,1.6,7573.13,6716.07
4150,000587.SZ,20011120,8.61,8.85,8.61,8.74,8.56,0.18,2.1,4145.35,3623.4552
4151,000587.SZ,20011119,8.44,8.56,8.39,8.56,8.46,0.1,1.18,2809.67,2386.6688
4152,000587.SZ,20011116,8.9,9.0,8.3,8.46,8.19,0.27,3.3,7907.31,6723.7362
4153,000587.SZ,20011115,8.11,8.2,8.08,8.19,8.16,0.03,0.37,691.65,562.143
4154,000587.SZ,20011114,8.1,8.25,8.09,8.16,8.1,0.06,0.74,885.24,720.6994
4155,000587.SZ,20011113,8.02,8.17,8.02,8.1,8.2,-0.1,-1.22,849.01,686.5761
4156,000587.SZ,20011112,8.38,8.43,8.17,8.2,8.37,-0.17,-2.03,1043.0,866.088
4157,000587.SZ,20011109,8.2,8.45,8.02,8.37,8.19,0.18,2.2,3626.15,3005.0019
4158,000587.SZ,20011108,7.8,8.19,7.72,8.19,7.9,0.29,3.67,3274.29,2609.9914
4159,000587.SZ,20011107,8.55,8.78,7.8,7.9,8.6,-0.7,-8.14,3279.34,2695.6214
4160,000587.SZ,20011106,8.7,8.73,8.59,8.6,8.71,-0.11,-1.26,565.49,489.5029
4161,000587.SZ,20011105,8.68,8.73,8.53,8.71,8.73,-0.02,-0.23,1175.23,1017.3958
4162,000587.SZ,20011102,8.7,8.88,8.62,8.73,8.82,-0.09,-1.02,3215.95,2833.755
4163,000587.SZ,20011101,8.61,8.86,8.52,8.82,8.67,0.15,1.73,3464.8,3029.1008
4164,000587.SZ,20011031,8.6,8.68,8.45,8.67,8.63,0.04,0.46,1301.33,1113.6692
4165,000587.SZ,20011030,8.65,8.73,8.53,8.63,8.74,-0.11,-1.26,1717.18,1480.3425
4166,000587.SZ,20011029,8.58,8.75,8.4,8.74,8.58,0.16,1.86,4764.84,4083.9047
4167,000587.SZ,20011026,8.55,8.71,8.4,8.58,8.63,-0.05,-0.58,2825.21,2406.4305
4168,000587.SZ,20011025,8.98,8.98,8.5,8.63,8.97,-0.34,-3.79,5801.99,5037.2332
4169,000587.SZ,20011024,8.78,9.16,8.64,8.97,8.4,0.57,6.79,13301.64,11810.1399
4170,000587.SZ,20011023,8.38,8.4,8.08,8.4,7.64,0.76,9.95,7163.4,5991.6526
4171,000587.SZ,20011022,7.79,7.9,7.62,7.64,7.85,-0.21,-2.68,1939.71,1506.4655
4172,000587.SZ,20011019,8.15,8.15,7.65,7.85,8.12,-0.27,-3.33,3729.23,2936.7987
4173,000587.SZ,20011018,8.46,8.57,8.11,8.12,8.46,-0.34,-4.02,1913.48,1581.0718
4174,000587.SZ,20011017,8.55,8.6,8.41,8.46,8.6,-0.14,-1.63,1227.75,1045.6824
4175,000587.SZ,20011016,8.8,8.8,8.56,8.6,8.76,-0.16,-1.83,1206.0,1044.348
4176,000587.SZ,20011015,8.98,8.98,8.68,8.76,8.88,-0.12,-1.35,1942.43,1706.8792
4177,000587.SZ,20011012,8.5,8.95,8.41,8.88,8.52,0.36,4.23,3564.26,3101.3918
4178,000587.SZ,20011011,8.7,8.91,8.47,8.52,8.86,-0.34,-3.84,5154.0,4447.6728
4179,000587.SZ,20011010,9.82,9.82,8.86,8.86,9.84,-0.98,-9.96,5745.0,5196.1716
4180,000587.SZ,20011009,9.9,9.9,9.7,9.84,9.88,-0.04,-0.4,2147.28,2103.4263
4181,000587.SZ,20011008,9.9,10.2,9.88,9.88,10.09,-0.21,-2.08,1773.7,1765.936
4182,000587.SZ,20010928,10.05,10.31,10.0,10.09,10.05,0.04,0.4,1488.46,1499.9796
4183,000587.SZ,20010927,10.19,10.2,10.02,10.05,10.18,-0.13,-1.28,2684.5,2704.229
4184,000587.SZ,20010926,10.3,10.3,10.1,10.18,10.26,-0.08,-0.78,1959.78,1996.6719
4185,000587.SZ,20010925,10.36,10.49,10.25,10.26,10.29,-0.03,-0.29,1017.5,1047.8765
4186,000587.SZ,20010924,10.5,10.5,10.2,10.29,10.35,-0.06,-0.58,1807.37,1858.477
4187,000587.SZ,20010921,10.49,10.55,10.33,10.35,10.49,-0.14,-1.33,2552.57,2650.8018
4188,000587.SZ,20010920,10.74,10.75,10.46,10.49,10.6,-0.11,-1.04,1904.5,2020.3739
4189,000587.SZ,20010919,10.42,10.6,10.25,10.6,10.39,0.21,2.02,1168.92,1218.4787
4190,000587.SZ,20010918,10.31,10.55,10.23,10.39,10.3,0.09,0.87,1873.91,1941.0985
4191,000587.SZ,20010917,10.35,10.5,10.2,10.3,10.43,-0.13,-1.25,3747.5,3853.2387
4192,000587.SZ,20010914,10.72,10.8,10.4,10.43,10.72,-0.29,-2.71,2675.72,2828.8549
4193,000587.SZ,20010913,10.85,11.0,10.71,10.72,10.78,-0.06,-0.56,2596.3,2811.8307
4194,000587.SZ,20010912,10.5,10.81,10.2,10.78,10.88,-0.1,-0.92,6758.66,7172.5686
4195,000587.SZ,20010911,10.6,11.1,10.6,10.88,10.56,0.32,3.03,11278.31,12221.7352
4196,000587.SZ,20010910,10.2,10.57,10.01,10.56,10.24,0.32,3.13,2519.68,2630.8556
4197,000587.SZ,20010907,10.57,10.57,10.18,10.24,10.56,-0.32,-3.03,3074.89,3174.6507
4198,000587.SZ,20010906,10.54,10.75,10.42,10.56,10.65,-0.09,-0.85,3338.94,3548.5592
4199,000587.SZ,20010905,10.58,10.72,10.45,10.65,10.56,0.09,0.85,3568.0,3784.2402
4200,000587.SZ,20010904,10.26,10.58,10.16,10.56,10.15,0.41,4.04,2494.25,2613.3878
4201,000587.SZ,20010903,10.2,10.3,10.15,10.15,10.2,-0.05,-0.49,1059.81,1078.2335
4202,000587.SZ,20010831,10.23,10.44,10.2,10.2,10.21,-0.01,-0.1,760.8,781.7902
4203,000587.SZ,20010830,10.2,10.37,10.12,10.21,10.28,-0.07,-0.68,1055.84,1078.4661
4204,000587.SZ,20010829,10.25,10.69,10.14,10.28,10.22,0.06,0.59,3059.88,3188.4181
4205,000587.SZ,20010828,9.9,10.27,9.9,10.22,9.97,0.25,2.51,2788.05,2799.4917
4206,000587.SZ,20010827,10.1,10.2,9.91,9.97,10.21,-0.24,-2.35,5625.82,5635.0253
4207,000587.SZ,20010824,10.45,10.54,10.2,10.21,10.45,-0.24,-2.3,1714.0,1770.097
4208,000587.SZ,20010823,10.4,10.49,10.18,10.45,10.48,-0.03,-0.29,1851.92,1911.3908
4209,000587.SZ,20010822,10.72,10.78,10.42,10.48,10.72,-0.24,-2.24,1651.92,1737.9545
4210,000587.SZ,20010821,10.82,10.83,10.65,10.72,10.64,0.08,0.75,919.0,988.802
4211,000587.SZ,20010820,10.53,10.68,10.41,10.64,10.53,0.11,1.04,1787.2,1885.7226
4212,000587.SZ,20010817,10.52,10.62,10.38,10.53,10.62,-0.09,-0.85,2078.76,2182.7407
4213,000587.SZ,20010816,10.91,10.91,10.6,10.62,10.9,-0.28,-2.57,1443.0,1552.966
4214,000587.SZ,20010815,10.85,10.96,10.8,10.9,10.88,0.02,0.18,1335.15,1451.6901
4215,000587.SZ,20010814,11.02,11.09,10.7,10.88,11.02,-0.14,-1.27,2883.73,3156.6696
4216,000587.SZ,20010813,10.9,11.13,10.8,11.02,10.87,0.15,1.38,2692.84,2951.593
4217,000587.SZ,20010810,10.8,11.0,10.68,10.87,10.64,0.23,2.16,4033.97,4384.2653
4218,000587.SZ,20010809,10.49,10.64,10.36,10.64,10.45,0.19,1.82,2179.75,2303.4469
4219,000587.SZ,20010808,10.48,10.65,10.3,10.45,10.48,-0.03,-0.29,1991.03,2091.3202
4220,000587.SZ,20010807,10.4,10.55,10.15,10.48,10.4,0.08,0.77,4027.34,4152.7144
4221,000587.SZ,20010806,11.16,11.16,10.09,10.4,11.21,-0.81,-7.23,6954.68,7316.5154
4222,000587.SZ,20010803,11.19,11.25,11.03,11.21,11.19,0.02,0.18,1549.49,1734.92
4223,000587.SZ,20010802,11.35,11.48,10.9,11.19,11.48,-0.29,-2.53,4366.17,4838.5977
4224,000587.SZ,20010801,11.3,11.49,11.08,11.48,11.01,0.47,4.27,3300.0,3719.2034
4225,000587.SZ,20010731,11.2,11.75,10.98,11.01,11.35,-0.34,-3.0,5778.86,6460.803
4226,000587.SZ,20010730,12.2,12.2,11.35,11.35,12.2,-0.85,-6.97,6691.0,7791.2646
4227,000587.SZ,20010727,12.28,12.4,12.16,12.2,12.29,-0.09,-0.73,2356.17,2890.7819
4228,000587.SZ,20010726,12.5,12.58,12.28,12.29,12.5,-0.21,-1.68,3198.11,3956.7426
4229,000587.SZ,20010725,12.55,12.74,12.45,12.5,12.55,-0.05,-0.4,3400.04,4261.0079
4230,000587.SZ,20010724,12.76,12.8,12.5,12.55,12.76,-0.21,-1.65,3309.08,4169.1854
4231,000587.SZ,20010723,12.98,12.99,12.75,12.76,12.94,-0.18,-1.39,3236.58,4148.827
4232,000587.SZ,20010720,12.69,12.94,12.68,12.94,12.72,0.22,1.73,2216.98,2845.634
4233,000587.SZ,20010719,12.6,12.75,12.53,12.72,12.58,0.14,1.11,1874.2,2363.8695
4234,000587.SZ,20010718,12.6,12.75,12.5,12.58,12.59,-0.01,-0.08,1833.81,2306.8747
4235,000587.SZ,20010717,12.64,12.73,12.4,12.59,12.67,-0.08,-0.63,4894.58,6137.888
4236,000587.SZ,20010716,13.0,13.06,12.65,12.67,12.81,-0.14,-1.09,6055.2,7710.966
4237,000587.SZ,20010713,12.86,13.05,12.8,12.81,12.86,-0.05,-0.39,2275.83,2937.0984
4238,000587.SZ,20010712,12.94,12.94,12.66,12.86,12.99,-0.13,-1.0,1722.79,2218.0682
4239,000587.SZ,20010711,13.35,13.35,12.98,12.99,13.25,-0.26,-1.96,4054.23,5307.7108
4240,000587.SZ,20010710,12.86,13.29,12.86,13.25,12.93,0.32,2.47,3081.96,4041.6856
4241,000587.SZ,20010709,12.95,13.0,12.88,12.93,12.96,-0.03,-0.23,2904.55,3756.0315
4242,000587.SZ,20010706,13.07,13.17,12.93,12.96,13.07,-0.11,-0.84,3925.27,5121.3136
4243,000587.SZ,20010705,13.42,13.46,13.0,13.07,13.39,-0.32,-2.39,5900.0,7765.0574
4244,000587.SZ,20010704,13.35,13.46,13.3,13.39,13.33,0.06,0.45,9678.98,12948.0016
4245,000587.SZ,20010703,13.23,13.39,13.09,13.33,13.22,0.11,0.83,5959.13,7875.9714
4246,000587.SZ,20010702,13.39,13.49,13.2,13.22,13.39,-0.17,-1.27,8317.81,11062.8864
4247,000587.SZ,20010629,13.35,13.5,13.27,13.39,13.35,0.04,0.3,17357.62,23237.3075
4248,000587.SZ,20010628,13.19,13.5,13.1,13.35,13.14,0.21,1.6,37651.44,50272.226
4249,000587.SZ,20010627,13.2,13.27,13.08,13.14,13.2,-0.06,-0.45,5856.22,7706.9984
4250,000587.SZ,20010626,13.2,13.26,13.1,13.2,13.14,0.06,0.46,5695.15,7507.3936
4251,000587.SZ,20010625,13.0,13.17,12.87,13.14,12.91,0.23,1.78,5032.21,6558.3551
4252,000587.SZ,20010622,12.9,13.08,12.82,12.91,12.88,0.03,0.23,3356.91,4343.2328
4253,000587.SZ,20010621,12.7,12.91,12.7,12.88,12.68,0.2,1.58,2174.87,2789.0375
4254,000587.SZ,20010620,12.8,12.8,12.66,12.68,12.75,-0.07,-0.55,3538.48,4501.0629
4255,000587.SZ,20010619,12.7,12.88,12.66,12.75,12.72,0.03,0.24,3880.71,4946.2877
4256,000587.SZ,20010618,13.19,13.24,12.62,12.72,13.17,-0.45,-3.42,9113.49,11755.3073
4257,000587.SZ,20010615,12.91,13.21,12.9,13.17,13.04,0.13,1.0,8376.38,10918.6301
4258,000587.SZ,20010614,13.5,13.58,13.0,13.04,13.5,-0.46,-3.41,16908.37,22442.8258
4259,000587.SZ,20010613,13.3,13.54,13.29,13.5,13.27,0.23,1.73,19930.63,26848.5247
4260,000587.SZ,20010612,13.14,13.38,13.1,13.27,13.25,0.02,0.15,7438.47,9880.1306
4261,000587.SZ,20010611,13.02,13.31,13.02,13.25,13.02,0.23,1.77,9697.77,12820.8698
4262,000587.SZ,20010608,13.15,13.15,12.92,13.02,13.17,-0.15,-1.14,7919.34,10313.2245
4263,000587.SZ,20010607,13.26,13.39,13.13,13.17,13.26,-0.09,-0.68,12658.52,16774.586
4264,000587.SZ,20010606,13.4,13.47,13.18,13.26,13.37,-0.11,-0.82,13677.8,18094.5617
4265,000587.SZ,20010605,13.25,13.56,13.0,13.37,13.18,0.19,1.44,28668.02,38369.7414
4266,000587.SZ,20010604,12.91,13.28,12.91,13.18,12.9,0.28,2.17,14477.34,19056.8202
4267,000587.SZ,20010601,13.0,13.07,12.86,12.9,13.0,-0.1,-0.77,5301.9,6870.9249
4268,000587.SZ,20010531,12.92,13.08,12.85,13.0,12.85,0.15,1.17,6295.58,8171.2502
4269,000587.SZ,20010530,12.64,12.89,12.63,12.85,12.63,0.22,1.74,3130.51,4005.4992
4270,000587.SZ,20010529,12.61,12.74,12.6,12.63,12.66,-0.03,-0.24,3074.79,3893.9846
4271,000587.SZ,20010528,12.8,13.0,12.54,12.66,12.86,-0.2,-1.56,4749.71,6051.3685
4272,000587.SZ,20010525,13.1,13.1,12.84,12.86,13.07,-0.21,-1.61,5371.61,6958.4286
4273,000587.SZ,20010524,12.85,13.1,12.85,13.07,12.81,0.26,2.03,12588.22,16393.6123
4274,000587.SZ,20010523,12.65,12.87,12.52,12.81,12.65,0.16,1.26,4430.02,5627.9834
4275,000587.SZ,20010522,12.5,12.75,12.5,12.65,12.69,-0.04,-0.32,3122.9,3941.1422
4276,000587.SZ,20010521,12.65,12.72,12.49,12.69,12.7,-0.01,-0.08,7072.32,8872.9442
4277,000587.SZ,20010518,12.6,12.78,12.53,12.7,12.61,0.09,0.71,4959.6,6242.798
4278,000587.SZ,20010517,12.84,12.94,12.6,12.61,12.84,-0.23,-1.79,4654.12,5915.698
4279,000587.SZ,20010516,12.8,12.91,12.71,12.84,12.8,0.04,0.31,4107.48,5256.3498
4280,000587.SZ,20010515,12.99,13.0,12.73,12.8,12.9,-0.1,-0.78,4403.44,5647.8209
4281,000587.SZ,20010514,12.7,12.9,12.6,12.9,12.64,0.26,2.06,4884.46,6235.5812
4282,000587.SZ,20010511,12.5,12.69,12.5,12.64,12.48,0.16,1.28,3681.43,4637.9097
4283,000587.SZ,20010510,12.51,12.58,12.42,12.48,12.42,0.06,0.48,5961.0,7421.0
4284,000587.SZ,20010509,12.55,12.63,12.4,12.42,12.61,-0.19,-1.51,4034.85,5038.9563
4285,000587.SZ,20010508,12.5,12.78,12.5,12.61,12.5,0.11,0.88,8271.31,10451.4658
4286,000587.SZ,20010430,12.4,12.56,12.34,12.5,12.41,0.09,0.73,3534.0,4390.0
4287,000587.SZ,20010427,12.4,12.59,12.38,12.41,12.49,-0.08,-0.64,4128.81,5138.6618
4288,000587.SZ,20010426,12.46,12.7,12.34,12.49,12.56,-0.07,-0.56,6803.12,8501.6696
4289,000587.SZ,20010425,12.98,13.08,12.5,12.56,12.9,-0.34,-2.64,11193.0,14220.0314
4290,000587.SZ,20010424,13.0,13.17,12.83,12.9,12.87,0.03,0.23,13004.0,16926.0
4291,000587.SZ,20010423,13.0,13.23,12.81,12.87,13.15,-0.28,-2.13,11115.39,14475.4151
4292,000587.SZ,20010420,13.6,13.66,13.0,13.15,13.48,-0.33,-2.45,11248.02,15073.4892
4293,000587.SZ,20010419,13.28,13.61,13.15,13.48,13.24,0.24,1.81,18550.57,24834.3534
4294,000587.SZ,20010418,13.48,13.48,13.15,13.24,13.5,-0.26,-1.93,13006.53,17272.6984
4295,000587.SZ,20010417,13.05,13.8,13.02,13.5,12.91,0.59,4.57,49562.49,66602.4532
4296,000587.SZ,20010416,12.78,13.09,12.7,12.91,12.68,0.23,1.81,14588.61,18883.001
4297,000587.SZ,20010413,12.65,12.8,12.6,12.68,12.69,-0.01,-0.08,4589.82,5813.4953
4298,000587.SZ,20010412,12.69,12.82,12.6,12.69,12.67,0.02,0.16,5742.61,7326.2275
4299,000587.SZ,20010411,12.81,12.87,12.6,12.67,12.8,-0.13,-1.02,3756.07,4760.0994
4300,000587.SZ,20010410,12.88,12.93,12.74,12.8,12.86,-0.06,-0.47,5206.85,6673.4275
4301,000587.SZ,20010409,12.56,12.87,12.55,12.86,12.59,0.27,2.14,9434.35,12036.1636
4302,000587.SZ,20010406,12.68,12.77,12.56,12.59,12.68,-0.09,-0.71,5740.64,7255.6734
4303,000587.SZ,20010405,12.5,12.69,12.4,12.68,12.54,0.14,1.12,9845.29,12394.9694
4304,000587.SZ,20010404,12.47,12.84,12.4,12.54,12.23,0.31,2.53,26667.8,33681.2953
4305,000587.SZ,20010403,12.43,12.45,12.19,12.23,12.43,-0.2,-1.61,5824.0,7153.6646
4306,000587.SZ,20010402,12.41,12.58,12.38,12.43,12.38,0.05,0.4,7328.26,9142.7226
4307,000587.SZ,20010330,12.43,12.44,12.26,12.38,12.43,-0.05,-0.4,4411.45,5441.1539
4308,000587.SZ,20010329,12.51,12.65,12.4,12.43,12.48,-0.05,-0.4,6497.84,8109.3104
4309,000587.SZ,20010328,12.42,12.49,12.28,12.48,12.39,0.09,0.73,4589.26,5696.2005
4310,000587.SZ,20010327,12.4,12.52,12.31,12.39,12.18,0.21,1.72,8357.46,10401.5179
4311,000587.SZ,20010323,12.46,12.49,12.15,12.18,12.46,-0.28,-2.25,5036.12,6196.2914
4312,000587.SZ,20010322,12.5,12.69,12.31,12.46,12.4,0.06,0.48,6793.13,8481.8249
4313,000587.SZ,20010321,12.2,12.49,12.2,12.4,12.32,0.08,0.65,14021.28,17422.4184
4314,000587.SZ,20010320,12.2,12.44,12.2,12.32,12.19,0.13,1.07,2704.65,3332.9834
4315,000587.SZ,20010319,12.02,12.19,12.0,12.19,12.15,0.04,0.33,2545.36,3085.2602
4316,000587.SZ,20010316,12.1,12.18,12.0,12.15,12.09,0.06,0.5,1811.23,2193.2867
4317,000587.SZ,20010315,12.16,12.16,12.03,12.09,12.15,-0.06,-0.49,2956.99,3572.4198
4318,000587.SZ,20010314,11.95,12.22,11.95,12.15,12.01,0.14,1.17,3810.53,4591.0919
4319,000587.SZ,20010313,12.35,12.4,12.0,12.01,12.31,-0.3,-2.44,3670.88,4448.651
4320,000587.SZ,20010312,12.41,12.56,12.2,12.31,12.39,-0.08,-0.65,3975.15,4916.0507
4321,000587.SZ,20010309,12.2,12.65,12.2,12.39,12.32,0.07,0.57,9286.06,11595.4537
4322,000587.SZ,20010308,12.16,12.37,12.16,12.32,12.17,0.15,1.23,5784.64,7113.4009
4323,000587.SZ,20010307,12.26,12.45,12.15,12.17,12.26,-0.09,-0.73,3790.93,4656.5519
4324,000587.SZ,20010306,12.2,12.29,12.12,12.26,12.29,-0.03,-0.24,2128.36,2593.8661
4325,000587.SZ,20010305,12.46,12.5,12.25,12.29,12.4,-0.11,-0.89,2336.08,2885.0377
4326,000587.SZ,20010302,12.15,12.5,12.1,12.4,12.2,0.2,1.64,9495.32,11764.5005
4327,000587.SZ,20010301,11.92,12.2,11.85,12.2,11.93,0.27,2.26,4221.39,5069.1945
4328,000587.SZ,20010228,12.04,12.08,11.91,11.93,12.02,-0.09,-0.75,831.94,993.9734
4329,000587.SZ,20010227,11.91,12.05,11.88,12.02,11.96,0.06,0.5,2071.99,2478.9685
4330,000587.SZ,20010226,11.63,12.0,11.63,11.96,11.9,0.06,0.5,2546.45,3037.6899
4331,000587.SZ,20010223,11.87,11.99,11.7,11.9,11.86,0.04,0.34,2694.0,3188.7693
4332,000587.SZ,20010222,11.2,11.88,11.2,11.86,11.18,0.68,6.08,2772.99,3232.4792
4333,000587.SZ,20010221,11.58,11.6,11.12,11.18,11.58,-0.4,-3.45,3230.67,3645.8918
4334,000587.SZ,20010220,11.95,12.09,11.58,11.58,11.8,-0.22,-1.86,2162.16,2549.2535
4335,000587.SZ,20010219,11.3,11.8,11.3,11.8,11.6,0.2,1.72,2109.09,2435.6283
4336,000587.SZ,20010216,11.7,11.7,11.2,11.6,11.7,-0.1,-0.85,6283.05,7170.9472
4337,000587.SZ,20010215,11.95,11.95,11.68,11.7,11.86,-0.16,-1.35,2949.03,3485.465
4338,000587.SZ,20010214,11.85,12.0,11.81,11.86,11.88,-0.02,-0.17,1240.65,1473.863
4339,000587.SZ,20010213,12.0,12.11,11.8,11.88,12.0,-0.12,-1.0,2566.08,3080.1738
4340,000587.SZ,20010212,11.8,12.05,11.58,12.0,11.95,0.05,0.42,4885.22,5762.9008
4341,000587.SZ,20010209,11.8,12.09,11.71,11.95,11.93,0.02,0.17,4229.8,5034.5942
4342,000587.SZ,20010208,12.4,12.55,11.5,11.93,12.4,-0.47,-3.79,4264.21,5083.6198
4343,000587.SZ,20010207,12.3,12.53,12.3,12.4,12.49,-0.09,-0.72,1239.49,1535.7352
4344,000587.SZ,20010206,12.5,12.53,12.2,12.49,12.61,-0.12,-0.95,2476.81,3062.6747
4345,000587.SZ,20010205,12.96,13.29,12.39,12.61,12.96,-0.35,-2.7,4382.29,5611.1392
4346,000587.SZ,20010119,12.71,12.99,12.51,12.96,12.71,0.25,1.97,7804.12,10034.954
4347,000587.SZ,20010118,12.24,12.75,11.6,12.71,12.48,0.23,1.84,4739.99,5983.2688
4348,000587.SZ,20010117,12.63,12.63,12.45,12.48,12.63,-0.15,-1.19,2619.14,3275.9492
4349,000587.SZ,20010116,12.58,12.72,12.4,12.63,12.65,-0.02,-0.16,4464.47,5616.4031
4350,000587.SZ,20010115,13.15,13.15,12.61,12.65,13.2,-0.55,-4.17,5652.62,7263.9032
4351,000587.SZ,20010112,13.05,13.3,12.87,13.2,13.15,0.05,0.38,13518.01,17696.7363
4352,000587.SZ,20010111,12.74,13.2,12.59,13.15,12.74,0.41,3.22,24337.13,31589.7124
4353,000587.SZ,20010110,12.7,12.81,12.65,12.74,12.72,0.02,0.16,4141.74,5270.7305
4354,000587.SZ,20010109,12.66,12.9,12.66,12.72,12.79,-0.07,-0.55,2778.29,3542.696
4355,000587.SZ,20010108,13.15,13.2,12.6,12.79,13.03,-0.24,-1.84,6637.5,8528.5788
4356,000587.SZ,20010105,13.0,13.18,12.9,13.03,13.0,0.03,0.23,5596.42,7270.6416
4357,000587.SZ,20010104,13.02,13.08,12.85,13.0,13.02,-0.02,-0.15,4575.0,5930.0248
4358,000587.SZ,20010103,12.7,13.05,12.7,13.02,12.78,0.24,1.88,5360.24,6901.3926
4359,000587.SZ,20010102,12.68,12.78,12.5,12.78,12.67,0.11,0.87,5329.29,6725.6957
4360,000587.SZ,20001229,12.55,12.68,12.55,12.67,12.53,0.14,1.12,2603.77,3282.5012
4361,000587.SZ,20001228,12.52,12.7,12.51,12.53,12.51,0.02,0.16,8312.31,10473.7525
4362,000587.SZ,20001227,12.8,12.97,12.46,12.51,12.79,-0.28,-2.19,6718.9,8474.4209
4363,000587.SZ,20001226,12.78,13.1,12.76,12.79,12.84,-0.05,-0.39,9307.27,11962.4998
4364,000587.SZ,20001225,13.07,13.12,12.8,12.84,13.06,-0.22,-1.68,4414.53,5685.0557
4365,000587.SZ,20001222,13.9,13.9,12.7,13.06,12.66,0.4,3.16,14760.61,19472.7524
4366,000587.SZ,20001221,12.6,12.9,12.6,12.66,12.65,0.01,0.08,4496.71,5717.4145
4367,000587.SZ,20001220,12.77,12.95,12.64,12.65,12.77,-0.12,-0.94,5064.26,6459.1956
4368,000587.SZ,20001219,12.6,12.8,12.45,12.77,12.58,0.19,1.51,4428.29,5570.0328
4369,000587.SZ,20001218,12.65,12.75,12.4,12.58,12.62,-0.04,-0.32,6740.33,8461.7267
4370,000587.SZ,20001215,12.85,12.99,12.5,12.62,12.9,-0.28,-2.17,6765.9,8575.7987
4371,000587.SZ,20001214,13.3,13.33,12.85,12.9,13.21,-0.31,-2.35,4932.61,6439.4039
4372,000587.SZ,20001213,13.08,13.3,13.01,13.21,13.08,0.13,0.99,5303.22,7000.5911
4373,000587.SZ,20001212,12.81,13.1,12.81,13.08,12.86,0.22,1.71,3848.88,4990.5973
4374,000587.SZ,20001211,12.81,13.05,12.8,12.86,12.96,-0.1,-0.77,5890.33,7628.1725
4375,000587.SZ,20001208,12.75,13.08,12.72,12.96,12.81,0.15,1.17,5784.22,7508.1518
4376,000587.SZ,20001207,12.76,13.0,12.7,12.81,12.81,0.0,0.0,6467.44,8338.1531
4377,000587.SZ,20001206,13.22,13.28,12.8,12.81,13.09,-0.28,-2.14,7714.0,9991.3146
4378,000587.SZ,20001205,13.31,13.31,13.05,13.09,13.31,-0.22,-1.65,5364.95,7048.5406
4379,000587.SZ,20001204,12.98,13.36,12.98,13.31,12.98,0.33,2.54,4830.32,6384.3943
4380,000587.SZ,20001201,13.0,13.05,12.91,12.98,12.99,-0.01,-0.08,4727.07,6135.5835
4381,000587.SZ,20001130,12.7,13.07,12.7,12.99,13.0,-0.01,-0.08,4862.12,6301.0134
4382,000587.SZ,20001129,13.0,13.1,12.77,13.0,12.98,0.02,0.15,9972.93,12912.4456
4383,000587.SZ,20001128,12.96,13.1,12.9,12.98,12.96,0.02,0.15,7578.73,9839.4198
4384,000587.SZ,20001127,12.7,13.05,12.6,12.96,12.81,0.15,1.17,15154.27,19530.8921
4385,000587.SZ,20001124,13.35,13.5,12.8,12.81,13.35,-0.54,-4.04,21299.06,27812.7611
4386,000587.SZ,20001123,13.55,13.6,13.21,13.35,13.53,-0.18,-1.33,12202.55,16371.8321
4387,000587.SZ,20001122,13.47,13.67,13.35,13.53,13.46,0.07,0.52,8064.49,10904.8463
4388,000587.SZ,20001121,13.58,13.75,13.45,13.46,13.68,-0.22,-1.61,11347.87,15393.0443
4389,000587.SZ,20001120,13.0,13.8,13.0,13.68,12.79,0.89,6.96,27390.34,37002.8579
4390,000587.SZ,20001117,13.35,13.35,12.6,12.79,13.31,-0.52,-3.91,15133.0,19840.083
4391,000587.SZ,20001116,13.2,13.4,13.1,13.31,13.16,0.15,1.14,12188.0,16162.8051
4392,000587.SZ,20001115,13.08,13.6,13.06,13.16,12.99,0.17,1.31,28997.0,38773.0733
4393,000587.SZ,20001114,12.9,13.0,12.71,12.99,12.84,0.15,1.17,12574.0,16193.8097
4394,000587.SZ,20001113,12.92,12.99,12.69,12.84,12.91,-0.07,-0.54,16206.0,20820.2102
4395,000587.SZ,20001110,12.65,13.0,12.48,12.91,12.62,0.29,2.3,28136.0,36001.6984
4396,000587.SZ,20001109,12.65,12.68,12.42,12.62,12.52,0.1,0.8,13145.0,16476.1859
4397,000587.SZ,20001108,12.52,12.54,12.4,12.52,12.51,0.01,0.08,8068.0,10076.3611
4398,000587.SZ,20001107,12.65,12.7,12.45,12.51,12.65,-0.14,-1.11,5688.0,7129.0726
4399,000587.SZ,20001106,12.6,12.7,12.39,12.65,12.5,0.15,1.2,10574.0,13288.8255
4400,000587.SZ,20001103,12.45,12.65,12.4,12.5,12.47,0.03,0.24,10671.0,13349.9273
4401,000587.SZ,20001102,12.52,12.61,12.39,12.47,12.49,-0.02,-0.16,11791.0,14764.167
4402,000587.SZ,20001101,12.32,12.54,12.2,12.49,12.32,0.17,1.38,13730.0,17057.6424
4403,000587.SZ,20001031,12.23,12.37,12.16,12.32,12.22,0.1,0.82,8608.0,10549.2877
4404,000587.SZ,20001030,12.14,12.3,12.05,12.22,12.14,0.08,0.66,6756.0,8249.4486
4405,000587.SZ,20001027,12.2,12.4,12.1,12.14,12.19,-0.05,-0.41,7705.0,9441.8894
4406,000587.SZ,20001026,12.44,12.52,12.18,12.19,12.48,-0.29,-2.32,8193.0,10116.7971
4407,000587.SZ,20001025,12.5,12.59,12.3,12.48,12.48,0.0,0.0,10965.0,13649.1573
4408,000587.SZ,20001024,12.35,12.5,12.2,12.48,12.32,0.16,1.3,10083.0,12463.3939
4409,000587.SZ,20001023,12.4,12.45,12.15,12.32,12.35,-0.03,-0.24,7188.0,8816.7693
4410,000587.SZ,20001020,11.94,12.45,11.8,12.35,11.9,0.45,3.78,13814.0,16807.413
4411,000587.SZ,20001019,12.16,12.27,11.9,11.9,12.14,-0.24,-1.98,8550.0,10258.7549
4412,000587.SZ,20001018,12.12,12.35,12.0,12.14,12.11,0.03,0.25,4899.0,5982.3233
4413,000587.SZ,20001017,12.25,12.3,12.03,12.11,12.2,-0.09,-0.74,3507.0,4250.6469
4414,000587.SZ,20001016,12.0,12.29,12.0,12.2,11.92,0.28,2.35,11817.0,14411.6288
4415,000587.SZ,20001013,11.98,12.03,11.72,11.92,11.76,0.16,1.36,5192.0,6180.0769
4416,000587.SZ,20001012,11.83,11.98,11.53,11.76,11.83,-0.07,-0.59,5201.0,6145.6352
4417,000587.SZ,20001011,12.03,12.06,11.81,11.83,11.98,-0.15,-1.25,4586.0,5477.0687
4418,000587.SZ,20001010,11.72,12.1,11.72,11.98,11.7,0.28,2.39,4413.0,5293.0188
4419,000587.SZ,20001009,11.5,11.87,11.5,11.7,11.49,0.21,1.83,4144.0,4853.35
4420,000587.SZ,20000929,11.48,11.68,11.4,11.49,11.52,-0.03,-0.26,6283.0,7234.6812
4421,000587.SZ,20000928,11.9,11.9,11.4,11.52,11.91,-0.39,-3.27,8920.0,10343.6832
4422,000587.SZ,20000927,11.81,11.95,11.75,11.91,11.82,0.09,0.76,4659.0,5519.5152
4423,000587.SZ,20000926,11.77,11.95,11.68,11.82,11.66,0.16,1.37,4731.0,5581.7239
4424,000587.SZ,20000925,11.7,11.8,11.61,11.66,11.71,-0.05,-0.43,8870.0,10394.8239
4425,000587.SZ,20000922,11.9,11.9,11.6,11.71,11.93,-0.22,-1.84,14382.0,16864.6102
4426,000587.SZ,20000921,12.0,12.06,11.85,11.93,11.98,-0.05,-0.42,10797.0,12914.7976
4427,000587.SZ,20000920,12.19,12.39,11.82,11.98,12.21,-0.23,-1.88,23922.0,28753.737
4428,000587.SZ,20000919,12.28,12.5,12.1,12.21,12.34,-0.13,-1.05,16261.0,20051.6653
4429,000587.SZ,20000918,12.16,12.68,12.11,12.34,12.23,0.11,0.9,16777.0,20841.508
4430,000587.SZ,20000915,12.2,12.3,12.02,12.23,12.27,-0.04,-0.33,5439.0,6607.6679
4431,000587.SZ,20000914,12.3,12.4,12.0,12.27,12.29,-0.02,-0.16,19650.0,23954.6073
4432,000587.SZ,20000913,12.66,12.68,12.26,12.29,12.57,-0.28,-2.23,16931.0,21105.3824
4433,000587.SZ,20000912,12.34,12.59,12.1,12.57,12.29,0.28,2.28,22139.0,27495.502
4434,000587.SZ,20000911,12.04,12.3,11.87,12.29,12.04,0.25,2.08,9898.0,11911.8594
4435,000587.SZ,20000908,12.3,12.31,12.0,12.04,12.26,-0.22,-1.79,7341.0,8892.4033
4436,000587.SZ,20000907,11.99,12.3,11.77,12.26,11.99,0.27,2.25,20809.0,25025.7858
4437,000587.SZ,20000906,12.0,12.5,11.98,11.99,12.25,-0.26,-2.12,23755.71,29190.172
4438,000587.SZ,20000905,12.65,12.8,12.13,12.25,12.7,-0.45,-3.54,38626.0,48461.7557
4439,000587.SZ,20000904,12.1,12.75,12.0,12.7,12.0,0.7,5.83,46219.0,56805.4668
4440,000587.SZ,20000901,11.9,12.28,11.82,12.0,11.89,0.11,0.93,35956.0,43574.6339
4441,000587.SZ,20000831,11.7,12.2,11.6,11.89,11.8,0.09,0.76,26241.0,31347.9931
4442,000587.SZ,20000830,12.02,12.09,11.78,11.8,12.02,-0.22,-1.83,13658.0,16253.7348
4443,000587.SZ,20000829,12.2,12.32,12.0,12.02,12.26,-0.24,-1.96,12391.0,15070.3057
4444,000587.SZ,20000828,12.15,12.3,11.9,12.26,12.12,0.14,1.16,24912.0,30273.3804
4445,000587.SZ,20000825,12.15,12.37,12.0,12.12,12.16,-0.04,-0.33,25049.0,30472.2453
4446,000587.SZ,20000824,11.8,12.2,11.66,12.16,11.77,0.39,3.31,53309.0,64077.7884
4447,000587.SZ,20000823,11.3,11.97,10.85,11.77,11.3,0.47,4.16,31666.0,36520.6199
4448,000587.SZ,20000822,11.6,11.75,11.3,11.3,11.59,-0.29,-2.5,16436.0,19123.1569
4449,000587.SZ,20000821,11.33,11.63,11.3,11.59,11.33,0.26,2.29,15819.0,18310.1656
4450,000587.SZ,20000818,11.3,11.4,11.2,11.33,11.29,0.04,0.35,5486.0,6191.6613
4451,000587.SZ,20000817,11.22,11.39,11.15,11.29,11.26,0.03,0.27,7145.0,8033.1971
4452,000587.SZ,20000816,11.38,11.4,11.2,11.26,11.35,-0.09,-0.79,7227.0,8153.4686
4453,000587.SZ,20000815,11.62,11.65,11.3,11.35,11.6,-0.25,-2.16,6772.0,7743.5272
4454,000587.SZ,20000814,11.46,11.6,11.2,11.6,11.46,0.14,1.22,11295.0,12891.9706
4455,000587.SZ,20000811,11.7,11.75,11.43,11.46,11.6,-0.14,-1.21,19245.0,22238.4483
4456,000587.SZ,20000810,11.38,11.7,11.38,11.6,11.35,0.25,2.2,31917.0,36928.8298
4457,000587.SZ,20000809,11.15,11.39,11.15,11.35,11.23,0.12,1.07,13692.0,15500.4304
4458,000587.SZ,20000808,11.25,11.3,11.07,11.23,11.21,0.02,0.18,7484.0,8367.1568
4459,000587.SZ,20000807,11.0,11.25,11.0,11.21,11.04,0.17,1.54,11270.0,12585.8622
4460,000587.SZ,20000804,10.86,11.08,10.78,11.04,10.86,0.18,1.66,8710.0,9531.8598
4461,000587.SZ,20000803,11.01,11.01,10.77,10.86,11.01,-0.15,-1.36,9336.0,10139.7877
4462,000587.SZ,20000802,11.17,11.2,11.0,11.01,11.16,-0.15,-1.34,4970.0,5510.1
4463,000587.SZ,20000801,10.95,11.21,10.9,11.16,10.92,0.24,2.2,7739.0,8589.1485
4464,000587.SZ,20000731,11.09,11.09,10.88,10.92,11.03,-0.11,-1.0,6778.0,7415.6069
4465,000587.SZ,20000728,10.99,11.16,10.9,11.03,10.96,0.07,0.64,5986.0,6610.9422
4466,000587.SZ,20000727,10.9,11.02,10.82,10.96,10.9,0.06,0.55,5709.0,6243.8373
4467,000587.SZ,20000726,10.83,10.98,10.83,10.9,10.83,0.07,0.65,3960.0,4310.4749
4468,000587.SZ,20000725,10.75,10.89,10.65,10.83,10.76,0.07,0.65,3363.0,3634.015
4469,000587.SZ,20000724,10.89,10.9,10.7,10.76,10.89,-0.13,-1.19,7633.0,8198.7191
4470,000587.SZ,20000721,11.09,11.09,10.85,10.89,10.9,-0.01,-0.09,5058.0,5510.9022
4471,000587.SZ,20000720,11.16,11.16,10.88,10.9,11.04,-0.14,-1.27,5882.0,6438.2819
4472,000587.SZ,20000719,11.19,11.21,11.0,11.04,11.18,-0.14,-1.25,3621.0,4007.0093
4473,000587.SZ,20000718,11.07,11.28,11.0,11.18,11.07,0.11,0.99,3799.0,4214.9746
4474,000587.SZ,20000717,11.27,11.28,11.0,11.07,11.22,-0.15,-1.34,5469.0,6065.0024
4475,000587.SZ,20000714,11.46,11.5,11.12,11.22,11.39,-0.17,-1.49,7458.0,8395.4254
4476,000587.SZ,20000713,11.05,11.44,11.01,11.39,11.03,0.36,3.26,17647.0,19980.475
4477,000587.SZ,20000712,11.3,11.35,11.0,11.03,11.21,-0.18,-1.61,6922.0,7669.0016
4478,000587.SZ,20000711,10.76,11.25,10.71,11.21,10.74,0.47,4.38,10610.0,11654.2419
4479,000587.SZ,20000710,10.95,10.95,10.7,10.74,10.95,-0.21,-1.92,7075.0,7647.36
4480,000587.SZ,20000707,10.75,11.04,10.65,10.95,10.73,0.22,2.05,5632.0,6130.5357
4481,000587.SZ,20000706,10.75,10.8,10.61,10.73,10.73,0.0,0.0,4293.0,4574.79
4482,000587.SZ,20000705,10.7,10.95,10.7,10.73,10.88,-0.15,-1.38,4587.0,4950.219
4483,000587.SZ,20000704,10.8,10.92,10.69,10.88,10.68,0.2,1.87,4566.0,4948.4565
4484,000587.SZ,20000703,10.8,10.99,10.62,10.68,10.88,-0.2,-1.84,7682.0,8242.6117
4485,000587.SZ,20000630,10.9,10.96,10.81,10.88,10.95,-0.07,-0.64,7740.0,8416.6897
4486,000587.SZ,20000629,11.1,11.1,10.88,10.95,11.13,-0.18,-1.62,8946.0,9816.357
4487,000587.SZ,20000628,11.21,11.25,11.05,11.13,11.1,0.03,0.27,6727.0,7479.6845
4488,000587.SZ,20000627,11.2,11.3,11.08,11.1,11.18,-0.08,-0.72,9827.0,10926.8268
4489,000587.SZ,20000626,11.4,11.4,11.13,11.18,11.3,-0.12,-1.06,8098.0,9079.3852
4490,000587.SZ,20000623,11.2,11.4,11.1,11.3,11.2,0.1,0.89,8954.0,10086.0281
4491,000587.SZ,20000622,11.32,11.35,11.14,11.2,11.32,-0.12,-1.06,8053.0,9026.5238
4492,000587.SZ,20000621,11.3,11.38,11.11,11.32,11.26,0.06,0.53,8159.0,9162.8496
4493,000587.SZ,20000620,11.4,11.65,11.32,11.58,11.43,0.15,1.31,13091.0,15083.628
4494,000587.SZ,20000619,11.3,11.57,11.18,11.43,11.37,0.06,0.53,8288.0,9461.1563
4495,000587.SZ,20000616,11.64,11.7,11.35,11.37,11.64,-0.27,-2.32,9016.0,10333.4793
4496,000587.SZ,20000615,11.26,11.67,11.2,11.64,11.26,0.38,3.37,17764.0,20482.3946
4497,000587.SZ,20000614,11.2,11.35,11.07,11.26,11.16,0.1,0.9,7682.0,8636.9574
4498,000587.SZ,20000613,11.01,11.3,10.97,11.16,10.95,0.21,1.92,4734.0,5249.43
4499,000587.SZ,20000612,10.82,10.97,10.7,10.95,10.99,-0.04,-0.36,6962.0,7548.2404
4500,000587.SZ,20000609,11.2,11.33,10.96,10.99,11.24,-0.25,-2.22,12448.0,13791.7732
4501,000587.SZ,20000608,11.39,11.39,11.16,11.24,11.43,-0.19,-1.66,12991.0,14557.7169
4502,000587.SZ,20000607,11.6,11.75,11.41,11.43,11.54,-0.11,-0.95,9211.0,10627.3714
4503,000587.SZ,20000606,11.2,11.59,11.2,11.54,11.32,0.22,1.94,10293.0,11801.055
4504,000587.SZ,20000605,11.7,11.8,11.3,11.32,11.66,-0.34,-2.92,14752.0,16950.8905
4505,000587.SZ,20000602,11.1,11.75,11.1,11.66,10.92,0.74,6.78,26702.0,30600.5509
4506,000587.SZ,20000601,10.89,11.1,10.8,10.92,10.85,0.07,0.65,6771.0,7400.5035
4507,000587.SZ,20000531,10.8,10.99,10.61,10.85,10.87,-0.02,-0.18,7244.0,7845.7773
4508,000587.SZ,20000530,11.37,11.37,10.82,10.87,11.28,-0.41,-3.63,10674.0,11785.2913
4509,000587.SZ,20000529,11.1,11.39,11.03,11.28,11.23,0.05,0.45,9785.0,10928.1003
4510,000587.SZ,20000526,11.41,11.5,11.04,11.23,11.34,-0.11,-0.97,9817.0,11059.8583
4511,000587.SZ,20000525,11.39,11.5,11.2,11.34,11.35,-0.01,-0.09,10991.0,12402.5541
4512,000587.SZ,20000524,10.74,11.6,10.65,11.35,10.74,0.61,5.68,17571.0,19640.9862
4513,000587.SZ,20000523,10.99,11.03,10.65,10.74,10.97,-0.23,-2.1,8526.0,9181.9841
4514,000587.SZ,20000522,10.59,11.18,10.5,10.97,10.64,0.33,3.1,11278.0,12250.8032
4515,000587.SZ,20000519,10.46,10.65,10.33,10.64,10.49,0.15,1.43,8503.0,8928.9513
4516,000587.SZ,20000518,10.3,10.5,10.1,10.49,10.29,0.2,1.94,4849.0,5017.2318
4517,000587.SZ,20000517,10.18,10.73,10.12,10.29,10.15,0.14,1.38,7183.0,7499.5264
4518,000587.SZ,20000516,10.0,10.2,10.0,10.15,10.0,0.15,1.5,5073.0,5135.0006
4519,000587.SZ,20000515,10.18,10.25,9.8,10.0,10.17,-0.17,-1.67,7577.0,7533.5758
4520,000587.SZ,20000512,10.45,10.7,10.15,10.17,10.41,-0.24,-2.31,8905.0,9197.2677
4521,000587.SZ,20000511,10.61,10.84,10.4,10.41,10.61,-0.2,-1.89,6065.0,6448.6772
4522,000587.SZ,20000510,11.11,11.19,10.56,10.61,11.21,-0.6,-5.35,10151.0,10905.7683
4523,000587.SZ,20000509,11.42,11.5,11.09,11.21,11.42,-0.21,-1.84,10525.0,11799.3937
4524,000587.SZ,20000508,11.73,11.81,11.4,11.42,11.73,-0.31,-2.64,7884.0,9036.5218
4525,000587.SZ,20000428,11.4,11.8,11.4,11.73,11.39,0.34,2.99,10549.0,12261.0668
4526,000587.SZ,20000427,11.6,11.86,11.33,11.39,11.62,-0.23,-1.98,11679.0,13424.3685
4527,000587.SZ,20000426,11.81,11.84,11.59,11.62,11.78,-0.16,-1.36,5888.0,6863.184
4528,000587.SZ,20000425,11.61,11.8,11.45,11.78,11.7,0.08,0.68,9373.0,10798.364
4529,000587.SZ,20000424,11.98,12.07,11.6,11.7,11.88,-0.18,-1.52,6115.0,7147.4598
4530,000587.SZ,20000421,11.79,12.09,11.63,11.88,11.81,0.07,0.59,11854.0,14057.4547
4531,000587.SZ,20000420,11.9,11.98,11.68,11.81,11.89,-0.08,-0.67,11368.0,13388.7525
4532,000587.SZ,20000419,11.8,12.1,11.8,11.89,11.79,0.1,0.85,11341.0,13513.4157
4533,000587.SZ,20000418,11.61,12.1,11.61,11.79,11.51,0.28,2.43,16157.0,19176.0
4534,000587.SZ,20000417,11.8,11.8,11.4,11.51,11.96,-0.45,-3.76,25111.0,28977.2444
4535,000587.SZ,20000414,12.1,12.13,11.83,11.96,12.13,-0.17,-1.4,19211.0,22914.6589
4536,000587.SZ,20000413,12.1,12.56,12.1,12.13,12.1,0.03,0.25,19060.0,23400.2611
4537,000587.SZ,20000412,12.75,12.75,12.05,12.1,12.83,-0.73,-5.69,24666.0,30196.9543
4538,000587.SZ,20000411,11.95,12.9,11.68,12.83,11.95,0.88,7.36,32588.0,40000.8581
4539,000587.SZ,20000410,12.1,12.18,11.65,11.95,12.15,-0.2,-1.65,25163.0,29854.8657
4540,000587.SZ,20000407,12.58,12.65,12.01,12.15,12.57,-0.42,-3.34,34359.0,41853.3491
4541,000587.SZ,20000406,12.4,12.65,12.21,12.57,12.39,0.18,1.45,33424.0,41567.6077
4542,000587.SZ,20000405,12.7,12.95,12.08,12.39,12.73,-0.34,-2.67,49800.0,62463.8168
4543,000587.SZ,20000404,12.0,12.73,11.88,12.73,11.57,1.16,10.03,128887.0,162075.5177
4544,000587.SZ,20000403,12.2,12.26,11.55,11.57,12.18,-0.61,-5.01,32077.0,37725.6128
4545,000587.SZ,20000331,12.2,12.5,11.88,12.18,11.94,0.24,2.01,48403.0,59106.4886
4546,000587.SZ,20000330,11.9,12.46,11.7,11.94,11.96,-0.02,-0.17,38008.0,45888.1678
4547,000587.SZ,20000329,11.7,12.3,11.68,11.96,11.69,0.27,2.31,53365.0,63772.0401
4548,000587.SZ,20000328,11.05,11.86,11.0,11.69,10.99,0.7,6.37,47886.0,55293.0997
4549,000587.SZ,20000327,10.78,11.19,10.61,10.99,10.82,0.17,1.57,21021.0,22887.6674
4550,000587.SZ,20000324,11.3,11.49,10.8,10.82,11.24,-0.42,-3.74,29552.0,32951.6557
4551,000587.SZ,20000323,10.88,11.49,10.85,11.24,10.58,0.66,6.24,25253.0,28269.6694
4552,000587.SZ,20000322,10.41,10.99,10.21,10.58,10.47,0.11,1.05,20274.0,21670.0423
4553,000587.SZ,20000321,10.5,10.53,10.1,10.47,10.47,0.0,0.0,19696.0,20190.5476
4554,000587.SZ,20000320,10.14,10.66,9.99,10.47,10.38,0.09,0.87,19098.0,19762.1968
4555,000587.SZ,20000317,9.95,10.5,9.9,10.38,9.98,0.4,4.01,21074.0,21562.1494
4556,000587.SZ,20000316,10.75,10.8,9.85,9.98,10.9,-0.92,-8.44,27563.0,28298.3025
4557,000587.SZ,20000315,11.1,11.37,10.8,10.9,11.28,-0.38,-3.37,22980.0,25307.876
4558,000587.SZ,20000314,11.65,11.65,10.7,11.28,11.69,-0.41,-3.51,30201.0,33690.4432
4559,000587.SZ,20000313,11.5,11.8,11.3,11.69,11.55,0.14,1.21,22868.0,26337.9715
4560,000587.SZ,20000310,11.39,11.9,11.3,11.55,11.27,0.28,2.48,36232.0,42066.616
4561,000587.SZ,20000309,11.16,11.8,11.1,11.27,11.18,0.09,0.81,33348.0,38127.3204
4562,000587.SZ,20000308,10.7,11.28,10.44,11.18,10.69,0.49,4.58,30159.0,33022.9664
4563,000587.SZ,20000307,10.5,10.96,10.35,10.69,10.68,0.01,0.09,26119.0,27609.659
4564,000587.SZ,20000306,11.75,11.9,10.6,10.68,11.77,-1.09,-9.26,38725.0,43437.7816
4565,000587.SZ,20000303,11.87,11.99,11.51,11.77,11.7,0.07,0.6,32597.0,38397.1226
4566,000587.SZ,20000302,11.5,12.0,11.4,11.7,11.56,0.14,1.21,24811.0,28840.047
4567,000587.SZ,20000301,11.7,11.92,11.38,11.56,11.72,-0.16,-1.37,27796.0,32076.0
4568,000587.SZ,20000229,12.4,12.41,11.4,11.72,12.42,-0.7,-5.64,55601.0,65565.6872
4569,000587.SZ,20000228,11.34,12.48,11.0,12.42,11.41,1.01,8.85,64367.0,76224.2194
4570,000587.SZ,20000225,11.96,12.0,11.21,11.41,11.96,-0.55,-4.6,41848.0,48637.8037
4571,000587.SZ,20000224,10.9,11.98,10.85,11.96,11.17,0.79,7.07,57137.0,65425.3668
4572,000587.SZ,20000223,11.8,12.25,11.17,11.17,12.41,-1.24,-9.99,76098.0,88089.5397
4573,000587.SZ,20000222,12.99,13.6,12.3,12.41,13.24,-0.83,-6.27,75878.0,97562.1577
4574,000587.SZ,20000221,14.24,15.0,12.9,13.24,14.19,-0.95,-6.69,124977.0,173082.8817
4575,000587.SZ,20000218,12.49,14.19,11.62,14.19,12.9,1.29,10.0,136029.0,174445.3158
4576,000587.SZ,20000217,15.17,15.17,12.42,12.9,13.79,-0.89,-6.45,261495.0,373490.1915
4577,000587.SZ,20000216,13.78,13.79,13.2,13.79,12.54,1.25,9.97,37377.0,51343.3589
4578,000587.SZ,20000215,12.54,12.54,12.54,12.54,11.4,1.14,10.0,14547.0,18241.637
4579,000587.SZ,20000214,11.39,11.4,11.36,11.4,10.36,1.04,10.04,22921.0,26128.1371
4580,000587.SZ,20000128,9.53,10.36,9.21,10.36,9.42,0.94,9.98,147075.0,146598.6899
4581,000587.SZ,20000127,8.9,9.5,8.9,9.42,8.79,0.63,7.17,122127.0,113563.9641
4582,000587.SZ,20000126,8.2,8.8,8.15,8.79,8.19,0.6,7.33,45320.0,38659.6035
4583,000587.SZ,20000125,8.55,8.6,8.11,8.19,8.45,-0.26,-3.08,24857.0,20554.1956
4584,000587.SZ,20000124,8.19,8.7,8.1,8.45,8.2,0.25,3.05,40953.0,34582.4529
4585,000587.SZ,20000121,8.2,8.7,8.13,8.2,8.24,-0.04,-0.49,59165.0,50094.5466
4586,000587.SZ,20000120,7.7,8.32,7.63,8.24,7.72,0.52,6.74,30143.0,24332.5995
4587,000587.SZ,20000119,7.8,7.93,7.57,7.72,7.9,-0.18,-2.28,24330.0,18783.3072
4588,000587.SZ,20000118,8.43,8.44,7.89,7.9,8.44,-0.54,-6.4,25753.0,20909.2689
4589,000587.SZ,20000117,8.0,8.51,7.89,8.44,8.0,0.44,5.5,37635.0,30959.7859
4590,000587.SZ,20000114,7.8,8.18,7.8,8.0,7.81,0.19,2.43,29044.0,23270.4951
4591,000587.SZ,20000113,8.02,8.27,7.8,7.81,8.16,-0.35,-4.29,37970.0,30309.4397
4592,000587.SZ,20000112,8.66,9.05,8.16,8.16,8.85,-0.69,-7.8,80578.0,68377.7844
4593,000587.SZ,20000111,9.66,9.66,8.42,8.85,8.78,0.07,0.8,115367.0,103839.3376
4594,000587.SZ,20000110,8.78,8.78,8.58,8.78,7.98,0.8,10.03,152654.0,133589.2074
4595,000587.SZ,20000107,7.98,7.98,7.98,7.98,7.25,0.73,10.07,12653.0,10096.9105
4596,000587.SZ,20000106,7.25,7.25,7.25,7.25,6.59,0.66,10.02,8080.0,5857.7608
4597,000587.SZ,20000105,6.61,6.82,6.58,6.59,6.64,-0.05,-0.75,3956.0,2639.2441
4598,000587.SZ,20000104,6.38,6.65,6.38,6.64,6.46,0.18,2.79,2708.0,1786.3172
4599,000587.SZ,19991230,6.5,6.53,6.44,6.46,6.46,0.0,0.0,1106.0,717.0386
4600,000587.SZ,19991229,6.35,6.6,6.25,6.46,6.39,0.07,1.1,1827.0,1168.7393
4601,000587.SZ,19991228,6.25,6.55,6.25,6.39,6.32,0.07,1.11,2376.0,1520.749
4602,000587.SZ,19991227,6.52,6.7,6.31,6.32,6.62,-0.3,-4.53,2362.0,1525.0
4603,000587.SZ,19991224,6.68,6.82,6.61,6.62,6.71,-0.09,-1.34,2083.0,1388.2056
4604,000587.SZ,19991223,6.85,6.95,6.65,6.71,6.83,-0.12,-1.76,2760.0,1857.7762
4605,000587.SZ,19991222,6.95,7.0,6.82,6.83,6.99,-0.16,-2.29,3784.0,2622.1024
4606,000587.SZ,19991221,7.09,7.15,6.97,6.99,7.14,-0.15,-2.1,3328.0,2330.3443
4607,000587.SZ,19991217,7.35,7.36,7.1,7.14,7.36,-0.22,-2.99,2280.0,1639.8427
4608,000587.SZ,19991216,7.45,7.45,7.26,7.36,7.37,-0.01,-0.14,2971.0,2179.404
4609,000587.SZ,19991215,7.36,7.5,7.23,7.37,7.4,-0.03,-0.41,6787.0,5006.0114
4610,000587.SZ,19991214,7.35,7.42,7.25,7.4,7.37,0.03,0.41,5443.0,3999.5274
4611,000587.SZ,19991213,7.23,7.47,7.2,7.37,7.17,0.2,2.79,11413.0,8410.8497
4612,000587.SZ,19991210,7.2,7.25,7.11,7.17,7.17,0.0,0.0,3055.43,2199.1344
4613,000587.SZ,19991209,7.1,7.25,7.1,7.17,7.01,0.16,2.28,7145.0,5142.917
4614,000587.SZ,19991208,7.09,7.12,7.0,7.01,7.15,-0.14,-1.96,794.0,558.223
4615,000587.SZ,19991207,6.96,7.18,6.9,7.15,7.0,0.15,2.14,2413.0,1687.9354
4616,000587.SZ,19991206,7.01,7.1,6.98,7.0,7.14,-0.14,-1.96,1784.0,1253.0379
4617,000587.SZ,19991203,7.0,7.15,7.0,7.14,7.01,0.13,1.85,1454.0,1025.1456
4618,000587.SZ,19991202,7.1,7.15,7.0,7.01,7.18,-0.17,-2.37,1831.0,1293.932
4619,000587.SZ,19991201,7.08,7.22,7.0,7.18,7.01,0.17,2.43,3775.0,2692.6471
4620,000587.SZ,19991130,6.97,7.04,6.9,7.01,6.97,0.04,0.57,1344.0,936.7953
4621,000587.SZ,19991129,7.08,7.08,6.88,6.97,7.06,-0.09,-1.27,2034.0,1422.2028
4622,000587.SZ,19991126,7.2,7.2,7.03,7.06,7.03,0.03,0.43,1184.0,839.0325
4623,000587.SZ,19991125,7.03,7.13,7.0,7.03,7.08,-0.05,-0.71,2147.0,1510.6007
4624,000587.SZ,19991124,7.06,7.25,7.02,7.08,7.12,-0.04,-0.56,1723.0,1223.637
4625,000587.SZ,19991123,7.1,7.2,7.05,7.12,7.14,-0.02,-0.28,1780.0,1263.9835
4626,000587.SZ,19991122,7.11,7.18,7.02,7.14,7.11,0.03,0.42,2100.0,1491.6154
4627,000587.SZ,19991119,7.16,7.2,7.06,7.11,7.15,-0.04,-0.56,2763.0,1965.3272
4628,000587.SZ,19991118,7.09,7.26,7.05,7.15,7.06,0.09,1.27,3753.0,2686.8324
4629,000587.SZ,19991117,7.0,7.08,6.91,7.06,6.96,0.1,1.44,2190.0,1531.9965
4630,000587.SZ,19991116,7.25,7.25,6.9,6.96,7.02,-0.06,-0.85,1936.0,1353.0521
4631,000587.SZ,19991115,7.0,7.04,6.92,7.02,7.0,0.02,0.29,1938.0,1354.8724
4632,000587.SZ,19991112,7.11,7.13,7.0,7.0,7.1,-0.1,-1.41,1192.0,838.5164
4633,000587.SZ,19991111,7.18,7.2,7.08,7.1,7.17,-0.07,-0.98,1733.0,1234.5096
4634,000587.SZ,19991110,7.01,7.2,6.96,7.17,7.01,0.16,2.28,3777.0,2668.7292
4635,000587.SZ,19991109,7.1,7.12,7.0,7.01,7.02,-0.01,-0.14,1693.0,1190.6578
4636,000587.SZ,19991108,6.9,7.09,6.9,7.02,7.0,0.02,0.29,1223.0,856.7614
4637,000587.SZ,19991105,6.98,7.1,6.97,7.0,6.97,0.03,0.43,2199.0,1543.3769
4638,000587.SZ,19991104,7.01,7.1,6.93,6.97,7.09,-0.12,-1.69,4025.0,2813.3736
4639,000587.SZ,19991103,7.16,7.2,7.04,7.09,7.17,-0.08,-1.12,3026.0,2147.065
4640,000587.SZ,19991102,7.36,7.36,7.1,7.17,7.22,-0.05,-0.69,1585.0,1136.2344
4641,000587.SZ,19991101,7.23,7.28,7.15,7.22,7.22,0.0,0.0,2445.0,1762.19
4642,000587.SZ,19991029,7.3,7.38,7.16,7.22,7.36,-0.14,-1.9,4713.0,3412.853
4643,000587.SZ,19991028,7.6,7.61,7.34,7.36,7.6,-0.24,-3.16,9256.0,6863.935
4644,000587.SZ,19991027,7.52,7.62,7.4,7.6,7.48,0.12,1.6,18500.0,13966.9858
4645,000587.SZ,19991026,7.2,7.48,7.18,7.48,7.18,0.3,4.18,5418.0,3983.7289
4646,000587.SZ,19991025,7.32,7.32,7.16,7.18,7.29,-0.11,-1.51,4249.0,3065.0165
4647,000587.SZ,19991022,7.1,7.38,7.01,7.29,7.19,0.1,1.39,9137.0,6592.9492
4648,000587.SZ,19991021,7.38,7.56,7.16,7.19,7.38,-0.19,-2.57,18927.0,14064.1139
4649,000587.SZ,19991020,7.32,7.45,7.3,7.38,7.34,0.04,0.55,5622.0,4157.3449
4650,000587.SZ,19991019,7.35,7.45,7.21,7.34,7.44,-0.1,-1.34,8863.0,6473.0952
4651,000587.SZ,19991018,7.46,7.53,7.4,7.44,7.44,0.0,0.0,10188.0,7592.604
4652,000587.SZ,19991015,7.25,7.46,7.25,7.44,7.25,0.19,2.62,6037.0,4470.9612
4653,000587.SZ,19991014,7.18,7.35,7.09,7.25,7.21,0.04,0.55,4082.0,2962.7979
4654,000587.SZ,19991013,7.18,7.23,7.07,7.21,7.18,0.03,0.42,4623.0,3301.148
4655,000587.SZ,19991012,7.0,7.19,6.95,7.18,6.91,0.27,3.91,2820.0,1990.7395
4656,000587.SZ,19991011,6.8,7.05,6.8,6.91,6.92,-0.01,-0.14,1729.0,1198.1316
4657,000587.SZ,19991008,7.05,7.08,6.91,6.92,7.12,-0.2,-2.81,2674.0,1869.3202
4658,000587.SZ,19990930,7.18,7.23,7.12,7.12,7.2,-0.08,-1.11,2440.0,1747.873
4659,000587.SZ,19990929,7.25,7.37,7.19,7.2,7.22,-0.02,-0.28,2287.34,1658.6779
4660,000587.SZ,19990928,7.21,7.29,7.15,7.22,7.2,0.02,0.28,2481.0,1785.0278
4661,000587.SZ,19990927,7.33,7.37,7.2,7.2,7.33,-0.13,-1.77,3507.0,2534.5431
4662,000587.SZ,19990924,7.28,7.4,7.28,7.33,7.27,0.06,0.83,1726.0,1267.6535
4663,000587.SZ,19990923,7.32,7.4,7.25,7.27,7.31,-0.04,-0.55,3335.0,2431.0
4664,000587.SZ,19990922,7.46,7.46,7.28,7.31,7.35,-0.04,-0.54,3083.0,2262.2009
4665,000587.SZ,19990921,7.32,7.38,7.26,7.35,7.38,-0.03,-0.41,2643.0,1935.6535
4666,000587.SZ,19990920,7.6,7.6,7.3,7.38,7.55,-0.17,-2.25,3478.0,2581.197
4667,000587.SZ,19990917,7.54,7.61,7.45,7.55,7.55,0.0,0.0,3879.0,2920.7134
4668,000587.SZ,19990916,7.6,7.67,7.54,7.55,7.58,-0.03,-0.4,3773.0,2867.5836
4669,000587.SZ,19990915,7.75,7.8,7.55,7.58,7.75,-0.17,-2.19,5753.0,4399.6473
4670,000587.SZ,19990914,7.83,7.95,7.73,7.75,7.77,-0.02,-0.26,11571.0,9064.6895
4671,000587.SZ,19990913,7.56,7.81,7.5,7.77,7.57,0.2,2.64,9366.0,7180.1478
4672,000587.SZ,19990910,7.8,7.82,7.5,7.57,7.72,-0.15,-1.94,11138.0,8450.1132
4673,000587.SZ,19990909,7.42,7.72,7.36,7.72,7.31,0.41,5.61,9968.0,7591.4486
4674,000587.SZ,19990908,7.22,7.42,7.2,7.31,7.25,0.06,0.83,2765.0,2021.3776
4675,000587.SZ,19990907,7.19,7.38,7.19,7.25,7.19,0.06,0.83,4022.0,2930.7226
4676,000587.SZ,19990906,7.45,7.45,7.15,7.19,7.5,-0.31,-4.13,7278.0,5277.3446
4677,000587.SZ,19990903,7.65,7.7,7.45,7.5,7.72,-0.22,-2.85,5607.0,4229.2434
4678,000587.SZ,19990902,7.44,7.76,7.44,7.72,7.55,0.17,2.25,7868.0,5949.993
4679,000587.SZ,19990901,7.89,7.89,7.5,7.55,7.89,-0.34,-4.31,6769.0,5196.4253
4680,000587.SZ,19990831,7.59,7.92,7.5,7.89,7.63,0.26,3.41,11197.0,8611.6747
4681,000587.SZ,19990830,7.95,8.0,7.6,7.63,7.94,-0.31,-3.9,16478.0,12841.8546
4682,000587.SZ,19990827,7.75,7.97,7.73,7.94,7.7,0.24,3.12,82276.0,64841.6322
4683,000587.SZ,19990826,7.5,7.72,7.5,7.7,7.62,0.08,1.05,13961.0,10633.313
4684,000587.SZ,19990825,7.5,7.65,7.45,7.62,7.58,0.04,0.53,17299.0,13045.28
4685,000587.SZ,19990824,7.4,7.65,7.4,7.58,7.5,0.08,1.07,25479.0,19299.9656
4686,000587.SZ,19990823,7.05,7.52,6.89,7.5,7.07,0.43,6.08,12961.0,9375.1236
4687,000587.SZ,19990820,7.11,7.14,7.0,7.07,7.02,0.05,0.71,5392.0,3815.8222
4688,000587.SZ,19990819,6.71,7.09,6.71,7.02,6.71,0.31,4.62,7073.0,4941.7331
4689,000587.SZ,19990818,6.81,6.81,6.65,6.71,6.81,-0.1,-1.47,4163.0,2790.843
4690,000587.SZ,19990817,6.7,6.9,6.68,6.81,6.75,0.06,0.89,5051.0,3455.0613
4691,000587.SZ,19990816,6.85,6.85,6.61,6.75,6.83,-0.08,-1.17,4645.0,3102.0483
4692,000587.SZ,19990813,6.92,7.0,6.8,6.83,6.92,-0.09,-1.3,4869.0,3349.9472
4693,000587.SZ,19990812,6.9,7.06,6.89,6.92,7.0,-0.08,-1.14,7537.0,5231.1944
4694,000587.SZ,19990811,7.22,7.38,6.96,7.0,7.64,-0.64,-8.38,14379.0,10179.8814
4695,000587.SZ,19990810,7.3,7.65,7.25,7.64,7.32,0.32,4.37,7484.0,5524.1676
4696,000587.SZ,19990809,7.43,7.43,7.2,7.32,7.46,-0.14,-1.88,6279.0,4600.5064
4697,000587.SZ,19990806,7.6,7.7,7.25,7.46,7.61,-0.15,-1.97,9347.0,6932.3765
4698,000587.SZ,19990805,7.8,7.81,7.5,7.61,7.72,-0.11,-1.42,8416.0,6383.6924
4699,000587.SZ,19990804,7.58,7.85,7.58,7.72,7.59,0.13,1.71,8020.0,6195.0
4700,000587.SZ,19990803,7.65,7.69,7.5,7.59,7.65,-0.06,-0.78,8659.0,6560.0637
4701,000587.SZ,19990802,7.75,7.8,7.57,7.65,7.7,-0.05,-0.65,9378.0,7172.5254
4702,000587.SZ,19990730,7.7,7.78,7.65,7.7,7.6,0.1,1.32,18656.0,14365.5469
4703,000587.SZ,19990729,7.4,7.8,7.4,7.6,7.25,0.35,4.83,23965.0,18278.3106
4704,000587.SZ,19990728,7.1,7.3,7.1,7.25,7.13,0.12,1.68,5943.0,4292.5462
4705,000587.SZ,19990727,7.17,7.17,7.05,7.13,7.18,-0.05,-0.7,4465.0,3175.4586
4706,000587.SZ,19990726,7.19,7.23,7.06,7.18,7.04,0.14,1.99,5573.0,3981.1275
4707,000587.SZ,19990723,7.0,7.2,6.93,7.04,6.93,0.11,1.59,6114.0,4318.5275
4708,000587.SZ,19990722,7.2,7.25,6.9,6.93,7.25,-0.32,-4.41,9643.0,6823.4419
4709,000587.SZ,19990721,7.28,7.38,7.12,7.25,7.19,0.06,0.83,12901.0,9350.4856
4710,000587.SZ,19990720,6.66,7.2,6.58,7.19,6.7,0.49,7.31,9719.0,6644.3628
4711,000587.SZ,19990719,6.99,6.99,6.68,6.7,7.09,-0.39,-5.5,8780.5,5945.8964
4712,000587.SZ,19990716,7.3,7.3,7.06,7.09,7.25,-0.16,-2.21,7324.0,5210.593
4713,000587.SZ,19990715,7.4,7.4,7.18,7.25,7.39,-0.14,-1.89,5630.0,4081.0755
4714,000587.SZ,19990714,7.16,7.4,7.16,7.39,7.16,0.23,3.21,6437.0,4685.4644
4715,000587.SZ,19990713,7.34,7.35,7.1,7.16,7.38,-0.22,-2.98,8938.0,6428.9621
4716,000587.SZ,19990712,7.61,7.64,7.3,7.38,7.56,-0.18,-2.38,9241.0,6842.0345
4717,000587.SZ,19990709,7.5,7.75,7.38,7.56,7.54,0.02,0.27,9191.0,6954.5773
4718,000587.SZ,19990708,7.35,7.79,7.35,7.54,7.35,0.19,2.59,19257.0,14777.0626
4719,000587.SZ,19990707,7.2,7.4,7.1,7.35,7.21,0.14,1.94,10282.0,7455.7611
4720,000587.SZ,19990706,7.28,7.5,7.1,7.21,7.41,-0.2,-2.7,10988.0,7995.6528
4721,000587.SZ,19990705,7.6,7.8,7.4,7.41,7.62,-0.21,-2.76,14526.0,10964.0309
4722,000587.SZ,19990702,7.1,7.69,7.0,7.62,7.2,0.42,5.83,24808.0,18260.9981
4723,000587.SZ,19990701,8.0,8.08,7.2,7.2,8.0,-0.8,-10.0,24136.0,17951.9573
4724,000587.SZ,19990630,8.45,8.5,7.9,8.0,8.4,-0.4,-4.76,36435.0,29921.6597
4725,000587.SZ,19990629,8.5,8.6,8.1,8.4,8.4,0.0,0.0,40144.0,33155.4091
4726,000587.SZ,19990628,8.0,8.45,7.9,8.4,8.0,0.4,5.0,45541.0,37404.232
4727,000587.SZ,19990625,8.85,8.9,7.97,8.0,8.85,-0.85,-9.6,62067.0,52684.7571
4728,000587.SZ,19990624,8.6,9.2,8.48,8.85,8.55,0.3,3.51,60731.0,53565.9087
4729,000587.SZ,19990623,8.66,8.7,8.33,8.55,8.63,-0.08,-0.93,51744.0,43923.8901
4730,000587.SZ,19990622,8.7,8.76,8.2,8.63,8.58,0.05,0.58,93685.0,79274.9137
4731,000587.SZ,19990621,8.0,8.58,8.0,8.58,7.8,0.78,10.0,206172.0,169526.5493
4732,000587.SZ,19990618,7.4,7.9,7.26,7.8,7.19,0.61,8.48,175955.0,134824.6293
4733,000587.SZ,19990617,6.65,7.2,6.52,7.19,6.55,0.64,9.77,82671.0,56776.4538
4734,000587.SZ,19990616,6.28,6.58,6.21,6.55,6.23,0.32,5.14,21255.0,13501.3225
4735,000587.SZ,19990615,6.8,6.89,6.12,6.23,6.7,-0.47,-7.01,33616.0,22383.2904
4736,000587.SZ,19990614,6.41,6.7,6.4,6.7,6.45,0.25,3.88,31203.0,20589.3133
4737,000587.SZ,19990611,6.35,6.55,6.32,6.45,6.36,0.09,1.42,20047.0,12878.6101
4738,000587.SZ,19990610,6.5,6.59,6.29,6.36,6.41,-0.05,-0.78,24100.0,15423.218
4739,000587.SZ,19990609,6.34,6.41,6.25,6.41,6.38,0.03,0.47,16745.0,10627.1224
4740,000587.SZ,19990608,6.35,6.4,6.2,6.38,6.3,0.08,1.27,23062.0,14512.6813
4741,000587.SZ,19990607,6.32,6.33,6.11,6.3,6.36,-0.06,-0.94,18650.0,11587.7326
4742,000587.SZ,19990604,6.5,6.52,6.2,6.36,6.5,-0.14,-2.15,28880.0,18133.8806
4743,000587.SZ,19990603,6.43,6.8,6.4,6.5,6.31,0.19,3.01,97188.0,63757.5983
4744,000587.SZ,19990602,6.2,6.4,6.14,6.31,6.13,0.18,2.94,32852.0,20581.3776
4745,000587.SZ,19990601,5.85,6.15,5.83,6.13,5.83,0.3,5.15,16902.0,10217.4261
4746,000587.SZ,19990531,6.0,6.0,5.76,5.83,6.0,-0.17,-2.83,14357.0,8456.5084
4747,000587.SZ,19990528,6.19,6.23,5.9,6.0,6.16,-0.16,-2.6,16006.0,9659.7769
4748,000587.SZ,19990527,5.93,6.18,5.9,6.16,5.93,0.23,3.88,20034.0,12144.3418
4749,000587.SZ,19990526,5.7,5.94,5.68,5.93,5.71,0.22,3.85,8336.0,4830.8377
4750,000587.SZ,19990525,5.78,6.08,5.65,5.71,5.82,-0.11,-1.89,13376.0,7920.6862
4751,000587.SZ,19990524,5.65,5.82,5.48,5.82,5.65,0.17,3.01,13780.0,7761.4134
4752,000587.SZ,19990521,5.73,5.86,5.62,5.65,5.73,-0.08,-1.4,8378.0,4792.4153
4753,000587.SZ,19990520,5.65,5.77,5.55,5.73,5.61,0.12,2.14,8202.0,4631.7998
4754,000587.SZ,19990519,5.3,5.64,5.26,5.61,5.26,0.35,6.65,4168.0,2265.9898
4755,000587.SZ,19990518,5.38,5.49,5.26,5.26,5.37,-0.11,-2.05,2274.0,1226.3662
4756,000587.SZ,19990517,5.45,5.48,5.26,5.37,5.47,-0.1,-1.83,3928.0,2104.3614
4757,000587.SZ,19990514,5.64,5.65,5.38,5.47,5.64,-0.17,-3.01,4748.0,2618.4368
4758,000587.SZ,19990513,5.8,5.8,5.6,5.64,5.84,-0.2,-3.42,4641.0,2641.8745
4759,000587.SZ,19990512,5.92,5.95,5.75,5.84,5.91,-0.07,-1.18,3345.0,1944.1298
4760,000587.SZ,19990511,5.8,5.98,5.74,5.91,5.74,0.17,2.96,5303.0,3093.8836
4761,000587.SZ,19990510,6.19,6.2,5.7,5.74,6.21,-0.47,-7.57,9133.0,5383.0165
4762,000587.SZ,19990507,6.32,6.37,6.2,6.21,6.32,-0.11,-1.74,3637.0,2280.133
4763,000587.SZ,19990506,6.2,6.34,6.2,6.32,6.2,0.12,1.94,2890.0,1814.7961
4764,000587.SZ,19990504,6.25,6.3,6.2,6.2,6.24,-0.04,-0.64,3017.0,1885.5927
4765,000587.SZ,19990430,6.27,6.27,6.15,6.24,6.25,-0.01,-0.16,4552.0,2824.27
4766,000587.SZ,19990429,6.15,6.27,6.1,6.25,6.15,0.1,1.63,4236.0,2625.9191
4767,000587.SZ,19990428,6.2,6.34,6.13,6.15,6.2,-0.05,-0.81,5189.0,3224.3771
4768,000587.SZ,19990427,6.21,6.37,6.12,6.2,6.42,-0.22,-3.43,11050.0,6887.7254
4769,000587.SZ,19990426,6.58,6.66,6.2,6.42,6.65,-0.23,-3.46,7844.0,5108.0303
4770,000587.SZ,19990423,6.3,6.7,6.3,6.65,6.32,0.33,5.22,8177.0,5307.322
4771,000587.SZ,19990422,6.25,6.34,6.1,6.32,6.32,0.0,0.0,5500.0,3404.963
4772,000587.SZ,19990421,6.5,6.57,6.3,6.32,6.48,-0.16,-2.47,5179.0,3319.5623
4773,000587.SZ,19990420,6.35,6.49,6.35,6.48,6.37,0.11,1.73,3538.0,2277.1786
4774,000587.SZ,19990419,6.3,6.45,6.3,6.37,6.37,0.0,0.0,3664.0,2330.1528
4775,000587.SZ,19990416,6.49,6.54,6.3,6.37,6.49,-0.12,-1.85,6746.0,4322.6419
4776,000587.SZ,19990415,6.72,6.72,6.44,6.49,6.72,-0.23,-3.42,6871.0,4488.5078
4777,000587.SZ,19990414,6.61,6.75,6.61,6.72,6.62,0.1,1.51,3349.0,2241.2142
4778,000587.SZ,19990413,6.73,6.73,6.6,6.62,6.75,-0.13,-1.93,7463.0,4963.0009
4779,000587.SZ,19990412,7.0,7.0,6.75,6.75,6.97,-0.22,-3.16,7546.0,5134.4791
4780,000587.SZ,19990409,6.82,6.98,6.74,6.97,6.86,0.11,1.6,7053.0,4853.1183
4781,000587.SZ,19990408,6.87,6.9,6.77,6.86,6.89,-0.03,-0.44,5864.0,3996.9888
4782,000587.SZ,19990407,7.05,7.05,6.83,6.89,6.98,-0.09,-1.29,7021.0,4844.7788
4783,000587.SZ,19990406,7.06,7.26,6.95,6.98,7.05,-0.07,-0.99,6407.0,4486.5818
4784,000587.SZ,19990405,6.99,7.07,6.88,7.05,6.99,0.06,0.86,11750.0,8173.9031
4785,000587.SZ,19990402,7.02,7.06,6.88,6.99,7.02,-0.03,-0.43,10727.0,7475.9808
4786,000587.SZ,19990401,6.89,7.09,6.88,7.02,6.86,0.16,2.33,16236.0,11377.9436
4787,000587.SZ,19990331,6.72,6.9,6.66,6.86,6.66,0.2,3.0,6916.0,4706.5272
4788,000587.SZ,19990330,6.91,6.95,6.62,6.66,6.91,-0.25,-3.62,16661.0,11253.6561
4789,000587.SZ,19990329,6.85,7.0,6.81,6.91,6.77,0.14,2.07,34209.0,23631.9215
4790,000587.SZ,19990326,6.47,6.8,6.47,6.77,6.47,0.3,4.64,17436.0,11719.2214
4791,000587.SZ,19990325,6.65,6.65,6.44,6.47,6.69,-0.22,-3.29,6085.0,3986.1531
4792,000587.SZ,19990324,6.75,6.76,6.61,6.69,6.73,-0.04,-0.59,4842.0,3237.6685
4793,000587.SZ,19990323,6.78,6.8,6.63,6.73,6.78,-0.05,-0.74,4796.0,3207.246
4794,000587.SZ,19990322,6.95,6.95,6.76,6.78,6.87,-0.09,-1.31,6674.0,4563.4156
4795,000587.SZ,19990319,6.7,6.9,6.65,6.87,6.73,0.14,2.08,7270.0,4923.0377
4796,000587.SZ,19990318,6.8,6.82,6.62,6.73,6.82,-0.09,-1.32,8031.0,5389.8769
4797,000587.SZ,19990317,7.0,7.02,6.8,6.82,7.02,-0.2,-2.85,14554.0,10007.0505
4798,000587.SZ,19990316,6.99,7.08,6.8,7.02,6.94,0.08,1.15,17931.0,12484.6067
4799,000587.SZ,19990315,6.66,7.09,6.66,6.94,6.58,0.36,5.47,42279.0,29172.9002
4800,000587.SZ,19990312,6.57,6.96,6.52,6.69,6.59,0.1,1.52,43057.0,29187.3555
4801,000587.SZ,19990311,6.39,6.67,6.38,6.59,6.39,0.2,3.13,14807.0,9658.3668
4802,000587.SZ,19990310,6.51,6.52,6.3,6.39,6.56,-0.17,-2.59,8591.0,5471.7794
4803,000587.SZ,19990309,6.72,6.74,6.53,6.56,6.69,-0.13,-1.94,5308.0,3503.9512
4804,000587.SZ,19990308,6.68,6.7,6.49,6.69,6.64,0.05,0.75,7293.0,4783.4682
4805,000587.SZ,19990305,6.58,6.69,6.52,6.64,6.58,0.06,0.91,5714.0,3778.1447
4806,000587.SZ,19990304,6.72,6.75,6.51,6.58,6.68,-0.1,-1.5,5388.0,3564.3894
4807,000587.SZ,19990303,6.55,6.78,6.55,6.68,6.49,0.19,2.93,11481.0,7661.7106
4808,000587.SZ,19990302,6.25,6.62,6.2,6.49,6.25,0.24,3.84,4397.0,2833.5631
4809,000587.SZ,19990301,6.3,6.3,6.17,6.25,6.25,0.0,0.0,3246.0,2022.2404
4810,000587.SZ,19990209,6.16,6.26,6.05,6.25,6.09,0.16,2.63,2154.0,1321.8561
4811,000587.SZ,19990208,6.15,6.25,6.08,6.09,6.15,-0.06,-0.98,3192.0,1963.11
4812,000587.SZ,19990205,6.38,6.4,6.15,6.15,6.45,-0.3,-4.65,3391.0,2132.3026
4813,000587.SZ,19990204,6.47,6.5,6.4,6.45,6.46,-0.01,-0.15,2378.0,1529.6961
4814,000587.SZ,19990203,6.55,6.56,6.41,6.46,6.6,-0.14,-2.12,2252.0,1457.0099
4815,000587.SZ,19990202,6.71,6.71,6.55,6.6,6.7,-0.1,-1.49,2507.0,1656.8822
4816,000587.SZ,19990201,6.53,6.78,6.51,6.7,6.58,0.12,1.82,6598.0,4423.5993
4817,000587.SZ,19990129,6.6,6.7,6.41,6.58,6.6,-0.02,-0.3,3065.0,2010.8211
4818,000587.SZ,19990128,6.42,6.65,6.42,6.6,6.42,0.18,2.8,3909.0,2545.2613
4819,000587.SZ,19990127,6.37,6.48,6.3,6.42,6.36,0.06,0.94,2416.0,1541.6918
4820,000587.SZ,19990126,6.45,6.45,6.35,6.36,6.49,-0.13,-2.0,1987.0,1268.3672
4821,000587.SZ,19990125,6.6,6.65,6.47,6.49,6.55,-0.06,-0.92,2892.0,1889.7653
4822,000587.SZ,19990122,6.45,6.65,6.42,6.55,6.44,0.11,1.71,3086.0,2020.2663
4823,000587.SZ,19990121,6.35,6.46,6.33,6.44,6.45,-0.01,-0.16,2608.0,1669.5956
4824,000587.SZ,19990120,6.55,6.56,6.42,6.45,6.58,-0.13,-1.98,1334.0,863.3332
4825,000587.SZ,19990119,6.55,6.6,6.45,6.58,6.53,0.05,0.77,2591.0,1689.7996
4826,000587.SZ,19990118,6.35,6.53,6.26,6.53,6.39,0.14,2.19,2581.0,1641.7405
4827,000587.SZ,19990115,6.5,6.55,6.36,6.39,6.5,-0.11,-1.69,2454.0,1581.8907
4828,000587.SZ,19990114,6.54,6.6,6.48,6.5,6.54,-0.04,-0.61,2031.0,1326.4661
4829,000587.SZ,19990113,6.6,6.69,6.51,6.54,6.6,-0.06,-0.91,2509.0,1658.4248
4830,000587.SZ,19990112,6.8,6.8,6.58,6.6,6.79,-0.19,-2.8,3790.0,2538.8812
4831,000587.SZ,19990111,6.66,6.83,6.6,6.79,6.61,0.18,2.72,9193.0,6213.4352
4832,000587.SZ,19990108,6.28,6.63,6.26,6.61,6.29,0.32,5.09,3566.0,2325.2102
4833,000587.SZ,19990107,6.28,6.34,6.2,6.29,6.3,-0.01,-0.16,1598.0,1003.8657
4834,000587.SZ,19990106,6.2,6.38,6.2,6.3,6.24,0.06,0.96,1170.0,737.5601
4835,000587.SZ,19990105,6.31,6.35,6.14,6.24,6.38,-0.14,-2.19,2651.0,1647.8496
4836,000587.SZ,19990104,6.38,6.47,6.35,6.38,6.45,-0.07,-1.09,1374.0,878.4254
4837,000587.SZ,19981231,6.55,6.55,6.41,6.45,6.53,-0.08,-1.23,1311.0,848.1874
4838,000587.SZ,19981230,6.48,6.6,6.35,6.53,6.48,0.05,0.77,2968.0,1914.1107
4839,000587.SZ,19981229,6.7,6.7,6.45,6.48,6.63,-0.15,-2.26,1661.0,1092.411
4840,000587.SZ,19981228,6.7,6.75,6.55,6.63,6.62,0.01,0.15,1663.0,1106.6472
4841,000587.SZ,19981225,6.6,6.7,6.6,6.62,6.65,-0.03,-0.45,1185.0,789.7711
4842,000587.SZ,19981224,6.66,6.72,6.58,6.65,6.69,-0.04,-0.6,1370.0,909.484
4843,000587.SZ,19981223,6.7,6.79,6.6,6.69,6.74,-0.05,-0.74,1573.0,1054.0295
4844,000587.SZ,19981222,6.46,6.75,6.45,6.74,6.46,0.28,4.33,2252.0,1497.0601
4845,000587.SZ,19981221,6.48,6.57,6.45,6.46,6.51,-0.05,-0.77,2617.0,1702.6506
4846,000587.SZ,19981218,6.55,6.75,6.47,6.51,6.62,-0.11,-1.66,1933.0,1268.1862
4847,000587.SZ,19981217,6.7,6.77,6.61,6.62,6.76,-0.14,-2.07,2329.0,1561.6895
4848,000587.SZ,19981216,6.93,6.93,6.7,6.76,6.94,-0.18,-2.59,1400.0,953.7439
4849,000587.SZ,19981215,6.8,6.95,6.7,6.94,6.8,0.14,2.06,1723.0,1170.3763
4850,000587.SZ,19981214,7.01,7.01,6.79,6.8,6.98,-0.18,-2.58,1527.0,1049.3721
4851,000587.SZ,19981211,6.82,7.0,6.7,6.98,6.83,0.15,2.2,1678.0,1154.6162
4852,000587.SZ,19981210,6.71,6.94,6.6,6.83,7.0,-0.17,-2.43,880.0,604.766
4853,000587.SZ,19981209,6.9,7.05,6.9,7.0,6.88,0.12,1.74,1595.0,1111.5202
4854,000587.SZ,19981208,6.85,6.95,6.8,6.88,6.83,0.05,0.73,2828.0,1949.5832
4855,000587.SZ,19981207,7.06,7.13,6.82,6.83,6.96,-0.13,-1.87,3892.0,2704.3333
4856,000587.SZ,19981204,7.08,7.14,6.95,6.96,7.08,-0.12,-1.69,4218.0,2962.8827
4857,000587.SZ,19981203,7.19,7.2,7.06,7.08,7.19,-0.11,-1.53,2226.0,1584.5826
4858,000587.SZ,19981202,7.12,7.19,7.01,7.19,7.09,0.1,1.41,4588.0,3250.956
4859,000587.SZ,19981201,7.35,7.44,7.08,7.09,7.34,-0.25,-3.41,5813.0,4177.9848
4860,000587.SZ,19981130,7.26,7.42,7.2,7.34,7.26,0.08,1.1,4056.0,2968.1451
4861,000587.SZ,19981127,7.4,7.5,7.25,7.26,7.45,-0.19,-2.55,7097.0,5237.1588
4862,000587.SZ,19981126,7.58,7.67,7.45,7.45,7.66,-0.21,-2.74,7956.0,6011.8608
4863,000587.SZ,19981125,7.98,8.05,7.6,7.66,7.95,-0.29,-3.65,8358.0,6518.7504
4864,000587.SZ,19981124,7.88,7.96,7.8,7.95,7.88,0.07,0.89,7560.0,5962.5787
4865,000587.SZ,19981123,8.0,8.08,7.7,7.88,7.96,-0.08,-1.01,17509.0,13877.2771
4866,000587.SZ,19981120,7.8,8.1,7.71,7.96,7.61,0.35,4.6,41359.0,32952.8461
4867,000587.SZ,19981119,7.67,7.79,7.6,7.61,7.57,0.04,0.53,8271.0,6358.3774
4868,000587.SZ,19981118,7.48,7.85,7.48,7.57,7.42,0.15,2.02,9559.0,7330.0139
4869,000587.SZ,19981117,7.5,7.58,7.4,7.42,7.5,-0.08,-1.07,5470.0,4072.3178
4870,000587.SZ,19981116,7.53,7.63,7.43,7.5,7.53,-0.03,-0.4,7116.0,5335.5352
4871,000587.SZ,19981113,7.6,7.6,7.43,7.53,7.55,-0.02,-0.26,5463.0,4104.542
4872,000587.SZ,19981112,7.61,7.78,7.52,7.55,7.63,-0.08,-1.05,6307.0,4791.9378
4873,000587.SZ,19981111,7.9,7.9,7.58,7.63,7.79,-0.16,-2.05,7190.0,5506.2922
4874,000587.SZ,19981110,7.68,7.95,7.62,7.79,7.55,0.24,3.18,16139.0,12565.1283
4875,000587.SZ,19981109,7.35,7.55,7.31,7.55,7.38,0.17,2.3,9177.0,6841.552
4876,000587.SZ,19981106,7.45,7.55,7.34,7.38,7.42,-0.04,-0.54,7814.0,5798.2096
4877,000587.SZ,19981105,7.35,7.55,7.35,7.42,7.38,0.04,0.54,7033.0,5227.7959
4878,000587.SZ,19981104,7.4,7.46,7.32,7.38,7.45,-0.07,-0.94,5055.0,3737.3997
4879,000587.SZ,19981103,7.39,7.57,7.31,7.45,7.39,0.06,0.81,6571.0,4879.5264
4880,000587.SZ,19981102,7.3,7.5,7.3,7.39,7.42,-0.03,-0.4,5237.0,3865.4739
4881,000587.SZ,19981030,7.66,7.66,7.41,7.42,7.68,-0.26,-3.39,6389.0,4797.6287
4882,000587.SZ,19981029,7.7,7.8,7.55,7.68,7.68,0.0,0.0,7288.0,5583.8123
4883,000587.SZ,19981028,7.55,7.88,7.55,7.68,7.58,0.1,1.32,10456.0,8075.0397
4884,000587.SZ,19981027,7.42,7.68,7.3,7.58,7.42,0.16,2.16,6744.0,5080.1428
4885,000587.SZ,19981026,7.49,7.5,7.3,7.42,7.5,-0.08,-1.07,8742.0,6452.25
4886,000587.SZ,19981023,7.75,7.77,7.45,7.5,7.74,-0.24,-3.1,11946.0,9130.1077
4887,000587.SZ,19981022,7.3,7.78,7.2,7.74,7.31,0.43,5.88,16852.0,12531.7342
4888,000587.SZ,19981021,7.7,7.7,7.3,7.31,7.76,-0.45,-5.8,16939.0,12674.9845
4889,000587.SZ,19981020,7.9,7.92,7.67,7.76,7.89,-0.13,-1.65,18969.0,14728.4468
4890,000587.SZ,19981019,7.52,7.99,7.5,7.89,7.27,0.62,8.53,79946.0,62291.084
4891,000587.SZ,19981016,7.12,7.3,7.1,7.27,7.12,0.15,2.11,17493.0,12639.6555
4892,000587.SZ,19981015,6.83,7.15,6.82,7.12,6.81,0.31,4.55,9242.0,6498.331
4893,000587.SZ,19981014,6.95,7.06,6.8,6.81,7.0,-0.19,-2.71,3384.0,2340.9196
4894,000587.SZ,19981013,7.07,7.19,6.9,7.0,7.05,-0.05,-0.71,9743.0,6876.7459
4895,000587.SZ,19981012,6.75,7.05,6.63,7.05,6.7,0.35,5.22,8877.0,6117.428
4896,000587.SZ,19981009,6.8,6.82,6.68,6.7,6.8,-0.1,-1.47,2829.0,1903.8547
4897,000587.SZ,19981008,6.68,6.8,6.61,6.8,6.6,0.2,3.03,3020.0,2014.0697
4898,000587.SZ,19981007,6.62,6.72,6.6,6.6,6.67,-0.07,-1.05,3473.0,2309.0324
4899,000587.SZ,19981006,6.8,6.8,6.66,6.67,6.79,-0.12,-1.77,3435.0,2306.9059
4900,000587.SZ,19981005,6.99,6.99,6.76,6.79,6.92,-0.13,-1.88,2654.0,1812.083
4901,000587.SZ,19980930,6.86,6.92,6.8,6.92,6.85,0.07,1.02,2484.0,1706.3597
4902,000587.SZ,19980929,6.98,7.04,6.82,6.85,6.95,-0.1,-1.44,3625.0,2517.7402
4903,000587.SZ,19980928,7.0,7.05,6.82,6.95,6.96,-0.01,-0.14,5373.0,3729.2135
4904,000587.SZ,19980925,6.6,7.01,6.6,6.96,6.68,0.28,4.19,7521.0,5138.2479
4905,000587.SZ,19980924,6.74,6.85,6.66,6.68,6.73,-0.05,-0.74,3626.0,2455.1775
4906,000587.SZ,19980923,6.8,6.85,6.68,6.73,6.76,-0.03,-0.44,4154.0,2797.8091
4907,000587.SZ,19980922,6.83,6.93,6.75,6.76,6.82,-0.06,-0.88,4213.0,2884.4182
4908,000587.SZ,19980921,6.6,6.85,6.55,6.82,6.66,0.16,2.4,3908.0,2643.3202
4909,000587.SZ,19980918,6.9,7.0,6.61,6.66,6.97,-0.31,-4.45,8779.0,5957.3524
4910,000587.SZ,19980917,7.3,7.33,6.9,6.97,7.15,-0.18,-2.52,8781.0,6291.9656
4911,000587.SZ,19980915,7.27,7.35,7.14,7.15,7.3,-0.15,-2.05,10460.0,7531.6699
4912,000587.SZ,19980914,7.22,7.35,7.08,7.3,7.19,0.11,1.53,10568.0,7664.6747
4913,000587.SZ,19980911,7.3,7.31,7.15,7.19,7.33,-0.14,-1.91,7084.0,5111.1948
4914,000587.SZ,19980910,7.27,7.42,7.18,7.33,7.27,0.06,0.83,13314.0,9679.215
4915,000587.SZ,19980909,7.18,7.28,7.14,7.27,7.18,0.09,1.25,7687.0,5552.1852
4916,000587.SZ,19980908,7.08,7.25,7.0,7.18,7.04,0.14,1.99,14721.0,10531.7428
4917,000587.SZ,19980907,7.03,7.09,6.88,7.04,6.91,0.13,1.88,5575.0,3904.7912
4918,000587.SZ,19980904,6.85,6.98,6.85,6.91,6.8,0.11,1.62,3289.0,2274.1836
4919,000587.SZ,19980903,6.76,6.9,6.76,6.8,6.8,0.0,0.0,2850.0,1942.5102
4920,000587.SZ,19980902,6.88,6.93,6.7,6.8,6.88,-0.08,-1.16,3848.0,2620.7418
4921,000587.SZ,19980901,7.0,7.1,6.8,6.88,7.03,-0.15,-2.13,6475.0,4505.969
4922,000587.SZ,19980831,6.6,7.03,6.22,7.03,6.73,0.3,4.46,7100.0,4708.618
4923,000587.SZ,19980828,6.68,6.9,6.66,6.73,6.71,0.02,0.3,5107.0,3457.686
4924,000587.SZ,19980827,6.9,6.92,6.6,6.71,6.96,-0.25,-3.59,6957.0,4724.5087
4925,000587.SZ,19980826,7.02,7.26,6.9,6.96,6.93,0.03,0.43,24383.0,17359.2724
4926,000587.SZ,19980825,6.61,6.98,6.5,6.93,6.59,0.34,5.16,12678.0,8645.2292
4927,000587.SZ,19980824,6.57,6.65,6.48,6.59,6.68,-0.09,-1.35,5640.0,3704.1682
4928,000587.SZ,19980821,6.65,6.7,6.5,6.68,6.74,-0.06,-0.89,6328.0,4175.0324
4929,000587.SZ,19980820,6.65,6.75,6.47,6.74,6.64,0.1,1.51,8733.0,5746.972
4930,000587.SZ,19980819,6.36,6.68,6.36,6.64,6.37,0.27,4.24,5851.0,3808.7915
4931,000587.SZ,19980818,6.28,6.55,6.22,6.37,6.28,0.09,1.43,6675.0,4282.0698
4932,000587.SZ,19980817,6.32,6.59,6.1,6.28,6.22,0.06,0.96,13582.0,8675.9881
4933,000587.SZ,19980814,6.19,6.29,6.1,6.22,6.26,-0.04,-0.64,3360.0,2070.9792
4934,000587.SZ,19980813,6.18,6.29,6.15,6.26,6.22,0.04,0.64,2064.0,1281.2725
4935,000587.SZ,19980812,6.38,6.4,6.0,6.22,6.4,-0.18,-2.81,2854.0,1764.8523
4936,000587.SZ,19980811,6.4,6.6,6.38,6.4,6.47,-0.07,-1.08,1744.0,1123.3496
4937,000587.SZ,19980810,6.78,6.78,6.45,6.47,6.83,-0.36,-5.27,3504.0,2302.5325
4938,000587.SZ,19980807,7.01,7.05,6.82,6.83,7.03,-0.2,-2.85,2895.0,1996.3547
4939,000587.SZ,19980806,6.98,7.18,6.98,7.03,6.98,0.05,0.72,5329.0,3772.4105
4940,000587.SZ,19980805,6.89,7.0,6.84,6.98,6.83,0.15,2.2,1993.0,1376.7608
4941,000587.SZ,19980804,6.92,6.92,6.75,6.83,6.88,-0.05,-0.73,1708.0,1164.8885
4942,000587.SZ,19980803,7.0,7.0,6.8,6.88,6.89,-0.01,-0.15,2620.0,1804.5429
4943,000587.SZ,19980731,6.87,6.98,6.8,6.89,6.87,0.02,0.29,2334.0,1608.5009
4944,000587.SZ,19980730,7.0,7.0,6.86,6.87,7.01,-0.14,-2.0,2043.0,1411.3645
4945,000587.SZ,19980729,7.05,7.15,6.99,7.01,7.08,-0.07,-0.99,1892.0,1330.8871
4946,000587.SZ,19980728,7.01,7.1,6.98,7.08,7.01,0.07,1.0,1884.0,1328.0362
4947,000587.SZ,19980727,7.08,7.1,6.88,7.01,7.11,-0.1,-1.41,2480.0,1728.294
4948,000587.SZ,19980724,7.1,7.2,7.01,7.11,7.04,0.07,0.99,2379.0,1693.839
4949,000587.SZ,19980723,6.94,7.1,6.87,7.04,6.85,0.19,2.77,2295.0,1613.7553
4950,000587.SZ,19980722,6.82,6.93,6.75,6.85,6.9,-0.05,-0.72,2085.0,1421.5099
4951,000587.SZ,19980721,6.71,7.0,6.71,6.9,6.74,0.16,2.37,1808.0,1241.34
4952,000587.SZ,19980720,7.02,7.02,6.7,6.74,7.04,-0.3,-4.26,3816.0,2602.8901
4953,000587.SZ,19980717,7.15,7.2,6.97,7.04,7.16,-0.12,-1.68,5220.0,3683.5192
4954,000587.SZ,19980716,7.4,7.4,7.1,7.16,7.18,-0.02,-0.28,3409.0,2445.211
4955,000587.SZ,19980715,7.18,7.26,7.15,7.18,7.26,-0.08,-1.1,4289.0,3083.3056
4956,000587.SZ,19980714,7.55,7.6,7.23,7.26,7.58,-0.32,-4.22,4558.0,3346.8832
4957,000587.SZ,19980713,7.45,7.62,7.36,7.58,7.6,-0.02,-0.26,3741.0,2778.0909
4958,000587.SZ,19980710,7.35,7.6,7.35,7.6,7.51,0.09,1.2,3290.0,2464.7835
4959,000587.SZ,19980709,7.6,7.65,7.47,7.51,7.47,0.04,0.54,1442.0,1088.8017
4960,000587.SZ,19980708,7.4,7.7,7.38,7.47,7.35,0.12,1.63,808.0,604.1692
4961,000587.SZ,19980707,7.28,7.4,7.28,7.35,7.4,-0.05,-0.68,1366.0,1002.4826
4962,000587.SZ,19980706,7.6,7.68,7.4,7.4,7.64,-0.24,-3.14,2934.0,2213.5231
4963,000587.SZ,19980703,7.38,7.81,7.38,7.64,7.38,0.26,3.52,10647.0,8151.1166
4964,000587.SZ,19980702,7.2,7.4,7.06,7.38,7.22,0.16,2.22,3334.0,2404.1144
4965,000587.SZ,19980701,7.55,7.58,7.2,7.22,7.36,-0.14,-1.9,3002.0,2200.1962
4966,000587.SZ,19980630,7.3,7.53,7.23,7.36,7.32,0.04,0.55,3917.0,2876.2375
4967,000587.SZ,19980629,7.62,7.62,7.27,7.32,7.69,-0.37,-4.81,6981.0,5176.1442
4968,000587.SZ,19980626,7.86,7.95,7.65,7.69,7.86,-0.17,-2.16,6763.0,5234.1877
4969,000587.SZ,19980625,7.95,8.05,7.85,7.86,7.94,-0.08,-1.01,6139.0,4873.9567
4970,000587.SZ,19980624,8.11,8.19,7.88,7.94,8.1,-0.16,-1.98,8269.0,6588.1736
4971,000587.SZ,19980623,8.31,8.31,8.1,8.1,8.29,-0.19,-2.29,5650.0,4607.6522
4972,000587.SZ,19980622,8.14,8.39,8.05,8.29,8.13,0.16,1.97,8177.0,6673.9125
4973,000587.SZ,19980619,8.0,8.18,8.0,8.13,7.96,0.17,2.14,3546.0,2876.6578
4974,000587.SZ,19980618,8.05,8.15,7.92,7.96,8.06,-0.1,-1.24,4129.0,3317.4347
4975,000587.SZ,19980617,8.1,8.25,8.0,8.06,8.05,0.01,0.12,5529.0,4495.646
4976,000587.SZ,19980616,7.89,8.1,7.6,8.05,7.9,0.15,1.9,13143.0,10207.8627
4977,000587.SZ,19980615,8.2,8.24,7.88,7.9,8.18,-0.28,-3.42,7309.0,5832.5704
4978,000587.SZ,19980612,8.22,8.25,8.0,8.18,7.9,0.28,3.54,9834.0,7977.8462
4979,000587.SZ,19980611,8.15,8.15,7.84,7.9,8.06,-0.16,-1.99,9160.0,7281.6815
4980,000587.SZ,19980610,8.13,8.2,7.9,8.06,8.12,-0.06,-0.74,10460.0,8382.9532
4981,000587.SZ,19980609,8.5,8.54,7.95,8.12,8.5,-0.38,-4.47,14445.0,11889.2037
4982,000587.SZ,19980608,8.54,8.96,8.45,8.5,8.59,-0.09,-1.05,16291.0,14280.1105
4983,000587.SZ,19980605,8.78,8.99,8.4,8.59,8.82,-0.23,-2.61,17339.0,15045.4414
4984,000587.SZ,19980604,8.81,9.1,8.76,8.82,8.81,0.01,0.11,20512.0,18355.1595
4985,000587.SZ,19980603,8.8,9.0,8.7,8.81,8.77,0.04,0.46,17269.0,15313.3598
4986,000587.SZ,19980602,9.1,9.1,8.68,8.77,9.11,-0.34,-3.73,24436.0,21587.3506
4987,000587.SZ,19980601,8.42,9.15,8.42,9.11,8.39,0.72,8.58,45466.0,39694.5484
4988,000587.SZ,19980529,8.31,8.5,8.18,8.39,8.28,0.11,1.33,17579.0,14643.4025
4989,000587.SZ,19980528,8.36,8.5,8.19,8.28,8.39,-0.11,-1.31,14842.0,12334.1002
4990,000587.SZ,19980527,8.53,8.6,8.0,8.39,8.53,-0.14,-1.64,15791.0,13301.5596
4991,000587.SZ,19980526,8.4,8.75,8.4,8.53,8.32,0.21,2.52,35218.0,30137.478
4992,000587.SZ,19980525,8.25,8.51,8.1,8.32,8.19,0.13,1.59,22910.0,19057.2312
4993,000587.SZ,19980522,7.88,8.28,7.81,8.19,7.86,0.33,4.2,17269.0,13936.3858
4994,000587.SZ,19980521,7.88,8.0,7.68,7.86,7.87,-0.01,-0.13,9776.0,7637.6421
4995,000587.SZ,19980520,8.03,8.05,7.81,7.87,8.02,-0.15,-1.87,6184.0,4901.5058
4996,000587.SZ,19980519,7.82,8.08,7.75,8.02,7.82,0.2,2.56,9580.0,7601.1466
4997,000587.SZ,19980518,7.9,7.91,7.75,7.82,7.91,-0.09,-1.14,7540.0,5885.0098
4998,000587.SZ,19980515,8.07,8.13,7.87,7.91,8.06,-0.15,-1.86,14253.0,11361.8661
4999,000587.SZ,19980514,8.15,8.39,8.0,8.06,8.16,-0.1,-1.23,14253.0,11663.9634
=======
0,000587.SZ,20200630,0.94,0.96,0.93,0.96,0.93,0.03,3.2258,427330.22,40445.937
1,000587.SZ,20200629,0.9,0.95,0.89,0.93,0.91,0.02,2.1978,430234.28,39831.854
2,000587.SZ,20200624,0.87,0.91,0.87,0.91,0.87,0.04,4.5977,530269.06,47217.986
3,000587.SZ,20200623,0.89,0.92,0.86,0.87,0.91,-0.04,-4.3956,371112.0,32739.179
4,000587.SZ,20200622,0.86,0.94,0.86,0.91,0.9,0.01,1.1111,835038.36,74377.72
5,000587.SZ,20200619,0.86,0.93,0.86,0.9,0.9,0.0,0.0,476184.88,42026.61
6,000587.SZ,20200618,0.96,0.98,0.9,0.9,0.95,-0.05,-5.2632,571665.82,52708.407
7,000587.SZ,20200617,0.91,0.95,0.9,0.95,0.9,0.05,5.5556,289256.22,27240.039
8,000587.SZ,20200616,0.86,0.9,0.86,0.9,0.86,0.04,4.6512,294628.24,26177.483
9,000587.SZ,20200615,0.83,0.88,0.83,0.86,0.87,-0.01,-1.1494,232417.6,19935.972
10,000587.SZ,20200612,0.83,0.9,0.82,0.87,0.86,0.01,1.1628,302294.0,26122.89
11,000587.SZ,20200611,0.87,0.89,0.86,0.86,0.9,-0.04,-4.4444,341804.78,29639.314
12,000587.SZ,20200610,0.92,0.93,0.9,0.9,0.95,-0.05,-5.2632,623801.0,56622.972
13,000587.SZ,20200609,0.86,0.95,0.86,0.95,0.9,0.05,5.5556,774134.94,69765.39
14,000587.SZ,20200608,0.9,0.9,0.9,0.9,0.95,-0.05,-5.2632,39163.0,3524.67
15,000587.SZ,20200605,0.96,0.98,0.95,0.95,1.0,-0.05,-5.0,311989.0,29839.635
16,000587.SZ,20200604,0.99,1.0,0.91,1.0,0.95,0.05,5.2632,1225781.03,118163.497
17,000587.SZ,20200603,0.93,0.95,0.92,0.95,0.9,0.05,5.5556,131785.23,12422.031
18,000587.SZ,20200602,0.89,0.9,0.87,0.9,0.86,0.04,4.6512,234244.63,20975.55
19,000587.SZ,20200601,0.84,0.86,0.8,0.86,0.82,0.04,4.878,630607.02,53494.197
20,000587.SZ,20200529,0.82,0.82,0.82,0.82,0.78,0.04,5.1282,43298.42,3550.47
21,000587.SZ,20200528,0.76,0.78,0.74,0.78,0.74,0.04,5.4054,267281.56,20547.194
22,000587.SZ,20200527,0.74,0.74,0.67,0.74,0.7,0.04,5.7143,680847.13,48946.549
23,000587.SZ,20200526,0.7,0.7,0.7,0.7,0.67,0.03,4.4776,262818.37,18397.285
24,000587.SZ,20200525,0.67,0.67,0.67,0.67,0.7,-0.03,-4.2857,56595.0,3791.865
25,000587.SZ,20200522,0.7,0.7,0.7,0.7,0.74,-0.04,-5.4054,67182.0,4702.74
26,000587.SZ,20200521,0.74,0.76,0.74,0.74,0.78,-0.04,-5.1282,295995.0,21959.361
27,000587.SZ,20200520,0.78,0.82,0.78,0.78,0.82,-0.04,-4.878,819248.45,64311.021
28,000587.SZ,20200519,0.83,0.85,0.82,0.82,0.86,-0.04,-4.6512,274261.37,22564.82
29,000587.SZ,20200518,0.89,0.9,0.86,0.86,0.91,-0.05,-5.4945,606327.23,52441.868
30,000587.SZ,20200515,0.93,0.95,0.91,0.91,0.96,-0.05,-5.2083,528476.48,48499.381
31,000587.SZ,20200514,0.96,0.99,0.96,0.96,1.01,-0.05,-4.9505,463235.82,44665.489
32,000587.SZ,20200513,1.1,1.1,1.0,1.01,1.05,-0.04,-3.8095,720713.82,74449.774
33,000587.SZ,20200512,1.05,1.05,1.02,1.05,1.0,0.05,5.0,154309.14,16175.3
34,000587.SZ,20200511,1.0,1.03,1.0,1.0,1.05,-0.05,-4.7619,535864.08,53722.795
35,000587.SZ,20200508,1.05,1.05,1.05,1.05,1.1,-0.05,-4.5455,165523.0,17379.915
36,000587.SZ,20200507,1.1,1.1,1.1,1.1,1.16,-0.06,-5.1724,36586.0,4024.46
37,000587.SZ,20200430,1.18,1.19,1.15,1.16,1.17,-0.01,-0.8547,184207.0,21532.269
38,000587.SZ,20200429,1.14,1.19,1.09,1.17,1.14,0.03,2.6316,315863.1,36819.872
39,000587.SZ,20200428,1.22,1.25,1.13,1.14,1.25,-0.11,-8.8,331021.0,38649.745
40,000587.SZ,20200427,1.29,1.29,1.18,1.25,1.31,-0.06,-4.5802,411232.11,50232.126
41,000587.SZ,20200424,1.36,1.36,1.3,1.31,1.36,-0.05,-3.6765,225755.21,29901.238
42,000587.SZ,20200423,1.38,1.4,1.35,1.36,1.39,-0.03,-2.1583,187477.02,25804.552
43,000587.SZ,20200422,1.39,1.4,1.37,1.39,1.4,-0.01,-0.7143,111119.24,15353.039
44,000587.SZ,20200421,1.38,1.42,1.37,1.4,1.38,0.02,1.4493,140742.0,19590.846
45,000587.SZ,20200420,1.41,1.42,1.37,1.38,1.41,-0.03,-2.1277,185745.0,25720.285
46,000587.SZ,20200417,1.44,1.44,1.4,1.41,1.45,-0.04,-2.7586,264045.8,37519.109
47,000587.SZ,20200416,1.46,1.46,1.43,1.45,1.46,-0.01,-0.6849,143601.11,20785.809
48,000587.SZ,20200415,1.49,1.49,1.44,1.46,1.49,-0.03,-2.0134,180663.0,26443.283
49,000587.SZ,20200414,1.46,1.52,1.45,1.49,1.44,0.05,3.4722,227392.22,33841.932
50,000587.SZ,20200413,1.47,1.48,1.44,1.44,1.49,-0.05,-3.3557,172246.0,25136.747
51,000587.SZ,20200410,1.53,1.54,1.48,1.49,1.51,-0.02,-1.3245,235912.91,35639.834
52,000587.SZ,20200409,1.52,1.53,1.5,1.51,1.52,-0.01,-0.6579,161429.2,24442.404
53,000587.SZ,20200408,1.53,1.54,1.51,1.52,1.55,-0.03,-1.9355,243540.0,37063.034
54,000587.SZ,20200407,1.52,1.57,1.52,1.55,1.53,0.02,1.3072,337994.11,52283.866
55,000587.SZ,20200403,1.51,1.58,1.51,1.53,1.53,0.0,0.0,239582.89,36974.204
56,000587.SZ,20200402,1.52,1.55,1.49,1.53,1.56,-0.03,-1.9231,207593.8,31526.975
57,000587.SZ,20200401,1.5,1.58,1.46,1.56,1.52,0.04,2.6316,286873.93,43121.161
58,000587.SZ,20200331,1.55,1.57,1.51,1.52,1.55,-0.03,-1.9355,169339.04,25929.929
59,000587.SZ,20200330,1.59,1.6,1.54,1.55,1.62,-0.07,-4.321,236080.06,36727.297
60,000587.SZ,20200327,1.62,1.66,1.59,1.62,1.62,0.0,0.0,289379.0,46878.915
61,000587.SZ,20200326,1.62,1.67,1.61,1.62,1.64,-0.02,-1.2195,273411.98,44507.524
62,000587.SZ,20200325,1.66,1.72,1.63,1.64,1.62,0.02,1.2346,420677.23,70038.713
63,000587.SZ,20200324,1.64,1.68,1.59,1.62,1.53,0.09,5.8824,443769.25,71965.119
64,000587.SZ,20200323,1.57,1.6,1.53,1.53,1.61,-0.08,-4.9689,240998.02,37666.681
65,000587.SZ,20200320,1.53,1.65,1.51,1.61,1.53,0.08,5.2288,318442.15,49985.905
66,000587.SZ,20200319,1.51,1.53,1.49,1.53,1.53,0.0,0.0,166574.22,25195.272
67,000587.SZ,20200318,1.58,1.59,1.52,1.53,1.55,-0.02,-1.2903,195144.0,30345.655
68,000587.SZ,20200317,1.57,1.61,1.48,1.55,1.59,-0.04,-2.5157,282414.0,43367.274
69,000587.SZ,20200316,1.66,1.67,1.58,1.59,1.64,-0.05,-3.0488,244883.44,39912.276
70,000587.SZ,20200313,1.57,1.65,1.51,1.64,1.67,-0.03,-1.7964,316888.73,50488.271
71,000587.SZ,20200312,1.7,1.7,1.65,1.67,1.73,-0.06,-3.4682,276330.34,46265.468
72,000587.SZ,20200311,1.73,1.79,1.73,1.73,1.75,-0.02,-1.1429,267717.0,46842.906
73,000587.SZ,20200310,1.7,1.75,1.61,1.75,1.76,-0.01,-0.5682,406294.59,68868.647
74,000587.SZ,20200309,1.86,1.87,1.75,1.76,1.83,-0.07,-3.8251,462978.34,83014.18
75,000587.SZ,20200306,1.82,1.88,1.8,1.83,1.82,0.01,0.5495,537753.28,98712.261
76,000587.SZ,20200305,1.73,1.9,1.73,1.82,1.76,0.06,3.4091,587413.27,105781.59
77,000587.SZ,20200304,1.77,1.81,1.75,1.76,1.73,0.03,1.7341,436461.91,77650.839
78,000587.SZ,20200303,1.74,1.78,1.72,1.73,1.74,-0.01,-0.5747,440435.04,77196.268
79,000587.SZ,20200302,1.66,1.76,1.66,1.74,1.73,0.01,0.578,477643.22,82193.894
80,000587.SZ,20200228,1.84,1.89,1.7,1.73,1.89,-0.16,-8.4656,762222.94,137747.738
81,000587.SZ,20200227,1.83,1.92,1.81,1.89,1.85,0.04,2.1622,673519.91,125542.784
82,000587.SZ,20200226,1.84,1.95,1.82,1.85,1.89,-0.04,-2.1164,759983.12,142044.097
83,000587.SZ,20200225,1.75,2.02,1.75,1.89,1.85,0.04,2.1622,1188125.02,223354.297
84,000587.SZ,20200224,1.84,1.89,1.78,1.85,1.78,0.07,3.9326,859476.6,157649.988
85,000587.SZ,20200221,1.72,1.84,1.72,1.78,1.72,0.06,3.4884,836042.47,148273.259
86,000587.SZ,20200220,1.71,1.79,1.68,1.72,1.77,-0.05,-2.8249,717767.27,124328.227
87,000587.SZ,20200219,1.73,1.84,1.64,1.77,1.68,0.09,5.3571,1165090.17,200560.453
88,000587.SZ,20200218,1.54,1.68,1.53,1.68,1.53,0.15,9.8039,818405.07,132742.533
89,000587.SZ,20200217,1.5,1.54,1.5,1.53,1.51,0.02,1.3245,326814.84,49850.008
90,000587.SZ,20200214,1.55,1.56,1.5,1.51,1.55,-0.04,-2.5806,355944.15,54087.981
91,000587.SZ,20200213,1.53,1.57,1.52,1.55,1.53,0.02,1.3072,426152.3,65889.292
92,000587.SZ,20200212,1.51,1.54,1.5,1.53,1.52,0.01,0.6579,234552.0,35701.182
93,000587.SZ,20200211,1.54,1.55,1.51,1.52,1.56,-0.04,-2.5641,317688.94,48471.025
94,000587.SZ,20200210,1.48,1.58,1.48,1.56,1.51,0.05,3.3113,437758.26,66774.878
95,000587.SZ,20200207,1.48,1.58,1.46,1.51,1.49,0.02,1.3423,415943.82,63226.141
96,000587.SZ,20200206,1.49,1.5,1.45,1.49,1.49,0.0,0.0,372690.82,54885.131
97,000587.SZ,20200205,1.4,1.53,1.39,1.49,1.4,0.09,6.4286,435304.02,63855.105
98,000587.SZ,20200204,1.32,1.44,1.32,1.4,1.45,-0.05,-3.4483,463241.66,64378.401
99,000587.SZ,20200203,1.45,1.48,1.45,1.45,1.61,-0.16,-9.9379,198920.0,28868.128
100,000587.SZ,20200123,1.54,1.62,1.54,1.61,1.71,-0.1,-5.848,738890.58,116145.808
101,000587.SZ,20200122,1.71,1.71,1.71,1.71,1.9,-0.19,-10.0,191227.0,32699.817
102,000587.SZ,20200121,1.91,1.95,1.86,1.9,1.93,-0.03,-1.5544,321297.64,61363.231
103,000587.SZ,20200120,1.96,1.97,1.91,1.93,1.99,-0.06,-3.0151,300478.6,57971.159
104,000587.SZ,20200117,2.01,2.01,1.96,1.99,2.01,-0.02,-0.995,263919.9,52254.218
105,000587.SZ,20200116,2.0,2.04,1.99,2.01,1.98,0.03,1.5152,368452.02,74338.423
106,000587.SZ,20200115,2.03,2.04,1.97,1.98,2.04,-0.06,-2.9412,374901.22,74687.492
107,000587.SZ,20200114,2.03,2.06,2.01,2.04,2.04,0.0,0.0,378873.22,77269.222
108,000587.SZ,20200113,2.08,2.09,2.02,2.04,2.08,-0.04,-1.9231,485067.3,99029.832
109,000587.SZ,20200110,2.12,2.16,2.06,2.08,2.17,-0.09,-4.1475,706857.36,148446.055
110,000587.SZ,20200109,2.14,2.25,2.14,2.17,2.38,-0.21,-8.8235,1327026.62,289826.128
111,000587.SZ,20200108,2.31,2.4,2.22,2.38,2.2,0.18,8.1818,1768850.3,412082.523
112,000587.SZ,20200107,2.12,2.29,2.07,2.2,2.22,-0.02,-0.9009,1470146.03,321733.426
113,000587.SZ,20200106,2.2,2.22,2.06,2.22,2.02,0.2,9.901,1598854.06,341719.239
114,000587.SZ,20200103,1.83,2.02,1.83,2.02,1.84,0.18,9.7826,822600.93,162537.96
115,000587.SZ,20200102,1.82,1.85,1.82,1.84,1.82,0.02,1.0989,278207.0,51050.637
116,000587.SZ,20191231,1.81,1.85,1.79,1.82,1.81,0.01,0.5525,239748.0,43586.816
117,000587.SZ,20191230,1.81,1.82,1.77,1.81,1.83,-0.02,-1.0929,274481.89,49283.41
118,000587.SZ,20191227,1.8,1.85,1.8,1.83,1.8,0.03,1.6667,472729.02,86567.136
119,000587.SZ,20191226,1.8,1.83,1.77,1.8,1.8,0.0,0.0,247996.84,44579.645
120,000587.SZ,20191225,1.8,1.83,1.79,1.8,1.79,0.01,0.5587,236556.4,42726.946
121,000587.SZ,20191224,1.77,1.79,1.75,1.79,1.76,0.03,1.7045,194364.14,34445.156
122,000587.SZ,20191223,1.82,1.82,1.75,1.76,1.82,-0.06,-3.2967,293416.83,52129.233
123,000587.SZ,20191220,1.88,1.88,1.82,1.82,1.83,-0.01,-0.5464,349122.22,64339.112
124,000587.SZ,20191219,1.8,1.84,1.79,1.83,1.82,0.01,0.5495,391474.43,71415.369
125,000587.SZ,20191218,1.77,1.84,1.75,1.82,1.77,0.05,2.8249,475191.1,86069.756
126,000587.SZ,20191217,1.73,1.78,1.73,1.77,1.74,0.03,1.7241,319572.4,56271.809
127,000587.SZ,20191216,1.73,1.75,1.71,1.74,1.73,0.01,0.578,208049.68,35912.239
128,000587.SZ,20191213,1.71,1.74,1.7,1.73,1.73,0.0,0.0,218889.67,37719.648
129,000587.SZ,20191212,1.78,1.79,1.72,1.73,1.77,-0.04,-2.2599,263253.0,45980.307
130,000587.SZ,20191211,1.78,1.79,1.76,1.77,1.79,-0.02,-1.1173,198515.08,35142.593
131,000587.SZ,20191210,1.79,1.8,1.77,1.79,1.79,0.0,0.0,192450.0,34279.34
132,000587.SZ,20191209,1.79,1.81,1.78,1.79,1.81,-0.02,-1.105,169511.64,30369.248
133,000587.SZ,20191206,1.78,1.82,1.78,1.81,1.8,0.01,0.5556,204893.2,36833.727
134,000587.SZ,20191205,1.78,1.81,1.77,1.8,1.81,-0.01,-0.5525,284123.24,50675.239
135,000587.SZ,20191204,1.79,1.84,1.79,1.81,1.75,0.06,3.4286,429410.08,77984.864
136,000587.SZ,20191203,1.74,1.79,1.72,1.75,1.72,0.03,1.7442,218565.75,38410.731
137,000587.SZ,20191202,1.77,1.78,1.72,1.72,1.77,-0.05,-2.8249,198716.55,34685.102
138,000587.SZ,20191129,1.8,1.8,1.76,1.77,1.8,-0.03,-1.6667,199712.0,35393.372
139,000587.SZ,20191128,1.77,1.83,1.76,1.8,1.79,0.01,0.5587,249598.32,44977.24
140,000587.SZ,20191127,1.78,1.8,1.76,1.79,1.8,-0.01,-0.5556,220328.0,39224.308
141,000587.SZ,20191126,1.75,1.84,1.74,1.8,1.77,0.03,1.6949,319654.04,57304.563
142,000587.SZ,20191125,1.79,1.82,1.77,1.77,1.82,-0.05,-2.7473,302686.32,54155.809
143,000587.SZ,20191122,1.8,1.88,1.76,1.82,1.81,0.01,0.5525,569332.56,103763.22
144,000587.SZ,20191121,1.88,1.92,1.78,1.81,1.87,-0.06,-3.2086,744238.44,137878.829
145,000587.SZ,20191120,1.69,1.87,1.67,1.87,1.7,0.17,10.0,634423.17,114214.671
146,000587.SZ,20191119,1.64,1.71,1.63,1.7,1.67,0.03,1.7964,198359.2,33461.511
147,000587.SZ,20191118,1.66,1.67,1.58,1.67,1.69,-0.02,-1.1834,253262.2,41579.468
148,000587.SZ,20191115,1.72,1.74,1.68,1.69,1.74,-0.05,-2.8736,178851.7,30574.413
149,000587.SZ,20191114,1.73,1.79,1.69,1.74,1.75,-0.01,-0.5714,265728.22,45974.524
150,000587.SZ,20191113,1.71,1.8,1.69,1.75,1.71,0.04,2.3392,316837.26,55981.998
151,000587.SZ,20191112,1.67,1.73,1.67,1.71,1.69,0.02,1.1834,154647.0,26315.792
152,000587.SZ,20191111,1.76,1.76,1.68,1.69,1.77,-0.08,-4.5198,214490.0,36604.693
153,000587.SZ,20191108,1.78,1.8,1.76,1.77,1.8,-0.03,-1.6667,161574.0,28725.329
154,000587.SZ,20191107,1.78,1.83,1.78,1.8,1.79,0.01,0.5587,150394.26,27174.3
155,000587.SZ,20191106,1.84,1.85,1.77,1.79,1.85,-0.06,-3.2432,222457.0,40251.159
156,000587.SZ,20191105,1.86,1.87,1.84,1.85,1.87,-0.02,-1.0695,121122.7,22407.577
157,000587.SZ,20191104,1.87,1.89,1.85,1.87,1.87,0.0,0.0,151784.38,28396.628
158,000587.SZ,20191101,1.88,1.9,1.82,1.87,1.87,0.0,0.0,168283.32,31484.556
159,000587.SZ,20191031,1.92,1.92,1.86,1.87,1.92,-0.05,-2.6042,182988.84,34388.346
160,000587.SZ,20191030,1.89,1.93,1.86,1.92,1.95,-0.03,-1.5385,229606.04,43475.108
161,000587.SZ,20191029,1.98,1.99,1.94,1.95,2.0,-0.05,-2.5,210767.0,41228.451
162,000587.SZ,20191028,1.98,2.0,1.96,2.0,2.0,0.0,0.0,206750.0,41019.221
163,000587.SZ,20191025,1.97,2.05,1.95,2.0,1.96,0.04,2.0408,256895.51,51541.086
164,000587.SZ,20191024,2.0,2.02,1.94,1.96,2.04,-0.08,-3.9216,298298.83,58907.412
165,000587.SZ,20191023,1.9,2.09,1.89,2.04,1.9,0.14,7.3684,537873.79,109176.847
166,000587.SZ,20191022,1.89,1.91,1.88,1.9,1.91,-0.01,-0.5236,124907.67,23678.685
167,000587.SZ,20191021,1.95,1.96,1.85,1.91,1.95,-0.04,-2.0513,221504.05,41979.983
168,000587.SZ,20191018,1.98,2.0,1.94,1.95,1.98,-0.03,-1.5152,180129.0,35424.669
169,000587.SZ,20191017,1.98,2.0,1.96,1.98,2.0,-0.02,-1.0,193101.02,38207.107
170,000587.SZ,20191016,2.06,2.07,1.99,2.0,2.06,-0.06,-2.9126,251939.0,50980.57
171,000587.SZ,20191015,2.06,2.07,2.05,2.06,2.09,-0.03,-1.4354,158605.14,32647.954
172,000587.SZ,20191014,2.07,2.09,2.05,2.09,2.07,0.02,0.9662,216559.02,44989.501
173,000587.SZ,20191011,2.06,2.08,2.04,2.07,2.08,-0.01,-0.4808,188773.0,38839.792
174,000587.SZ,20191010,2.08,2.09,2.07,2.08,2.09,-0.01,-0.4785,156701.93,32563.256
175,000587.SZ,20191009,2.05,2.1,2.04,2.09,2.05,0.04,1.9512,172899.0,35973.996
176,000587.SZ,20191008,2.07,2.09,2.04,2.05,2.07,-0.02,-0.9662,142440.0,29428.649
177,000587.SZ,20190930,2.08,2.11,2.07,2.07,2.09,-0.02,-0.9569,124688.91,25992.17
178,000587.SZ,20190927,2.04,2.1,2.01,2.09,2.05,0.04,1.9512,197535.05,40927.743
179,000587.SZ,20190926,2.12,2.14,2.05,2.05,2.14,-0.09,-4.2056,279902.0,58642.31
180,000587.SZ,20190925,2.2,2.2,2.13,2.14,2.19,-0.05,-2.2831,232324.0,50213.443
181,000587.SZ,20190924,2.2,2.22,2.19,2.19,2.2,-0.01,-0.4545,178591.0,39302.781
182,000587.SZ,20190923,2.22,2.23,2.18,2.2,2.24,-0.04,-1.7857,245571.02,54075.34
183,000587.SZ,20190920,2.21,2.25,2.21,2.24,2.25,-0.01,-0.4444,207344.0,46305.201
184,000587.SZ,20190919,2.26,2.27,2.22,2.25,2.28,-0.03,-1.3158,202048.91,45321.916
185,000587.SZ,20190918,2.28,2.29,2.27,2.28,2.27,0.01,0.4405,178231.0,40601.595
186,000587.SZ,20190917,2.32,2.33,2.26,2.27,2.35,-0.08,-3.4043,364176.0,83573.055
187,000587.SZ,20190916,2.3,2.39,2.29,2.35,2.3,0.05,2.1739,539032.0,125464.865
188,000587.SZ,20190912,2.32,2.32,2.29,2.3,2.33,-0.03,-1.2876,257336.6,59173.49
189,000587.SZ,20190911,2.31,2.33,2.3,2.33,2.33,0.0,0.0,307328.0,71235.393
190,000587.SZ,20190910,2.3,2.34,2.29,2.33,2.32,0.01,0.431,333652.06,77324.797
191,000587.SZ,20190909,2.31,2.33,2.29,2.32,2.3,0.02,0.8696,289642.15,66918.234
192,000587.SZ,20190906,2.31,2.32,2.28,2.3,2.36,-0.06,-2.5424,398867.02,91860.284
193,000587.SZ,20190905,2.3,2.42,2.3,2.36,2.32,0.04,1.7241,578843.38,135973.588
194,000587.SZ,20190904,2.33,2.35,2.31,2.32,2.3,0.02,0.8696,437516.64,101949.249
195,000587.SZ,20190903,2.25,2.34,2.24,2.3,2.28,0.02,0.8772,386748.43,88610.168
196,000587.SZ,20190902,2.34,2.34,2.17,2.28,2.36,-0.08,-3.3898,631804.55,142791.556
197,000587.SZ,20190830,2.41,2.44,2.35,2.36,2.47,-0.11,-4.4534,566101.06,136157.882
198,000587.SZ,20190829,2.43,2.49,2.41,2.47,2.45,0.02,0.8163,619956.54,152099.745
199,000587.SZ,20190828,2.47,2.52,2.44,2.45,2.48,-0.03,-1.2097,566003.0,140121.423
200,000587.SZ,20190827,2.42,2.5,2.4,2.48,2.46,0.02,0.813,653816.67,160187.301
201,000587.SZ,20190826,2.51,2.55,2.45,2.46,2.44,0.02,0.8197,771963.69,192989.138
202,000587.SZ,20190823,2.43,2.51,2.39,2.44,2.45,-0.01,-0.4082,592650.16,145191.147
203,000587.SZ,20190822,2.48,2.49,2.43,2.45,2.5,-0.05,-2.0,514248.05,126316.442
204,000587.SZ,20190821,2.53,2.57,2.49,2.5,2.57,-0.07,-2.7237,664208.73,167630.518
205,000587.SZ,20190820,2.45,2.61,2.42,2.57,2.49,0.08,3.2129,1005335.67,252266.416
206,000587.SZ,20190819,2.45,2.5,2.42,2.49,2.51,-0.02,-0.7968,661269.74,162681.433
207,000587.SZ,20190816,2.51,2.55,2.46,2.51,2.53,-0.02,-0.7905,807240.07,201452.591
208,000587.SZ,20190815,2.6,2.71,2.5,2.53,2.51,0.02,0.7968,1416409.11,367006.544
209,000587.SZ,20190814,2.44,2.53,2.41,2.51,2.55,-0.04,-1.5686,1334034.37,329578.262
210,000587.SZ,20190813,2.37,2.55,2.34,2.55,2.32,0.23,9.9138,1199244.19,296949.573
211,000587.SZ,20190812,2.38,2.38,2.29,2.32,2.37,-0.05,-2.1097,449218.36,104199.515
212,000587.SZ,20190809,2.35,2.45,2.32,2.37,2.4,-0.03,-1.25,643123.36,153298.988
213,000587.SZ,20190808,2.4,2.49,2.3,2.4,2.4,0.0,0.0,860579.66,206063.579
214,000587.SZ,20190807,2.33,2.5,2.33,2.4,2.38,0.02,0.8403,972645.58,234910.906
215,000587.SZ,20190806,2.45,2.54,2.36,2.38,2.34,0.04,1.7094,1591677.85,388014.087
216,000587.SZ,20190805,2.11,2.34,2.11,2.34,2.13,0.21,9.8592,677912.62,153528.395
217,000587.SZ,20190802,2.16,2.19,2.11,2.13,2.13,0.0,0.0,317884.71,68311.785
218,000587.SZ,20190801,2.12,2.17,2.11,2.13,2.21,-0.08,-3.6199,310298.9,66474.873
219,000587.SZ,20190731,2.24,2.24,2.19,2.21,2.25,-0.04,-1.7778,223565.15,49434.697
220,000587.SZ,20190730,2.22,2.25,2.19,2.25,2.22,0.03,1.3514,378795.24,84113.28
221,000587.SZ,20190729,2.24,2.25,2.18,2.22,2.23,-0.01,-0.4484,281339.43,62277.149
222,000587.SZ,20190726,2.22,2.27,2.21,2.23,2.25,-0.02,-0.8889,185525.61,41505.578
223,000587.SZ,20190725,2.26,2.26,2.22,2.25,2.27,-0.02,-0.8811,191814.21,42924.966
224,000587.SZ,20190724,2.19,2.3,2.19,2.27,2.22,0.05,2.2523,312417.79,70264.46
225,000587.SZ,20190723,2.15,2.22,2.13,2.22,2.17,0.05,2.3041,204934.81,44615.097
226,000587.SZ,20190722,2.24,2.24,2.16,2.17,2.28,-0.11,-4.8246,359227.82,78393.178
227,000587.SZ,20190719,2.3,2.33,2.27,2.28,2.25,0.03,1.3333,394643.71,90591.458
228,000587.SZ,20190718,2.31,2.36,2.25,2.25,2.26,-0.01,-0.4425,422763.0,97210.591
229,000587.SZ,20190717,2.26,2.29,2.24,2.26,2.3,-0.04,-1.7391,337776.46,76352.105
230,000587.SZ,20190716,2.24,2.37,2.21,2.3,2.26,0.04,1.7699,506069.0,115799.423
231,000587.SZ,20190715,2.22,2.28,2.16,2.26,2.32,-0.06,-2.5862,441319.67,98079.904
232,000587.SZ,20190712,2.32,2.38,2.3,2.32,2.4,-0.08,-3.3333,697528.27,162198.441
233,000587.SZ,20190711,2.24,2.4,2.22,2.4,2.18,0.22,10.0917,903705.79,211732.029
234,000587.SZ,20190710,2.23,2.25,2.15,2.18,2.25,-0.07,-3.1111,315219.94,69376.874
235,000587.SZ,20190709,2.25,2.28,2.2,2.25,2.28,-0.03,-1.3158,287559.21,64474.079
236,000587.SZ,20190708,2.38,2.4,2.25,2.28,2.43,-0.15,-6.1728,454995.34,104623.45
237,000587.SZ,20190705,2.4,2.44,2.34,2.43,2.4,0.03,1.25,371420.21,88911.111
238,000587.SZ,20190704,2.45,2.53,2.38,2.4,2.48,-0.08,-3.2258,541806.11,132388.043
239,000587.SZ,20190703,2.63,2.66,2.47,2.48,2.52,-0.04,-1.5873,664986.37,169392.982
240,000587.SZ,20190702,2.51,2.58,2.45,2.52,2.54,-0.02,-0.7874,637637.0,159832.419
241,000587.SZ,20190701,2.44,2.57,2.41,2.54,2.58,-0.04,-1.5504,726918.46,181653.56
242,000587.SZ,20190628,2.6,2.71,2.56,2.58,2.57,0.01,0.3891,819435.4,215597.565
243,000587.SZ,20190627,2.52,2.65,2.46,2.57,2.56,0.01,0.3906,801807.84,204790.868
244,000587.SZ,20190626,2.6,2.68,2.56,2.56,2.84,-0.28,-9.8592,1219340.36,316428.451
245,000587.SZ,20190625,2.82,3.0,2.79,2.84,2.74,0.1,3.6496,1757109.32,506024.833
246,000587.SZ,20190624,2.8,2.93,2.7,2.74,2.68,0.06,2.2388,1790456.83,502257.585
247,000587.SZ,20190621,2.5,2.68,2.42,2.68,2.44,0.24,9.8361,868513.71,224890.553
248,000587.SZ,20190620,2.5,2.58,2.42,2.44,2.41,0.03,1.2448,1046284.47,259330.039
249,000587.SZ,20190619,2.35,2.5,2.35,2.41,2.47,-0.06,-2.4291,1084359.6,262575.478
250,000587.SZ,20190618,2.27,2.55,2.18,2.47,2.32,0.15,6.4655,1317492.74,311532.923
251,000587.SZ,20190617,2.41,2.48,2.32,2.32,2.58,-0.26,-10.0775,1073077.05,253731.052
252,000587.SZ,20190614,2.67,2.77,2.42,2.58,2.52,0.06,2.381,1896607.08,494420.033
253,000587.SZ,20190613,2.52,2.52,2.38,2.52,2.29,0.23,10.0437,392542.15,98235.704
254,000587.SZ,20190612,2.08,2.29,2.07,2.29,2.08,0.21,10.0962,351743.09,77951.997
255,000587.SZ,20190611,1.97,2.09,1.96,2.08,1.98,0.1,5.0505,295730.36,60210.136
256,000587.SZ,20190610,1.96,2.0,1.96,1.98,1.97,0.01,0.5076,210249.18,41583.554
257,000587.SZ,20190606,2.06,2.07,1.95,1.97,2.07,-0.1,-4.8309,319198.96,63374.702
258,000587.SZ,20190605,2.06,2.08,2.04,2.07,2.06,0.01,0.4854,246661.99,50888.623
259,000587.SZ,20190604,2.14,2.15,2.04,2.06,2.12,-0.06,-2.8302,318691.55,66545.775
260,000587.SZ,20190603,2.16,2.2,2.1,2.12,2.13,-0.01,-0.4695,475298.73,102139.619
261,000587.SZ,20190531,2.14,2.18,2.12,2.13,2.13,0.0,0.0,233310.38,50070.431
262,000587.SZ,20190530,2.17,2.18,2.1,2.13,2.16,-0.03,-1.3889,252425.71,53897.704
263,000587.SZ,20190529,2.18,2.21,2.16,2.16,2.18,-0.02,-0.9174,264427.32,57646.506
264,000587.SZ,20190528,2.21,2.24,2.16,2.18,2.19,-0.01,-0.4566,236847.04,52153.377
265,000587.SZ,20190527,2.13,2.2,2.08,2.19,2.11,0.08,3.7915,354849.76,76665.785
266,000587.SZ,20190524,2.19,2.21,2.11,2.11,2.16,-0.05,-2.3148,338755.19,72566.219
267,000587.SZ,20190523,2.2,2.26,2.15,2.16,2.23,-0.07,-3.139,386272.76,85029.269
268,000587.SZ,20190522,2.28,2.35,2.21,2.23,2.23,0.0,0.0,460673.47,104755.16
269,000587.SZ,20190521,2.16,2.25,2.13,2.23,2.16,0.07,3.2407,442111.88,97544.324
270,000587.SZ,20190520,2.36,2.38,2.14,2.16,2.38,-0.22,-9.2437,641780.83,139651.008
271,000587.SZ,20190517,2.41,2.48,2.35,2.38,2.45,-0.07,-2.8571,452795.5,109703.687
272,000587.SZ,20190516,2.53,2.54,2.34,2.45,2.6,-0.15,-5.7692,674707.45,163700.875
273,000587.SZ,20190515,2.57,2.61,2.55,2.6,2.58,0.02,0.7752,299851.54,77354.506
274,000587.SZ,20190514,2.58,2.67,2.57,2.58,2.56,0.02,0.7813,347947.7,91277.516
275,000587.SZ,20190513,2.6,2.63,2.54,2.56,2.62,-0.06,-2.2901,203214.08,52572.698
276,000587.SZ,20190510,2.56,2.64,2.49,2.62,2.56,0.06,2.3438,319136.0,82784.565
277,000587.SZ,20190509,2.63,2.69,2.56,2.56,2.66,-0.1,-3.7594,318261.0,83640.032
278,000587.SZ,20190508,2.52,2.73,2.47,2.66,2.55,0.11,4.3137,448131.09,117080.559
279,000587.SZ,20190507,2.51,2.56,2.47,2.55,2.47,0.08,3.2389,265577.02,66853.732
280,000587.SZ,20190506,2.65,2.67,2.44,2.47,2.71,-0.24,-8.8561,455272.02,116417.802
281,000587.SZ,20190430,2.55,2.77,2.55,2.71,2.71,0.0,0.0,503999.14,135559.273
282,000587.SZ,20190429,2.95,2.99,2.71,2.71,3.01,-0.3,-9.9668,647572.22,178818.123
283,000587.SZ,20190426,3.06,3.1,3.0,3.01,3.09,-0.08,-2.589,374116.84,113981.614
284,000587.SZ,20190425,3.28,3.32,3.08,3.09,3.31,-0.22,-6.6465,509305.81,162514.956
285,000587.SZ,20190424,3.23,3.31,3.21,3.31,3.25,0.06,1.8462,345644.97,112819.786
286,000587.SZ,20190423,3.45,3.45,3.22,3.25,3.46,-0.21,-6.0694,709637.81,234039.885
287,000587.SZ,20190422,3.44,3.59,3.43,3.46,3.44,0.02,0.5814,806305.93,282576.487
288,000587.SZ,20190419,3.48,3.49,3.37,3.44,3.46,-0.02,-0.578,406567.48,139174.315
289,000587.SZ,20190418,3.43,3.49,3.4,3.46,3.44,0.02,0.5814,484375.98,166148.534
290,000587.SZ,20190417,3.31,3.49,3.3,3.44,3.34,0.1,2.994,695734.21,237261.524
291,000587.SZ,20190416,3.15,3.34,3.12,3.34,3.21,0.13,4.0498,494483.36,160436.829
292,000587.SZ,20190415,3.33,3.38,3.21,3.21,3.29,-0.08,-2.4316,472818.12,156586.824
293,000587.SZ,20190412,3.36,3.38,3.26,3.29,3.39,-0.1,-2.9499,470009.12,156135.584
294,000587.SZ,20190411,3.49,3.59,3.35,3.39,3.54,-0.15,-4.2373,822962.79,284928.546
295,000587.SZ,20190410,3.37,3.64,3.26,3.54,3.38,0.16,4.7337,1154513.11,402708.773
296,000587.SZ,20190409,3.3,3.43,3.27,3.38,3.29,0.09,2.7356,654129.42,220231.329
297,000587.SZ,20190408,3.38,3.39,3.22,3.29,3.35,-0.06,-1.791,510336.35,168975.176
298,000587.SZ,20190404,3.4,3.41,3.31,3.35,3.4,-0.05,-1.4706,530462.13,177844.291
299,000587.SZ,20190403,3.27,3.43,3.24,3.4,3.29,0.11,3.3435,685489.99,229537.815
300,000587.SZ,20190402,3.28,3.34,3.25,3.29,3.26,0.03,0.9202,480527.09,158180.735
301,000587.SZ,20190401,3.15,3.27,3.15,3.26,3.15,0.11,3.4921,444740.94,143483.541
302,000587.SZ,20190329,3.03,3.15,3.0,3.15,3.04,0.11,3.6184,467322.17,144113.383
303,000587.SZ,20190328,3.1,3.14,3.04,3.04,3.12,-0.08,-2.5641,375641.09,115880.789
304,000587.SZ,20190327,3.15,3.17,3.04,3.12,3.13,-0.01,-0.3195,376177.23,116798.649
305,000587.SZ,20190326,3.29,3.34,3.12,3.13,3.28,-0.15,-4.5732,630313.49,202793.667
306,000587.SZ,20190325,3.3,3.38,3.26,3.28,3.39,-0.11,-3.2448,459155.85,152434.061
307,000587.SZ,20190322,3.41,3.44,3.29,3.39,3.44,-0.05,-1.4535,571211.79,192262.715
308,000587.SZ,20190321,3.34,3.5,3.32,3.44,3.34,0.1,2.994,912790.02,312626.979
309,000587.SZ,20190320,3.37,3.39,3.23,3.34,3.4,-0.06,-1.7647,655877.9,217822.52
310,000587.SZ,20190319,3.36,3.44,3.29,3.4,3.38,0.02,0.5917,690750.89,233352.951
311,000587.SZ,20190318,3.31,3.38,3.25,3.38,3.29,0.09,2.7356,642846.3,212789.706
312,000587.SZ,20190315,3.26,3.38,3.24,3.29,3.26,0.03,0.9202,702680.99,231672.148
313,000587.SZ,20190314,3.44,3.49,3.2,3.26,3.48,-0.22,-6.3218,882261.39,292081.058
314,000587.SZ,20190313,3.61,3.65,3.4,3.48,3.61,-0.13,-3.6011,913849.12,322880.811
315,000587.SZ,20190312,3.6,3.73,3.51,3.61,3.62,-0.01,-0.2762,1229404.67,447221.74
316,000587.SZ,20190311,3.55,3.68,3.37,3.62,3.59,0.03,0.8357,1282125.13,454614.794
317,000587.SZ,20190308,3.8,4.08,3.56,3.59,3.76,-0.17,-4.5213,2309392.2,882631.321
318,000587.SZ,20190307,3.35,3.76,3.33,3.76,3.42,0.34,9.9415,1514207.6,541147.448
319,000587.SZ,20190306,3.24,3.47,3.17,3.42,3.21,0.21,6.5421,1645352.74,544917.509
320,000587.SZ,20190305,3.11,3.27,3.09,3.21,3.13,0.08,2.5559,1066255.4,339362.154
321,000587.SZ,20190304,3.05,3.22,3.04,3.13,3.07,0.06,1.9544,1030343.95,322735.841
322,000587.SZ,20190301,3.12,3.13,3.01,3.07,3.13,-0.06,-1.9169,757288.28,232213.05
323,000587.SZ,20190228,3.14,3.2,3.07,3.13,3.18,-0.05,-1.5723,857875.89,268411.316
324,000587.SZ,20190227,3.05,3.28,3.03,3.18,3.13,0.05,1.5974,1394796.15,439131.17
325,000587.SZ,20190226,3.13,3.31,3.03,3.13,3.09,0.04,1.2945,1384987.0,438429.874
326,000587.SZ,20190225,2.96,3.14,2.96,3.09,2.95,0.14,4.7458,1293492.77,394003.66
327,000587.SZ,20190222,2.9,2.97,2.85,2.95,2.97,-0.02,-0.6734,846152.44,246952.883
328,000587.SZ,20190221,2.84,3.05,2.82,2.97,2.89,0.08,2.7682,1201049.54,353561.997
329,000587.SZ,20190220,2.92,3.02,2.81,2.89,2.89,0.0,0.0,774331.23,225376.23
330,000587.SZ,20190219,2.76,2.97,2.73,2.89,2.76,0.13,4.7101,981379.84,280763.853
331,000587.SZ,20190218,2.66,2.81,2.66,2.76,2.68,0.08,2.9851,610767.02,167931.899
332,000587.SZ,20190215,2.66,2.73,2.65,2.68,2.69,-0.01,-0.3717,423491.65,114038.737
333,000587.SZ,20190214,2.67,2.74,2.62,2.69,2.66,0.03,1.1278,464406.08,123661.287
334,000587.SZ,20190213,2.61,2.68,2.6,2.66,2.66,0.0,0.0,492552.19,130291.611
335,000587.SZ,20190212,2.54,2.69,2.51,2.66,2.54,0.12,4.7244,620510.65,161673.358
336,000587.SZ,20190211,2.47,2.55,2.47,2.54,2.46,0.08,3.252,315805.08,79459.118
337,000587.SZ,20190201,2.37,2.47,2.36,2.46,2.35,0.11,4.6809,333006.02,80810.381
338,000587.SZ,20190131,2.34,2.43,2.33,2.35,2.38,-0.03,-1.2605,433579.46,103028.535
339,000587.SZ,20190130,2.43,2.49,2.38,2.38,2.5,-0.12,-4.8,408781.0,99493.045
340,000587.SZ,20190129,2.48,2.52,2.35,2.5,2.46,0.04,1.626,544368.83,133597.531
341,000587.SZ,20190128,2.53,2.57,2.46,2.46,2.59,-0.13,-5.0193,642164.68,161509.496
342,000587.SZ,20190125,2.85,2.86,2.59,2.59,2.88,-0.29,-10.0694,1076838.09,285262.276
343,000587.SZ,20190124,2.86,2.94,2.84,2.88,2.9,-0.02,-0.6897,488877.0,141098.03
344,000587.SZ,20190123,2.94,2.98,2.87,2.9,2.96,-0.06,-2.027,584336.91,170835.354
345,000587.SZ,20190122,2.99,3.01,2.86,2.96,2.99,-0.03,-1.0033,887233.82,261261.317
346,000587.SZ,20190121,2.99,3.07,2.96,2.99,3.04,-0.05,-1.6447,714201.27,214640.745
347,000587.SZ,20190118,3.18,3.25,3.01,3.04,3.24,-0.2,-6.1728,1150322.54,359618.512
348,000587.SZ,20190117,3.18,3.32,3.13,3.24,3.25,-0.01,-0.3077,1349680.18,433849.28
349,000587.SZ,20190116,3.05,3.37,3.01,3.25,3.13,0.12,3.8339,1736973.28,554307.2
350,000587.SZ,20190115,3.11,3.24,2.98,3.13,3.07,0.06,1.9544,2129229.8,665402.118
351,000587.SZ,20190114,2.8,3.07,2.77,3.07,2.79,0.28,10.0358,1605776.49,480245.392
352,000587.SZ,20190111,2.78,2.85,2.72,2.79,2.86,-0.07,-2.4476,815375.78,226877.235
353,000587.SZ,20190110,2.85,2.98,2.78,2.86,2.91,-0.05,-1.7182,1076459.94,310735.399
354,000587.SZ,20190109,2.74,2.96,2.7,2.91,2.82,0.09,3.1915,1308032.69,369292.476
355,000587.SZ,20190108,2.86,2.88,2.7,2.82,2.96,-0.14,-4.7297,1410921.19,395370.169
356,000587.SZ,20190107,2.79,3.09,2.74,2.96,2.81,0.15,5.3381,2134165.37,634280.112
357,000587.SZ,20190104,2.6,2.81,2.59,2.81,2.55,0.26,10.1961,1548407.83,420837.855
358,000587.SZ,20190103,2.34,2.55,2.29,2.55,2.32,0.23,9.9138,468279.92,114107.213
359,000587.SZ,20190102,2.37,2.37,2.31,2.32,2.35,-0.03,-1.2766,116328.0,27150.734
360,000587.SZ,20181228,2.34,2.38,2.33,2.35,2.33,0.02,0.8584,149830.63,35249.378
361,000587.SZ,20181227,2.45,2.45,2.33,2.33,2.41,-0.08,-3.3195,210281.02,50577.842
362,000587.SZ,20181226,2.45,2.46,2.41,2.41,2.45,-0.04,-1.6327,191423.02,46504.688
363,000587.SZ,20181225,2.51,2.53,2.39,2.45,2.53,-0.08,-3.1621,272769.02,66642.929
364,000587.SZ,20181224,2.52,2.54,2.48,2.53,2.52,0.01,0.3968,123671.0,31139.695
365,000587.SZ,20181221,2.55,2.58,2.51,2.52,2.54,-0.02,-0.7874,155686.38,39595.019
366,000587.SZ,20181220,2.54,2.58,2.52,2.54,2.55,-0.01,-0.3922,138660.0,35287.751
367,000587.SZ,20181219,2.58,2.6,2.53,2.55,2.59,-0.04,-1.5444,172787.0,44207.464
368,000587.SZ,20181218,2.53,2.68,2.53,2.59,2.55,0.04,1.5686,276616.48,72073.318
369,000587.SZ,20181217,2.53,2.55,2.48,2.55,2.55,0.0,0.0,161772.93,40840.054
370,000587.SZ,20181214,2.68,2.69,2.53,2.55,2.71,-0.16,-5.9041,331531.1,86700.499
371,000587.SZ,20181213,2.73,2.73,2.68,2.71,2.7,0.01,0.3704,155776.0,42238.602
372,000587.SZ,20181212,2.69,2.73,2.69,2.7,2.71,-0.01,-0.369,143932.0,38905.836
373,000587.SZ,20181211,2.67,2.71,2.65,2.71,2.66,0.05,1.8797,160400.86,43009.492
374,000587.SZ,20181210,2.67,2.74,2.64,2.66,2.68,-0.02,-0.7463,183851.0,49457.878
375,000587.SZ,20181207,2.72,2.74,2.67,2.68,2.72,-0.04,-1.4706,171035.93,46146.018
376,000587.SZ,20181206,2.72,2.77,2.71,2.72,2.73,-0.01,-0.3663,240212.0,65796.455
377,000587.SZ,20181205,2.73,2.78,2.71,2.73,2.79,-0.06,-2.1505,222613.0,61086.481
378,000587.SZ,20181204,2.76,2.8,2.73,2.79,2.77,0.02,0.722,245038.0,67863.409
379,000587.SZ,20181203,2.75,2.78,2.71,2.77,2.68,0.09,3.3582,311545.99,85808.248
380,000587.SZ,20181130,2.69,2.71,2.59,2.68,2.73,-0.05,-1.8315,335640.52,89049.611
381,000587.SZ,20181129,2.76,2.85,2.73,2.73,2.77,-0.04,-1.444,426819.58,119224.778
382,000587.SZ,20181128,2.74,2.78,2.63,2.77,2.74,0.03,1.0949,338037.12,91545.445
383,000587.SZ,20181127,2.77,2.78,2.68,2.74,2.74,0.0,0.0,284208.6,77916.568
384,000587.SZ,20181126,2.78,2.84,2.69,2.74,2.82,-0.08,-2.8369,377895.15,104356.886
385,000587.SZ,20181123,3.08,3.08,2.79,2.82,3.09,-0.27,-8.7379,637240.52,186008.993
386,000587.SZ,20181122,3.03,3.09,3.02,3.09,3.03,0.06,1.9802,527439.99,161258.391
387,000587.SZ,20181121,3.0,3.07,2.9,3.03,3.04,-0.01,-0.3289,544695.41,163466.354
388,000587.SZ,20181120,3.0,3.09,2.98,3.04,3.04,0.0,0.0,669964.72,204429.48
389,000587.SZ,20181119,3.05,3.14,3.03,3.04,3.08,-0.04,-1.2987,480445.06,147828.495
390,000587.SZ,20181116,3.09,3.13,3.04,3.08,3.11,-0.03,-0.9646,527489.41,162423.449
391,000587.SZ,20181115,3.08,3.14,3.02,3.11,3.1,0.01,0.3226,669672.47,205777.315
392,000587.SZ,20181114,3.29,3.39,3.06,3.1,3.17,-0.07,-2.2082,1522724.55,492409.389
393,000587.SZ,20181113,2.83,3.17,2.83,3.17,2.88,0.29,10.0694,809316.63,242724.433
394,000587.SZ,20181112,2.74,2.95,2.74,2.88,2.74,0.14,5.1095,748359.54,214721.134
395,000587.SZ,20181109,2.75,2.8,2.72,2.74,2.8,-0.06,-2.1429,508983.0,139901.869
396,000587.SZ,20181108,2.67,2.94,2.66,2.8,2.71,0.09,3.321,976347.92,272892.4
397,000587.SZ,20181107,2.62,2.74,2.61,2.71,2.64,0.07,2.6515,645444.75,173330.982
398,000587.SZ,20181106,2.66,2.67,2.6,2.64,2.68,-0.04,-1.4925,349579.12,91825.423
399,000587.SZ,20181105,2.64,2.72,2.62,2.68,2.65,0.03,1.1321,429116.51,114513.191
400,000587.SZ,20181102,2.62,2.67,2.6,2.65,2.63,0.02,0.7605,538659.89,141886.206
401,000587.SZ,20181101,2.55,2.67,2.53,2.63,2.55,0.08,3.1373,590392.92,153495.198
402,000587.SZ,20181031,2.54,2.63,2.52,2.55,2.57,-0.02,-0.7782,339508.1,87231.78
403,000587.SZ,20181030,2.55,2.6,2.42,2.57,2.58,-0.01,-0.3876,406642.2,102174.071
404,000587.SZ,20181029,2.66,2.7,2.57,2.58,2.68,-0.1,-3.7313,339886.33,89479.778
405,000587.SZ,20181026,2.73,2.76,2.64,2.68,2.78,-0.1,-3.5971,624820.72,168901.591
406,000587.SZ,20181025,2.53,2.84,2.52,2.78,2.64,0.14,5.303,877654.82,236513.757
407,000587.SZ,20181024,2.58,2.73,2.52,2.64,2.57,0.07,2.7237,702852.26,185614.003
408,000587.SZ,20181023,2.5,2.75,2.49,2.57,2.52,0.05,1.9841,741680.65,192724.286
409,000587.SZ,20181022,2.47,2.59,2.43,2.52,2.42,0.1,4.1322,527682.32,132355.221
410,000587.SZ,20181019,2.36,2.57,2.3,2.42,2.37,0.05,2.1097,415416.16,101159.093
411,000587.SZ,20181018,2.47,2.5,2.35,2.37,2.57,-0.2,-7.7821,469688.4,112604.197
412,000587.SZ,20181017,2.53,2.65,2.49,2.57,2.5,0.07,2.8,879372.03,225094.303
413,000587.SZ,20181016,2.28,2.5,2.25,2.5,2.27,0.23,10.1322,635257.34,153725.211
414,000587.SZ,20181015,2.49,2.49,2.26,2.27,2.5,-0.23,-9.2,400743.0,93822.933
415,000587.SZ,20181012,2.57,2.61,2.36,2.5,2.58,-0.08,-3.1008,355532.0,88435.707
416,000587.SZ,20181011,2.77,2.81,2.58,2.58,2.87,-0.29,-10.1045,341747.0,91561.552
417,000587.SZ,20181010,2.9,2.91,2.86,2.87,2.91,-0.04,-1.3746,141420.0,40709.378
418,000587.SZ,20181009,2.85,2.92,2.84,2.91,2.85,0.06,2.1053,235344.0,67719.061
419,000587.SZ,20181008,2.94,2.94,2.84,2.85,2.98,-0.13,-4.3624,262329.0,75748.27
420,000587.SZ,20180928,3.03,3.04,2.94,2.98,3.05,-0.07,-2.2951,420656.13,125492.008
421,000587.SZ,20180927,2.97,3.11,2.93,3.05,2.97,0.08,2.6936,765020.84,232889.894
422,000587.SZ,20180926,2.98,3.06,2.96,2.97,2.98,-0.01,-0.3356,380764.45,114163.955
423,000587.SZ,20180925,2.95,3.0,2.93,2.98,2.98,0.0,0.0,192175.02,57076.005
424,000587.SZ,20180921,2.99,3.0,2.92,2.98,2.99,-0.01,-0.3344,307920.06,91271.463
425,000587.SZ,20180920,2.92,3.02,2.9,2.99,2.91,0.08,2.7491,463831.16,137362.381
426,000587.SZ,20180919,2.91,2.95,2.87,2.91,2.9,0.01,0.3448,277804.58,80804.54
427,000587.SZ,20180918,2.82,2.91,2.81,2.9,2.83,0.07,2.4735,285322.4,82048.464
428,000587.SZ,20180917,2.83,2.86,2.75,2.83,2.84,-0.01,-0.3521,213836.34,60097.481
429,000587.SZ,20180914,2.9,2.92,2.82,2.84,2.93,-0.09,-3.0717,299040.12,85704.891
430,000587.SZ,20180913,2.95,2.97,2.89,2.93,2.93,0.0,0.0,259189.12,75798.125
431,000587.SZ,20180912,2.96,3.03,2.92,2.93,2.98,-0.05,-1.6779,310193.2,92227.883
432,000587.SZ,20180911,2.95,3.03,2.88,2.98,2.97,0.01,0.3367,422420.92,125239.668
433,000587.SZ,20180910,3.05,3.05,2.96,2.97,3.04,-0.07,-2.3026,428695.15,128682.647
434,000587.SZ,20180907,2.92,3.11,2.9,3.04,2.9,0.14,4.8276,721776.28,216103.18
435,000587.SZ,20180906,2.97,2.97,2.83,2.9,2.95,-0.05,-1.6949,428256.24,124253.494
436,000587.SZ,20180905,2.98,3.06,2.91,2.95,2.96,-0.01,-0.3378,587979.78,175212.379
437,000587.SZ,20180904,2.79,3.06,2.79,2.96,2.79,0.17,6.0932,551940.24,162721.072
438,000587.SZ,20180903,2.75,2.81,2.74,2.79,2.75,0.04,1.4545,212674.0,59051.301
439,000587.SZ,20180831,2.86,2.87,2.75,2.75,2.87,-0.12,-4.1812,217775.0,60970.739
440,000587.SZ,20180830,2.89,2.94,2.87,2.87,2.88,-0.01,-0.3472,192047.92,55582.433
441,000587.SZ,20180829,2.96,2.98,2.88,2.88,2.97,-0.09,-3.0303,248034.94,72461.821
442,000587.SZ,20180828,2.9,3.02,2.88,2.97,2.91,0.06,2.0619,430276.99,127990.669
443,000587.SZ,20180827,2.89,2.93,2.85,2.91,2.93,-0.02,-0.6826,366919.9,106201.512
444,000587.SZ,20180824,2.75,2.99,2.7,2.93,2.75,0.18,6.5455,709653.5,203920.474
445,000587.SZ,20180823,2.76,2.79,2.74,2.75,2.76,-0.01,-0.3623,172739.0,47742.318
446,000587.SZ,20180822,2.77,2.78,2.74,2.76,2.78,-0.02,-0.7194,163407.84,45076.744
447,000587.SZ,20180821,2.74,2.78,2.73,2.78,2.75,0.03,1.0909,174989.63,48231.374
448,000587.SZ,20180820,2.76,2.78,2.66,2.75,2.76,-0.01,-0.3623,254982.02,69429.413
449,000587.SZ,20180817,2.9,2.91,2.74,2.76,2.87,-0.11,-3.8328,286057.0,80586.288
450,000587.SZ,20180816,2.9,2.92,2.84,2.87,2.93,-0.06,-2.0478,222341.0,64165.808
451,000587.SZ,20180815,3.0,3.01,2.92,2.93,3.01,-0.08,-2.6578,227624.02,67373.958
452,000587.SZ,20180814,2.99,3.04,2.98,3.01,3.0,0.01,0.3333,195569.02,58832.908
453,000587.SZ,20180813,2.97,3.01,2.94,3.0,3.02,-0.02,-0.6623,221726.02,65935.293
454,000587.SZ,20180810,3.02,3.03,2.98,3.02,3.02,0.0,0.0,205707.04,61794.255
455,000587.SZ,20180809,2.95,3.05,2.93,3.02,2.97,0.05,1.6835,293778.02,88120.545
456,000587.SZ,20180808,3.0,3.05,2.95,2.97,2.99,-0.02,-0.6689,326582.0,97772.602
457,000587.SZ,20180807,2.95,3.0,2.89,2.99,2.92,0.07,2.3973,284852.02,84030.646
458,000587.SZ,20180806,2.99,3.02,2.91,2.92,3.05,-0.13,-4.2623,320222.14,94441.674
459,000587.SZ,20180803,3.05,3.18,3.05,3.05,3.0,0.05,1.6667,383702.04,118484.863
460,000587.SZ,20180802,3.15,3.18,2.86,3.0,3.16,-0.16,-5.0633,568892.0,171869.583
461,000587.SZ,20180801,3.35,3.36,3.13,3.16,3.34,-0.18,-5.3892,591393.01,191795.046
462,000587.SZ,20180731,3.33,3.39,3.32,3.34,3.34,0.0,0.0,286516.79,96090.227
463,000587.SZ,20180730,3.42,3.43,3.3,3.34,3.47,-0.13,-3.7464,487598.57,163578.84
464,000587.SZ,20180727,3.63,3.72,3.46,3.47,3.57,-0.1,-2.8011,879124.0,313859.335
465,000587.SZ,20180726,3.45,3.62,3.43,3.57,3.43,0.14,4.0816,1029140.57,363755.074
466,000587.SZ,20180725,3.41,3.53,3.4,3.43,3.42,0.01,0.2924,776987.16,267879.714
467,000587.SZ,20180724,3.35,3.47,3.32,3.42,3.35,0.07,2.0896,538778.42,183090.079
468,000587.SZ,20180723,3.39,3.41,3.33,3.35,3.39,-0.04,-1.1799,341458.08,114690.438
469,000587.SZ,20180720,3.3,3.44,3.3,3.39,3.33,0.06,1.8018,455432.39,153178.746
470,000587.SZ,20180719,3.45,3.47,3.31,3.33,3.47,-0.14,-4.03,533461.0,179514.879
471,000587.SZ,20180718,3.46,3.58,3.45,3.47,3.47,0.0,0.0,587182.89,205670.761
472,000587.SZ,20180717,3.4,3.47,3.38,3.47,3.41,0.06,1.76,539741.99,185092.245
473,000587.SZ,20180716,3.34,3.45,3.31,3.41,3.4,0.01,0.29,556492.88,187408.404
474,000587.SZ,20180713,3.41,3.54,3.35,3.4,3.43,-0.03,-0.87,780591.46,266505.013
475,000587.SZ,20180712,3.3,3.47,3.28,3.43,3.31,0.12,3.63,799371.2,272046.563
476,000587.SZ,20180711,3.58,3.58,3.29,3.31,3.65,-0.34,-9.32,1024647.62,343902.451
477,000587.SZ,20180710,3.67,3.71,3.58,3.65,3.71,-0.06,-1.62,653294.76,238000.246
478,000587.SZ,20180709,3.6,3.78,3.54,3.71,3.69,0.02,0.54,814282.0,298740.27
479,000587.SZ,20180706,3.6,3.76,3.53,3.69,3.71,-0.02,-0.54,969694.26,353428.613
480,000587.SZ,20180705,3.58,3.94,3.51,3.71,3.62,0.09,2.49,1668010.48,614309.708
481,000587.SZ,20180704,3.61,3.86,3.61,3.62,4.01,-0.39,-9.73,2309084.39,846381.549
482,000587.SZ,20180703,4.01,4.01,4.01,4.01,4.46,-0.45,-10.09,25022.0,10033.822
483,000587.SZ,20180702,4.46,4.46,4.46,4.46,4.96,-0.5,-10.08,23963.0,10687.498
484,000587.SZ,20180614,4.96,4.96,4.96,4.96,5.51,-0.55,-9.98,456741.0,226543.536
485,000587.SZ,20180613,5.51,5.68,5.51,5.51,6.12,-0.61,-9.97,1817455.02,1002685.784
486,000587.SZ,20180605,6.12,6.12,6.12,6.12,6.8,-0.68,-10.0,100435.0,61466.22
487,000587.SZ,20180604,7.54,7.88,6.8,6.8,7.55,-0.75,-9.93,656341.41,474438.674
488,000587.SZ,20180601,7.66,7.74,7.47,7.55,7.73,-0.18,-2.33,365689.39,276973.256
489,000587.SZ,20180531,7.48,7.8,7.43,7.73,7.48,0.25,3.34,486927.7,372752.06
490,000587.SZ,20180530,7.46,7.67,7.35,7.48,7.48,0.0,0.0,407024.65,305633.436
491,000587.SZ,20180529,7.4,7.54,7.28,7.48,7.37,0.11,1.49,383634.62,284982.639
492,000587.SZ,20180528,6.93,7.44,6.91,7.37,6.97,0.4,5.74,499267.89,358820.682
493,000587.SZ,20180525,6.88,7.0,6.85,6.97,6.95,0.02,0.29,210213.7,145673.568
494,000587.SZ,20180524,6.96,7.02,6.88,6.95,6.99,-0.04,-0.57,252543.2,174950.186
495,000587.SZ,20180523,7.02,7.07,6.9,6.99,7.02,-0.03,-0.43,376751.69,262965.938
496,000587.SZ,20180522,7.0,7.24,6.95,7.02,7.28,-0.26,-3.57,536744.68,377810.518
497,000587.SZ,20180521,7.22,7.32,7.16,7.28,7.23,0.05,0.69,124671.86,90351.681
498,000587.SZ,20180518,7.24,7.34,7.03,7.23,7.34,-0.11,-1.5,274142.9,197024.771
499,000587.SZ,20180517,7.08,7.57,7.0,7.34,7.0,0.34,4.86,504660.4,365431.688
500,000587.SZ,20180516,6.92,7.01,6.92,7.0,6.93,0.07,1.01,105328.0,73339.718
501,000587.SZ,20180515,6.87,6.96,6.84,6.93,6.86,0.07,1.02,86155.0,59405.004
502,000587.SZ,20180514,6.93,7.03,6.83,6.86,6.92,-0.06,-0.87,133694.28,92385.632
503,000587.SZ,20180511,6.97,6.97,6.91,6.92,6.98,-0.06,-0.86,39238.0,27193.507
504,000587.SZ,20180510,6.91,7.06,6.85,6.98,6.96,0.02,0.29,139602.0,97289.045
505,000587.SZ,20180509,6.96,7.03,6.93,6.96,6.97,-0.01,-0.14,54958.12,38338.126
506,000587.SZ,20180508,6.93,7.02,6.89,6.97,6.9,0.07,1.01,70861.42,49393.739
507,000587.SZ,20180507,6.83,6.95,6.79,6.9,6.83,0.07,1.02,69004.82,47427.788
508,000587.SZ,20180504,6.8,6.85,6.79,6.83,6.8,0.03,0.44,51731.02,35216.132
509,000587.SZ,20180503,6.83,6.89,6.79,6.8,6.87,-0.07,-1.02,83716.32,57201.301
510,000587.SZ,20180502,7.0,7.02,6.87,6.87,7.0,-0.13,-1.86,88467.0,61414.329
511,000587.SZ,20180427,6.95,7.04,6.91,7.0,6.93,0.07,1.01,117179.0,81927.172
512,000587.SZ,20180426,7.0,7.03,6.92,6.93,6.97,-0.04,-0.57,92747.0,64616.837
513,000587.SZ,20180425,7.1,7.1,6.97,6.97,7.07,-0.1,-1.41,81780.22,57393.616
514,000587.SZ,20180424,7.03,7.14,7.0,7.07,7.02,0.05,0.71,56904.16,40172.588
515,000587.SZ,20180423,7.0,7.04,6.99,7.02,7.0,0.02,0.29,58111.22,40719.749
516,000587.SZ,20180420,7.1,7.11,7.0,7.0,7.08,-0.08,-1.13,64552.0,45441.646
517,000587.SZ,20180419,7.14,7.14,7.01,7.08,7.1,-0.02,-0.28,131220.5,92807.827
518,000587.SZ,20180418,7.22,7.22,7.09,7.1,7.17,-0.07,-0.98,86789.02,61902.318
519,000587.SZ,20180417,7.24,7.28,7.17,7.17,7.24,-0.07,-0.97,92897.0,67075.384
520,000587.SZ,20180416,7.21,7.24,7.14,7.24,7.21,0.03,0.42,97666.72,70209.418
521,000587.SZ,20180413,7.14,7.21,7.1,7.21,7.12,0.09,1.26,104357.94,74740.612
522,000587.SZ,20180412,7.18,7.19,7.12,7.12,7.15,-0.03,-0.42,174912.84,125035.879
523,000587.SZ,20180411,7.12,7.19,7.1,7.15,7.15,0.0,0.0,84997.36,60681.173
524,000587.SZ,20180410,7.25,7.25,7.08,7.15,7.21,-0.06,-0.83,130457.5,93386.502
525,000587.SZ,20180409,7.2,7.27,7.11,7.21,7.2,0.01,0.14,159372.11,114693.796
526,000587.SZ,20180404,7.19,7.27,7.17,7.2,7.22,-0.02,-0.28,101177.48,73036.577
527,000587.SZ,20180403,7.22,7.3,7.13,7.22,7.2,0.02,0.28,277423.9,200520.075
528,000587.SZ,20180402,7.08,7.21,7.0,7.2,7.1,0.1,1.41,422693.94,299310.001
529,000587.SZ,20180330,7.05,7.18,7.02,7.1,7.05,0.05,0.71,137677.16,97718.642
530,000587.SZ,20180329,7.03,7.1,6.96,7.05,7.04,0.01,0.14,150689.62,106149.409
531,000587.SZ,20180328,6.98,7.14,6.95,7.04,7.04,0.0,0.0,129091.95,91046.954
532,000587.SZ,20180327,7.08,7.22,7.0,7.04,7.05,-0.01,-0.14,283419.06,201178.454
533,000587.SZ,20180326,6.89,7.07,6.86,7.05,6.91,0.14,2.03,223081.91,155306.265
534,000587.SZ,20180323,6.92,6.96,6.78,6.91,6.95,-0.04,-0.58,169414.59,116342.265
535,000587.SZ,20180322,6.92,6.97,6.89,6.95,6.9,0.05,0.72,68544.0,47527.241
536,000587.SZ,20180321,6.91,6.96,6.88,6.9,6.92,-0.02,-0.29,121454.0,84038.914
537,000587.SZ,20180320,6.93,6.96,6.85,6.92,6.96,-0.04,-0.57,108626.0,75016.046
538,000587.SZ,20180319,6.99,7.01,6.94,6.96,7.0,-0.04,-0.57,87496.0,61029.495
539,000587.SZ,20180316,6.98,7.05,6.95,7.0,7.02,-0.02,-0.28,163190.0,114179.291
540,000587.SZ,20180315,7.04,7.08,6.93,7.02,7.07,-0.05,-0.71,147792.94,103414.997
541,000587.SZ,20180314,7.09,7.15,7.07,7.07,7.13,-0.06,-0.84,137128.5,97547.82
542,000587.SZ,20180313,7.17,7.19,7.09,7.13,7.17,-0.04,-0.56,187167.6,133547.347
543,000587.SZ,20180312,7.0,7.23,6.95,7.17,7.02,0.15,2.14,412872.77,292204.889
544,000587.SZ,20180309,6.9,7.02,6.81,7.02,6.9,0.12,1.74,355013.86,245536.485
545,000587.SZ,20180308,6.94,6.97,6.87,6.9,6.94,-0.04,-0.58,168040.04,116155.768
546,000587.SZ,20180307,6.93,6.96,6.88,6.94,6.93,0.01,0.14,149018.14,103054.789
547,000587.SZ,20180306,6.96,7.06,6.91,6.93,7.0,-0.07,-1.0,177375.0,123379.171
548,000587.SZ,20180305,6.88,7.04,6.65,7.0,6.95,0.05,0.72,300142.48,205438.924
549,000587.SZ,20180302,7.01,7.1,6.95,6.95,7.01,-0.06,-0.86,192096.7,135094.307
550,000587.SZ,20180301,6.96,7.13,6.91,7.01,6.96,0.05,0.72,252576.18,177834.697
551,000587.SZ,20180228,6.87,6.99,6.83,6.96,6.94,0.02,0.29,143189.0,99202.352
552,000587.SZ,20180227,7.06,7.06,6.93,6.94,7.07,-0.13,-1.84,148764.0,103943.451
553,000587.SZ,20180226,7.03,7.1,6.99,7.07,7.03,0.04,0.57,196964.0,138696.309
554,000587.SZ,20180223,7.08,7.09,6.91,7.03,7.09,-0.06,-0.85,250015.86,174648.078
555,000587.SZ,20180222,7.17,7.24,7.08,7.09,7.16,-0.07,-0.98,263466.0,187888.69
556,000587.SZ,20180214,7.14,7.2,7.05,7.16,7.14,0.02,0.28,265769.98,188751.28
557,000587.SZ,20180213,7.16,7.26,7.04,7.14,7.15,-0.01,-0.14,213983.04,152952.78
558,000587.SZ,20180212,7.09,7.24,7.08,7.15,7.08,0.07,0.99,238781.0,170577.627
559,000587.SZ,20180209,7.03,7.11,6.9,7.08,7.13,-0.05,-0.7,322377.66,225865.261
560,000587.SZ,20180208,7.18,7.25,7.1,7.13,7.2,-0.07,-0.97,245624.19,175854.886
561,000587.SZ,20180207,6.82,7.25,6.77,7.2,6.81,0.39,5.73,384098.78,266884.765
562,000587.SZ,20180206,6.77,6.9,6.7,6.81,6.9,-0.09,-1.3,313344.0,212287.126
563,000587.SZ,20180205,6.77,6.96,6.46,6.9,6.87,0.03,0.44,350515.17,235161.994
564,000587.SZ,20180202,7.08,7.1,6.85,6.87,7.1,-0.23,-3.24,272814.9,189232.234
565,000587.SZ,20180201,7.15,7.16,6.91,7.1,7.15,-0.05,-0.7,309447.38,218420.41
566,000587.SZ,20180131,7.32,7.33,7.09,7.15,7.32,-0.17,-2.32,268795.68,192924.235
567,000587.SZ,20180130,7.4,7.47,7.3,7.32,7.4,-0.08,-1.08,325310.93,239972.339
568,000587.SZ,20180129,7.29,7.45,7.26,7.4,7.29,0.11,1.51,516804.25,381334.914
569,000587.SZ,20180126,7.21,7.35,7.17,7.29,7.22,0.07,0.97,340308.64,247047.866
570,000587.SZ,20180125,7.17,7.33,7.16,7.22,7.17,0.05,0.7,540050.24,392422.227
571,000587.SZ,20180124,7.13,7.18,7.06,7.17,7.15,0.02,0.28,275859.61,195879.016
572,000587.SZ,20180123,7.24,7.26,7.13,7.15,7.24,-0.09,-1.24,306581.14,219987.324
573,000587.SZ,20180122,7.25,7.34,7.2,7.24,7.25,-0.01,-0.14,318156.0,230738.829
574,000587.SZ,20180119,7.29,7.33,7.17,7.25,7.29,-0.04,-0.55,324072.0,234523.025
575,000587.SZ,20180118,7.36,7.44,7.27,7.29,7.35,-0.06,-0.82,371219.33,272160.008
576,000587.SZ,20180117,7.32,7.39,7.18,7.35,7.32,0.03,0.41,464368.52,337824.015
577,000587.SZ,20180116,7.17,7.34,7.15,7.32,7.16,0.16,2.23,539253.35,391637.475
578,000587.SZ,20180115,7.12,7.2,7.09,7.16,7.13,0.03,0.42,451995.0,323067.443
579,000587.SZ,20180112,7.06,7.15,7.02,7.13,7.07,0.06,0.85,280926.1,198886.005
580,000587.SZ,20180111,7.06,7.15,7.04,7.07,7.07,0.0,0.0,325174.08,230411.79
581,000587.SZ,20180110,7.03,7.08,6.97,7.07,7.03,0.04,0.57,277031.06,194202.856
582,000587.SZ,20180109,7.21,7.21,7.01,7.03,7.21,-0.18,-2.5,332676.27,235045.744
583,000587.SZ,20180108,7.12,7.28,7.11,7.21,7.11,0.1,1.41,451064.34,325772.571
584,000587.SZ,20180105,7.0,7.2,6.97,7.11,7.01,0.1,1.43,527216.35,373490.015
585,000587.SZ,20180104,7.05,7.08,6.91,7.01,7.05,-0.04,-0.57,489732.0,341747.258
586,000587.SZ,20180103,7.14,7.21,7.04,7.05,7.13,-0.08,-1.12,436256.52,310556.798
587,000587.SZ,20180102,7.01,7.14,6.98,7.13,7.0,0.13,1.86,525121.0,370311.493
588,000587.SZ,20171229,6.9,7.01,6.85,7.0,6.89,0.11,1.6,347137.01,240022.727
589,000587.SZ,20171228,6.87,6.97,6.74,6.89,6.9,-0.01,-0.14,355793.34,243797.09
590,000587.SZ,20171227,7.12,7.14,6.88,6.9,7.18,-0.28,-3.9,378634.28,264251.908
591,000587.SZ,20171226,7.04,7.3,7.01,7.18,7.05,0.13,1.84,511059.56,366845.03
592,000587.SZ,20171225,6.9,7.07,6.87,7.05,6.89,0.16,2.32,437796.0,306141.583
593,000587.SZ,20171222,6.85,6.95,6.81,6.89,6.86,0.03,0.44,330634.5,227453.993
594,000587.SZ,20171221,6.92,6.94,6.85,6.86,6.93,-0.07,-1.01,243662.52,167491.834
595,000587.SZ,20171220,6.86,6.95,6.83,6.93,6.86,0.07,1.02,279378.57,192904.085
596,000587.SZ,20171219,6.76,6.9,6.74,6.86,6.76,0.1,1.48,305179.72,208533.946
597,000587.SZ,20171218,6.74,6.81,6.69,6.76,6.75,0.01,0.15,122425.02,82475.333
598,000587.SZ,20171215,6.73,6.77,6.67,6.75,6.73,0.02,0.3,137350.59,92226.184
599,000587.SZ,20171214,6.76,6.76,6.7,6.73,6.79,-0.06,-0.88,112540.0,75675.802
600,000587.SZ,20171213,6.8,6.83,6.65,6.79,6.8,-0.01,-0.15,172524.17,115951.119
601,000587.SZ,20171212,6.95,6.96,6.77,6.8,6.96,-0.16,-2.3,166500.0,113607.079
602,000587.SZ,20171211,6.77,7.1,6.74,6.96,6.77,0.19,2.81,398984.53,276189.435
603,000587.SZ,20171208,6.68,6.81,6.64,6.77,6.73,0.04,0.59,323562.43,217908.934
604,000587.SZ,20171207,6.42,6.92,6.37,6.73,6.42,0.31,4.83,360725.91,237938.262
605,000587.SZ,20171206,6.41,6.43,6.36,6.42,6.42,0.0,0.0,190098.78,121505.256
606,000587.SZ,20171205,6.41,6.43,6.33,6.42,6.44,-0.02,-0.31,161884.98,103362.552
607,000587.SZ,20171204,6.44,6.44,6.38,6.44,6.45,-0.01,-0.16,123692.1,79244.683
608,000587.SZ,20171201,6.45,6.45,6.4,6.45,6.47,-0.02,-0.31,187710.0,120601.948
609,000587.SZ,20171130,6.46,6.5,6.38,6.47,6.47,0.0,0.0,225891.11,145255.009
610,000587.SZ,20171129,6.46,6.5,6.39,6.47,6.47,0.0,0.0,192009.84,123580.39
611,000587.SZ,20171128,6.44,6.55,6.39,6.47,6.44,0.03,0.47,149860.61,96697.992
612,000587.SZ,20171127,6.52,6.52,6.36,6.44,6.52,-0.08,-1.23,138202.13,88875.519
613,000587.SZ,20171124,6.55,6.58,6.48,6.52,6.57,-0.05,-0.76,134578.04,87581.034
614,000587.SZ,20171123,6.57,6.59,6.48,6.57,6.6,-0.03,-0.45,185947.17,121396.713
615,000587.SZ,20171122,6.57,6.68,6.53,6.6,6.6,0.0,0.0,197164.82,129587.57
616,000587.SZ,20171121,6.56,6.65,6.51,6.6,6.6,0.0,0.0,159217.38,104834.848
617,000587.SZ,20171120,6.55,6.6,6.44,6.6,6.62,-0.02,-0.3,185054.61,120532.505
618,000587.SZ,20171117,6.67,6.68,6.4,6.62,6.7,-0.08,-1.19,239161.24,156902.834
619,000587.SZ,20171116,6.7,6.82,6.65,6.7,6.76,-0.06,-0.89,201889.98,135451.166
620,000587.SZ,20171115,6.54,6.82,6.54,6.76,6.53,0.23,3.52,360456.82,241065.09
621,000587.SZ,20171114,6.58,6.65,6.53,6.53,6.6,-0.07,-1.06,187225.19,123309.343
622,000587.SZ,20171113,6.63,6.65,6.57,6.6,6.66,-0.06,-0.9,159187.94,105241.549
623,000587.SZ,20171110,6.62,6.66,6.54,6.66,6.61,0.05,0.76,199923.0,131804.487
624,000587.SZ,20171109,6.58,6.69,6.52,6.61,6.59,0.02,0.3,178009.0,117791.316
625,000587.SZ,20171108,6.67,6.67,6.59,6.59,6.67,-0.08,-1.2,323978.02,215004.124
626,000587.SZ,20171107,6.7,6.76,6.58,6.67,6.67,0.0,0.0,244858.38,162930.155
627,000587.SZ,20171106,6.55,6.67,6.49,6.67,6.65,0.02,0.3,275346.25,181290.521
628,000587.SZ,20171103,6.68,6.8,6.43,6.65,6.98,-0.33,-4.73,1080472.46,712863.591
629,000587.SZ,20171102,7.35,7.35,6.62,6.98,7.35,-0.37,-5.03,1275624.91,856169.853
630,000587.SZ,20171101,7.4,7.42,7.33,7.35,7.42,-0.07,-0.94,83201.42,61255.582
631,000587.SZ,20171031,7.39,7.47,7.32,7.42,7.38,0.04,0.54,145450.0,107488.55
632,000587.SZ,20171030,7.51,7.53,7.34,7.38,7.57,-0.19,-2.51,110565.0,81998.387
633,000587.SZ,20171027,7.44,7.61,7.41,7.57,7.45,0.12,1.61,212995.77,159800.861
634,000587.SZ,20171026,7.48,7.54,7.43,7.45,7.52,-0.07,-0.93,148978.92,111156.056
635,000587.SZ,20171025,7.55,7.55,7.43,7.52,7.55,-0.03,-0.4,251667.56,188136.053
636,000587.SZ,20171024,7.61,7.61,7.48,7.55,7.61,-0.06,-0.79,164565.14,123822.479
637,000587.SZ,20171023,7.63,7.64,7.57,7.61,7.65,-0.04,-0.52,138252.26,105172.05
638,000587.SZ,20171020,7.65,7.68,7.61,7.65,7.66,-0.01,-0.13,158917.0,121454.483
639,000587.SZ,20171019,7.67,7.73,7.66,7.66,7.7,-0.04,-0.52,210297.0,162052.109
640,000587.SZ,20171018,7.72,7.74,7.67,7.7,7.73,-0.03,-0.39,321486.0,247872.256
641,000587.SZ,20171017,7.66,7.75,7.58,7.73,7.68,0.05,0.65,282153.02,216072.314
642,000587.SZ,20171016,7.73,7.76,7.66,7.68,7.75,-0.07,-0.9,178001.0,136923.637
643,000587.SZ,20171013,7.67,7.75,7.65,7.75,7.7,0.05,0.65,186898.0,144022.315
644,000587.SZ,20171012,7.78,7.78,7.69,7.7,7.77,-0.07,-0.9,111891.0,86468.56
645,000587.SZ,20171011,7.74,7.78,7.7,7.77,7.75,0.02,0.26,230360.89,178119.013
646,000587.SZ,20171010,7.73,7.83,7.72,7.75,7.76,-0.01,-0.13,150730.74,117076.169
647,000587.SZ,20171009,7.68,7.81,7.6,7.76,7.65,0.11,1.44,203801.91,157331.0
648,000587.SZ,20170929,7.66,7.68,7.6,7.65,7.65,0.0,0.0,114105.0,87070.912
649,000587.SZ,20170928,7.65,7.7,7.62,7.65,7.65,0.0,0.0,217681.0,167013.335
650,000587.SZ,20170927,7.74,7.74,7.65,7.65,7.74,-0.09,-1.16,194802.3,149668.474
651,000587.SZ,20170926,7.74,7.75,7.68,7.74,7.75,-0.01,-0.13,136117.0,105121.252
652,000587.SZ,20170925,7.73,7.75,7.66,7.75,7.75,0.0,0.0,112296.0,86586.499
653,000587.SZ,20170922,7.73,7.75,7.63,7.75,7.74,0.01,0.13,119716.98,92061.556
654,000587.SZ,20170921,7.72,7.76,7.64,7.74,7.71,0.03,0.39,153429.38,118226.171
655,000587.SZ,20170920,7.75,7.75,7.68,7.71,7.75,-0.04,-0.52,70709.0,54474.301
656,000587.SZ,20170919,7.73,7.78,7.69,7.75,7.75,0.0,0.0,61493.0,47497.716
657,000587.SZ,20170918,7.79,7.79,7.7,7.75,7.8,-0.05,-0.64,80659.29,62339.1
658,000587.SZ,20170915,7.8,7.81,7.71,7.8,7.79,0.01,0.13,112187.17,87122.52
659,000587.SZ,20170914,7.77,7.8,7.61,7.79,7.79,0.0,0.0,131465.05,101664.1
660,000587.SZ,20170913,7.82,7.83,7.72,7.79,7.84,-0.05,-0.64,89390.09,69456.082
661,000587.SZ,20170912,7.89,7.93,7.78,7.84,7.9,-0.06,-0.76,160344.0,125611.131
662,000587.SZ,20170911,7.91,7.94,7.84,7.9,7.94,-0.04,-0.5,136356.6,107468.461
663,000587.SZ,20170908,7.85,8.11,7.77,7.94,7.87,0.07,0.89,227512.43,179592.894
664,000587.SZ,20170907,7.89,7.96,7.79,7.87,7.89,-0.02,-0.25,112418.51,88230.598
665,000587.SZ,20170906,7.77,7.97,7.77,7.89,7.77,0.12,1.54,190035.19,148987.459
666,000587.SZ,20170905,7.83,7.83,7.73,7.77,7.81,-0.04,-0.51,87820.34,68195.284
667,000587.SZ,20170904,7.86,7.87,7.77,7.81,7.87,-0.06,-0.76,143723.52,112215.242
668,000587.SZ,20170901,7.85,7.88,7.74,7.87,7.85,0.02,0.25,158152.01,123425.057
669,000587.SZ,20170831,7.84,7.9,7.71,7.85,7.85,0.0,0.0,217444.12,170392.326
670,000587.SZ,20170830,7.99,8.01,7.85,7.85,7.99,-0.14,-1.75,209549.73,165812.437
671,000587.SZ,20170829,8.08,8.09,7.95,7.99,8.07,-0.08,-0.99,184591.93,147544.254
672,000587.SZ,20170828,8.02,8.11,7.96,8.07,8.02,0.05,0.62,345904.0,278061.793
673,000587.SZ,20170825,8.04,8.09,7.94,8.02,8.04,-0.02,-0.25,266123.27,213379.31
674,000587.SZ,20170824,8.05,8.18,7.97,8.04,8.05,-0.01,-0.12,151865.03,122223.033
675,000587.SZ,20170823,8.22,8.22,8.04,8.05,8.22,-0.17,-2.07,142782.22,115853.548
676,000587.SZ,20170822,8.33,8.33,8.07,8.22,8.22,0.0,0.0,164276.82,134512.158
677,000587.SZ,20170821,8.09,8.28,8.06,8.22,8.06,0.16,1.99,149294.01,122476.139
678,000587.SZ,20170818,8.0,8.07,7.93,8.06,8.01,0.05,0.62,99887.0,80101.396
679,000587.SZ,20170817,8.0,8.05,7.94,8.01,8.0,0.01,0.13,117794.7,94299.566
680,000587.SZ,20170816,7.96,8.04,7.82,8.0,7.99,0.01,0.13,129885.26,102995.402
681,000587.SZ,20170815,8.12,8.12,7.94,7.99,7.97,0.02,0.25,156777.06,125444.978
682,000587.SZ,20170814,7.83,8.08,7.83,7.97,7.82,0.15,1.92,206594.04,164062.64
683,000587.SZ,20170811,7.93,7.94,7.7,7.82,7.93,-0.11,-1.39,160701.22,125505.69
684,000587.SZ,20170810,7.91,8.01,7.89,7.93,7.9,0.03,0.38,290456.95,230852.934
685,000587.SZ,20170809,7.73,7.95,7.63,7.9,7.72,0.18,2.33,333014.81,259612.14
686,000587.SZ,20170808,7.77,7.82,7.69,7.72,7.8,-0.08,-1.03,137701.08,106467.445
687,000587.SZ,20170807,7.79,7.87,7.78,7.8,7.84,-0.04,-0.51,103978.22,81340.717
688,000587.SZ,20170804,7.82,7.9,7.75,7.84,7.85,-0.01,-0.13,550813.52,430632.083
689,000587.SZ,20170803,7.82,8.0,7.76,7.85,7.82,0.03,0.38,602518.71,472979.617
690,000587.SZ,20170802,7.85,7.88,7.76,7.82,7.89,-0.07,-0.89,142304.39,111343.818
691,000587.SZ,20170801,7.87,7.91,7.77,7.89,7.95,-0.06,-0.75,295582.0,231593.794
692,000587.SZ,20170731,7.9,7.96,7.8,7.95,7.95,0.0,0.0,377090.0,296690.69
693,000587.SZ,20170728,7.91,7.96,7.81,7.95,7.97,-0.02,-0.25,381765.21,301580.617
694,000587.SZ,20170727,7.73,8.12,7.58,7.97,7.76,0.21,2.71,314393.66,242761.572
695,000587.SZ,20170726,7.87,7.95,7.26,7.76,7.83,-0.07,-0.89,235958.42,182389.731
696,000587.SZ,20170725,8.03,8.05,7.8,7.83,8.02,-0.19,-2.37,177635.92,140316.087
697,000587.SZ,20170724,8.08,8.1,7.89,8.02,8.08,-0.06,-0.74,161565.98,128852.868
698,000587.SZ,20170721,8.18,8.22,8.02,8.08,8.19,-0.11,-1.34,215206.42,174571.054
699,000587.SZ,20170720,8.16,8.29,8.09,8.19,8.18,0.01,0.12,228325.94,186425.819
700,000587.SZ,20170719,7.97,8.23,7.95,8.18,7.98,0.2,2.51,322633.02,261326.698
701,000587.SZ,20170718,7.74,8.08,7.7,7.98,7.77,0.21,2.7,310881.38,245078.485
702,000587.SZ,20170717,7.73,7.78,6.99,7.77,7.76,0.01,0.13,318032.52,238585.205
703,000587.SZ,20170714,7.75,7.81,7.62,7.76,7.75,0.01,0.13,252832.0,195154.399
704,000587.SZ,20170713,7.64,7.82,7.58,7.75,7.64,0.11,1.44,256976.84,198762.464
705,000587.SZ,20170712,15.63,15.69,15.4,15.42,15.63,-0.21,-1.34,111729.0,173412.879
706,000587.SZ,20170711,15.66,15.8,15.43,15.63,15.63,0.0,0.0,186999.67,292101.428
707,000587.SZ,20170710,15.25,15.63,15.17,15.63,15.25,0.38,2.49,169944.09,263020.105
708,000587.SZ,20170707,15.1,15.4,15.0,15.25,15.08,0.17,1.13,168157.72,254932.968
709,000587.SZ,20170706,15.02,15.1,14.89,15.08,15.05,0.03,0.2,155780.86,234057.302
710,000587.SZ,20170705,14.89,15.07,14.84,15.05,14.89,0.16,1.07,191140.8,286473.005
711,000587.SZ,20170704,14.77,15.55,14.76,14.89,14.77,0.12,0.81,178048.33,266260.917
712,000587.SZ,20170703,14.89,14.9,14.75,14.77,14.9,-0.13,-0.87,46852.0,69355.674
713,000587.SZ,20170630,14.9,14.93,14.8,14.9,14.93,-0.03,-0.2,46156.29,68573.477
714,000587.SZ,20170629,14.86,14.95,14.76,14.93,14.91,0.02,0.13,89678.9,133153.376
715,000587.SZ,20170628,14.96,14.97,14.71,14.91,14.94,-0.03,-0.2,61719.95,91722.702
716,000587.SZ,20170627,15.01,15.02,14.88,14.94,15.07,-0.13,-0.86,49993.01,74655.04
717,000587.SZ,20170626,14.92,15.15,14.9,15.07,15.06,0.01,0.07,72497.05,108735.097
718,000587.SZ,20170623,15.08,15.08,14.84,15.06,15.1,-0.04,-0.26,37299.0,55709.899
719,000587.SZ,20170622,15.1,15.14,14.96,15.1,15.09,0.01,0.07,35557.05,53513.749
720,000587.SZ,20170621,15.15,15.25,15.02,15.09,15.01,0.08,0.53,29807.0,45033.79
721,000587.SZ,20170620,14.96,15.17,14.89,15.01,14.92,0.09,0.6,40133.48,60396.058
722,000587.SZ,20170619,14.95,14.96,14.8,14.92,14.93,-0.01,-0.07,32653.0,48601.032
723,000587.SZ,20170616,14.96,14.99,14.85,14.93,14.97,-0.04,-0.27,20379.1,30385.947
724,000587.SZ,20170615,15.06,15.17,14.9,14.97,15.06,-0.09,-0.6,55007.72,82500.533
725,000587.SZ,20170614,15.05,15.2,15.0,15.06,15.15,-0.09,-0.59,29121.5,43919.948
726,000587.SZ,20170613,14.97,15.3,14.96,15.15,15.03,0.12,0.8,46457.11,70130.524
727,000587.SZ,20170612,15.04,15.15,14.72,15.03,15.08,-0.05,-0.33,37804.74,56792.796
728,000587.SZ,20170609,14.9,15.1,14.83,15.08,15.0,0.08,0.53,43933.05,65957.888
729,000587.SZ,20170608,14.85,15.02,14.56,15.0,14.84,0.16,1.08,104496.78,154694.264
730,000587.SZ,20170607,14.75,15.08,14.63,14.84,14.7,0.14,0.95,101543.13,150594.844
731,000587.SZ,20170606,14.55,14.76,14.34,14.7,14.57,0.13,0.89,57645.37,83843.275
732,000587.SZ,20170605,14.6,14.65,14.4,14.57,14.66,-0.09,-0.61,28930.34,41951.127
733,000587.SZ,20170602,14.65,14.69,14.43,14.66,14.66,0.0,0.0,30771.82,44779.06
734,000587.SZ,20170601,14.83,14.83,14.45,14.66,14.87,-0.21,-1.41,38170.34,55782.135
735,000587.SZ,20170531,14.92,14.99,14.76,14.87,14.91,-0.04,-0.27,31857.79,47337.047
736,000587.SZ,20170526,14.91,14.95,14.6,14.91,14.9,0.01,0.07,58417.67,86327.007
737,000587.SZ,20170525,14.71,14.98,14.43,14.9,14.73,0.17,1.15,73100.05,107775.857
738,000587.SZ,20170524,14.66,15.1,14.2,14.73,14.58,0.15,1.03,100330.42,145630.806
739,000587.SZ,20170523,14.57,14.95,14.43,14.58,14.55,0.03,0.21,52346.49,76818.786
740,000587.SZ,20170522,14.71,14.76,14.48,14.55,14.71,-0.16,-1.09,52699.84,76807.037
741,000587.SZ,20170519,14.83,14.83,14.61,14.71,14.75,-0.04,-0.27,21471.0,31514.389
742,000587.SZ,20170518,15.0,15.08,14.6,14.75,14.88,-0.13,-0.87,52637.82,78086.23
743,000587.SZ,20170517,14.7,14.96,14.66,14.88,14.69,0.19,1.29,53453.37,79286.206
744,000587.SZ,20170516,14.31,14.69,14.26,14.69,14.41,0.28,1.94,72789.81,105555.636
745,000587.SZ,20170515,14.36,14.57,14.27,14.41,14.36,0.05,0.35,49947.98,71881.459
746,000587.SZ,20170512,14.29,14.47,14.11,14.36,14.34,0.02,0.14,40340.28,57539.814
747,000587.SZ,20170511,14.41,14.57,14.28,14.34,14.4,-0.06,-0.42,76983.73,111138.842
748,000587.SZ,20170510,14.54,14.67,14.2,14.4,14.53,-0.13,-0.89,93773.43,135728.071
749,000587.SZ,20170509,14.39,14.57,14.27,14.53,14.32,0.21,1.47,74752.52,107875.112
750,000587.SZ,20170508,14.23,14.41,13.9,14.32,14.22,0.1,0.7,134179.93,191017.961
751,000587.SZ,20170505,13.8,14.27,13.75,14.22,13.79,0.43,3.12,110612.53,155074.274
752,000587.SZ,20170504,13.49,13.84,13.43,13.79,13.48,0.31,2.3,135800.77,185679.518
753,000587.SZ,20170503,12.81,13.48,12.61,13.48,13.04,0.44,3.37,218180.85,286951.849
754,000587.SZ,20170502,13.6,13.81,13.04,13.04,14.49,-1.45,-10.01,224791.35,297052.615
755,000587.SZ,20170428,14.64,14.64,14.38,14.49,14.56,-0.07,-0.48,54493.38,78969.221
756,000587.SZ,20170427,14.26,14.6,14.12,14.56,14.22,0.34,2.39,59907.44,86507.803
757,000587.SZ,20170426,14.19,14.33,14.08,14.22,14.08,0.14,0.99,36932.19,52488.47
758,000587.SZ,20170425,14.11,14.22,14.04,14.08,14.05,0.03,0.21,37755.17,53326.654
759,000587.SZ,20170424,14.45,14.46,13.86,14.05,14.46,-0.41,-2.84,38706.52,54792.576
760,000587.SZ,20170421,14.57,14.63,14.41,14.46,14.58,-0.12,-0.82,29433.44,42716.366
761,000587.SZ,20170420,14.54,14.59,14.41,14.58,14.51,0.07,0.48,37558.07,54513.014
762,000587.SZ,20170419,14.67,14.78,14.35,14.51,14.72,-0.21,-1.43,46677.52,67747.007
763,000587.SZ,20170418,14.76,14.87,14.72,14.72,14.74,-0.02,-0.14,34584.41,51206.753
764,000587.SZ,20170417,15.08,15.11,14.68,14.74,15.1,-0.36,-2.38,66002.01,98035.562
765,000587.SZ,20170414,15.24,15.33,15.07,15.1,15.19,-0.09,-0.59,52297.95,79572.159
766,000587.SZ,20170413,15.28,15.34,15.16,15.19,15.22,-0.03,-0.2,54474.48,82921.782
767,000587.SZ,20170412,15.33,15.5,15.2,15.22,15.25,-0.03,-0.2,66823.13,102652.273
768,000587.SZ,20170411,15.28,15.34,15.15,15.25,15.28,-0.03,-0.2,70260.33,107025.344
769,000587.SZ,20170410,15.58,15.58,15.26,15.28,15.61,-0.33,-2.11,59621.12,91772.7
770,000587.SZ,20170407,15.35,15.78,15.35,15.61,15.4,0.21,1.36,90555.55,141701.669
771,000587.SZ,20170406,15.42,15.45,15.35,15.4,15.41,-0.01,-0.06,38603.42,59497.158
772,000587.SZ,20170405,15.25,15.65,15.16,15.41,15.14,0.27,1.78,46199.94,70984.061
773,000587.SZ,20170331,15.1,15.2,15.05,15.14,15.11,0.03,0.2,33517.25,50761.499
774,000587.SZ,20170330,15.41,15.46,14.99,15.11,15.4,-0.29,-1.88,78332.21,118644.873
775,000587.SZ,20170329,15.55,15.58,15.38,15.4,15.51,-0.11,-0.71,51201.73,79297.832
776,000587.SZ,20170328,15.6,15.66,15.49,15.51,15.57,-0.06,-0.39,60349.25,93806.826
777,000587.SZ,20170327,15.72,15.75,15.56,15.57,15.75,-0.18,-1.14,60453.01,94518.058
778,000587.SZ,20170324,15.7,15.77,15.52,15.75,15.74,0.01,0.06,80643.22,126015.816
779,000587.SZ,20170323,15.76,15.84,15.58,15.74,15.75,-0.01,-0.06,83352.57,131085.473
780,000587.SZ,20170322,15.88,15.92,15.71,15.75,15.98,-0.23,-1.44,80189.69,126680.772
781,000587.SZ,20170321,16.09,16.09,15.86,15.98,16.1,-0.12,-0.75,79430.98,126704.286
782,000587.SZ,20170320,15.86,16.1,15.86,16.1,15.84,0.26,1.64,91953.5,147214.015
783,000587.SZ,20170317,15.98,16.09,15.82,15.84,15.97,-0.13,-0.81,93153.22,148706.219
784,000587.SZ,20170316,15.81,16.07,15.75,15.97,15.75,0.22,1.4,120193.69,191185.968
785,000587.SZ,20170315,15.83,15.83,15.68,15.75,15.78,-0.03,-0.19,47228.85,74397.645
786,000587.SZ,20170314,15.61,15.81,15.58,15.78,15.66,0.12,0.77,63393.27,99442.169
787,000587.SZ,20170313,15.44,15.66,15.39,15.66,15.43,0.23,1.49,62192.84,96844.749
788,000587.SZ,20170310,15.47,15.61,15.41,15.43,15.45,-0.02,-0.13,65945.13,102170.682
789,000587.SZ,20170309,15.71,15.79,15.41,15.45,15.74,-0.29,-1.84,63214.07,98112.575
790,000587.SZ,20170308,15.88,15.89,15.7,15.74,15.9,-0.16,-1.01,51459.47,81249.53
791,000587.SZ,20170307,15.9,15.94,15.74,15.9,15.9,0.0,0.0,81979.46,129837.346
792,000587.SZ,20170306,15.75,15.92,15.7,15.9,15.8,0.1,0.63,86593.21,137027.688
793,000587.SZ,20170303,15.57,15.88,15.48,15.8,15.66,0.14,0.89,80485.46,125978.223
794,000587.SZ,20170302,15.89,15.94,15.65,15.66,15.88,-0.22,-1.39,73221.7,115321.835
795,000587.SZ,20170301,15.77,15.93,15.66,15.88,15.77,0.11,0.7,76739.61,121509.412
796,000587.SZ,20170228,15.75,15.83,15.64,15.77,15.74,0.03,0.19,62092.01,97645.825
797,000587.SZ,20170227,16.01,16.1,15.73,15.74,16.01,-0.27,-1.69,81980.05,130271.531
798,000587.SZ,20170224,15.78,16.15,15.77,16.01,15.73,0.28,1.78,140048.53,223813.677
799,000587.SZ,20170223,15.82,15.82,15.61,15.73,15.8,-0.07,-0.44,79398.51,124702.204
800,000587.SZ,20170222,15.79,15.87,15.72,15.8,15.76,0.04,0.25,72300.26,114080.394
801,000587.SZ,20170221,15.55,15.84,15.55,15.76,15.56,0.2,1.29,85132.73,133817.32
802,000587.SZ,20170220,15.32,15.56,15.31,15.56,15.32,0.24,1.57,70444.22,108741.12
803,000587.SZ,20170217,15.64,15.72,15.3,15.32,15.58,-0.26,-1.67,96351.85,149212.752
804,000587.SZ,20170216,15.62,15.67,15.43,15.58,15.64,-0.06,-0.38,86155.33,134095.991
805,000587.SZ,20170215,15.93,15.96,15.53,15.64,15.93,-0.29,-1.82,88091.1,138610.46
806,000587.SZ,20170214,15.91,15.97,15.8,15.93,15.9,0.03,0.19,65300.01,103718.847
807,000587.SZ,20170213,15.82,15.98,15.75,15.9,15.82,0.08,0.51,86704.35,137400.999
808,000587.SZ,20170210,15.94,16.07,15.8,15.82,15.99,-0.17,-1.06,105237.55,167298.967
809,000587.SZ,20170209,15.74,16.07,15.66,15.99,15.69,0.3,1.91,155333.63,247331.659
810,000587.SZ,20170208,15.6,15.71,15.5,15.69,15.69,0.0,0.0,88024.57,137438.819
811,000587.SZ,20170207,15.61,15.79,15.46,15.69,15.52,0.17,1.1,121115.16,189306.69
812,000587.SZ,20170206,15.39,15.53,15.29,15.52,15.33,0.19,1.24,68544.11,105604.602
813,000587.SZ,20170203,15.47,15.64,15.31,15.33,15.38,-0.05,-0.33,93407.35,144324.276
814,000587.SZ,20170126,15.32,15.48,15.27,15.38,15.29,0.09,0.59,53283.7,81885.816
815,000587.SZ,20170125,15.05,15.44,15.04,15.29,15.18,0.11,0.72,73198.55,111838.003
816,000587.SZ,20170124,15.31,15.4,15.08,15.18,15.33,-0.15,-0.98,68451.11,103983.72
817,000587.SZ,20170123,15.35,15.45,15.22,15.33,15.29,0.04,0.26,58367.48,89550.9
818,000587.SZ,20170120,14.8,15.42,14.8,15.29,14.81,0.48,3.24,91194.05,138470.548
819,000587.SZ,20170119,15.05,15.12,14.67,14.81,15.05,-0.24,-1.59,73120.97,108688.308
820,000587.SZ,20170118,15.27,15.36,15.02,15.05,15.22,-0.17,-1.12,86805.14,131449.752
821,000587.SZ,20170117,14.8,15.28,14.63,15.22,14.28,0.94,6.58,188922.71,280300.426
822,000587.SZ,20170116,14.82,14.86,13.61,14.28,14.82,-0.54,-3.64,94702.74,135608.459
823,000587.SZ,20170113,15.18,15.27,14.74,14.82,15.18,-0.36,-2.37,53738.0,80489.069
824,000587.SZ,20170112,15.25,15.38,15.13,15.18,15.21,-0.03,-0.2,31974.33,48611.742
825,000587.SZ,20170111,15.63,15.63,15.1,15.21,15.51,-0.3,-1.93,55236.66,84550.637
826,000587.SZ,20170110,15.5,15.7,15.45,15.51,15.52,-0.01,-0.06,47159.02,73316.992
827,000587.SZ,20170109,15.58,15.75,15.4,15.52,15.58,-0.06,-0.39,54167.97,84057.235
828,000587.SZ,20170106,15.78,15.99,15.51,15.58,15.74,-0.16,-1.02,72223.34,113373.98
829,000587.SZ,20170105,15.5,15.84,15.39,15.74,15.5,0.24,1.55,108492.03,170469.937
830,000587.SZ,20170104,15.4,15.57,15.23,15.5,15.4,0.1,0.65,101112.68,156343.927
831,000587.SZ,20170103,15.08,15.65,14.96,15.4,14.88,0.52,3.49,180783.98,277482.188
832,000587.SZ,20161230,14.54,14.9,14.46,14.88,14.42,0.46,3.19,96672.5,142509.101
833,000587.SZ,20161229,14.45,14.54,14.4,14.42,14.4,0.02,0.14,30220.06,43695.91
834,000587.SZ,20161228,14.59,14.59,14.37,14.4,14.59,-0.19,-1.3,44799.91,64748.274
835,000587.SZ,20161227,14.52,14.62,14.48,14.59,14.61,-0.02,-0.14,44766.88,65157.541
836,000587.SZ,20161226,14.54,14.66,14.22,14.61,14.53,0.08,0.55,69588.15,100257.58
837,000587.SZ,20161223,14.7,14.78,14.39,14.53,14.71,-0.18,-1.22,64965.21,94640.558
838,000587.SZ,20161222,14.85,14.85,14.66,14.71,14.83,-0.12,-0.81,45134.43,66489.438
839,000587.SZ,20161221,14.75,14.87,14.72,14.83,14.72,0.11,0.75,59786.21,88411.527
840,000587.SZ,20161220,14.71,14.84,14.65,14.72,14.79,-0.07,-0.47,56722.18,83506.539
841,000587.SZ,20161219,14.69,14.84,14.56,14.79,14.71,0.08,0.54,71203.81,104814.246
842,000587.SZ,20161216,14.82,14.82,14.61,14.71,14.82,-0.11,-0.74,106086.43,155969.844
843,000587.SZ,20161215,14.93,15.2,14.78,14.82,15.11,-0.29,-1.92,94435.76,141094.086
844,000587.SZ,20161214,15.09,15.26,14.83,15.11,15.0,0.11,0.73,61713.22,92768.868
845,000587.SZ,20161213,14.92,15.15,14.87,15.0,14.96,0.04,0.27,62551.66,93787.109
846,000587.SZ,20161212,16.12,16.2,14.96,14.96,16.16,-1.2,-7.43,134047.54,206900.347
847,000587.SZ,20161209,16.06,16.37,16.04,16.16,16.1,0.06,0.37,67646.72,109903.231
848,000587.SZ,20161208,16.08,16.19,16.02,16.1,16.2,-0.1,-0.62,49217.1,79276.549
849,000587.SZ,20161207,15.9,16.3,15.9,16.2,15.94,0.26,1.63,72765.62,117550.732
850,000587.SZ,20161206,15.94,16.11,15.87,15.94,15.98,-0.04,-0.25,55247.55,88271.393
851,000587.SZ,20161205,15.83,16.2,15.82,15.98,16.06,-0.08,-0.5,57750.13,92390.217
852,000587.SZ,20161202,16.57,16.62,16.02,16.06,16.57,-0.51,-3.08,109628.81,177816.67
853,000587.SZ,20161201,16.49,16.64,16.34,16.57,16.52,0.05,0.3,67390.2,111280.443
854,000587.SZ,20161130,16.48,16.54,16.23,16.52,16.49,0.03,0.18,95418.09,156287.088
855,000587.SZ,20161129,16.84,16.86,16.36,16.49,16.91,-0.42,-2.48,160900.86,266546.495
856,000587.SZ,20161128,17.08,17.08,16.73,16.91,17.01,-0.1,-0.59,130797.74,220657.319
857,000587.SZ,20161125,16.99,17.23,16.68,17.01,16.94,0.07,0.41,185298.04,313830.563
858,000587.SZ,20161124,16.48,17.08,16.48,16.94,16.63,0.31,1.86,219968.81,369827.618
859,000587.SZ,20161123,16.8,16.82,16.37,16.63,16.8,-0.17,-1.01,181548.92,301010.156
860,000587.SZ,20161122,16.46,16.93,16.35,16.8,16.33,0.47,2.88,299714.54,499961.857
861,000587.SZ,20161121,15.96,16.35,15.96,16.33,15.98,0.35,2.19,149201.82,241341.376
862,000587.SZ,20161118,16.3,16.4,15.94,15.98,16.22,-0.24,-1.48,145405.31,235059.058
863,000587.SZ,20161117,16.11,16.25,15.91,16.22,16.14,0.08,0.5,127502.54,205450.557
864,000587.SZ,20161116,15.88,16.28,15.81,16.14,15.87,0.27,1.7,178939.8,286988.747
865,000587.SZ,20161115,15.67,15.87,15.63,15.87,15.7,0.17,1.08,113671.05,179106.214
866,000587.SZ,20161114,15.54,15.83,15.5,15.7,15.65,0.05,0.32,111980.42,175444.787
867,000587.SZ,20161111,15.74,15.74,15.55,15.65,15.78,-0.13,-0.82,119608.57,186993.828
868,000587.SZ,20161110,15.55,15.84,15.53,15.78,15.89,-0.11,-0.69,167916.95,263730.458
869,000587.SZ,20161109,15.56,16.17,15.4,15.89,15.56,0.33,2.12,267997.16,423156.002
870,000587.SZ,20161108,15.4,15.57,15.35,15.56,15.42,0.14,0.91,63554.17,98279.659
871,000587.SZ,20161107,15.58,15.6,15.37,15.42,15.55,-0.13,-0.84,73659.24,113630.362
872,000587.SZ,20161104,15.72,15.73,15.47,15.55,15.7,-0.15,-0.96,84508.61,131582.094
873,000587.SZ,20161103,15.8,15.81,15.59,15.7,15.79,-0.09,-0.57,109861.35,172329.155
874,000587.SZ,20161102,15.4,15.94,15.4,15.79,15.4,0.39,2.53,171578.76,269740.361
875,000587.SZ,20161101,15.38,15.44,15.22,15.4,15.38,0.02,0.13,72672.84,111321.47
876,000587.SZ,20161031,15.35,15.39,15.16,15.38,15.35,0.03,0.2,54939.33,83831.17
877,000587.SZ,20161028,15.65,15.66,15.32,15.35,15.54,-0.19,-1.22,73980.54,114613.5741
878,000587.SZ,20161027,15.57,15.68,15.41,15.54,15.55,-0.01,-0.06,55145.47,85621.9717
879,000587.SZ,20161026,15.64,15.77,15.49,15.55,15.6,-0.05,-0.32,77491.33,121161.615
880,000587.SZ,20161025,15.52,15.76,15.52,15.6,15.5,0.1,0.65,94426.05,147847.5471
881,000587.SZ,20161024,15.21,15.53,15.17,15.5,15.2,0.3,1.97,119170.56,183651.9679
882,000587.SZ,20161021,15.26,15.27,15.02,15.2,15.2,0.0,0.0,48460.88,73493.1667
883,000587.SZ,20161020,15.24,15.31,15.16,15.2,15.24,-0.04,-0.26,45726.86,69548.2736
884,000587.SZ,20161019,15.3,15.35,15.18,15.24,15.29,-0.05,-0.33,49340.19,75384.1869
885,000587.SZ,20161018,15.14,15.32,15.02,15.29,15.17,0.12,0.79,83452.35,127088.7969
886,000587.SZ,20161017,15.45,15.45,15.0,15.17,15.5,-0.33,-2.13,146784.73,222163.3352
887,000587.SZ,20161014,15.34,15.56,15.25,15.5,15.39,0.11,0.71,47241.07,72740.1951
888,000587.SZ,20161013,15.44,15.57,15.39,15.39,15.47,-0.08,-0.52,50843.59,78612.2069
889,000587.SZ,20161012,15.34,15.59,15.32,15.47,15.4,0.07,0.45,52511.36,81231.1388
890,000587.SZ,20161011,15.36,15.45,15.29,15.4,15.39,0.01,0.07,54968.14,84530.4128
891,000587.SZ,20161010,15.09,15.42,15.0,15.39,15.22,0.17,1.12,62134.56,94971.2848
892,000587.SZ,20160930,15.0,15.24,14.97,15.22,15.01,0.21,1.4,39175.24,59256.8947
893,000587.SZ,20160929,14.93,15.15,14.93,15.01,14.95,0.06,0.4,41671.89,62749.1369
894,000587.SZ,20160928,15.0,15.0,14.82,14.95,15.01,-0.06,-0.4,30013.37,44763.5332
895,000587.SZ,20160927,14.8,15.07,14.7,15.01,14.84,0.17,1.15,46240.35,68827.7475
896,000587.SZ,20160926,15.25,15.49,14.8,14.84,15.35,-0.51,-3.32,76754.4,115731.7944
897,000587.SZ,20160923,15.46,15.49,15.32,15.35,15.4,-0.05,-0.32,35958.45,55328.0535
898,000587.SZ,20160922,15.39,15.52,15.32,15.4,15.29,0.11,0.72,46914.59,72351.7914
899,000587.SZ,20160921,15.19,15.36,15.19,15.29,15.27,0.02,0.13,51627.39,78750.6955
900,000587.SZ,20160920,15.54,15.55,15.2,15.27,15.52,-0.25,-1.61,62781.94,96403.0012
901,000587.SZ,20160919,15.52,15.57,15.42,15.52,15.5,0.02,0.13,35210.28,54570.1199
902,000587.SZ,20160914,15.44,15.61,15.37,15.5,15.48,0.02,0.13,37170.9,57597.9212
903,000587.SZ,20160913,15.56,15.59,15.37,15.48,15.42,0.06,0.39,40618.87,62822.7607
904,000587.SZ,20160912,15.61,15.79,15.4,15.42,15.93,-0.51,-3.2,68071.33,106290.2169
905,000587.SZ,20160909,15.94,16.08,15.9,15.93,15.94,-0.01,-0.06,49882.86,79777.948
906,000587.SZ,20160908,15.87,16.09,15.85,15.94,15.94,0.0,0.0,59032.61,94124.9464
907,000587.SZ,20160907,16.15,16.2,15.91,15.94,16.01,-0.07,-0.44,85963.05,138263.7604
908,000587.SZ,20160906,15.65,16.05,15.55,16.01,15.66,0.35,2.24,75955.91,120287.5503
909,000587.SZ,20160905,15.61,15.79,15.6,15.66,15.59,0.07,0.45,39723.02,62379.0266
910,000587.SZ,20160902,15.73,15.81,15.5,15.59,15.71,-0.12,-0.76,66703.5,104345.4077
911,000587.SZ,20160901,15.79,15.86,15.69,15.71,15.73,-0.02,-0.13,48566.73,76700.1984
912,000587.SZ,20160831,15.73,15.79,15.6,15.73,15.73,0.0,0.0,43378.33,68106.6693
913,000587.SZ,20160830,15.74,15.85,15.65,15.73,15.73,0.0,0.0,57172.44,90116.6363
914,000587.SZ,20160829,15.67,15.82,15.61,15.73,15.72,0.01,0.06,54269.69,85281.7547
915,000587.SZ,20160826,15.66,15.86,15.6,15.72,15.66,0.06,0.38,66505.33,104754.6666
916,000587.SZ,20160825,15.92,15.92,15.56,15.66,15.99,-0.33,-2.06,85023.57,133396.5216
917,000587.SZ,20160824,16.38,16.38,15.93,15.99,16.51,-0.52,-3.15,155315.82,249687.2421
918,000587.SZ,20160823,16.41,16.69,16.2,16.51,16.44,0.07,0.43,94963.42,155938.0022
919,000587.SZ,20160822,16.4,16.78,16.31,16.44,16.4,0.04,0.24,118905.03,196291.3622
920,000587.SZ,20160819,16.05,16.51,15.93,16.4,16.06,0.34,2.12,119919.24,194417.6071
921,000587.SZ,20160818,16.12,16.26,16.0,16.06,16.13,-0.07,-0.43,58024.65,93511.0807
922,000587.SZ,20160817,16.15,16.17,15.88,16.13,16.17,-0.04,-0.25,66692.67,107005.6113
923,000587.SZ,20160816,15.95,16.32,15.9,16.17,15.93,0.24,1.51,96978.92,156442.2628
924,000587.SZ,20160815,15.47,16.04,15.46,15.93,15.61,0.32,2.05,107994.61,170919.134
925,000587.SZ,20160812,15.46,15.66,15.31,15.61,15.45,0.16,1.04,52167.71,80803.7775
926,000587.SZ,20160811,15.9,15.9,15.44,15.45,15.9,-0.45,-2.83,85651.56,133629.2863
927,000587.SZ,20160810,15.82,16.06,15.8,15.9,15.81,0.09,0.57,74678.81,118973.5839
928,000587.SZ,20160809,15.62,15.84,15.55,15.81,15.7,0.11,0.7,71629.36,112629.977
929,000587.SZ,20160808,15.5,15.74,15.27,15.7,15.69,0.01,0.06,72567.8,112457.6193
930,000587.SZ,20160805,15.67,15.78,15.56,15.69,15.67,0.02,0.13,49757.28,77961.0903
931,000587.SZ,20160804,15.61,15.74,15.46,15.67,15.68,-0.01,-0.06,56038.42,87282.4288
932,000587.SZ,20160803,15.69,15.8,15.6,15.68,15.61,0.07,0.45,59009.15,92651.6117
933,000587.SZ,20160802,15.56,15.67,15.37,15.61,15.55,0.06,0.39,62091.19,96314.6043
934,000587.SZ,20160801,15.96,16.05,15.45,15.55,15.87,-0.32,-2.02,82832.53,129670.914
935,000587.SZ,20160729,15.79,16.18,15.74,15.87,15.85,0.02,0.13,99393.03,158883.1984
936,000587.SZ,20160728,15.88,15.92,15.53,15.85,15.65,0.2,1.28,110237.24,173766.6737
937,000587.SZ,20160727,16.6,16.6,15.36,15.65,16.58,-0.93,-5.61,149959.32,239582.1063
938,000587.SZ,20160726,16.25,16.58,16.24,16.58,16.21,0.37,2.28,92466.53,151901.2337
939,000587.SZ,20160725,16.21,16.4,16.13,16.21,16.29,-0.08,-0.49,72690.2,118190.3456
940,000587.SZ,20160722,16.63,16.69,16.28,16.29,16.56,-0.27,-1.63,118611.84,194641.7491
941,000587.SZ,20160721,16.45,16.67,16.43,16.56,16.56,0.0,0.0,96727.33,160127.3098
942,000587.SZ,20160720,16.8,16.88,16.55,16.56,16.77,-0.21,-1.25,99977.32,166878.5291
943,000587.SZ,20160719,17.03,17.14,16.6,16.77,17.09,-0.32,-1.87,140068.64,235404.4627
944,000587.SZ,20160718,17.21,17.38,17.0,17.09,17.25,-0.16,-0.93,150585.21,258784.0176
945,000587.SZ,20160715,17.1,17.39,16.99,17.25,17.28,-0.03,-0.17,242090.01,415869.3759
946,000587.SZ,20160714,17.44,17.89,16.95,17.28,16.52,0.76,4.6,439237.24,761670.4725
947,000587.SZ,20160713,16.13,16.56,16.06,16.52,16.35,0.17,1.04,122929.4,200898.6708
948,000587.SZ,20160712,16.5,16.56,15.96,16.35,16.41,-0.06,-0.37,130124.25,211971.9373
949,000587.SZ,20160711,16.2,17.12,16.2,16.41,16.2,0.21,1.3,228136.65,380507.6468
950,000587.SZ,20160708,16.5,16.6,16.18,16.2,16.63,-0.43,-2.59,168620.12,275524.8055
951,000587.SZ,20160707,16.15,16.98,16.05,16.63,16.2,0.43,2.65,359763.75,597763.8805
952,000587.SZ,20160706,15.72,16.52,15.72,16.2,15.65,0.55,3.51,266501.34,430329.7701
953,000587.SZ,20160705,16.0,16.12,15.58,15.65,15.92,-0.27,-1.7,157138.43,247396.9817
954,000587.SZ,20160704,15.6,16.2,15.6,15.92,15.65,0.27,1.73,178889.59,284906.446
955,000587.SZ,20160701,15.45,15.86,15.4,15.65,15.43,0.22,1.43,130387.48,204052.7873
956,000587.SZ,20160630,15.55,15.61,15.39,15.43,15.51,-0.08,-0.52,66378.93,102543.2156
957,000587.SZ,20160629,15.53,15.57,15.36,15.51,15.53,-0.02,-0.13,88322.9,136805.5541
958,000587.SZ,20160628,15.53,15.68,15.31,15.53,15.61,-0.08,-0.51,98678.87,152766.1616
959,000587.SZ,20160627,15.82,15.94,15.42,15.61,15.81,-0.2,-1.27,159458.75,249701.9715
960,000587.SZ,20160624,15.23,15.85,15.09,15.81,15.11,0.7,4.63,210770.7,327065.873
961,000587.SZ,20160623,15.3,15.31,14.96,15.11,15.31,-0.2,-1.31,56812.93,85873.643
962,000587.SZ,20160622,15.09,15.35,15.08,15.31,15.24,0.07,0.46,80106.35,121659.0364
963,000587.SZ,20160621,15.49,15.68,15.13,15.24,15.52,-0.28,-1.8,83314.43,128081.463
964,000587.SZ,20160620,15.71,15.77,15.3,15.52,15.77,-0.25,-1.59,64876.28,100416.3727
965,000587.SZ,20160617,15.65,15.95,15.57,15.77,16.06,-0.29,-1.81,120595.08,190070.1818
966,000587.SZ,20160616,16.17,16.32,15.73,16.06,16.06,0.0,0.0,195705.7,312222.4586
967,000587.SZ,20160615,15.1,16.09,15.0,16.06,15.3,0.76,4.97,249142.62,390158.9106
968,000587.SZ,20160614,14.45,15.32,14.33,15.3,14.62,0.68,4.65,175039.15,259445.8236
969,000587.SZ,20160613,14.3,15.1,14.1,14.62,14.36,0.26,1.81,160985.63,236947.6422
970,000587.SZ,20160608,14.45,14.45,14.23,14.36,14.46,-0.1,-0.69,59702.62,85474.9258
971,000587.SZ,20160607,14.5,14.55,14.39,14.46,14.56,-0.1,-0.69,59707.79,86257.909
972,000587.SZ,20160606,14.8,14.97,14.42,14.56,14.5,0.06,0.41,76054.49,111525.8943
973,000587.SZ,20160603,14.52,14.72,14.4,14.5,14.63,-0.13,-0.89,72457.22,105194.8844
974,000587.SZ,20160602,14.61,14.76,14.57,14.63,14.69,-0.06,-0.41,59153.55,86549.3164
975,000587.SZ,20160601,14.64,14.94,14.58,14.69,14.64,0.05,0.34,110709.32,163115.639
976,000587.SZ,20160531,14.08,14.68,14.06,14.64,14.07,0.57,4.05,121312.8,174580.7259
977,000587.SZ,20160530,13.85,14.18,13.6,14.07,13.82,0.25,1.81,69652.13,96733.5038
978,000587.SZ,20160527,13.89,13.95,13.69,13.82,13.96,-0.14,-1.0,49801.58,68725.2727
979,000587.SZ,20160526,14.29,14.35,13.65,13.96,14.28,-0.32,-2.24,88915.51,123251.7474
980,000587.SZ,20160525,14.4,14.44,14.1,14.28,14.37,-0.09,-0.63,63676.61,90935.648
981,000587.SZ,20160524,14.41,14.47,14.19,14.37,14.4,-0.03,-0.21,58643.55,83918.6045
982,000587.SZ,20160523,14.39,14.54,14.36,14.4,14.37,0.03,0.21,46240.84,66777.5404
983,000587.SZ,20160520,14.17,14.54,14.17,14.37,14.35,0.02,0.14,49370.15,71175.3482
984,000587.SZ,20160519,14.42,14.7,14.22,14.35,14.5,-0.15,-1.03,63281.57,91862.9063
985,000587.SZ,20160518,14.81,14.85,14.06,14.5,14.96,-0.46,-3.07,69890.94,101176.8707
986,000587.SZ,20160517,14.74,15.15,14.74,14.96,14.83,0.13,0.88,68158.78,101942.3914
987,000587.SZ,20160516,14.6,14.95,14.49,14.83,14.61,0.22,1.51,64669.75,95010.823
988,000587.SZ,20160513,14.85,15.09,14.55,14.61,14.89,-0.28,-1.88,63708.89,94036.5144
989,000587.SZ,20160512,14.9,14.9,14.3,14.89,15.13,-0.24,-1.59,72894.4,106561.3098
990,000587.SZ,20160511,15.5,15.56,15.11,15.13,15.45,-0.32,-2.07,83298.68,127183.7012
991,000587.SZ,20160510,15.66,15.9,15.08,15.45,15.78,-0.33,-2.09,102400.14,158014.2768
992,000587.SZ,20160509,15.98,16.1,15.57,15.78,15.98,-0.2,-1.25,77628.84,122423.0411
993,000587.SZ,20160506,16.58,16.7,15.98,15.98,16.62,-0.64,-3.85,89562.16,145598.1954
994,000587.SZ,20160505,16.61,16.72,16.5,16.62,16.62,0.0,0.0,61183.53,101741.1957
995,000587.SZ,20160504,16.65,16.78,16.61,16.62,16.83,-0.21,-1.25,74055.88,123615.2593
996,000587.SZ,20160503,16.72,16.89,16.51,16.83,16.56,0.27,1.63,96570.11,161746.8212
997,000587.SZ,20160429,16.32,16.69,16.21,16.56,16.34,0.22,1.35,71047.16,117482.0479
998,000587.SZ,20160428,16.15,16.37,16.05,16.34,16.15,0.19,1.18,72537.55,117722.6898
999,000587.SZ,20160427,16.26,16.38,16.14,16.15,16.36,-0.21,-1.28,56320.45,91466.1777
1000,000587.SZ,20160426,16.25,16.41,16.2,16.36,16.19,0.17,1.05,58488.61,95485.4007
1001,000587.SZ,20160425,16.23,16.44,16.03,16.19,16.17,0.02,0.12,57119.26,92373.9963
1002,000587.SZ,20160422,15.98,16.17,15.89,16.17,16.1,0.07,0.43,47481.07,76167.2837
1003,000587.SZ,20160421,16.01,16.3,15.94,16.1,16.0,0.1,0.63,101065.33,162299.5726
1004,000587.SZ,20160420,17.27,17.35,15.82,16.0,17.17,-1.17,-6.81,166334.72,275139.569
1005,000587.SZ,20160419,17.26,17.38,17.02,17.17,17.15,0.02,0.12,67708.19,116200.9717
1006,000587.SZ,20160418,17.5,17.51,17.05,17.15,17.72,-0.57,-3.22,101940.43,175107.2939
1007,000587.SZ,20160415,18.0,18.0,17.5,17.72,18.31,-0.59,-3.22,166010.55,294088.5014
1008,000587.SZ,20160414,17.56,18.36,17.47,18.31,17.55,0.76,4.33,185405.07,331566.5989
1009,000587.SZ,20160413,16.71,17.88,16.69,17.55,16.59,0.96,5.79,196160.6,340974.0458
1010,000587.SZ,20160412,16.81,16.94,16.45,16.59,16.83,-0.24,-1.43,68062.31,113111.3801
1011,000587.SZ,20160411,16.68,16.99,16.68,16.83,16.63,0.2,1.2,70663.26,119022.797
1012,000587.SZ,20160408,16.83,16.85,16.3,16.63,16.81,-0.18,-1.07,73393.32,121465.3641
1013,000587.SZ,20160407,17.32,17.65,16.81,16.81,17.31,-0.5,-2.89,118983.91,205633.388
1014,000587.SZ,20160406,16.89,17.54,16.89,17.31,16.95,0.36,2.12,122158.02,210478.4391
1015,000587.SZ,20160405,16.7,17.1,16.56,16.95,16.75,0.2,1.19,100367.25,169481.1453
1016,000587.SZ,20160401,16.76,16.77,16.35,16.75,16.78,-0.03,-0.18,58343.38,96413.6163
1017,000587.SZ,20160331,16.71,16.95,16.58,16.78,16.69,0.09,0.54,73310.55,122689.5641
1018,000587.SZ,20160330,16.4,16.7,16.38,16.69,16.23,0.46,2.83,88031.18,145488.543
1019,000587.SZ,20160329,16.76,16.84,16.16,16.23,16.84,-0.61,-3.62,66612.92,109273.152
1020,000587.SZ,20160328,17.05,17.2,16.63,16.84,16.91,-0.07,-0.41,72330.34,122707.009
1021,000587.SZ,20160325,16.71,16.99,16.61,16.91,16.78,0.13,0.77,60708.21,101977.6736
1022,000587.SZ,20160324,16.78,16.96,16.6,16.78,16.97,-0.19,-1.12,99627.14,166962.5818
1023,000587.SZ,20160323,17.04,17.28,16.7,16.97,17.06,-0.09,-0.53,96335.7,163576.5132
1024,000587.SZ,20160322,17.39,17.48,17.01,17.06,17.48,-0.42,-2.4,88612.98,152597.9706
1025,000587.SZ,20160321,17.08,17.74,17.08,17.48,17.01,0.47,2.76,168241.95,293311.7202
1026,000587.SZ,20160318,16.46,17.21,16.4,17.01,16.3,0.71,4.36,162148.93,274132.0908
1027,000587.SZ,20160317,16.02,16.66,16.02,16.3,15.9,0.4,2.52,104521.92,170310.0643
1028,000587.SZ,20160316,16.15,16.49,15.78,15.9,16.23,-0.33,-2.03,62916.72,101171.8608
1029,000587.SZ,20160315,16.33,16.4,16.0,16.23,16.45,-0.22,-1.34,58668.15,95027.8276
1030,000587.SZ,20160314,16.03,16.73,15.98,16.45,15.87,0.58,3.65,77157.76,126793.5182
1031,000587.SZ,20160311,16.18,16.18,15.79,15.87,16.22,-0.35,-2.16,69600.24,111025.9987
1032,000587.SZ,20160310,16.68,16.89,16.18,16.22,16.82,-0.6,-3.57,73883.67,121419.5412
1033,000587.SZ,20160309,16.5,16.96,16.3,16.82,16.96,-0.14,-0.83,82091.74,136442.5676
1034,000587.SZ,20160308,17.31,17.39,16.39,16.96,17.44,-0.48,-2.75,115064.51,193354.4214
1035,000587.SZ,20160307,17.34,17.78,16.7,17.44,17.35,0.09,0.52,140344.02,242561.0126
1036,000587.SZ,20160304,17.26,18.3,16.91,17.35,17.45,-0.1,-0.57,147692.09,259467.8052
1037,000587.SZ,20160303,17.1,17.83,17.1,17.45,17.47,-0.02,-0.11,127173.14,222844.0055
1038,000587.SZ,20160302,16.09,17.73,15.76,17.47,16.12,1.35,8.37,212427.44,352965.1535
1039,000587.SZ,20160301,16.15,16.55,15.57,16.12,16.1,0.02,0.12,130022.05,209711.0084
1040,000587.SZ,20160229,17.57,17.57,16.1,16.1,17.89,-1.79,-10.01,137541.1,225745.5052
1041,000587.SZ,20160226,17.91,18.2,17.0,17.89,17.82,0.07,0.39,187649.58,332137.2117
1042,000587.SZ,20160225,19.63,19.73,17.82,17.82,19.8,-1.98,-10.0,166570.8,306872.9352
1043,000587.SZ,20160224,19.61,20.1,18.5,19.8,19.8,0.0,0.0,194684.16,375266.7281
1044,000587.SZ,20160223,19.2,20.08,19.2,19.8,19.68,0.12,0.61,189362.51,373813.804
1045,000587.SZ,20160222,20.53,20.8,19.5,19.68,19.5,0.18,0.92,277955.96,556126.7269
1046,000587.SZ,20160219,18.96,19.94,18.83,19.5,18.8,0.7,3.72,225076.6,434538.4838
1047,000587.SZ,20160218,18.7,19.25,18.38,18.8,18.22,0.58,3.18,248487.46,469281.2719
1048,000587.SZ,20160217,16.88,18.41,16.88,18.22,17.24,0.98,5.68,237947.11,420962.4657
1049,000587.SZ,20160216,16.22,17.35,16.16,17.24,16.7,0.54,3.23,207609.15,348265.8695
1050,000587.SZ,20160215,17.51,17.51,16.05,16.7,15.92,0.78,4.9,220576.7,373887.571
1051,000587.SZ,20160129,15.52,16.08,15.2,15.92,15.99,-0.07,-0.44,128058.0,202192.284
1052,000587.SZ,20160128,16.06,16.2,15.2,15.99,16.5,-0.51,-3.09,76640.59,120700.9862
1053,000587.SZ,20160127,16.42,16.6,15.2,16.5,16.55,-0.05,-0.3,85281.43,135024.9726
1054,000587.SZ,20160126,17.39,17.39,15.76,16.55,17.51,-0.96,-5.48,102787.19,169299.703
1055,000587.SZ,20160125,17.39,17.78,17.39,17.51,17.33,0.18,1.04,55876.23,97994.8242
1056,000587.SZ,20160122,17.75,17.76,16.71,17.33,17.27,0.06,0.35,53287.73,91420.1827
1057,000587.SZ,20160121,17.66,18.09,17.27,17.27,18.08,-0.81,-4.48,48878.26,86638.6029
1058,000587.SZ,20160120,17.9,18.12,17.19,18.08,18.1,-0.02,-0.11,108232.36,192531.25
1059,000587.SZ,20160119,17.7,18.34,17.51,18.1,17.7,0.4,2.26,77287.54,138927.2226
1060,000587.SZ,20160118,17.39,18.2,17.0,17.7,17.6,0.1,0.57,91632.71,161540.3595
1061,000587.SZ,20160115,17.2,18.21,17.2,17.6,17.68,-0.08,-0.45,181035.55,322601.6079
1062,000587.SZ,20160114,16.15,17.7,15.16,17.68,16.75,0.93,5.55,164916.33,269876.7663
1063,000587.SZ,20160113,17.81,18.04,16.56,16.75,17.81,-1.06,-5.95,68835.43,120067.7119
1064,000587.SZ,20160112,17.8,18.27,17.36,17.81,17.8,0.01,0.06,123799.44,220785.7153
1065,000587.SZ,20160111,18.38,18.96,17.5,17.8,18.76,-0.96,-5.12,120580.89,218496.898
1066,000587.SZ,20160108,18.81,18.95,17.05,18.76,18.05,0.71,3.93,119176.01,220103.4192
1067,000587.SZ,20160107,19.8,19.8,18.03,18.05,20.02,-1.97,-9.84,26943.03,50954.918
1068,000587.SZ,20160106,19.1,20.02,18.85,20.02,19.05,0.97,5.09,142662.56,277109.2324
1069,000587.SZ,20160105,17.6,19.4,17.56,19.05,19.13,-0.08,-0.42,137024.83,255008.8633
1070,000587.SZ,20160104,21.21,21.31,19.13,19.13,21.25,-2.12,-9.98,109097.3,217808.4092
1071,000587.SZ,20151231,21.15,21.44,21.0,21.25,21.15,0.1,0.47,130170.11,276462.8538
1072,000587.SZ,20151230,20.92,21.29,20.8,21.15,20.96,0.19,0.91,127502.96,269120.793
1073,000587.SZ,20151229,20.65,21.08,20.08,20.96,20.51,0.45,2.19,122712.77,253483.4912
1074,000587.SZ,20151228,21.11,21.39,20.51,20.51,21.03,-0.52,-2.47,143738.3,301667.2016
1075,000587.SZ,20151225,21.33,21.59,20.98,21.03,21.46,-0.43,-2.0,141966.41,303013.3728
1076,000587.SZ,20151224,21.9,21.9,20.77,21.46,21.46,0.0,0.0,215564.98,458462.5404
1077,000587.SZ,20151223,22.4,22.4,20.95,21.46,21.4,0.06,0.28,264397.04,567021.4204
1078,000587.SZ,20151222,20.32,21.52,20.25,21.4,20.29,1.11,5.47,301630.77,629561.1468
1079,000587.SZ,20151221,20.1,20.48,19.98,20.29,20.2,0.09,0.45,139615.51,283548.9753
1080,000587.SZ,20151218,20.06,20.4,20.0,20.2,20.2,0.0,0.0,109595.37,221040.3181
1081,000587.SZ,20151217,19.93,20.4,19.9,20.2,19.96,0.24,1.2,192646.91,386672.7701
1082,000587.SZ,20151216,20.0,20.35,19.77,19.96,20.18,-0.22,-1.09,119855.17,240752.7683
1083,000587.SZ,20151215,19.99,20.8,19.92,20.18,19.22,0.96,4.99,293471.56,596030.6061
1084,000587.SZ,20151214,18.33,19.4,18.26,19.22,18.56,0.66,3.56,186779.42,355310.993
1085,000587.SZ,20151211,18.2,18.7,17.95,18.56,18.44,0.12,0.65,131283.59,240459.7057
1086,000587.SZ,20151210,18.38,18.65,18.25,18.44,18.73,-0.29,-1.55,83926.54,154971.6613
1087,000587.SZ,20151209,18.84,18.9,18.1,18.73,18.86,-0.13,-0.69,247504.82,455448.781
1088,000587.SZ,20151208,19.75,19.88,18.81,18.86,19.9,-1.04,-5.23,157657.44,301797.0485
1089,000587.SZ,20151207,19.81,19.9,19.35,19.9,19.73,0.17,0.86,170171.99,334160.6365
1090,000587.SZ,20151204,19.18,19.95,19.01,19.73,19.25,0.48,2.49,164258.16,322750.5446
1091,000587.SZ,20151203,18.99,19.41,18.82,19.25,19.1,0.15,0.79,78798.0,151314.4496
1092,000587.SZ,20151202,18.96,19.2,18.31,19.1,19.01,0.09,0.47,99755.86,187266.0803
1093,000587.SZ,20151201,19.21,19.21,18.6,19.01,19.25,-0.24,-1.25,110666.08,208475.182
1094,000587.SZ,20151130,19.65,19.8,18.0,19.25,19.76,-0.51,-2.58,163498.45,309353.5949
1095,000587.SZ,20151127,20.85,20.96,19.0,19.76,20.9,-1.14,-5.45,187090.02,375749.4937
1096,000587.SZ,20151126,20.73,21.13,20.51,20.9,20.75,0.15,0.72,181883.08,379050.2316
1097,000587.SZ,20151125,20.43,20.8,20.1,20.75,20.43,0.32,1.57,241355.88,494733.6826
1098,000587.SZ,20151124,20.35,20.5,19.7,20.43,20.49,-0.06,-0.29,184740.38,369303.3314
1099,000587.SZ,20151123,21.0,21.0,20.31,20.49,20.87,-0.38,-1.82,192601.61,393944.7517
1100,000587.SZ,20151120,20.6,21.34,20.6,20.87,20.58,0.29,1.41,135589.32,284298.1826
1101,000587.SZ,20151119,20.45,20.75,20.28,20.58,20.3,0.28,1.38,77761.05,159015.2114
1102,000587.SZ,20151118,21.0,21.19,20.1,20.3,20.94,-0.64,-3.06,141844.45,293105.5718
1103,000587.SZ,20151117,21.36,22.25,20.9,20.94,21.36,-0.42,-1.97,259044.02,557624.4174
1104,000587.SZ,20151116,20.59,21.48,20.2,21.36,20.93,0.43,2.05,157647.78,327359.5554
1105,000587.SZ,20151113,22.0,22.0,20.9,20.93,22.2,-1.27,-5.72,224638.2,481713.5801
1106,000587.SZ,20151112,22.35,22.68,21.78,22.2,22.2,0.0,0.0,234211.93,519273.5103
1107,000587.SZ,20151111,21.09,22.3,20.91,22.2,21.26,0.94,4.42,314084.78,684199.6735
1108,000587.SZ,20151110,20.66,21.31,20.31,21.26,20.61,0.65,3.15,268251.16,557310.1327
1109,000587.SZ,20151109,20.79,21.0,20.3,20.61,20.8,-0.19,-0.91,204276.71,422131.4961
1110,000587.SZ,20151106,20.65,20.99,20.02,20.8,20.45,0.35,1.71,164958.0,342627.9518
1111,000587.SZ,20151105,21.05,21.12,20.3,20.45,21.03,-0.58,-2.76,206272.3,427468.5499
1112,000587.SZ,20151104,19.9,21.03,19.8,21.03,19.94,1.09,5.47,199217.54,409291.5262
1113,000587.SZ,20151103,19.9,20.3,18.85,19.94,19.46,0.48,2.47,184267.49,361684.8632
1114,000587.SZ,20151102,19.98,20.31,19.0,19.46,20.67,-1.21,-5.85,152016.5,301359.154
1115,000587.SZ,20151030,21.0,21.15,20.61,20.67,21.15,-0.48,-2.27,140033.63,292168.5916
1116,000587.SZ,20151029,20.89,21.15,20.5,21.15,20.86,0.29,1.39,180938.31,377326.7437
1117,000587.SZ,20151028,21.5,22.1,20.35,20.86,21.9,-1.04,-4.75,364633.19,767863.3134
1118,000587.SZ,20151027,23.3,23.3,21.32,21.9,23.69,-1.79,-7.56,429458.47,940265.4563
1119,000587.SZ,20151026,25.19,25.88,23.6,23.69,24.88,-1.19,-4.78,380203.74,941706.3152
1120,000587.SZ,20151023,24.28,25.4,24.26,24.88,23.84,1.04,4.36,354228.01,875888.3654
1121,000587.SZ,20151022,23.87,24.08,22.75,23.84,23.6,0.24,1.02,228004.27,534105.4709
1122,000587.SZ,20151021,23.3,24.97,22.25,23.6,23.37,0.23,0.98,431007.33,1033448.1526
1123,000587.SZ,20151020,23.5,23.77,23.2,23.37,23.36,0.01,0.04,154686.01,361899.0745
1124,000587.SZ,20151019,23.35,23.5,22.65,23.36,23.15,0.21,0.91,174296.11,404644.2523
1125,000587.SZ,20151016,23.28,23.78,22.82,23.15,23.33,-0.18,-0.77,144415.38,334462.7645
1126,000587.SZ,20151015,22.5,23.47,22.21,23.33,22.69,0.64,2.82,158248.22,365060.5904
1127,000587.SZ,20151014,22.6,23.45,22.01,22.69,22.71,-0.02,-0.09,173366.86,392374.9055
1128,000587.SZ,20151013,22.22,23.06,21.8,22.71,22.2,0.51,2.3,218048.91,493244.4078
1129,000587.SZ,20151012,20.32,22.3,20.32,22.2,20.29,1.91,9.41,231936.48,497025.0422
1130,000587.SZ,20151009,20.13,20.5,20.13,20.29,20.3,-0.01,-0.05,76283.35,155113.8607
1131,000587.SZ,20151008,20.03,20.76,19.9,20.3,19.58,0.72,3.68,126640.64,256568.1427
1132,000587.SZ,20150930,19.8,19.99,19.53,19.58,19.79,-0.21,-1.06,71281.11,140308.5278
1133,000587.SZ,20150929,19.11,20.28,19.11,19.79,19.57,0.22,1.12,156194.93,309770.0011
1134,000587.SZ,20150928,19.3,19.68,18.9,19.57,19.6,-0.03,-0.15,88400.96,171688.8017
1135,000587.SZ,20150925,19.9,19.95,18.79,19.6,19.78,-0.18,-0.91,127129.04,245937.808
1136,000587.SZ,20150924,19.82,20.48,19.59,19.78,19.82,-0.04,-0.2,108455.45,215898.8085
1137,000587.SZ,20150923,19.91,20.4,19.5,19.82,20.39,-0.57,-2.8,118021.76,236525.3674
1138,000587.SZ,20150922,20.33,21.2,20.1,20.39,20.25,0.14,0.69,190277.34,394338.6619
1139,000587.SZ,20150921,19.8,20.65,19.72,20.25,20.38,-0.13,-0.64,174469.73,354755.7865
1140,000587.SZ,20150918,19.49,21.0,18.9,20.38,19.55,0.83,4.25,244094.16,484024.9639
1141,000587.SZ,20150917,19.04,19.98,18.61,19.55,19.48,0.07,0.36,277209.77,538229.3068
1142,000587.SZ,20150916,17.69,19.5,16.2,19.48,17.8,1.68,9.44,291816.15,518312.1083
1143,000587.SZ,20150915,17.6,19.28,17.6,17.8,19.3,-1.5,-7.77,145405.5,264758.3146
1144,000587.SZ,20150914,20.3,20.7,18.7,19.3,20.31,-1.01,-4.97,232339.36,455669.0294
1145,000587.SZ,20150911,20.3,20.9,19.46,20.31,20.6,-0.29,-1.41,200880.44,407626.619
1146,000587.SZ,20150910,20.58,21.2,20.1,20.6,20.38,0.22,1.08,264020.2,548014.1375
1147,000587.SZ,20150909,19.17,20.48,18.99,20.38,19.79,0.59,2.98,328315.86,646376.1059
1148,000587.SZ,20150908,17.7,19.79,17.64,19.79,19.6,0.19,0.97,251613.54,465329.0171
1149,000587.SZ,20150826,17.9,19.6,16.93,19.6,18.8,0.8,4.26,395492.4,722470.3747
1150,000587.SZ,20150825,16.04,18.8,16.04,18.8,17.82,0.98,5.5,270606.64,445971.9359
1151,000587.SZ,20150824,18.28,18.4,17.82,17.82,19.8,-1.98,-10.0,127885.45,228914.4214
1152,000587.SZ,20150821,21.0,21.96,19.8,19.8,22.0,-2.2,-10.0,259279.72,528161.9984
1153,000587.SZ,20150820,23.0,24.35,21.31,22.0,23.17,-1.17,-5.05,352369.66,823728.4765
1154,000587.SZ,20150819,19.9,23.46,19.51,23.17,21.68,1.49,6.87,288309.56,605055.3931
1155,000587.SZ,20150818,24.2,24.2,21.68,21.68,24.09,-2.41,-10.0,169141.28,384314.3542
1156,000587.SZ,20150817,23.8,24.26,22.71,24.09,23.91,0.18,0.75,198896.9,469311.3738
1157,000587.SZ,20150814,24.3,25.3,23.5,23.91,24.07,-0.16,-0.66,181911.84,446291.1322
1158,000587.SZ,20150813,23.85,24.53,22.81,24.07,24.15,-0.08,-0.33,196784.21,467314.3138
1159,000587.SZ,20150812,22.85,24.87,22.5,24.15,23.38,0.77,3.29,300734.39,726979.0189
1160,000587.SZ,20150811,22.5,24.12,22.35,23.38,22.58,0.8,3.54,221653.52,519499.8153
1161,000587.SZ,20150810,20.99,22.58,20.6,22.58,20.53,2.05,9.99,228489.27,496200.973
1162,000587.SZ,20150807,19.19,20.7,19.19,20.53,19.16,1.37,7.15,241084.44,484209.2765
1163,000587.SZ,20150806,18.6,20.0,18.3,19.16,19.0,0.16,0.84,214567.89,414271.3747
1164,000587.SZ,20150805,18.2,19.37,18.18,19.0,19.2,-0.2,-1.04,231118.82,435536.9496
1165,000587.SZ,20150804,18.12,19.31,17.15,19.2,18.11,1.09,6.02,283423.17,519625.2186
1166,000587.SZ,20150803,19.02,19.02,17.1,18.11,19.0,-0.89,-4.68,318171.82,555046.0565
1167,000587.SZ,20150731,19.0,20.0,18.39,19.0,19.39,-0.39,-2.01,194575.46,371344.1119
1168,000587.SZ,20150730,20.0,21.0,19.29,19.39,20.0,-0.61,-3.05,194213.81,396224.3471
1169,000587.SZ,20150729,19.52,20.08,18.28,20.0,19.21,0.79,4.11,216673.55,418347.3548
1170,000587.SZ,20150728,20.0,20.9,18.67,19.21,20.74,-1.53,-7.38,338370.18,656255.2203
1171,000587.SZ,20150727,22.3,23.85,20.74,20.74,23.04,-2.3,-9.98,350020.22,780354.4814
1172,000587.SZ,20150724,23.91,24.77,22.5,23.04,23.9,-0.86,-3.6,220862.29,526949.6155
1173,000587.SZ,20150723,23.35,24.3,22.91,23.9,23.59,0.31,1.31,244831.3,577411.8712
1174,000587.SZ,20150722,24.22,25.2,22.89,23.59,24.17,-0.58,-2.4,327105.55,781061.214
1175,000587.SZ,20150721,21.5,24.17,21.01,24.17,21.97,2.2,10.01,390502.69,902943.8693
1176,000587.SZ,20150720,20.24,22.6,20.0,21.97,20.61,1.36,6.6,420326.74,909472.8372
1177,000587.SZ,20150717,19.0,20.61,16.87,20.61,18.74,1.87,9.98,533124.36,996717.0168
1178,000587.SZ,20150702,20.45,21.02,18.74,18.74,20.82,-2.08,-9.99,349456.17,662875.4066
1179,000587.SZ,20150701,22.5,24.0,20.82,20.82,23.13,-2.31,-9.99,204632.67,461836.1575
1180,000587.SZ,20150630,22.0,25.3,20.8,23.13,23.11,0.02,0.09,264313.9,584732.9671
1181,000587.SZ,20150629,26.65,26.85,23.11,23.11,25.68,-2.57,-10.01,205654.72,492292.3075
1182,000587.SZ,20150626,27.8,27.88,25.68,25.68,28.53,-2.85,-9.99,131761.29,351859.3215
1183,000587.SZ,20150625,28.3,30.0,27.1,28.53,27.89,0.64,2.29,216500.49,622489.7695
1184,000587.SZ,20150624,28.38,29.0,26.7,27.89,27.88,0.01,0.04,154917.7,432806.3236
1185,000587.SZ,20150623,28.8,29.2,25.65,27.88,28.1,-0.22,-0.78,138176.21,382048.7319
1186,000587.SZ,20150619,29.9,29.9,27.73,28.1,30.81,-2.71,-8.8,221863.34,634436.1277
1187,000587.SZ,20150618,33.7,34.75,30.81,30.81,34.23,-3.42,-9.99,163321.12,533055.3296
1188,000587.SZ,20150617,33.98,35.0,31.61,34.23,34.64,-0.41,-1.18,171026.21,566759.5921
1189,000587.SZ,20150616,37.58,38.5,34.48,34.64,37.58,-2.94,-7.82,226999.19,819377.765
1190,000587.SZ,20150615,37.5,39.0,36.5,37.58,37.16,0.42,1.13,189279.3,711440.0407
1191,000587.SZ,20150612,36.0,38.08,35.38,37.16,35.28,1.88,5.33,209243.32,774463.6972
1192,000587.SZ,20150611,35.47,35.56,34.15,35.28,35.4,-0.12,-0.34,186192.24,650113.8438
1193,000587.SZ,20150610,34.0,36.02,33.5,35.4,34.66,0.74,2.14,183817.19,645369.4208
1194,000587.SZ,20150609,35.0,36.2,33.95,34.66,35.12,-0.46,-1.31,152442.33,536951.1932
1195,000587.SZ,20150608,33.84,36.0,32.45,35.12,33.84,1.28,3.78,237754.6,812618.6076
1196,000587.SZ,20150605,35.5,35.87,32.81,33.84,34.66,-0.82,-2.37,191637.42,658694.3348
1197,000587.SZ,20150604,36.7,36.72,33.1,34.66,36.7,-2.04,-5.56,219325.13,758735.6985
1198,000587.SZ,20150603,37.09,37.88,35.6,36.7,36.84,-0.14,-0.38,174853.96,640686.6588
1199,000587.SZ,20150602,36.28,37.0,35.0,36.84,36.29,0.55,1.52,214528.82,771449.8165
1200,000587.SZ,20150601,35.4,37.99,35.4,36.29,35.2,1.09,3.1,308617.92,1133231.7975
1201,000587.SZ,20150529,32.7,35.29,30.0,35.2,32.09,3.11,9.69,373056.92,1252723.5605
1202,000587.SZ,20150528,31.89,33.59,31.2,32.09,30.54,1.55,5.08,379610.21,1242046.8541
1203,000587.SZ,20150527,31.03,31.03,29.7,30.54,31.04,-0.5,-1.61,165370.47,503463.6064
1204,000587.SZ,20150526,31.29,31.9,30.5,31.04,30.56,0.48,1.57,211444.62,661158.2994
1205,000587.SZ,20150525,29.41,32.28,29.0,30.56,30.02,0.54,1.8,249943.23,773854.1885
1206,000587.SZ,20150522,31.02,31.02,29.15,30.02,30.87,-0.85,-2.75,215459.13,651068.8833
1207,000587.SZ,20150521,27.75,31.06,27.75,30.87,28.24,2.63,9.31,300859.98,901633.0254
1208,000587.SZ,20150520,28.21,29.1,27.8,28.24,28.34,-0.1,-0.35,259980.16,738942.1346
1209,000587.SZ,20150519,28.5,28.78,27.51,28.34,28.33,0.01,0.04,217800.2,615489.499
1210,000587.SZ,20150518,28.0,29.0,26.3,28.33,27.77,0.56,2.02,271732.09,757257.0319
1211,000587.SZ,20150515,29.09,29.78,27.54,27.77,27.54,0.23,0.84,359676.28,1036487.7235
1212,000587.SZ,20150514,25.75,27.54,25.75,27.54,25.04,2.5,9.98,285873.93,765730.1896
1213,000587.SZ,20150513,23.01,25.04,22.5,25.04,22.76,2.28,10.02,403357.68,976430.6593
1214,000587.SZ,20150512,22.6,23.44,21.9,22.76,22.56,0.2,0.89,268711.56,611155.6338
1215,000587.SZ,20150511,21.99,22.66,21.51,22.56,21.4,1.16,5.42,314660.92,695385.1639
1216,000587.SZ,20150508,20.5,21.5,20.35,21.4,20.56,0.84,4.09,318079.09,667208.2456
1217,000587.SZ,20150507,21.43,22.35,20.01,20.56,21.41,-0.85,-3.97,574038.54,1221359.4487
1218,000587.SZ,20150506,19.78,21.41,19.58,21.41,19.46,1.95,10.02,433265.18,902167.9857
1219,000587.SZ,20150505,18.7,20.61,18.4,19.46,19.12,0.34,1.78,648826.03,1264386.1354
1220,000587.SZ,20150504,19.12,19.12,16.33,19.12,17.38,1.74,10.01,825187.66,1548112.9648
1221,000587.SZ,20150430,17.38,17.38,17.38,17.38,15.8,1.58,10.0,4775.77,8300.2883
1222,000587.SZ,20150429,15.8,15.8,15.8,15.8,14.36,1.44,10.03,27520.5,43482.39
1223,000587.SZ,20150428,14.36,14.36,14.36,14.36,13.05,1.31,10.04,1351.62,1940.9263
1224,000587.SZ,20150427,13.05,13.05,13.05,13.05,11.86,1.19,10.03,707.15,922.8308
1225,000587.SZ,20150202,11.68,11.96,11.45,11.86,11.7,0.16,1.37,144772.7,170232.1418
1226,000587.SZ,20150130,11.83,11.88,11.65,11.7,11.83,-0.13,-1.1,109031.29,128234.1791
1227,000587.SZ,20150129,11.69,11.98,11.62,11.83,11.75,0.08,0.68,141966.31,168089.9579
1228,000587.SZ,20150128,11.75,12.06,11.63,11.75,11.73,0.02,0.17,174348.81,206959.9572
1229,000587.SZ,20150127,11.58,11.78,11.5,11.73,11.67,0.06,0.51,119968.21,139637.1573
1230,000587.SZ,20150126,11.72,11.75,11.4,11.67,11.8,-0.13,-1.1,138801.07,160983.9191
1231,000587.SZ,20150123,11.82,11.96,11.64,11.8,11.83,-0.03,-0.25,104828.58,123446.0917
1232,000587.SZ,20150122,11.78,12.0,11.6,11.83,11.8,0.03,0.25,193759.6,228355.4383
1233,000587.SZ,20150121,11.55,12.06,11.4,11.8,11.46,0.34,2.97,304205.8,358303.4021
1234,000587.SZ,20150120,10.87,11.55,10.85,11.46,10.9,0.56,5.14,213885.4,240965.7703
1235,000587.SZ,20150119,10.58,11.15,10.48,10.9,10.74,0.16,1.49,215887.06,237230.8647
1236,000587.SZ,20150116,10.59,10.79,10.52,10.74,10.55,0.19,1.8,57313.63,60873.8243
1237,000587.SZ,20150115,10.5,10.57,10.43,10.55,10.54,0.01,0.09,29301.74,30726.846
1238,000587.SZ,20150114,10.6,10.71,10.32,10.54,10.68,-0.14,-1.31,48951.08,51486.2988
1239,000587.SZ,20150113,10.52,10.7,10.35,10.68,10.54,0.14,1.33,65815.73,68961.8389
1240,000587.SZ,20150112,10.75,10.76,10.54,10.54,10.8,-0.26,-2.41,63736.01,67873.4704
1241,000587.SZ,20150109,10.7,10.82,10.66,10.8,10.68,0.12,1.12,68468.35,73473.1263
1242,000587.SZ,20150108,10.82,10.88,10.62,10.68,10.97,-0.29,-2.64,65843.96,70747.5303
1243,000587.SZ,20150107,10.89,11.23,10.74,10.97,10.89,0.08,0.73,100713.47,110880.6809
1244,000587.SZ,20150106,10.79,10.93,10.64,10.89,10.82,0.07,0.65,93853.1,101138.5626
1245,000587.SZ,20150105,11.02,11.02,10.7,10.82,11.04,-0.22,-1.99,86330.44,93492.1333
1246,000587.SZ,20141231,10.87,11.19,10.84,11.04,10.92,0.12,1.1,116779.26,128739.6865
1247,000587.SZ,20141230,10.85,11.25,10.7,10.92,10.86,0.06,0.55,149683.78,164464.75
1248,000587.SZ,20141229,10.75,10.93,10.52,10.86,10.79,0.07,0.65,123302.42,131995.6736
1249,000587.SZ,20141226,10.73,10.93,10.57,10.79,10.74,0.05,0.47,131004.88,141386.6138
1250,000587.SZ,20141225,10.32,10.87,10.25,10.74,10.32,0.42,4.07,238214.11,252980.1733
1251,000587.SZ,20141224,9.65,10.5,9.63,10.32,9.68,0.64,6.61,179633.66,180325.008
1252,000587.SZ,20141223,9.6,9.87,9.41,9.68,9.63,0.05,0.52,163978.54,157985.0673
1253,000587.SZ,20141222,10.12,10.12,9.26,9.63,10.29,-0.66,-6.41,174828.18,169337.6403
1254,000587.SZ,20141219,10.45,10.49,10.03,10.29,10.49,-0.2,-1.91,118920.36,122135.6361
1255,000587.SZ,20141218,10.41,10.53,10.38,10.49,10.41,0.08,0.77,100085.31,104653.8297
1256,000587.SZ,20141217,10.59,10.65,10.39,10.41,10.58,-0.17,-1.61,140230.64,146789.5198
1257,000587.SZ,20141216,10.8,10.96,10.43,10.58,10.43,0.15,1.44,246790.64,262806.1227
1258,000587.SZ,20141208,10.38,10.57,10.23,10.43,10.44,-0.01,-0.1,135921.23,141496.149
1259,000587.SZ,20141205,10.94,10.98,10.2,10.44,10.94,-0.5,-4.57,188731.1,199932.1776
1260,000587.SZ,20141204,10.91,10.98,10.79,10.94,10.9,0.04,0.37,181802.53,198487.5158
1261,000587.SZ,20141203,10.78,11.1,10.7,10.9,10.8,0.1,0.93,173630.04,188862.071
1262,000587.SZ,20141202,10.76,10.85,10.7,10.8,10.72,0.08,0.75,122702.72,132291.5063
1263,000587.SZ,20141201,11.04,11.04,10.65,10.72,11.12,-0.4,-3.6,170805.57,183766.9456
1264,000587.SZ,20141128,11.04,11.25,10.99,11.12,11.02,0.1,0.91,176925.44,196490.9248
1265,000587.SZ,20141127,10.92,11.02,10.9,11.02,10.9,0.12,1.1,111508.07,122163.8939
1266,000587.SZ,20141126,10.96,10.99,10.85,10.9,11.0,-0.1,-0.91,123831.88,135095.9761
1267,000587.SZ,20141125,10.8,11.03,10.74,11.0,10.81,0.19,1.76,153396.26,167168.0124
1268,000587.SZ,20141124,10.78,10.87,10.78,10.81,10.75,0.06,0.56,113027.0,122304.377
1269,000587.SZ,20141121,10.76,10.82,10.67,10.75,10.77,-0.02,-0.19,68666.29,73591.8215
1270,000587.SZ,20141120,10.68,10.87,10.65,10.77,10.74,0.03,0.28,67497.65,72689.4728
1271,000587.SZ,20141119,10.8,10.92,10.63,10.74,10.76,-0.02,-0.19,85714.16,92028.4509
1272,000587.SZ,20141118,10.91,10.96,10.73,10.76,10.97,-0.21,-1.91,104990.82,113915.5574
1273,000587.SZ,20141117,10.74,11.1,10.67,10.97,10.79,0.18,1.67,158396.95,172071.6512
1274,000587.SZ,20141114,10.7,10.87,10.53,10.79,10.73,0.06,0.56,162344.93,173820.0807
1275,000587.SZ,20141113,10.78,10.88,10.66,10.73,10.77,-0.04,-0.37,64944.76,69851.6119
1276,000587.SZ,20141112,10.76,10.89,10.72,10.77,10.76,0.01,0.09,58597.72,63346.6386
1277,000587.SZ,20141111,11.08,11.14,10.63,10.76,11.12,-0.36,-3.24,143086.82,157190.819
1278,000587.SZ,20141110,11.13,11.19,10.99,11.12,11.13,-0.01,-0.09,110654.52,122937.6755
1279,000587.SZ,20141107,11.19,11.26,11.02,11.13,11.19,-0.06,-0.54,117979.23,132013.5815
1280,000587.SZ,20141106,11.19,11.27,11.13,11.19,11.3,-0.11,-0.97,65208.24,73022.8944
1281,000587.SZ,20141105,11.33,11.41,11.18,11.3,11.34,-0.04,-0.35,165235.8,186884.716
1282,000587.SZ,20141104,11.33,11.46,11.28,11.34,11.43,-0.09,-0.79,163950.18,186608.8989
1283,000587.SZ,20141103,11.19,11.5,11.0,11.43,11.26,0.17,1.51,206868.86,233845.4024
1284,000587.SZ,20141031,11.16,11.42,11.11,11.26,11.18,0.08,0.72,118666.58,133560.2864
1285,000587.SZ,20141030,11.07,11.25,10.93,11.18,11.05,0.13,1.18,125282.54,139001.6992
1286,000587.SZ,20141029,10.97,11.05,10.83,11.05,10.93,0.12,1.1,113435.86,124092.8434
1287,000587.SZ,20141028,10.67,10.96,10.66,10.93,10.65,0.28,2.63,57210.51,62117.8532
1288,000587.SZ,20141027,10.76,10.78,10.61,10.65,10.76,-0.11,-1.02,49519.31,52787.5886
1289,000587.SZ,20141024,10.7,10.77,10.62,10.76,10.7,0.06,0.56,50211.83,53736.2287
1290,000587.SZ,20141023,10.97,11.1,10.69,10.7,11.0,-0.3,-2.73,67272.74,73225.9358
1291,000587.SZ,20141022,11.2,11.28,11.0,11.0,11.24,-0.24,-2.14,89369.85,99156.8139
1292,000587.SZ,20141021,11.41,11.43,11.23,11.24,11.41,-0.17,-1.49,53990.16,61147.3084
1293,000587.SZ,20141020,11.36,11.42,11.25,11.41,11.4,0.01,0.09,76482.86,86630.3588
1294,000587.SZ,20141017,11.35,11.55,11.16,11.4,11.38,0.02,0.18,153179.17,174151.713
1295,000587.SZ,20141016,11.56,11.65,11.33,11.38,11.74,-0.36,-3.07,159706.99,182829.035
1296,000587.SZ,20141015,11.39,11.78,11.25,11.74,11.47,0.27,2.35,221451.43,254087.5678
1297,000587.SZ,20141014,11.97,12.02,11.25,11.47,11.93,-0.46,-3.86,318257.72,367918.1593
1298,000587.SZ,20141013,11.99,12.2,11.85,11.93,12.42,-0.49,-3.95,133510.03,159810.7448
1299,000587.SZ,20141010,12.65,12.68,12.38,12.42,12.68,-0.26,-2.05,103035.12,128612.2456
1300,000587.SZ,20141009,12.6,12.83,12.54,12.68,12.59,0.09,0.71,95696.53,121200.3185
1301,000587.SZ,20141008,12.58,12.76,12.51,12.59,12.62,-0.03,-0.24,87824.08,110652.0067
1302,000587.SZ,20140930,12.57,12.77,12.5,12.62,12.56,0.06,0.48,102869.85,130298.3155
1303,000587.SZ,20140929,12.35,12.62,12.29,12.56,12.19,0.37,3.04,186538.19,231747.668
1304,000587.SZ,20140926,12.19,12.23,12.06,12.19,12.19,0.0,0.0,69694.61,84807.3386
1305,000587.SZ,20140925,12.29,12.38,12.15,12.19,12.29,-0.1,-0.81,111220.22,136057.1225
1306,000587.SZ,20140924,11.76,12.3,11.65,12.29,11.81,0.48,4.06,119757.24,143711.5067
1307,000587.SZ,20140923,11.66,11.82,11.61,11.81,11.66,0.15,1.29,52123.72,60984.1306
1308,000587.SZ,20140922,11.75,11.84,11.65,11.66,11.78,-0.12,-1.02,42124.64,49353.9402
1309,000587.SZ,20140919,11.75,11.83,11.67,11.78,11.73,0.05,0.43,53590.39,62894.7642
1310,000587.SZ,20140918,11.79,11.88,11.68,11.73,11.77,-0.04,-0.34,61761.29,72647.8114
1311,000587.SZ,20140917,11.81,11.99,11.67,11.77,11.8,-0.03,-0.25,67111.76,79185.8839
1312,000587.SZ,20140916,12.17,12.3,11.8,11.8,12.14,-0.34,-2.8,97518.83,117792.8262
1313,000587.SZ,20140915,12.14,12.19,11.95,12.14,12.07,0.07,0.58,99073.23,119366.9681
1314,000587.SZ,20140912,11.89,12.1,11.82,12.07,11.88,0.19,1.6,59548.3,71476.1851
1315,000587.SZ,20140911,11.92,12.07,11.85,11.88,11.95,-0.07,-0.59,79328.66,94822.2453
1316,000587.SZ,20140910,11.96,12.03,11.85,11.95,11.96,-0.01,-0.08,56496.64,67461.441
1317,000587.SZ,20140909,12.08,12.12,11.88,11.96,12.04,-0.08,-0.66,64708.8,77395.4581
1318,000587.SZ,20140905,12.02,12.15,11.9,12.04,11.97,0.07,0.58,74837.2,89847.0652
1319,000587.SZ,20140904,11.91,12.01,11.84,11.97,11.92,0.05,0.42,63536.23,76027.9471
1320,000587.SZ,20140903,11.71,11.96,11.71,11.92,11.77,0.15,1.27,84987.84,100968.8922
1321,000587.SZ,20140902,11.83,11.96,11.6,11.77,11.78,-0.01,-0.08,93570.22,109944.3121
1322,000587.SZ,20140901,11.35,11.8,11.23,11.78,11.34,0.44,3.88,83380.34,96425.0662
1323,000587.SZ,20140829,11.6,11.69,11.12,11.34,11.58,-0.24,-2.07,103860.41,117580.5051
1324,000587.SZ,20140828,11.67,12.08,11.57,11.58,11.63,-0.05,-0.43,84141.98,99031.5404
1325,000587.SZ,20140827,11.59,11.88,11.53,11.63,11.71,-0.08,-0.68,78294.98,91557.0723
1326,000587.SZ,20140826,12.15,12.34,11.53,11.71,12.78,-1.07,-8.37,179359.22,213139.6983
1327,000587.SZ,20140822,12.69,13.02,12.69,12.78,12.75,0.03,0.24,46187.77,59346.6051
1328,000587.SZ,20140821,12.94,12.99,12.62,12.75,12.84,-0.09,-0.7,53013.78,67817.5701
1329,000587.SZ,20140820,12.61,13.2,12.61,12.84,12.63,0.21,1.66,78589.54,101985.5994
1330,000587.SZ,20140819,12.65,12.79,12.55,12.63,12.65,-0.02,-0.16,54618.78,69144.3587
1331,000587.SZ,20140818,12.44,12.74,12.44,12.65,12.45,0.2,1.61,51132.22,64647.1008
1332,000587.SZ,20140815,12.38,12.59,12.33,12.45,12.41,0.04,0.32,59256.63,73980.5785
1333,000587.SZ,20140814,12.66,12.8,12.29,12.41,12.61,-0.2,-1.59,101926.99,127529.1261
1334,000587.SZ,20140813,12.75,12.75,12.4,12.61,12.54,0.07,0.56,76631.52,96153.9449
1335,000587.SZ,20140812,12.03,12.87,12.01,12.54,12.01,0.53,4.41,152304.33,189555.806
1336,000587.SZ,20140811,11.7,12.16,11.64,12.01,11.64,0.37,3.18,107478.89,128746.2712
1337,000587.SZ,20140808,11.48,11.69,11.39,11.64,11.49,0.15,1.31,56088.02,64958.3197
1338,000587.SZ,20140807,11.51,11.6,11.33,11.49,11.51,-0.02,-0.17,57387.43,65846.3753
1339,000587.SZ,20140806,11.49,11.64,11.44,11.51,11.52,-0.01,-0.09,54153.54,62578.8431
1340,000587.SZ,20140805,11.41,11.54,11.33,11.52,11.41,0.11,0.96,41555.02,47672.462
1341,000587.SZ,20140804,11.3,11.46,11.2,11.41,11.3,0.11,0.97,47481.36,53861.5075
1342,000587.SZ,20140801,11.46,11.52,11.24,11.3,11.59,-0.29,-2.5,50512.64,57613.6535
1343,000587.SZ,20140731,11.24,11.66,11.15,11.59,11.26,0.33,2.93,75279.78,86017.0207
1344,000587.SZ,20140730,11.47,11.49,11.22,11.26,11.5,-0.24,-2.09,45321.82,51366.6247
1345,000587.SZ,20140729,11.3,11.58,11.25,11.5,11.28,0.22,1.95,39022.68,44668.1369
1346,000587.SZ,20140728,11.23,11.38,11.18,11.28,11.23,0.05,0.45,41636.35,47030.6366
1347,000587.SZ,20140725,11.0,11.33,11.0,11.23,11.04,0.19,1.72,23027.02,25838.1389
1348,000587.SZ,20140724,10.98,11.07,10.9,11.04,11.0,0.04,0.36,23039.8,25283.6276
1349,000587.SZ,20140723,11.22,11.24,10.98,11.0,11.21,-0.21,-1.87,31480.28,34846.6259
1350,000587.SZ,20140722,11.15,11.34,11.14,11.21,11.19,0.02,0.18,28888.21,32433.9379
1351,000587.SZ,20140721,11.28,11.38,11.17,11.19,11.27,-0.08,-0.71,17794.8,20006.5354
1352,000587.SZ,20140718,11.27,11.34,11.2,11.27,11.25,0.02,0.18,16728.52,18838.1786
1353,000587.SZ,20140717,11.4,11.4,11.0,11.25,11.41,-0.16,-1.4,32248.92,36073.1811
1354,000587.SZ,20140716,11.37,11.48,11.3,11.41,11.4,0.01,0.09,27051.83,30851.8322
1355,000587.SZ,20140715,11.45,11.46,11.27,11.4,11.49,-0.09,-0.78,40344.32,45801.2918
1356,000587.SZ,20140714,11.6,11.78,11.45,11.49,11.6,-0.11,-0.95,48500.22,56196.6391
1357,000587.SZ,20140711,11.63,11.82,11.53,11.6,11.58,0.02,0.17,40608.8,47299.4642
1358,000587.SZ,20140710,11.29,11.75,11.23,11.58,11.32,0.26,2.3,42287.89,48968.3068
1359,000587.SZ,20140709,11.61,11.68,11.3,11.32,11.61,-0.29,-2.5,54670.0,62914.3909
1360,000587.SZ,20140708,11.52,11.88,11.46,11.61,11.55,0.06,0.52,67831.77,79374.1441
1361,000587.SZ,20140707,11.36,11.88,11.26,11.55,11.36,0.19,1.67,90401.82,104981.9884
1362,000587.SZ,20140704,10.69,11.49,10.54,11.36,10.74,0.62,5.77,88276.19,97136.044
1363,000587.SZ,20140703,10.79,10.88,10.7,10.74,10.82,-0.08,-0.74,30443.23,32750.3272
1364,000587.SZ,20140702,10.77,10.99,10.7,10.82,10.77,0.05,0.46,47685.14,51700.564
1365,000587.SZ,20140701,10.38,10.9,10.31,10.77,10.38,0.39,3.76,84445.6,90619.6972
1366,000587.SZ,20140630,10.48,10.48,10.34,10.38,10.33,0.05,0.48,25223.6,26208.147
1367,000587.SZ,20140627,10.32,10.44,10.21,10.33,10.29,0.04,0.39,36406.67,37579.7023
1368,000587.SZ,20140626,10.25,10.36,10.2,10.29,10.25,0.04,0.39,25444.72,26163.7708
1369,000587.SZ,20140625,10.28,10.42,10.25,10.25,10.38,-0.13,-1.25,17321.64,17823.5357
1370,000587.SZ,20140624,10.32,10.47,10.28,10.38,10.32,0.06,0.58,44950.26,46611.2703
1371,000587.SZ,20140623,10.28,10.34,10.13,10.32,10.3,0.02,0.19,29664.43,30407.1895
1372,000587.SZ,20140620,10.29,10.45,10.0,10.3,10.2,0.1,0.98,29415.08,30009.9772
1373,000587.SZ,20140619,10.41,10.44,10.15,10.2,10.41,-0.21,-2.02,32345.77,33260.9241
1374,000587.SZ,20140618,10.44,10.62,10.37,10.41,10.47,-0.06,-0.57,23638.21,24762.9953
1375,000587.SZ,20140617,10.65,10.65,10.46,10.47,10.65,-0.18,-1.69,24368.08,25636.2433
1376,000587.SZ,20140616,10.71,10.73,10.57,10.65,10.7,-0.05,-0.47,30054.4,31994.3323
1377,000587.SZ,20140613,10.58,10.75,10.41,10.7,10.6,0.1,0.94,55729.93,59054.4415
1378,000587.SZ,20140612,10.28,10.88,10.26,10.6,10.3,0.3,2.91,64350.58,68125.3596
1379,000587.SZ,20140611,10.28,10.35,10.2,10.3,10.27,0.03,0.29,37045.1,38059.6881
1380,000587.SZ,20140610,10.4,10.48,10.24,10.27,10.39,-0.12,-1.16,52883.55,54499.6906
1381,000587.SZ,20140609,10.65,10.66,10.3,10.39,10.67,-0.28,-2.62,35386.92,37097.5852
1382,000587.SZ,20140606,10.32,10.99,10.28,10.67,10.25,0.42,4.1,36590.74,39197.5271
1383,000587.SZ,20140605,10.41,10.41,10.24,10.31,10.37,-0.06,-0.58,29256.38,30217.1313
1384,000587.SZ,20140604,10.59,10.59,10.28,10.37,10.54,-0.17,-1.61,28528.08,29649.0978
1385,000587.SZ,20140603,10.67,10.73,10.5,10.54,10.66,-0.12,-1.13,24918.12,26424.0461
1386,000587.SZ,20140530,10.5,10.7,10.46,10.66,10.52,0.14,1.33,24903.79,26347.2575
1387,000587.SZ,20140529,10.91,10.91,10.5,10.52,10.89,-0.37,-3.4,25625.61,27486.5095
1388,000587.SZ,20140528,10.8,10.9,10.75,10.89,10.87,0.02,0.18,27040.59,29291.8203
1389,000587.SZ,20140527,10.88,11.05,10.85,10.87,10.93,-0.06,-0.55,29543.71,32295.2312
1390,000587.SZ,20140526,10.85,10.93,10.78,10.93,10.82,0.11,1.02,23423.44,25424.3966
1391,000587.SZ,20140523,10.74,10.87,10.68,10.82,10.81,0.01,0.09,17144.84,18523.3973
1392,000587.SZ,20140522,10.79,10.92,10.72,10.81,10.79,0.02,0.19,24267.35,26262.524
1393,000587.SZ,20140521,10.69,10.94,10.54,10.79,10.7,0.09,0.84,20384.49,21993.4493
1394,000587.SZ,20140520,10.86,10.98,10.67,10.7,10.83,-0.13,-1.2,45856.77,49455.0345
1395,000587.SZ,20140519,11.18,11.18,10.76,10.83,11.19,-0.36,-3.22,30605.62,33391.6408
1396,000587.SZ,20140516,10.81,11.25,10.6,11.19,10.81,0.38,3.52,62380.94,69123.4942
1397,000587.SZ,20140515,11.03,11.03,10.7,10.81,10.95,-0.14,-1.28,19111.6,20767.8045
1398,000587.SZ,20140514,11.0,11.1,10.88,10.95,11.05,-0.1,-0.91,24165.21,26525.5537
1399,000587.SZ,20140513,11.03,11.2,10.96,11.05,11.03,0.02,0.18,33757.26,37301.9591
1400,000587.SZ,20140512,11.03,11.29,10.71,11.03,10.95,0.08,0.73,54396.15,60053.1793
1401,000587.SZ,20140509,11.29,11.47,10.88,10.95,11.28,-0.33,-2.93,37846.09,41960.6307
1402,000587.SZ,20140508,11.65,11.7,11.18,11.28,11.65,-0.37,-3.18,41161.08,46904.164
1403,000587.SZ,20140507,11.7,11.88,11.52,11.65,11.71,-0.06,-0.51,20990.12,24539.8633
1404,000587.SZ,20140506,11.67,11.97,11.23,11.71,11.65,0.06,0.52,45390.05,52884.412
1405,000587.SZ,20140505,11.77,12.15,11.56,11.65,11.6,0.05,0.43,49057.94,58182.0401
1406,000587.SZ,20140430,10.95,11.75,10.8,11.6,10.69,0.91,8.51,59230.2,67850.2367
1407,000587.SZ,20140429,10.3,10.76,10.01,10.69,10.46,0.23,2.2,48094.06,50700.0584
1408,000587.SZ,20140428,11.7,11.72,10.46,10.46,11.62,-1.16,-9.98,139647.21,146721.4768
1409,000587.SZ,20140425,12.0,12.27,11.6,11.62,12.1,-0.48,-3.97,31898.84,38040.3077
1410,000587.SZ,20140424,12.13,12.24,11.95,12.1,12.13,-0.03,-0.25,26335.74,31834.0645
1411,000587.SZ,20140423,12.27,12.4,12.11,12.13,12.32,-0.19,-1.54,26159.66,31980.8486
1412,000587.SZ,20140422,12.43,12.45,12.17,12.32,12.45,-0.13,-1.04,47083.44,57860.3879
1413,000587.SZ,20140421,12.42,12.56,12.35,12.45,12.57,-0.12,-0.95,42654.88,52916.3767
1414,000587.SZ,20140418,12.83,12.88,12.36,12.57,12.84,-0.27,-2.1,53075.05,66752.0342
1415,000587.SZ,20140417,12.7,12.96,12.68,12.84,12.71,0.13,1.02,36711.0,47011.6359
1416,000587.SZ,20140416,12.77,12.97,12.71,12.71,12.89,-0.18,-1.4,43184.27,55276.5545
1417,000587.SZ,20140415,12.9,13.38,12.83,12.89,12.89,0.0,0.0,93040.52,121799.2005
1418,000587.SZ,20140414,12.26,12.95,12.25,12.89,12.23,0.66,5.4,108102.9,137950.381
1419,000587.SZ,20140411,12.52,12.6,12.2,12.23,12.6,-0.37,-2.94,46017.35,56673.9021
1420,000587.SZ,20140410,12.71,12.85,12.6,12.6,12.78,-0.18,-1.41,50817.66,64657.3772
1421,000587.SZ,20140409,12.69,12.95,12.53,12.78,12.69,0.09,0.71,50440.75,64330.5125
1422,000587.SZ,20140408,12.68,12.8,12.47,12.69,12.68,0.01,0.08,35264.8,44611.8299
1423,000587.SZ,20140404,12.45,12.86,12.42,12.68,12.5,0.18,1.44,44734.52,56400.4085
1424,000587.SZ,20140403,12.1,12.6,11.98,12.5,12.07,0.43,3.56,62214.45,76600.1755
1425,000587.SZ,20140402,12.2,12.68,11.96,12.07,12.37,-0.3,-2.43,92824.91,113121.803
1426,000587.SZ,20140401,12.93,13.13,12.36,12.37,13.73,-1.36,-9.91,105069.47,132335.0945
1427,000587.SZ,20140321,13.63,13.97,13.38,13.73,13.58,0.15,1.1,76552.76,104838.1569
1428,000587.SZ,20140320,13.6,14.5,13.58,13.58,13.76,-0.18,-1.31,115145.22,161653.2881
1429,000587.SZ,20140319,12.89,13.95,12.82,13.76,12.89,0.87,6.75,145096.08,196638.3672
1430,000587.SZ,20140318,12.76,13.08,12.58,12.89,12.8,0.09,0.7,71238.76,91404.5539
1431,000587.SZ,20140317,12.6,12.87,12.49,12.8,12.62,0.18,1.43,46127.06,58532.0694
1432,000587.SZ,20140314,12.5,12.71,12.35,12.62,12.61,0.01,0.08,52319.03,65474.8946
1433,000587.SZ,20140313,12.7,12.88,12.61,12.61,12.71,-0.1,-0.79,40988.43,52235.7596
1434,000587.SZ,20140312,12.73,12.91,12.57,12.71,12.8,-0.09,-0.7,29304.0,37193.7926
1435,000587.SZ,20140311,12.7,12.95,12.52,12.8,12.75,0.05,0.39,70210.55,89399.3495
1436,000587.SZ,20140310,13.28,13.4,12.67,12.75,13.28,-0.53,-3.99,83494.86,107954.2763
1437,000587.SZ,20140307,13.33,13.49,13.12,13.28,13.27,0.01,0.08,47107.56,62563.2021
1438,000587.SZ,20140306,13.45,13.47,13.0,13.27,13.44,-0.17,-1.26,58934.64,77932.7738
1439,000587.SZ,20140305,13.06,13.73,13.05,13.44,13.2,0.24,1.82,95168.34,128047.2319
1440,000587.SZ,20140304,13.16,13.44,13.05,13.2,13.12,0.08,0.61,84748.07,112161.9314
1441,000587.SZ,20140303,13.38,13.53,12.83,13.12,13.35,-0.23,-1.72,119874.88,156973.0365
1442,000587.SZ,20140228,13.5,13.86,13.12,13.35,13.88,-0.53,-3.82,119586.56,160062.7161
1443,000587.SZ,20140227,13.88,14.5,13.7,13.88,13.86,0.02,0.14,111067.24,155754.6914
1444,000587.SZ,20140226,13.86,14.25,13.31,13.86,14.15,-0.29,-2.05,128205.47,177086.2416
1445,000587.SZ,20140225,14.6,14.69,13.8,14.15,14.54,-0.39,-2.68,165116.17,234542.7051
1446,000587.SZ,20140224,14.27,15.36,14.05,14.54,14.74,-0.2,-1.36,164687.42,243390.1317
1447,000587.SZ,20140221,16.19,16.2,14.53,14.74,15.9,-1.16,-7.3,346738.35,524270.0729
1448,000587.SZ,20140220,14.5,15.9,14.2,15.9,14.45,1.45,10.03,445376.33,690790.9878
1449,000587.SZ,20140219,15.5,15.5,13.8,14.45,15.15,-0.7,-4.62,451791.08,661726.8695
1450,000587.SZ,20140218,15.15,15.15,15.15,15.15,13.77,1.38,10.02,9469.97,14347.0046
1451,000587.SZ,20140217,13.77,13.77,13.77,13.77,12.52,1.25,9.98,7047.77,9704.7793
1452,000587.SZ,20131231,11.96,12.67,11.92,12.52,11.95,0.57,4.77,79939.54,99251.5549
1453,000587.SZ,20131230,11.82,12.18,11.82,11.95,11.82,0.13,1.1,35429.24,42629.8984
1454,000587.SZ,20131227,11.69,11.92,11.55,11.82,11.7,0.12,1.03,25687.86,30302.9516
1455,000587.SZ,20131226,12.01,12.01,11.68,11.7,12.08,-0.38,-3.15,33333.88,39620.2934
1456,000587.SZ,20131225,11.96,12.1,11.9,12.08,11.98,0.1,0.83,24059.73,28856.5702
1457,000587.SZ,20131224,12.01,12.11,11.86,11.98,12.01,-0.03,-0.25,21688.98,25932.3999
1458,000587.SZ,20131223,12.1,12.17,11.81,12.01,12.2,-0.19,-1.56,24857.55,29742.7632
1459,000587.SZ,20131220,11.96,12.26,11.91,12.2,11.99,0.21,1.75,42896.47,51864.361
1460,000587.SZ,20131219,11.88,12.12,11.8,11.99,11.88,0.11,0.93,30169.5,36217.6006
1461,000587.SZ,20131218,12.1,12.1,11.68,11.88,12.05,-0.17,-1.41,35734.23,42465.1815
1462,000587.SZ,20131217,12.01,12.18,11.92,12.05,12.01,0.04,0.33,28767.74,34649.761
1463,000587.SZ,20131216,12.46,12.57,11.91,12.01,12.49,-0.48,-3.84,59349.29,72251.8445
1464,000587.SZ,20131213,12.21,12.59,11.97,12.49,12.29,0.2,1.63,91011.59,112370.764
1465,000587.SZ,20131212,11.69,12.31,11.58,12.29,11.82,0.47,3.98,75159.89,90501.756
1466,000587.SZ,20131211,12.42,12.5,11.5,11.82,12.42,-0.6,-4.83,167915.53,197710.2905
1467,000587.SZ,20131210,13.9,13.9,12.42,12.42,13.8,-1.38,-10.0,167804.74,219188.7676
1468,000587.SZ,20131209,13.65,13.86,13.6,13.8,13.66,0.14,1.02,46017.31,63362.3085
1469,000587.SZ,20131206,13.65,13.95,13.55,13.66,13.65,0.01,0.07,63377.32,87388.046
1470,000587.SZ,20131205,13.76,13.85,13.44,13.65,13.76,-0.11,-0.8,103710.44,141995.543
1471,000587.SZ,20131204,12.85,13.85,12.74,13.76,12.78,0.98,7.67,135167.48,178835.1794
1472,000587.SZ,20131203,12.7,12.95,12.45,12.78,12.74,0.04,0.31,37485.74,47522.748
1473,000587.SZ,20131202,12.7,13.13,12.51,12.74,13.0,-0.26,-2.0,86307.47,110650.0888
1474,000587.SZ,20131129,12.68,13.17,12.62,13.0,12.68,0.32,2.52,69200.25,89038.4826
1475,000587.SZ,20131128,12.73,12.81,12.65,12.68,12.69,-0.01,-0.08,34392.24,43775.173
1476,000587.SZ,20131127,12.6,12.75,12.4,12.69,12.63,0.06,0.48,43747.22,55136.199
1477,000587.SZ,20131126,12.77,12.77,12.58,12.63,12.77,-0.14,-1.1,31256.58,39549.8315
1478,000587.SZ,20131125,12.97,12.97,12.73,12.77,12.97,-0.2,-1.54,41593.52,53240.7719
1479,000587.SZ,20131122,12.81,13.07,12.7,12.97,12.88,0.09,0.7,51729.43,66782.6757
1480,000587.SZ,20131121,13.09,13.09,12.76,12.88,13.1,-0.22,-1.68,58312.72,74964.6557
1481,000587.SZ,20131120,12.87,13.1,12.82,13.1,12.9,0.2,1.55,60312.67,78290.5027
1482,000587.SZ,20131119,12.7,12.94,12.58,12.9,12.81,0.09,0.7,49240.15,63033.1816
1483,000587.SZ,20131118,12.9,12.99,12.51,12.81,12.96,-0.15,-1.16,100973.5,128448.4282
1484,000587.SZ,20131115,12.9,13.1,12.85,12.96,12.89,0.07,0.54,62504.84,81148.1728
1485,000587.SZ,20131114,12.8,13.07,12.65,12.89,12.82,0.07,0.546,38833.09,49953.8472
1486,000587.SZ,20131113,13.0,13.09,11.78,12.82,13.09,-0.27,-2.06,42338.4,54610.2321
1487,000587.SZ,20131112,12.88,13.22,12.85,13.09,13.1,-0.01,-0.08,44870.84,58447.5787
1488,000587.SZ,20131111,12.93,13.24,12.5,13.1,12.99,0.11,0.85,66849.86,86047.726
1489,000587.SZ,20131108,12.65,13.04,12.5,12.99,12.7,0.29,2.28,42319.32,54254.0188
1490,000587.SZ,20131107,12.92,12.94,12.55,12.7,12.87,-0.17,-1.32,46195.04,58624.1494
1491,000587.SZ,20131106,13.25,13.3,12.86,12.87,13.05,-0.18,-1.38,28635.0,37291.2993
1492,000587.SZ,20131105,12.8,13.07,12.76,13.05,12.8,0.25,1.95,32577.48,42261.1181
1493,000587.SZ,20131104,12.96,13.15,12.62,12.8,12.9,-0.1,-0.78,31786.01,40827.3357
1494,000587.SZ,20131101,13.24,13.28,12.83,12.9,13.24,-0.34,-2.57,54199.67,70372.2502
1495,000587.SZ,20131031,12.93,13.33,12.8,13.24,12.85,0.39,3.04,64643.6,84851.5631
1496,000587.SZ,20131030,12.55,12.9,12.41,12.85,12.48,0.37,2.96,44449.63,56517.9871
1497,000587.SZ,20131029,13.05,13.11,12.23,12.48,12.9,-0.42,-3.26,81638.73,103373.4858
1498,000587.SZ,20131028,12.83,13.18,12.76,12.9,12.75,0.15,1.18,63518.87,82624.5604
1499,000587.SZ,20131025,12.55,12.95,12.5,12.75,12.55,0.2,1.59,80805.98,102730.7101
1500,000587.SZ,20131024,12.35,12.57,11.87,12.55,12.28,0.27,2.2,88022.48,108491.4145
1501,000587.SZ,20131023,13.32,13.5,12.24,12.28,13.3,-1.02,-7.67,127170.5,162309.1334
1502,000587.SZ,20131022,13.64,13.77,13.02,13.3,13.67,-0.37,-2.71,88986.6,118879.2831
1503,000587.SZ,20131021,13.31,13.82,13.28,13.67,13.45,0.22,1.64,86440.19,117873.395
1504,000587.SZ,20131018,12.98,13.58,12.83,13.45,12.96,0.49,3.78,107267.68,143579.6886
1505,000587.SZ,20131017,12.92,13.18,12.77,12.96,12.91,0.05,0.39,68738.19,89035.3814
1506,000587.SZ,20131016,12.89,13.53,12.71,12.91,12.89,0.02,0.16,113820.49,149534.6821
1507,000587.SZ,20131015,12.3,12.89,12.3,12.89,12.39,0.5,4.04,74703.72,94452.0078
1508,000587.SZ,20131014,12.58,12.85,12.38,12.39,12.75,-0.36,-2.82,82533.78,103717.4744
1509,000587.SZ,20131011,12.68,12.79,12.5,12.75,12.64,0.11,0.87,72587.55,91866.5481
1510,000587.SZ,20131010,12.34,12.79,12.25,12.64,12.33,0.31,2.51,95947.07,121046.0443
1511,000587.SZ,20131009,12.08,12.5,11.99,12.33,12.08,0.25,2.07,82236.18,101065.0657
1512,000587.SZ,20131008,12.01,12.28,11.8,12.08,12.07,0.01,0.08,67426.06,81574.4051
1513,000587.SZ,20130930,12.06,12.34,11.95,12.07,12.04,0.03,0.25,113100.73,137198.4654
1514,000587.SZ,20130927,11.2,12.36,11.2,12.04,11.25,0.79,7.02,150771.49,177377.0327
1515,000587.SZ,20130926,11.13,11.6,11.08,11.25,11.14,0.11,0.99,80958.86,91977.0829
1516,000587.SZ,20130925,11.39,11.39,11.0,11.14,11.42,-0.28,-2.45,65522.75,73463.8874
1517,000587.SZ,20130924,11.43,11.77,11.31,11.42,11.43,-0.01,-0.09,94517.39,109432.1426
1518,000587.SZ,20130923,11.1,11.53,11.1,11.43,11.11,0.32,2.88,108418.0,123567.5063
1519,000587.SZ,20130918,11.08,11.18,10.92,11.11,11.09,0.02,0.18,69015.07,76505.4857
1520,000587.SZ,20130917,11.0,11.29,10.98,11.09,11.0,0.09,0.82,73038.84,81286.5906
1521,000587.SZ,20130916,10.87,11.1,10.71,11.0,10.84,0.16,1.48,78419.19,86122.9
1522,000587.SZ,20130913,10.94,10.99,10.71,10.84,10.93,-0.09,-0.82,56343.65,61093.4052
1523,000587.SZ,20130912,11.06,11.15,10.92,10.93,11.06,-0.13,-1.18,44002.62,48534.6445
1524,000587.SZ,20130911,10.91,11.13,10.73,11.06,10.94,0.12,1.1,82593.78,90228.4379
1525,000587.SZ,20130910,10.69,11.06,10.68,10.94,10.81,0.13,1.2,97557.48,106716.3423
1526,000587.SZ,20130909,10.61,10.82,10.4,10.81,10.68,0.13,1.22,85957.49,90947.5991
1527,000587.SZ,20130906,10.81,10.85,10.44,10.68,10.8,-0.12,-1.11,86269.7,92065.2628
1528,000587.SZ,20130905,10.8,11.06,10.68,10.8,10.89,-0.09,-0.83,68966.09,74826.8962
1529,000587.SZ,20130904,10.93,11.19,10.89,10.89,10.93,-0.04,-0.37,67760.57,75020.9456
1530,000587.SZ,20130903,10.82,10.97,10.75,10.93,10.83,0.1,0.92,30650.88,33409.4916
1531,000587.SZ,20130902,10.8,11.02,10.69,10.83,10.8,0.03,0.28,30778.09,33309.4828
1532,000587.SZ,20130830,10.88,11.15,10.78,10.8,10.93,-0.13,-1.19,61467.18,67289.3467
1533,000587.SZ,20130829,10.76,11.1,10.66,10.93,10.92,0.01,0.09,83453.41,90691.7694
1534,000587.SZ,20130828,10.49,10.99,10.36,10.92,10.42,0.5,4.8,99315.4,107431.2779
1535,000587.SZ,20130827,10.27,10.45,10.26,10.42,10.27,0.15,1.46,36614.78,37973.2467
1536,000587.SZ,20130826,10.24,10.3,10.16,10.27,10.16,0.11,1.08,30106.79,30873.1678
1537,000587.SZ,20130823,10.41,10.45,10.01,10.16,10.39,-0.23,-2.21,41614.41,42581.5872
1538,000587.SZ,20130822,10.27,10.43,10.25,10.39,10.28,0.11,1.07,23757.41,24548.5318
1539,000587.SZ,20130821,10.38,10.38,10.24,10.28,10.38,-0.1,-0.96,25703.7,26440.2628
1540,000587.SZ,20130820,10.51,10.54,10.3,10.38,10.46,-0.08,-0.76,34130.88,35529.9275
1541,000587.SZ,20130819,10.47,10.59,10.35,10.46,10.5,-0.04,-0.38,37480.92,39177.359
1542,000587.SZ,20130816,10.75,10.8,10.5,10.5,10.68,-0.18,-1.69,27734.79,29556.4714
1543,000587.SZ,20130815,10.95,11.0,10.67,10.68,11.0,-0.32,-2.91,37406.65,40569.6932
1544,000587.SZ,20130814,10.91,11.0,10.83,11.0,10.99,0.01,0.09,41321.36,45141.0028
1545,000587.SZ,20130813,10.73,11.12,10.49,10.99,10.73,0.26,2.42,98474.89,106563.6278
1546,000587.SZ,20130812,10.72,10.9,10.69,10.73,10.82,-0.09,-0.83,58186.32,62760.2262
1547,000587.SZ,20130809,11.05,11.08,10.7,10.82,11.14,-0.32,-2.87,60630.58,65918.2274
1548,000587.SZ,20130806,10.83,11.28,10.76,11.14,10.88,0.26,2.39,84063.08,92947.4802
1549,000587.SZ,20130805,10.82,10.95,10.65,10.88,10.74,0.14,1.3,53128.19,57492.0878
1550,000587.SZ,20130802,10.59,10.88,10.54,10.74,10.54,0.2,1.9,39925.25,42821.4214
1551,000587.SZ,20130801,10.4,10.57,10.31,10.54,10.4,0.14,1.35,33667.36,35331.2827
1552,000587.SZ,20130731,10.49,10.67,10.35,10.4,10.42,-0.02,-0.19,35894.45,37637.3306
1553,000587.SZ,20130730,10.44,10.64,10.23,10.42,10.5,-0.08,-0.76,51086.59,53233.7231
1554,000587.SZ,20130729,10.87,10.87,10.45,10.5,10.89,-0.39,-3.58,36176.47,38431.1117
1555,000587.SZ,20130726,10.81,11.04,10.77,10.89,10.92,-0.03,-0.27,34609.63,37644.1894
1556,000587.SZ,20130725,11.1,11.22,10.92,10.92,11.18,-0.26,-2.33,47332.64,52134.7443
1557,000587.SZ,20130724,11.32,11.34,10.95,11.18,11.44,-0.26,-2.27,82420.21,91215.8194
1558,000587.SZ,20130723,11.5,11.7,11.3,11.44,11.49,-0.05,-0.44,66527.55,76413.6298
1559,000587.SZ,20130722,11.2,11.49,11.16,11.49,11.25,0.24,2.13,57220.85,65318.7776
1560,000587.SZ,20130719,11.25,11.48,11.18,11.25,11.25,0.0,0.0,58410.77,66148.7219
1561,000587.SZ,20130718,11.4,11.48,11.13,11.25,11.41,-0.16,-1.4,51190.34,57545.8402
1562,000587.SZ,20130717,11.38,11.63,11.26,11.41,11.43,-0.02,-0.18,87883.15,100765.2125
1563,000587.SZ,20130716,10.88,11.46,10.76,11.43,10.9,0.53,4.86,114633.75,128882.0109
1564,000587.SZ,20130715,10.6,10.94,10.54,10.9,10.7,0.2,1.87,42047.33,45530.8158
1565,000587.SZ,20130712,11.03,11.12,10.67,10.7,10.96,-0.26,-2.37,62930.97,68643.4643
1566,000587.SZ,20130711,10.65,11.05,10.58,10.96,10.66,0.3,2.81,63201.38,68591.0074
1567,000587.SZ,20130710,10.73,10.76,10.17,10.66,10.77,-0.11,-1.02,47933.99,50496.4349
1568,000587.SZ,20130709,10.71,10.86,10.58,10.77,10.7,0.07,0.65,24675.42,26485.4914
1569,000587.SZ,20130708,10.58,10.87,10.47,10.7,10.87,-0.17,-1.56,40121.64,42750.8537
1570,000587.SZ,20130705,11.16,11.17,10.77,10.87,11.07,-0.2,-1.81,65976.25,72261.5529
1571,000587.SZ,20130704,11.19,11.2,10.93,11.07,11.11,-0.04,-0.36,55838.96,61621.1089
1572,000587.SZ,20130703,10.74,11.18,10.54,11.11,10.75,0.36,3.35,94499.14,103656.3263
1573,000587.SZ,20130702,10.71,10.87,10.63,10.75,10.71,0.04,0.37,57871.83,62261.1451
1574,000587.SZ,20130701,10.24,10.74,10.16,10.71,10.23,0.48,4.69,57416.34,60432.3711
1575,000587.SZ,20130628,10.2,10.49,10.05,10.23,10.3,-0.07,-0.68,30980.36,31832.3902
1576,000587.SZ,20130627,10.48,10.74,10.18,10.3,10.48,-0.18,-1.72,66932.79,70127.1877
1577,000587.SZ,20130626,10.22,10.52,10.1,10.48,10.15,0.33,3.25,59068.69,61173.6392
1578,000587.SZ,20130625,10.06,10.4,9.21,10.15,10.23,-0.08,-0.78,90948.58,89620.1321
1579,000587.SZ,20130624,10.68,10.86,10.1,10.23,10.68,-0.45,-4.21,68422.21,71489.674
1580,000587.SZ,20130621,10.3,10.99,10.01,10.68,10.53,0.15,1.42,76107.6,80582.8158
1581,000587.SZ,20130620,10.98,11.3,10.5,10.53,11.08,-0.55,-4.96,97905.15,107985.7274
1582,000587.SZ,20130619,10.82,11.15,10.8,11.08,10.99,0.09,0.82,95049.59,104215.3077
1583,000587.SZ,20130618,11.09,11.15,10.75,10.99,11.15,-0.16,-1.44,96288.09,105363.7822
1584,000587.SZ,20130617,10.63,11.2,10.63,11.15,10.63,0.52,4.89,120659.28,132405.5366
1585,000587.SZ,20130614,10.53,10.9,10.53,10.63,10.58,0.05,0.47,70176.88,75335.6852
1586,000587.SZ,20130613,10.31,10.64,9.9,10.58,10.38,0.2,1.93,88048.56,91491.8662
1587,000587.SZ,20130607,10.5,10.67,10.36,10.38,10.54,-0.16,-1.52,58267.84,61269.6125
1588,000587.SZ,20130606,10.65,10.95,10.48,10.54,10.62,-0.08,-0.75,112541.33,120833.262
1589,000587.SZ,20130605,10.44,10.72,10.36,10.62,10.51,0.11,1.05,126052.48,133181.4244
1590,000587.SZ,20130604,9.89,10.54,9.89,10.51,9.87,0.64,6.48,171969.51,176364.1301
1591,000587.SZ,20130603,9.65,9.97,9.61,9.87,9.66,0.21,2.17,76029.21,74864.8037
1592,000587.SZ,20130531,9.96,9.98,9.55,9.66,9.9,-0.24,-2.42,72498.49,70483.7967
1593,000587.SZ,20130530,9.91,10.04,9.88,9.9,9.93,-0.03,-0.3,48311.32,48015.9811
1594,000587.SZ,20130529,10.1,10.13,9.87,9.93,10.08,-0.15,-1.49,63193.97,62895.529
1595,000587.SZ,20130528,9.77,10.08,9.72,10.08,9.77,0.31,3.17,69390.65,68956.0586
1596,000587.SZ,20130527,9.81,9.88,9.68,9.77,9.81,-0.04,-0.41,48977.87,47834.4184
1597,000587.SZ,20130524,9.7,9.85,9.67,9.81,9.69,0.12,1.24,41170.7,40202.5686
1598,000587.SZ,20130523,10.06,10.13,9.69,9.69,9.94,-0.25,-2.52,62346.98,61611.5893
1599,000587.SZ,20130522,10.03,10.17,9.92,9.94,9.97,-0.03,-0.3,52846.67,52976.21
1600,000587.SZ,20130521,10.07,10.09,9.9,9.97,9.98,-0.01,-0.1,52252.37,52162.669
1601,000587.SZ,20130520,10.07,10.07,9.75,9.98,10.16,-0.18,-1.77,83795.47,82794.1382
1602,000587.SZ,20130517,10.02,10.24,9.84,10.16,10.07,0.09,0.89,55810.03,56305.6084
1603,000587.SZ,20130516,10.43,10.43,10.01,10.07,10.52,-0.45,-4.28,98372.98,100715.532
1604,000587.SZ,20130515,10.18,10.55,9.94,10.52,10.05,0.47,4.68,78128.6,80665.346
1605,000587.SZ,20130514,9.84,10.24,9.76,10.05,9.84,0.21,2.13,57975.02,58274.2703
1606,000587.SZ,20130513,9.81,9.98,9.48,9.84,9.81,0.03,0.31,62829.27,61145.281
1607,000587.SZ,20130510,10.04,10.42,9.79,9.81,10.0,-0.19,-1.9,104077.09,105504.5667
1608,000587.SZ,20130509,9.69,10.01,9.53,10.0,9.66,0.34,3.52,78760.72,77378.3311
1609,000587.SZ,20130508,9.3,9.72,9.26,9.66,9.39,0.27,2.88,62645.73,60081.6669
1610,000587.SZ,20130507,8.98,9.65,8.93,9.39,8.94,0.45,5.03,86604.16,81109.1457
1611,000587.SZ,20130506,8.72,8.96,8.7,8.94,8.68,0.26,3.0,39753.49,35209.1653
1612,000587.SZ,20130503,8.46,8.84,8.45,8.68,8.38,0.3,3.58,39048.45,33967.2398
1613,000587.SZ,20130502,8.76,8.78,8.38,8.38,8.84,-0.46,-5.2,59307.24,50277.1516
1614,000587.SZ,20130426,8.97,9.06,8.81,8.84,8.86,-0.02,-0.23,34528.97,30817.2436
1615,000587.SZ,20130425,8.96,9.03,8.79,8.86,8.96,-0.1,-1.12,36845.33,32749.2745
1616,000587.SZ,20130424,8.88,9.05,8.8,8.96,8.88,0.08,0.9,36549.34,32567.6201
1617,000587.SZ,20130423,9.17,9.23,8.88,8.88,9.17,-0.29,-3.16,32398.08,29201.0743
1618,000587.SZ,20130422,9.27,9.34,9.13,9.17,9.3,-0.13,-1.4,32231.27,29666.9586
1619,000587.SZ,20130419,9.19,9.35,9.18,9.3,9.16,0.14,1.53,38694.29,35924.4116
1620,000587.SZ,20130418,9.12,9.23,8.94,9.16,9.23,-0.07,-0.76,27862.29,25298.1201
1621,000587.SZ,20130417,9.03,9.33,9.03,9.23,9.0,0.23,2.56,35325.58,32505.2351
1622,000587.SZ,20130416,8.82,9.08,8.66,9.0,9.17,-0.17,-1.85,46968.48,41667.7899
1623,000587.SZ,20130415,9.3,9.31,9.03,9.17,9.6,-0.43,-4.48,54296.66,49746.5924
1624,000587.SZ,20130412,9.8,9.83,9.58,9.6,9.83,-0.23,-2.34,37363.51,36100.9297
1625,000587.SZ,20130411,9.98,10.03,9.72,9.83,9.93,-0.1,-1.01,35040.97,34378.3951
1626,000587.SZ,20130410,9.98,10.12,9.9,9.93,9.98,-0.05,-0.5,29024.09,28996.7273
1627,000587.SZ,20130409,9.73,10.09,9.7,9.98,9.79,0.19,1.94,40860.79,40619.145
1628,000587.SZ,20130408,10.18,10.18,9.45,9.79,10.5,-0.71,-6.76,90123.49,87691.5057
1629,000587.SZ,20130403,10.38,10.64,10.23,10.5,10.43,0.07,0.67,32853.68,34338.2516
1630,000587.SZ,20130402,10.55,10.67,10.28,10.43,10.58,-0.15,-1.42,46829.45,49013.2466
1631,000587.SZ,20130401,10.88,11.05,10.52,10.58,10.99,-0.41,-3.73,64447.46,68975.7515
1632,000587.SZ,20130329,11.0,11.15,10.9,10.99,11.02,-0.03,-0.27,41707.19,45954.198
1633,000587.SZ,20130328,11.05,11.29,10.8,11.02,11.17,-0.15,-1.34,65722.05,72419.6942
1634,000587.SZ,20130327,11.3,11.3,11.01,11.17,11.27,-0.1,-0.89,54350.62,60588.7661
1635,000587.SZ,20130326,11.34,11.34,11.07,11.27,11.37,-0.1,-0.88,64872.16,72634.026
1636,000587.SZ,20130325,11.2,11.51,11.1,11.37,11.22,0.15,1.34,158071.29,179112.1533
1637,000587.SZ,20130322,10.21,11.22,10.15,11.22,10.2,1.02,10.0,177290.52,194287.29
1638,000587.SZ,20130321,10.39,10.43,10.1,10.2,10.37,-0.17,-1.64,61686.91,63382.4333
1639,000587.SZ,20130320,10.19,10.37,10.12,10.37,10.14,0.23,2.27,43778.95,44801.733
1640,000587.SZ,20130319,10.08,10.16,9.9,10.14,10.08,0.06,0.6,35862.29,36062.8113
1641,000587.SZ,20130318,10.59,10.64,10.0,10.08,10.49,-0.41,-3.91,73051.02,74273.3456
1642,000587.SZ,20130315,10.48,10.68,10.47,10.49,10.46,0.03,0.29,39535.02,41866.4937
1643,000587.SZ,20130314,10.62,10.7,10.45,10.46,10.65,-0.19,-1.78,38759.13,41037.586
1644,000587.SZ,20130313,10.82,10.9,10.58,10.65,10.87,-0.22,-2.02,41713.65,44479.8041
1645,000587.SZ,20130312,11.18,11.23,10.72,10.87,11.16,-0.29,-2.6,68341.23,75262.47
1646,000587.SZ,20130311,11.15,11.24,11.02,11.16,11.05,0.11,1.0,55235.87,61596.3842
1647,000587.SZ,20130308,10.93,11.27,10.93,11.05,11.0,0.05,0.45,78708.01,87435.1011
1648,000587.SZ,20130307,10.79,11.05,10.69,11.0,10.76,0.24,2.23,93732.83,102324.6283
1649,000587.SZ,20130306,10.88,10.89,10.66,10.76,10.88,-0.12,-1.1,76528.76,82090.6285
1650,000587.SZ,20130305,10.63,10.93,10.61,10.88,10.62,0.26,2.45,53204.6,57377.1428
1651,000587.SZ,20130304,10.91,10.96,10.55,10.62,11.0,-0.38,-3.45,86218.08,92243.2402
1652,000587.SZ,20130301,11.27,11.33,10.99,11.0,11.27,-0.27,-2.4,104956.01,115967.5506
1653,000587.SZ,20130228,11.02,11.42,11.01,11.27,11.08,0.19,1.71,68632.6,77156.6287
1654,000587.SZ,20130227,10.95,11.08,10.86,11.08,10.9,0.18,1.65,67188.44,73798.8861
1655,000587.SZ,20130226,11.28,11.28,10.87,10.9,11.37,-0.47,-4.13,110387.81,121940.1044
1656,000587.SZ,20130225,11.5,11.65,11.31,11.37,11.5,-0.13,-1.13,55658.68,63621.2027
1657,000587.SZ,20130222,11.07,11.73,11.02,11.5,11.1,0.4,3.6,106853.28,122063.483
1658,000587.SZ,20130221,11.33,11.33,10.95,11.1,11.44,-0.34,-2.97,119747.3,132728.0016
1659,000587.SZ,20130220,11.72,11.85,11.33,11.44,11.79,-0.35,-2.97,130133.17,150174.5944
1660,000587.SZ,20130219,11.91,11.98,11.64,11.79,11.9,-0.11,-0.92,77579.77,91636.7971
1661,000587.SZ,20130218,12.09,12.12,11.8,11.9,12.15,-0.25,-2.06,81543.27,97385.9817
1662,000587.SZ,20130208,11.82,12.3,11.82,12.15,11.85,0.3,2.53,88532.35,106479.4882
1663,000587.SZ,20130207,11.9,12.06,11.71,11.85,11.92,-0.07,-0.59,81795.25,97339.7331
1664,000587.SZ,20130206,11.86,12.09,11.8,11.92,11.86,0.06,0.51,80152.01,95710.0037
1665,000587.SZ,20130205,12.15,12.28,11.61,11.86,12.3,-0.44,-3.58,147044.23,174788.3289
1666,000587.SZ,20130204,12.47,12.59,12.08,12.3,12.47,-0.17,-1.36,156277.3,194012.4816
1667,000587.SZ,20130201,13.7,13.7,12.47,12.47,13.85,-1.38,-9.96,342164.78,435458.6267
1668,000587.SZ,20130104,13.78,14.14,13.63,13.85,13.72,0.13,0.95,74772.78,103952.1549
1669,000587.SZ,20121231,13.35,13.86,13.35,13.72,13.34,0.38,2.85,71796.72,98159.2876
1670,000587.SZ,20121228,13.13,13.37,12.98,13.34,13.04,0.3,2.3,58561.64,77678.1659
1671,000587.SZ,20121227,13.17,13.36,12.82,13.04,13.13,-0.09,-0.69,70590.99,92627.862
1672,000587.SZ,20121226,13.48,13.49,12.9,13.13,13.5,-0.37,-2.74,69821.78,92617.3542
1673,000587.SZ,20121225,13.4,13.56,13.26,13.5,13.33,0.17,1.28,54626.89,73299.186
1674,000587.SZ,20121224,12.95,13.58,12.95,13.33,12.95,0.38,2.93,59414.03,79324.8666
1675,000587.SZ,20121221,13.0,13.15,12.85,12.95,12.97,-0.02,-0.15,34905.45,45294.8156
1676,000587.SZ,20121220,12.87,13.07,12.8,12.97,12.88,0.09,0.7,37991.69,49174.2333
1677,000587.SZ,20121219,12.65,13.15,12.52,12.88,12.72,0.16,1.26,55033.75,70700.9592
1678,000587.SZ,20121218,12.38,13.15,12.38,12.72,12.47,0.25,2.0,63136.71,81223.1191
1679,000587.SZ,20121217,12.7,12.83,12.46,12.47,12.76,-0.29,-2.27,70573.23,89191.6186
1680,000587.SZ,20121214,12.48,13.06,12.4,12.76,12.49,0.27,2.16,76667.69,97698.1458
1681,000587.SZ,20121213,12.39,12.69,12.23,12.49,12.49,0.0,0.0,87339.97,109112.4529
1682,000587.SZ,20121212,11.7,12.55,11.66,12.49,11.7,0.79,6.75,114042.27,140110.8173
1683,000587.SZ,20121211,11.5,11.98,11.47,11.7,11.7,0.0,0.0,46670.41,55041.462
1684,000587.SZ,20121210,11.07,12.12,11.07,11.7,11.02,0.68,6.17,89211.09,105399.5633
1685,000587.SZ,20121207,10.91,11.2,10.85,11.02,10.89,0.13,1.19,32594.23,35967.7494
1686,000587.SZ,20121206,10.9,10.98,10.8,10.89,10.91,-0.02,-0.18,21651.45,23570.5194
1687,000587.SZ,20121205,10.68,11.13,10.6,10.91,10.74,0.17,1.58,51226.98,55945.5166
1688,000587.SZ,20121204,10.63,10.82,10.32,10.74,10.67,0.07,0.66,39384.31,41875.1473
1689,000587.SZ,20121203,10.72,11.02,10.53,10.67,10.67,0.0,0.0,58897.61,63309.9741
1690,000587.SZ,20121130,9.68,10.67,9.62,10.67,9.7,0.97,10.0,65797.85,67642.4173
1691,000587.SZ,20121129,10.1,10.28,9.62,9.7,10.0,-0.3,-3.0,26532.96,26608.443
1692,000587.SZ,20121128,10.56,10.56,9.98,10.0,10.59,-0.59,-5.57,41776.15,42571.7288
1693,000587.SZ,20121127,10.89,11.0,10.56,10.59,10.9,-0.31,-2.84,23649.5,25349.9224
1694,000587.SZ,20121126,10.8,11.14,10.78,10.9,10.87,0.03,0.28,22566.12,24806.0407
1695,000587.SZ,20121123,10.8,10.95,10.68,10.87,10.73,0.14,1.3,20648.33,22360.4972
1696,000587.SZ,20121122,10.59,10.9,10.34,10.73,10.66,0.07,0.66,33462.46,35902.2897
1697,000587.SZ,20121121,10.81,10.89,10.26,10.66,10.86,-0.2,-1.84,45994.23,48640.5103
1698,000587.SZ,20121120,11.14,11.18,10.83,10.86,11.02,-0.16,-1.45,25602.45,28178.8957
1699,000587.SZ,20121119,11.14,11.15,10.88,11.02,11.15,-0.13,-1.17,25359.72,27932.4248
1700,000587.SZ,20121116,11.36,11.44,11.0,11.15,11.43,-0.28,-2.45,30343.57,33874.3508
1701,000587.SZ,20121115,11.63,11.75,11.42,11.43,11.75,-0.32,-2.72,22590.69,26142.0009
1702,000587.SZ,20121114,11.56,11.85,11.3,11.75,11.54,0.21,1.82,38114.25,44111.6045
1703,000587.SZ,20121113,11.9,11.9,11.5,11.54,11.9,-0.36,-3.03,28628.83,33362.8078
1704,000587.SZ,20121112,11.97,11.97,11.84,11.9,11.9,0.0,0.0,17222.03,20486.1814
1705,000587.SZ,20121109,11.83,11.98,11.83,11.9,11.82,0.08,0.68,21213.05,25233.7151
1706,000587.SZ,20121108,11.95,12.08,11.79,11.82,12.09,-0.27,-2.23,29108.69,34544.886
1707,000587.SZ,20121107,12.11,12.18,11.95,12.09,12.04,0.05,0.42,22852.26,27599.3734
1708,000587.SZ,20121106,12.14,12.18,11.85,12.04,12.14,-0.1,-0.82,31183.85,37284.4057
1709,000587.SZ,20121105,12.26,12.28,12.12,12.14,12.33,-0.19,-1.54,34077.32,41535.4224
1710,000587.SZ,20121102,12.07,12.37,12.02,12.33,12.07,0.26,2.15,56032.5,68449.6542
1711,000587.SZ,20121101,12.1,12.24,12.05,12.07,11.92,0.15,1.26,23659.47,28699.6895
1712,000587.SZ,20121031,11.85,11.96,11.7,11.92,11.8,0.12,1.02,20047.24,23714.3552
1713,000587.SZ,20121030,11.99,12.12,11.7,11.8,11.96,-0.16,-1.34,26356.42,31391.8956
1714,000587.SZ,20121029,11.92,12.07,11.85,11.96,11.87,0.09,0.76,18972.32,22681.4001
1715,000587.SZ,20121026,12.2,12.2,11.85,11.87,12.16,-0.29,-2.38,36844.5,44051.4967
1716,000587.SZ,20121025,12.25,12.38,12.1,12.16,12.32,-0.16,-1.3,31093.74,37947.1333
1717,000587.SZ,20121024,12.4,12.45,12.21,12.32,12.52,-0.2,-1.6,42914.28,52850.5619
1718,000587.SZ,20121023,12.63,12.78,12.47,12.52,12.62,-0.1,-0.79,43547.75,54817.2344
1719,000587.SZ,20121022,12.49,12.7,12.39,12.62,12.41,0.21,1.69,54980.22,69251.6772
1720,000587.SZ,20121019,12.4,12.52,12.37,12.41,12.41,0.0,0.0,32114.87,39988.3282
1721,000587.SZ,20121018,12.18,12.48,12.18,12.41,12.18,0.23,1.89,47799.0,59078.1563
1722,000587.SZ,20121017,12.16,12.31,12.08,12.18,12.13,0.05,0.41,29496.78,35983.0955
1723,000587.SZ,20121016,12.06,12.4,12.06,12.13,12.13,0.0,0.0,40025.98,49082.4768
1724,000587.SZ,20121015,12.24,12.24,11.93,12.13,12.21,-0.08,-0.66,32164.15,38733.3122
1725,000587.SZ,20121012,12.18,12.35,11.95,12.21,12.17,0.04,0.33,41462.28,50424.9169
1726,000587.SZ,20121011,12.45,12.54,12.15,12.17,12.48,-0.31,-2.48,56855.09,70174.7832
1727,000587.SZ,20121010,12.28,12.58,12.25,12.48,12.35,0.13,1.05,52539.31,65274.506
1728,000587.SZ,20121009,12.15,12.43,12.15,12.35,12.18,0.17,1.4,45526.06,56160.5831
1729,000587.SZ,20121008,12.23,12.46,12.07,12.18,12.21,-0.03,-0.25,41214.54,50340.7342
1730,000587.SZ,20120928,11.74,12.33,11.71,12.21,11.67,0.54,4.63,82960.82,100096.2174
1731,000587.SZ,20120927,11.38,11.88,11.38,11.67,11.5,0.17,1.48,62267.36,72504.3807
1732,000587.SZ,20120926,12.17,12.17,11.48,11.5,12.17,-0.67,-5.51,78194.28,92206.1676
1733,000587.SZ,20120925,12.43,12.61,12.05,12.17,12.47,-0.3,-2.41,62462.33,76665.9019
1734,000587.SZ,20120924,12.52,12.67,12.35,12.47,12.75,-0.28,-2.2,64454.82,80404.3813
1735,000587.SZ,20120921,12.33,13.09,12.33,12.75,12.46,0.29,2.33,108207.0,138856.4605
1736,000587.SZ,20120920,13.0,13.09,12.46,12.46,13.11,-0.65,-4.96,86492.39,110561.0121
1737,000587.SZ,20120919,12.72,13.16,12.72,13.11,12.71,0.4,3.15,84781.87,110152.462
1738,000587.SZ,20120918,12.67,12.85,12.62,12.71,12.72,-0.01,-0.08,46771.63,59535.2815
1739,000587.SZ,20120917,13.03,13.05,12.71,12.72,13.11,-0.39,-2.97,85914.03,110500.515
1740,000587.SZ,20120914,12.99,13.35,12.98,13.11,12.72,0.39,3.07,139969.54,183958.3181
1741,000587.SZ,20120913,13.12,13.29,12.71,12.72,13.15,-0.43,-3.27,108249.12,140701.1723
1742,000587.SZ,20120912,13.27,13.56,12.91,13.15,13.26,-0.11,-0.83,137417.81,181240.9459
1743,000587.SZ,20120911,13.23,13.67,13.03,13.26,13.5,-0.24,-1.78,160309.0,214415.959
1744,000587.SZ,20120910,14.99,14.99,13.42,13.5,14.04,-0.54,-3.85,379236.64,535305.8896
1745,000587.SZ,20120906,13.95,14.17,13.85,14.04,14.03,0.01,0.07,58565.22,81957.0342
1746,000587.SZ,20120905,14.1,14.1,13.82,14.03,14.21,-0.18,-1.27,85875.59,119961.6003
1747,000587.SZ,20120904,13.69,14.28,13.62,14.21,13.68,0.53,3.87,157060.07,220163.69
1748,000587.SZ,20120903,13.55,13.82,13.54,13.68,13.64,0.04,0.29,70600.95,96498.9821
1749,000587.SZ,20120831,13.4,13.82,12.99,13.64,13.45,0.19,1.41,91175.55,122406.5845
1750,000587.SZ,20120830,13.5,14.07,13.42,13.45,13.44,0.01,0.07,112232.03,153719.431
1751,000587.SZ,20120829,13.64,13.76,13.4,13.44,13.68,-0.24,-1.75,56290.07,76285.7116
1752,000587.SZ,20120828,13.7,13.95,13.51,13.68,13.82,-0.14,-1.01,87378.23,119567.5502
1753,000587.SZ,20120827,13.02,13.83,13.0,13.82,13.17,0.65,4.94,162142.82,221087.8762
1754,000587.SZ,20120824,13.65,13.7,13.16,13.17,13.66,-0.49,-3.59,97538.43,130579.4757
1755,000587.SZ,20120823,13.4,13.66,13.27,13.66,13.29,0.37,2.78,130265.08,175754.1088
1756,000587.SZ,20120822,13.09,13.49,13.03,13.29,13.04,0.25,1.92,124398.84,166087.5958
1757,000587.SZ,20120821,12.86,13.07,12.85,13.04,12.92,0.12,0.93,73033.97,94734.1573
1758,000587.SZ,20120820,12.52,12.99,12.52,12.92,12.73,0.19,1.49,94572.8,121038.9074
1759,000587.SZ,20120817,12.01,12.76,12.01,12.73,12.15,0.58,4.77,94265.16,117941.0726
1760,000587.SZ,20120816,12.4,12.54,12.05,12.15,12.33,-0.18,-1.46,51510.92,63404.7458
1761,000587.SZ,20120815,12.48,12.62,12.27,12.33,12.49,-0.16,-1.28,42459.36,52955.4778
1762,000587.SZ,20120814,12.59,12.67,12.22,12.49,12.6,-0.11,-0.87,76302.35,94782.7017
1763,000587.SZ,20120813,12.68,13.03,12.5,12.6,12.84,-0.24,-1.87,74151.02,94833.4875
1764,000587.SZ,20120810,12.89,12.97,12.58,12.84,13.0,-0.16,-1.23,74138.13,94684.589
1765,000587.SZ,20120809,12.89,13.05,12.75,13.0,12.95,0.05,0.39,80586.98,103988.7163
1766,000587.SZ,20120808,12.59,13.03,12.47,12.95,12.53,0.42,3.35,114368.61,146860.2327
1767,000587.SZ,20120807,12.39,12.85,12.39,12.53,12.42,0.11,0.89,68909.43,86922.6635
1768,000587.SZ,20120806,12.2,12.6,12.11,12.42,12.47,-0.05,-0.4,76684.75,94852.8092
1769,000587.SZ,20120803,12.34,12.48,12.05,12.47,12.37,0.1,0.81,76039.15,93536.02
1770,000587.SZ,20120802,12.8,12.95,12.3,12.37,12.87,-0.5,-3.89,73108.15,92113.634
1771,000587.SZ,20120801,12.75,13.0,12.69,12.87,12.87,0.0,0.0,82698.05,106275.7925
1772,000587.SZ,20120731,12.15,12.87,11.91,12.87,12.26,0.61,4.98,112792.44,141572.1517
1773,000587.SZ,20120730,12.26,12.66,12.26,12.26,12.9,-0.64,-4.96,108827.71,134328.0245
1774,000587.SZ,20120727,12.99,13.02,12.3,12.9,12.94,-0.04,-0.31,70744.66,89497.6971
1775,000587.SZ,20120726,13.01,13.23,12.9,12.94,13.03,-0.09,-0.69,46758.05,61010.0897
1776,000587.SZ,20120725,13.03,13.15,12.81,13.03,13.2,-0.17,-1.29,45202.57,58793.4418
1777,000587.SZ,20120724,12.95,13.29,12.91,13.2,13.09,0.11,0.84,46132.1,60559.0257
1778,000587.SZ,20120723,13.65,13.65,13.08,13.09,13.77,-0.68,-4.94,81247.36,107284.6972
1779,000587.SZ,20120720,13.7,13.95,13.61,13.77,13.84,-0.07,-0.51,61123.9,84258.5039
1780,000587.SZ,20120719,13.68,14.07,13.64,13.84,13.79,0.05,0.36,81511.48,112751.8281
1781,000587.SZ,20120718,13.67,14.13,13.42,13.79,13.53,0.26,1.92,133383.48,183560.9106
1782,000587.SZ,20120717,12.89,13.53,12.82,13.53,12.89,0.64,4.97,105569.28,141713.4635
1783,000587.SZ,20120716,13.16,13.27,12.8,12.89,13.17,-0.28,-2.13,62299.7,80983.7273
1784,000587.SZ,20120713,12.7,13.39,12.6,13.17,12.84,0.33,2.57,102398.82,133772.3182
1785,000587.SZ,20120712,12.25,12.84,11.86,12.84,12.23,0.61,4.99,105573.75,130499.9363
1786,000587.SZ,20120711,12.56,12.6,12.12,12.23,12.55,-0.32,-2.55,51345.16,63118.2607
1787,000587.SZ,20120710,12.5,12.73,12.36,12.55,12.55,0.0,0.0,48861.94,61395.7978
1788,000587.SZ,20120709,13.04,13.11,12.54,12.55,13.2,-0.65,-4.92,80340.56,102876.8821
1789,000587.SZ,20120706,13.03,13.25,12.84,13.2,13.01,0.19,1.46,62622.02,82024.7566
1790,000587.SZ,20120705,12.9,13.28,12.88,13.01,12.99,0.02,0.15,77544.64,101397.3844
1791,000587.SZ,20120704,12.78,13.0,12.69,12.99,12.69,0.3,2.36,56537.02,72768.7814
1792,000587.SZ,20120703,13.01,13.16,12.66,12.69,13.0,-0.31,-2.38,66706.02,86105.3546
1793,000587.SZ,20120702,12.77,13.14,12.55,13.0,12.71,0.29,2.28,66467.21,85464.7056
1794,000587.SZ,20120629,12.3,12.85,11.9,12.71,12.53,0.18,1.44,98033.04,120852.1475
1795,000587.SZ,20120628,13.11,13.23,12.53,12.53,13.19,-0.66,-5.0,88880.62,114223.541
1796,000587.SZ,20120627,13.45,13.54,13.19,13.19,13.49,-0.3,-2.22,55048.04,73716.7891
1797,000587.SZ,20120626,13.08,13.65,12.83,13.49,13.29,0.2,1.5,81506.11,107638.0833
1798,000587.SZ,20120625,13.8,13.89,13.29,13.29,13.99,-0.7,-5.0,91003.0,122409.1136
1799,000587.SZ,20120621,13.9,14.09,13.71,13.99,13.97,0.02,0.14,69957.42,97233.2772
1800,000587.SZ,20120620,14.1,14.22,13.63,13.97,14.15,-0.18,-1.27,85495.51,118992.9758
1801,000587.SZ,20120619,14.23,14.45,14.11,14.15,14.35,-0.2,-1.39,63530.87,90620.6368
1802,000587.SZ,20120618,13.99,14.5,13.9,14.35,13.96,0.39,2.79,93890.44,133116.4504
1803,000587.SZ,20120615,14.22,14.35,13.86,13.96,14.28,-0.32,-2.24,94249.3,132882.0789
1804,000587.SZ,20120614,13.8,14.29,13.73,14.28,13.82,0.46,3.33,102367.92,143549.0757
1805,000587.SZ,20120613,13.7,13.93,13.6,13.82,13.68,0.14,1.02,66338.33,91474.428
1806,000587.SZ,20120612,13.71,14.09,13.51,13.68,13.94,-0.26,-1.87,88513.62,121864.7543
1807,000587.SZ,20120611,14.21,14.29,13.62,13.94,14.34,-0.4,-2.79,114310.14,158741.5375
1808,000587.SZ,20120608,14.14,14.55,14.0,14.34,14.22,0.12,0.84,144687.17,207253.4021
1809,000587.SZ,20120607,13.95,14.71,13.85,14.22,14.01,0.21,1.5,278716.16,401920.8333
1810,000587.SZ,20120606,13.21,14.01,13.17,14.01,13.35,0.66,4.94,118754.25,160142.3178
1811,000587.SZ,20120605,13.92,14.06,13.35,13.35,14.05,-0.7,-4.98,149345.28,202353.6796
1812,000587.SZ,20120604,14.2,14.38,13.9,14.05,14.4,-0.35,-2.43,108474.47,152942.5308
1813,000587.SZ,20120601,14.2,14.53,13.99,14.4,14.25,0.15,1.05,97232.47,139007.7238
1814,000587.SZ,20120531,14.35,14.52,14.21,14.25,14.47,-0.22,-1.52,74826.43,107417.7016
1815,000587.SZ,20120530,14.35,14.54,14.15,14.47,14.4,0.07,0.49,92495.99,132925.0751
1816,000587.SZ,20120529,14.07,14.6,14.02,14.4,14.09,0.31,2.2,155576.9,222744.3921
1817,000587.SZ,20120528,13.47,14.13,13.35,14.09,13.48,0.61,4.53,139470.91,193277.6317
1818,000587.SZ,20120525,13.07,13.53,13.01,13.48,13.33,0.15,1.13,106962.38,142008.5956
1819,000587.SZ,20120524,14.02,14.1,13.3,13.33,14.0,-0.67,-4.79,164708.91,224209.9522
1820,000587.SZ,20120523,13.86,14.2,13.68,14.0,13.77,0.23,1.67,131123.82,183264.0256
1821,000587.SZ,20120522,13.88,14.08,13.54,13.77,13.84,-0.07,-0.51,127096.18,175531.8249
1822,000587.SZ,20120521,13.85,14.26,13.71,13.84,14.0,-0.16,-1.14,148354.57,206800.1223
1823,000587.SZ,20120518,13.45,14.15,13.36,14.0,13.52,0.48,3.55,192653.88,264876.9227
1824,000587.SZ,20120517,13.32,13.73,13.12,13.52,13.38,0.14,1.05,137731.9,185375.108
1825,000587.SZ,20120516,12.8,13.52,12.71,13.38,12.88,0.5,3.88,154868.91,204936.9377
1826,000587.SZ,20120515,12.65,12.91,12.33,12.88,12.83,0.05,0.39,117316.82,147386.4079
1827,000587.SZ,20120514,13.02,13.34,12.69,12.83,13.02,-0.19,-1.46,145239.2,188441.0426
1828,000587.SZ,20120511,13.26,13.71,13.0,13.02,13.06,-0.04,-0.31,217295.84,289913.8365
1829,000587.SZ,20120510,12.38,13.06,12.31,13.06,12.44,0.62,4.98,162652.64,207874.6936
1830,000587.SZ,20120509,12.25,12.76,12.15,12.44,12.44,0.0,0.0,144280.1,180592.5309
1831,000587.SZ,20120508,12.13,12.66,12.03,12.44,12.13,0.31,2.56,166627.95,206494.555
1832,000587.SZ,20120507,12.09,12.13,11.76,12.13,11.55,0.58,5.02,189321.98,228080.1792
1833,000587.SZ,20120504,11.55,11.55,11.47,11.55,11.0,0.55,5.0,57661.78,66577.8491
1834,000587.SZ,20120503,10.94,11.03,10.56,11.0,10.94,0.06,0.55,72755.94,78124.605
1835,000587.SZ,20120502,10.93,11.15,10.81,10.94,10.93,0.01,0.09,63492.08,69863.2887
1836,000587.SZ,20120427,10.76,11.07,10.71,10.93,10.68,0.25,2.34,50644.3,55504.4984
1837,000587.SZ,20120426,10.6,10.81,10.58,10.68,10.68,0.0,0.0,45984.61,49109.7079
1838,000587.SZ,20120425,10.52,10.83,10.4,10.68,10.61,0.07,0.66,53330.83,56977.9896
1839,000587.SZ,20120424,11.01,11.08,10.61,10.61,11.17,-0.56,-5.01,91912.49,98590.6142
1840,000587.SZ,20120423,11.4,11.4,10.88,11.17,11.45,-0.28,-2.45,109816.46,121822.5028
1841,000587.SZ,20120420,11.25,11.54,11.24,11.45,11.31,0.14,1.24,49564.37,56680.9957
1842,000587.SZ,20120419,11.46,11.47,11.24,11.31,11.48,-0.17,-1.48,47108.65,53515.7774
1843,000587.SZ,20120418,11.38,11.54,11.31,11.48,11.34,0.14,1.23,61346.06,70258.7886
1844,000587.SZ,20120417,11.22,11.5,11.2,11.34,11.33,0.01,0.09,71681.45,81191.7596
1845,000587.SZ,20120416,11.52,11.66,11.33,11.33,11.93,-0.6,-5.03,132487.55,151552.5244
1846,000587.SZ,20120413,11.98,12.05,11.77,11.93,11.99,-0.06,-0.5,85609.2,101627.7031
1847,000587.SZ,20120412,11.98,12.03,11.78,11.99,11.94,0.05,0.42,79107.17,94327.015
1848,000587.SZ,20120411,11.53,12.07,11.53,11.94,11.64,0.3,2.58,90970.16,108143.2381
1849,000587.SZ,20120410,11.27,11.68,11.22,11.64,11.41,0.23,2.02,68858.17,78884.61
1850,000587.SZ,20120409,11.53,11.73,11.28,11.41,11.61,-0.2,-1.72,56455.92,64941.7232
1851,000587.SZ,20120406,11.45,11.79,11.41,11.61,11.5,0.11,0.96,66626.87,77423.1656
1852,000587.SZ,20120405,11.29,11.55,10.96,11.5,11.25,0.25,2.22,83508.8,94979.5398
1853,000587.SZ,20120330,11.3,11.48,10.95,11.25,11.44,-0.19,-1.66,89118.01,99504.0649
1854,000587.SZ,20120329,11.74,11.9,11.44,11.44,12.04,-0.6,-4.98,144562.04,166710.3516
1855,000587.SZ,20120328,12.53,12.86,12.04,12.04,12.67,-0.63,-4.97,159506.48,198891.9336
1856,000587.SZ,20120327,12.77,12.95,12.54,12.67,12.76,-0.09,-0.71,126538.83,161374.5991
1857,000587.SZ,20120326,12.4,12.83,12.11,12.76,12.41,0.35,2.82,169856.52,213411.8668
1858,000587.SZ,20120323,12.28,12.42,12.03,12.41,12.37,0.04,0.32,109832.78,134599.1353
1859,000587.SZ,20120322,11.87,12.47,11.8,12.37,11.95,0.42,3.51,147036.52,180760.8684
1860,000587.SZ,20120321,12.23,12.33,11.64,11.95,12.23,-0.28,-2.29,120219.56,143951.2677
1861,000587.SZ,20120320,12.31,12.6,12.21,12.23,12.29,-0.06,-0.49,115295.5,142919.0982
1862,000587.SZ,20120319,12.36,12.54,12.05,12.29,12.44,-0.15,-1.21,105418.08,129442.009
1863,000587.SZ,20120316,11.93,12.56,11.93,12.44,11.98,0.46,3.84,187798.66,230346.1987
1864,000587.SZ,20120315,11.78,11.98,11.42,11.98,11.84,0.14,1.18,160270.29,187160.972
1865,000587.SZ,20120314,12.42,12.59,11.83,11.84,12.45,-0.61,-4.9,255800.92,313148.5639
1866,000587.SZ,20120313,13.03,13.1,12.42,12.45,13.07,-0.62,-4.74,258166.35,323246.1493
1867,000587.SZ,20120309,13.1,13.29,13.03,13.07,13.06,0.01,0.08,126261.38,165824.8876
1868,000587.SZ,20120308,12.73,13.25,12.73,13.06,12.68,0.38,3.0,157902.3,204648.5568
1869,000587.SZ,20120307,12.76,12.86,12.53,12.68,12.97,-0.29,-2.24,126825.84,161057.8746
1870,000587.SZ,20120306,12.85,13.24,12.85,12.97,12.92,0.05,0.39,179432.62,233959.4007
1871,000587.SZ,20120305,12.93,13.24,12.63,12.92,13.23,-0.31,-2.34,245748.98,317810.1058
1872,000587.SZ,20120223,13.51,13.8,12.94,13.23,13.62,-0.39,-2.86,335128.16,447107.4497
1873,000587.SZ,20120222,14.01,14.46,13.51,13.62,13.87,-0.25,-1.8,338141.37,470312.4936
1874,000587.SZ,20120221,13.87,14.34,13.87,13.87,14.6,-0.73,-5.0,226658.44,315504.7225
1875,000587.SZ,20120217,14.0,14.6,13.87,14.6,13.9,0.7,5.04,254578.25,364180.3786
1876,000587.SZ,20120216,13.35,13.9,13.31,13.9,13.24,0.66,4.98,205471.37,283784.6415
1877,000587.SZ,20120215,13.5,13.62,13.22,13.24,13.47,-0.23,-1.71,158920.98,213869.5229
1878,000587.SZ,20120214,13.18,13.47,12.91,13.47,13.13,0.34,2.59,220536.76,291202.6155
1879,000587.SZ,20120213,12.5,13.13,12.35,13.13,12.5,0.63,5.04,230158.67,297672.1348
1880,000587.SZ,20120210,11.8,12.5,11.79,12.5,11.9,0.6,5.04,185661.41,226663.9714
1881,000587.SZ,20120209,11.92,12.26,11.75,11.9,11.9,0.0,0.0,192265.58,230807.0694
1882,000587.SZ,20120208,11.33,11.9,11.33,11.9,11.33,0.57,5.03,200852.94,236149.2897
1883,000587.SZ,20120207,11.01,11.45,10.91,11.33,11.14,0.19,1.71,124537.13,139870.7906
1884,000587.SZ,20120206,11.2,11.34,11.03,11.14,11.35,-0.21,-1.85,110667.23,123327.7943
1885,000587.SZ,20120203,11.22,11.6,11.15,11.35,11.18,0.17,1.52,128414.11,146218.0058
1886,000587.SZ,20120202,11.07,11.26,10.99,11.18,10.98,0.2,1.82,120791.46,134053.0389
1887,000587.SZ,20120201,11.38,11.76,10.98,10.98,11.28,-0.3,-2.66,197181.55,224403.1426
1888,000587.SZ,20120130,11.42,11.58,11.26,11.28,11.03,0.25,2.27,208431.1,239782.013
1889,000587.SZ,20120120,10.58,11.09,10.53,11.03,10.58,0.45,4.25,127835.96,138959.6891
1890,000587.SZ,20120119,10.07,10.61,10.0,10.58,10.1,0.48,4.75,143237.45,149991.5355
1891,000587.SZ,20120118,10.25,10.44,10.03,10.1,10.14,-0.04,-0.39,95262.21,97495.2976
1892,000587.SZ,20120117,9.69,10.14,9.56,10.14,9.66,0.48,4.97,119012.25,118673.9365
1893,000587.SZ,20120116,10.0,10.28,9.61,9.66,10.07,-0.41,-4.07,99411.98,99089.6623
1894,000587.SZ,20120113,9.73,10.21,9.72,10.07,9.72,0.35,3.6,149677.09,150796.4245
1895,000587.SZ,20120112,9.7,9.87,9.56,9.72,9.75,-0.03,-0.31,75535.79,73434.2581
1896,000587.SZ,20120111,9.59,9.86,9.51,9.75,9.6,0.15,1.56,72351.54,70066.4306
1897,000587.SZ,20120110,9.28,9.7,9.21,9.6,9.24,0.36,3.9,104921.0,99773.9896
1898,000587.SZ,20120109,9.09,9.24,8.98,9.24,8.8,0.44,5.0,87280.13,80272.5965
1899,000587.SZ,20120106,8.68,8.83,8.41,8.8,8.79,0.01,0.11,58167.2,50078.0878
1900,000587.SZ,20120105,9.14,9.34,8.75,8.79,9.21,-0.42,-4.56,87906.31,79186.3617
1901,000587.SZ,20120104,9.0,9.23,8.96,9.21,8.79,0.42,4.78,97251.56,88874.9473
1902,000587.SZ,20111230,8.48,8.94,8.48,8.79,8.92,-0.13,-1.46,70928.16,62125.0379
1903,000587.SZ,20111222,8.84,9.22,8.84,8.92,9.3,-0.38,-4.09,79681.81,70979.0084
1904,000587.SZ,20111221,9.9,9.95,9.3,9.3,9.79,-0.49,-5.01,69520.86,66934.1155
1905,000587.SZ,20111220,9.88,10.05,9.76,9.79,9.93,-0.14,-1.41,69811.99,69061.6455
1906,000587.SZ,20111219,9.75,9.97,9.53,9.93,9.72,0.21,2.16,71612.62,70263.8904
1907,000587.SZ,20111216,9.42,9.85,9.42,9.72,9.39,0.33,3.51,88606.06,85599.3042
1908,000587.SZ,20111215,9.62,9.62,9.39,9.39,9.88,-0.49,-4.96,57824.86,54426.9734
1909,000587.SZ,20111214,10.35,10.45,9.88,9.88,10.4,-0.52,-5.0,75965.29,75679.9062
1910,000587.SZ,20111213,10.4,10.59,10.32,10.4,10.48,-0.08,-0.76,66564.22,69687.5141
1911,000587.SZ,20111212,10.62,10.71,10.42,10.48,10.63,-0.15,-1.41,48615.33,51456.9124
1912,000587.SZ,20111209,10.85,10.93,10.51,10.63,10.94,-0.31,-2.83,54746.45,58598.8248
1913,000587.SZ,20111207,10.78,11.2,10.69,10.94,10.68,0.26,2.43,89536.9,98261.0986
1914,000587.SZ,20111206,10.48,10.68,10.33,10.68,10.48,0.2,1.91,60302.0,63437.0579
1915,000587.SZ,20111205,10.57,10.75,10.26,10.48,10.44,0.04,0.38,64688.46,68319.044
1916,000587.SZ,20111202,10.89,11.0,10.43,10.44,10.98,-0.54,-4.92,100104.18,106124.2456
1917,000587.SZ,20111201,11.25,11.4,10.95,10.98,10.99,-0.01,-0.09,119441.48,133624.8015
1918,000587.SZ,20111130,11.51,11.58,10.99,10.99,11.57,-0.58,-5.01,86544.46,96791.9208
1919,000587.SZ,20111129,11.71,11.72,11.38,11.57,11.54,0.03,0.26,92647.32,106922.5555
1920,000587.SZ,20111128,11.38,11.73,11.37,11.54,11.44,0.1,0.87,90988.67,105167.7721
1921,000587.SZ,20111125,12.03,12.16,11.41,11.44,12.01,-0.57,-4.75,144932.38,170452.629
1922,000587.SZ,20111124,11.96,12.47,11.9,12.01,12.2,-0.19,-1.56,109936.62,134188.0488
1923,000587.SZ,20111123,12.38,12.8,12.19,12.2,12.45,-0.25,-2.01,144935.33,180519.6628
1924,000587.SZ,20111122,12.03,12.75,11.7,12.45,12.25,0.2,1.63,233007.56,286859.5807
1925,000587.SZ,20111118,11.85,12.55,11.74,12.25,11.98,0.27,2.25,261501.24,318642.8292
1926,000587.SZ,20111117,11.5,11.98,11.41,11.98,11.41,0.57,5.0,183712.87,217303.1189
1927,000587.SZ,20111116,11.77,11.99,11.32,11.41,11.77,-0.36,-3.06,179773.17,210514.4755
1928,000587.SZ,20111115,11.22,11.77,11.13,11.77,11.21,0.56,5.0,227187.54,264792.612
1929,000587.SZ,20111114,11.08,11.28,11.08,11.21,10.97,0.24,2.19,72135.49,80771.8862
1930,000587.SZ,20111111,10.91,11.08,10.88,10.97,10.88,0.09,0.83,53486.39,58698.0055
1931,000587.SZ,20111110,11.12,11.15,10.88,10.88,11.26,-0.38,-3.37,96544.2,106162.627
1932,000587.SZ,20111109,11.19,11.35,11.06,11.26,11.2,0.06,0.54,77589.94,86929.7271
1933,000587.SZ,20111108,11.33,11.37,11.01,11.2,11.33,-0.13,-1.15,132787.54,149027.57
1934,000587.SZ,20111107,11.16,11.47,11.1,11.33,11.16,0.17,1.52,226780.16,255900.248
1935,000587.SZ,20111104,10.82,11.16,10.72,11.16,10.63,0.53,4.99,196127.23,218159.2078
1936,000587.SZ,20111103,10.56,10.98,10.46,10.63,10.55,0.08,0.76,161325.54,173033.3158
1937,000587.SZ,20111102,10.22,10.62,10.06,10.55,10.4,0.15,1.44,113973.6,117193.2081
1938,000587.SZ,20111101,10.4,10.52,10.25,10.4,10.55,-0.15,-1.42,90144.67,93632.3474
1939,000587.SZ,20111031,10.47,10.76,10.37,10.55,10.47,0.08,0.76,96431.4,101774.3672
1940,000587.SZ,20111028,10.88,10.88,10.33,10.47,10.48,-0.01,-0.1,204011.25,215575.311
1941,000587.SZ,20111026,10.3,10.73,10.28,10.48,10.27,0.21,2.04,149285.76,157394.2905
1942,000587.SZ,20111025,9.84,10.29,9.78,10.27,9.86,0.41,4.16,110820.86,112269.5025
1943,000587.SZ,20111024,9.95,10.05,9.41,9.86,9.9,-0.04,-0.4,112043.18,108596.5971
1944,000587.SZ,20111021,10.0,10.25,9.85,9.9,9.97,-0.07,-0.7,77566.44,78060.9736
1945,000587.SZ,20111020,9.9,10.04,9.7,9.97,10.11,-0.14,-1.38,99001.76,97677.3136
1946,000587.SZ,20111019,10.35,10.46,10.05,10.11,10.53,-0.42,-3.99,113684.13,116453.3676
1947,000587.SZ,20111018,10.94,10.94,10.53,10.53,11.08,-0.55,-4.96,103272.08,109968.5287
1948,000587.SZ,20111017,11.3,11.5,11.02,11.08,11.38,-0.3,-2.64,104544.92,117456.988
1949,000587.SZ,20111014,11.08,11.68,11.02,11.38,11.17,0.21,1.88,134803.24,153686.0661
1950,000587.SZ,20111013,11.21,11.25,11.01,11.17,11.24,-0.07,-0.62,107545.81,119658.3474
1951,000587.SZ,20111012,10.78,11.28,10.51,11.24,10.97,0.27,2.46,131550.95,143900.7866
1952,000587.SZ,20111011,11.25,11.42,10.74,10.97,10.88,0.09,0.83,215975.17,241192.0348
1953,000587.SZ,20111010,10.38,10.88,10.38,10.88,10.36,0.52,5.02,123863.44,134088.9445
1954,000587.SZ,20110930,10.53,10.7,10.24,10.36,10.73,-0.37,-3.45,110766.67,115131.1742
1955,000587.SZ,20110929,11.08,11.08,10.73,10.73,11.29,-0.56,-4.96,123486.68,132946.7015
1956,000587.SZ,20110928,11.44,11.57,11.21,11.29,11.32,-0.03,-0.27,122965.46,140021.4139
1957,000587.SZ,20110927,11.87,11.94,11.22,11.32,11.77,-0.45,-3.82,155517.12,178358.0459
1958,000587.SZ,20110926,11.84,12.13,11.73,11.77,12.06,-0.29,-2.4,125035.67,148860.5063
1959,000587.SZ,20110923,12.2,12.3,12.06,12.06,12.69,-0.63,-4.96,206188.59,249635.9029
1960,000587.SZ,20110922,13.17,13.33,12.69,12.69,13.36,-0.67,-5.02,243498.65,315202.7667
1961,000587.SZ,20110921,13.15,13.66,13.15,13.36,13.15,0.21,1.6,223331.98,299547.6932
1962,000587.SZ,20110920,13.32,13.39,13.0,13.15,13.41,-0.26,-1.94,156127.05,205896.9382
1963,000587.SZ,20110919,13.33,13.6,13.15,13.41,13.34,0.07,0.52,293862.99,393866.6773
1964,000587.SZ,20110916,12.63,13.34,12.5,13.34,12.7,0.64,5.04,343639.11,448222.9426
1965,000587.SZ,20110915,12.7,12.84,12.58,12.7,12.75,-0.05,-0.39,134267.38,170820.6424
1966,000587.SZ,20110914,12.39,12.93,12.34,12.75,12.33,0.42,3.41,199274.28,252401.8426
1967,000587.SZ,20110913,12.19,12.7,12.01,12.33,12.48,-0.15,-1.2,151054.02,187519.6273
1968,000587.SZ,20110909,13.1,13.18,12.47,12.48,13.13,-0.65,-4.95,287757.24,364638.0994
1969,000587.SZ,20110908,12.76,13.32,12.66,13.13,12.9,0.23,1.78,262630.91,341785.51
1970,000587.SZ,20110907,13.17,13.26,12.84,12.9,13.31,-0.41,-3.08,254778.52,331848.6547
1971,000587.SZ,20110906,13.0,13.66,12.58,13.31,13.21,0.1,0.76,359984.64,472051.3344
1972,000587.SZ,20110905,13.85,14.03,13.21,13.21,13.91,-0.7,-5.03,333493.19,448207.9084
1973,000587.SZ,20110902,14.53,14.75,13.91,13.91,14.64,-0.73,-4.99,442976.74,625368.331
1974,000587.SZ,20110901,15.0,15.63,14.61,14.64,15.0,-0.36,-2.4,463080.44,697456.6807
1975,000587.SZ,20110831,14.37,15.25,14.21,15.0,14.55,0.45,3.09,499232.24,740914.6497
1976,000587.SZ,20110830,13.84,14.76,13.5,14.55,14.07,0.48,3.41,581836.98,820686.9895
1977,000587.SZ,20110829,14.76,14.76,13.38,14.07,14.06,0.01,0.07,859639.79,1235088.5282
1978,000587.SZ,20110823,14.06,14.06,14.06,14.06,13.39,0.67,5.0,29410.31,41350.8959
1979,000587.SZ,20110822,13.03,13.39,12.98,13.39,12.75,0.64,5.02,309706.85,411952.1809
1980,000587.SZ,20110819,11.53,12.75,11.53,12.75,12.14,0.61,5.02,879251.84,1090047.749
1981,000587.SZ,20110818,9.69,13.88,9.51,12.14,15.9,-3.76,-23.65,1555520.52,1841820.8671
1982,000587.SZ,20110621,15.9,15.9,15.9,15.9,15.14,0.76,5.02,24536.5,39013.035
1983,000587.SZ,20110620,15.14,15.14,15.14,15.14,14.42,0.72,4.99,492.09,745.0243
1984,000587.SZ,20110617,14.42,14.42,14.42,14.42,13.73,0.69,5.03,286.76,413.5079
1985,000587.SZ,20110616,13.73,13.73,13.73,13.73,13.08,0.65,4.97,421.0,578.033
1986,000587.SZ,20110615,13.08,13.08,13.08,13.08,12.46,0.62,4.98,595.18,778.4954
1987,000587.SZ,20091208,12.7,13.63,12.38,12.46,13.03,-0.57,-4.37,126208.74,163276.0747
1988,000587.SZ,20091207,11.79,13.03,11.79,13.03,12.41,0.62,5.0,126930.53,157045.8408
1989,000587.SZ,20091204,13.07,13.07,12.41,12.41,13.06,-0.65,-4.98,49145.27,61461.2254
1990,000587.SZ,20091203,13.27,13.45,12.86,13.06,13.38,-0.32,-2.39,61372.82,79751.9443
1991,000587.SZ,20091202,13.35,13.76,12.88,13.38,13.35,0.03,0.22,53966.63,71695.9488
1992,000587.SZ,20091201,12.95,13.64,12.94,13.35,13.0,0.35,2.69,48020.51,64411.3975
1993,000587.SZ,20091130,12.88,13.16,12.16,13.0,12.8,0.2,1.56,58904.61,74915.7527
1994,000587.SZ,20091127,12.8,13.5,12.8,12.8,13.44,-0.64,-4.76,22911.87,29915.9134
1995,000587.SZ,20091126,14.12,14.13,13.44,13.44,14.15,-0.71,-5.02,51544.46,69747.8178
1996,000587.SZ,20091125,13.74,14.39,13.71,14.15,13.94,0.21,1.51,30995.85,43583.5568
1997,000587.SZ,20091124,13.53,14.23,13.44,13.94,13.55,0.39,2.88,57051.47,80143.6296
1998,000587.SZ,20091123,13.7,13.7,13.17,13.55,13.57,-0.02,-0.15,29436.22,39476.6784
1999,000587.SZ,20091120,13.3,13.88,13.21,13.57,13.48,0.09,0.67,40607.44,55318.5337
2000,000587.SZ,20091119,13.85,14.1,13.32,13.48,14.02,-0.54,-3.85,99566.71,134103.5785
2001,000587.SZ,20091118,14.81,15.0,14.02,14.02,14.76,-0.74,-5.01,46758.76,68066.3236
2002,000587.SZ,20091117,14.38,14.77,14.01,14.76,14.07,0.69,4.9,60915.84,88996.3414
2003,000587.SZ,20091116,13.07,14.07,13.0,14.07,13.4,0.67,5.0,47970.76,65796.2683
2004,000587.SZ,20091113,14.1,14.11,13.35,13.4,13.44,-0.04,-0.3,86523.94,118732.4117
2005,000587.SZ,20091112,13.25,13.44,13.0,13.44,12.8,0.64,5.0,20444.86,27374.4046
2006,000587.SZ,20091111,12.8,12.8,12.5,12.8,12.19,0.61,5.0,73985.45,94585.9436
2007,000587.SZ,20091109,11.85,12.2,11.49,12.19,11.62,0.57,4.91,56442.66,68027.7644
2008,000587.SZ,20091106,11.58,11.62,11.42,11.62,11.07,0.55,4.97,35544.49,41262.117
2009,000587.SZ,20091105,10.35,11.07,10.35,11.07,10.54,0.53,5.03,35507.11,39061.7718
2010,000587.SZ,20091104,11.05,11.05,10.41,10.54,10.52,0.02,0.19,89785.2,97545.6526
2011,000587.SZ,20091103,10.22,10.52,10.12,10.52,10.02,0.5,4.99,38411.15,40284.5955
2012,000587.SZ,20091102,9.3,10.02,9.3,10.02,9.54,0.48,5.03,47098.25,46993.6245
2013,000587.SZ,20091030,9.08,9.54,9.0,9.54,9.09,0.45,4.95,38732.29,36544.1651
2014,000587.SZ,20091029,8.68,9.14,8.68,9.09,8.7,0.39,4.48,54716.5,49740.1107
2015,000587.SZ,20091028,8.83,8.92,8.61,8.7,8.85,-0.15,-1.69,22111.65,19426.9912
2016,000587.SZ,20091027,8.43,8.85,8.33,8.85,8.43,0.42,4.98,39161.33,34399.0674
2017,000587.SZ,20091026,8.42,8.49,8.28,8.43,8.38,0.05,0.6,19293.64,16216.2414
2018,000587.SZ,20091023,8.46,8.66,8.35,8.38,8.54,-0.16,-1.87,28964.07,24546.2109
2019,000587.SZ,20091022,8.9,8.97,8.5,8.54,8.54,0.0,0.0,72086.3,63822.0507
2020,000587.SZ,20091021,8.45,8.54,8.45,8.54,8.13,0.41,5.04,11672.92,9948.5535
2021,000587.SZ,20091020,8.03,8.29,8.01,8.13,8.03,0.1,1.25,28044.51,22811.2745
2022,000587.SZ,20091019,8.05,8.15,7.91,8.03,7.96,0.07,0.88,19495.99,15604.9164
2023,000587.SZ,20091016,7.92,8.08,7.82,7.96,7.93,0.03,0.38,13338.12,10541.1716
2024,000587.SZ,20091015,7.83,7.96,7.79,7.93,7.8,0.13,1.67,18790.03,14777.5608
2025,000587.SZ,20091014,7.9,7.98,7.71,7.8,7.77,0.03,0.39,15266.28,12001.8561
2026,000587.SZ,20091013,7.48,7.8,7.4,7.77,7.54,0.23,3.05,10367.59,7953.2621
2027,000587.SZ,20091012,7.52,7.67,7.43,7.54,7.57,-0.03,-0.4,7554.11,5696.566
2028,000587.SZ,20091009,7.37,7.64,7.3,7.57,7.33,0.24,3.27,7440.81,5591.6388
2029,000587.SZ,20090930,7.39,7.47,7.2,7.33,7.22,0.11,1.52,4676.99,3418.9921
2030,000587.SZ,20090929,7.33,7.5,7.1,7.22,7.33,-0.11,-1.5,7438.9,5375.5865
2031,000587.SZ,20090928,7.4,7.59,7.31,7.33,7.45,-0.12,-1.61,12345.57,9239.7959
2032,000587.SZ,20090925,7.42,7.57,7.3,7.45,7.42,0.03,0.4,9656.18,7205.3978
2033,000587.SZ,20090924,7.17,7.52,7.15,7.42,7.16,0.26,3.63,19541.62,14448.6662
2034,000587.SZ,20090923,7.6,7.6,7.1,7.16,7.46,-0.3,-4.02,12843.32,9365.2981
2035,000587.SZ,20090922,7.66,7.74,7.45,7.46,7.7,-0.24,-3.12,13453.24,10196.2358
2036,000587.SZ,20090921,7.85,7.87,7.51,7.7,7.9,-0.2,-2.53,21794.88,16585.6675
2037,000587.SZ,20090918,7.87,8.08,7.7,7.9,7.87,0.03,0.38,21050.59,16655.8014
2038,000587.SZ,20090917,7.81,7.93,7.75,7.87,7.82,0.05,0.64,17096.62,13407.4917
2039,000587.SZ,20090916,7.94,7.99,7.75,7.82,8.01,-0.19,-2.37,15591.22,12253.8973
2040,000587.SZ,20090915,7.98,8.08,7.8,8.01,8.02,-0.01,-0.12,23394.37,18594.8834
2041,000587.SZ,20090914,7.71,8.1,7.65,8.02,7.75,0.27,3.48,30511.96,24000.1207
2042,000587.SZ,20090911,7.76,7.86,7.6,7.75,7.8,-0.05,-0.64,17571.8,13647.2771
2043,000587.SZ,20090910,7.61,7.85,7.58,7.8,7.62,0.18,2.36,20602.69,15918.6141
2044,000587.SZ,20090909,7.78,7.83,7.6,7.62,7.78,-0.16,-2.06,12171.91,9322.4598
2045,000587.SZ,20090908,7.75,7.88,7.63,7.78,7.75,0.03,0.39,14104.69,10948.0452
2046,000587.SZ,20090907,7.55,7.85,7.55,7.75,7.7,0.05,0.65,14282.0,11043.6516
2047,000587.SZ,20090904,7.4,7.79,7.2,7.7,7.42,0.28,3.77,25222.17,19099.8418
2048,000587.SZ,20090903,7.14,7.43,7.1,7.42,7.1,0.32,4.51,9272.57,6784.1843
2049,000587.SZ,20090902,7.07,7.13,7.0,7.1,7.07,0.03,0.42,11481.7,8136.1571
2050,000587.SZ,20090901,7.02,7.35,6.98,7.07,7.35,-0.28,-3.81,16030.79,11284.9598
2051,000587.SZ,20090831,7.7,7.7,7.35,7.35,7.74,-0.39,-5.04,8040.1,5938.2976
2052,000587.SZ,20090828,7.8,7.93,7.72,7.74,7.86,-0.12,-1.53,11388.09,8890.4621
2053,000587.SZ,20090827,7.75,7.89,7.7,7.86,7.75,0.11,1.42,16213.51,12638.0926
2054,000587.SZ,20090826,7.49,7.86,7.4,7.75,7.49,0.26,3.47,24025.49,18657.6297
2055,000587.SZ,20090825,7.35,7.62,7.25,7.49,7.41,0.08,1.08,21206.76,15590.8347
2056,000587.SZ,20090824,7.12,7.53,7.05,7.41,7.17,0.24,3.35,24328.66,18007.0308
2057,000587.SZ,20090821,7.11,7.36,7.03,7.17,7.05,0.12,1.7,13562.22,9719.7344
2058,000587.SZ,20090820,6.88,7.05,6.7,7.05,6.71,0.34,5.07,19598.02,13590.7846
2059,000587.SZ,20090819,6.99,7.25,6.67,6.71,6.99,-0.28,-4.01,19909.33,13883.4892
2060,000587.SZ,20090818,7.02,7.2,6.91,6.99,7.27,-0.28,-3.85,21503.55,14933.2148
2061,000587.SZ,20090817,7.58,7.58,7.27,7.27,7.65,-0.38,-4.97,25525.0,18659.6377
2062,000587.SZ,20090814,7.47,7.76,7.3,7.65,7.51,0.14,1.86,26356.75,20078.8506
2063,000587.SZ,20090813,7.43,7.59,7.27,7.51,7.65,-0.14,-1.83,22037.75,16287.5507
2064,000587.SZ,20090812,8.01,8.01,7.65,7.65,8.05,-0.4,-4.97,14834.0,11486.1837
2065,000587.SZ,20090811,7.93,8.09,7.93,8.05,7.96,0.09,1.13,9964.68,7973.7995
2066,000587.SZ,20090810,8.18,8.29,7.9,7.96,8.14,-0.18,-2.21,18784.19,15268.527
2067,000587.SZ,20090807,8.12,8.39,8.12,8.14,8.12,0.02,0.25,26603.33,21977.104
2068,000587.SZ,20090806,8.18,8.25,7.96,8.12,8.24,-0.12,-1.46,17721.36,14406.0364
2069,000587.SZ,20090805,8.19,8.28,7.94,8.24,8.16,0.08,0.98,41189.94,33365.1634
2070,000587.SZ,20090804,8.35,8.35,8.0,8.16,8.3,-0.14,-1.69,33256.73,27086.8625
2071,000587.SZ,20090803,8.4,8.41,8.26,8.3,8.42,-0.12,-1.43,28716.18,23835.9409
2072,000587.SZ,20090731,8.32,8.48,8.18,8.42,8.22,0.2,2.43,14899.0,12419.125
2073,000587.SZ,20090730,8.58,8.65,8.15,8.22,8.58,-0.36,-4.2,32731.85,26962.825
2074,000587.SZ,20090729,8.98,9.05,8.58,8.58,9.03,-0.45,-4.98,26154.41,22818.9981
2075,000587.SZ,20090728,9.03,9.07,8.88,9.03,9.03,0.0,0.0,13353.16,11970.9802
2076,000587.SZ,20090727,9.08,9.18,8.97,9.03,9.09,-0.06,-0.66,22671.7,20531.7081
2077,000587.SZ,20090724,9.15,9.16,8.8,9.09,9.05,0.04,0.44,23045.21,20777.0912
2078,000587.SZ,20090723,9.17,9.17,8.75,9.05,9.08,-0.03,-0.33,22169.24,19739.8684
2079,000587.SZ,20090722,9.04,9.18,9.01,9.08,9.08,0.0,0.0,21650.75,19659.9662
2080,000587.SZ,20090721,9.41,9.49,9.03,9.08,9.51,-0.43,-4.52,32549.89,29813.2322
2081,000587.SZ,20090720,9.5,9.73,9.39,9.51,9.27,0.24,2.59,22927.01,21922.4012
2082,000587.SZ,20090717,9.2,9.31,9.11,9.27,9.2,0.07,0.76,14464.29,13307.5083
2083,000587.SZ,20090716,9.24,9.35,9.01,9.2,9.24,-0.04,-0.43,15249.2,14012.1323
2084,000587.SZ,20090715,9.35,9.47,9.03,9.24,9.45,-0.21,-2.22,27430.65,25285.1651
2085,000587.SZ,20090714,9.23,9.69,9.05,9.45,9.24,0.21,2.27,32384.73,30700.6628
2086,000587.SZ,20090713,8.94,9.24,8.81,9.24,8.8,0.44,5.0,67115.4,61403.9689
2087,000587.SZ,20090710,8.45,8.8,8.35,8.8,8.38,0.42,5.01,22541.62,19585.6751
2088,000587.SZ,20090709,8.45,8.5,8.29,8.38,8.4,-0.02,-0.24,24546.98,20612.5639
2089,000587.SZ,20090708,8.43,8.73,8.25,8.4,8.5,-0.1,-1.18,22161.6,18704.7977
2090,000587.SZ,20090707,8.78,8.78,8.38,8.5,8.71,-0.21,-2.41,18308.33,15635.9267
2091,000587.SZ,20090706,8.55,8.95,8.4,8.71,8.55,0.16,1.87,36640.33,32027.5897
2092,000587.SZ,20090703,8.01,8.55,7.93,8.55,8.14,0.41,5.04,25196.06,21210.4858
2093,000587.SZ,20090702,8.0,8.37,8.0,8.14,8.1,0.04,0.49,32962.6,26988.1704
2094,000587.SZ,20090701,7.75,8.1,7.61,8.1,7.71,0.39,5.06,37932.54,30324.9916
2095,000587.SZ,20090630,7.87,7.98,7.62,7.71,7.88,-0.17,-2.16,49267.97,38184.1469
2096,000587.SZ,20090629,7.94,8.08,7.77,7.88,7.94,-0.06,-0.76,26326.49,20786.9667
2097,000587.SZ,20090626,8.07,8.07,7.77,7.94,7.98,-0.04,-0.5,26745.81,21163.135
2098,000587.SZ,20090625,8.1,8.17,7.78,7.98,8.02,-0.04,-0.5,28696.91,22843.1665
2099,000587.SZ,20090624,7.6,8.02,7.6,8.02,7.64,0.38,4.97,52500.92,41895.9644
2100,000587.SZ,20090623,7.48,7.71,7.39,7.64,7.67,-0.03,-0.39,19337.21,14599.713
2101,000587.SZ,20090622,8.14,8.14,7.67,7.67,8.07,-0.4,-4.96,35066.18,27582.1264
2102,000587.SZ,20090619,7.97,8.15,7.8,8.07,8.11,-0.04,-0.49,26851.57,21467.1978
2103,000587.SZ,20090618,7.8,8.16,7.73,8.11,7.77,0.34,4.38,75720.49,61248.3169
2104,000587.SZ,20090617,7.39,7.77,7.33,7.77,7.4,0.37,5.0,44798.39,34269.5553
2105,000587.SZ,20090616,7.54,7.76,7.31,7.4,7.64,-0.24,-3.14,32542.92,24460.3161
2106,000587.SZ,20090615,7.26,7.64,7.2,7.64,7.28,0.36,4.95,87877.64,66135.3654
2107,000587.SZ,20090612,7.06,7.31,7.06,7.28,7.14,0.14,1.96,46700.48,33623.0517
2108,000587.SZ,20090611,7.01,7.35,6.95,7.14,7.01,0.13,1.85,38880.85,27919.0235
2109,000587.SZ,20090610,6.88,7.06,6.82,7.01,6.86,0.15,2.19,32255.3,22468.9902
2110,000587.SZ,20090609,6.79,6.96,6.65,6.86,6.68,0.18,2.69,40445.96,27691.6433
2111,000587.SZ,20090608,6.9,6.9,6.59,6.68,6.86,-0.18,-2.62,44731.83,30179.094
2112,000587.SZ,20090605,6.92,6.95,6.79,6.86,6.85,0.01,0.15,24295.03,16684.9715
2113,000587.SZ,20090604,6.86,6.97,6.75,6.85,6.78,0.07,1.03,25070.67,17200.4366
2114,000587.SZ,20090602,7.0,7.0,6.77,6.78,6.99,-0.21,-3.0,21052.8,14389.2252
2115,000587.SZ,20090601,6.98,7.15,6.88,6.99,6.97,0.02,0.29,19986.76,14018.0575
2116,000587.SZ,20090527,7.08,7.09,6.89,6.97,7.0,-0.03,-0.43,10690.08,7437.2614
2117,000587.SZ,20090526,6.94,7.1,6.92,7.0,6.94,0.06,0.86,15438.48,10849.0819
2118,000587.SZ,20090525,6.8,6.96,6.7,6.94,7.05,-0.11,-1.56,24385.02,16555.1527
2119,000587.SZ,20090522,6.96,7.1,6.86,7.05,7.0,0.05,0.71,20471.53,14399.7342
2120,000587.SZ,20090521,7.3,7.39,6.97,7.0,7.34,-0.34,-4.63,33046.55,23434.7368
2121,000587.SZ,20090520,7.43,7.45,7.21,7.34,7.38,-0.04,-0.54,24262.37,17692.4638
2122,000587.SZ,20090519,7.06,7.39,6.94,7.38,7.04,0.34,4.83,53909.71,39381.8234
2123,000587.SZ,20090518,6.78,7.06,6.68,7.04,6.85,0.19,2.77,35263.27,24424.8735
2124,000587.SZ,20090515,6.92,6.97,6.66,6.85,6.92,-0.07,-1.01,21618.28,14716.8861
2125,000587.SZ,20090514,6.8,6.95,6.7,6.92,6.81,0.11,1.62,22858.16,15656.2702
2126,000587.SZ,20090513,6.83,6.89,6.69,6.81,6.8,0.01,0.15,15893.46,10821.8169
2127,000587.SZ,20090512,6.5,6.81,6.4,6.8,6.5,0.3,4.62,20766.35,13664.5392
2128,000587.SZ,20090511,7.09,7.09,6.5,6.5,6.84,-0.34,-4.97,30694.29,20718.2243
2129,000587.SZ,20090508,6.7,6.93,6.6,6.84,6.61,0.23,3.48,32736.34,22324.4805
2130,000587.SZ,20090507,6.88,6.88,6.5,6.61,6.84,-0.23,-3.36,46617.2,30952.2217
2131,000587.SZ,20090506,6.83,7.09,6.7,6.84,6.78,0.06,0.89,43972.7,30139.2736
2132,000587.SZ,20090505,6.46,6.78,6.4,6.78,6.46,0.32,4.95,47240.19,31460.8419
2133,000587.SZ,20090504,6.43,6.58,6.25,6.46,6.44,0.02,0.31,36278.63,23282.3299
2134,000587.SZ,20090430,6.3,6.59,6.26,6.44,6.3,0.14,2.22,34512.54,22147.7547
2135,000587.SZ,20090429,5.91,6.3,5.91,6.3,6.0,0.3,5.0,32740.65,20471.5962
2136,000587.SZ,20090428,6.0,6.1,6.0,6.0,6.32,-0.32,-5.06,23098.82,13890.9466
2137,000587.SZ,20090427,6.55,6.64,6.32,6.32,6.65,-0.33,-4.96,9423.0,6016.148
2138,000587.SZ,20090424,6.55,6.89,6.55,6.65,6.61,0.04,0.61,31775.67,21308.6031
2139,000587.SZ,20090423,6.79,6.9,6.61,6.61,6.96,-0.35,-5.03,57908.9,38394.0892
2140,000587.SZ,20090422,7.1,7.36,6.88,6.96,7.01,-0.05,-0.71,77293.93,56087.2989
2141,000587.SZ,20090421,6.67,7.01,6.52,7.01,6.68,0.33,4.94,53654.39,37264.11
2142,000587.SZ,20090420,6.38,6.74,6.35,6.68,6.42,0.26,4.05,31329.77,20794.8544
2143,000587.SZ,20090417,6.31,6.56,6.13,6.42,6.37,0.05,0.78,37736.99,24210.5215
2144,000587.SZ,20090416,6.4,6.57,6.26,6.37,6.49,-0.12,-1.85,33085.08,21301.1548
2145,000587.SZ,20090415,6.6,6.78,6.3,6.49,6.58,-0.09,-1.37,59134.11,38757.9977
2146,000587.SZ,20090414,6.34,6.58,6.23,6.58,6.27,0.31,4.94,64888.03,42471.3583
2147,000587.SZ,20090413,6.34,6.55,6.13,6.27,6.31,-0.04,-0.63,49185.41,31039.1633
2148,000587.SZ,20090410,6.15,6.31,6.05,6.31,6.01,0.3,4.99,63187.9,39603.278
2149,000587.SZ,20090409,5.72,6.01,5.68,6.01,5.72,0.29,5.07,35868.7,21321.3548
2150,000587.SZ,20090408,5.69,5.84,5.56,5.72,5.66,0.06,1.06,26570.43,15216.319
2151,000587.SZ,20090407,5.7,5.89,5.61,5.66,5.74,-0.08,-1.39,20413.07,11702.3556
2152,000587.SZ,20090403,5.47,5.74,5.42,5.74,5.47,0.27,4.94,42876.75,24388.4387
2153,000587.SZ,20090402,5.55,5.57,5.43,5.47,5.55,-0.08,-1.44,17349.53,9542.9963
2154,000587.SZ,20090401,5.48,5.6,5.42,5.55,5.49,0.06,1.09,20657.33,11429.3066
2155,000587.SZ,20090331,5.55,5.58,5.42,5.49,5.71,-0.22,-3.85,36728.91,20034.2214
2156,000587.SZ,20090330,5.48,5.73,5.43,5.71,5.46,0.25,4.58,39500.82,22129.4331
2157,000587.SZ,20090327,5.18,5.46,5.13,5.46,5.2,0.26,5.0,40962.65,21912.468
2158,000587.SZ,20090326,5.09,5.25,5.07,5.2,5.14,0.06,1.17,23448.29,12073.2589
2159,000587.SZ,20090325,5.14,5.38,5.13,5.14,5.13,0.01,0.19,22797.59,11978.2046
2160,000587.SZ,20090324,5.18,5.2,5.1,5.13,5.15,-0.02,-0.39,12101.47,6202.9305
2161,000587.SZ,20090323,5.16,5.23,5.1,5.15,5.16,-0.01,-0.19,17445.59,8995.9182
2162,000587.SZ,20090320,5.18,5.18,5.04,5.16,5.14,0.02,0.39,16326.49,8358.8458
2163,000587.SZ,20090319,4.97,5.15,4.96,5.14,5.01,0.13,2.59,24398.08,12357.8521
2164,000587.SZ,20090318,5.22,5.28,4.99,5.01,5.09,-0.08,-1.57,42452.21,21630.3815
2165,000587.SZ,20090317,4.89,5.09,4.85,5.09,4.85,0.24,4.95,26978.17,13657.7229
2166,000587.SZ,20090316,4.84,4.89,4.79,4.85,4.87,-0.02,-0.41,22113.7,10692.4954
2167,000587.SZ,20090313,4.85,4.94,4.75,4.87,4.78,0.09,1.88,13548.55,6566.5108
2168,000587.SZ,20090312,4.97,4.98,4.73,4.78,4.97,-0.19,-3.82,18317.66,8862.5171
2169,000587.SZ,20090311,4.96,5.04,4.9,4.97,4.94,0.03,0.61,13580.44,6739.3541
2170,000587.SZ,20090310,4.8,4.94,4.78,4.94,4.84,0.1,2.07,9132.57,4455.5802
2171,000587.SZ,20090309,4.9,5.06,4.73,4.84,4.94,-0.1,-2.02,16943.35,8320.0732
2172,000587.SZ,20090306,4.8,4.98,4.68,4.94,4.84,0.1,2.07,18373.65,9016.9829
2173,000587.SZ,20090305,4.85,4.88,4.67,4.84,4.65,0.19,4.09,19656.08,9438.9051
2174,000587.SZ,20090304,4.45,4.65,4.41,4.65,4.43,0.22,4.97,16594.08,7691.3372
2175,000587.SZ,20090303,4.4,4.54,4.31,4.43,4.54,-0.11,-2.42,17762.93,7790.2756
2176,000587.SZ,20090302,4.3,4.61,4.25,4.54,4.47,0.07,1.57,21192.8,9406.6455
2177,000587.SZ,20090227,4.6,4.68,4.47,4.47,4.7,-0.23,-4.89,10201.9,4585.1083
2178,000587.SZ,20090226,4.97,5.0,4.7,4.7,4.95,-0.25,-5.05,17985.14,8712.1951
2179,000587.SZ,20090225,5.1,5.1,4.83,4.95,4.97,-0.02,-0.4,16413.17,8142.7066
2180,000587.SZ,20090224,4.9,5.2,4.86,4.97,4.95,0.02,0.4,29075.37,14600.7223
2181,000587.SZ,20090223,4.77,4.96,4.7,4.95,4.75,0.2,4.21,20757.44,10141.4751
2182,000587.SZ,20090220,4.62,4.76,4.52,4.75,4.6,0.15,3.26,12531.63,5850.208
2183,000587.SZ,20090219,4.83,4.85,4.59,4.6,4.83,-0.23,-4.76,26192.75,12194.9517
2184,000587.SZ,20090218,4.9,5.01,4.83,4.83,5.08,-0.25,-4.92,23637.52,11509.0921
2185,000587.SZ,20090217,5.18,5.45,5.03,5.08,5.19,-0.11,-2.12,31183.05,16657.4904
2186,000587.SZ,20090216,4.91,5.19,4.88,5.19,4.94,0.25,5.06,30681.75,15569.8857
2187,000587.SZ,20090213,4.86,4.99,4.77,4.94,4.85,0.09,1.86,16554.95,8128.4369
2188,000587.SZ,20090212,4.95,4.95,4.69,4.85,4.83,0.02,0.41,13158.85,6323.8059
2189,000587.SZ,20090211,4.83,4.96,4.77,4.83,4.9,-0.07,-1.43,15135.33,7390.8122
2190,000587.SZ,20090210,4.87,4.9,4.78,4.9,4.86,0.04,0.82,14372.33,6944.8095
2191,000587.SZ,20090209,4.87,4.99,4.8,4.86,4.82,0.04,0.83,16819.39,8195.903
2192,000587.SZ,20090206,4.83,4.89,4.72,4.82,4.78,0.04,0.84,18687.13,8986.0507
2193,000587.SZ,20090205,4.88,4.96,4.77,4.78,4.88,-0.1,-2.05,10103.3,4902.9052
2194,000587.SZ,20090204,4.7,4.93,4.69,4.88,4.71,0.17,3.61,8989.72,4290.6942
2195,000587.SZ,20090203,4.79,4.81,4.66,4.71,4.76,-0.05,-1.05,8614.41,4070.146
2196,000587.SZ,20090202,4.57,4.81,4.57,4.76,4.58,0.18,3.93,8487.83,4031.8078
2197,000587.SZ,20090123,4.47,4.64,4.4,4.58,4.42,0.16,3.62,14798.45,6748.1535
2198,000587.SZ,20090122,4.45,4.48,4.38,4.42,4.45,-0.03,-0.67,6696.36,2959.2084
2199,000587.SZ,20090121,4.28,4.5,4.25,4.45,4.35,0.1,2.3,9629.9,4271.0752
2200,000587.SZ,20090120,4.39,4.43,4.26,4.35,4.38,-0.03,-0.68,4314.49,1866.3812
2201,000587.SZ,20090119,4.44,4.45,4.35,4.38,4.42,-0.04,-0.91,4642.5,2041.8551
2202,000587.SZ,20090116,4.44,4.6,4.42,4.42,4.39,0.03,0.68,8231.57,3701.749
2203,000587.SZ,20090115,4.5,4.53,4.33,4.39,4.49,-0.1,-2.23,10200.01,4499.2683
2204,000587.SZ,20090114,4.48,4.57,4.38,4.49,4.48,0.01,0.22,15001.3,6691.6898
2205,000587.SZ,20090113,4.22,4.49,4.21,4.48,4.28,0.2,4.67,24610.39,10995.3583
2206,000587.SZ,20090112,4.25,4.45,4.11,4.28,4.33,-0.05,-1.15,15752.18,6759.4352
2207,000587.SZ,20090109,4.39,4.47,4.29,4.33,4.35,-0.02,-0.46,14044.74,6110.9749
2208,000587.SZ,20090108,4.02,4.35,4.01,4.35,4.14,0.21,5.07,20354.58,8713.1164
2209,000587.SZ,20090107,3.96,4.14,3.9,4.14,3.94,0.2,5.08,18935.0,7669.0713
2210,000587.SZ,20090106,3.97,3.97,3.87,3.94,3.92,0.02,0.51,8102.1,3174.6371
2211,000587.SZ,20090105,3.83,3.94,3.77,3.92,3.79,0.13,3.43,7719.84,2975.0838
2212,000587.SZ,20081231,3.71,3.84,3.68,3.79,3.72,0.07,1.88,6190.39,2340.1883
2213,000587.SZ,20081230,3.7,3.79,3.64,3.72,3.68,0.04,1.09,7073.08,2635.8729
2214,000587.SZ,20081229,3.85,3.86,3.68,3.68,3.87,-0.19,-4.91,10340.19,3821.5997
2215,000587.SZ,20081226,3.98,3.98,3.85,3.87,3.92,-0.05,-1.28,8307.0,3237.641
2216,000587.SZ,20081225,3.96,4.04,3.81,3.92,3.86,0.06,1.55,13868.48,5401.547
2217,000587.SZ,20081224,3.9,4.05,3.86,3.86,4.06,-0.2,-4.93,15954.0,6283.9683
2218,000587.SZ,20081223,4.19,4.36,4.04,4.06,4.24,-0.18,-4.25,25943.97,10791.2962
2219,000587.SZ,20081222,4.22,4.41,4.18,4.24,4.22,0.02,0.47,21387.04,9178.4261
2220,000587.SZ,20081219,3.96,4.22,3.95,4.22,4.02,0.2,4.98,23823.55,9960.446
2221,000587.SZ,20081218,4.0,4.02,3.85,4.02,3.83,0.19,4.96,33265.59,13214.9266
2222,000587.SZ,20081217,3.82,3.83,3.8,3.83,3.65,0.18,4.93,6914.11,2646.5251
2223,000587.SZ,20081216,3.51,3.66,3.46,3.65,3.64,0.01,0.27,21168.43,7435.5486
2224,000587.SZ,20081215,3.79,3.96,3.64,3.64,3.83,-0.19,-4.96,15538.0,5860.143
2225,000587.SZ,20081212,3.9,4.07,3.7,3.83,3.89,-0.06,-1.54,42781.58,16698.7055
2226,000587.SZ,20081211,3.82,3.89,3.75,3.89,3.7,0.19,5.14,19513.22,7515.4752
2227,000587.SZ,20081210,3.7,3.7,3.66,3.7,3.52,0.18,5.11,24559.94,9084.4448
2228,000587.SZ,20081208,3.41,3.55,3.38,3.52,3.4,0.12,3.53,10283.96,3560.4016
2229,000587.SZ,20081205,3.26,3.4,3.26,3.4,3.33,0.07,2.1,6468.72,2159.8329
2230,000587.SZ,20081204,3.42,3.42,3.28,3.33,3.34,-0.01,-0.3,17067.47,5695.2077
2231,000587.SZ,20081203,3.19,3.34,3.18,3.34,3.18,0.16,5.03,13876.61,4547.7444
2232,000587.SZ,20081202,3.15,3.19,3.1,3.18,3.15,0.03,0.95,5442.41,1710.7178
2233,000587.SZ,20081201,3.05,3.17,3.05,3.15,3.15,0.0,0.0,5265.2,1642.2551
2234,000587.SZ,20081128,3.24,3.29,3.14,3.15,3.31,-0.16,-4.83,8699.7,2785.2931
2235,000587.SZ,20081127,3.3,3.34,3.13,3.31,3.19,0.12,3.76,15091.29,4862.3486
2236,000587.SZ,20081126,3.09,3.24,3.05,3.19,3.09,0.1,3.24,11070.99,3520.9849
2237,000587.SZ,20081125,3.0,3.19,3.0,3.09,3.04,0.05,1.64,16545.26,5169.4773
2238,000587.SZ,20081124,2.82,3.05,2.82,3.04,2.9,0.14,4.83,20923.02,6359.4301
2239,000587.SZ,20081121,2.84,2.92,2.8,2.9,2.95,-0.05,-1.69,9019.17,2569.5799
2240,000587.SZ,20081120,2.92,3.0,2.89,2.95,3.04,-0.09,-2.96,7910.72,2319.3094
2241,000587.SZ,20081119,2.83,3.05,2.82,3.04,2.97,0.07,2.36,12861.75,3751.1724
2242,000587.SZ,20081118,3.12,3.12,2.97,2.97,3.13,-0.16,-5.11,12067.0,3617.821
2243,000587.SZ,20081117,3.08,3.13,2.99,3.13,3.08,0.05,1.62,12847.55,3926.6544
2244,000587.SZ,20081114,2.98,3.13,2.83,3.08,2.98,0.1,3.36,18793.08,5594.4521
2245,000587.SZ,20081113,2.88,3.0,2.82,2.98,2.89,0.09,3.11,13153.74,3850.6335
2246,000587.SZ,20081112,2.81,2.9,2.81,2.89,2.86,0.03,1.05,5681.98,1621.2269
2247,000587.SZ,20081111,2.84,2.86,2.72,2.86,2.72,0.14,5.15,17553.44,5007.9671
2248,000587.SZ,20081110,2.64,2.72,2.61,2.72,2.59,0.13,5.02,5679.38,1525.9464
2249,000587.SZ,20081107,2.51,2.6,2.46,2.59,2.54,0.05,1.97,2448.05,627.195
2250,000587.SZ,20081106,2.54,2.55,2.45,2.54,2.55,-0.01,-0.39,2058.99,517.5525
2251,000587.SZ,20081105,2.47,2.59,2.45,2.55,2.48,0.07,2.82,4691.0,1197.3821
2252,000587.SZ,20081104,2.46,2.49,2.39,2.48,2.43,0.05,2.06,3030.5,742.233
2253,000587.SZ,20081103,2.41,2.5,2.4,2.43,2.48,-0.05,-2.02,2703.27,662.0797
2254,000587.SZ,20081031,2.45,2.52,2.42,2.48,2.51,-0.03,-1.2,4560.26,1118.6052
2255,000587.SZ,20081030,2.58,2.58,2.44,2.51,2.57,-0.06,-2.33,7709.55,1918.9999
2256,000587.SZ,20081029,2.5,2.59,2.48,2.57,2.47,0.1,4.05,14042.55,3615.9353
2257,000587.SZ,20081028,2.44,2.61,2.44,2.47,2.57,-0.1,-3.89,15302.87,3808.9438
2258,000587.SZ,20081027,2.65,2.65,2.57,2.57,2.7,-0.13,-4.81,5918.0,1523.221
2259,000587.SZ,20081024,2.64,2.73,2.64,2.7,2.68,0.02,0.75,3181.0,856.69
2260,000587.SZ,20081023,2.62,2.7,2.59,2.68,2.7,-0.02,-0.74,5063.75,1333.7384
2261,000587.SZ,20081022,2.71,2.8,2.65,2.7,2.79,-0.09,-3.23,8926.37,2410.1986
2262,000587.SZ,20081021,2.87,2.9,2.77,2.79,2.91,-0.12,-4.12,8562.88,2411.5823
2263,000587.SZ,20081020,2.78,2.91,2.78,2.91,2.93,-0.02,-0.68,12683.73,3550.6629
2264,000587.SZ,20081017,2.93,3.03,2.93,2.93,3.08,-0.15,-4.87,7162.0,2101.904
2265,000587.SZ,20081016,3.12,3.13,3.08,3.08,3.24,-0.16,-4.94,6000.0,1851.615
2266,000587.SZ,20081015,3.39,3.41,3.22,3.24,3.39,-0.15,-4.42,18500.95,6026.5288
2267,000587.SZ,20081014,3.37,3.39,3.35,3.39,3.23,0.16,4.95,23895.84,8088.8165
2268,000587.SZ,20081013,3.23,3.23,3.16,3.23,3.08,0.15,4.87,13712.46,4427.3375
2269,000587.SZ,20081009,3.12,3.17,3.01,3.08,3.12,-0.04,-1.28,6297.32,1938.0546
2270,000587.SZ,20081008,3.05,3.22,3.05,3.12,3.14,-0.02,-0.64,8308.42,2604.1525
2271,000587.SZ,20081007,3.05,3.28,3.01,3.14,3.12,0.02,0.64,22513.11,7172.6226
2272,000587.SZ,20081006,3.11,3.12,3.06,3.12,2.97,0.15,5.05,30406.0,9478.6031
2273,000587.SZ,20080926,2.84,2.97,2.84,2.97,2.83,0.14,4.95,35995.49,10651.0699
2274,000587.SZ,20080925,2.8,2.92,2.73,2.83,2.8,0.03,1.07,8112.67,2311.1215
2275,000587.SZ,20080924,2.72,2.82,2.71,2.8,2.85,-0.05,-1.75,4848.6,1336.9798
2276,000587.SZ,20080923,2.92,2.92,2.85,2.85,3.0,-0.15,-5.0,8812.0,2517.978
2277,000587.SZ,20080922,3.07,3.07,2.9,3.0,2.92,0.08,2.74,16954.8,5111.3754
2278,000587.SZ,20080919,2.92,2.92,2.86,2.92,2.78,0.14,5.04,22638.97,6604.9252
2279,000587.SZ,20080918,2.7,2.78,2.66,2.78,2.8,-0.02,-0.71,18202.05,4878.2842
2280,000587.SZ,20080917,2.64,2.91,2.64,2.8,2.77,0.03,1.08,19308.9,5460.0534
2281,000587.SZ,20080916,2.77,2.86,2.77,2.77,2.92,-0.15,-5.14,15334.0,4252.5546
2282,000587.SZ,20080912,2.92,2.98,2.92,2.92,3.07,-0.15,-4.89,8915.0,2608.193
2283,000587.SZ,20080911,3.07,3.13,3.07,3.07,3.23,-0.16,-4.95,7232.0,2221.522
2284,000587.SZ,20080910,3.33,3.42,3.18,3.23,3.35,-0.12,-3.58,5640.01,1839.9625
2285,000587.SZ,20080909,3.38,3.43,3.3,3.35,3.45,-0.1,-2.9,3687.0,1238.437
2286,000587.SZ,20080908,3.56,3.56,3.38,3.45,3.56,-0.11,-3.09,5501.7,1874.3176
2287,000587.SZ,20080905,3.65,3.69,3.56,3.56,3.75,-0.19,-5.07,4936.0,1789.221
2288,000587.SZ,20080904,3.78,3.85,3.73,3.75,3.85,-0.1,-2.6,7418.01,2808.5438
2289,000587.SZ,20080903,3.68,3.85,3.58,3.85,3.68,0.17,4.62,6232.88,2318.9165
2290,000587.SZ,20080902,3.61,3.72,3.56,3.68,3.68,0.0,0.0,4228.0,1544.304
2291,000587.SZ,20080901,3.56,3.71,3.51,3.68,3.6,0.08,2.22,11833.47,4287.8484
2292,000587.SZ,20080829,3.54,3.67,3.52,3.6,3.53,0.07,1.98,4289.0,1552.3791
2293,000587.SZ,20080828,3.55,3.71,3.53,3.53,3.54,-0.01,-0.28,3352.89,1206.5266
2294,000587.SZ,20080827,3.54,3.7,3.54,3.54,3.66,-0.12,-3.28,3736.0,1353.776
2295,000587.SZ,20080826,3.79,3.79,3.66,3.66,3.85,-0.19,-4.94,11682.44,4288.525
2296,000587.SZ,20080825,3.7,3.93,3.6,3.85,3.74,0.11,2.94,9813.85,3767.6257
2297,000587.SZ,20080822,3.44,3.76,3.44,3.74,3.61,0.13,3.6,5262.94,1908.3903
2298,000587.SZ,20080821,3.67,3.77,3.61,3.61,3.74,-0.13,-3.48,5259.86,1938.2685
2299,000587.SZ,20080820,3.48,3.74,3.39,3.74,3.56,0.18,5.06,9985.4,3673.3109
2300,000587.SZ,20080819,3.48,3.59,3.46,3.56,3.64,-0.08,-2.2,7451.16,2604.0573
2301,000587.SZ,20080818,3.88,3.88,3.64,3.64,3.83,-0.19,-4.96,4995.0,1835.3925
2302,000587.SZ,20080815,3.88,3.93,3.76,3.83,3.86,-0.03,-0.78,3533.9,1356.3783
2303,000587.SZ,20080814,3.83,3.94,3.76,3.86,3.83,0.03,0.78,2717.13,1046.4183
2304,000587.SZ,20080813,3.81,3.97,3.81,3.83,4.01,-0.18,-4.49,5271.7,2013.7977
2305,000587.SZ,20080812,4.01,4.05,4.01,4.01,4.22,-0.21,-4.98,5470.0,2193.677
2306,000587.SZ,20080811,4.23,4.37,4.22,4.22,4.44,-0.22,-4.96,2592.34,1096.1918
2307,000587.SZ,20080808,4.66,4.66,4.44,4.44,4.67,-0.23,-4.93,4207.01,1899.3916
2308,000587.SZ,20080807,4.56,4.68,4.49,4.67,4.63,0.04,0.86,4027.26,1841.5696
2309,000587.SZ,20080806,4.7,4.8,4.56,4.63,4.67,-0.04,-0.86,3389.5,1595.804
2310,000587.SZ,20080805,4.83,4.88,4.67,4.67,4.81,-0.14,-2.91,4538.6,2154.0136
2311,000587.SZ,20080804,4.86,4.95,4.81,4.81,4.95,-0.14,-2.83,3561.29,1742.7619
2312,000587.SZ,20080801,4.82,4.95,4.71,4.95,4.8,0.15,3.13,4281.98,2080.2724
2313,000587.SZ,20080731,5.02,5.02,4.8,4.8,4.99,-0.19,-3.81,7251.49,3548.8759
2314,000587.SZ,20080730,5.03,5.05,4.88,4.99,4.95,0.04,0.81,8496.99,4214.1928
2315,000587.SZ,20080729,5.04,5.04,4.9,4.95,5.04,-0.09,-1.79,5026.04,2489.6816
2316,000587.SZ,20080728,5.04,5.15,4.98,5.04,5.04,0.0,0.0,6609.77,3334.3374
2317,000587.SZ,20080725,4.91,5.12,4.84,5.04,4.88,0.16,3.28,13455.93,6783.035
2318,000587.SZ,20080724,4.85,4.93,4.8,4.88,4.8,0.08,1.67,6842.99,3335.2747
2319,000587.SZ,20080723,4.82,4.93,4.74,4.8,4.8,0.0,0.0,6043.63,2904.6606
2320,000587.SZ,20080722,4.77,4.95,4.75,4.8,4.76,0.04,0.84,7142.82,3457.1919
2321,000587.SZ,20080721,4.61,4.85,4.6,4.76,4.65,0.11,2.37,6558.36,3112.4216
2322,000587.SZ,20080718,4.55,4.7,4.4,4.65,4.53,0.12,2.65,5373.99,2441.6174
2323,000587.SZ,20080717,4.72,4.82,4.52,4.53,4.7,-0.17,-3.62,5347.68,2495.8239
2324,000587.SZ,20080716,4.85,4.94,4.7,4.7,4.95,-0.25,-5.05,12165.09,5748.7695
2325,000587.SZ,20080715,4.9,5.02,4.83,4.95,4.78,0.17,3.56,18413.12,9179.2247
2326,000587.SZ,20080714,4.55,4.81,4.55,4.78,4.76,0.02,0.42,5367.88,2540.6491
2327,000587.SZ,20080711,4.84,4.87,4.6,4.76,4.84,-0.08,-1.65,7006.2,3307.5172
2328,000587.SZ,20080710,4.99,5.01,4.82,4.84,5.01,-0.17,-3.39,12772.45,6282.2876
2329,000587.SZ,20080709,4.98,5.02,4.87,5.01,4.93,0.08,1.62,12925.53,6410.319
2330,000587.SZ,20080708,4.94,5.05,4.79,4.93,4.84,0.09,1.86,5896.72,2892.4081
2331,000587.SZ,20080707,4.78,4.94,4.7,4.84,4.7,0.14,2.98,13108.75,6382.4213
2332,000587.SZ,20080704,4.71,4.82,4.67,4.7,4.82,-0.12,-2.49,3376.31,1595.9166
2333,000587.SZ,20080703,4.5,4.83,4.46,4.82,4.6,0.22,4.78,6670.59,3128.6355
2334,000587.SZ,20080702,4.58,4.62,4.36,4.6,4.51,0.09,2.0,5905.86,2688.503
2335,000587.SZ,20080701,4.51,4.62,4.41,4.51,4.5,0.01,0.22,5953.37,2696.5602
2336,000587.SZ,20080630,4.33,4.59,4.32,4.5,4.54,-0.04,-0.88,5414.7,2421.992
2337,000587.SZ,20080627,4.77,4.77,4.54,4.54,4.78,-0.24,-5.02,13098.0,6000.73
2338,000587.SZ,20080626,4.78,4.78,4.62,4.78,4.55,0.23,5.05,17179.7,8202.8708
2339,000587.SZ,20080625,4.33,4.55,4.28,4.55,4.33,0.22,5.08,5446.73,2457.7924
2340,000587.SZ,20080624,4.4,4.41,4.21,4.33,4.43,-0.1,-2.26,12784.81,5514.4215
2341,000587.SZ,20080623,4.55,4.65,4.43,4.43,4.66,-0.23,-4.94,9190.88,4113.2986
2342,000587.SZ,20080620,4.66,4.99,4.66,4.66,4.9,-0.24,-4.9,14938.17,7073.3572
2343,000587.SZ,20080619,5.13,5.13,4.9,4.9,5.16,-0.26,-5.04,10462.7,5166.6163
2344,000587.SZ,20080618,4.98,5.23,4.79,5.16,5.04,0.12,2.38,13853.76,6874.3204
2345,000587.SZ,20080617,5.38,5.46,5.04,5.04,5.3,-0.26,-4.91,9840.4,5136.287
2346,000587.SZ,20080616,5.55,5.55,5.3,5.3,5.58,-0.28,-5.02,12083.04,6446.1722
2347,000587.SZ,20080613,5.87,5.89,5.58,5.58,5.87,-0.29,-4.94,10113.4,5683.1802
2348,000587.SZ,20080612,6.03,6.23,5.87,5.87,6.18,-0.31,-5.02,19416.9,11573.6507
2349,000587.SZ,20080611,6.18,6.26,6.18,6.18,6.51,-0.33,-5.07,11031.0,6821.284
2350,000587.SZ,20080610,6.63,6.84,6.51,6.51,6.85,-0.34,-4.96,15348.0,10058.915
2351,000587.SZ,20080606,6.8,7.11,6.69,6.85,6.98,-0.13,-1.86,21766.06,15000.8589
2352,000587.SZ,20080605,7.45,7.63,6.98,6.98,7.35,-0.37,-5.03,34865.8,25241.8992
2353,000587.SZ,20080604,7.0,7.35,6.89,7.35,7.0,0.35,5.0,35103.94,25644.6388
2354,000587.SZ,20080603,7.2,7.39,6.86,7.0,7.08,-0.08,-1.13,27555.71,19571.2436
2355,000587.SZ,20080602,6.78,7.08,6.7,7.08,6.74,0.34,5.04,15478.77,10852.0346
2356,000587.SZ,20080530,6.47,6.74,6.37,6.74,6.42,0.32,4.98,41128.52,27596.6294
2357,000587.SZ,20080529,6.27,6.64,6.27,6.42,6.32,0.1,1.58,24449.5,15934.8997
2358,000587.SZ,20080528,6.33,6.38,6.21,6.32,6.33,-0.01,-0.16,11517.46,7222.6733
2359,000587.SZ,20080527,6.21,6.4,6.0,6.33,6.24,0.09,1.44,25274.82,15590.3402
2360,000587.SZ,20080526,6.0,6.24,5.9,6.24,5.94,0.3,5.05,38585.21,23968.0947
2361,000587.SZ,20080523,5.91,6.05,5.74,5.94,6.0,-0.06,-1.0,10925.0,6427.3232
2362,000587.SZ,20080522,6.06,6.06,5.9,6.0,6.06,-0.06,-0.99,11744.52,7020.8307
2363,000587.SZ,20080521,5.95,6.09,5.95,6.06,6.26,-0.2,-3.19,16601.64,9914.9289
2364,000587.SZ,20080519,5.98,6.26,5.91,6.26,6.03,0.23,3.81,18729.17,11524.6336
2365,000587.SZ,20080516,6.26,6.42,6.01,6.03,6.33,-0.3,-4.74,28248.19,17189.5892
2366,000587.SZ,20080515,6.15,6.36,6.14,6.33,6.06,0.27,4.46,25915.55,16415.596
2367,000587.SZ,20080514,5.76,6.06,5.76,6.06,5.77,0.29,5.03,31696.47,19061.2793
2368,000587.SZ,20080513,5.6,5.81,5.5,5.77,5.73,0.04,0.7,18105.31,10308.435
2369,000587.SZ,20080512,5.61,5.82,5.58,5.73,5.72,0.01,0.17,17506.09,9958.6978
2370,000587.SZ,20080509,5.71,5.88,5.6,5.72,5.71,0.01,0.18,19775.88,11374.3195
2371,000587.SZ,20080508,5.63,5.79,5.63,5.71,5.93,-0.22,-3.71,41762.55,23644.0876
2372,000587.SZ,20080507,5.95,6.1,5.93,5.93,6.24,-0.31,-4.97,45974.6,27417.3959
2373,000587.SZ,20080506,6.2,6.36,6.09,6.24,6.23,0.01,0.16,18036.63,11270.5863
2374,000587.SZ,20080505,6.09,6.28,6.02,6.23,6.09,0.14,2.3,16900.15,10346.3877
2375,000587.SZ,20080430,6.0,6.26,5.96,6.09,5.97,0.12,2.01,20391.48,12409.9521
2376,000587.SZ,20080429,5.65,5.97,5.65,5.97,5.69,0.28,4.92,13440.38,7975.6702
2377,000587.SZ,20080428,5.6,5.74,5.58,5.69,5.77,-0.08,-1.39,12514.18,7079.6241
2378,000587.SZ,20080425,5.58,5.79,5.42,5.77,5.51,0.26,4.72,29341.63,16774.414
2379,000587.SZ,20080424,5.51,5.51,5.4,5.51,5.25,0.26,4.95,15637.99,8609.0816
2380,000587.SZ,20080423,5.04,5.29,4.97,5.25,5.04,0.21,4.17,11369.41,5954.2223
2381,000587.SZ,20080422,5.05,5.15,4.98,5.04,5.24,-0.2,-3.82,10307.73,5154.8093
2382,000587.SZ,20080421,5.8,5.8,5.24,5.24,5.52,-0.28,-5.07,16827.41,9079.1027
2383,000587.SZ,20080418,5.84,5.84,5.52,5.52,5.81,-0.29,-4.99,11122.22,6196.9575
2384,000587.SZ,20080417,6.08,6.17,5.71,5.81,6.0,-0.19,-3.17,8954.61,5301.6554
2385,000587.SZ,20080416,6.23,6.29,6.0,6.0,6.25,-0.25,-4.0,6044.97,3729.0975
2386,000587.SZ,20080415,6.12,6.33,6.07,6.25,6.39,-0.14,-2.19,11517.49,7071.0238
2387,000587.SZ,20080414,6.48,6.63,6.39,6.39,6.73,-0.34,-5.05,11539.57,7481.4545
2388,000587.SZ,20080411,6.34,6.85,6.34,6.73,6.67,0.06,0.9,27700.95,17973.2211
2389,000587.SZ,20080410,6.37,6.68,6.3,6.67,6.5,0.17,2.62,9186.58,5949.8965
2390,000587.SZ,20080409,6.64,6.99,6.4,6.5,6.66,-0.16,-2.4,22840.84,15587.1551
2391,000587.SZ,20080408,6.45,6.68,6.37,6.66,6.36,0.3,4.72,16625.12,10928.4711
2392,000587.SZ,20080407,6.0,6.36,5.91,6.36,6.06,0.3,4.95,9298.7,5819.5202
2393,000587.SZ,20080403,5.94,6.17,5.94,6.06,6.25,-0.19,-3.04,15246.44,9129.4154
2394,000587.SZ,20080402,6.48,6.49,6.25,6.25,6.58,-0.33,-5.02,12881.86,8100.1855
2395,000587.SZ,20080401,6.93,7.06,6.58,6.58,6.93,-0.35,-5.05,9039.8,6108.1047
2396,000587.SZ,20080331,7.02,7.15,6.93,6.93,7.29,-0.36,-4.94,10325.64,7213.2225
2397,000587.SZ,20080328,7.11,7.32,7.03,7.29,7.4,-0.11,-1.49,15412.22,10981.4181
2398,000587.SZ,20080327,7.7,7.76,7.4,7.4,7.79,-0.39,-5.01,10848.9,8093.2719
2399,000587.SZ,20080326,7.8,7.9,7.72,7.79,7.8,-0.01,-0.13,6296.97,4917.6712
2400,000587.SZ,20080325,7.73,7.89,7.56,7.8,7.78,0.02,0.26,9656.91,7465.4051
2401,000587.SZ,20080324,7.89,8.06,7.77,7.78,7.94,-0.16,-2.02,12747.8,10090.4641
2402,000587.SZ,20080321,7.65,7.99,7.4,7.94,7.74,0.2,2.58,13045.78,10191.8856
2403,000587.SZ,20080320,7.65,7.83,7.32,7.74,7.7,0.04,0.52,20057.82,15030.2518
2404,000587.SZ,20080319,7.42,7.94,7.32,7.7,7.7,0.0,0.0,16424.06,12388.1211
2405,000587.SZ,20080318,7.83,7.96,7.7,7.7,8.11,-0.41,-5.06,10278.5,7959.049
2406,000587.SZ,20080317,8.43,8.69,8.11,8.11,8.54,-0.43,-5.04,15067.8,12405.8593
2407,000587.SZ,20080314,8.64,8.74,8.41,8.54,8.69,-0.15,-1.73,8733.4,7454.6446
2408,000587.SZ,20080313,9.03,9.05,8.6,8.69,9.05,-0.36,-3.98,13054.69,11500.662
2409,000587.SZ,20080312,8.95,9.1,8.82,9.05,8.92,0.13,1.46,13336.41,11988.9986
2410,000587.SZ,20080311,8.48,8.93,8.48,8.92,8.67,0.25,2.88,8839.91,7749.113
2411,000587.SZ,20080310,9.02,9.02,8.6,8.67,9.05,-0.38,-4.2,16120.39,14155.8978
2412,000587.SZ,20080307,9.1,9.17,9.0,9.05,9.06,-0.01,-0.11,10634.8,9648.3786
2413,000587.SZ,20080306,9.0,9.15,8.88,9.06,8.95,0.11,1.23,17031.45,15376.6515
2414,000587.SZ,20080305,9.0,9.1,8.81,8.95,9.08,-0.13,-1.43,14444.15,12902.1673
2415,000587.SZ,20080304,9.25,9.29,9.02,9.08,9.25,-0.17,-1.84,17923.9,16406.1364
2416,000587.SZ,20080303,9.05,9.29,9.0,9.25,9.14,0.11,1.2,19244.22,17593.5672
2417,000587.SZ,20080229,9.05,9.35,9.01,9.14,9.03,0.11,1.22,15071.79,13871.858
2418,000587.SZ,20080228,8.94,9.11,8.92,9.03,8.94,0.09,1.01,8606.16,7769.3914
2419,000587.SZ,20080227,8.85,9.08,8.78,8.94,8.74,0.2,2.29,8337.29,7458.8532
2420,000587.SZ,20080226,9.02,9.2,8.53,8.74,8.98,-0.24,-2.67,16944.96,14912.611
2421,000587.SZ,20080225,9.49,9.49,8.98,8.98,9.45,-0.47,-4.97,14590.5,13278.1928
2422,000587.SZ,20080222,9.36,9.77,9.27,9.45,9.46,-0.01,-0.11,18325.03,17365.0948
2423,000587.SZ,20080221,9.3,9.62,9.19,9.46,9.26,0.2,2.16,18562.17,17469.0874
2424,000587.SZ,20080220,9.58,9.59,9.26,9.26,9.58,-0.32,-3.34,15222.73,14293.967
2425,000587.SZ,20080219,9.25,9.65,9.24,9.58,9.26,0.32,3.46,18632.62,17518.0175
2426,000587.SZ,20080218,9.44,9.44,9.25,9.26,9.19,0.07,0.76,19569.81,18246.7186
2427,000587.SZ,20080215,9.07,9.31,9.01,9.19,9.12,0.07,0.77,13089.43,12007.341
2428,000587.SZ,20080214,9.0,9.17,8.96,9.12,8.9,0.22,2.47,11470.84,10381.0647
2429,000587.SZ,20080213,9.12,9.18,8.81,8.9,9.27,-0.37,-3.99,17585.63,15712.3216
2430,000587.SZ,20080205,9.01,9.33,8.9,9.27,9.12,0.15,1.64,18485.56,16990.9854
2431,000587.SZ,20080204,8.7,9.14,8.65,9.12,8.71,0.41,4.71,22776.9,20513.3426
2432,000587.SZ,20080201,9.1,9.19,8.71,8.71,9.17,-0.46,-5.02,16960.1,14991.6147
2433,000587.SZ,20080131,8.67,9.17,8.63,9.17,8.73,0.44,5.04,23828.38,21203.7986
2434,000587.SZ,20080130,8.89,9.15,8.61,8.73,8.83,-0.1,-1.13,20057.33,17814.5647
2435,000587.SZ,20080129,8.62,8.86,8.62,8.83,9.07,-0.24,-2.65,36511.35,31546.2309
2436,000587.SZ,20080128,9.5,9.5,9.07,9.07,9.55,-0.48,-5.03,20291.8,18539.8054
2437,000587.SZ,20080125,9.62,9.77,9.39,9.55,9.77,-0.22,-2.25,35003.95,33542.2215
2438,000587.SZ,20080124,9.28,10.2,9.28,9.77,9.76,0.01,0.1,54162.29,51732.6172
2439,000587.SZ,20080123,9.76,9.76,9.76,9.76,10.27,-0.51,-4.97,2442.0,2383.392
2440,000587.SZ,20080122,10.27,10.27,10.27,10.27,10.81,-0.54,-5.0,396.0,406.692
2441,000587.SZ,20080121,11.41,11.5,10.81,10.81,11.38,-0.57,-5.01,6879.0,7530.491
2442,000587.SZ,20080117,11.9,12.19,11.04,11.38,11.61,-0.23,-1.98,89020.82,104841.1151
2443,000587.SZ,20080116,11.2,11.61,11.2,11.61,11.06,0.55,4.97,30503.3,35239.6728
2444,000587.SZ,20080115,10.65,11.06,10.6,11.06,10.53,0.53,5.03,28599.1,31490.3615
2445,000587.SZ,20080114,10.3,10.53,10.11,10.53,10.03,0.5,4.99,43619.13,45435.7475
2446,000587.SZ,20080111,9.58,10.03,9.51,10.03,9.55,0.48,5.03,50467.69,50231.9829
2447,000587.SZ,20080110,9.36,9.9,9.36,9.55,9.5,0.05,0.53,31011.04,29842.0277
2448,000587.SZ,20080109,9.3,9.63,9.18,9.5,9.48,0.02,0.21,49510.44,46632.0956
2449,000587.SZ,20080108,9.47,9.48,9.18,9.48,9.03,0.45,4.98,31985.01,30250.2538
2450,000587.SZ,20080107,9.2,9.49,9.01,9.03,9.2,-0.17,-1.85,38911.86,35685.4466
2451,000587.SZ,20080104,9.2,9.2,8.93,9.2,8.76,0.44,5.02,93973.1,86014.2663
2452,000587.SZ,20080103,8.76,8.76,8.76,8.76,8.34,0.42,5.04,1543.13,1351.7819
2453,000587.SZ,20080102,8.34,8.34,8.34,8.34,7.94,0.4,5.04,1418.29,1182.8539
2454,000587.SZ,20071224,7.8,7.94,7.5,7.94,7.56,0.38,5.03,63412.02,49404.2015
2455,000587.SZ,20071221,7.25,7.56,7.25,7.56,7.2,0.36,5.0,45827.46,34623.5124
2456,000587.SZ,20071220,7.15,7.3,7.11,7.2,7.17,0.03,0.42,16502.33,11911.1675
2457,000587.SZ,20071219,7.0,7.33,7.0,7.17,6.98,0.19,2.72,27179.71,19722.165
2458,000587.SZ,20071218,7.08,7.16,6.88,6.98,7.13,-0.15,-2.1,11891.03,8332.9369
2459,000587.SZ,20071217,7.34,7.4,6.96,7.13,7.29,-0.16,-2.19,17837.52,12722.5446
2460,000587.SZ,20071214,7.19,7.29,7.09,7.29,7.33,-0.04,-0.55,24713.38,17727.4356
2461,000587.SZ,20071213,7.4,7.58,7.25,7.33,7.22,0.11,1.52,52229.45,39188.4143
2462,000587.SZ,20071212,7.23,7.44,7.1,7.22,7.3,-0.08,-1.1,16616.92,11963.7537
2463,000587.SZ,20071211,6.95,7.33,6.88,7.3,6.98,0.32,4.58,25833.24,18490.1951
2464,000587.SZ,20071210,6.78,7.05,6.71,6.98,6.87,0.11,1.6,16446.28,11431.2625
2465,000587.SZ,20071207,6.87,6.96,6.8,6.87,6.86,0.01,0.15,11920.38,8214.3554
2466,000587.SZ,20071206,6.66,6.87,6.66,6.86,6.7,0.16,2.39,10845.56,7374.4433
2467,000587.SZ,20071205,6.77,6.8,6.6,6.7,6.78,-0.08,-1.18,12253.31,8207.8074
2468,000587.SZ,20071204,6.7,6.93,6.67,6.78,6.73,0.05,0.74,12035.96,8159.5133
2469,000587.SZ,20071203,6.7,6.8,6.5,6.73,6.8,-0.07,-1.03,11596.85,7692.2599
2470,000587.SZ,20071130,6.77,7.02,6.73,6.8,6.69,0.11,1.64,30018.22,20825.9397
2471,000587.SZ,20071129,6.61,6.78,6.54,6.69,6.68,0.01,0.15,14363.17,9549.018
2472,000587.SZ,20071128,6.37,6.75,6.37,6.68,6.43,0.25,3.89,36678.15,24605.5242
2473,000587.SZ,20071127,6.16,6.5,6.15,6.43,6.24,0.19,3.04,9812.98,6220.5478
2474,000587.SZ,20071126,6.26,6.42,6.18,6.24,6.16,0.08,1.3,11350.1,7182.0717
2475,000587.SZ,20071123,6.11,6.18,5.96,6.16,6.23,-0.07,-1.12,9705.84,5894.1186
2476,000587.SZ,20071122,6.51,6.54,6.23,6.23,6.56,-0.33,-5.03,12109.82,7593.8502
2477,000587.SZ,20071121,6.6,6.74,6.55,6.56,6.68,-0.12,-1.8,10784.73,7155.407
2478,000587.SZ,20071120,6.69,6.75,6.54,6.68,6.69,-0.01,-0.15,10968.25,7328.679
2479,000587.SZ,20071119,6.51,6.7,6.4,6.69,6.46,0.23,3.56,11178.71,7354.7257
2480,000587.SZ,20071116,6.43,6.49,6.35,6.46,6.42,0.04,0.62,6564.83,4209.9278
2481,000587.SZ,20071115,6.45,6.59,6.38,6.42,6.42,0.0,0.0,10220.14,6605.3208
2482,000587.SZ,20071114,6.28,6.53,6.28,6.42,6.3,0.12,1.9,12300.41,7883.8506
2483,000587.SZ,20071113,6.45,6.5,6.2,6.3,6.39,-0.09,-1.41,13533.72,8613.8195
2484,000587.SZ,20071112,5.98,6.39,5.98,6.39,6.09,0.3,4.93,25898.8,16464.0216
2485,000587.SZ,20071109,6.32,6.32,6.05,6.09,6.37,-0.28,-4.4,17737.78,10824.5004
2486,000587.SZ,20071108,6.6,6.67,6.37,6.37,6.7,-0.33,-4.93,10504.01,6754.4404
2487,000587.SZ,20071107,6.83,6.85,6.56,6.7,6.8,-0.1,-1.47,10808.11,7264.6116
2488,000587.SZ,20071106,6.78,7.08,6.63,6.8,6.83,-0.03,-0.44,20484.18,14049.8853
2489,000587.SZ,20071105,6.45,6.83,6.27,6.83,6.5,0.33,5.08,26786.42,17981.79
2490,000587.SZ,20071102,6.35,6.7,6.15,6.5,6.43,0.07,1.09,20156.04,13087.5583
2491,000587.SZ,20071101,6.57,6.63,6.3,6.43,6.51,-0.08,-1.23,22136.86,14311.6831
2492,000587.SZ,20071031,6.2,6.51,6.14,6.51,6.2,0.31,5.0,36596.66,23667.3244
2493,000587.SZ,20071030,5.9,6.28,5.89,6.2,6.2,0.0,0.0,31458.52,18974.3298
2494,000587.SZ,20071029,6.13,6.24,5.88,6.2,6.14,0.06,0.98,19428.04,11769.9363
2495,000587.SZ,20071026,6.06,6.28,6.06,6.14,6.38,-0.24,-3.76,40092.82,24372.0441
2496,000587.SZ,20071025,6.8,6.89,6.38,6.38,6.72,-0.34,-5.06,17770.12,11538.2263
2497,000587.SZ,20071024,6.79,7.08,6.6,6.72,6.79,-0.07,-1.03,14030.3,9574.774
2498,000587.SZ,20071023,7.0,7.07,6.68,6.79,7.03,-0.24,-3.41,27934.41,18764.1859
2499,000587.SZ,20071022,7.35,7.35,7.03,7.03,7.4,-0.37,-5.0,22334.0,15730.5567
2500,000587.SZ,20071019,7.6,7.78,7.4,7.4,7.6,-0.2,-2.63,10276.81,7813.0336
2501,000587.SZ,20071018,7.79,7.97,7.6,7.6,7.83,-0.23,-2.94,14183.0,11086.9837
2502,000587.SZ,20071017,7.79,8.02,7.57,7.83,7.77,0.06,0.77,18747.78,14675.5758
2503,000587.SZ,20071016,7.45,7.77,7.38,7.77,7.4,0.37,5.0,17141.86,13014.9709
2504,000587.SZ,20071015,7.64,7.8,7.28,7.4,7.64,-0.24,-3.14,17714.01,13264.8055
2505,000587.SZ,20071012,7.68,7.8,7.46,7.64,7.85,-0.21,-2.68,25678.03,19295.0978
2506,000587.SZ,20071011,8.3,8.35,7.85,7.85,8.26,-0.41,-4.96,29483.16,23339.7856
2507,000587.SZ,20071010,8.53,8.56,8.25,8.26,8.5,-0.24,-2.82,19103.96,15977.3649
2508,000587.SZ,20071009,8.63,8.7,8.25,8.5,8.58,-0.08,-0.93,21792.8,18380.244
2509,000587.SZ,20071008,8.95,9.08,8.48,8.58,8.86,-0.28,-3.16,25036.1,21790.0607
2510,000587.SZ,20070928,8.81,8.95,8.73,8.86,8.81,0.05,0.57,23044.87,20441.9122
2511,000587.SZ,20070927,8.84,8.91,8.56,8.81,9.01,-0.2,-2.22,33738.64,29274.6534
2512,000587.SZ,20070926,8.67,9.01,8.51,9.01,8.58,0.43,5.01,64983.38,58420.0103
2513,000587.SZ,20070925,8.45,8.74,8.41,8.58,8.44,0.14,1.66,23942.34,20591.3106
2514,000587.SZ,20070924,8.4,8.6,8.35,8.44,8.41,0.03,0.36,22803.03,19333.5086
2515,000587.SZ,20070921,8.73,8.87,8.33,8.41,8.77,-0.36,-4.1,32210.11,27315.0108
2516,000587.SZ,20070920,8.48,8.78,8.34,8.77,8.36,0.41,4.9,37950.8,32765.7546
2517,000587.SZ,20070919,8.54,8.73,8.3,8.36,8.55,-0.19,-2.22,21483.22,18077.826
2518,000587.SZ,20070918,8.4,8.7,8.33,8.55,8.35,0.2,2.4,20934.42,17808.1513
2519,000587.SZ,20070917,8.19,8.48,8.19,8.35,8.35,0.0,0.0,18645.38,15544.9178
2520,000587.SZ,20070914,8.37,8.61,8.16,8.35,8.41,-0.06,-0.71,21956.73,18386.3446
2521,000587.SZ,20070913,8.25,8.43,8.06,8.41,8.28,0.13,1.57,21657.26,17930.961
2522,000587.SZ,20070912,8.31,8.65,8.25,8.28,8.68,-0.4,-4.61,40674.42,33658.3028
2523,000587.SZ,20070911,8.9,9.35,8.68,8.68,9.14,-0.46,-5.03,32115.68,28618.9895
2524,000587.SZ,20070910,8.89,9.14,8.65,9.14,9.11,0.03,0.33,60278.33,52587.2952
2525,000587.SZ,20070907,8.8,9.11,8.8,9.11,8.68,0.43,4.95,30777.44,27989.0817
2526,000587.SZ,20070906,8.9,8.9,8.52,8.68,8.62,0.06,0.7,47554.77,41324.7248
2527,000587.SZ,20070905,8.17,8.62,8.13,8.62,8.21,0.41,4.99,38650.38,33125.1548
2528,000587.SZ,20070904,8.09,8.21,7.73,8.21,7.94,0.27,3.4,40099.99,32038.9829
2529,000587.SZ,20070903,8.01,8.28,7.89,7.94,7.92,0.02,0.25,31158.17,25006.4602
2530,000587.SZ,20070831,8.0,8.16,7.8,7.92,7.77,0.15,1.93,34582.6,27561.4362
2531,000587.SZ,20070830,7.36,7.77,7.36,7.77,7.4,0.37,5.0,11879.2,9151.6781
2532,000587.SZ,20070829,7.3,7.58,7.2,7.4,7.41,-0.01,-0.14,24115.88,17785.0279
2533,000587.SZ,20070828,7.61,7.92,7.41,7.41,7.8,-0.39,-5.0,35723.21,27063.3523
2534,000587.SZ,20070827,8.29,8.29,7.69,7.8,7.98,-0.18,-2.26,50324.15,39854.3052
2535,000587.SZ,20070824,7.78,7.98,7.73,7.98,7.6,0.38,5.0,24628.08,19567.5631
2536,000587.SZ,20070823,7.24,7.6,7.24,7.6,7.24,0.36,4.97,38250.48,28913.8598
2537,000587.SZ,20070822,7.22,7.39,7.1,7.24,7.22,0.02,0.28,23503.03,17106.3405
2538,000587.SZ,20070821,7.42,7.42,7.16,7.22,7.39,-0.17,-2.3,27687.69,20100.1641
2539,000587.SZ,20070820,7.28,7.48,7.26,7.39,7.25,0.14,1.93,27487.23,20205.8953
2540,000587.SZ,20070817,7.15,7.42,7.1,7.25,7.2,0.05,0.69,28417.18,20651.1403
2541,000587.SZ,20070816,7.16,7.29,7.02,7.2,7.21,-0.01,-0.14,20541.98,14721.041
2542,000587.SZ,20070815,7.28,7.39,6.96,7.21,7.27,-0.06,-0.83,37260.43,26581.1193
2543,000587.SZ,20070814,7.43,7.5,7.15,7.27,7.25,0.02,0.28,37238.31,27215.4401
2544,000587.SZ,20070813,6.85,7.25,6.8,7.25,6.9,0.35,5.07,44095.83,31875.7469
2545,000587.SZ,20070810,7.28,7.3,6.9,6.9,7.26,-0.36,-4.96,31496.28,22103.2911
2546,000587.SZ,20070809,7.14,7.4,7.08,7.26,7.18,0.08,1.11,27410.84,19858.8513
2547,000587.SZ,20070808,6.98,7.19,6.83,7.18,6.85,0.33,4.82,44880.96,31821.184
2548,000587.SZ,20070807,6.74,7.03,6.63,6.85,6.75,0.1,1.48,22316.65,15377.0035
2549,000587.SZ,20070806,6.73,6.8,6.58,6.75,6.7,0.05,0.75,17761.76,11880.3734
2550,000587.SZ,20070803,6.7,6.8,6.45,6.7,6.7,0.0,0.0,21541.05,14226.3216
2551,000587.SZ,20070802,6.47,6.73,6.41,6.7,6.65,0.05,0.75,24830.76,16466.153
2552,000587.SZ,20070801,7.04,7.15,6.65,6.65,7.0,-0.35,-5.0,35716.3,24517.554
2553,000587.SZ,20070731,7.07,7.2,6.94,7.0,7.04,-0.04,-0.57,32889.54,23190.1993
2554,000587.SZ,20070730,7.03,7.23,6.92,7.04,7.02,0.02,0.28,33543.8,23789.6885
2555,000587.SZ,20070727,6.84,7.14,6.8,7.02,6.9,0.12,1.74,32301.22,22683.0349
2556,000587.SZ,20070726,6.7,7.03,6.64,6.9,6.7,0.2,2.99,26214.86,17995.916
2557,000587.SZ,20070725,6.65,6.82,6.6,6.7,6.65,0.05,0.75,21684.36,14509.3569
2558,000587.SZ,20070724,7.01,7.05,6.65,6.65,7.0,-0.35,-5.0,29055.0,19968.4651
2559,000587.SZ,20070723,7.15,7.38,6.92,7.0,7.04,-0.04,-0.57,27883.23,19802.1256
2560,000587.SZ,20070720,6.6,7.04,6.6,7.04,6.7,0.34,5.07,17855.97,12417.6191
2561,000587.SZ,20070719,6.81,7.0,6.38,6.7,6.68,0.02,0.3,33748.03,22923.4564
2562,000587.SZ,20070718,6.36,6.68,6.2,6.68,6.36,0.32,5.03,19354.93,12862.7544
2563,000587.SZ,20070717,6.18,6.53,5.94,6.36,6.25,0.11,1.76,37893.4,23199.0452
2564,000587.SZ,20070716,6.49,6.55,6.02,6.25,6.25,0.0,0.0,35026.81,21959.1569
2565,000587.SZ,20070713,6.25,6.25,5.95,6.25,5.95,0.3,5.04,19533.49,12192.5559
2566,000587.SZ,20070712,5.95,5.95,5.95,5.95,5.67,0.28,4.94,12379.23,7365.6419
2567,000587.SZ,20070711,5.31,5.67,5.3,5.67,5.4,0.27,5.0,19207.37,10699.3183
2568,000587.SZ,20070710,5.5,5.73,5.32,5.4,5.46,-0.06,-1.1,37693.33,20983.3109
2569,000587.SZ,20070709,5.18,5.46,5.1,5.46,5.2,0.26,5.0,40973.11,22102.9049
2570,000587.SZ,20070706,5.25,5.29,4.99,5.2,5.25,-0.05,-0.95,42568.17,21672.8208
2571,000587.SZ,20070705,4.93,5.25,4.83,5.25,5.0,0.25,5.0,37935.37,19476.3064
2572,000587.SZ,20070704,4.99,5.16,4.9,5.0,5.01,-0.01,-0.2,17193.23,8646.6346
2573,000587.SZ,20070703,5.06,5.17,4.82,5.01,5.07,-0.06,-1.18,34155.21,16762.2122
2574,000587.SZ,20070702,5.15,5.28,5.07,5.07,5.34,-0.27,-5.06,19017.13,9674.3808
2575,000587.SZ,20070629,5.47,5.47,5.34,5.34,5.62,-0.28,-4.98,24171.5,12935.6758
2576,000587.SZ,20070628,5.78,6.18,5.62,5.62,5.92,-0.3,-5.07,33852.37,19795.7126
2577,000587.SZ,20070627,5.46,5.98,5.46,5.92,5.75,0.17,2.96,55515.64,31034.1495
2578,000587.SZ,20070626,5.75,5.75,5.75,5.75,6.05,-0.3,-4.96,1548.0,890.1
2579,000587.SZ,20070625,6.05,6.15,6.05,6.05,6.37,-0.32,-5.02,9476.0,5745.725
2580,000587.SZ,20070622,6.62,6.72,6.37,6.37,6.7,-0.33,-4.93,26588.11,17213.338
2581,000587.SZ,20070621,6.9,7.21,6.65,6.7,7.0,-0.3,-4.29,44735.89,30446.7973
2582,000587.SZ,20070620,7.33,7.37,6.94,7.0,7.29,-0.29,-3.98,40684.44,29462.662
2583,000587.SZ,20070619,7.0,7.35,6.95,7.29,7.08,0.21,2.97,32812.73,23674.6023
2584,000587.SZ,20070618,7.0,7.33,6.88,7.08,7.24,-0.16,-2.21,50594.52,35634.0751
2585,000587.SZ,20070615,7.95,7.95,7.24,7.24,7.62,-0.38,-4.99,101027.19,76793.2817
2586,000587.SZ,20070614,7.48,7.62,7.4,7.62,7.26,0.36,4.96,35504.09,26943.8518
2587,000587.SZ,20070613,6.94,7.29,6.84,7.26,6.94,0.32,4.61,72426.09,51792.666
2588,000587.SZ,20070612,7.11,7.33,6.94,6.94,7.31,-0.37,-5.06,24227.54,16936.2681
2589,000587.SZ,20070611,7.89,7.94,7.31,7.31,7.69,-0.38,-4.94,58978.99,43978.8295
2590,000587.SZ,20070608,7.41,7.69,7.41,7.69,7.32,0.37,5.05,76182.87,58299.1768
2591,000587.SZ,20070607,7.32,7.5,7.32,7.32,7.7,-0.38,-4.94,39910.35,29253.1686
2592,000587.SZ,20070606,7.7,8.1,7.7,7.7,8.11,-0.41,-5.06,70035.38,54265.5643
2593,000587.SZ,20070605,8.11,8.11,8.11,8.11,8.54,-0.43,-5.04,148.0,120.028
2594,000587.SZ,20070604,8.54,8.54,8.54,8.54,8.99,-0.45,-5.01,1693.0,1445.822
2595,000587.SZ,20070601,8.99,8.99,8.99,8.99,9.46,-0.47,-4.97,1306.0,1174.094
2596,000587.SZ,20070531,9.46,9.46,9.46,9.46,9.96,-0.5,-5.02,6286.0,5946.556
2597,000587.SZ,20070530,9.96,10.48,9.96,9.96,10.48,-0.52,-4.96,54753.46,54821.4743
2598,000587.SZ,20070529,10.0,10.48,9.86,10.48,9.98,0.5,5.01,37609.64,39212.929
2599,000587.SZ,20070528,9.95,10.15,9.74,9.98,9.95,0.03,0.3,50709.09,50568.3599
2600,000587.SZ,20070525,9.91,10.29,9.6,9.95,10.1,-0.15,-1.49,61952.34,61199.9288
2601,000587.SZ,20070524,10.33,10.4,9.61,10.1,9.9,0.2,2.02,106978.99,108426.6088
2602,000587.SZ,20070523,9.9,9.9,9.9,9.9,9.43,0.47,4.98,5688.5,5631.615
2603,000587.SZ,20070521,8.86,9.43,8.65,9.43,8.98,0.45,5.01,55735.82,52015.5671
2604,000587.SZ,20070518,8.6,8.98,8.53,8.98,8.55,0.43,5.03,41217.74,36717.93
2605,000587.SZ,20070517,8.3,8.66,8.16,8.55,8.25,0.3,3.64,50020.33,42689.8446
2606,000587.SZ,20070516,7.9,8.3,7.7,8.25,8.08,0.17,2.1,60794.17,48436.2704
2607,000587.SZ,20070515,8.93,8.93,8.08,8.08,8.51,-0.43,-5.05,90168.8,75621.3957
2608,000587.SZ,20070514,8.5,8.51,8.49,8.51,8.1,0.41,5.06,6644.81,5652.9733
2609,000587.SZ,20070511,7.95,8.1,7.81,8.1,7.71,0.39,5.06,26818.93,21561.9711
2610,000587.SZ,20070510,7.61,7.71,7.47,7.71,7.34,0.37,5.04,20450.64,15671.473
2611,000587.SZ,20070509,6.96,7.34,6.78,7.34,6.99,0.35,5.01,70947.35,51028.874
2612,000587.SZ,20070508,6.76,7.08,6.69,6.99,7.0,-0.01,-0.14,70013.57,48136.386
2613,000587.SZ,20070427,6.96,7.0,6.78,7.0,6.67,0.33,4.95,59697.59,41303.7862
2614,000587.SZ,20070425,6.29,6.68,6.13,6.67,6.36,0.31,4.87,69688.59,45385.9783
2615,000587.SZ,20070424,6.59,6.59,6.35,6.36,6.68,-0.32,-4.79,76405.72,48741.7473
2616,000587.SZ,20070423,6.9,6.98,6.56,6.68,6.91,-0.23,-3.33,86024.7,58108.8389
2617,000587.SZ,20070420,6.72,6.91,6.72,6.91,6.58,0.33,5.02,41705.43,28782.374
2618,000587.SZ,20070419,6.88,6.88,6.26,6.58,6.55,0.03,0.46,124954.62,83914.8704
2619,000587.SZ,20070418,6.4,6.55,6.24,6.55,6.24,0.31,4.97,12538.79,8160.6416
2620,000587.SZ,20070417,6.24,6.24,6.0,6.24,5.94,0.3,5.05,62731.68,39102.9044
2621,000587.SZ,20070416,5.77,5.94,5.77,5.94,5.66,0.28,4.95,30242.76,17933.2284
2622,000587.SZ,20070413,5.47,5.74,5.4,5.66,5.47,0.19,3.47,83040.63,46931.8001
2623,000587.SZ,20070412,5.31,5.58,5.27,5.47,5.31,0.16,3.01,55228.03,30172.7684
2624,000587.SZ,20070411,5.38,5.44,5.26,5.31,5.42,-0.11,-2.03,30760.69,16397.8099
2625,000587.SZ,20070410,5.4,5.44,5.2,5.42,5.43,-0.01,-0.18,39738.78,21143.3283
2626,000587.SZ,20070409,5.42,5.48,5.12,5.43,5.39,0.04,0.74,56149.15,29538.2266
2627,000587.SZ,20070406,5.41,5.56,5.35,5.39,5.48,-0.09,-1.64,31138.07,16937.7366
2628,000587.SZ,20070405,5.56,5.61,5.35,5.48,5.58,-0.1,-1.79,33617.21,18380.8986
2629,000587.SZ,20070404,5.51,5.64,5.44,5.58,5.52,0.06,1.09,40253.45,22256.9438
2630,000587.SZ,20070403,5.56,5.73,5.4,5.52,5.46,0.06,1.1,70420.78,39189.0629
2631,000587.SZ,20070402,5.2,5.46,5.12,5.46,5.2,0.26,5.0,56332.33,30186.8806
2632,000587.SZ,20070330,4.91,5.29,4.89,5.2,5.05,0.15,2.97,47956.91,24464.9439
2633,000587.SZ,20070329,5.3,5.32,5.05,5.05,5.32,-0.27,-5.08,63001.58,32376.396
2634,000587.SZ,20070328,5.56,5.59,5.32,5.32,5.6,-0.28,-5.0,74557.78,40105.6656
2635,000587.SZ,20070327,5.53,6.01,5.53,5.6,5.82,-0.22,-3.78,95234.76,53498.5395
2636,000587.SZ,20070326,6.0,6.0,5.82,5.82,6.13,-0.31,-5.06,9471.0,5532.1664
2637,000587.SZ,20070323,6.38,6.38,5.78,6.13,6.08,0.05,0.82,104026.12,63790.7396
2638,000587.SZ,20070322,6.08,6.08,6.08,6.08,5.79,0.29,5.01,6800.7,4134.8256
2639,000587.SZ,20070321,5.79,5.79,5.7,5.79,5.51,0.28,5.08,13209.3,7646.1787
2640,000587.SZ,20070320,5.5,5.51,5.36,5.51,5.25,0.26,4.95,19022.01,10421.6263
2641,000587.SZ,20070316,5.25,5.25,5.1,5.25,5.0,0.25,5.0,69899.15,36470.6927
2642,000587.SZ,20070315,4.94,5.0,4.85,5.0,4.76,0.24,5.04,17652.75,8784.9574
2643,000587.SZ,20070314,4.51,4.76,4.32,4.76,4.53,0.23,5.08,43504.49,20280.7883
2644,000587.SZ,20070313,4.36,4.53,4.25,4.53,4.31,0.22,5.1,37832.97,16917.4407
2645,000587.SZ,20070312,4.2,4.38,4.06,4.31,4.18,0.13,3.11,34166.78,14301.2078
2646,000587.SZ,20070309,4.16,4.32,4.09,4.18,4.14,0.04,0.97,23028.62,9711.9132
2647,000587.SZ,20070308,3.89,4.14,3.85,4.14,3.94,0.2,5.08,38507.66,15688.211
2648,000587.SZ,20070307,3.9,4.03,3.75,3.94,3.94,0.0,0.0,39940.26,15426.8072
2649,000587.SZ,20070306,4.2,4.2,3.94,3.94,4.15,-0.21,-5.06,57417.84,23037.0141
2650,000587.SZ,20070305,3.99,4.15,3.82,4.15,3.95,0.2,5.06,75601.48,30858.5087
2651,000587.SZ,20070302,3.79,3.95,3.71,3.95,3.76,0.19,5.05,51531.2,20295.3456
2652,000587.SZ,20070301,3.58,3.76,3.51,3.76,3.58,0.18,5.03,75132.04,27869.2066
2653,000587.SZ,20070228,3.27,3.58,3.27,3.58,3.41,0.17,4.99,44465.83,15415.7206
2654,000587.SZ,20070227,3.76,3.77,3.41,3.41,3.59,-0.18,-5.01,63550.09,23205.4899
2655,000587.SZ,20070226,3.42,3.59,3.37,3.59,3.42,0.17,4.97,31587.96,11168.424
2656,000587.SZ,20070216,3.45,3.49,3.38,3.42,3.44,-0.02,-0.58,26491.71,9090.1121
2657,000587.SZ,20070215,3.34,3.47,3.26,3.44,3.33,0.11,3.3,26908.9,9123.0386
2658,000587.SZ,20070214,3.42,3.54,3.33,3.33,3.37,-0.04,-1.19,40425.44,13924.2862
2659,000587.SZ,20070213,3.22,3.37,3.22,3.37,3.21,0.16,4.98,25080.03,8332.5639
2660,000587.SZ,20070212,3.09,3.21,3.09,3.21,3.06,0.15,4.9,26067.22,8327.9579
2661,000587.SZ,20070209,2.91,3.06,2.88,3.06,2.91,0.15,5.15,33255.73,10023.9325
2662,000587.SZ,20070208,2.81,2.94,2.79,2.91,2.81,0.1,3.56,26444.37,7577.0606
2663,000587.SZ,20070207,2.83,2.89,2.78,2.81,2.83,-0.02,-0.71,20970.0,5935.6373
2664,000587.SZ,20070206,2.72,2.83,2.72,2.83,2.76,0.07,2.54,30931.64,8628.2002
2665,000587.SZ,20070205,2.78,2.81,2.64,2.76,2.78,-0.02,-0.72,46983.97,12776.6374
2666,000587.SZ,20070202,2.8,2.84,2.73,2.78,2.8,-0.02,-0.71,17191.3,4780.4454
2667,000587.SZ,20070201,2.82,2.85,2.75,2.8,2.89,-0.09,-3.11,24585.81,6848.1085
2668,000587.SZ,20070131,2.96,3.05,2.89,2.89,3.04,-0.15,-4.93,22252.81,6535.9178
2669,000587.SZ,20070130,3.14,3.14,3.0,3.04,3.07,-0.03,-0.98,15269.83,4636.885
2670,000587.SZ,20070129,3.0,3.08,3.0,3.07,3.03,0.04,1.32,19660.47,5981.2092
2671,000587.SZ,20070126,2.98,3.16,2.91,3.03,3.06,-0.03,-0.98,12466.05,3747.439
2672,000587.SZ,20070125,3.16,3.22,3.03,3.06,3.17,-0.11,-3.47,19883.79,6231.9127
2673,000587.SZ,20070124,3.15,3.25,3.11,3.17,3.16,0.01,0.32,14975.47,4760.5199
2674,000587.SZ,20070123,3.19,3.21,3.06,3.16,3.17,-0.01,-0.32,37451.49,11692.3704
2675,000587.SZ,20070122,3.14,3.23,3.1,3.17,3.11,0.06,1.93,25494.3,8054.6765
2676,000587.SZ,20070119,3.06,3.11,2.98,3.11,2.96,0.15,5.07,32326.03,9949.3616
2677,000587.SZ,20070118,2.8,2.96,2.76,2.96,2.82,0.14,4.96,22849.64,6558.7264
2678,000587.SZ,20070117,2.81,2.89,2.76,2.82,2.81,0.01,0.36,20916.69,5889.1619
2679,000587.SZ,20070116,2.69,2.81,2.69,2.81,2.68,0.13,4.85,27734.29,7702.0382
2680,000587.SZ,20070115,2.56,2.68,2.55,2.68,2.55,0.13,5.1,19630.42,5218.0722
2681,000587.SZ,20070112,2.66,2.69,2.55,2.55,2.68,-0.13,-4.85,15921.42,4160.0318
2682,000587.SZ,20070111,2.57,2.68,2.54,2.68,2.55,0.13,5.1,24300.51,6326.8486
2683,000587.SZ,20070110,2.54,2.56,2.5,2.55,2.54,0.01,0.39,12918.39,3271.4828
2684,000587.SZ,20070109,2.48,2.61,2.47,2.54,2.49,0.05,2.01,13607.51,3454.5831
2685,000587.SZ,20070108,2.45,2.51,2.43,2.49,2.45,0.04,1.63,10698.07,2643.9014
2686,000587.SZ,20070105,2.4,2.49,2.38,2.45,2.41,0.04,1.66,9673.92,2352.468
2687,000587.SZ,20070104,2.51,2.59,2.41,2.41,2.54,-0.13,-5.12,16326.0,4006.5557
2688,000587.SZ,20061229,2.5,2.7,2.44,2.54,2.57,-0.03,-1.17,16697.04,4291.5047
2689,000587.SZ,20061228,2.7,2.72,2.57,2.57,2.7,-0.13,-4.81,11164.0,2889.844
2690,000587.SZ,20061227,2.71,2.71,2.59,2.7,2.73,-0.03,-1.1,14258.72,3763.3201
2691,000587.SZ,20061226,2.78,2.8,2.68,2.73,2.71,0.02,0.74,19119.81,5226.3388
2692,000587.SZ,20061225,2.6,2.71,2.51,2.71,2.58,0.13,5.04,38174.38,10063.8419
2693,000587.SZ,20061222,2.56,2.69,2.52,2.58,2.56,0.02,0.78,13996.0,3661.981
2694,000587.SZ,20061221,2.74,2.77,2.54,2.56,2.64,-0.08,-3.03,38140.17,10252.3618
2695,000587.SZ,20061220,2.5,2.64,2.48,2.64,2.51,0.13,5.18,24997.08,6573.2768
2696,000587.SZ,20061219,2.39,2.51,2.36,2.51,2.39,0.12,5.02,51266.0,12660.6249
2697,000587.SZ,20061218,2.36,2.42,2.31,2.39,2.36,0.03,1.27,24032.08,5680.6204
2698,000587.SZ,20061215,2.37,2.38,2.33,2.36,2.37,-0.01,-0.42,9799.34,2306.4345
2699,000587.SZ,20061214,2.24,2.37,2.24,2.37,2.26,0.11,4.87,28153.67,6637.6064
2700,000587.SZ,20061213,2.29,2.32,2.25,2.26,2.29,-0.03,-1.31,17308.0,3936.0119
2701,000587.SZ,20061212,2.17,2.29,2.15,2.29,2.18,0.11,5.05,31940.34,7189.7968
2702,000587.SZ,20061211,2.15,2.19,2.13,2.18,2.15,0.03,1.4,9925.51,2153.0153
2703,000587.SZ,20061208,2.16,2.17,2.12,2.15,2.17,-0.02,-0.92,9016.31,1934.98
2704,000587.SZ,20061207,2.19,2.19,2.13,2.17,2.19,-0.02,-0.91,14999.19,3239.4831
2705,000587.SZ,20061206,2.23,2.27,2.14,2.19,2.24,-0.05,-2.23,15892.74,3511.4966
2706,000587.SZ,20061205,2.2,2.25,2.17,2.24,2.21,0.03,1.36,15726.2,3473.4809
2707,000587.SZ,20061204,2.17,2.22,2.15,2.21,2.19,0.02,0.91,16265.5,3550.883
2708,000587.SZ,20061201,2.21,2.22,2.16,2.19,2.21,-0.02,-0.91,16073.59,3504.8206
2709,000587.SZ,20061130,2.22,2.25,2.17,2.21,2.22,-0.01,-0.45,14141.26,3143.2111
2710,000587.SZ,20061129,2.26,2.26,2.21,2.22,2.27,-0.05,-2.2,8668.88,1932.37
2711,000587.SZ,20061128,2.27,2.3,2.22,2.27,2.27,0.0,0.0,9274.1,2092.9426
2712,000587.SZ,20061127,2.16,2.28,2.16,2.27,2.19,0.08,3.65,8902.54,1986.2253
2713,000587.SZ,20061124,2.15,2.25,2.15,2.19,2.15,0.04,1.86,11244.77,2486.1103
2714,000587.SZ,20061123,2.17,2.19,2.12,2.15,2.17,-0.02,-0.92,8062.25,1732.9548
2715,000587.SZ,20061122,2.11,2.19,2.07,2.17,2.12,0.05,2.36,11571.34,2476.6626
2716,000587.SZ,20061121,2.09,2.16,2.08,2.12,2.12,0.0,0.0,10657.84,2250.8696
2717,000587.SZ,20061120,2.24,2.25,2.12,2.12,2.23,-0.11,-4.93,26864.0,5766.591
2718,000587.SZ,20061117,2.22,2.32,2.2,2.23,2.27,-0.04,-1.76,9678.0,2178.2781
2719,000587.SZ,20061116,2.28,2.31,2.25,2.27,2.28,-0.01,-0.44,5618.15,1274.7143
2720,000587.SZ,20061115,2.23,2.29,2.23,2.28,2.24,0.04,1.79,5714.07,1293.3695
2721,000587.SZ,20061114,2.31,2.31,2.21,2.24,2.33,-0.09,-3.86,12019.54,2669.1343
2722,000587.SZ,20061113,2.4,2.46,2.33,2.33,2.45,-0.12,-4.9,9567.0,2260.621
2723,000587.SZ,20061110,2.35,2.45,2.35,2.45,2.33,0.12,5.15,23667.83,5778.4695
2724,000587.SZ,20061109,2.31,2.39,2.31,2.33,2.32,0.01,0.43,5780.0,1363.847
2725,000587.SZ,20061108,2.3,2.36,2.19,2.32,2.31,0.01,0.43,10817.11,2469.7154
2726,000587.SZ,20061107,2.41,2.44,2.31,2.31,2.43,-0.12,-4.94,9959.0,2315.129
2727,000587.SZ,20061106,2.38,2.47,2.38,2.43,2.43,0.0,0.0,7607.16,1850.9275
2728,000587.SZ,20061103,2.46,2.53,2.42,2.43,2.47,-0.04,-1.62,12427.74,3057.9956
2729,000587.SZ,20061102,2.57,2.57,2.47,2.47,2.6,-0.13,-5.0,11122.53,2762.6254
2730,000587.SZ,20061101,2.62,2.62,2.57,2.6,2.6,0.0,0.0,4771.94,1241.733
2731,000587.SZ,20061031,2.53,2.6,2.52,2.6,2.53,0.07,2.77,6036.92,1538.3102
2732,000587.SZ,20061030,2.5,2.57,2.5,2.53,2.5,0.03,1.2,7637.68,1932.8658
2733,000587.SZ,20061027,2.54,2.61,2.46,2.5,2.58,-0.08,-3.1,8071.7,2034.7111
2734,000587.SZ,20061026,2.68,2.68,2.55,2.58,2.68,-0.1,-3.73,14972.58,3867.9196
2735,000587.SZ,20061025,2.81,2.81,2.67,2.68,2.81,-0.13,-4.63,15157.58,4104.4293
2736,000587.SZ,20061024,2.78,2.85,2.73,2.81,2.78,0.03,1.08,9989.27,2789.857
2737,000587.SZ,20061023,2.66,2.81,2.66,2.78,2.68,0.1,3.73,24881.08,6865.818
2738,000587.SZ,20061020,2.78,2.82,2.68,2.68,2.82,-0.14,-4.96,21573.19,5852.3983
2739,000587.SZ,20061019,2.79,2.88,2.76,2.82,2.81,0.01,0.36,12220.29,3439.8499
2740,000587.SZ,20061018,2.7,2.84,2.7,2.81,2.76,0.05,1.81,10869.59,3038.9698
2741,000587.SZ,20061017,2.84,2.87,2.72,2.76,2.77,-0.01,-0.36,23686.28,6613.0962
2742,000587.SZ,20061016,2.67,2.77,2.66,2.77,2.64,0.13,4.92,24619.34,6723.7695
2743,000587.SZ,20061013,2.52,2.64,2.52,2.64,2.51,0.13,5.18,21866.38,5732.8582
2744,000587.SZ,20061012,2.55,2.55,2.5,2.51,2.55,-0.04,-1.57,17690.01,4458.4735
2745,000587.SZ,20061011,2.61,2.61,2.51,2.55,2.59,-0.04,-1.54,7301.66,1866.2351
2746,000587.SZ,20061010,2.53,2.6,2.53,2.59,2.52,0.07,2.78,11382.37,2934.3528
2747,000587.SZ,20061009,2.56,2.63,2.5,2.52,2.56,-0.04,-1.56,13259.29,3381.9439
2748,000587.SZ,20060929,2.54,2.61,2.53,2.56,2.53,0.03,1.19,10696.92,2761.5103
2749,000587.SZ,20060928,2.52,2.57,2.49,2.53,2.53,0.0,0.0,8629.95,2192.9113
2750,000587.SZ,20060927,2.52,2.55,2.44,2.53,2.55,-0.02,-0.78,10488.56,2626.7311
2751,000587.SZ,20060926,2.53,2.58,2.49,2.55,2.53,0.02,0.79,9746.52,2465.5579
2752,000587.SZ,20060925,2.55,2.57,2.5,2.53,2.55,-0.02,-0.78,10618.0,2686.766
2753,000587.SZ,20060922,2.64,2.65,2.53,2.55,2.62,-0.07,-2.67,17222.68,4440.4721
2754,000587.SZ,20060921,2.58,2.66,2.54,2.62,2.57,0.05,1.95,14451.99,3768.5213
2755,000587.SZ,20060920,2.52,2.62,2.48,2.57,2.55,0.02,0.78,15781.74,4012.1957
2756,000587.SZ,20060919,2.58,2.58,2.51,2.55,2.56,-0.01,-0.39,19215.72,4888.5293
2757,000587.SZ,20060918,2.48,2.56,2.44,2.56,2.44,0.12,4.92,21503.95,5439.9012
2758,000587.SZ,20060915,2.38,2.48,2.37,2.44,2.38,0.06,2.52,14572.99,3551.3565
2759,000587.SZ,20060914,2.36,2.41,2.34,2.38,2.37,0.01,0.42,11838.74,2806.5725
2760,000587.SZ,20060913,2.35,2.42,2.32,2.37,2.34,0.03,1.28,20727.96,4958.0694
2761,000587.SZ,20060912,2.31,2.36,2.3,2.34,2.34,0.0,0.0,9055.28,2113.54
2762,000587.SZ,20060911,2.3,2.35,2.26,2.34,2.3,0.04,1.74,11745.39,2714.0989
2763,000587.SZ,20060908,2.26,2.33,2.26,2.3,2.26,0.04,1.77,8491.42,1959.98
2764,000587.SZ,20060907,2.31,2.35,2.25,2.26,2.31,-0.05,-2.16,5331.0,1215.865
2765,000587.SZ,20060906,2.36,2.36,2.29,2.31,2.34,-0.03,-1.28,7736.0,1795.4399
2766,000587.SZ,20060905,2.29,2.38,2.27,2.34,2.3,0.04,1.74,13761.35,3206.9872
2767,000587.SZ,20060904,2.23,2.33,2.21,2.3,2.23,0.07,3.14,13538.44,3059.2683
2768,000587.SZ,20060901,2.26,2.29,2.21,2.23,2.26,-0.03,-1.33,8255.64,1848.3992
2769,000587.SZ,20060831,2.24,2.3,2.22,2.26,2.26,0.0,0.0,13407.02,3035.508
2770,000587.SZ,20060830,2.27,2.27,2.2,2.26,2.28,-0.02,-0.88,15000.47,3354.1566
2771,000587.SZ,20060829,2.32,2.34,2.26,2.28,2.32,-0.04,-1.72,13548.89,3094.4262
2772,000587.SZ,20060828,2.28,2.37,2.25,2.32,2.28,0.04,1.75,13655.91,3162.2851
2773,000587.SZ,20060825,2.24,2.34,2.2,2.28,2.23,0.05,2.24,17257.88,3954.6224
2774,000587.SZ,20060824,2.15,2.26,2.14,2.23,2.15,0.08,3.72,25816.17,5785.7903
2775,000587.SZ,20060823,2.17,2.2,2.14,2.15,2.19,-0.04,-1.83,14795.44,3203.424
2776,000587.SZ,20060822,2.07,2.19,2.06,2.19,2.09,0.1,4.78,41052.53,8957.8175
2777,000587.SZ,20060821,2.07,2.1,2.0,2.09,2.1,-0.01,-0.48,11461.0,2338.559
2778,000587.SZ,20060818,2.05,2.12,2.04,2.1,2.07,0.03,1.45,9327.69,1944.9735
2779,000587.SZ,20060817,2.14,2.14,2.05,2.07,2.14,-0.07,-3.27,16631.0,3474.847
2780,000587.SZ,20060816,2.17,2.2,2.13,2.14,2.16,-0.02,-0.93,12397.62,2673.6629
2781,000587.SZ,20060815,2.14,2.17,2.13,2.16,2.13,0.03,1.41,8981.72,1931.5688
2782,000587.SZ,20060814,2.14,2.14,2.1,2.13,2.15,-0.02,-0.93,12913.58,2735.2122
2783,000587.SZ,20060811,2.11,2.19,2.09,2.15,2.11,0.04,1.9,18767.83,4032.9901
2784,000587.SZ,20060810,2.15,2.15,2.09,2.11,2.15,-0.04,-1.86,19244.68,4085.1497
2785,000587.SZ,20060809,2.14,2.15,2.08,2.15,2.05,0.1,4.88,46496.23,9962.6093
2786,000587.SZ,20060808,2.05,2.05,2.04,2.05,1.95,0.1,5.13,4237.88,868.7634
2787,000587.SZ,20060807,1.98,1.99,1.9,1.95,2.0,-0.05,-2.5,6553.31,1276.6729
2788,000587.SZ,20060804,2.03,2.06,1.98,2.0,2.02,-0.02,-0.99,5062.3,1022.5629
2789,000587.SZ,20060803,1.99,2.04,1.99,2.02,1.99,0.03,1.51,4514.0,912.6831
2790,000587.SZ,20060802,2.0,2.04,1.94,1.99,1.95,0.04,2.05,7469.57,1475.4962
2791,000587.SZ,20060801,2.02,2.06,1.95,1.95,2.03,-0.08,-3.94,6097.0,1222.49
2792,000587.SZ,20060731,2.08,2.09,2.02,2.03,2.1,-0.07,-3.33,12650.7,2605.3865
2793,000587.SZ,20060728,2.14,2.15,2.05,2.1,2.14,-0.04,-1.87,14294.07,2994.6487
2794,000587.SZ,20060727,2.06,2.16,2.06,2.14,2.07,0.07,3.38,15635.23,3301.9108
2795,000587.SZ,20060726,2.15,2.15,2.07,2.07,2.12,-0.05,-2.36,9280.74,1946.5642
2796,000587.SZ,20060725,2.07,2.15,2.05,2.12,2.07,0.05,2.42,16747.68,3550.1496
2797,000587.SZ,20060724,2.04,2.09,1.98,2.07,2.05,0.02,0.98,12199.03,2502.3619
2798,000587.SZ,20060721,1.98,2.07,1.98,2.05,2.02,0.03,1.49,7449.97,1524.0023
2799,000587.SZ,20060720,1.91,2.04,1.91,2.02,2.0,0.02,1.0,7186.0,1439.738
2800,000587.SZ,20060719,1.98,2.08,1.93,2.0,1.98,0.02,1.01,22868.47,4680.5332
2801,000587.SZ,20060718,1.93,1.99,1.91,1.98,1.93,0.05,2.59,7163.45,1388.1073
2802,000587.SZ,20060717,1.87,1.93,1.79,1.93,1.88,0.05,2.66,8658.81,1629.9668
2803,000587.SZ,20060714,1.87,1.94,1.87,1.88,1.97,-0.09,-4.57,14685.85,2772.6803
2804,000587.SZ,20060713,2.06,2.08,1.97,1.97,2.07,-0.1,-4.83,11607.0,2341.193
2805,000587.SZ,20060712,2.12,2.18,2.07,2.07,2.13,-0.06,-2.82,13538.19,2857.5678
2806,000587.SZ,20060711,2.11,2.15,2.09,2.13,2.13,0.0,0.0,12956.52,2762.1618
2807,000587.SZ,20060710,2.04,2.14,2.0,2.13,2.04,0.09,4.41,22663.41,4740.7051
2808,000587.SZ,20060707,2.01,2.05,2.01,2.04,2.03,0.01,0.49,12360.09,2507.5197
2809,000587.SZ,20060706,1.95,2.04,1.95,2.03,1.97,0.06,3.05,8305.33,1666.448
2810,000587.SZ,20060705,2.0,2.01,1.94,1.97,2.0,-0.03,-1.5,8505.75,1678.5213
2811,000587.SZ,20060704,2.07,2.07,2.0,2.0,2.05,-0.05,-2.44,12135.54,2463.5356
2812,000587.SZ,20060703,2.04,2.08,2.01,2.05,2.07,-0.02,-0.97,10463.58,2150.3554
2813,000587.SZ,20060630,2.06,2.08,2.01,2.07,2.05,0.02,0.98,12358.05,2517.1203
2814,000587.SZ,20060629,2.03,2.06,2.01,2.05,2.01,0.04,1.99,14525.67,2971.0337
2815,000587.SZ,20060628,2.06,2.06,1.98,2.01,2.06,-0.05,-2.43,12584.53,2527.0856
2816,000587.SZ,20060627,1.96,2.06,1.93,2.06,1.96,0.1,5.1,19873.09,3967.5506
2817,000587.SZ,20060626,1.9,1.96,1.9,1.96,1.91,0.05,2.62,9819.27,1886.7051
2818,000587.SZ,20060623,1.89,1.92,1.86,1.91,1.9,0.01,0.53,9885.9,1876.6871
2819,000587.SZ,20060622,1.91,1.94,1.89,1.9,1.91,-0.01,-0.52,6840.66,1303.6476
2820,000587.SZ,20060621,1.93,1.95,1.89,1.91,1.95,-0.04,-2.05,6918.69,1325.7245
2821,000587.SZ,20060620,1.9,1.97,1.88,1.95,1.93,0.02,1.04,7076.78,1364.3358
2822,000587.SZ,20060619,1.9,1.93,1.81,1.93,1.91,0.02,1.05,6889.64,1311.6647
2823,000587.SZ,20060616,1.86,1.92,1.86,1.91,1.87,0.04,2.14,7407.02,1400.8776
2824,000587.SZ,20060615,1.89,1.93,1.86,1.87,1.89,-0.02,-1.06,4575.46,863.6846
2825,000587.SZ,20060614,1.83,1.93,1.79,1.89,1.85,0.04,2.16,13511.08,2545.329
2826,000587.SZ,20060613,1.86,1.92,1.81,1.85,1.91,-0.06,-3.14,15488.4,2877.4159
2827,000587.SZ,20060612,1.95,1.96,1.91,1.91,2.01,-0.1,-4.98,12527.01,2407.2089
2828,000587.SZ,20060609,2.01,2.1,2.01,2.01,2.12,-0.11,-5.19,27218.27,5490.9129
2829,000587.SZ,20060608,2.12,2.12,2.12,2.12,2.23,-0.11,-4.93,4237.0,898.244
2830,000587.SZ,20060607,2.38,2.42,2.23,2.23,2.35,-0.12,-5.11,24869.76,5703.5265
2831,000587.SZ,20060606,2.24,2.35,2.24,2.35,2.24,0.11,4.91,21715.99,5040.7771
2832,000587.SZ,20060605,2.23,2.24,2.13,2.24,2.13,0.11,5.16,31304.04,6884.4099
2833,000587.SZ,20060602,2.07,2.13,2.07,2.13,2.03,0.1,4.93,26041.87,5524.0804
2834,000587.SZ,20060601,1.95,2.03,1.93,2.03,1.93,0.1,5.18,33337.33,6729.5837
2835,000587.SZ,20060531,1.94,1.99,1.88,1.93,1.94,-0.01,-0.52,31604.67,6141.6446
2836,000587.SZ,20060530,1.89,1.94,1.86,1.94,1.85,0.09,4.86,51353.92,9911.2905
2837,000587.SZ,20060529,1.76,1.85,1.76,1.85,1.76,0.09,5.11,18275.3,3356.2466
2838,000587.SZ,20060526,1.71,1.77,1.69,1.76,1.71,0.05,2.92,18358.97,3199.5448
2839,000587.SZ,20060525,1.66,1.71,1.64,1.71,1.66,0.05,3.01,15287.83,2558.0786
2840,000587.SZ,20060524,1.74,1.78,1.66,1.66,1.75,-0.09,-5.14,19343.89,3291.8123
2841,000587.SZ,20060523,1.79,1.84,1.75,1.75,1.79,-0.04,-2.23,26537.21,4781.5827
2842,000587.SZ,20060522,1.71,1.8,1.71,1.79,1.72,0.07,4.07,24158.14,4288.9897
2843,000587.SZ,20060519,1.7,1.72,1.67,1.72,1.68,0.04,2.38,14887.52,2523.6215
2844,000587.SZ,20060518,1.68,1.69,1.62,1.68,1.69,-0.01,-0.59,18290.33,3037.0363
2845,000587.SZ,20060517,1.73,1.76,1.65,1.69,1.68,0.01,0.6,30077.79,5151.9451
2846,000587.SZ,20060516,1.6,1.68,1.6,1.68,1.6,0.08,5.0,34041.98,5679.7005
2847,000587.SZ,20060515,1.6,1.61,1.54,1.6,1.62,-0.02,-1.23,25885.82,4081.3282
2848,000587.SZ,20060512,1.54,1.63,1.51,1.62,1.55,0.07,4.52,32058.12,5083.6645
2849,000587.SZ,20060511,1.53,1.6,1.51,1.55,1.54,0.01,0.65,19451.97,3028.6038
2850,000587.SZ,20060510,1.5,1.56,1.48,1.54,1.51,0.03,1.99,20495.05,3116.3719
2851,000587.SZ,20060509,1.5,1.54,1.44,1.51,1.52,-0.01,-0.66,22292.88,3326.3758
2852,000587.SZ,20060508,1.51,1.52,1.43,1.52,1.45,0.07,4.83,13918.79,2056.7424
2853,000587.SZ,20060427,1.44,1.47,1.4,1.45,1.44,0.01,0.69,8646.17,1233.4271
2854,000587.SZ,20060426,1.35,1.45,1.35,1.44,1.38,0.06,4.35,12308.63,1739.4612
2855,000587.SZ,20060425,1.38,1.4,1.35,1.38,1.42,-0.04,-2.82,15790.61,2145.8038
2856,000587.SZ,20060424,1.48,1.48,1.42,1.42,1.49,-0.07,-4.7,12065.09,1720.3388
2857,000587.SZ,20060421,1.5,1.53,1.49,1.49,1.52,-0.03,-1.97,13696.0,2066.08
2858,000587.SZ,20060420,1.59,1.59,1.52,1.52,1.6,-0.08,-5.0,18873.03,2903.2724
2859,000587.SZ,20060419,1.61,1.64,1.58,1.6,1.63,-0.03,-1.84,9197.84,1479.8807
2860,000587.SZ,20060418,1.59,1.64,1.57,1.63,1.63,0.0,0.0,9475.28,1531.5453
2861,000587.SZ,20060417,1.62,1.65,1.6,1.63,1.64,-0.01,-0.61,10459.7,1704.8987
2862,000587.SZ,20060414,1.69,1.69,1.59,1.64,1.67,-0.03,-1.8,14512.23,2347.1217
2863,000587.SZ,20060413,1.65,1.7,1.65,1.67,1.66,0.01,0.6,13215.01,2217.06
2864,000587.SZ,20060412,1.67,1.68,1.64,1.66,1.67,-0.01,-0.6,9221.43,1531.4207
2865,000587.SZ,20060411,1.62,1.71,1.6,1.67,1.63,0.04,2.45,19999.12,3334.7413
2866,000587.SZ,20060410,1.62,1.64,1.58,1.63,1.62,0.01,0.62,13958.43,2235.1956
2867,000587.SZ,20060407,1.6,1.64,1.59,1.62,1.61,0.01,0.62,6243.54,1006.7092
2868,000587.SZ,20060406,1.61,1.66,1.58,1.61,1.61,0.0,0.0,12652.01,2046.0807
2869,000587.SZ,20060405,1.58,1.62,1.56,1.61,1.58,0.03,1.9,11425.4,1815.6027
2870,000587.SZ,20060404,1.55,1.59,1.5,1.58,1.56,0.02,1.28,13478.5,2089.8351
2871,000587.SZ,20060403,1.62,1.65,1.56,1.56,1.64,-0.08,-4.88,21111.05,3317.8199
2872,000587.SZ,20060331,1.72,1.73,1.62,1.64,1.71,-0.07,-4.09,10941.01,1827.5926
2873,000587.SZ,20060330,1.7,1.75,1.69,1.71,1.71,0.0,0.0,10267.74,1760.8057
2874,000587.SZ,20060329,1.71,1.72,1.66,1.71,1.75,-0.04,-2.29,23395.88,3964.6061
2875,000587.SZ,20060328,1.75,1.76,1.71,1.75,1.75,0.0,0.0,17106.7,2962.831
2876,000587.SZ,20060327,1.76,1.76,1.73,1.75,1.76,-0.01,-0.57,7068.8,1234.759
2877,000587.SZ,20060324,1.76,1.77,1.74,1.76,1.76,0.0,0.0,4850.44,849.566
2878,000587.SZ,20060323,1.72,1.77,1.71,1.76,1.74,0.02,1.15,10046.43,1736.2991
2879,000587.SZ,20060322,1.77,1.77,1.74,1.74,1.77,-0.03,-1.69,8272.0,1450.037
2880,000587.SZ,20060321,1.77,1.8,1.76,1.77,1.78,-0.01,-0.56,10377.89,1855.105
2881,000587.SZ,20060320,1.76,1.78,1.73,1.78,1.78,0.0,0.0,10201.37,1784.0216
2882,000587.SZ,20060316,1.8,1.83,1.77,1.78,1.82,-0.04,-2.2,5970.45,1075.2781
2883,000587.SZ,20060315,1.77,1.82,1.77,1.82,1.79,0.03,1.68,6323.24,1141.7461
2884,000587.SZ,20060314,1.77,1.8,1.76,1.79,1.78,0.01,0.56,3982.87,708.3189
2885,000587.SZ,20060313,1.8,1.8,1.75,1.78,1.79,-0.01,-0.56,3832.0,678.265
2886,000587.SZ,20060310,1.77,1.8,1.77,1.79,1.79,0.0,0.0,3446.37,614.9759
2887,000587.SZ,20060309,1.75,1.8,1.75,1.79,1.78,0.01,0.56,3912.23,697.6854
2888,000587.SZ,20060308,1.78,1.78,1.74,1.78,1.78,0.0,0.0,6778.01,1196.1278
2889,000587.SZ,20060307,1.81,1.81,1.75,1.78,1.84,-0.06,-3.26,16861.76,2983.1534
2890,000587.SZ,20060306,1.96,1.98,1.84,1.84,1.94,-0.1,-5.15,20318.18,3781.285
2891,000587.SZ,20060303,1.94,1.98,1.92,1.94,1.92,0.02,1.04,12641.69,2454.3551
2892,000587.SZ,20060302,1.89,2.02,1.89,1.92,1.92,0.0,0.0,20063.78,3972.6172
2893,000587.SZ,20060301,1.98,1.98,1.91,1.92,1.97,-0.05,-2.54,15427.96,2987.6233
2894,000587.SZ,20060228,2.03,2.03,1.95,1.97,1.98,-0.01,-0.51,21107.91,4196.5551
2895,000587.SZ,20060227,1.89,1.98,1.89,1.98,1.89,0.09,4.76,32744.15,6435.0631
2896,000587.SZ,20060224,1.9,1.92,1.86,1.89,1.92,-0.03,-1.56,19629.08,3715.7843
2897,000587.SZ,20060223,1.83,1.92,1.82,1.92,1.83,0.09,4.92,48211.49,9159.589
2898,000587.SZ,20060222,1.79,1.84,1.79,1.83,1.8,0.03,1.67,17635.71,3213.0047
2899,000587.SZ,20060221,1.81,1.82,1.76,1.8,1.81,-0.01,-0.55,10212.96,1826.8152
2900,000587.SZ,20060220,1.78,1.82,1.74,1.81,1.76,0.05,2.84,12217.34,2198.3076
2901,000587.SZ,20060217,1.71,1.79,1.7,1.76,1.74,0.02,1.15,12079.52,2122.9631
2902,000587.SZ,20060216,1.82,1.83,1.74,1.74,1.83,-0.09,-4.92,14339.53,2534.2878
2903,000587.SZ,20060215,1.83,1.83,1.79,1.83,1.82,0.01,0.55,16357.83,2953.8045
2904,000587.SZ,20060214,1.83,1.86,1.81,1.82,1.83,-0.01,-0.55,10781.15,1981.1685
2905,000587.SZ,20060213,1.78,1.84,1.76,1.83,1.78,0.05,2.81,9855.62,1783.1089
2906,000587.SZ,20060210,1.82,1.82,1.76,1.78,1.81,-0.03,-1.66,10597.11,1889.8992
2907,000587.SZ,20060209,1.82,1.85,1.8,1.81,1.83,-0.02,-1.09,11671.87,2125.5025
2908,000587.SZ,20060208,1.8,1.85,1.74,1.83,1.82,0.01,0.55,13791.88,2476.599
2909,000587.SZ,20060207,1.74,1.82,1.72,1.82,1.73,0.09,5.2,24913.12,4464.6572
2910,000587.SZ,20060206,1.72,1.74,1.68,1.73,1.71,0.02,1.17,21854.41,3743.2251
2911,000587.SZ,20060125,1.65,1.74,1.65,1.71,1.74,-0.03,-1.72,38834.76,6488.0085
2912,000587.SZ,20060124,1.81,1.81,1.74,1.74,1.83,-0.09,-4.92,9864.13,1720.2127
2913,000587.SZ,20060123,1.93,1.93,1.83,1.83,1.93,-0.1,-5.18,20891.0,3843.624
2914,000587.SZ,20060120,2.0,2.02,1.93,1.93,2.0,-0.07,-3.5,9080.0,1784.1287
2915,000587.SZ,20060119,1.97,2.03,1.96,2.0,1.97,0.03,1.52,14154.48,2820.5557
2916,000587.SZ,20060118,1.99,2.0,1.95,1.97,1.99,-0.02,-1.01,8866.31,1747.8093
2917,000587.SZ,20060117,1.94,1.99,1.92,1.99,1.94,0.05,2.58,6046.24,1190.1468
2918,000587.SZ,20060116,2.01,2.02,1.92,1.94,2.02,-0.08,-3.96,13592.84,2660.2293
2919,000587.SZ,20060113,2.03,2.04,1.99,2.02,2.04,-0.02,-0.98,7947.69,1598.6299
2920,000587.SZ,20060112,2.01,2.06,2.01,2.04,2.03,0.01,0.49,5178.35,1053.1351
2921,000587.SZ,20060111,2.05,2.07,2.02,2.03,2.04,-0.01,-0.49,8664.83,1774.833
2922,000587.SZ,20060110,1.98,2.04,1.98,2.04,1.99,0.05,2.51,12384.91,2502.2389
2923,000587.SZ,20060109,1.95,2.0,1.94,1.99,1.95,0.04,2.05,8557.91,1684.0315
2924,000587.SZ,20060106,1.96,1.97,1.93,1.95,1.98,-0.03,-1.52,8239.05,1606.8108
2925,000587.SZ,20060105,1.96,2.02,1.94,1.98,1.96,0.02,1.02,6450.06,1261.9546
2926,000587.SZ,20060104,1.92,1.97,1.91,1.96,1.94,0.02,1.03,6526.98,1266.1481
2927,000587.SZ,20051229,1.95,1.96,1.91,1.94,1.97,-0.03,-1.52,9516.79,1838.2259
2928,000587.SZ,20051228,2.06,2.06,1.94,1.97,2.04,-0.07,-3.43,12498.73,2448.9156
2929,000587.SZ,20051227,2.0,2.05,2.0,2.04,2.01,0.03,1.49,7022.19,1426.1937
2930,000587.SZ,20051226,1.97,2.02,1.96,2.01,1.97,0.04,2.03,4466.43,888.1963
2931,000587.SZ,20051223,1.94,1.97,1.93,1.97,1.94,0.03,1.55,2358.69,460.6467
2932,000587.SZ,20051222,1.95,1.96,1.93,1.94,1.96,-0.02,-1.02,2449.99,477.6161
2933,000587.SZ,20051221,1.93,1.97,1.93,1.96,1.96,0.0,0.0,1496.8,291.0984
2934,000587.SZ,20051220,1.96,1.97,1.93,1.96,1.98,-0.02,-1.01,1943.26,379.5006
2935,000587.SZ,20051219,1.97,1.98,1.94,1.98,1.97,0.01,0.51,2570.0,505.07
2936,000587.SZ,20051216,1.95,1.98,1.94,1.97,1.98,-0.01,-0.51,2648.39,518.3571
2937,000587.SZ,20051215,2.0,2.02,1.96,1.98,2.0,-0.02,-1.0,4526.0,901.218
2938,000587.SZ,20051214,2.0,2.0,1.95,2.0,2.0,0.0,0.0,3714.68,731.7899
2939,000587.SZ,20051213,2.0,2.0,1.96,2.0,2.0,0.0,0.0,2478.69,488.6132
2940,000587.SZ,20051212,2.01,2.04,2.0,2.0,2.0,0.0,0.0,7113.18,1433.954
2941,000587.SZ,20051209,2.0,2.0,1.95,2.0,1.9,0.1,5.26,5167.59,1030.4224
2942,000587.SZ,20051208,1.91,1.93,1.86,1.9,1.91,-0.01,-0.52,2139.5,406.6151
2943,000587.SZ,20051207,1.91,1.92,1.87,1.91,1.91,0.0,0.0,2225.99,422.2081
2944,000587.SZ,20051206,1.86,1.91,1.82,1.91,1.86,0.05,2.69,4274.0,796.588
2945,000587.SZ,20051205,1.96,1.96,1.86,1.86,1.96,-0.1,-5.1,6941.71,1305.6641
2946,000587.SZ,20051202,2.01,2.04,1.95,1.96,2.04,-0.08,-3.92,4916.01,981.7056
2947,000587.SZ,20051201,2.07,2.08,1.99,2.04,2.09,-0.05,-2.39,6886.39,1393.1786
2948,000587.SZ,20051130,2.15,2.16,2.09,2.09,2.2,-0.11,-5.0,8173.0,1715.847
2949,000587.SZ,20051129,2.17,2.26,2.16,2.2,2.15,0.05,2.33,14280.59,3176.5706
2950,000587.SZ,20051128,2.13,2.16,2.13,2.15,2.13,0.02,0.94,3553.41,762.5077
2951,000587.SZ,20051125,2.14,2.17,2.12,2.13,2.15,-0.02,-0.93,2789.4,598.0262
2952,000587.SZ,20051124,2.16,2.17,2.13,2.15,2.16,-0.01,-0.46,3019.89,650.1625
2953,000587.SZ,20051123,2.13,2.19,2.1,2.16,2.16,0.0,0.0,3825.0,820.757
2954,000587.SZ,20051122,2.22,2.22,2.14,2.16,2.22,-0.06,-2.7,3829.2,831.2573
2955,000587.SZ,20051121,2.21,2.23,2.19,2.22,2.21,0.01,0.45,5284.57,1166.46
2956,000587.SZ,20051118,2.18,2.23,2.16,2.21,2.21,0.0,0.0,6250.39,1380.0994
2957,000587.SZ,20051117,2.17,2.22,2.13,2.21,2.19,0.02,0.91,7320.89,1596.8524
2958,000587.SZ,20051116,2.29,2.29,2.15,2.19,2.26,-0.07,-3.1,23330.46,5164.4093
2959,000587.SZ,20051115,2.23,2.33,2.23,2.26,2.24,0.02,0.89,19368.16,4401.012
2960,000587.SZ,20051114,2.12,2.24,2.09,2.24,2.13,0.11,5.16,15422.62,3422.5413
2961,000587.SZ,20051111,2.17,2.17,2.09,2.13,2.19,-0.06,-2.74,3053.02,646.7591
2962,000587.SZ,20051110,2.28,2.28,2.15,2.19,2.26,-0.07,-3.1,13815.17,3037.2477
2963,000587.SZ,20051109,2.15,2.26,2.1,2.26,2.15,0.11,5.12,13607.12,3014.2849
2964,000587.SZ,20051108,2.09,2.15,2.07,2.15,2.1,0.05,2.38,4058.91,862.9895
2965,000587.SZ,20051107,2.08,2.12,2.04,2.1,2.09,0.01,0.48,2220.28,462.6822
2966,000587.SZ,20051104,2.02,2.13,2.0,2.09,2.04,0.05,2.45,4546.49,948.2803
2967,000587.SZ,20051103,2.13,2.15,2.04,2.04,2.15,-0.11,-5.12,8127.44,1676.0078
2968,000587.SZ,20051102,2.21,2.23,2.13,2.15,2.12,0.03,1.42,12614.08,2753.4375
2969,000587.SZ,20051101,2.02,2.12,1.96,2.12,2.02,0.1,4.95,11718.96,2391.1228
2970,000587.SZ,20051031,1.95,2.04,1.95,2.02,1.95,0.07,3.59,7061.59,1413.6415
2971,000587.SZ,20051028,1.96,2.0,1.95,1.95,2.05,-0.1,-4.88,11384.08,2229.356
2972,000587.SZ,20051027,2.06,2.08,2.05,2.05,2.16,-0.11,-5.09,3451.0,708.266
2973,000587.SZ,20051026,2.16,2.19,2.16,2.16,2.27,-0.11,-4.85,3357.0,726.458
2974,000587.SZ,20051025,2.3,2.3,2.24,2.27,2.3,-0.03,-1.3,3356.13,760.3288
2975,000587.SZ,20051024,2.34,2.34,2.23,2.3,2.34,-0.04,-1.71,6269.21,1427.01
2976,000587.SZ,20051021,2.28,2.41,2.27,2.34,2.32,0.02,0.86,10257.62,2407.8198
2977,000587.SZ,20051020,2.32,2.32,2.21,2.32,2.21,0.11,4.98,17609.95,4072.6429
2978,000587.SZ,20051017,2.28,2.28,2.16,2.21,2.27,-0.06,-2.64,11279.84,2472.6967
2979,000587.SZ,20051014,2.3,2.35,2.25,2.27,2.32,-0.05,-2.16,4905.2,1126.6086
2980,000587.SZ,20051013,2.41,2.42,2.32,2.32,2.44,-0.12,-4.92,8578.0,2008.4198
2981,000587.SZ,20051012,2.36,2.48,2.33,2.44,2.36,0.08,3.39,9610.0,2318.574
2982,000587.SZ,20051011,2.33,2.38,2.22,2.36,2.34,0.02,0.85,16069.17,3708.8979
2983,000587.SZ,20051010,2.4,2.45,2.34,2.34,2.46,-0.12,-4.88,6107.38,1440.1765
2984,000587.SZ,20050930,2.5,2.54,2.4,2.46,2.49,-0.03,-1.2,6657.0,1666.999
2985,000587.SZ,20050929,2.39,2.51,2.39,2.49,2.41,0.08,3.32,5392.01,1340.5966
2986,000587.SZ,20050928,2.54,2.56,2.41,2.41,2.54,-0.13,-5.12,6647.0,1623.472
2987,000587.SZ,20050927,2.6,2.68,2.53,2.54,2.66,-0.12,-4.51,9476.36,2432.7785
2988,000587.SZ,20050926,2.76,2.76,2.66,2.66,2.8,-0.14,-5.0,6444.0,1729.805
2989,000587.SZ,20050923,2.76,2.88,2.67,2.8,2.81,-0.01,-0.36,10361.62,2860.5951
2990,000587.SZ,20050922,2.92,2.92,2.81,2.81,2.96,-0.15,-5.07,6422.0,1816.306
2991,000587.SZ,20050921,3.11,3.21,2.95,2.96,3.11,-0.15,-4.82,25639.83,7901.5149
2992,000587.SZ,20050920,2.96,3.11,2.89,3.11,2.96,0.15,5.07,27961.9,8450.4995
2993,000587.SZ,20050919,3.02,3.03,2.9,2.96,2.91,0.05,1.72,23324.79,6884.9735
2994,000587.SZ,20050916,2.87,2.91,2.85,2.91,2.77,0.14,5.05,28511.19,8254.9176
2995,000587.SZ,20050914,2.8,2.83,2.67,2.77,2.8,-0.03,-1.07,20219.06,5570.894
2996,000587.SZ,20050913,2.65,2.8,2.61,2.8,2.67,0.13,4.87,31298.95,8518.8825
2997,000587.SZ,20050912,2.8,2.85,2.65,2.67,2.79,-0.12,-4.3,34073.31,9102.7416
2998,000587.SZ,20050909,2.8,2.83,2.71,2.79,2.81,-0.02,-0.71,3123.55,861.7974
2999,000587.SZ,20050908,2.87,2.87,2.74,2.81,2.88,-0.07,-2.43,4715.03,1302.0255
3000,000587.SZ,20050907,2.8,2.9,2.8,2.88,2.86,0.02,0.7,3588.35,1028.2606
3001,000587.SZ,20050906,2.98,2.98,2.84,2.86,2.93,-0.07,-2.39,5675.36,1631.1642
3002,000587.SZ,20050905,2.78,2.98,2.78,2.93,2.85,0.08,2.81,9279.63,2696.7776
3003,000587.SZ,20050902,2.9,2.9,2.78,2.85,2.76,0.09,3.26,8912.78,2551.845
3004,000587.SZ,20050901,2.63,2.76,2.63,2.76,2.63,0.13,4.94,6467.64,1770.5407
3005,000587.SZ,20050831,2.64,2.66,2.53,2.63,2.66,-0.03,-1.13,9113.94,2316.3918
3006,000587.SZ,20050830,2.77,2.77,2.66,2.66,2.8,-0.14,-5.0,5282.0,1414.867
3007,000587.SZ,20050829,2.9,2.97,2.76,2.8,2.91,-0.11,-3.78,8686.0,2506.8045
3008,000587.SZ,20050826,2.8,2.92,2.8,2.91,2.8,0.11,3.93,8680.56,2496.1258
3009,000587.SZ,20050825,2.7,2.82,2.7,2.8,2.73,0.07,2.56,4358.95,1203.021
3010,000587.SZ,20050824,2.77,2.82,2.71,2.73,2.77,-0.04,-1.44,5859.32,1624.3546
3011,000587.SZ,20050823,2.59,2.77,2.59,2.77,2.64,0.13,4.92,4518.37,1209.0591
3012,000587.SZ,20050822,2.51,2.64,2.51,2.64,2.51,0.13,5.18,4738.51,1239.7637
3013,000587.SZ,20050819,2.53,2.58,2.48,2.51,2.56,-0.05,-1.95,1938.4,486.0356
3014,000587.SZ,20050818,2.58,2.6,2.51,2.56,2.61,-0.05,-1.92,5010.63,1280.7742
3015,000587.SZ,20050817,2.58,2.63,2.5,2.61,2.5,0.11,4.4,16396.92,4280.6069
3016,000587.SZ,20050816,2.38,2.5,2.38,2.5,2.38,0.12,5.04,8768.4,2166.79
3017,000587.SZ,20050815,2.38,2.4,2.28,2.38,2.4,-0.02,-0.83,3326.63,779.8665
3018,000587.SZ,20050812,2.4,2.42,2.36,2.4,2.44,-0.04,-1.64,4044.11,963.6947
3019,000587.SZ,20050811,2.42,2.48,2.38,2.44,2.41,0.03,1.24,4411.54,1067.1114
3020,000587.SZ,20050810,2.35,2.44,2.34,2.41,2.37,0.04,1.69,3814.41,911.8289
3021,000587.SZ,20050809,2.43,2.46,2.32,2.37,2.44,-0.07,-2.87,5551.99,1312.3386
3022,000587.SZ,20050808,2.32,2.44,2.27,2.44,2.32,0.12,5.17,5189.13,1239.0042
3023,000587.SZ,20050805,2.23,2.32,2.23,2.32,2.23,0.09,4.04,7503.98,1719.6531
3024,000587.SZ,20050804,2.27,2.3,2.22,2.23,2.3,-0.07,-3.04,6489.05,1464.9281
3025,000587.SZ,20050803,2.34,2.34,2.27,2.3,2.3,0.0,0.0,5992.47,1371.9685
3026,000587.SZ,20050802,2.37,2.37,2.27,2.3,2.28,0.02,0.88,5858.99,1350.0407
3027,000587.SZ,20050801,2.25,2.28,2.18,2.28,2.17,0.11,5.07,13520.09,3066.5647
3028,000587.SZ,20050729,2.17,2.17,2.13,2.17,2.07,0.1,4.83,8216.42,1779.2685
3029,000587.SZ,20050728,2.07,2.07,2.07,2.07,1.97,0.1,5.08,2225.91,460.7634
3030,000587.SZ,20050726,1.96,2.0,1.94,1.97,1.97,0.0,0.0,3445.0,682.6529
3031,000587.SZ,20050725,1.9,2.0,1.9,1.97,1.98,-0.01,-0.51,2638.88,519.9507
3032,000587.SZ,20050722,1.92,2.01,1.89,1.98,1.93,0.05,2.59,6107.49,1205.6778
3033,000587.SZ,20050721,1.83,1.93,1.81,1.93,1.84,0.09,4.89,7499.43,1421.177
3034,000587.SZ,20050720,1.86,1.86,1.81,1.84,1.84,0.0,0.0,3485.5,635.5305
3035,000587.SZ,20050719,1.82,1.87,1.81,1.84,1.88,-0.04,-2.13,3029.0,556.892
3036,000587.SZ,20050718,1.86,1.93,1.84,1.88,1.94,-0.06,-3.09,4712.61,893.1957
3037,000587.SZ,20050715,1.94,1.94,1.9,1.94,1.85,0.09,4.86,6633.61,1286.5643
3038,000587.SZ,20050714,1.92,1.92,1.85,1.85,1.95,-0.1,-5.13,4460.03,830.2981
3039,000587.SZ,20050713,2.0,2.04,1.95,1.95,2.05,-0.1,-4.88,2325.0,454.792
3040,000587.SZ,20050712,2.07,2.07,1.99,2.05,2.09,-0.04,-1.91,3910.85,782.5598
3041,000587.SZ,20050711,2.1,2.19,2.05,2.09,2.09,0.0,0.0,974.07,203.2764
3042,000587.SZ,20050708,2.16,2.18,2.07,2.09,2.18,-0.09,-4.13,1888.0,396.204
3043,000587.SZ,20050707,2.17,2.2,2.16,2.18,2.2,-0.02,-0.91,436.0,94.8145
3044,000587.SZ,20050706,2.15,2.2,2.14,2.2,2.18,0.02,0.92,783.0,170.7394
3045,000587.SZ,20050705,2.13,2.22,2.07,2.18,2.13,0.05,2.35,1677.1,364.0802
3046,000587.SZ,20050704,2.17,2.17,2.13,2.13,2.24,-0.11,-4.91,2340.76,499.4759
3047,000587.SZ,20050701,2.25,2.29,2.17,2.24,2.26,-0.02,-0.89,2545.23,564.8597
3048,000587.SZ,20050630,2.33,2.33,2.19,2.26,2.31,-0.05,-2.16,3578.5,801.6815
3049,000587.SZ,20050629,2.3,2.34,2.3,2.31,2.3,0.01,0.43,6457.7,1494.0897
3050,000587.SZ,20050628,2.35,2.35,2.29,2.3,2.34,-0.04,-1.71,3330.59,769.2051
3051,000587.SZ,20050627,2.31,2.36,2.3,2.34,2.32,0.02,0.86,2532.47,593.7895
3052,000587.SZ,20050624,2.32,2.32,2.3,2.32,2.32,0.0,0.0,2689.16,621.658
3053,000587.SZ,20050623,2.34,2.34,2.31,2.32,2.36,-0.04,-1.69,1686.17,392.1767
3054,000587.SZ,20050622,2.35,2.38,2.29,2.36,2.36,0.0,0.0,3367.15,789.797
3055,000587.SZ,20050621,2.37,2.39,2.31,2.36,2.4,-0.04,-1.67,4106.71,959.6832
3056,000587.SZ,20050620,2.4,2.41,2.31,2.4,2.4,0.0,0.0,3434.41,811.3774
3057,000587.SZ,20050617,2.45,2.45,2.36,2.4,2.43,-0.03,-1.23,2862.0,684.6955
3058,000587.SZ,20050616,2.5,2.5,2.35,2.43,2.47,-0.04,-1.62,1655.2,399.7847
3059,000587.SZ,20050615,2.48,2.52,2.45,2.47,2.5,-0.03,-1.2,1370.0,340.674
3060,000587.SZ,20050614,2.52,2.55,2.5,2.5,2.52,-0.02,-0.79,2041.0,513.407
3061,000587.SZ,20050613,2.51,2.56,2.46,2.52,2.48,0.04,1.61,2528.12,635.593
3062,000587.SZ,20050610,2.54,2.54,2.48,2.48,2.55,-0.07,-2.75,2003.96,501.9831
3063,000587.SZ,20050609,2.55,2.58,2.53,2.55,2.55,0.0,0.0,4149.92,1057.3745
3064,000587.SZ,20050608,2.45,2.56,2.41,2.55,2.45,0.1,4.08,7248.16,1824.043
3065,000587.SZ,20050607,2.46,2.47,2.42,2.45,2.44,0.01,0.41,2019.19,493.5704
3066,000587.SZ,20050606,2.4,2.45,2.39,2.44,2.44,0.0,0.0,1259.46,304.4833
3067,000587.SZ,20050603,2.44,2.47,2.4,2.44,2.44,0.0,0.0,875.0,211.661
3068,000587.SZ,20050602,2.47,2.47,2.42,2.44,2.48,-0.04,-1.61,2726.19,665.549
3069,000587.SZ,20050601,2.51,2.58,2.46,2.48,2.54,-0.06,-2.36,2568.36,641.5194
3070,000587.SZ,20050531,2.6,2.62,2.54,2.54,2.63,-0.09,-3.42,3144.0,809.17
3071,000587.SZ,20050530,2.65,2.65,2.6,2.63,2.65,-0.02,-0.75,1813.28,475.8229
3072,000587.SZ,20050527,2.59,2.7,2.58,2.65,2.57,0.08,3.11,10031.9,2681.061
3073,000587.SZ,20050526,2.59,2.59,2.52,2.57,2.59,-0.02,-0.77,1638.01,417.3815
3074,000587.SZ,20050525,2.59,2.59,2.54,2.59,2.59,0.0,0.0,1822.2,467.2289
3075,000587.SZ,20050524,2.57,2.62,2.57,2.59,2.6,-0.01,-0.38,853.0,221.029
3076,000587.SZ,20050523,2.56,2.62,2.56,2.6,2.61,-0.01,-0.38,1261.0,326.9187
3077,000587.SZ,20050520,2.61,2.63,2.6,2.61,2.62,-0.01,-0.38,1396.0,365.4798
3078,000587.SZ,20050519,2.58,2.63,2.58,2.62,2.63,-0.01,-0.38,1063.0,277.731
3079,000587.SZ,20050518,2.6,2.63,2.55,2.63,2.62,0.01,0.38,2145.0,556.6547
3080,000587.SZ,20050517,2.56,2.63,2.56,2.62,2.61,0.01,0.38,2624.05,687.565
3081,000587.SZ,20050516,2.55,2.62,2.55,2.61,2.61,0.0,0.0,932.01,240.9565
3082,000587.SZ,20050513,2.57,2.62,2.52,2.61,2.57,0.04,1.56,1606.0,415.151
3083,000587.SZ,20050512,2.53,2.59,2.5,2.57,2.53,0.04,1.58,2373.0,602.582
3084,000587.SZ,20050511,2.48,2.54,2.45,2.53,2.5,0.03,1.2,2909.07,728.1125
3085,000587.SZ,20050510,2.5,2.58,2.41,2.5,2.53,-0.03,-1.19,2260.89,554.1465
3086,000587.SZ,20050509,2.54,2.55,2.52,2.53,2.6,-0.07,-2.69,1065.33,269.5792
3087,000587.SZ,20050429,2.6,2.61,2.53,2.6,2.6,0.0,0.0,4947.65,1271.3357
3088,000587.SZ,20050428,2.6,2.61,2.56,2.6,2.61,-0.01,-0.38,3557.19,919.1516
3089,000587.SZ,20050427,2.54,2.62,2.54,2.61,2.61,0.0,0.0,2001.0,518.03
3090,000587.SZ,20050426,2.57,2.62,2.51,2.61,2.61,0.0,0.0,5214.32,1338.9205
3091,000587.SZ,20050425,2.64,2.65,2.54,2.61,2.67,-0.06,-2.25,7489.0,1913.5686
3092,000587.SZ,20050422,2.7,2.72,2.57,2.67,2.7,-0.03,-1.11,9558.4,2496.325
3093,000587.SZ,20050421,2.68,2.75,2.66,2.7,2.72,-0.02,-0.74,5494.58,1486.139
3094,000587.SZ,20050420,2.65,2.73,2.63,2.72,2.6,0.12,4.62,12702.26,3420.0549
3095,000587.SZ,20050419,2.6,2.62,2.59,2.6,2.63,-0.03,-1.14,1626.46,423.6001
3096,000587.SZ,20050418,2.54,2.63,2.54,2.63,2.63,0.0,0.0,2863.08,743.438
3097,000587.SZ,20050415,2.58,2.64,2.52,2.63,2.58,0.05,1.94,6878.49,1764.6374
3098,000587.SZ,20050414,2.56,2.63,2.49,2.58,2.58,0.0,0.0,8603.39,2178.0332
3099,000587.SZ,20050413,2.6,2.62,2.48,2.58,2.61,-0.03,-1.15,13027.9,3315.6479
3100,000587.SZ,20050411,2.63,2.65,2.59,2.61,2.63,-0.02,-0.76,5392.57,1408.3428
3101,000587.SZ,20050408,2.61,2.65,2.56,2.63,2.61,0.02,0.77,4135.67,1077.4965
3102,000587.SZ,20050407,2.54,2.65,2.54,2.61,2.59,0.02,0.77,6332.43,1655.4168
3103,000587.SZ,20050406,2.57,2.62,2.52,2.59,2.58,0.01,0.39,4571.99,1184.297
3104,000587.SZ,20050405,2.59,2.63,2.5,2.58,2.6,-0.02,-0.77,3508.7,897.358
3105,000587.SZ,20050404,2.67,2.67,2.55,2.6,2.65,-0.05,-1.89,1631.0,426.28
3106,000587.SZ,20050401,2.58,2.69,2.54,2.65,2.57,0.08,3.11,3808.42,995.946
3107,000587.SZ,20050331,2.46,2.58,2.46,2.57,2.52,0.05,1.98,3667.07,922.5425
3108,000587.SZ,20050330,2.6,2.6,2.5,2.52,2.61,-0.09,-3.45,3369.0,855.828
3109,000587.SZ,20050329,2.55,2.61,2.55,2.61,2.57,0.04,1.56,2673.82,689.0588
3110,000587.SZ,20050328,2.62,2.66,2.52,2.57,2.65,-0.08,-3.02,5439.0,1415.7445
3111,000587.SZ,20050325,2.64,2.69,2.57,2.65,2.64,0.01,0.38,3339.36,879.8899
3112,000587.SZ,20050324,2.75,2.75,2.56,2.64,2.69,-0.05,-1.86,7828.42,2043.2452
3113,000587.SZ,20050323,2.81,2.81,2.69,2.69,2.83,-0.14,-4.95,15270.6,4145.3258
3114,000587.SZ,20050322,2.88,2.9,2.82,2.83,2.87,-0.04,-1.39,7385.0,2105.311
3115,000587.SZ,20050321,2.96,2.97,2.85,2.87,2.94,-0.07,-2.38,5780.87,1669.6972
3116,000587.SZ,20050317,2.8,2.94,2.8,2.94,2.8,0.14,5.0,10895.23,3162.8842
3117,000587.SZ,20050316,2.83,2.87,2.8,2.8,2.88,-0.08,-2.78,4686.29,1328.8444
3118,000587.SZ,20050315,2.88,2.92,2.82,2.88,2.9,-0.02,-0.69,9675.81,2756.6929
3119,000587.SZ,20050314,2.93,2.95,2.85,2.9,2.93,-0.03,-1.02,9175.85,2660.51
3120,000587.SZ,20050311,2.91,3.0,2.84,2.93,2.94,-0.01,-0.34,12368.48,3594.2465
3121,000587.SZ,20050310,2.91,2.97,2.88,2.94,2.83,0.11,3.89,33971.64,10003.1443
3122,000587.SZ,20050309,2.85,2.87,2.77,2.83,2.86,-0.03,-1.05,7477.61,2098.8786
3123,000587.SZ,20050308,2.82,2.9,2.81,2.86,2.85,0.01,0.35,6159.42,1749.3145
3124,000587.SZ,20050307,2.73,2.89,2.73,2.85,2.75,0.1,3.64,14441.78,4106.4728
3125,000587.SZ,20050304,2.72,2.77,2.7,2.75,2.74,0.01,0.37,4112.69,1124.1079
3126,000587.SZ,20050303,2.64,2.74,2.63,2.74,2.68,0.06,2.24,4301.16,1161.8536
3127,000587.SZ,20050302,2.71,2.79,2.61,2.68,2.74,-0.06,-2.19,12044.49,3245.4436
3128,000587.SZ,20050301,2.82,2.84,2.71,2.74,2.84,-0.1,-3.52,13804.92,3802.5851
3129,000587.SZ,20050228,2.77,2.85,2.66,2.84,2.71,0.13,4.8,19609.56,5418.5951
3130,000587.SZ,20050225,2.6,2.71,2.58,2.71,2.58,0.13,5.04,18877.11,5091.3436
3131,000587.SZ,20050224,2.57,2.72,2.56,2.58,2.59,-0.01,-0.39,21933.17,5794.601
3132,000587.SZ,20050223,2.46,2.59,2.43,2.59,2.47,0.12,4.86,9422.7,2411.0614
3133,000587.SZ,20050222,2.39,2.51,2.36,2.47,2.39,0.08,3.35,14760.67,3668.3105
3134,000587.SZ,20050221,2.38,2.4,2.32,2.39,2.38,0.01,0.42,3334.99,791.3562
3135,000587.SZ,20050218,2.4,2.4,2.36,2.38,2.4,-0.02,-0.83,3097.99,735.8798
3136,000587.SZ,20050217,2.36,2.4,2.34,2.4,2.37,0.03,1.27,4102.51,969.6708
3137,000587.SZ,20050216,2.33,2.41,2.33,2.37,2.33,0.04,1.72,3028.56,716.304
3138,000587.SZ,20050204,2.4,2.42,2.3,2.33,2.41,-0.08,-3.32,8022.32,1875.0332
3139,000587.SZ,20050203,2.42,2.49,2.35,2.41,2.47,-0.06,-2.43,9587.2,2315.0335
3140,000587.SZ,20050202,2.46,2.54,2.38,2.47,2.43,0.04,1.65,18560.51,4561.6988
3141,000587.SZ,20050201,2.31,2.43,2.27,2.43,2.31,0.12,5.19,14113.36,3398.9327
3142,000587.SZ,20050131,2.38,2.38,2.26,2.31,2.32,-0.01,-0.43,12907.38,3006.7415
3143,000587.SZ,20050128,2.21,2.32,2.21,2.32,2.21,0.11,4.98,14281.57,3302.4924
3144,000587.SZ,20050127,2.2,2.24,2.17,2.21,2.23,-0.02,-0.9,1170.71,257.4277
3145,000587.SZ,20050126,2.26,2.26,2.2,2.23,2.23,0.0,0.0,1121.41,250.6325
3146,000587.SZ,20050125,2.25,2.3,2.22,2.23,2.27,-0.04,-1.76,2538.0,573.239
3147,000587.SZ,20050124,2.24,2.28,2.19,2.27,2.22,0.05,2.25,3300.36,735.9638
3148,000587.SZ,20050121,2.2,2.25,2.12,2.22,2.22,0.0,0.0,1951.0,427.491
3149,000587.SZ,20050120,2.3,2.33,2.17,2.22,2.28,-0.06,-2.63,3064.96,685.3943
3150,000587.SZ,20050119,2.17,2.29,2.15,2.28,2.18,0.1,4.59,3714.87,831.4586
3151,000587.SZ,20050118,2.06,2.18,2.06,2.18,2.09,0.09,4.31,4328.79,908.8071
3152,000587.SZ,20050117,2.1,2.17,2.09,2.09,2.2,-0.11,-5.0,5538.28,1160.8952
3153,000587.SZ,20050114,2.3,2.33,2.2,2.2,2.32,-0.12,-5.17,7102.78,1590.0741
3154,000587.SZ,20050113,2.31,2.35,2.28,2.32,2.34,-0.02,-0.85,4203.11,975.3435
3155,000587.SZ,20050112,2.33,2.36,2.3,2.34,2.29,0.05,2.18,6911.69,1618.3881
3156,000587.SZ,20050111,2.3,2.33,2.27,2.29,2.31,-0.02,-0.87,1714.4,392.3792
3157,000587.SZ,20050110,2.31,2.33,2.28,2.31,2.33,-0.02,-0.86,3255.4,748.2876
3158,000587.SZ,20050107,2.27,2.39,2.25,2.33,2.29,0.04,1.75,3107.11,721.9918
3159,000587.SZ,20050106,2.25,2.32,2.24,2.29,2.28,0.01,0.44,2507.49,573.1118
3160,000587.SZ,20050105,2.23,2.33,2.23,2.28,2.26,0.02,0.89,4936.96,1121.2129
3161,000587.SZ,20050104,2.36,2.36,2.26,2.26,2.37,-0.11,-4.64,4348.78,994.4823
3162,000587.SZ,20041231,2.34,2.39,2.33,2.37,2.35,0.02,0.85,5093.9,1206.774
3163,000587.SZ,20041230,2.3,2.43,2.28,2.35,2.32,0.03,1.29,9144.29,2169.2992
3164,000587.SZ,20041229,2.34,2.34,2.26,2.32,2.34,-0.02,-0.85,3218.0,737.9676
3165,000587.SZ,20041228,2.28,2.4,2.25,2.34,2.31,0.03,1.3,7264.44,1701.4522
3166,000587.SZ,20041224,2.31,2.37,2.24,2.31,2.34,-0.03,-1.28,8765.97,2029.0091
3167,000587.SZ,20041223,2.31,2.47,2.3,2.34,2.35,-0.01,-0.43,10802.64,2576.2135
3168,000587.SZ,20041222,2.39,2.43,2.29,2.35,2.41,-0.06,-2.49,22841.23,5337.292
3169,000587.SZ,20041221,2.45,2.55,2.4,2.41,2.49,-0.08,-3.21,13911.17,3425.2814
3170,000587.SZ,20041220,2.37,2.49,2.29,2.49,2.37,0.12,5.06,31118.68,7630.7798
3171,000587.SZ,20041217,2.27,2.37,2.22,2.37,2.26,0.11,4.87,21174.57,4904.9115
3172,000587.SZ,20041216,2.15,2.26,2.12,2.26,2.15,0.11,5.12,18251.33,4101.6374
3173,000587.SZ,20041215,2.04,2.15,2.04,2.15,2.05,0.1,4.88,14271.67,3046.1757
3174,000587.SZ,20041214,2.08,2.08,2.02,2.05,2.08,-0.03,-1.44,2366.11,482.9812
3175,000587.SZ,20041213,2.02,2.08,2.02,2.08,2.06,0.02,0.97,3294.21,682.08
3176,000587.SZ,20041210,2.05,2.1,2.01,2.06,2.11,-0.05,-2.37,4876.34,1000.7949
3177,000587.SZ,20041209,2.2,2.22,2.11,2.11,2.22,-0.11,-4.96,9011.65,1916.6692
3178,000587.SZ,20041208,2.1,2.23,2.1,2.22,2.12,0.1,4.72,11912.86,2627.9477
3179,000587.SZ,20041207,2.17,2.2,2.11,2.12,2.18,-0.06,-2.75,6831.72,1464.7397
3180,000587.SZ,20041206,2.13,2.24,2.13,2.18,2.17,0.01,0.46,13819.4,3039.4085
3181,000587.SZ,20041203,2.1,2.19,2.1,2.17,2.14,0.03,1.4,8643.7,1860.2952
3182,000587.SZ,20041202,2.22,2.24,2.13,2.14,2.24,-0.1,-4.46,22408.51,4807.3916
3183,000587.SZ,20041201,2.26,2.36,2.16,2.24,2.26,-0.02,-0.89,31533.18,7182.7022
3184,000587.SZ,20041130,2.25,2.26,2.16,2.26,2.15,0.11,5.12,62993.79,14178.1228
3185,000587.SZ,20041129,2.15,2.15,2.15,2.15,2.05,0.1,4.88,7291.3,1567.6295
3186,000587.SZ,20041126,2.05,2.05,2.05,2.05,1.95,0.1,5.13,3138.31,643.3536
3187,000587.SZ,20041125,1.95,1.95,1.95,1.95,1.86,0.09,4.84,2970.05,579.1598
3188,000587.SZ,20041124,2.04,2.05,1.85,1.86,1.95,-0.09,-4.62,42927.88,8412.0734
3189,000587.SZ,20041123,1.92,1.95,1.91,1.95,1.86,0.09,4.84,10723.02,2083.2888
3190,000587.SZ,20041122,1.8,1.86,1.79,1.86,1.77,0.09,5.08,12163.84,2249.9614
3191,000587.SZ,20041119,1.74,1.78,1.72,1.77,1.75,0.02,1.14,7506.11,1309.8968
3192,000587.SZ,20041118,1.73,1.78,1.73,1.75,1.73,0.02,1.16,6622.09,1158.7425
3193,000587.SZ,20041117,1.69,1.74,1.67,1.73,1.72,0.01,0.58,6177.32,1052.5793
3194,000587.SZ,20041116,1.75,1.77,1.66,1.72,1.73,-0.01,-0.58,13786.07,2381.2912
3195,000587.SZ,20041115,1.66,1.73,1.66,1.73,1.65,0.08,4.85,12301.23,2119.966
3196,000587.SZ,20041112,1.7,1.72,1.65,1.65,1.73,-0.08,-4.62,5841.51,986.4331
3197,000587.SZ,20041111,1.71,1.75,1.66,1.73,1.71,0.02,1.17,11546.18,1973.1182
3198,000587.SZ,20041110,1.62,1.72,1.62,1.71,1.67,0.04,2.4,11025.67,1854.6827
3199,000587.SZ,20041109,1.66,1.69,1.62,1.67,1.66,0.01,0.6,6112.33,1008.8167
3200,000587.SZ,20041108,1.56,1.68,1.56,1.66,1.6,0.06,3.75,5647.85,932.9892
3201,000587.SZ,20041105,1.68,1.68,1.6,1.6,1.68,-0.08,-4.76,7766.88,1256.1047
3202,000587.SZ,20041104,1.75,1.76,1.68,1.68,1.77,-0.09,-5.08,9385.49,1605.9768
3203,000587.SZ,20041103,1.77,1.8,1.73,1.77,1.72,0.05,2.91,26380.22,4671.3119
3204,000587.SZ,20041102,1.64,1.72,1.57,1.72,1.64,0.08,4.88,16786.27,2801.8304
3205,000587.SZ,20041101,1.54,1.64,1.52,1.64,1.56,0.08,5.13,8662.48,1388.0618
3206,000587.SZ,20041029,1.54,1.59,1.54,1.56,1.62,-0.06,-3.7,10145.02,1582.0877
3207,000587.SZ,20041028,1.73,1.73,1.61,1.62,1.69,-0.07,-4.14,13476.42,2236.6438
3208,000587.SZ,20041027,1.6,1.69,1.55,1.69,1.61,0.08,4.97,13620.44,2266.4103
3209,000587.SZ,20041026,1.55,1.62,1.54,1.61,1.62,-0.01,-0.62,12660.92,1975.0434
3210,000587.SZ,20041025,1.62,1.7,1.62,1.62,1.7,-0.08,-4.71,7363.89,1204.5599
3211,000587.SZ,20041022,1.71,1.76,1.7,1.7,1.79,-0.09,-5.03,12202.66,2086.0619
3212,000587.SZ,20041021,1.87,1.87,1.79,1.79,1.88,-0.09,-4.79,4080.0,734.394
3213,000587.SZ,20041020,1.93,1.93,1.85,1.88,1.93,-0.05,-2.59,4074.99,766.0732
3214,000587.SZ,20041019,1.94,1.98,1.9,1.93,1.95,-0.02,-1.03,5727.38,1110.4753
3215,000587.SZ,20041018,1.9,1.97,1.86,1.95,1.96,-0.01,-0.51,10101.82,1921.9852
3216,000587.SZ,20041015,1.96,2.0,1.96,1.96,2.06,-0.1,-4.85,4442.0,871.317
3217,000587.SZ,20041014,2.16,2.16,2.06,2.06,2.17,-0.11,-5.07,4881.0,1010.784
3218,000587.SZ,20041013,2.22,2.3,2.15,2.17,2.26,-0.09,-3.98,8544.71,1859.129
3219,000587.SZ,20041012,2.3,2.3,2.24,2.26,2.29,-0.03,-1.31,4129.53,934.0299
3220,000587.SZ,20041011,2.35,2.35,2.27,2.29,2.35,-0.06,-2.55,7626.7,1750.3596
3221,000587.SZ,20041008,2.25,2.35,2.2,2.35,2.3,0.05,2.17,3141.3,722.2479
3222,000587.SZ,20040930,2.37,2.37,2.29,2.3,2.36,-0.06,-2.54,4898.0,1136.757
3223,000587.SZ,20040929,2.38,2.4,2.32,2.36,2.36,0.0,0.0,4790.27,1130.9812
3224,000587.SZ,20040928,2.36,2.4,2.29,2.36,2.38,-0.02,-0.84,9277.18,2164.3908
3225,000587.SZ,20040927,2.49,2.51,2.38,2.38,2.5,-0.12,-4.8,14648.0,3520.8743
3226,000587.SZ,20040924,2.63,2.65,2.49,2.5,2.62,-0.12,-4.58,14133.96,3620.9733
3227,000587.SZ,20040923,2.56,2.66,2.5,2.62,2.58,0.04,1.55,12581.28,3266.0831
3228,000587.SZ,20040922,2.71,2.73,2.58,2.58,2.72,-0.14,-5.15,22972.0,5971.3003
3229,000587.SZ,20040921,2.77,2.8,2.7,2.72,2.67,0.05,1.87,42070.77,11660.3042
3230,000587.SZ,20040920,2.67,2.67,2.61,2.67,2.54,0.13,5.12,46642.83,12442.2096
3231,000587.SZ,20040917,2.42,2.54,2.39,2.54,2.42,0.12,4.96,19810.27,4926.5054
3232,000587.SZ,20040916,2.29,2.42,2.28,2.42,2.3,0.12,5.22,16894.51,4017.9089
3233,000587.SZ,20040915,2.17,2.3,2.17,2.3,2.19,0.11,5.02,13798.09,3139.8805
3234,000587.SZ,20040914,2.15,2.2,2.13,2.19,2.12,0.07,3.3,3327.51,723.1437
3235,000587.SZ,20040913,2.13,2.17,2.11,2.12,2.15,-0.03,-1.4,3288.0,705.895
3236,000587.SZ,20040910,2.12,2.17,2.12,2.15,2.16,-0.01,-0.46,2728.36,584.662
3237,000587.SZ,20040909,2.2,2.22,2.14,2.16,2.21,-0.05,-2.26,3760.01,819.0388
3238,000587.SZ,20040908,2.22,2.25,2.2,2.21,2.22,-0.01,-0.45,2629.43,584.7464
3239,000587.SZ,20040907,2.24,2.26,2.17,2.22,2.24,-0.02,-0.89,3402.48,754.1102
3240,000587.SZ,20040906,2.25,2.26,2.23,2.24,2.24,0.0,0.0,2028.5,454.8305
3241,000587.SZ,20040903,2.21,2.27,2.2,2.24,2.21,0.03,1.36,5532.89,1242.527
3242,000587.SZ,20040902,2.15,2.21,2.12,2.21,2.15,0.06,2.79,1763.69,384.8763
3243,000587.SZ,20040901,2.2,2.2,2.15,2.15,2.2,-0.05,-2.27,1841.0,397.074
3244,000587.SZ,20040831,2.2,2.22,2.17,2.2,2.15,0.05,2.33,5189.63,1141.0687
3245,000587.SZ,20040830,2.08,2.15,2.06,2.15,2.12,0.03,1.42,1558.51,331.4981
3246,000587.SZ,20040827,2.08,2.15,2.08,2.12,2.12,0.0,0.0,1914.98,403.7298
3247,000587.SZ,20040826,2.2,2.2,2.12,2.12,2.23,-0.11,-4.93,3752.66,806.4498
3248,000587.SZ,20040825,2.21,2.23,2.18,2.23,2.22,0.01,0.45,2893.0,638.393
3249,000587.SZ,20040824,2.19,2.28,2.18,2.22,2.2,0.02,0.91,5336.0,1193.72
3250,000587.SZ,20040823,2.16,2.23,2.12,2.2,2.15,0.05,2.33,5005.11,1097.1515
3251,000587.SZ,20040820,2.13,2.16,2.05,2.15,2.12,0.03,1.42,5737.75,1216.3474
3252,000587.SZ,20040819,2.18,2.18,2.09,2.12,2.2,-0.08,-3.64,5554.27,1180.4399
3253,000587.SZ,20040818,2.17,2.24,2.12,2.2,2.18,0.02,0.92,5428.86,1186.7284
3254,000587.SZ,20040817,2.15,2.21,2.15,2.18,2.26,-0.08,-3.54,8360.41,1809.0546
3255,000587.SZ,20040816,2.34,2.37,2.25,2.26,2.37,-0.11,-4.64,6389.38,1449.9215
3256,000587.SZ,20040813,2.33,2.4,2.32,2.37,2.34,0.03,1.28,4596.12,1088.8291
3257,000587.SZ,20040812,2.46,2.46,2.34,2.34,2.46,-0.12,-4.88,5974.59,1411.6994
3258,000587.SZ,20040811,2.57,2.59,2.46,2.46,2.59,-0.13,-5.02,5671.0,1409.521
3259,000587.SZ,20040810,2.56,2.61,2.56,2.59,2.58,0.01,0.39,1324.0,342.595
3260,000587.SZ,20040809,2.6,2.63,2.55,2.58,2.61,-0.03,-1.15,2879.38,744.3699
3261,000587.SZ,20040806,2.61,2.64,2.57,2.61,2.61,0.0,0.0,2893.19,752.1977
3262,000587.SZ,20040805,2.59,2.64,2.58,2.61,2.59,0.02,0.77,4624.96,1209.3067
3263,000587.SZ,20040804,2.56,2.61,2.52,2.59,2.55,0.04,1.57,4655.97,1200.3345
3264,000587.SZ,20040803,2.5,2.56,2.49,2.55,2.52,0.03,1.19,1948.03,491.8131
3265,000587.SZ,20040802,2.52,2.55,2.5,2.52,2.54,-0.02,-0.79,2089.0,528.386
3266,000587.SZ,20040730,2.53,2.57,2.51,2.54,2.57,-0.03,-1.17,4069.9,1031.9618
3267,000587.SZ,20040729,2.57,2.6,2.45,2.57,2.53,0.04,1.58,4833.29,1221.0432
3268,000587.SZ,20040728,2.5,2.56,2.48,2.53,2.5,0.03,1.2,2734.0,688.242
3269,000587.SZ,20040727,2.58,2.61,2.47,2.5,2.6,-0.1,-3.85,4631.29,1165.6679
3270,000587.SZ,20040726,2.6,2.64,2.54,2.6,2.6,0.0,0.0,3158.74,816.9785
3271,000587.SZ,20040723,2.62,2.66,2.54,2.6,2.64,-0.04,-1.52,3732.69,963.0329
3272,000587.SZ,20040722,2.69,2.75,2.62,2.64,2.68,-0.04,-1.49,6852.0,1834.317
3273,000587.SZ,20040721,2.66,2.72,2.64,2.68,2.67,0.01,0.37,2393.07,639.5899
3274,000587.SZ,20040720,2.69,2.75,2.63,2.67,2.67,0.0,0.0,5079.54,1375.1139
3275,000587.SZ,20040719,2.66,2.68,2.62,2.67,2.66,0.01,0.38,3683.8,976.6591
3276,000587.SZ,20040716,2.55,2.68,2.5,2.66,2.57,0.09,3.5,7012.32,1843.9765
3277,000587.SZ,20040715,2.58,2.58,2.49,2.57,2.62,-0.05,-1.91,8951.71,2266.8198
3278,000587.SZ,20040714,2.71,2.71,2.56,2.62,2.69,-0.07,-2.6,5421.23,1405.8793
3279,000587.SZ,20040713,2.7,2.74,2.61,2.69,2.71,-0.02,-0.74,3609.77,962.167
3280,000587.SZ,20040712,2.82,2.85,2.71,2.71,2.85,-0.14,-4.91,6432.0,1782.0926
3281,000587.SZ,20040709,2.71,2.85,2.7,2.85,2.71,0.14,5.17,11292.66,3191.0987
3282,000587.SZ,20040708,2.76,2.78,2.69,2.71,2.8,-0.09,-3.21,2988.83,812.9902
3283,000587.SZ,20040707,2.8,2.87,2.74,2.8,2.81,-0.01,-0.36,2900.89,815.8657
3284,000587.SZ,20040706,2.76,2.84,2.76,2.81,2.76,0.05,1.81,3950.44,1108.8267
3285,000587.SZ,20040705,2.76,2.76,2.69,2.76,2.75,0.01,0.36,3121.25,849.5803
3286,000587.SZ,20040702,2.73,2.79,2.72,2.75,2.75,0.0,0.0,3831.59,1055.9547
3287,000587.SZ,20040701,2.65,2.76,2.6,2.75,2.66,0.09,3.38,4946.24,1346.7678
3288,000587.SZ,20040630,2.61,2.7,2.58,2.66,2.64,0.02,0.76,5407.75,1432.3898
3289,000587.SZ,20040629,2.63,2.7,2.54,2.64,2.67,-0.03,-1.12,7386.04,1931.8214
3290,000587.SZ,20040628,2.81,2.81,2.67,2.67,2.81,-0.14,-4.98,5797.8,1563.3848
3291,000587.SZ,20040625,2.99,3.0,2.8,2.81,2.91,-0.1,-3.44,3645.16,1042.7141
3292,000587.SZ,20040624,3.03,3.03,2.9,2.91,2.95,-0.04,-1.36,5248.3,1553.2716
3293,000587.SZ,20040622,2.9,2.99,2.89,2.95,2.91,0.04,1.37,4223.0,1245.5272
3294,000587.SZ,20040621,2.89,2.93,2.84,2.91,2.92,-0.01,-0.34,2789.79,807.7096
3295,000587.SZ,20040618,2.87,2.92,2.81,2.92,2.89,0.03,1.04,3911.25,1121.1741
3296,000587.SZ,20040617,2.99,2.99,2.88,2.89,2.99,-0.1,-3.34,3598.68,1051.4688
3297,000587.SZ,20040616,2.96,3.03,2.89,2.99,2.98,0.01,0.34,5016.38,1491.8263
3298,000587.SZ,20040615,2.87,3.0,2.81,2.98,2.89,0.09,3.11,6314.92,1843.6181
3299,000587.SZ,20040614,3.03,3.03,2.89,2.89,3.04,-0.15,-4.93,8582.0,2504.8225
3300,000587.SZ,20040611,3.07,3.15,3.02,3.04,3.09,-0.05,-1.62,5725.45,1766.9031
3301,000587.SZ,20040610,3.22,3.22,3.05,3.09,3.2,-0.11,-3.44,11996.71,3714.3132
3302,000587.SZ,20040609,3.21,3.31,3.2,3.2,3.23,-0.03,-0.93,5428.99,1764.94
3303,000587.SZ,20040608,3.27,3.28,3.21,3.23,3.3,-0.07,-2.12,4611.39,1496.5806
3304,000587.SZ,20040607,3.36,3.36,3.27,3.3,3.39,-0.09,-2.65,5376.01,1769.5351
3305,000587.SZ,20040604,3.36,3.43,3.3,3.39,3.37,0.02,0.59,6748.54,2277.1271
3306,000587.SZ,20040603,3.4,3.41,3.33,3.37,3.41,-0.04,-1.17,6202.42,2090.6087
3307,000587.SZ,20040602,3.42,3.43,3.32,3.41,3.41,0.0,0.0,6231.54,2094.9604
3308,000587.SZ,20040601,3.27,3.41,3.27,3.41,3.25,0.16,4.92,16901.38,5736.1062
3309,000587.SZ,20040531,3.35,3.37,3.21,3.25,3.38,-0.13,-3.85,10651.01,3472.0321
3310,000587.SZ,20040527,3.33,3.43,3.26,3.38,3.33,0.05,1.5,6350.86,2145.7623
3311,000587.SZ,20040526,3.3,3.36,3.2,3.33,3.36,-0.03,-0.89,7412.54,2430.8089
3312,000587.SZ,20040525,3.49,3.5,3.36,3.36,3.54,-0.18,-5.08,11446.55,3876.5903
3313,000587.SZ,20040524,3.71,3.72,3.54,3.54,3.73,-0.19,-5.09,9979.07,3557.8524
3314,000587.SZ,20040521,3.71,3.75,3.65,3.73,3.72,0.01,0.27,3982.69,1466.2075
3315,000587.SZ,20040520,3.81,3.84,3.66,3.72,3.83,-0.11,-2.87,6207.59,2319.1135
3316,000587.SZ,20040519,3.82,3.85,3.8,3.83,3.83,0.0,0.0,4762.05,1821.4545
3317,000587.SZ,20040518,3.76,3.85,3.72,3.83,3.76,0.07,1.86,5356.73,2018.2917
3318,000587.SZ,20040517,3.7,3.78,3.7,3.76,3.73,0.03,0.8,4361.6,1633.1644
3319,000587.SZ,20040514,3.82,3.83,3.73,3.73,3.82,-0.09,-2.36,5812.91,2198.0231
3320,000587.SZ,20040513,3.8,3.88,3.77,3.82,3.8,0.02,0.53,8001.59,3072.1911
3321,000587.SZ,20040512,3.7,3.85,3.68,3.8,3.72,0.08,2.15,8049.94,3043.2122
3322,000587.SZ,20040511,3.64,3.72,3.62,3.72,3.69,0.03,0.81,5285.26,1941.9059
3323,000587.SZ,20040510,3.63,3.79,3.62,3.69,3.71,-0.02,-0.54,7588.51,2817.4171
3324,000587.SZ,20040430,3.77,3.77,3.61,3.71,3.74,-0.03,-0.8,8343.64,3069.3301
3325,000587.SZ,20040429,3.71,3.82,3.68,3.74,3.76,-0.02,-0.53,17466.35,6548.4363
3326,000587.SZ,20040428,3.66,3.85,3.66,3.76,3.85,-0.09,-2.34,27608.41,10213.7564
3327,000587.SZ,20040427,3.85,3.85,3.85,3.85,4.05,-0.2,-4.94,1743.0,671.055
3328,000587.SZ,20040426,4.05,4.05,4.05,4.05,4.26,-0.21,-4.93,2175.0,880.875
3329,000587.SZ,20040422,4.2,4.27,4.2,4.26,4.21,0.05,1.19,3719.56,1574.317
3330,000587.SZ,20040421,4.19,4.31,4.15,4.21,4.19,0.02,0.48,4776.43,2014.8395
3331,000587.SZ,20040420,4.1,4.27,4.06,4.19,4.32,-0.13,-3.01,7215.72,3023.5812
3332,000587.SZ,20040416,4.44,4.5,4.13,4.32,4.44,-0.12,-2.7,11702.21,5004.8989
3333,000587.SZ,20040415,4.45,4.57,4.4,4.44,4.49,-0.05,-1.11,9278.5,4163.5976
3334,000587.SZ,20040414,4.68,4.78,4.41,4.49,4.68,-0.19,-4.06,13562.27,6187.9097
3335,000587.SZ,20040413,4.76,4.83,4.67,4.68,4.76,-0.08,-1.68,9771.0,4645.256
3336,000587.SZ,20040412,4.83,4.84,4.75,4.76,4.81,-0.05,-1.04,7934.59,3795.8978
3337,000587.SZ,20040409,5.06,5.06,4.78,4.81,5.1,-0.29,-5.69,26349.5,12897.9581
3338,000587.SZ,20040408,5.12,5.18,5.08,5.1,5.07,0.03,0.59,51584.27,26475.3891
3339,000587.SZ,20040407,5.06,5.1,4.99,5.07,5.06,0.01,0.2,24297.52,12290.2428
3340,000587.SZ,20040406,5.13,5.13,4.96,5.06,5.06,0.0,0.0,19556.86,9826.4677
3341,000587.SZ,20040405,4.87,5.11,4.84,5.06,4.85,0.21,4.33,33711.01,16834.0121
3342,000587.SZ,20040402,4.88,4.93,4.83,4.85,4.9,-0.05,-1.02,12072.65,5877.4024
3343,000587.SZ,20040401,4.86,5.0,4.86,4.9,4.9,0.0,0.0,11667.28,5754.3434
3344,000587.SZ,20040331,4.8,4.91,4.8,4.9,4.83,0.07,1.45,11590.48,5658.4842
3345,000587.SZ,20040330,4.77,4.85,4.75,4.83,4.74,0.09,1.9,9627.61,4620.2325
3346,000587.SZ,20040329,4.69,4.77,4.65,4.74,4.73,0.01,0.21,7123.8,3358.943
3347,000587.SZ,20040326,4.7,4.73,4.66,4.73,4.73,0.0,0.0,6757.92,3169.4802
3348,000587.SZ,20040325,4.85,4.85,4.65,4.73,4.83,-0.1,-2.07,15466.16,7308.1125
3349,000587.SZ,20040324,4.92,4.94,4.75,4.83,4.92,-0.09,-1.83,12592.8,6120.9903
3350,000587.SZ,20040323,4.88,4.94,4.8,4.92,4.88,0.04,0.82,12896.11,6282.7337
3351,000587.SZ,20040322,4.82,4.95,4.77,4.88,4.89,-0.01,-0.2,13439.43,6512.355
3352,000587.SZ,20040319,4.98,5.07,4.71,4.89,4.61,0.28,6.07,40173.09,19878.6254
3353,000587.SZ,20040318,4.84,4.84,4.6,4.61,4.76,-0.15,-3.15,9726.79,4581.4964
3354,000587.SZ,20040317,4.73,4.79,4.65,4.76,4.72,0.04,0.85,11660.54,5508.9091
3355,000587.SZ,20040316,4.68,4.74,4.6,4.72,4.66,0.06,1.29,11905.4,5531.2252
3356,000587.SZ,20040315,4.6,4.68,4.55,4.66,4.6,0.06,1.3,10691.51,4954.0926
3357,000587.SZ,20040312,4.58,4.66,4.56,4.6,4.61,-0.01,-0.22,8638.96,3986.8638
3358,000587.SZ,20040311,4.6,4.64,4.51,4.61,4.56,0.05,1.1,11813.09,5420.2392
3359,000587.SZ,20040310,4.41,4.56,4.41,4.56,4.43,0.13,2.93,8778.39,3928.8026
3360,000587.SZ,20040309,4.48,4.57,4.4,4.43,4.5,-0.07,-1.56,9156.0,4124.8486
3361,000587.SZ,20040308,4.7,4.72,4.5,4.5,4.76,-0.26,-5.46,13184.88,6049.7794
3362,000587.SZ,20040305,4.9,4.91,4.76,4.76,4.89,-0.13,-2.66,12919.82,6203.816
3363,000587.SZ,20040304,4.9,4.95,4.73,4.89,4.92,-0.03,-0.61,15839.41,7653.895
3364,000587.SZ,20040303,5.07,5.18,4.85,4.92,5.09,-0.17,-3.34,31311.23,15680.7589
3365,000587.SZ,20040302,4.93,5.16,4.8,5.09,4.9,0.19,3.88,34704.85,17489.2996
3366,000587.SZ,20040301,4.85,4.95,4.71,4.9,4.89,0.01,0.2,21346.86,10305.0725
3367,000587.SZ,20040227,4.68,4.97,4.52,4.89,4.75,0.14,2.95,32713.38,15429.0319
3368,000587.SZ,20040226,5.1,5.14,4.75,4.75,5.28,-0.53,-10.04,54203.44,26583.2685
3369,000587.SZ,20040224,5.01,5.3,4.97,5.28,5.05,0.23,4.55,68130.22,35133.5199
3370,000587.SZ,20040223,5.03,5.14,4.89,5.05,4.99,0.06,1.2,36893.67,18562.9008
3371,000587.SZ,20040220,4.9,5.03,4.85,4.99,4.91,0.08,1.63,17132.0,8481.1466
3372,000587.SZ,20040219,4.99,5.15,4.9,4.91,4.99,-0.08,-1.6,52524.84,26422.466
3373,000587.SZ,20040218,4.78,5.03,4.71,4.99,4.78,0.21,4.39,38682.74,18897.0707
3374,000587.SZ,20040217,4.75,4.83,4.67,4.78,4.74,0.04,0.84,19940.2,9492.6472
3375,000587.SZ,20040216,4.52,4.84,4.47,4.74,4.52,0.22,4.87,30921.17,14569.2641
3376,000587.SZ,20040213,4.8,4.82,4.5,4.52,4.78,-0.26,-5.44,20974.76,9672.7418
3377,000587.SZ,20040212,4.6,4.85,4.6,4.78,4.58,0.2,4.37,32937.76,15573.1745
3378,000587.SZ,20040211,4.56,4.6,4.48,4.58,4.53,0.05,1.1,15868.32,7205.187
3379,000587.SZ,20040210,4.48,4.6,4.45,4.53,4.48,0.05,1.12,17240.03,7796.5376
3380,000587.SZ,20040209,4.38,4.52,4.35,4.48,4.43,0.05,1.13,20082.28,8920.4642
3381,000587.SZ,20040206,4.66,4.66,4.42,4.43,4.7,-0.27,-5.74,33781.21,15345.1174
3382,000587.SZ,20040205,4.32,4.74,4.22,4.7,4.32,0.38,8.8,48128.05,21798.0471
3383,000587.SZ,20040204,4.19,4.44,4.13,4.32,4.19,0.13,3.1,29885.1,12845.1068
3384,000587.SZ,20040203,4.09,4.22,4.0,4.19,4.1,0.09,2.2,22313.8,9242.2655
3385,000587.SZ,20040202,4.18,4.22,3.94,4.1,4.08,0.02,0.49,38906.23,15813.5919
3386,000587.SZ,20040130,3.75,4.08,3.72,4.08,3.71,0.37,9.97,33640.27,13606.9252
3387,000587.SZ,20040129,3.6,3.71,3.55,3.71,3.54,0.17,4.8,7944.12,2910.5712
3388,000587.SZ,20040116,3.6,3.66,3.51,3.54,3.58,-0.04,-1.12,6659.12,2364.4923
3389,000587.SZ,20040115,3.68,3.7,3.56,3.58,3.71,-0.13,-3.5,8816.45,3178.775
3390,000587.SZ,20040114,3.63,3.71,3.59,3.71,3.66,0.05,1.37,9977.1,3638.274
3391,000587.SZ,20040113,3.45,3.7,3.45,3.66,3.45,0.21,6.09,16786.78,6000.4251
3392,000587.SZ,20040112,3.46,3.51,3.41,3.45,3.51,-0.06,-1.71,8081.0,2792.5484
3393,000587.SZ,20040109,3.46,3.58,3.4,3.51,3.46,0.05,1.45,11019.0,3864.3877
3394,000587.SZ,20040108,3.36,3.47,3.35,3.46,3.39,0.07,2.06,8455.32,2877.8918
3395,000587.SZ,20040107,3.33,3.41,3.29,3.39,3.33,0.06,1.8,11162.47,3753.3699
3396,000587.SZ,20040106,3.44,3.45,3.24,3.33,3.44,-0.11,-3.2,11487.81,3817.9433
3397,000587.SZ,20040105,3.57,3.62,3.4,3.44,3.58,-0.14,-3.91,9142.51,3181.5253
3398,000587.SZ,20040102,3.56,3.58,3.5,3.58,3.52,0.06,1.7,3748.51,1320.8544
3399,000587.SZ,20031231,3.59,3.59,3.48,3.52,3.61,-0.09,-2.49,7086.3,2493.6021
3400,000587.SZ,20031230,3.77,3.77,3.52,3.61,3.77,-0.16,-4.24,8163.53,2955.3402
3401,000587.SZ,20031229,3.7,3.78,3.7,3.77,3.71,0.06,1.62,6142.5,2296.9565
3402,000587.SZ,20031226,3.65,3.77,3.63,3.71,3.65,0.06,1.64,5339.48,1989.4247
3403,000587.SZ,20031225,3.74,3.78,3.6,3.65,3.71,-0.06,-1.62,5521.2,2015.8679
3404,000587.SZ,20031224,3.71,3.78,3.65,3.71,3.71,0.0,0.0,6061.47,2245.8018
3405,000587.SZ,20031223,3.68,3.76,3.6,3.71,3.69,0.02,0.54,7215.03,2658.8068
3406,000587.SZ,20031222,3.56,3.71,3.44,3.69,3.61,0.08,2.22,11773.77,4154.0283
3407,000587.SZ,20031219,3.86,3.9,3.55,3.61,3.9,-0.29,-7.44,11769.62,4342.6123
3408,000587.SZ,20031218,4.01,4.08,3.85,3.9,4.05,-0.15,-3.7,7616.14,2991.3264
3409,000587.SZ,20031217,4.16,4.16,4.04,4.05,4.14,-0.09,-2.17,5983.01,2460.1001
3410,000587.SZ,20031216,4.23,4.23,4.08,4.14,4.24,-0.1,-2.36,8776.19,3621.3009
3411,000587.SZ,20031215,4.33,4.33,4.23,4.24,4.33,-0.09,-2.08,6409.75,2725.0732
3412,000587.SZ,20031212,4.35,4.37,4.28,4.33,4.34,-0.01,-0.23,5350.0,2315.1541
3413,000587.SZ,20031211,4.3,4.34,4.23,4.34,4.3,0.04,0.93,6860.07,2932.0923
3414,000587.SZ,20031210,4.18,4.35,4.18,4.3,4.2,0.1,2.38,6623.7,2824.1133
3415,000587.SZ,20031209,4.17,4.21,4.15,4.2,4.22,-0.02,-0.47,4455.38,1862.3017
3416,000587.SZ,20031208,4.3,4.32,4.19,4.22,4.32,-0.1,-2.31,4803.03,2031.5757
3417,000587.SZ,20031205,4.36,4.38,4.26,4.32,4.33,-0.01,-0.23,5517.09,2371.0035
3418,000587.SZ,20031204,4.3,4.42,4.3,4.33,4.35,-0.02,-0.46,7084.27,3079.9293
3419,000587.SZ,20031203,4.4,4.4,4.28,4.35,4.38,-0.03,-0.68,10381.4,4502.321
3420,000587.SZ,20031202,4.29,4.54,4.29,4.38,4.26,0.12,2.82,19719.29,8684.6028
3421,000587.SZ,20031201,4.18,4.26,4.09,4.26,4.12,0.14,3.4,6613.34,2774.8582
3422,000587.SZ,20031128,4.12,4.19,4.08,4.12,4.12,0.0,0.0,5299.55,2185.0986
3423,000587.SZ,20031127,4.33,4.36,4.11,4.12,4.36,-0.24,-5.5,9714.0,4081.511
3424,000587.SZ,20031126,4.3,4.44,4.22,4.36,4.32,0.04,0.93,14246.72,6136.5881
3425,000587.SZ,20031125,4.18,4.58,4.1,4.32,4.18,0.14,3.35,30505.16,13254.0709
3426,000587.SZ,20031124,4.03,4.19,4.03,4.18,4.03,0.15,3.72,11235.77,4622.5105
3427,000587.SZ,20031121,4.18,4.25,4.01,4.03,4.14,-0.11,-2.66,12638.14,5205.5171
3428,000587.SZ,20031120,3.97,4.19,3.97,4.14,3.97,0.17,4.28,16016.23,6545.3635
3429,000587.SZ,20031119,3.82,4.03,3.82,3.97,3.86,0.11,2.85,8185.61,3227.0308
3430,000587.SZ,20031118,3.8,3.88,3.8,3.86,3.85,0.01,0.26,3400.8,1308.7777
3431,000587.SZ,20031117,3.88,3.92,3.8,3.85,3.87,-0.02,-0.52,2709.1,1045.6744
3432,000587.SZ,20031114,3.86,3.95,3.8,3.87,3.88,-0.01,-0.26,4473.06,1737.8741
3433,000587.SZ,20031113,3.83,3.93,3.68,3.88,3.83,0.05,1.31,6129.88,2346.5252
3434,000587.SZ,20031112,3.95,3.95,3.83,3.83,3.98,-0.15,-3.77,5182.0,2007.3682
3435,000587.SZ,20031111,3.76,4.1,3.71,3.98,3.78,0.2,5.29,11368.31,4454.7775
3436,000587.SZ,20031110,3.84,3.84,3.7,3.78,3.84,-0.06,-1.56,4776.52,1795.2839
3437,000587.SZ,20031107,3.7,3.89,3.68,3.84,3.8,0.04,1.05,7261.69,2763.0627
3438,000587.SZ,20031106,4.0,4.0,3.64,3.8,4.04,-0.24,-5.94,16038.67,6113.0149
3439,000587.SZ,20031105,4.28,4.28,3.95,4.04,4.28,-0.24,-5.61,12984.19,5352.8275
3440,000587.SZ,20031104,4.25,4.28,4.15,4.28,4.22,0.06,1.42,13641.67,5761.0367
3441,000587.SZ,20031103,4.25,4.27,4.14,4.22,4.27,-0.05,-1.17,7225.2,3026.5811
3442,000587.SZ,20031031,4.16,4.33,4.13,4.27,4.21,0.06,1.43,8984.7,3832.6645
3443,000587.SZ,20031030,4.2,4.23,4.1,4.21,4.23,-0.02,-0.47,8039.5,3357.302
3444,000587.SZ,20031029,4.3,4.3,4.1,4.23,4.34,-0.11,-2.53,15214.1,6373.6685
3445,000587.SZ,20031028,4.68,4.75,4.27,4.34,4.7,-0.36,-7.66,16211.43,7081.0251
3446,000587.SZ,20031027,4.73,4.73,4.6,4.7,4.74,-0.04,-0.84,10656.0,4964.8273
3447,000587.SZ,20031024,5.06,5.12,4.68,4.74,5.1,-0.36,-7.06,26842.91,13038.5005
3448,000587.SZ,20031023,5.27,5.35,5.07,5.1,5.28,-0.18,-3.41,14819.87,7682.4431
3449,000587.SZ,20031022,5.22,5.33,5.16,5.28,5.18,0.1,1.93,14093.96,7410.8232
3450,000587.SZ,20031021,5.19,5.23,5.05,5.18,5.19,-0.01,-0.19,13746.87,7030.2449
3451,000587.SZ,20031020,5.35,5.38,5.18,5.19,5.35,-0.16,-2.99,11295.38,5922.5519
3452,000587.SZ,20031017,5.33,5.44,5.29,5.35,5.35,0.0,0.0,7416.4,3977.5941
3453,000587.SZ,20031016,5.45,5.49,5.33,5.35,5.45,-0.1,-1.83,10954.63,5908.2863
3454,000587.SZ,20031015,5.58,5.65,5.43,5.45,5.61,-0.16,-2.85,20968.0,11544.1724
3455,000587.SZ,20031014,5.66,5.88,5.58,5.61,5.66,-0.05,-0.88,40771.81,23339.2208
3456,000587.SZ,20031013,5.47,5.75,5.41,5.66,5.51,0.15,2.72,40604.22,22752.1363
3457,000587.SZ,20031010,5.4,5.6,5.31,5.51,5.4,0.11,2.04,28501.51,15598.7089
3458,000587.SZ,20031009,5.58,5.62,5.33,5.4,5.65,-0.25,-4.42,26587.78,14587.7051
3459,000587.SZ,20031008,5.2,5.66,5.2,5.65,5.28,0.37,7.01,39869.19,21757.0589
3460,000587.SZ,20030930,5.35,5.41,5.07,5.28,5.41,-0.13,-2.4,26125.28,13710.9629
3461,000587.SZ,20030929,5.42,5.52,5.27,5.41,5.46,-0.05,-0.92,23928.06,12897.0539
3462,000587.SZ,20030926,5.43,5.52,5.3,5.46,5.54,-0.08,-1.44,41737.74,22540.8428
3463,000587.SZ,20030925,5.45,5.67,5.38,5.54,5.15,0.39,7.57,99961.73,54983.0813
3464,000587.SZ,20030924,4.91,5.15,4.91,5.15,4.68,0.47,10.04,10041.49,5135.5508
3465,000587.SZ,20030919,4.7,4.71,4.63,4.68,4.64,0.04,0.86,1415.31,660.804
3466,000587.SZ,20030918,4.61,4.68,4.61,4.64,4.65,-0.01,-0.22,984.11,457.5167
3467,000587.SZ,20030917,4.71,4.71,4.6,4.65,4.65,0.0,0.0,1527.71,709.6509
3468,000587.SZ,20030916,4.6,4.69,4.59,4.65,4.6,0.05,1.09,1265.43,586.7084
3469,000587.SZ,20030915,4.71,4.73,4.58,4.6,4.73,-0.13,-2.75,1467.46,684.7821
3470,000587.SZ,20030912,4.81,4.82,4.72,4.73,4.84,-0.11,-2.27,1400.0,665.906
3471,000587.SZ,20030911,4.85,4.88,4.8,4.84,4.85,-0.01,-0.21,942.5,456.3239
3472,000587.SZ,20030910,4.85,4.86,4.75,4.85,4.85,0.0,0.0,1951.52,940.7195
3473,000587.SZ,20030909,4.84,4.87,4.8,4.85,4.84,0.01,0.21,940.65,454.6857
3474,000587.SZ,20030908,4.85,4.87,4.8,4.84,4.87,-0.03,-0.62,1220.52,589.2216
3475,000587.SZ,20030905,4.92,4.98,4.82,4.87,4.96,-0.09,-1.81,1279.34,623.3713
3476,000587.SZ,20030904,4.9,4.99,4.87,4.96,4.88,0.08,1.64,3251.91,1603.0907
3477,000587.SZ,20030903,4.86,4.89,4.78,4.88,4.86,0.02,0.41,1946.25,939.5442
3478,000587.SZ,20030902,4.92,4.92,4.85,4.86,4.92,-0.06,-1.22,1471.8,716.5504
3479,000587.SZ,20030901,4.8,4.92,4.8,4.92,4.87,0.05,1.03,2008.74,978.5061
3480,000587.SZ,20030829,4.86,4.91,4.8,4.87,4.88,-0.01,-0.2,1295.0,627.8248
3481,000587.SZ,20030828,4.97,4.97,4.87,4.88,4.82,0.06,1.24,2362.57,1160.8174
3482,000587.SZ,20030827,4.76,4.85,4.72,4.82,4.76,0.06,1.26,1755.69,837.6975
3483,000587.SZ,20030826,4.75,4.83,4.74,4.76,4.78,-0.02,-0.42,1173.33,558.7633
3484,000587.SZ,20030825,4.87,4.9,4.77,4.78,4.85,-0.07,-1.44,1073.0,516.236
3485,000587.SZ,20030822,4.88,4.95,4.8,4.85,4.87,-0.02,-0.41,1009.1,489.7393
3486,000587.SZ,20030821,4.87,4.9,4.85,4.87,4.9,-0.03,-0.61,892.0,434.815
3487,000587.SZ,20030820,4.95,4.95,4.88,4.9,4.93,-0.03,-0.61,906.96,444.9025
3488,000587.SZ,20030819,4.89,4.95,4.87,4.93,4.88,0.05,1.02,1109.8,544.8704
3489,000587.SZ,20030818,4.87,4.97,4.87,4.88,4.93,-0.05,-1.01,887.88,435.2044
3490,000587.SZ,20030815,4.95,4.99,4.89,4.93,4.97,-0.04,-0.8,1045.0,514.2509
3491,000587.SZ,20030814,4.9,5.04,4.9,4.97,5.02,-0.05,-1.0,887.01,441.6109
3492,000587.SZ,20030813,5.09,5.09,4.98,5.02,5.02,0.0,0.0,730.0,366.325
3493,000587.SZ,20030812,4.99,5.04,4.97,5.02,5.0,0.02,0.4,1386.8,694.0932
3494,000587.SZ,20030811,4.94,5.04,4.93,5.0,4.99,0.01,0.2,909.9,450.8336
3495,000587.SZ,20030808,5.05,5.09,4.97,4.99,5.04,-0.05,-0.99,1720.07,860.5824
3496,000587.SZ,20030807,5.08,5.12,5.02,5.04,5.1,-0.06,-1.18,1882.1,952.9309
3497,000587.SZ,20030806,5.08,5.15,5.05,5.1,5.08,0.02,0.39,1313.33,667.4736
3498,000587.SZ,20030805,5.1,5.1,5.01,5.08,5.11,-0.03,-0.59,1625.75,821.4444
3499,000587.SZ,20030804,5.05,5.13,5.03,5.11,4.99,0.12,2.4,2729.34,1388.7438
3500,000587.SZ,20030801,5.05,5.05,4.94,4.99,5.02,-0.03,-0.6,1020.0,507.3319
3501,000587.SZ,20030731,5.05,5.05,4.94,5.02,5.04,-0.02,-0.4,1140.2,570.3722
3502,000587.SZ,20030730,4.95,5.14,4.95,5.04,4.93,0.11,2.23,3711.72,1878.1336
3503,000587.SZ,20030729,4.89,4.94,4.8,4.93,4.89,0.04,0.82,1070.84,523.9416
3504,000587.SZ,20030728,4.94,5.0,4.88,4.89,4.94,-0.05,-1.01,1328.0,652.7553
3505,000587.SZ,20030725,4.92,5.0,4.92,4.94,4.99,-0.05,-1.0,1541.6,763.2434
3506,000587.SZ,20030724,5.04,5.05,4.96,4.99,5.06,-0.07,-1.38,1474.61,739.4451
3507,000587.SZ,20030723,5.07,5.08,4.97,5.06,5.03,0.03,0.6,1822.5,915.3434
3508,000587.SZ,20030722,4.91,5.15,4.91,5.03,4.94,0.09,1.82,2321.3,1157.2765
3509,000587.SZ,20030721,5.07,5.07,4.9,4.94,5.08,-0.14,-2.76,3438.22,1701.2571
3510,000587.SZ,20030718,5.15,5.18,5.05,5.08,5.14,-0.06,-1.17,4604.43,2343.2804
3511,000587.SZ,20030717,5.27,5.27,5.1,5.14,5.25,-0.11,-2.1,4611.55,2375.928
3512,000587.SZ,20030716,5.28,5.29,5.22,5.25,5.27,-0.02,-0.38,1511.3,792.467
3513,000587.SZ,20030715,5.2,5.27,5.2,5.27,5.19,0.08,1.54,2476.74,1295.2391
3514,000587.SZ,20030714,5.2,5.28,5.16,5.19,5.28,-0.09,-1.7,1667.8,867.6844
3515,000587.SZ,20030711,5.25,5.3,5.2,5.28,5.24,0.04,0.76,2319.27,1219.8334
3516,000587.SZ,20030710,5.2,5.28,5.18,5.24,5.2,0.04,0.77,2540.92,1328.8736
3517,000587.SZ,20030709,5.22,5.26,5.18,5.2,5.24,-0.04,-0.76,1209.0,628.3007
3518,000587.SZ,20030708,5.2,5.28,5.16,5.24,5.2,0.04,0.77,1635.02,855.5377
3519,000587.SZ,20030707,5.25,5.33,5.14,5.2,5.28,-0.08,-1.52,2850.78,1482.5562
3520,000587.SZ,20030704,5.39,5.39,5.25,5.28,5.38,-0.1,-1.86,2227.0,1179.008
3521,000587.SZ,20030703,5.45,5.45,5.35,5.38,5.45,-0.07,-1.28,1793.27,965.2717
3522,000587.SZ,20030702,5.32,5.5,5.32,5.45,5.38,0.07,1.3,4576.34,2476.3594
3523,000587.SZ,20030701,5.35,5.46,5.33,5.38,5.31,0.07,1.32,3083.99,1667.1467
3524,000587.SZ,20030630,5.31,5.36,5.25,5.31,5.34,-0.03,-0.56,3809.96,2023.113
3525,000587.SZ,20030627,5.46,5.46,5.32,5.34,5.49,-0.15,-2.73,4548.08,2446.5558
3526,000587.SZ,20030626,5.52,5.57,5.4,5.49,5.55,-0.06,-1.08,5790.64,3162.1385
3527,000587.SZ,20030625,5.63,5.64,5.53,5.55,5.62,-0.07,-1.25,5111.98,2855.402
3528,000587.SZ,20030624,5.63,5.7,5.59,5.62,5.63,-0.01,-0.18,4305.13,2432.646
3529,000587.SZ,20030623,5.72,5.72,5.6,5.63,5.72,-0.09,-1.57,4941.85,2788.2278
3530,000587.SZ,20030620,5.63,5.85,5.63,5.72,5.69,0.03,0.53,9888.14,5691.8697
3531,000587.SZ,20030619,5.64,5.69,5.55,5.69,5.65,0.04,0.71,7034.68,3945.9021
3532,000587.SZ,20030618,5.66,5.71,5.6,5.65,5.67,-0.02,-0.35,4806.25,2723.3984
3533,000587.SZ,20030617,5.65,5.69,5.61,5.67,5.7,-0.03,-0.53,6521.0,3681.497
3534,000587.SZ,20030616,5.76,5.76,5.7,5.7,5.77,-0.07,-1.21,5753.11,3294.4993
3535,000587.SZ,20030613,5.62,5.78,5.55,5.77,5.63,0.14,2.49,12219.54,6922.1664
3536,000587.SZ,20030612,5.69,5.7,5.6,5.63,5.7,-0.07,-1.23,7707.66,4338.9937
3537,000587.SZ,20030611,5.69,5.75,5.55,5.7,5.69,0.01,0.18,14078.07,7957.2397
3538,000587.SZ,20030610,5.55,5.79,5.53,5.69,5.54,0.15,2.71,38872.45,22061.424
3539,000587.SZ,20030609,5.55,5.55,5.33,5.54,5.31,0.23,4.33,11267.71,6160.7618
3540,000587.SZ,20030606,5.39,5.43,5.3,5.31,5.42,-0.11,-2.03,5517.0,2960.8109
3541,000587.SZ,20030605,5.6,5.6,5.41,5.42,5.54,-0.12,-2.17,5406.58,2976.9545
3542,000587.SZ,20030604,5.57,5.57,5.41,5.54,5.59,-0.05,-0.89,10048.42,5513.1552
3543,000587.SZ,20030603,5.51,5.7,5.46,5.59,5.51,0.08,1.45,19541.61,10933.1783
3544,000587.SZ,20030602,5.49,5.57,5.44,5.51,5.5,0.01,0.18,7602.52,4182.5371
3545,000587.SZ,20030530,5.36,5.58,5.35,5.5,5.38,0.12,2.23,14257.41,7821.7581
3546,000587.SZ,20030529,5.34,5.39,5.24,5.38,5.36,0.02,0.37,8341.88,4425.3433
3547,000587.SZ,20030528,5.42,5.43,5.34,5.36,5.44,-0.08,-1.47,8891.85,4787.6553
3548,000587.SZ,20030527,5.21,5.48,5.21,5.44,5.19,0.25,4.82,16912.79,9022.0895
3549,000587.SZ,20030523,5.15,5.25,5.14,5.19,5.17,0.02,0.39,5937.18,3094.1452
3550,000587.SZ,20030522,5.19,5.25,5.11,5.17,5.2,-0.03,-0.58,3786.31,1955.1368
3551,000587.SZ,20030521,5.27,5.27,5.18,5.2,5.29,-0.09,-1.7,3778.12,1967.9027
3552,000587.SZ,20030520,5.33,5.33,5.2,5.29,5.35,-0.06,-1.12,4705.31,2470.5136
3553,000587.SZ,20030519,5.21,5.37,5.17,5.35,5.19,0.16,3.08,7964.22,4204.1867
3554,000587.SZ,20030516,5.25,5.33,5.15,5.19,5.29,-0.1,-1.89,5986.71,3130.7001
3555,000587.SZ,20030515,5.18,5.34,5.1,5.29,5.2,0.09,1.73,9343.21,4878.7017
3556,000587.SZ,20030514,5.15,5.25,4.95,5.2,5.21,-0.01,-0.19,10872.54,5589.156
3557,000587.SZ,20030513,4.9,5.22,4.73,5.21,4.94,0.27,5.47,14310.5,7074.9623
3558,000587.SZ,20030512,5.05,5.1,4.92,4.94,5.03,-0.09,-1.79,7324.7,3669.4321
3559,000587.SZ,20030430,5.24,5.24,5.01,5.03,5.24,-0.21,-4.01,8397.93,4276.8071
3560,000587.SZ,20030429,5.18,5.3,5.13,5.24,5.22,0.02,0.38,7711.26,4022.415
3561,000587.SZ,20030428,5.27,5.3,5.07,5.22,5.32,-0.1,-1.88,8151.14,4229.0208
3562,000587.SZ,20030425,5.35,5.43,5.28,5.32,5.37,-0.05,-0.93,5574.35,2990.8008
3563,000587.SZ,20030424,5.66,5.68,5.36,5.37,5.74,-0.37,-6.45,12682.08,6942.2775
3564,000587.SZ,20030423,5.75,5.83,5.73,5.74,5.77,-0.03,-0.52,4885.4,2818.0977
3565,000587.SZ,20030422,5.91,5.91,5.73,5.77,5.9,-0.13,-2.2,5534.34,3210.8974
3566,000587.SZ,20030421,6.0,6.0,5.83,5.9,6.0,-0.1,-1.67,4849.6,2860.4443
3567,000587.SZ,20030418,5.88,6.09,5.82,6.0,5.88,0.12,2.04,7542.13,4491.6756
3568,000587.SZ,20030417,5.89,5.91,5.81,5.88,5.89,-0.01,-0.17,6969.22,4073.7658
3569,000587.SZ,20030416,6.2,6.2,5.88,5.89,6.17,-0.28,-4.54,12294.07,7374.0561
3570,000587.SZ,20030415,6.09,6.2,6.05,6.17,6.04,0.13,2.15,11302.61,6930.4291
3571,000587.SZ,20030414,5.8,6.05,5.8,6.04,5.85,0.19,3.25,9036.84,5376.9928
3572,000587.SZ,20030411,5.77,5.86,5.7,5.85,5.77,0.08,1.39,7082.12,4095.3474
3573,000587.SZ,20030410,5.89,5.9,5.65,5.77,5.89,-0.12,-2.04,10221.55,5861.7474
3574,000587.SZ,20030409,5.88,5.9,5.75,5.89,5.88,0.01,0.17,6342.45,3690.105
3575,000587.SZ,20030408,6.03,6.03,5.87,5.88,5.99,-0.11,-1.84,5288.54,3129.0698
3576,000587.SZ,20030407,6.12,6.15,5.98,5.99,6.1,-0.11,-1.8,3915.08,2363.8458
3577,000587.SZ,20030404,6.08,6.12,6.04,6.1,6.11,-0.01,-0.16,2259.92,1373.4532
3578,000587.SZ,20030403,6.16,6.17,6.08,6.11,6.17,-0.06,-0.97,2594.43,1586.9367
3579,000587.SZ,20030402,6.28,6.28,6.16,6.17,6.22,-0.05,-0.8,3298.25,2043.9372
3580,000587.SZ,20030401,6.11,6.22,6.08,6.22,6.11,0.11,1.8,7969.97,4894.2443
3581,000587.SZ,20030331,6.08,6.12,6.03,6.11,6.07,0.04,0.66,2766.0,1679.8896
3582,000587.SZ,20030328,6.1,6.16,6.05,6.07,6.11,-0.04,-0.65,3797.29,2317.5897
3583,000587.SZ,20030327,5.93,6.13,5.88,6.11,5.93,0.18,3.04,3271.23,1972.5301
3584,000587.SZ,20030326,5.95,6.0,5.9,5.93,5.96,-0.03,-0.5,1145.49,681.0301
3585,000587.SZ,20030325,6.02,6.02,5.95,5.96,6.06,-0.1,-1.65,1554.1,929.9059
3586,000587.SZ,20030324,6.01,6.08,6.0,6.06,6.04,0.02,0.33,1406.0,847.546
3587,000587.SZ,20030321,5.96,6.05,5.93,6.04,5.96,0.08,1.34,2608.78,1567.2581
3588,000587.SZ,20030320,5.99,6.01,5.9,5.96,5.99,-0.03,-0.5,2225.49,1329.0032
3589,000587.SZ,20030319,6.03,6.05,5.85,5.99,6.03,-0.04,-0.66,4049.53,2414.2842
3590,000587.SZ,20030318,6.08,6.16,6.0,6.03,6.11,-0.08,-1.31,2961.0,1796.056
3591,000587.SZ,20030317,6.17,6.17,6.0,6.11,6.17,-0.06,-0.97,3686.86,2233.201
3592,000587.SZ,20030314,6.13,6.23,6.11,6.17,6.15,0.02,0.33,2611.82,1609.1617
3593,000587.SZ,20030313,6.22,6.24,6.13,6.15,6.21,-0.06,-0.97,3101.5,1914.0859
3594,000587.SZ,20030312,6.15,6.23,6.11,6.21,6.17,0.04,0.65,2003.1,1235.5169
3595,000587.SZ,20030311,6.13,6.2,6.13,6.17,6.16,0.01,0.16,2209.16,1362.4041
3596,000587.SZ,20030310,6.34,6.38,6.15,6.16,6.33,-0.17,-2.69,3448.17,2146.5392
3597,000587.SZ,20030307,6.37,6.44,6.33,6.33,6.35,-0.02,-0.32,2257.0,1438.235
3598,000587.SZ,20030306,6.48,6.49,6.34,6.35,6.48,-0.13,-2.01,4279.1,2737.9178
3599,000587.SZ,20030305,6.57,6.57,6.45,6.48,6.57,-0.09,-1.37,3845.02,2493.0653
3600,000587.SZ,20030304,6.55,6.61,6.55,6.57,6.58,-0.01,-0.15,2101.0,1381.489
3601,000587.SZ,20030303,6.56,6.6,6.51,6.58,6.55,0.03,0.46,2397.53,1568.5547
3602,000587.SZ,20030228,6.6,6.65,6.5,6.55,6.62,-0.07,-1.06,2959.0,1941.335
3603,000587.SZ,20030227,6.67,6.72,6.6,6.62,6.69,-0.07,-1.05,2598.8,1725.9069
3604,000587.SZ,20030226,6.65,6.69,6.6,6.69,6.64,0.05,0.75,3209.91,2134.3863
3605,000587.SZ,20030225,6.5,6.65,6.5,6.64,6.47,0.17,2.63,4711.13,3105.0093
3606,000587.SZ,20030224,6.44,6.52,6.43,6.47,6.49,-0.02,-0.31,3854.68,2494.9683
3607,000587.SZ,20030221,6.67,6.68,6.48,6.49,6.7,-0.21,-3.13,6113.52,4003.9698
3608,000587.SZ,20030220,6.8,6.82,6.7,6.7,6.79,-0.09,-1.33,4177.5,2820.4928
3609,000587.SZ,20030219,6.72,6.8,6.64,6.79,6.72,0.07,1.04,5403.82,3626.0329
3610,000587.SZ,20030218,6.7,6.75,6.65,6.72,6.69,0.03,0.45,3801.82,2546.7521
3611,000587.SZ,20030217,6.75,6.84,6.68,6.69,6.77,-0.08,-1.18,7035.75,4748.1805
3612,000587.SZ,20030214,6.75,6.85,6.7,6.77,6.77,0.0,0.0,4232.45,2870.9303
3613,000587.SZ,20030213,6.86,6.9,6.75,6.77,6.88,-0.11,-1.6,9771.18,6659.6878
3614,000587.SZ,20030212,6.82,6.95,6.79,6.88,6.78,0.1,1.47,21664.55,14883.2854
3615,000587.SZ,20030211,6.5,6.8,6.5,6.78,6.5,0.28,4.31,10416.32,6946.6228
3616,000587.SZ,20030210,6.53,6.58,6.4,6.5,6.54,-0.04,-0.61,4116.73,2663.855
3617,000587.SZ,20030129,6.62,6.63,6.5,6.54,6.58,-0.04,-0.61,5211.08,3434.0804
3618,000587.SZ,20030128,6.62,6.63,6.51,6.58,6.56,0.02,0.3,4115.39,2700.784
3619,000587.SZ,20030127,6.55,6.65,6.42,6.56,6.52,0.04,0.61,6578.92,4321.858
3620,000587.SZ,20030124,6.38,6.53,6.36,6.52,6.4,0.12,1.88,4023.85,2594.4121
3621,000587.SZ,20030123,6.49,6.6,6.4,6.4,6.52,-0.12,-1.84,4873.9,3163.5869
3622,000587.SZ,20030122,6.34,6.56,6.34,6.52,6.36,0.16,2.52,7416.88,4774.9048
3623,000587.SZ,20030121,6.5,6.62,6.35,6.36,6.56,-0.2,-3.05,6415.02,4165.0366
3624,000587.SZ,20030120,6.58,6.58,6.45,6.56,6.56,0.0,0.0,5841.45,3803.0589
3625,000587.SZ,20030117,6.73,6.78,6.51,6.56,6.7,-0.14,-2.09,8952.97,5896.5268
3626,000587.SZ,20030116,6.6,6.71,6.53,6.7,6.62,0.08,1.21,11006.6,7297.3542
3627,000587.SZ,20030115,6.65,6.78,6.48,6.62,6.67,-0.05,-0.75,15215.15,10067.688
3628,000587.SZ,20030114,6.3,6.7,6.26,6.67,6.31,0.36,5.71,18313.95,11969.0767
3629,000587.SZ,20030113,6.28,6.35,6.25,6.31,6.31,0.0,0.0,5491.22,3457.8664
3630,000587.SZ,20030110,6.34,6.55,6.28,6.31,6.34,-0.03,-0.47,18811.66,12105.9598
3631,000587.SZ,20030109,6.26,6.44,6.16,6.34,6.26,0.08,1.28,12927.26,8142.3158
3632,000587.SZ,20030108,6.1,6.26,6.0,6.26,6.11,0.15,2.46,4998.2,3074.1649
3633,000587.SZ,20030107,6.15,6.3,5.98,6.11,6.16,-0.05,-0.81,7617.03,4671.9921
3634,000587.SZ,20030106,5.85,6.19,5.85,6.16,5.85,0.31,5.3,9083.67,5514.9431
3635,000587.SZ,20030103,5.8,5.93,5.72,5.85,5.77,0.08,1.39,2583.4,1513.291
3636,000587.SZ,20030102,5.78,5.91,5.72,5.77,5.78,-0.01,-0.17,3430.29,1987.9837
3637,000587.SZ,20021231,5.87,5.97,5.76,5.78,5.87,-0.09,-1.53,2585.43,1517.0637
3638,000587.SZ,20021230,5.97,6.0,5.84,5.87,6.0,-0.13,-2.17,2890.56,1702.8882
3639,000587.SZ,20021227,6.0,6.08,5.86,6.0,6.0,0.0,0.0,5565.47,3308.5616
3640,000587.SZ,20021226,6.25,6.3,5.91,6.0,6.31,-0.31,-4.91,6147.46,3748.2775
3641,000587.SZ,20021225,6.4,6.41,6.3,6.31,6.4,-0.09,-1.41,2290.09,1457.5734
3642,000587.SZ,20021224,6.35,6.4,6.28,6.4,6.33,0.07,1.11,3636.84,2308.3925
3643,000587.SZ,20021223,6.43,6.53,6.31,6.33,6.43,-0.1,-1.56,8831.11,5660.7521
3644,000587.SZ,20021220,6.36,6.49,6.3,6.43,6.34,0.09,1.42,8700.72,5602.1566
3645,000587.SZ,20021219,6.23,6.38,6.23,6.34,6.25,0.09,1.44,4300.63,2707.8295
3646,000587.SZ,20021218,6.3,6.38,6.23,6.25,6.36,-0.11,-1.73,5782.44,3642.3698
3647,000587.SZ,20021217,6.3,6.4,6.2,6.36,6.35,0.01,0.16,5701.73,3594.5947
3648,000587.SZ,20021216,6.2,6.42,6.12,6.35,6.22,0.13,2.09,8400.24,5302.8232
3649,000587.SZ,20021213,5.91,6.3,5.82,6.22,5.97,0.25,4.19,7522.69,4601.8194
3650,000587.SZ,20021212,5.92,6.12,5.9,5.97,5.9,0.07,1.19,2577.83,1544.9756
3651,000587.SZ,20021211,5.83,5.92,5.82,5.9,5.9,0.0,0.0,1996.05,1168.454
3652,000587.SZ,20021210,6.07,6.13,5.87,5.9,6.09,-0.19,-3.12,2601.66,1554.8175
3653,000587.SZ,20021209,6.11,6.2,6.08,6.09,6.09,0.0,0.0,1235.0,757.907
3654,000587.SZ,20021206,6.1,6.21,6.05,6.09,6.11,-0.02,-0.33,1483.5,911.4092
3655,000587.SZ,20021205,6.1,6.14,6.01,6.11,6.12,-0.01,-0.16,2011.55,1220.3409
3656,000587.SZ,20021204,6.15,6.25,6.12,6.12,6.13,-0.01,-0.16,3280.56,2033.3926
3657,000587.SZ,20021203,5.95,6.18,5.92,6.13,5.99,0.14,2.34,2624.24,1597.5109
3658,000587.SZ,20021202,6.23,6.25,5.98,5.99,6.23,-0.24,-3.85,4291.0,2622.1692
3659,000587.SZ,20021129,6.15,6.4,6.05,6.23,6.13,0.1,1.63,11491.71,7200.1874
3660,000587.SZ,20021128,5.86,6.13,5.78,6.13,5.91,0.22,3.72,5832.66,3496.138
3661,000587.SZ,20021127,5.78,6.02,5.73,5.91,5.84,0.07,1.2,4105.19,2404.724
3662,000587.SZ,20021126,6.05,6.13,5.82,5.84,6.04,-0.2,-3.31,3082.9,1849.2448
3663,000587.SZ,20021125,5.98,6.18,5.9,6.04,6.02,0.02,0.33,3004.92,1810.6519
3664,000587.SZ,20021122,6.12,6.19,5.88,6.02,6.07,-0.05,-0.82,6764.45,4093.4202
3665,000587.SZ,20021121,6.35,6.35,6.02,6.07,6.35,-0.28,-4.41,5290.99,3231.5395
3666,000587.SZ,20021120,6.6,6.6,6.35,6.35,6.61,-0.26,-3.93,3681.0,2360.4209
3667,000587.SZ,20021119,6.54,6.65,6.36,6.61,6.47,0.14,2.16,3257.36,2122.3767
3668,000587.SZ,20021118,6.4,6.68,6.4,6.47,6.5,-0.03,-0.46,1902.04,1235.1188
3669,000587.SZ,20021115,6.33,6.55,6.29,6.5,6.38,0.12,1.88,4377.8,2825.5227
3670,000587.SZ,20021114,6.59,6.6,6.33,6.38,6.61,-0.23,-3.48,3815.11,2468.9122
3671,000587.SZ,20021113,6.48,6.62,6.33,6.61,6.52,0.09,1.38,5613.13,3623.4572
3672,000587.SZ,20021112,6.75,6.84,6.43,6.52,6.73,-0.21,-3.12,5629.2,3703.5417
3673,000587.SZ,20021111,6.91,6.99,6.7,6.73,6.9,-0.17,-2.46,4343.82,2947.6207
3674,000587.SZ,20021108,7.22,7.3,6.88,6.9,7.19,-0.29,-4.03,6176.46,4357.0605
3675,000587.SZ,20021107,7.24,7.27,7.14,7.19,7.24,-0.05,-0.69,3828.14,2749.0679
3676,000587.SZ,20021106,7.3,7.32,7.21,7.24,7.28,-0.04,-0.55,5338.27,3876.0407
3677,000587.SZ,20021105,7.04,7.29,7.03,7.28,7.06,0.22,3.12,11116.21,8014.5603
3678,000587.SZ,20021104,7.0,7.07,6.91,7.06,6.92,0.14,2.02,7420.49,5184.9933
3679,000587.SZ,20021101,7.2,7.2,6.85,6.92,7.22,-0.3,-4.16,9904.53,6899.6194
3680,000587.SZ,20021031,7.22,7.26,7.13,7.22,7.22,0.0,0.0,5536.57,3992.0211
3681,000587.SZ,20021030,7.19,7.24,7.08,7.22,7.29,-0.07,-0.96,8806.44,6308.0817
3682,000587.SZ,20021029,7.78,7.78,7.13,7.29,7.92,-0.63,-7.95,24937.93,18075.5312
3683,000587.SZ,20021028,8.02,8.1,7.9,7.92,8.06,-0.14,-1.74,4769.95,3815.728
3684,000587.SZ,20021025,8.19,8.25,8.02,8.06,8.19,-0.13,-1.59,5834.99,4742.1396
3685,000587.SZ,20021024,8.3,8.3,8.13,8.19,8.31,-0.12,-1.44,5555.71,4554.996
3686,000587.SZ,20021023,8.26,8.33,8.18,8.31,8.26,0.05,0.61,7624.97,6284.2474
3687,000587.SZ,20021022,7.96,8.38,7.85,8.26,7.9,0.36,4.56,18673.62,15382.4971
3688,000587.SZ,20021021,7.83,7.96,7.78,7.9,7.92,-0.02,-0.25,2162.08,1697.2397
3689,000587.SZ,20021018,7.84,7.99,7.76,7.92,7.89,0.03,0.38,2945.39,2320.0397
3690,000587.SZ,20021017,8.11,8.15,7.82,7.89,8.13,-0.24,-2.95,3556.0,2836.9059
3691,000587.SZ,20021016,8.0,8.16,7.98,8.13,8.0,0.13,1.63,7462.93,6034.2238
3692,000587.SZ,20021015,8.04,8.04,7.93,8.0,8.08,-0.08,-0.99,3413.29,2724.815
3693,000587.SZ,20021014,8.04,8.09,7.8,8.08,8.04,0.04,0.5,6090.06,4856.3672
3694,000587.SZ,20021011,8.0,8.14,7.9,8.04,8.0,0.04,0.5,6633.86,5292.633
3695,000587.SZ,20021010,7.78,8.03,7.78,8.0,7.78,0.22,2.83,16822.88,13396.7685
3696,000587.SZ,20021009,7.66,7.8,7.54,7.78,7.64,0.14,1.83,4585.94,3525.4033
3697,000587.SZ,20021008,7.72,7.72,7.62,7.64,7.72,-0.08,-1.04,892.0,682.07
3698,000587.SZ,20020927,7.76,7.83,7.7,7.72,7.74,-0.02,-0.26,1617.94,1251.1907
3699,000587.SZ,20020926,7.87,7.95,7.73,7.74,7.9,-0.16,-2.03,2118.72,1655.4123
3700,000587.SZ,20020925,7.9,8.0,7.88,7.9,7.96,-0.06,-0.75,1411.34,1118.4136
3701,000587.SZ,20020924,8.0,8.0,7.95,7.96,8.0,-0.04,-0.5,789.07,628.5493
3702,000587.SZ,20020923,8.0,8.05,7.96,8.0,7.98,0.02,0.25,692.62,554.0914
3703,000587.SZ,20020920,7.96,8.19,7.92,7.98,7.96,0.02,0.25,2510.68,2020.3922
3704,000587.SZ,20020919,7.8,8.07,7.8,7.96,7.8,0.16,2.05,2197.9,1736.1983
3705,000587.SZ,20020918,7.85,7.95,7.8,7.8,7.89,-0.09,-1.14,1076.06,846.5996
3706,000587.SZ,20020917,7.84,7.99,7.82,7.89,7.9,-0.01,-0.13,1539.0,1212.759
3707,000587.SZ,20020916,8.01,8.02,7.9,7.9,8.01,-0.11,-1.37,1416.0,1123.547
3708,000587.SZ,20020913,8.06,8.1,7.99,8.01,8.09,-0.08,-0.99,1347.71,1080.7433
3709,000587.SZ,20020912,8.0,8.14,8.0,8.09,8.05,0.04,0.5,1825.24,1477.7006
3710,000587.SZ,20020911,8.08,8.1,7.95,8.05,8.11,-0.06,-0.74,1939.22,1553.4687
3711,000587.SZ,20020910,8.15,8.15,8.06,8.11,8.05,0.06,0.75,985.1,797.8045
3712,000587.SZ,20020909,8.1,8.12,8.03,8.05,8.13,-0.08,-0.98,1765.49,1422.1515
3713,000587.SZ,20020906,8.1,8.22,8.1,8.13,8.18,-0.05,-0.61,2406.51,1959.6252
3714,000587.SZ,20020905,8.41,8.41,8.17,8.18,8.41,-0.23,-2.73,4616.0,3810.2066
3715,000587.SZ,20020904,8.4,8.44,8.37,8.41,8.4,0.01,0.12,2353.2,1977.7718
3716,000587.SZ,20020903,8.35,8.44,8.35,8.4,8.35,0.05,0.6,1616.59,1356.0003
3717,000587.SZ,20020902,8.38,8.42,8.33,8.35,8.38,-0.03,-0.36,1790.1,1496.9474
3718,000587.SZ,20020830,8.4,8.4,8.34,8.38,8.38,0.0,0.0,1538.43,1287.9419
3719,000587.SZ,20020829,8.48,8.5,8.35,8.38,8.47,-0.09,-1.06,2740.59,2299.9516
3720,000587.SZ,20020828,8.4,8.53,8.4,8.47,8.43,0.04,0.47,2494.08,2113.8403
3721,000587.SZ,20020827,8.36,8.45,8.36,8.43,8.38,0.05,0.6,3920.1,3292.6069
3722,000587.SZ,20020826,8.5,8.5,8.33,8.38,8.49,-0.11,-1.3,5005.86,4186.2853
3723,000587.SZ,20020823,8.57,8.6,8.46,8.49,8.57,-0.08,-0.93,3323.11,2823.8501
3724,000587.SZ,20020822,8.44,8.6,8.44,8.57,8.44,0.13,1.54,7071.31,6026.0277
3725,000587.SZ,20020821,8.54,8.54,8.41,8.44,8.54,-0.1,-1.17,5374.59,4539.821
3726,000587.SZ,20020820,8.36,8.58,8.36,8.54,8.33,0.21,2.52,11116.12,9406.5611
3727,000587.SZ,20020819,8.5,8.5,8.3,8.33,8.66,-0.33,-3.81,13404.45,11190.8292
3728,000587.SZ,20020816,8.56,8.7,8.48,8.66,8.6,0.06,0.7,3749.84,3214.7954
3729,000587.SZ,20020815,8.73,8.74,8.6,8.6,8.74,-0.14,-1.6,2104.32,1820.1778
3730,000587.SZ,20020814,8.68,8.75,8.66,8.74,8.71,0.03,0.34,1946.9,1695.0062
3731,000587.SZ,20020813,8.63,8.75,8.63,8.71,8.66,0.05,0.58,1606.67,1395.6156
3732,000587.SZ,20020812,8.75,8.75,8.63,8.66,8.77,-0.11,-1.25,3248.1,2817.4159
3733,000587.SZ,20020809,8.96,8.97,8.76,8.77,8.85,-0.08,-0.9,3534.44,3109.1873
3734,000587.SZ,20020808,9.0,9.0,8.84,8.85,8.99,-0.14,-1.56,4913.8,4374.8619
3735,000587.SZ,20020807,9.1,9.1,8.96,8.99,9.09,-0.1,-1.1,5445.79,4899.9288
3736,000587.SZ,20020806,9.16,9.2,9.05,9.09,9.14,-0.05,-0.55,7147.09,6511.8783
3737,000587.SZ,20020805,9.06,9.2,9.06,9.14,9.06,0.08,0.88,14131.43,12944.5479
3738,000587.SZ,20020802,9.1,9.12,9.01,9.06,9.07,-0.01,-0.11,6986.84,6334.2019
3739,000587.SZ,20020801,8.98,9.18,8.9,9.07,9.0,0.07,0.78,15378.14,13919.8204
3740,000587.SZ,20020731,8.84,9.05,8.78,9.0,8.79,0.21,2.39,11106.24,9894.3959
3741,000587.SZ,20020730,8.76,8.84,8.74,8.79,8.75,0.04,0.46,2487.77,2185.9706
3742,000587.SZ,20020729,8.88,8.88,8.74,8.75,8.81,-0.06,-0.68,2990.06,2619.3159
3743,000587.SZ,20020726,8.85,8.9,8.79,8.81,8.83,-0.02,-0.23,3179.91,2815.7059
3744,000587.SZ,20020725,8.9,8.97,8.79,8.83,8.83,0.0,0.0,3258.01,2890.0018
3745,000587.SZ,20020724,8.8,8.87,8.76,8.83,8.81,0.02,0.23,2675.88,2353.0268
3746,000587.SZ,20020723,8.88,8.91,8.77,8.81,8.83,-0.02,-0.23,3416.5,3020.5519
3747,000587.SZ,20020722,9.05,9.07,8.76,8.83,9.04,-0.21,-2.32,8025.06,7100.9374
3748,000587.SZ,20020719,8.87,9.1,8.85,9.04,8.88,0.16,1.8,7303.12,6565.3812
3749,000587.SZ,20020718,8.93,8.95,8.85,8.88,8.92,-0.04,-0.45,3673.83,3270.6878
3750,000587.SZ,20020717,8.9,8.93,8.73,8.92,8.87,0.05,0.56,5428.54,4778.9919
3751,000587.SZ,20020716,8.98,9.04,8.85,8.87,8.96,-0.09,-1.0,8320.5,7416.5732
3752,000587.SZ,20020715,9.3,9.3,8.94,8.96,9.25,-0.29,-3.14,19235.86,17464.8867
3753,000587.SZ,20020712,9.27,9.28,9.16,9.25,9.27,-0.02,-0.22,14142.55,13022.3752
3754,000587.SZ,20020711,9.08,9.29,9.08,9.27,9.09,0.18,1.98,22858.49,21112.6109
3755,000587.SZ,20020710,9.17,9.27,9.01,9.09,9.19,-0.1,-1.09,15697.83,14339.8705
3756,000587.SZ,20020709,9.11,9.28,9.11,9.19,9.1,0.09,0.99,17534.51,16127.0031
3757,000587.SZ,20020708,8.89,9.1,8.86,9.1,8.89,0.21,2.36,7023.73,6339.5396
3758,000587.SZ,20020705,8.85,8.93,8.78,8.89,8.85,0.04,0.45,2833.12,2507.105
3759,000587.SZ,20020704,8.96,8.96,8.8,8.85,8.95,-0.1,-1.12,5288.56,4680.232
3760,000587.SZ,20020703,8.95,8.97,8.82,8.95,8.92,0.03,0.34,2959.69,2634.1911
3761,000587.SZ,20020702,8.83,8.94,8.72,8.92,8.81,0.11,1.25,3621.13,3190.539
3762,000587.SZ,20020701,8.9,8.97,8.8,8.81,8.85,-0.04,-0.45,3652.82,3230.1056
3763,000587.SZ,20020628,9.05,9.06,8.78,8.85,9.05,-0.2,-2.21,8004.57,7125.6242
3764,000587.SZ,20020627,9.06,9.16,8.88,9.05,9.05,0.0,0.0,7284.21,6549.3898
3765,000587.SZ,20020626,8.83,9.13,8.8,9.05,8.99,0.06,0.67,8268.61,7425.4087
3766,000587.SZ,20020625,9.24,9.49,8.95,8.99,9.24,-0.25,-2.71,20524.53,18901.4277
3767,000587.SZ,20020624,9.24,9.24,8.74,9.24,8.4,0.84,10.0,38469.32,35167.8321
3768,000587.SZ,20020621,8.08,8.45,8.08,8.4,8.08,0.32,3.96,9986.54,8357.4215
3769,000587.SZ,20020620,8.46,8.46,7.95,8.08,7.91,0.17,2.15,2901.79,2355.7479
3770,000587.SZ,20020619,8.08,8.08,7.9,7.91,8.08,-0.17,-2.1,1712.02,1362.8196
3771,000587.SZ,20020618,7.88,8.1,7.88,8.08,7.81,0.27,3.46,2755.51,2211.7155
3772,000587.SZ,20020617,7.75,7.85,7.72,7.81,7.82,-0.01,-0.13,2147.34,1672.5992
3773,000587.SZ,20020614,8.0,8.04,7.8,7.82,8.03,-0.21,-2.62,2924.86,2316.3819
3774,000587.SZ,20020613,8.24,8.27,8.01,8.03,8.28,-0.25,-3.02,5222.76,4252.9429
3775,000587.SZ,20020612,7.95,8.32,7.92,8.28,8.0,0.28,3.5,9363.81,7594.8735
3776,000587.SZ,20020611,7.94,8.1,7.91,8.0,7.94,0.06,0.76,2123.26,1700.7398
3777,000587.SZ,20020610,8.03,8.07,7.9,7.94,8.07,-0.13,-1.61,1721.69,1372.5094
3778,000587.SZ,20020607,8.0,8.12,7.78,8.07,7.96,0.11,1.38,5584.16,4482.863
3779,000587.SZ,20020606,7.53,8.15,7.45,7.96,7.53,0.43,5.71,4339.09,3389.8434
3780,000587.SZ,20020605,7.78,7.88,7.53,7.53,7.86,-0.33,-4.2,1887.7,1443.3246
3781,000587.SZ,20020604,7.8,7.9,7.69,7.86,7.77,0.09,1.16,2678.49,2093.6281
3782,000587.SZ,20020603,7.6,7.85,7.57,7.77,7.95,-0.18,-2.26,7939.7,6083.1238
3783,000587.SZ,20020531,8.05,8.15,7.95,7.95,8.06,-0.11,-1.36,1827.0,1462.652
3784,000587.SZ,20020530,8.1,8.28,7.81,8.06,8.17,-0.11,-1.35,3315.37,2663.9604
3785,000587.SZ,20020529,8.37,8.37,8.17,8.17,8.36,-0.19,-2.27,2891.88,2369.997
3786,000587.SZ,20020528,8.33,8.47,8.33,8.36,8.31,0.05,0.6,1673.17,1405.0286
3787,000587.SZ,20020527,8.33,8.42,8.18,8.31,8.33,-0.02,-0.24,2736.01,2258.1666
3788,000587.SZ,20020524,8.44,8.45,8.25,8.33,8.49,-0.16,-1.88,2235.55,1861.2252
3789,000587.SZ,20020523,8.45,8.63,8.45,8.49,8.43,0.06,0.71,2103.73,1798.055
3790,000587.SZ,20020522,8.6,8.63,8.42,8.43,8.62,-0.19,-2.2,2696.24,2288.6621
3791,000587.SZ,20020521,8.75,8.8,8.48,8.62,8.27,0.35,4.23,5501.04,4755.8475
3792,000587.SZ,20020520,8.48,8.5,8.17,8.27,8.53,-0.26,-3.05,3963.55,3266.0433
3793,000587.SZ,20020517,8.39,8.59,8.24,8.53,8.39,0.14,1.67,5013.99,4212.6097
3794,000587.SZ,20020516,8.7,8.7,8.38,8.39,8.75,-0.36,-4.11,5670.25,4814.0997
3795,000587.SZ,20020515,8.75,8.9,8.72,8.75,8.77,-0.02,-0.23,2902.93,2549.1165
3796,000587.SZ,20020514,8.75,8.99,8.74,8.77,8.81,-0.04,-0.45,2758.69,2433.4059
3797,000587.SZ,20020513,8.98,8.98,8.8,8.81,9.01,-0.2,-2.22,5661.43,5024.577
3798,000587.SZ,20020510,9.2,9.2,9.0,9.01,9.2,-0.19,-2.07,4402.27,3999.0684
3799,000587.SZ,20020509,9.19,9.3,9.18,9.2,9.19,0.01,0.11,3347.02,3087.5424
3800,000587.SZ,20020508,9.28,9.34,9.12,9.19,9.34,-0.15,-1.61,2538.44,2336.3126
3801,000587.SZ,20020430,9.41,9.57,9.26,9.34,9.34,0.0,0.0,10213.63,9579.6353
3802,000587.SZ,20020426,9.13,9.41,9.13,9.34,9.17,0.17,1.85,15851.34,14683.8555
3803,000587.SZ,20020425,9.08,9.28,9.03,9.17,9.1,0.07,0.77,2470.56,2252.9227
3804,000587.SZ,20020424,9.12,9.16,9.0,9.1,9.12,-0.02,-0.22,3521.48,3191.5606
3805,000587.SZ,20020423,9.25,9.29,9.0,9.12,9.23,-0.11,-1.19,2281.01,2090.04
3806,000587.SZ,20020422,9.48,9.48,9.2,9.23,9.46,-0.23,-2.43,8797.39,8151.6226
3807,000587.SZ,20020419,8.99,9.48,8.94,9.46,8.93,0.53,5.94,18293.05,16792.7067
3808,000587.SZ,20020418,9.08,9.12,8.9,8.93,9.08,-0.15,-1.65,3617.0,3259.901
3809,000587.SZ,20020417,9.19,9.2,9.0,9.08,9.16,-0.08,-0.87,3088.23,2798.6677
3810,000587.SZ,20020416,9.13,9.26,9.0,9.16,9.13,0.03,0.33,3975.81,3623.9406
3811,000587.SZ,20020415,9.3,9.34,9.05,9.13,9.27,-0.14,-1.51,4575.49,4193.2207
3812,000587.SZ,20020412,9.21,9.39,9.17,9.27,9.21,0.06,0.65,5891.41,5477.2639
3813,000587.SZ,20020411,9.46,9.49,9.2,9.21,9.39,-0.18,-1.92,12515.58,11660.0864
3814,000587.SZ,20020410,9.34,9.58,9.34,9.39,9.19,0.2,2.18,39549.82,37386.661
3815,000587.SZ,20020409,9.0,9.27,9.0,9.19,8.91,0.28,3.14,22190.5,20403.8539
3816,000587.SZ,20020408,8.9,9.05,8.83,8.91,8.88,0.03,0.34,3852.42,3443.6355
3817,000587.SZ,20020405,8.78,8.91,8.72,8.88,8.77,0.11,1.25,5530.06,4882.214
3818,000587.SZ,20020404,8.65,8.78,8.4,8.77,8.5,0.27,3.18,2955.77,2556.7935
3819,000587.SZ,20020403,8.47,8.57,8.4,8.5,8.47,0.03,0.35,2660.44,2261.0462
3820,000587.SZ,20020402,8.8,8.8,8.41,8.47,8.74,-0.27,-3.09,5189.33,4433.8666
3821,000587.SZ,20020401,8.48,8.78,8.42,8.74,8.52,0.22,2.58,4105.87,3528.7355
3822,000587.SZ,20020329,8.9,8.94,8.42,8.52,8.97,-0.45,-5.02,5485.2,4771.6627
3823,000587.SZ,20020328,8.9,9.03,8.8,8.97,8.92,0.05,0.56,5171.82,4621.4304
3824,000587.SZ,20020327,8.93,9.0,8.76,8.92,8.94,-0.02,-0.22,6128.47,5460.5123
3825,000587.SZ,20020326,8.79,9.07,8.79,8.94,8.84,0.1,1.13,13967.89,12483.4633
3826,000587.SZ,20020325,8.55,8.9,8.5,8.84,8.65,0.19,2.2,4314.88,3771.2212
3827,000587.SZ,20020322,8.8,8.8,8.5,8.65,8.8,-0.15,-1.7,4534.68,3926.3141
3828,000587.SZ,20020321,8.89,8.93,8.7,8.8,8.82,-0.02,-0.23,5859.61,5157.2333
3829,000587.SZ,20020320,8.65,8.85,8.58,8.82,8.56,0.26,3.04,10623.11,9289.3859
3830,000587.SZ,20020319,8.3,8.61,8.25,8.56,8.29,0.27,3.26,3857.45,3251.6405
3831,000587.SZ,20020318,8.38,8.5,8.2,8.29,8.28,0.01,0.12,3179.23,2650.5036
3832,000587.SZ,20020315,8.7,8.8,8.26,8.28,8.63,-0.35,-4.06,5642.0,4832.1727
3833,000587.SZ,20020314,8.31,8.65,8.31,8.63,8.32,0.31,3.73,4535.39,3820.8846
3834,000587.SZ,20020313,8.55,8.64,8.22,8.32,8.55,-0.23,-2.69,10232.55,8667.3291
3835,000587.SZ,20020312,8.9,8.96,8.5,8.55,8.95,-0.4,-4.47,11584.64,10118.2944
3836,000587.SZ,20020311,8.57,8.96,8.45,8.95,8.57,0.38,4.43,12438.74,10856.1834
3837,000587.SZ,20020308,8.5,8.67,8.28,8.57,8.44,0.13,1.54,11631.79,9871.9744
3838,000587.SZ,20020307,8.12,8.49,8.12,8.44,8.16,0.28,3.43,6341.76,5293.6472
3839,000587.SZ,20020306,8.1,8.38,8.1,8.16,8.21,-0.05,-0.61,6973.73,5758.315
3840,000587.SZ,20020305,7.9,8.35,7.9,8.21,7.99,0.22,2.75,8279.34,6733.79
3841,000587.SZ,20020304,7.5,7.99,7.5,7.99,7.65,0.34,4.44,1897.6,1467.6997
3842,000587.SZ,20020301,7.82,7.83,7.61,7.65,7.87,-0.22,-2.8,2227.59,1710.9099
3843,000587.SZ,20020228,7.92,8.0,7.86,7.87,7.99,-0.12,-1.5,1865.64,1479.1718
3844,000587.SZ,20020227,7.95,8.04,7.9,7.99,7.99,0.0,0.0,3130.38,2500.543
3845,000587.SZ,20020226,7.89,7.99,7.77,7.99,7.85,0.14,1.78,2164.37,1702.5784
3846,000587.SZ,20020225,8.0,8.07,7.81,7.85,7.76,0.09,1.16,2143.68,1692.1516
3847,000587.SZ,20020208,7.9,7.9,7.75,7.76,7.84,-0.08,-1.02,2897.0,2262.015
3848,000587.SZ,20020207,7.5,7.97,7.5,7.84,7.75,0.09,1.16,4676.48,3662.5033
3849,000587.SZ,20020206,7.75,7.8,7.52,7.75,7.79,-0.04,-0.51,4665.44,3571.2967
3850,000587.SZ,20020205,7.72,7.86,7.7,7.79,7.71,0.08,1.04,4038.76,3130.454
3851,000587.SZ,20020204,7.6,7.8,7.48,7.71,7.6,0.11,1.45,4108.63,3150.3245
3852,000587.SZ,20020201,7.58,7.75,7.4,7.6,7.57,0.03,0.4,6415.77,4867.1885
3853,000587.SZ,20020131,6.95,7.62,6.95,7.57,6.93,0.64,9.24,13150.6,9774.3828
3854,000587.SZ,20020130,6.83,7.0,6.8,6.93,6.82,0.11,1.61,1998.12,1379.8145
3855,000587.SZ,20020129,6.49,6.97,6.45,6.82,6.63,0.19,2.87,2741.03,1855.663
3856,000587.SZ,20020128,7.16,7.16,6.6,6.63,7.16,-0.53,-7.4,4140.0,2822.0728
3857,000587.SZ,20020125,7.19,7.3,7.1,7.16,7.25,-0.09,-1.24,3489.26,2504.0835
3858,000587.SZ,20020124,7.06,7.4,6.8,7.25,7.15,0.1,1.4,5637.84,4069.964
3859,000587.SZ,20020123,6.41,7.15,6.41,7.15,6.5,0.65,10.0,4761.3,3265.139
3860,000587.SZ,20020122,6.48,6.79,6.47,6.5,6.57,-0.07,-1.07,3268.73,2152.2526
3861,000587.SZ,20020121,7.04,7.04,6.56,6.57,7.02,-0.45,-6.41,3948.76,2654.0879
3862,000587.SZ,20020118,7.09,7.2,6.81,7.02,7.1,-0.08,-1.13,3366.21,2358.2717
3863,000587.SZ,20020117,7.52,7.52,7.04,7.1,7.55,-0.45,-5.96,2578.5,1881.7882
3864,000587.SZ,20020116,7.45,7.6,7.3,7.55,7.37,0.18,2.44,4305.35,3214.3764
3865,000587.SZ,20020115,7.4,7.59,7.32,7.37,7.5,-0.13,-1.73,1769.35,1316.2076
3866,000587.SZ,20020114,7.62,7.68,7.4,7.5,7.8,-0.3,-3.85,3168.29,2375.1063
3867,000587.SZ,20020111,8.04,8.04,7.8,7.8,8.04,-0.24,-2.99,1598.59,1257.9914
3868,000587.SZ,20020110,7.81,8.09,7.69,8.04,7.82,0.22,2.81,3433.19,2694.0946
3869,000587.SZ,20020109,7.93,8.0,7.8,7.82,7.93,-0.11,-1.39,2468.8,1943.9016
3870,000587.SZ,20020108,8.3,8.3,7.91,7.93,8.17,-0.24,-2.94,2233.0,1800.7116
3871,000587.SZ,20020107,7.8,8.38,7.8,8.17,8.33,-0.16,-1.92,1927.64,1563.0944
3872,000587.SZ,20020104,8.5,8.69,8.25,8.33,8.36,-0.03,-0.36,1948.5,1628.991
3873,000587.SZ,20011231,7.73,8.74,7.73,8.36,8.59,-0.23,-2.68,3651.4,3060.5618
3874,000587.SZ,20011228,8.52,8.65,8.5,8.59,8.47,0.12,1.42,2585.42,2214.4789
3875,000587.SZ,20011227,8.4,8.52,8.38,8.47,8.4,0.07,0.83,1993.63,1686.9545
3876,000587.SZ,20011226,8.32,8.42,8.2,8.4,8.32,0.08,0.96,1463.25,1225.8297
3877,000587.SZ,20011225,8.28,8.49,8.04,8.32,8.34,-0.02,-0.24,1672.14,1388.1951
3878,000587.SZ,20011224,8.49,8.59,8.17,8.34,8.47,-0.13,-1.53,1659.62,1383.3958
3879,000587.SZ,20011220,8.6,8.66,8.44,8.47,8.76,-0.29,-3.31,2767.59,2349.8085
3880,000587.SZ,20011219,8.82,8.87,8.7,8.76,8.8,-0.04,-0.45,1749.53,1535.5884
3881,000587.SZ,20011218,8.6,8.8,8.6,8.8,8.6,0.2,2.33,1598.06,1389.3661
3882,000587.SZ,20011217,8.75,8.84,8.52,8.6,8.69,-0.09,-1.04,1716.29,1478.244
3883,000587.SZ,20011214,8.8,8.85,8.62,8.69,8.83,-0.14,-1.59,2391.16,2086.6373
3884,000587.SZ,20011213,9.02,9.07,8.82,8.83,9.02,-0.19,-2.11,3346.92,2982.3355
3885,000587.SZ,20011212,9.1,9.15,9.02,9.02,9.13,-0.11,-1.2,1750.0,1588.913
3886,000587.SZ,20011211,9.25,9.36,9.09,9.13,9.18,-0.05,-0.54,2237.5,2050.3284
3887,000587.SZ,20011210,9.2,9.25,9.06,9.18,9.25,-0.07,-0.76,2079.5,1898.2156
3888,000587.SZ,20011207,9.27,9.4,9.2,9.25,9.25,0.0,0.0,3025.64,2817.7059
3889,000587.SZ,20011206,9.1,9.27,9.1,9.25,9.18,0.07,0.76,4295.29,3951.7398
3890,000587.SZ,20011205,9.4,9.55,9.15,9.18,9.48,-0.3,-3.16,7807.49,7315.0636
3891,000587.SZ,20011204,9.5,9.66,9.42,9.48,9.5,-0.02,-0.21,16628.07,15845.0704
3892,000587.SZ,20011203,9.27,9.5,9.27,9.5,9.27,0.23,2.48,10367.28,9736.8816
3893,000587.SZ,20011130,9.05,9.32,8.99,9.27,9.05,0.22,2.43,6728.8,6192.432
3894,000587.SZ,20011129,9.03,9.12,9.0,9.05,9.03,0.02,0.22,4461.5,4035.063
3895,000587.SZ,20011128,8.99,9.15,8.98,9.03,8.99,0.04,0.44,7060.92,6400.8899
3896,000587.SZ,20011127,8.9,9.0,8.8,8.99,8.81,0.18,2.04,5226.27,4671.6574
3897,000587.SZ,20011126,8.78,8.86,8.71,8.81,8.8,0.01,0.11,1766.89,1547.703
3898,000587.SZ,20011123,8.9,8.9,8.74,8.8,8.91,-0.11,-1.23,2899.5,2553.263
3899,000587.SZ,20011122,8.87,8.93,8.72,8.91,8.88,0.03,0.34,4201.24,3723.6638
3900,000587.SZ,20011121,8.7,8.94,8.65,8.88,8.74,0.14,1.6,7573.13,6716.07
3901,000587.SZ,20011120,8.61,8.85,8.61,8.74,8.56,0.18,2.1,4145.35,3623.4552
3902,000587.SZ,20011119,8.44,8.56,8.39,8.56,8.46,0.1,1.18,2809.67,2386.6688
3903,000587.SZ,20011116,8.9,9.0,8.3,8.46,8.19,0.27,3.3,7907.31,6723.7362
3904,000587.SZ,20011115,8.11,8.2,8.08,8.19,8.16,0.03,0.37,691.65,562.143
3905,000587.SZ,20011114,8.1,8.25,8.09,8.16,8.1,0.06,0.74,885.24,720.6994
3906,000587.SZ,20011113,8.02,8.17,8.02,8.1,8.2,-0.1,-1.22,849.01,686.5761
3907,000587.SZ,20011112,8.38,8.43,8.17,8.2,8.37,-0.17,-2.03,1043.0,866.088
3908,000587.SZ,20011109,8.2,8.45,8.02,8.37,8.19,0.18,2.2,3626.15,3005.0019
3909,000587.SZ,20011108,7.8,8.19,7.72,8.19,7.9,0.29,3.67,3274.29,2609.9914
3910,000587.SZ,20011107,8.55,8.78,7.8,7.9,8.6,-0.7,-8.14,3279.34,2695.6214
3911,000587.SZ,20011106,8.7,8.73,8.59,8.6,8.71,-0.11,-1.26,565.49,489.5029
3912,000587.SZ,20011105,8.68,8.73,8.53,8.71,8.73,-0.02,-0.23,1175.23,1017.3958
3913,000587.SZ,20011102,8.7,8.88,8.62,8.73,8.82,-0.09,-1.02,3215.95,2833.755
3914,000587.SZ,20011101,8.61,8.86,8.52,8.82,8.67,0.15,1.73,3464.8,3029.1008
3915,000587.SZ,20011031,8.6,8.68,8.45,8.67,8.63,0.04,0.46,1301.33,1113.6692
3916,000587.SZ,20011030,8.65,8.73,8.53,8.63,8.74,-0.11,-1.26,1717.18,1480.3425
3917,000587.SZ,20011029,8.58,8.75,8.4,8.74,8.58,0.16,1.86,4764.84,4083.9047
3918,000587.SZ,20011026,8.55,8.71,8.4,8.58,8.63,-0.05,-0.58,2825.21,2406.4305
3919,000587.SZ,20011025,8.98,8.98,8.5,8.63,8.97,-0.34,-3.79,5801.99,5037.2332
3920,000587.SZ,20011024,8.78,9.16,8.64,8.97,8.4,0.57,6.79,13301.64,11810.1399
3921,000587.SZ,20011023,8.38,8.4,8.08,8.4,7.64,0.76,9.95,7163.4,5991.6526
3922,000587.SZ,20011022,7.79,7.9,7.62,7.64,7.85,-0.21,-2.68,1939.71,1506.4655
3923,000587.SZ,20011019,8.15,8.15,7.65,7.85,8.12,-0.27,-3.33,3729.23,2936.7987
3924,000587.SZ,20011018,8.46,8.57,8.11,8.12,8.46,-0.34,-4.02,1913.48,1581.0718
3925,000587.SZ,20011017,8.55,8.6,8.41,8.46,8.6,-0.14,-1.63,1227.75,1045.6824
3926,000587.SZ,20011016,8.8,8.8,8.56,8.6,8.76,-0.16,-1.83,1206.0,1044.348
3927,000587.SZ,20011015,8.98,8.98,8.68,8.76,8.88,-0.12,-1.35,1942.43,1706.8792
3928,000587.SZ,20011012,8.5,8.95,8.41,8.88,8.52,0.36,4.23,3564.26,3101.3918
3929,000587.SZ,20011011,8.7,8.91,8.47,8.52,8.86,-0.34,-3.84,5154.0,4447.6728
3930,000587.SZ,20011010,9.82,9.82,8.86,8.86,9.84,-0.98,-9.96,5745.0,5196.1716
3931,000587.SZ,20011009,9.9,9.9,9.7,9.84,9.88,-0.04,-0.4,2147.28,2103.4263
3932,000587.SZ,20011008,9.9,10.2,9.88,9.88,10.09,-0.21,-2.08,1773.7,1765.936
3933,000587.SZ,20010928,10.05,10.31,10.0,10.09,10.05,0.04,0.4,1488.46,1499.9796
3934,000587.SZ,20010927,10.19,10.2,10.02,10.05,10.18,-0.13,-1.28,2684.5,2704.229
3935,000587.SZ,20010926,10.3,10.3,10.1,10.18,10.26,-0.08,-0.78,1959.78,1996.6719
3936,000587.SZ,20010925,10.36,10.49,10.25,10.26,10.29,-0.03,-0.29,1017.5,1047.8765
3937,000587.SZ,20010924,10.5,10.5,10.2,10.29,10.35,-0.06,-0.58,1807.37,1858.477
3938,000587.SZ,20010921,10.49,10.55,10.33,10.35,10.49,-0.14,-1.33,2552.57,2650.8018
3939,000587.SZ,20010920,10.74,10.75,10.46,10.49,10.6,-0.11,-1.04,1904.5,2020.3739
3940,000587.SZ,20010919,10.42,10.6,10.25,10.6,10.39,0.21,2.02,1168.92,1218.4787
3941,000587.SZ,20010918,10.31,10.55,10.23,10.39,10.3,0.09,0.87,1873.91,1941.0985
3942,000587.SZ,20010917,10.35,10.5,10.2,10.3,10.43,-0.13,-1.25,3747.5,3853.2387
3943,000587.SZ,20010914,10.72,10.8,10.4,10.43,10.72,-0.29,-2.71,2675.72,2828.8549
3944,000587.SZ,20010913,10.85,11.0,10.71,10.72,10.78,-0.06,-0.56,2596.3,2811.8307
3945,000587.SZ,20010912,10.5,10.81,10.2,10.78,10.88,-0.1,-0.92,6758.66,7172.5686
3946,000587.SZ,20010911,10.6,11.1,10.6,10.88,10.56,0.32,3.03,11278.31,12221.7352
3947,000587.SZ,20010910,10.2,10.57,10.01,10.56,10.24,0.32,3.13,2519.68,2630.8556
3948,000587.SZ,20010907,10.57,10.57,10.18,10.24,10.56,-0.32,-3.03,3074.89,3174.6507
3949,000587.SZ,20010906,10.54,10.75,10.42,10.56,10.65,-0.09,-0.85,3338.94,3548.5592
3950,000587.SZ,20010905,10.58,10.72,10.45,10.65,10.56,0.09,0.85,3568.0,3784.2402
3951,000587.SZ,20010904,10.26,10.58,10.16,10.56,10.15,0.41,4.04,2494.25,2613.3878
3952,000587.SZ,20010903,10.2,10.3,10.15,10.15,10.2,-0.05,-0.49,1059.81,1078.2335
3953,000587.SZ,20010831,10.23,10.44,10.2,10.2,10.21,-0.01,-0.1,760.8,781.7902
3954,000587.SZ,20010830,10.2,10.37,10.12,10.21,10.28,-0.07,-0.68,1055.84,1078.4661
3955,000587.SZ,20010829,10.25,10.69,10.14,10.28,10.22,0.06,0.59,3059.88,3188.4181
3956,000587.SZ,20010828,9.9,10.27,9.9,10.22,9.97,0.25,2.51,2788.05,2799.4917
3957,000587.SZ,20010827,10.1,10.2,9.91,9.97,10.21,-0.24,-2.35,5625.82,5635.0253
3958,000587.SZ,20010824,10.45,10.54,10.2,10.21,10.45,-0.24,-2.3,1714.0,1770.097
3959,000587.SZ,20010823,10.4,10.49,10.18,10.45,10.48,-0.03,-0.29,1851.92,1911.3908
3960,000587.SZ,20010822,10.72,10.78,10.42,10.48,10.72,-0.24,-2.24,1651.92,1737.9545
3961,000587.SZ,20010821,10.82,10.83,10.65,10.72,10.64,0.08,0.75,919.0,988.802
3962,000587.SZ,20010820,10.53,10.68,10.41,10.64,10.53,0.11,1.04,1787.2,1885.7226
3963,000587.SZ,20010817,10.52,10.62,10.38,10.53,10.62,-0.09,-0.85,2078.76,2182.7407
3964,000587.SZ,20010816,10.91,10.91,10.6,10.62,10.9,-0.28,-2.57,1443.0,1552.966
3965,000587.SZ,20010815,10.85,10.96,10.8,10.9,10.88,0.02,0.18,1335.15,1451.6901
3966,000587.SZ,20010814,11.02,11.09,10.7,10.88,11.02,-0.14,-1.27,2883.73,3156.6696
3967,000587.SZ,20010813,10.9,11.13,10.8,11.02,10.87,0.15,1.38,2692.84,2951.593
3968,000587.SZ,20010810,10.8,11.0,10.68,10.87,10.64,0.23,2.16,4033.97,4384.2653
3969,000587.SZ,20010809,10.49,10.64,10.36,10.64,10.45,0.19,1.82,2179.75,2303.4469
3970,000587.SZ,20010808,10.48,10.65,10.3,10.45,10.48,-0.03,-0.29,1991.03,2091.3202
3971,000587.SZ,20010807,10.4,10.55,10.15,10.48,10.4,0.08,0.77,4027.34,4152.7144
3972,000587.SZ,20010806,11.16,11.16,10.09,10.4,11.21,-0.81,-7.23,6954.68,7316.5154
3973,000587.SZ,20010803,11.19,11.25,11.03,11.21,11.19,0.02,0.18,1549.49,1734.92
3974,000587.SZ,20010802,11.35,11.48,10.9,11.19,11.48,-0.29,-2.53,4366.17,4838.5977
3975,000587.SZ,20010801,11.3,11.49,11.08,11.48,11.01,0.47,4.27,3300.0,3719.2034
3976,000587.SZ,20010731,11.2,11.75,10.98,11.01,11.35,-0.34,-3.0,5778.86,6460.803
3977,000587.SZ,20010730,12.2,12.2,11.35,11.35,12.2,-0.85,-6.97,6691.0,7791.2646
3978,000587.SZ,20010727,12.28,12.4,12.16,12.2,12.29,-0.09,-0.73,2356.17,2890.7819
3979,000587.SZ,20010726,12.5,12.58,12.28,12.29,12.5,-0.21,-1.68,3198.11,3956.7426
3980,000587.SZ,20010725,12.55,12.74,12.45,12.5,12.55,-0.05,-0.4,3400.04,4261.0079
3981,000587.SZ,20010724,12.76,12.8,12.5,12.55,12.76,-0.21,-1.65,3309.08,4169.1854
3982,000587.SZ,20010723,12.98,12.99,12.75,12.76,12.94,-0.18,-1.39,3236.58,4148.827
3983,000587.SZ,20010720,12.69,12.94,12.68,12.94,12.72,0.22,1.73,2216.98,2845.634
3984,000587.SZ,20010719,12.6,12.75,12.53,12.72,12.58,0.14,1.11,1874.2,2363.8695
3985,000587.SZ,20010718,12.6,12.75,12.5,12.58,12.59,-0.01,-0.08,1833.81,2306.8747
3986,000587.SZ,20010717,12.64,12.73,12.4,12.59,12.67,-0.08,-0.63,4894.58,6137.888
3987,000587.SZ,20010716,13.0,13.06,12.65,12.67,12.81,-0.14,-1.09,6055.2,7710.966
3988,000587.SZ,20010713,12.86,13.05,12.8,12.81,12.86,-0.05,-0.39,2275.83,2937.0984
3989,000587.SZ,20010712,12.94,12.94,12.66,12.86,12.99,-0.13,-1.0,1722.79,2218.0682
3990,000587.SZ,20010711,13.35,13.35,12.98,12.99,13.25,-0.26,-1.96,4054.23,5307.7108
3991,000587.SZ,20010710,12.86,13.29,12.86,13.25,12.93,0.32,2.47,3081.96,4041.6856
3992,000587.SZ,20010709,12.95,13.0,12.88,12.93,12.96,-0.03,-0.23,2904.55,3756.0315
3993,000587.SZ,20010706,13.07,13.17,12.93,12.96,13.07,-0.11,-0.84,3925.27,5121.3136
3994,000587.SZ,20010705,13.42,13.46,13.0,13.07,13.39,-0.32,-2.39,5900.0,7765.0574
3995,000587.SZ,20010704,13.35,13.46,13.3,13.39,13.33,0.06,0.45,9678.98,12948.0016
3996,000587.SZ,20010703,13.23,13.39,13.09,13.33,13.22,0.11,0.83,5959.13,7875.9714
3997,000587.SZ,20010702,13.39,13.49,13.2,13.22,13.39,-0.17,-1.27,8317.81,11062.8864
3998,000587.SZ,20010629,13.35,13.5,13.27,13.39,13.35,0.04,0.3,17357.62,23237.3075
3999,000587.SZ,20010628,13.19,13.5,13.1,13.35,13.14,0.21,1.6,37651.44,50272.226
4000,000587.SZ,20010627,13.2,13.27,13.08,13.14,13.2,-0.06,-0.45,5856.22,7706.9984
4001,000587.SZ,20010626,13.2,13.26,13.1,13.2,13.14,0.06,0.46,5695.15,7507.3936
4002,000587.SZ,20010625,13.0,13.17,12.87,13.14,12.91,0.23,1.78,5032.21,6558.3551
4003,000587.SZ,20010622,12.9,13.08,12.82,12.91,12.88,0.03,0.23,3356.91,4343.2328
4004,000587.SZ,20010621,12.7,12.91,12.7,12.88,12.68,0.2,1.58,2174.87,2789.0375
4005,000587.SZ,20010620,12.8,12.8,12.66,12.68,12.75,-0.07,-0.55,3538.48,4501.0629
4006,000587.SZ,20010619,12.7,12.88,12.66,12.75,12.72,0.03,0.24,3880.71,4946.2877
4007,000587.SZ,20010618,13.19,13.24,12.62,12.72,13.17,-0.45,-3.42,9113.49,11755.3073
4008,000587.SZ,20010615,12.91,13.21,12.9,13.17,13.04,0.13,1.0,8376.38,10918.6301
4009,000587.SZ,20010614,13.5,13.58,13.0,13.04,13.5,-0.46,-3.41,16908.37,22442.8258
4010,000587.SZ,20010613,13.3,13.54,13.29,13.5,13.27,0.23,1.73,19930.63,26848.5247
4011,000587.SZ,20010612,13.14,13.38,13.1,13.27,13.25,0.02,0.15,7438.47,9880.1306
4012,000587.SZ,20010611,13.02,13.31,13.02,13.25,13.02,0.23,1.77,9697.77,12820.8698
4013,000587.SZ,20010608,13.15,13.15,12.92,13.02,13.17,-0.15,-1.14,7919.34,10313.2245
4014,000587.SZ,20010607,13.26,13.39,13.13,13.17,13.26,-0.09,-0.68,12658.52,16774.586
4015,000587.SZ,20010606,13.4,13.47,13.18,13.26,13.37,-0.11,-0.82,13677.8,18094.5617
4016,000587.SZ,20010605,13.25,13.56,13.0,13.37,13.18,0.19,1.44,28668.02,38369.7414
4017,000587.SZ,20010604,12.91,13.28,12.91,13.18,12.9,0.28,2.17,14477.34,19056.8202
4018,000587.SZ,20010601,13.0,13.07,12.86,12.9,13.0,-0.1,-0.77,5301.9,6870.9249
4019,000587.SZ,20010531,12.92,13.08,12.85,13.0,12.85,0.15,1.17,6295.58,8171.2502
4020,000587.SZ,20010530,12.64,12.89,12.63,12.85,12.63,0.22,1.74,3130.51,4005.4992
4021,000587.SZ,20010529,12.61,12.74,12.6,12.63,12.66,-0.03,-0.24,3074.79,3893.9846
4022,000587.SZ,20010528,12.8,13.0,12.54,12.66,12.86,-0.2,-1.56,4749.71,6051.3685
4023,000587.SZ,20010525,13.1,13.1,12.84,12.86,13.07,-0.21,-1.61,5371.61,6958.4286
4024,000587.SZ,20010524,12.85,13.1,12.85,13.07,12.81,0.26,2.03,12588.22,16393.6123
4025,000587.SZ,20010523,12.65,12.87,12.52,12.81,12.65,0.16,1.26,4430.02,5627.9834
4026,000587.SZ,20010522,12.5,12.75,12.5,12.65,12.69,-0.04,-0.32,3122.9,3941.1422
4027,000587.SZ,20010521,12.65,12.72,12.49,12.69,12.7,-0.01,-0.08,7072.32,8872.9442
4028,000587.SZ,20010518,12.6,12.78,12.53,12.7,12.61,0.09,0.71,4959.6,6242.798
4029,000587.SZ,20010517,12.84,12.94,12.6,12.61,12.84,-0.23,-1.79,4654.12,5915.698
4030,000587.SZ,20010516,12.8,12.91,12.71,12.84,12.8,0.04,0.31,4107.48,5256.3498
4031,000587.SZ,20010515,12.99,13.0,12.73,12.8,12.9,-0.1,-0.78,4403.44,5647.8209
4032,000587.SZ,20010514,12.7,12.9,12.6,12.9,12.64,0.26,2.06,4884.46,6235.5812
4033,000587.SZ,20010511,12.5,12.69,12.5,12.64,12.48,0.16,1.28,3681.43,4637.9097
4034,000587.SZ,20010510,12.51,12.58,12.42,12.48,12.42,0.06,0.48,5961.0,7421.0
4035,000587.SZ,20010509,12.55,12.63,12.4,12.42,12.61,-0.19,-1.51,4034.85,5038.9563
4036,000587.SZ,20010508,12.5,12.78,12.5,12.61,12.5,0.11,0.88,8271.31,10451.4658
4037,000587.SZ,20010430,12.4,12.56,12.34,12.5,12.41,0.09,0.73,3534.0,4390.0
4038,000587.SZ,20010427,12.4,12.59,12.38,12.41,12.49,-0.08,-0.64,4128.81,5138.6618
4039,000587.SZ,20010426,12.46,12.7,12.34,12.49,12.56,-0.07,-0.56,6803.12,8501.6696
4040,000587.SZ,20010425,12.98,13.08,12.5,12.56,12.9,-0.34,-2.64,11193.0,14220.0314
4041,000587.SZ,20010424,13.0,13.17,12.83,12.9,12.87,0.03,0.23,13004.0,16926.0
4042,000587.SZ,20010423,13.0,13.23,12.81,12.87,13.15,-0.28,-2.13,11115.39,14475.4151
4043,000587.SZ,20010420,13.6,13.66,13.0,13.15,13.48,-0.33,-2.45,11248.02,15073.4892
4044,000587.SZ,20010419,13.28,13.61,13.15,13.48,13.24,0.24,1.81,18550.57,24834.3534
4045,000587.SZ,20010418,13.48,13.48,13.15,13.24,13.5,-0.26,-1.93,13006.53,17272.6984
4046,000587.SZ,20010417,13.05,13.8,13.02,13.5,12.91,0.59,4.57,49562.49,66602.4532
4047,000587.SZ,20010416,12.78,13.09,12.7,12.91,12.68,0.23,1.81,14588.61,18883.001
4048,000587.SZ,20010413,12.65,12.8,12.6,12.68,12.69,-0.01,-0.08,4589.82,5813.4953
4049,000587.SZ,20010412,12.69,12.82,12.6,12.69,12.67,0.02,0.16,5742.61,7326.2275
4050,000587.SZ,20010411,12.81,12.87,12.6,12.67,12.8,-0.13,-1.02,3756.07,4760.0994
4051,000587.SZ,20010410,12.88,12.93,12.74,12.8,12.86,-0.06,-0.47,5206.85,6673.4275
4052,000587.SZ,20010409,12.56,12.87,12.55,12.86,12.59,0.27,2.14,9434.35,12036.1636
4053,000587.SZ,20010406,12.68,12.77,12.56,12.59,12.68,-0.09,-0.71,5740.64,7255.6734
4054,000587.SZ,20010405,12.5,12.69,12.4,12.68,12.54,0.14,1.12,9845.29,12394.9694
4055,000587.SZ,20010404,12.47,12.84,12.4,12.54,12.23,0.31,2.53,26667.8,33681.2953
4056,000587.SZ,20010403,12.43,12.45,12.19,12.23,12.43,-0.2,-1.61,5824.0,7153.6646
4057,000587.SZ,20010402,12.41,12.58,12.38,12.43,12.38,0.05,0.4,7328.26,9142.7226
4058,000587.SZ,20010330,12.43,12.44,12.26,12.38,12.43,-0.05,-0.4,4411.45,5441.1539
4059,000587.SZ,20010329,12.51,12.65,12.4,12.43,12.48,-0.05,-0.4,6497.84,8109.3104
4060,000587.SZ,20010328,12.42,12.49,12.28,12.48,12.39,0.09,0.73,4589.26,5696.2005
4061,000587.SZ,20010327,12.4,12.52,12.31,12.39,12.18,0.21,1.72,8357.46,10401.5179
4062,000587.SZ,20010323,12.46,12.49,12.15,12.18,12.46,-0.28,-2.25,5036.12,6196.2914
4063,000587.SZ,20010322,12.5,12.69,12.31,12.46,12.4,0.06,0.48,6793.13,8481.8249
4064,000587.SZ,20010321,12.2,12.49,12.2,12.4,12.32,0.08,0.65,14021.28,17422.4184
4065,000587.SZ,20010320,12.2,12.44,12.2,12.32,12.19,0.13,1.07,2704.65,3332.9834
4066,000587.SZ,20010319,12.02,12.19,12.0,12.19,12.15,0.04,0.33,2545.36,3085.2602
4067,000587.SZ,20010316,12.1,12.18,12.0,12.15,12.09,0.06,0.5,1811.23,2193.2867
4068,000587.SZ,20010315,12.16,12.16,12.03,12.09,12.15,-0.06,-0.49,2956.99,3572.4198
4069,000587.SZ,20010314,11.95,12.22,11.95,12.15,12.01,0.14,1.17,3810.53,4591.0919
4070,000587.SZ,20010313,12.35,12.4,12.0,12.01,12.31,-0.3,-2.44,3670.88,4448.651
4071,000587.SZ,20010312,12.41,12.56,12.2,12.31,12.39,-0.08,-0.65,3975.15,4916.0507
4072,000587.SZ,20010309,12.2,12.65,12.2,12.39,12.32,0.07,0.57,9286.06,11595.4537
4073,000587.SZ,20010308,12.16,12.37,12.16,12.32,12.17,0.15,1.23,5784.64,7113.4009
4074,000587.SZ,20010307,12.26,12.45,12.15,12.17,12.26,-0.09,-0.73,3790.93,4656.5519
4075,000587.SZ,20010306,12.2,12.29,12.12,12.26,12.29,-0.03,-0.24,2128.36,2593.8661
4076,000587.SZ,20010305,12.46,12.5,12.25,12.29,12.4,-0.11,-0.89,2336.08,2885.0377
4077,000587.SZ,20010302,12.15,12.5,12.1,12.4,12.2,0.2,1.64,9495.32,11764.5005
4078,000587.SZ,20010301,11.92,12.2,11.85,12.2,11.93,0.27,2.26,4221.39,5069.1945
4079,000587.SZ,20010228,12.04,12.08,11.91,11.93,12.02,-0.09,-0.75,831.94,993.9734
4080,000587.SZ,20010227,11.91,12.05,11.88,12.02,11.96,0.06,0.5,2071.99,2478.9685
4081,000587.SZ,20010226,11.63,12.0,11.63,11.96,11.9,0.06,0.5,2546.45,3037.6899
4082,000587.SZ,20010223,11.87,11.99,11.7,11.9,11.86,0.04,0.34,2694.0,3188.7693
4083,000587.SZ,20010222,11.2,11.88,11.2,11.86,11.18,0.68,6.08,2772.99,3232.4792
4084,000587.SZ,20010221,11.58,11.6,11.12,11.18,11.58,-0.4,-3.45,3230.67,3645.8918
4085,000587.SZ,20010220,11.95,12.09,11.58,11.58,11.8,-0.22,-1.86,2162.16,2549.2535
4086,000587.SZ,20010219,11.3,11.8,11.3,11.8,11.6,0.2,1.72,2109.09,2435.6283
4087,000587.SZ,20010216,11.7,11.7,11.2,11.6,11.7,-0.1,-0.85,6283.05,7170.9472
4088,000587.SZ,20010215,11.95,11.95,11.68,11.7,11.86,-0.16,-1.35,2949.03,3485.465
4089,000587.SZ,20010214,11.85,12.0,11.81,11.86,11.88,-0.02,-0.17,1240.65,1473.863
4090,000587.SZ,20010213,12.0,12.11,11.8,11.88,12.0,-0.12,-1.0,2566.08,3080.1738
4091,000587.SZ,20010212,11.8,12.05,11.58,12.0,11.95,0.05,0.42,4885.22,5762.9008
4092,000587.SZ,20010209,11.8,12.09,11.71,11.95,11.93,0.02,0.17,4229.8,5034.5942
4093,000587.SZ,20010208,12.4,12.55,11.5,11.93,12.4,-0.47,-3.79,4264.21,5083.6198
4094,000587.SZ,20010207,12.3,12.53,12.3,12.4,12.49,-0.09,-0.72,1239.49,1535.7352
4095,000587.SZ,20010206,12.5,12.53,12.2,12.49,12.61,-0.12,-0.95,2476.81,3062.6747
4096,000587.SZ,20010205,12.96,13.29,12.39,12.61,12.96,-0.35,-2.7,4382.29,5611.1392
4097,000587.SZ,20010119,12.71,12.99,12.51,12.96,12.71,0.25,1.97,7804.12,10034.954
4098,000587.SZ,20010118,12.24,12.75,11.6,12.71,12.48,0.23,1.84,4739.99,5983.2688
4099,000587.SZ,20010117,12.63,12.63,12.45,12.48,12.63,-0.15,-1.19,2619.14,3275.9492
4100,000587.SZ,20010116,12.58,12.72,12.4,12.63,12.65,-0.02,-0.16,4464.47,5616.4031
4101,000587.SZ,20010115,13.15,13.15,12.61,12.65,13.2,-0.55,-4.17,5652.62,7263.9032
4102,000587.SZ,20010112,13.05,13.3,12.87,13.2,13.15,0.05,0.38,13518.01,17696.7363
4103,000587.SZ,20010111,12.74,13.2,12.59,13.15,12.74,0.41,3.22,24337.13,31589.7124
4104,000587.SZ,20010110,12.7,12.81,12.65,12.74,12.72,0.02,0.16,4141.74,5270.7305
4105,000587.SZ,20010109,12.66,12.9,12.66,12.72,12.79,-0.07,-0.55,2778.29,3542.696
4106,000587.SZ,20010108,13.15,13.2,12.6,12.79,13.03,-0.24,-1.84,6637.5,8528.5788
4107,000587.SZ,20010105,13.0,13.18,12.9,13.03,13.0,0.03,0.23,5596.42,7270.6416
4108,000587.SZ,20010104,13.02,13.08,12.85,13.0,13.02,-0.02,-0.15,4575.0,5930.0248
4109,000587.SZ,20010103,12.7,13.05,12.7,13.02,12.78,0.24,1.88,5360.24,6901.3926
4110,000587.SZ,20010102,12.68,12.78,12.5,12.78,12.67,0.11,0.87,5329.29,6725.6957
4111,000587.SZ,20001229,12.55,12.68,12.55,12.67,12.53,0.14,1.12,2603.77,3282.5012
4112,000587.SZ,20001228,12.52,12.7,12.51,12.53,12.51,0.02,0.16,8312.31,10473.7525
4113,000587.SZ,20001227,12.8,12.97,12.46,12.51,12.79,-0.28,-2.19,6718.9,8474.4209
4114,000587.SZ,20001226,12.78,13.1,12.76,12.79,12.84,-0.05,-0.39,9307.27,11962.4998
4115,000587.SZ,20001225,13.07,13.12,12.8,12.84,13.06,-0.22,-1.68,4414.53,5685.0557
4116,000587.SZ,20001222,13.9,13.9,12.7,13.06,12.66,0.4,3.16,14760.61,19472.7524
4117,000587.SZ,20001221,12.6,12.9,12.6,12.66,12.65,0.01,0.08,4496.71,5717.4145
4118,000587.SZ,20001220,12.77,12.95,12.64,12.65,12.77,-0.12,-0.94,5064.26,6459.1956
4119,000587.SZ,20001219,12.6,12.8,12.45,12.77,12.58,0.19,1.51,4428.29,5570.0328
4120,000587.SZ,20001218,12.65,12.75,12.4,12.58,12.62,-0.04,-0.32,6740.33,8461.7267
4121,000587.SZ,20001215,12.85,12.99,12.5,12.62,12.9,-0.28,-2.17,6765.9,8575.7987
4122,000587.SZ,20001214,13.3,13.33,12.85,12.9,13.21,-0.31,-2.35,4932.61,6439.4039
4123,000587.SZ,20001213,13.08,13.3,13.01,13.21,13.08,0.13,0.99,5303.22,7000.5911
4124,000587.SZ,20001212,12.81,13.1,12.81,13.08,12.86,0.22,1.71,3848.88,4990.5973
4125,000587.SZ,20001211,12.81,13.05,12.8,12.86,12.96,-0.1,-0.77,5890.33,7628.1725
4126,000587.SZ,20001208,12.75,13.08,12.72,12.96,12.81,0.15,1.17,5784.22,7508.1518
4127,000587.SZ,20001207,12.76,13.0,12.7,12.81,12.81,0.0,0.0,6467.44,8338.1531
4128,000587.SZ,20001206,13.22,13.28,12.8,12.81,13.09,-0.28,-2.14,7714.0,9991.3146
4129,000587.SZ,20001205,13.31,13.31,13.05,13.09,13.31,-0.22,-1.65,5364.95,7048.5406
4130,000587.SZ,20001204,12.98,13.36,12.98,13.31,12.98,0.33,2.54,4830.32,6384.3943
4131,000587.SZ,20001201,13.0,13.05,12.91,12.98,12.99,-0.01,-0.08,4727.07,6135.5835
4132,000587.SZ,20001130,12.7,13.07,12.7,12.99,13.0,-0.01,-0.08,4862.12,6301.0134
4133,000587.SZ,20001129,13.0,13.1,12.77,13.0,12.98,0.02,0.15,9972.93,12912.4456
4134,000587.SZ,20001128,12.96,13.1,12.9,12.98,12.96,0.02,0.15,7578.73,9839.4198
4135,000587.SZ,20001127,12.7,13.05,12.6,12.96,12.81,0.15,1.17,15154.27,19530.8921
4136,000587.SZ,20001124,13.35,13.5,12.8,12.81,13.35,-0.54,-4.04,21299.06,27812.7611
4137,000587.SZ,20001123,13.55,13.6,13.21,13.35,13.53,-0.18,-1.33,12202.55,16371.8321
4138,000587.SZ,20001122,13.47,13.67,13.35,13.53,13.46,0.07,0.52,8064.49,10904.8463
4139,000587.SZ,20001121,13.58,13.75,13.45,13.46,13.68,-0.22,-1.61,11347.87,15393.0443
4140,000587.SZ,20001120,13.0,13.8,13.0,13.68,12.79,0.89,6.96,27390.34,37002.8579
4141,000587.SZ,20001117,13.35,13.35,12.6,12.79,13.31,-0.52,-3.91,15133.0,19840.083
4142,000587.SZ,20001116,13.2,13.4,13.1,13.31,13.16,0.15,1.14,12188.0,16162.8051
4143,000587.SZ,20001115,13.08,13.6,13.06,13.16,12.99,0.17,1.31,28997.0,38773.0733
4144,000587.SZ,20001114,12.9,13.0,12.71,12.99,12.84,0.15,1.17,12574.0,16193.8097
4145,000587.SZ,20001113,12.92,12.99,12.69,12.84,12.91,-0.07,-0.54,16206.0,20820.2102
4146,000587.SZ,20001110,12.65,13.0,12.48,12.91,12.62,0.29,2.3,28136.0,36001.6984
4147,000587.SZ,20001109,12.65,12.68,12.42,12.62,12.52,0.1,0.8,13145.0,16476.1859
4148,000587.SZ,20001108,12.52,12.54,12.4,12.52,12.51,0.01,0.08,8068.0,10076.3611
4149,000587.SZ,20001107,12.65,12.7,12.45,12.51,12.65,-0.14,-1.11,5688.0,7129.0726
4150,000587.SZ,20001106,12.6,12.7,12.39,12.65,12.5,0.15,1.2,10574.0,13288.8255
4151,000587.SZ,20001103,12.45,12.65,12.4,12.5,12.47,0.03,0.24,10671.0,13349.9273
4152,000587.SZ,20001102,12.52,12.61,12.39,12.47,12.49,-0.02,-0.16,11791.0,14764.167
4153,000587.SZ,20001101,12.32,12.54,12.2,12.49,12.32,0.17,1.38,13730.0,17057.6424
4154,000587.SZ,20001031,12.23,12.37,12.16,12.32,12.22,0.1,0.82,8608.0,10549.2877
4155,000587.SZ,20001030,12.14,12.3,12.05,12.22,12.14,0.08,0.66,6756.0,8249.4486
4156,000587.SZ,20001027,12.2,12.4,12.1,12.14,12.19,-0.05,-0.41,7705.0,9441.8894
4157,000587.SZ,20001026,12.44,12.52,12.18,12.19,12.48,-0.29,-2.32,8193.0,10116.7971
4158,000587.SZ,20001025,12.5,12.59,12.3,12.48,12.48,0.0,0.0,10965.0,13649.1573
4159,000587.SZ,20001024,12.35,12.5,12.2,12.48,12.32,0.16,1.3,10083.0,12463.3939
4160,000587.SZ,20001023,12.4,12.45,12.15,12.32,12.35,-0.03,-0.24,7188.0,8816.7693
4161,000587.SZ,20001020,11.94,12.45,11.8,12.35,11.9,0.45,3.78,13814.0,16807.413
4162,000587.SZ,20001019,12.16,12.27,11.9,11.9,12.14,-0.24,-1.98,8550.0,10258.7549
4163,000587.SZ,20001018,12.12,12.35,12.0,12.14,12.11,0.03,0.25,4899.0,5982.3233
4164,000587.SZ,20001017,12.25,12.3,12.03,12.11,12.2,-0.09,-0.74,3507.0,4250.6469
4165,000587.SZ,20001016,12.0,12.29,12.0,12.2,11.92,0.28,2.35,11817.0,14411.6288
4166,000587.SZ,20001013,11.98,12.03,11.72,11.92,11.76,0.16,1.36,5192.0,6180.0769
4167,000587.SZ,20001012,11.83,11.98,11.53,11.76,11.83,-0.07,-0.59,5201.0,6145.6352
4168,000587.SZ,20001011,12.03,12.06,11.81,11.83,11.98,-0.15,-1.25,4586.0,5477.0687
4169,000587.SZ,20001010,11.72,12.1,11.72,11.98,11.7,0.28,2.39,4413.0,5293.0188
4170,000587.SZ,20001009,11.5,11.87,11.5,11.7,11.49,0.21,1.83,4144.0,4853.35
4171,000587.SZ,20000929,11.48,11.68,11.4,11.49,11.52,-0.03,-0.26,6283.0,7234.6812
4172,000587.SZ,20000928,11.9,11.9,11.4,11.52,11.91,-0.39,-3.27,8920.0,10343.6832
4173,000587.SZ,20000927,11.81,11.95,11.75,11.91,11.82,0.09,0.76,4659.0,5519.5152
4174,000587.SZ,20000926,11.77,11.95,11.68,11.82,11.66,0.16,1.37,4731.0,5581.7239
4175,000587.SZ,20000925,11.7,11.8,11.61,11.66,11.71,-0.05,-0.43,8870.0,10394.8239
4176,000587.SZ,20000922,11.9,11.9,11.6,11.71,11.93,-0.22,-1.84,14382.0,16864.6102
4177,000587.SZ,20000921,12.0,12.06,11.85,11.93,11.98,-0.05,-0.42,10797.0,12914.7976
4178,000587.SZ,20000920,12.19,12.39,11.82,11.98,12.21,-0.23,-1.88,23922.0,28753.737
4179,000587.SZ,20000919,12.28,12.5,12.1,12.21,12.34,-0.13,-1.05,16261.0,20051.6653
4180,000587.SZ,20000918,12.16,12.68,12.11,12.34,12.23,0.11,0.9,16777.0,20841.508
4181,000587.SZ,20000915,12.2,12.3,12.02,12.23,12.27,-0.04,-0.33,5439.0,6607.6679
4182,000587.SZ,20000914,12.3,12.4,12.0,12.27,12.29,-0.02,-0.16,19650.0,23954.6073
4183,000587.SZ,20000913,12.66,12.68,12.26,12.29,12.57,-0.28,-2.23,16931.0,21105.3824
4184,000587.SZ,20000912,12.34,12.59,12.1,12.57,12.29,0.28,2.28,22139.0,27495.502
4185,000587.SZ,20000911,12.04,12.3,11.87,12.29,12.04,0.25,2.08,9898.0,11911.8594
4186,000587.SZ,20000908,12.3,12.31,12.0,12.04,12.26,-0.22,-1.79,7341.0,8892.4033
4187,000587.SZ,20000907,11.99,12.3,11.77,12.26,11.99,0.27,2.25,20809.0,25025.7858
4188,000587.SZ,20000906,12.0,12.5,11.98,11.99,12.25,-0.26,-2.12,23755.71,29190.172
4189,000587.SZ,20000905,12.65,12.8,12.13,12.25,12.7,-0.45,-3.54,38626.0,48461.7557
4190,000587.SZ,20000904,12.1,12.75,12.0,12.7,12.0,0.7,5.83,46219.0,56805.4668
4191,000587.SZ,20000901,11.9,12.28,11.82,12.0,11.89,0.11,0.93,35956.0,43574.6339
4192,000587.SZ,20000831,11.7,12.2,11.6,11.89,11.8,0.09,0.76,26241.0,31347.9931
4193,000587.SZ,20000830,12.02,12.09,11.78,11.8,12.02,-0.22,-1.83,13658.0,16253.7348
4194,000587.SZ,20000829,12.2,12.32,12.0,12.02,12.26,-0.24,-1.96,12391.0,15070.3057
4195,000587.SZ,20000828,12.15,12.3,11.9,12.26,12.12,0.14,1.16,24912.0,30273.3804
4196,000587.SZ,20000825,12.15,12.37,12.0,12.12,12.16,-0.04,-0.33,25049.0,30472.2453
4197,000587.SZ,20000824,11.8,12.2,11.66,12.16,11.77,0.39,3.31,53309.0,64077.7884
4198,000587.SZ,20000823,11.3,11.97,10.85,11.77,11.3,0.47,4.16,31666.0,36520.6199
4199,000587.SZ,20000822,11.6,11.75,11.3,11.3,11.59,-0.29,-2.5,16436.0,19123.1569
4200,000587.SZ,20000821,11.33,11.63,11.3,11.59,11.33,0.26,2.29,15819.0,18310.1656
4201,000587.SZ,20000818,11.3,11.4,11.2,11.33,11.29,0.04,0.35,5486.0,6191.6613
4202,000587.SZ,20000817,11.22,11.39,11.15,11.29,11.26,0.03,0.27,7145.0,8033.1971
4203,000587.SZ,20000816,11.38,11.4,11.2,11.26,11.35,-0.09,-0.79,7227.0,8153.4686
4204,000587.SZ,20000815,11.62,11.65,11.3,11.35,11.6,-0.25,-2.16,6772.0,7743.5272
4205,000587.SZ,20000814,11.46,11.6,11.2,11.6,11.46,0.14,1.22,11295.0,12891.9706
4206,000587.SZ,20000811,11.7,11.75,11.43,11.46,11.6,-0.14,-1.21,19245.0,22238.4483
4207,000587.SZ,20000810,11.38,11.7,11.38,11.6,11.35,0.25,2.2,31917.0,36928.8298
4208,000587.SZ,20000809,11.15,11.39,11.15,11.35,11.23,0.12,1.07,13692.0,15500.4304
4209,000587.SZ,20000808,11.25,11.3,11.07,11.23,11.21,0.02,0.18,7484.0,8367.1568
4210,000587.SZ,20000807,11.0,11.25,11.0,11.21,11.04,0.17,1.54,11270.0,12585.8622
4211,000587.SZ,20000804,10.86,11.08,10.78,11.04,10.86,0.18,1.66,8710.0,9531.8598
4212,000587.SZ,20000803,11.01,11.01,10.77,10.86,11.01,-0.15,-1.36,9336.0,10139.7877
4213,000587.SZ,20000802,11.17,11.2,11.0,11.01,11.16,-0.15,-1.34,4970.0,5510.1
4214,000587.SZ,20000801,10.95,11.21,10.9,11.16,10.92,0.24,2.2,7739.0,8589.1485
4215,000587.SZ,20000731,11.09,11.09,10.88,10.92,11.03,-0.11,-1.0,6778.0,7415.6069
4216,000587.SZ,20000728,10.99,11.16,10.9,11.03,10.96,0.07,0.64,5986.0,6610.9422
4217,000587.SZ,20000727,10.9,11.02,10.82,10.96,10.9,0.06,0.55,5709.0,6243.8373
4218,000587.SZ,20000726,10.83,10.98,10.83,10.9,10.83,0.07,0.65,3960.0,4310.4749
4219,000587.SZ,20000725,10.75,10.89,10.65,10.83,10.76,0.07,0.65,3363.0,3634.015
4220,000587.SZ,20000724,10.89,10.9,10.7,10.76,10.89,-0.13,-1.19,7633.0,8198.7191
4221,000587.SZ,20000721,11.09,11.09,10.85,10.89,10.9,-0.01,-0.09,5058.0,5510.9022
4222,000587.SZ,20000720,11.16,11.16,10.88,10.9,11.04,-0.14,-1.27,5882.0,6438.2819
4223,000587.SZ,20000719,11.19,11.21,11.0,11.04,11.18,-0.14,-1.25,3621.0,4007.0093
4224,000587.SZ,20000718,11.07,11.28,11.0,11.18,11.07,0.11,0.99,3799.0,4214.9746
4225,000587.SZ,20000717,11.27,11.28,11.0,11.07,11.22,-0.15,-1.34,5469.0,6065.0024
4226,000587.SZ,20000714,11.46,11.5,11.12,11.22,11.39,-0.17,-1.49,7458.0,8395.4254
4227,000587.SZ,20000713,11.05,11.44,11.01,11.39,11.03,0.36,3.26,17647.0,19980.475
4228,000587.SZ,20000712,11.3,11.35,11.0,11.03,11.21,-0.18,-1.61,6922.0,7669.0016
4229,000587.SZ,20000711,10.76,11.25,10.71,11.21,10.74,0.47,4.38,10610.0,11654.2419
4230,000587.SZ,20000710,10.95,10.95,10.7,10.74,10.95,-0.21,-1.92,7075.0,7647.36
4231,000587.SZ,20000707,10.75,11.04,10.65,10.95,10.73,0.22,2.05,5632.0,6130.5357
4232,000587.SZ,20000706,10.75,10.8,10.61,10.73,10.73,0.0,0.0,4293.0,4574.79
4233,000587.SZ,20000705,10.7,10.95,10.7,10.73,10.88,-0.15,-1.38,4587.0,4950.219
4234,000587.SZ,20000704,10.8,10.92,10.69,10.88,10.68,0.2,1.87,4566.0,4948.4565
4235,000587.SZ,20000703,10.8,10.99,10.62,10.68,10.88,-0.2,-1.84,7682.0,8242.6117
4236,000587.SZ,20000630,10.9,10.96,10.81,10.88,10.95,-0.07,-0.64,7740.0,8416.6897
4237,000587.SZ,20000629,11.1,11.1,10.88,10.95,11.13,-0.18,-1.62,8946.0,9816.357
4238,000587.SZ,20000628,11.21,11.25,11.05,11.13,11.1,0.03,0.27,6727.0,7479.6845
4239,000587.SZ,20000627,11.2,11.3,11.08,11.1,11.18,-0.08,-0.72,9827.0,10926.8268
4240,000587.SZ,20000626,11.4,11.4,11.13,11.18,11.3,-0.12,-1.06,8098.0,9079.3852
4241,000587.SZ,20000623,11.2,11.4,11.1,11.3,11.2,0.1,0.89,8954.0,10086.0281
4242,000587.SZ,20000622,11.32,11.35,11.14,11.2,11.32,-0.12,-1.06,8053.0,9026.5238
4243,000587.SZ,20000621,11.3,11.38,11.11,11.32,11.26,0.06,0.53,8159.0,9162.8496
4244,000587.SZ,20000620,11.4,11.65,11.32,11.58,11.43,0.15,1.31,13091.0,15083.628
4245,000587.SZ,20000619,11.3,11.57,11.18,11.43,11.37,0.06,0.53,8288.0,9461.1563
4246,000587.SZ,20000616,11.64,11.7,11.35,11.37,11.64,-0.27,-2.32,9016.0,10333.4793
4247,000587.SZ,20000615,11.26,11.67,11.2,11.64,11.26,0.38,3.37,17764.0,20482.3946
4248,000587.SZ,20000614,11.2,11.35,11.07,11.26,11.16,0.1,0.9,7682.0,8636.9574
4249,000587.SZ,20000613,11.01,11.3,10.97,11.16,10.95,0.21,1.92,4734.0,5249.43
4250,000587.SZ,20000612,10.82,10.97,10.7,10.95,10.99,-0.04,-0.36,6962.0,7548.2404
4251,000587.SZ,20000609,11.2,11.33,10.96,10.99,11.24,-0.25,-2.22,12448.0,13791.7732
4252,000587.SZ,20000608,11.39,11.39,11.16,11.24,11.43,-0.19,-1.66,12991.0,14557.7169
4253,000587.SZ,20000607,11.6,11.75,11.41,11.43,11.54,-0.11,-0.95,9211.0,10627.3714
4254,000587.SZ,20000606,11.2,11.59,11.2,11.54,11.32,0.22,1.94,10293.0,11801.055
4255,000587.SZ,20000605,11.7,11.8,11.3,11.32,11.66,-0.34,-2.92,14752.0,16950.8905
4256,000587.SZ,20000602,11.1,11.75,11.1,11.66,10.92,0.74,6.78,26702.0,30600.5509
4257,000587.SZ,20000601,10.89,11.1,10.8,10.92,10.85,0.07,0.65,6771.0,7400.5035
4258,000587.SZ,20000531,10.8,10.99,10.61,10.85,10.87,-0.02,-0.18,7244.0,7845.7773
4259,000587.SZ,20000530,11.37,11.37,10.82,10.87,11.28,-0.41,-3.63,10674.0,11785.2913
4260,000587.SZ,20000529,11.1,11.39,11.03,11.28,11.23,0.05,0.45,9785.0,10928.1003
4261,000587.SZ,20000526,11.41,11.5,11.04,11.23,11.34,-0.11,-0.97,9817.0,11059.8583
4262,000587.SZ,20000525,11.39,11.5,11.2,11.34,11.35,-0.01,-0.09,10991.0,12402.5541
4263,000587.SZ,20000524,10.74,11.6,10.65,11.35,10.74,0.61,5.68,17571.0,19640.9862
4264,000587.SZ,20000523,10.99,11.03,10.65,10.74,10.97,-0.23,-2.1,8526.0,9181.9841
4265,000587.SZ,20000522,10.59,11.18,10.5,10.97,10.64,0.33,3.1,11278.0,12250.8032
4266,000587.SZ,20000519,10.46,10.65,10.33,10.64,10.49,0.15,1.43,8503.0,8928.9513
4267,000587.SZ,20000518,10.3,10.5,10.1,10.49,10.29,0.2,1.94,4849.0,5017.2318
4268,000587.SZ,20000517,10.18,10.73,10.12,10.29,10.15,0.14,1.38,7183.0,7499.5264
4269,000587.SZ,20000516,10.0,10.2,10.0,10.15,10.0,0.15,1.5,5073.0,5135.0006
4270,000587.SZ,20000515,10.18,10.25,9.8,10.0,10.17,-0.17,-1.67,7577.0,7533.5758
4271,000587.SZ,20000512,10.45,10.7,10.15,10.17,10.41,-0.24,-2.31,8905.0,9197.2677
4272,000587.SZ,20000511,10.61,10.84,10.4,10.41,10.61,-0.2,-1.89,6065.0,6448.6772
4273,000587.SZ,20000510,11.11,11.19,10.56,10.61,11.21,-0.6,-5.35,10151.0,10905.7683
4274,000587.SZ,20000509,11.42,11.5,11.09,11.21,11.42,-0.21,-1.84,10525.0,11799.3937
4275,000587.SZ,20000508,11.73,11.81,11.4,11.42,11.73,-0.31,-2.64,7884.0,9036.5218
4276,000587.SZ,20000428,11.4,11.8,11.4,11.73,11.39,0.34,2.99,10549.0,12261.0668
4277,000587.SZ,20000427,11.6,11.86,11.33,11.39,11.62,-0.23,-1.98,11679.0,13424.3685
4278,000587.SZ,20000426,11.81,11.84,11.59,11.62,11.78,-0.16,-1.36,5888.0,6863.184
4279,000587.SZ,20000425,11.61,11.8,11.45,11.78,11.7,0.08,0.68,9373.0,10798.364
4280,000587.SZ,20000424,11.98,12.07,11.6,11.7,11.88,-0.18,-1.52,6115.0,7147.4598
4281,000587.SZ,20000421,11.79,12.09,11.63,11.88,11.81,0.07,0.59,11854.0,14057.4547
4282,000587.SZ,20000420,11.9,11.98,11.68,11.81,11.89,-0.08,-0.67,11368.0,13388.7525
4283,000587.SZ,20000419,11.8,12.1,11.8,11.89,11.79,0.1,0.85,11341.0,13513.4157
4284,000587.SZ,20000418,11.61,12.1,11.61,11.79,11.51,0.28,2.43,16157.0,19176.0
4285,000587.SZ,20000417,11.8,11.8,11.4,11.51,11.96,-0.45,-3.76,25111.0,28977.2444
4286,000587.SZ,20000414,12.1,12.13,11.83,11.96,12.13,-0.17,-1.4,19211.0,22914.6589
4287,000587.SZ,20000413,12.1,12.56,12.1,12.13,12.1,0.03,0.25,19060.0,23400.2611
4288,000587.SZ,20000412,12.75,12.75,12.05,12.1,12.83,-0.73,-5.69,24666.0,30196.9543
4289,000587.SZ,20000411,11.95,12.9,11.68,12.83,11.95,0.88,7.36,32588.0,40000.8581
4290,000587.SZ,20000410,12.1,12.18,11.65,11.95,12.15,-0.2,-1.65,25163.0,29854.8657
4291,000587.SZ,20000407,12.58,12.65,12.01,12.15,12.57,-0.42,-3.34,34359.0,41853.3491
4292,000587.SZ,20000406,12.4,12.65,12.21,12.57,12.39,0.18,1.45,33424.0,41567.6077
4293,000587.SZ,20000405,12.7,12.95,12.08,12.39,12.73,-0.34,-2.67,49800.0,62463.8168
4294,000587.SZ,20000404,12.0,12.73,11.88,12.73,11.57,1.16,10.03,128887.0,162075.5177
4295,000587.SZ,20000403,12.2,12.26,11.55,11.57,12.18,-0.61,-5.01,32077.0,37725.6128
4296,000587.SZ,20000331,12.2,12.5,11.88,12.18,11.94,0.24,2.01,48403.0,59106.4886
4297,000587.SZ,20000330,11.9,12.46,11.7,11.94,11.96,-0.02,-0.17,38008.0,45888.1678
4298,000587.SZ,20000329,11.7,12.3,11.68,11.96,11.69,0.27,2.31,53365.0,63772.0401
4299,000587.SZ,20000328,11.05,11.86,11.0,11.69,10.99,0.7,6.37,47886.0,55293.0997
4300,000587.SZ,20000327,10.78,11.19,10.61,10.99,10.82,0.17,1.57,21021.0,22887.6674
4301,000587.SZ,20000324,11.3,11.49,10.8,10.82,11.24,-0.42,-3.74,29552.0,32951.6557
4302,000587.SZ,20000323,10.88,11.49,10.85,11.24,10.58,0.66,6.24,25253.0,28269.6694
4303,000587.SZ,20000322,10.41,10.99,10.21,10.58,10.47,0.11,1.05,20274.0,21670.0423
4304,000587.SZ,20000321,10.5,10.53,10.1,10.47,10.47,0.0,0.0,19696.0,20190.5476
4305,000587.SZ,20000320,10.14,10.66,9.99,10.47,10.38,0.09,0.87,19098.0,19762.1968
4306,000587.SZ,20000317,9.95,10.5,9.9,10.38,9.98,0.4,4.01,21074.0,21562.1494
4307,000587.SZ,20000316,10.75,10.8,9.85,9.98,10.9,-0.92,-8.44,27563.0,28298.3025
4308,000587.SZ,20000315,11.1,11.37,10.8,10.9,11.28,-0.38,-3.37,22980.0,25307.876
4309,000587.SZ,20000314,11.65,11.65,10.7,11.28,11.69,-0.41,-3.51,30201.0,33690.4432
4310,000587.SZ,20000313,11.5,11.8,11.3,11.69,11.55,0.14,1.21,22868.0,26337.9715
4311,000587.SZ,20000310,11.39,11.9,11.3,11.55,11.27,0.28,2.48,36232.0,42066.616
4312,000587.SZ,20000309,11.16,11.8,11.1,11.27,11.18,0.09,0.81,33348.0,38127.3204
4313,000587.SZ,20000308,10.7,11.28,10.44,11.18,10.69,0.49,4.58,30159.0,33022.9664
4314,000587.SZ,20000307,10.5,10.96,10.35,10.69,10.68,0.01,0.09,26119.0,27609.659
4315,000587.SZ,20000306,11.75,11.9,10.6,10.68,11.77,-1.09,-9.26,38725.0,43437.7816
4316,000587.SZ,20000303,11.87,11.99,11.51,11.77,11.7,0.07,0.6,32597.0,38397.1226
4317,000587.SZ,20000302,11.5,12.0,11.4,11.7,11.56,0.14,1.21,24811.0,28840.047
4318,000587.SZ,20000301,11.7,11.92,11.38,11.56,11.72,-0.16,-1.37,27796.0,32076.0
4319,000587.SZ,20000229,12.4,12.41,11.4,11.72,12.42,-0.7,-5.64,55601.0,65565.6872
4320,000587.SZ,20000228,11.34,12.48,11.0,12.42,11.41,1.01,8.85,64367.0,76224.2194
4321,000587.SZ,20000225,11.96,12.0,11.21,11.41,11.96,-0.55,-4.6,41848.0,48637.8037
4322,000587.SZ,20000224,10.9,11.98,10.85,11.96,11.17,0.79,7.07,57137.0,65425.3668
4323,000587.SZ,20000223,11.8,12.25,11.17,11.17,12.41,-1.24,-9.99,76098.0,88089.5397
4324,000587.SZ,20000222,12.99,13.6,12.3,12.41,13.24,-0.83,-6.27,75878.0,97562.1577
4325,000587.SZ,20000221,14.24,15.0,12.9,13.24,14.19,-0.95,-6.69,124977.0,173082.8817
4326,000587.SZ,20000218,12.49,14.19,11.62,14.19,12.9,1.29,10.0,136029.0,174445.3158
4327,000587.SZ,20000217,15.17,15.17,12.42,12.9,13.79,-0.89,-6.45,261495.0,373490.1915
4328,000587.SZ,20000216,13.78,13.79,13.2,13.79,12.54,1.25,9.97,37377.0,51343.3589
4329,000587.SZ,20000215,12.54,12.54,12.54,12.54,11.4,1.14,10.0,14547.0,18241.637
4330,000587.SZ,20000214,11.39,11.4,11.36,11.4,10.36,1.04,10.04,22921.0,26128.1371
4331,000587.SZ,20000128,9.53,10.36,9.21,10.36,9.42,0.94,9.98,147075.0,146598.6899
4332,000587.SZ,20000127,8.9,9.5,8.9,9.42,8.79,0.63,7.17,122127.0,113563.9641
4333,000587.SZ,20000126,8.2,8.8,8.15,8.79,8.19,0.6,7.33,45320.0,38659.6035
4334,000587.SZ,20000125,8.55,8.6,8.11,8.19,8.45,-0.26,-3.08,24857.0,20554.1956
4335,000587.SZ,20000124,8.19,8.7,8.1,8.45,8.2,0.25,3.05,40953.0,34582.4529
4336,000587.SZ,20000121,8.2,8.7,8.13,8.2,8.24,-0.04,-0.49,59165.0,50094.5466
4337,000587.SZ,20000120,7.7,8.32,7.63,8.24,7.72,0.52,6.74,30143.0,24332.5995
4338,000587.SZ,20000119,7.8,7.93,7.57,7.72,7.9,-0.18,-2.28,24330.0,18783.3072
4339,000587.SZ,20000118,8.43,8.44,7.89,7.9,8.44,-0.54,-6.4,25753.0,20909.2689
4340,000587.SZ,20000117,8.0,8.51,7.89,8.44,8.0,0.44,5.5,37635.0,30959.7859
4341,000587.SZ,20000114,7.8,8.18,7.8,8.0,7.81,0.19,2.43,29044.0,23270.4951
4342,000587.SZ,20000113,8.02,8.27,7.8,7.81,8.16,-0.35,-4.29,37970.0,30309.4397
4343,000587.SZ,20000112,8.66,9.05,8.16,8.16,8.85,-0.69,-7.8,80578.0,68377.7844
4344,000587.SZ,20000111,9.66,9.66,8.42,8.85,8.78,0.07,0.8,115367.0,103839.3376
4345,000587.SZ,20000110,8.78,8.78,8.58,8.78,7.98,0.8,10.03,152654.0,133589.2074
4346,000587.SZ,20000107,7.98,7.98,7.98,7.98,7.25,0.73,10.07,12653.0,10096.9105
4347,000587.SZ,20000106,7.25,7.25,7.25,7.25,6.59,0.66,10.02,8080.0,5857.7608
4348,000587.SZ,20000105,6.61,6.82,6.58,6.59,6.64,-0.05,-0.75,3956.0,2639.2441
4349,000587.SZ,20000104,6.38,6.65,6.38,6.64,6.46,0.18,2.79,2708.0,1786.3172
4350,000587.SZ,19991230,6.5,6.53,6.44,6.46,6.46,0.0,0.0,1106.0,717.0386
4351,000587.SZ,19991229,6.35,6.6,6.25,6.46,6.39,0.07,1.1,1827.0,1168.7393
4352,000587.SZ,19991228,6.25,6.55,6.25,6.39,6.32,0.07,1.11,2376.0,1520.749
4353,000587.SZ,19991227,6.52,6.7,6.31,6.32,6.62,-0.3,-4.53,2362.0,1525.0
4354,000587.SZ,19991224,6.68,6.82,6.61,6.62,6.71,-0.09,-1.34,2083.0,1388.2056
4355,000587.SZ,19991223,6.85,6.95,6.65,6.71,6.83,-0.12,-1.76,2760.0,1857.7762
4356,000587.SZ,19991222,6.95,7.0,6.82,6.83,6.99,-0.16,-2.29,3784.0,2622.1024
4357,000587.SZ,19991221,7.09,7.15,6.97,6.99,7.14,-0.15,-2.1,3328.0,2330.3443
4358,000587.SZ,19991217,7.35,7.36,7.1,7.14,7.36,-0.22,-2.99,2280.0,1639.8427
4359,000587.SZ,19991216,7.45,7.45,7.26,7.36,7.37,-0.01,-0.14,2971.0,2179.404
4360,000587.SZ,19991215,7.36,7.5,7.23,7.37,7.4,-0.03,-0.41,6787.0,5006.0114
4361,000587.SZ,19991214,7.35,7.42,7.25,7.4,7.37,0.03,0.41,5443.0,3999.5274
4362,000587.SZ,19991213,7.23,7.47,7.2,7.37,7.17,0.2,2.79,11413.0,8410.8497
4363,000587.SZ,19991210,7.2,7.25,7.11,7.17,7.17,0.0,0.0,3055.43,2199.1344
4364,000587.SZ,19991209,7.1,7.25,7.1,7.17,7.01,0.16,2.28,7145.0,5142.917
4365,000587.SZ,19991208,7.09,7.12,7.0,7.01,7.15,-0.14,-1.96,794.0,558.223
4366,000587.SZ,19991207,6.96,7.18,6.9,7.15,7.0,0.15,2.14,2413.0,1687.9354
4367,000587.SZ,19991206,7.01,7.1,6.98,7.0,7.14,-0.14,-1.96,1784.0,1253.0379
4368,000587.SZ,19991203,7.0,7.15,7.0,7.14,7.01,0.13,1.85,1454.0,1025.1456
4369,000587.SZ,19991202,7.1,7.15,7.0,7.01,7.18,-0.17,-2.37,1831.0,1293.932
4370,000587.SZ,19991201,7.08,7.22,7.0,7.18,7.01,0.17,2.43,3775.0,2692.6471
4371,000587.SZ,19991130,6.97,7.04,6.9,7.01,6.97,0.04,0.57,1344.0,936.7953
4372,000587.SZ,19991129,7.08,7.08,6.88,6.97,7.06,-0.09,-1.27,2034.0,1422.2028
4373,000587.SZ,19991126,7.2,7.2,7.03,7.06,7.03,0.03,0.43,1184.0,839.0325
4374,000587.SZ,19991125,7.03,7.13,7.0,7.03,7.08,-0.05,-0.71,2147.0,1510.6007
4375,000587.SZ,19991124,7.06,7.25,7.02,7.08,7.12,-0.04,-0.56,1723.0,1223.637
4376,000587.SZ,19991123,7.1,7.2,7.05,7.12,7.14,-0.02,-0.28,1780.0,1263.9835
4377,000587.SZ,19991122,7.11,7.18,7.02,7.14,7.11,0.03,0.42,2100.0,1491.6154
4378,000587.SZ,19991119,7.16,7.2,7.06,7.11,7.15,-0.04,-0.56,2763.0,1965.3272
4379,000587.SZ,19991118,7.09,7.26,7.05,7.15,7.06,0.09,1.27,3753.0,2686.8324
4380,000587.SZ,19991117,7.0,7.08,6.91,7.06,6.96,0.1,1.44,2190.0,1531.9965
4381,000587.SZ,19991116,7.25,7.25,6.9,6.96,7.02,-0.06,-0.85,1936.0,1353.0521
4382,000587.SZ,19991115,7.0,7.04,6.92,7.02,7.0,0.02,0.29,1938.0,1354.8724
4383,000587.SZ,19991112,7.11,7.13,7.0,7.0,7.1,-0.1,-1.41,1192.0,838.5164
4384,000587.SZ,19991111,7.18,7.2,7.08,7.1,7.17,-0.07,-0.98,1733.0,1234.5096
4385,000587.SZ,19991110,7.01,7.2,6.96,7.17,7.01,0.16,2.28,3777.0,2668.7292
4386,000587.SZ,19991109,7.1,7.12,7.0,7.01,7.02,-0.01,-0.14,1693.0,1190.6578
4387,000587.SZ,19991108,6.9,7.09,6.9,7.02,7.0,0.02,0.29,1223.0,856.7614
4388,000587.SZ,19991105,6.98,7.1,6.97,7.0,6.97,0.03,0.43,2199.0,1543.3769
4389,000587.SZ,19991104,7.01,7.1,6.93,6.97,7.09,-0.12,-1.69,4025.0,2813.3736
4390,000587.SZ,19991103,7.16,7.2,7.04,7.09,7.17,-0.08,-1.12,3026.0,2147.065
4391,000587.SZ,19991102,7.36,7.36,7.1,7.17,7.22,-0.05,-0.69,1585.0,1136.2344
4392,000587.SZ,19991101,7.23,7.28,7.15,7.22,7.22,0.0,0.0,2445.0,1762.19
4393,000587.SZ,19991029,7.3,7.38,7.16,7.22,7.36,-0.14,-1.9,4713.0,3412.853
4394,000587.SZ,19991028,7.6,7.61,7.34,7.36,7.6,-0.24,-3.16,9256.0,6863.935
4395,000587.SZ,19991027,7.52,7.62,7.4,7.6,7.48,0.12,1.6,18500.0,13966.9858
4396,000587.SZ,19991026,7.2,7.48,7.18,7.48,7.18,0.3,4.18,5418.0,3983.7289
4397,000587.SZ,19991025,7.32,7.32,7.16,7.18,7.29,-0.11,-1.51,4249.0,3065.0165
4398,000587.SZ,19991022,7.1,7.38,7.01,7.29,7.19,0.1,1.39,9137.0,6592.9492
4399,000587.SZ,19991021,7.38,7.56,7.16,7.19,7.38,-0.19,-2.57,18927.0,14064.1139
4400,000587.SZ,19991020,7.32,7.45,7.3,7.38,7.34,0.04,0.55,5622.0,4157.3449
4401,000587.SZ,19991019,7.35,7.45,7.21,7.34,7.44,-0.1,-1.34,8863.0,6473.0952
4402,000587.SZ,19991018,7.46,7.53,7.4,7.44,7.44,0.0,0.0,10188.0,7592.604
4403,000587.SZ,19991015,7.25,7.46,7.25,7.44,7.25,0.19,2.62,6037.0,4470.9612
4404,000587.SZ,19991014,7.18,7.35,7.09,7.25,7.21,0.04,0.55,4082.0,2962.7979
4405,000587.SZ,19991013,7.18,7.23,7.07,7.21,7.18,0.03,0.42,4623.0,3301.148
4406,000587.SZ,19991012,7.0,7.19,6.95,7.18,6.91,0.27,3.91,2820.0,1990.7395
4407,000587.SZ,19991011,6.8,7.05,6.8,6.91,6.92,-0.01,-0.14,1729.0,1198.1316
4408,000587.SZ,19991008,7.05,7.08,6.91,6.92,7.12,-0.2,-2.81,2674.0,1869.3202
4409,000587.SZ,19990930,7.18,7.23,7.12,7.12,7.2,-0.08,-1.11,2440.0,1747.873
4410,000587.SZ,19990929,7.25,7.37,7.19,7.2,7.22,-0.02,-0.28,2287.34,1658.6779
4411,000587.SZ,19990928,7.21,7.29,7.15,7.22,7.2,0.02,0.28,2481.0,1785.0278
4412,000587.SZ,19990927,7.33,7.37,7.2,7.2,7.33,-0.13,-1.77,3507.0,2534.5431
4413,000587.SZ,19990924,7.28,7.4,7.28,7.33,7.27,0.06,0.83,1726.0,1267.6535
4414,000587.SZ,19990923,7.32,7.4,7.25,7.27,7.31,-0.04,-0.55,3335.0,2431.0
4415,000587.SZ,19990922,7.46,7.46,7.28,7.31,7.35,-0.04,-0.54,3083.0,2262.2009
4416,000587.SZ,19990921,7.32,7.38,7.26,7.35,7.38,-0.03,-0.41,2643.0,1935.6535
4417,000587.SZ,19990920,7.6,7.6,7.3,7.38,7.55,-0.17,-2.25,3478.0,2581.197
4418,000587.SZ,19990917,7.54,7.61,7.45,7.55,7.55,0.0,0.0,3879.0,2920.7134
4419,000587.SZ,19990916,7.6,7.67,7.54,7.55,7.58,-0.03,-0.4,3773.0,2867.5836
4420,000587.SZ,19990915,7.75,7.8,7.55,7.58,7.75,-0.17,-2.19,5753.0,4399.6473
4421,000587.SZ,19990914,7.83,7.95,7.73,7.75,7.77,-0.02,-0.26,11571.0,9064.6895
4422,000587.SZ,19990913,7.56,7.81,7.5,7.77,7.57,0.2,2.64,9366.0,7180.1478
4423,000587.SZ,19990910,7.8,7.82,7.5,7.57,7.72,-0.15,-1.94,11138.0,8450.1132
4424,000587.SZ,19990909,7.42,7.72,7.36,7.72,7.31,0.41,5.61,9968.0,7591.4486
4425,000587.SZ,19990908,7.22,7.42,7.2,7.31,7.25,0.06,0.83,2765.0,2021.3776
4426,000587.SZ,19990907,7.19,7.38,7.19,7.25,7.19,0.06,0.83,4022.0,2930.7226
4427,000587.SZ,19990906,7.45,7.45,7.15,7.19,7.5,-0.31,-4.13,7278.0,5277.3446
4428,000587.SZ,19990903,7.65,7.7,7.45,7.5,7.72,-0.22,-2.85,5607.0,4229.2434
4429,000587.SZ,19990902,7.44,7.76,7.44,7.72,7.55,0.17,2.25,7868.0,5949.993
4430,000587.SZ,19990901,7.89,7.89,7.5,7.55,7.89,-0.34,-4.31,6769.0,5196.4253
4431,000587.SZ,19990831,7.59,7.92,7.5,7.89,7.63,0.26,3.41,11197.0,8611.6747
4432,000587.SZ,19990830,7.95,8.0,7.6,7.63,7.94,-0.31,-3.9,16478.0,12841.8546
4433,000587.SZ,19990827,7.75,7.97,7.73,7.94,7.7,0.24,3.12,82276.0,64841.6322
4434,000587.SZ,19990826,7.5,7.72,7.5,7.7,7.62,0.08,1.05,13961.0,10633.313
4435,000587.SZ,19990825,7.5,7.65,7.45,7.62,7.58,0.04,0.53,17299.0,13045.28
4436,000587.SZ,19990824,7.4,7.65,7.4,7.58,7.5,0.08,1.07,25479.0,19299.9656
4437,000587.SZ,19990823,7.05,7.52,6.89,7.5,7.07,0.43,6.08,12961.0,9375.1236
4438,000587.SZ,19990820,7.11,7.14,7.0,7.07,7.02,0.05,0.71,5392.0,3815.8222
4439,000587.SZ,19990819,6.71,7.09,6.71,7.02,6.71,0.31,4.62,7073.0,4941.7331
4440,000587.SZ,19990818,6.81,6.81,6.65,6.71,6.81,-0.1,-1.47,4163.0,2790.843
4441,000587.SZ,19990817,6.7,6.9,6.68,6.81,6.75,0.06,0.89,5051.0,3455.0613
4442,000587.SZ,19990816,6.85,6.85,6.61,6.75,6.83,-0.08,-1.17,4645.0,3102.0483
4443,000587.SZ,19990813,6.92,7.0,6.8,6.83,6.92,-0.09,-1.3,4869.0,3349.9472
4444,000587.SZ,19990812,6.9,7.06,6.89,6.92,7.0,-0.08,-1.14,7537.0,5231.1944
4445,000587.SZ,19990811,7.22,7.38,6.96,7.0,7.64,-0.64,-8.38,14379.0,10179.8814
4446,000587.SZ,19990810,7.3,7.65,7.25,7.64,7.32,0.32,4.37,7484.0,5524.1676
4447,000587.SZ,19990809,7.43,7.43,7.2,7.32,7.46,-0.14,-1.88,6279.0,4600.5064
4448,000587.SZ,19990806,7.6,7.7,7.25,7.46,7.61,-0.15,-1.97,9347.0,6932.3765
4449,000587.SZ,19990805,7.8,7.81,7.5,7.61,7.72,-0.11,-1.42,8416.0,6383.6924
4450,000587.SZ,19990804,7.58,7.85,7.58,7.72,7.59,0.13,1.71,8020.0,6195.0
4451,000587.SZ,19990803,7.65,7.69,7.5,7.59,7.65,-0.06,-0.78,8659.0,6560.0637
4452,000587.SZ,19990802,7.75,7.8,7.57,7.65,7.7,-0.05,-0.65,9378.0,7172.5254
4453,000587.SZ,19990730,7.7,7.78,7.65,7.7,7.6,0.1,1.32,18656.0,14365.5469
4454,000587.SZ,19990729,7.4,7.8,7.4,7.6,7.25,0.35,4.83,23965.0,18278.3106
4455,000587.SZ,19990728,7.1,7.3,7.1,7.25,7.13,0.12,1.68,5943.0,4292.5462
4456,000587.SZ,19990727,7.17,7.17,7.05,7.13,7.18,-0.05,-0.7,4465.0,3175.4586
4457,000587.SZ,19990726,7.19,7.23,7.06,7.18,7.04,0.14,1.99,5573.0,3981.1275
4458,000587.SZ,19990723,7.0,7.2,6.93,7.04,6.93,0.11,1.59,6114.0,4318.5275
4459,000587.SZ,19990722,7.2,7.25,6.9,6.93,7.25,-0.32,-4.41,9643.0,6823.4419
4460,000587.SZ,19990721,7.28,7.38,7.12,7.25,7.19,0.06,0.83,12901.0,9350.4856
4461,000587.SZ,19990720,6.66,7.2,6.58,7.19,6.7,0.49,7.31,9719.0,6644.3628
4462,000587.SZ,19990719,6.99,6.99,6.68,6.7,7.09,-0.39,-5.5,8780.5,5945.8964
4463,000587.SZ,19990716,7.3,7.3,7.06,7.09,7.25,-0.16,-2.21,7324.0,5210.593
4464,000587.SZ,19990715,7.4,7.4,7.18,7.25,7.39,-0.14,-1.89,5630.0,4081.0755
4465,000587.SZ,19990714,7.16,7.4,7.16,7.39,7.16,0.23,3.21,6437.0,4685.4644
4466,000587.SZ,19990713,7.34,7.35,7.1,7.16,7.38,-0.22,-2.98,8938.0,6428.9621
4467,000587.SZ,19990712,7.61,7.64,7.3,7.38,7.56,-0.18,-2.38,9241.0,6842.0345
4468,000587.SZ,19990709,7.5,7.75,7.38,7.56,7.54,0.02,0.27,9191.0,6954.5773
4469,000587.SZ,19990708,7.35,7.79,7.35,7.54,7.35,0.19,2.59,19257.0,14777.0626
4470,000587.SZ,19990707,7.2,7.4,7.1,7.35,7.21,0.14,1.94,10282.0,7455.7611
4471,000587.SZ,19990706,7.28,7.5,7.1,7.21,7.41,-0.2,-2.7,10988.0,7995.6528
4472,000587.SZ,19990705,7.6,7.8,7.4,7.41,7.62,-0.21,-2.76,14526.0,10964.0309
4473,000587.SZ,19990702,7.1,7.69,7.0,7.62,7.2,0.42,5.83,24808.0,18260.9981
4474,000587.SZ,19990701,8.0,8.08,7.2,7.2,8.0,-0.8,-10.0,24136.0,17951.9573
4475,000587.SZ,19990630,8.45,8.5,7.9,8.0,8.4,-0.4,-4.76,36435.0,29921.6597
4476,000587.SZ,19990629,8.5,8.6,8.1,8.4,8.4,0.0,0.0,40144.0,33155.4091
4477,000587.SZ,19990628,8.0,8.45,7.9,8.4,8.0,0.4,5.0,45541.0,37404.232
4478,000587.SZ,19990625,8.85,8.9,7.97,8.0,8.85,-0.85,-9.6,62067.0,52684.7571
4479,000587.SZ,19990624,8.6,9.2,8.48,8.85,8.55,0.3,3.51,60731.0,53565.9087
4480,000587.SZ,19990623,8.66,8.7,8.33,8.55,8.63,-0.08,-0.93,51744.0,43923.8901
4481,000587.SZ,19990622,8.7,8.76,8.2,8.63,8.58,0.05,0.58,93685.0,79274.9137
4482,000587.SZ,19990621,8.0,8.58,8.0,8.58,7.8,0.78,10.0,206172.0,169526.5493
4483,000587.SZ,19990618,7.4,7.9,7.26,7.8,7.19,0.61,8.48,175955.0,134824.6293
4484,000587.SZ,19990617,6.65,7.2,6.52,7.19,6.55,0.64,9.77,82671.0,56776.4538
4485,000587.SZ,19990616,6.28,6.58,6.21,6.55,6.23,0.32,5.14,21255.0,13501.3225
4486,000587.SZ,19990615,6.8,6.89,6.12,6.23,6.7,-0.47,-7.01,33616.0,22383.2904
4487,000587.SZ,19990614,6.41,6.7,6.4,6.7,6.45,0.25,3.88,31203.0,20589.3133
4488,000587.SZ,19990611,6.35,6.55,6.32,6.45,6.36,0.09,1.42,20047.0,12878.6101
4489,000587.SZ,19990610,6.5,6.59,6.29,6.36,6.41,-0.05,-0.78,24100.0,15423.218
4490,000587.SZ,19990609,6.34,6.41,6.25,6.41,6.38,0.03,0.47,16745.0,10627.1224
4491,000587.SZ,19990608,6.35,6.4,6.2,6.38,6.3,0.08,1.27,23062.0,14512.6813
4492,000587.SZ,19990607,6.32,6.33,6.11,6.3,6.36,-0.06,-0.94,18650.0,11587.7326
4493,000587.SZ,19990604,6.5,6.52,6.2,6.36,6.5,-0.14,-2.15,28880.0,18133.8806
4494,000587.SZ,19990603,6.43,6.8,6.4,6.5,6.31,0.19,3.01,97188.0,63757.5983
4495,000587.SZ,19990602,6.2,6.4,6.14,6.31,6.13,0.18,2.94,32852.0,20581.3776
4496,000587.SZ,19990601,5.85,6.15,5.83,6.13,5.83,0.3,5.15,16902.0,10217.4261
4497,000587.SZ,19990531,6.0,6.0,5.76,5.83,6.0,-0.17,-2.83,14357.0,8456.5084
4498,000587.SZ,19990528,6.19,6.23,5.9,6.0,6.16,-0.16,-2.6,16006.0,9659.7769
4499,000587.SZ,19990527,5.93,6.18,5.9,6.16,5.93,0.23,3.88,20034.0,12144.3418
4500,000587.SZ,19990526,5.7,5.94,5.68,5.93,5.71,0.22,3.85,8336.0,4830.8377
4501,000587.SZ,19990525,5.78,6.08,5.65,5.71,5.82,-0.11,-1.89,13376.0,7920.6862
4502,000587.SZ,19990524,5.65,5.82,5.48,5.82,5.65,0.17,3.01,13780.0,7761.4134
4503,000587.SZ,19990521,5.73,5.86,5.62,5.65,5.73,-0.08,-1.4,8378.0,4792.4153
4504,000587.SZ,19990520,5.65,5.77,5.55,5.73,5.61,0.12,2.14,8202.0,4631.7998
4505,000587.SZ,19990519,5.3,5.64,5.26,5.61,5.26,0.35,6.65,4168.0,2265.9898
4506,000587.SZ,19990518,5.38,5.49,5.26,5.26,5.37,-0.11,-2.05,2274.0,1226.3662
4507,000587.SZ,19990517,5.45,5.48,5.26,5.37,5.47,-0.1,-1.83,3928.0,2104.3614
4508,000587.SZ,19990514,5.64,5.65,5.38,5.47,5.64,-0.17,-3.01,4748.0,2618.4368
4509,000587.SZ,19990513,5.8,5.8,5.6,5.64,5.84,-0.2,-3.42,4641.0,2641.8745
4510,000587.SZ,19990512,5.92,5.95,5.75,5.84,5.91,-0.07,-1.18,3345.0,1944.1298
4511,000587.SZ,19990511,5.8,5.98,5.74,5.91,5.74,0.17,2.96,5303.0,3093.8836
4512,000587.SZ,19990510,6.19,6.2,5.7,5.74,6.21,-0.47,-7.57,9133.0,5383.0165
4513,000587.SZ,19990507,6.32,6.37,6.2,6.21,6.32,-0.11,-1.74,3637.0,2280.133
4514,000587.SZ,19990506,6.2,6.34,6.2,6.32,6.2,0.12,1.94,2890.0,1814.7961
4515,000587.SZ,19990504,6.25,6.3,6.2,6.2,6.24,-0.04,-0.64,3017.0,1885.5927
4516,000587.SZ,19990430,6.27,6.27,6.15,6.24,6.25,-0.01,-0.16,4552.0,2824.27
4517,000587.SZ,19990429,6.15,6.27,6.1,6.25,6.15,0.1,1.63,4236.0,2625.9191
4518,000587.SZ,19990428,6.2,6.34,6.13,6.15,6.2,-0.05,-0.81,5189.0,3224.3771
4519,000587.SZ,19990427,6.21,6.37,6.12,6.2,6.42,-0.22,-3.43,11050.0,6887.7254
4520,000587.SZ,19990426,6.58,6.66,6.2,6.42,6.65,-0.23,-3.46,7844.0,5108.0303
4521,000587.SZ,19990423,6.3,6.7,6.3,6.65,6.32,0.33,5.22,8177.0,5307.322
4522,000587.SZ,19990422,6.25,6.34,6.1,6.32,6.32,0.0,0.0,5500.0,3404.963
4523,000587.SZ,19990421,6.5,6.57,6.3,6.32,6.48,-0.16,-2.47,5179.0,3319.5623
4524,000587.SZ,19990420,6.35,6.49,6.35,6.48,6.37,0.11,1.73,3538.0,2277.1786
4525,000587.SZ,19990419,6.3,6.45,6.3,6.37,6.37,0.0,0.0,3664.0,2330.1528
4526,000587.SZ,19990416,6.49,6.54,6.3,6.37,6.49,-0.12,-1.85,6746.0,4322.6419
4527,000587.SZ,19990415,6.72,6.72,6.44,6.49,6.72,-0.23,-3.42,6871.0,4488.5078
4528,000587.SZ,19990414,6.61,6.75,6.61,6.72,6.62,0.1,1.51,3349.0,2241.2142
4529,000587.SZ,19990413,6.73,6.73,6.6,6.62,6.75,-0.13,-1.93,7463.0,4963.0009
4530,000587.SZ,19990412,7.0,7.0,6.75,6.75,6.97,-0.22,-3.16,7546.0,5134.4791
4531,000587.SZ,19990409,6.82,6.98,6.74,6.97,6.86,0.11,1.6,7053.0,4853.1183
4532,000587.SZ,19990408,6.87,6.9,6.77,6.86,6.89,-0.03,-0.44,5864.0,3996.9888
4533,000587.SZ,19990407,7.05,7.05,6.83,6.89,6.98,-0.09,-1.29,7021.0,4844.7788
4534,000587.SZ,19990406,7.06,7.26,6.95,6.98,7.05,-0.07,-0.99,6407.0,4486.5818
4535,000587.SZ,19990405,6.99,7.07,6.88,7.05,6.99,0.06,0.86,11750.0,8173.9031
4536,000587.SZ,19990402,7.02,7.06,6.88,6.99,7.02,-0.03,-0.43,10727.0,7475.9808
4537,000587.SZ,19990401,6.89,7.09,6.88,7.02,6.86,0.16,2.33,16236.0,11377.9436
4538,000587.SZ,19990331,6.72,6.9,6.66,6.86,6.66,0.2,3.0,6916.0,4706.5272
4539,000587.SZ,19990330,6.91,6.95,6.62,6.66,6.91,-0.25,-3.62,16661.0,11253.6561
4540,000587.SZ,19990329,6.85,7.0,6.81,6.91,6.77,0.14,2.07,34209.0,23631.9215
4541,000587.SZ,19990326,6.47,6.8,6.47,6.77,6.47,0.3,4.64,17436.0,11719.2214
4542,000587.SZ,19990325,6.65,6.65,6.44,6.47,6.69,-0.22,-3.29,6085.0,3986.1531
4543,000587.SZ,19990324,6.75,6.76,6.61,6.69,6.73,-0.04,-0.59,4842.0,3237.6685
4544,000587.SZ,19990323,6.78,6.8,6.63,6.73,6.78,-0.05,-0.74,4796.0,3207.246
4545,000587.SZ,19990322,6.95,6.95,6.76,6.78,6.87,-0.09,-1.31,6674.0,4563.4156
4546,000587.SZ,19990319,6.7,6.9,6.65,6.87,6.73,0.14,2.08,7270.0,4923.0377
4547,000587.SZ,19990318,6.8,6.82,6.62,6.73,6.82,-0.09,-1.32,8031.0,5389.8769
4548,000587.SZ,19990317,7.0,7.02,6.8,6.82,7.02,-0.2,-2.85,14554.0,10007.0505
4549,000587.SZ,19990316,6.99,7.08,6.8,7.02,6.94,0.08,1.15,17931.0,12484.6067
4550,000587.SZ,19990315,6.66,7.09,6.66,6.94,6.58,0.36,5.47,42279.0,29172.9002
4551,000587.SZ,19990312,6.57,6.96,6.52,6.69,6.59,0.1,1.52,43057.0,29187.3555
4552,000587.SZ,19990311,6.39,6.67,6.38,6.59,6.39,0.2,3.13,14807.0,9658.3668
4553,000587.SZ,19990310,6.51,6.52,6.3,6.39,6.56,-0.17,-2.59,8591.0,5471.7794
4554,000587.SZ,19990309,6.72,6.74,6.53,6.56,6.69,-0.13,-1.94,5308.0,3503.9512
4555,000587.SZ,19990308,6.68,6.7,6.49,6.69,6.64,0.05,0.75,7293.0,4783.4682
4556,000587.SZ,19990305,6.58,6.69,6.52,6.64,6.58,0.06,0.91,5714.0,3778.1447
4557,000587.SZ,19990304,6.72,6.75,6.51,6.58,6.68,-0.1,-1.5,5388.0,3564.3894
4558,000587.SZ,19990303,6.55,6.78,6.55,6.68,6.49,0.19,2.93,11481.0,7661.7106
4559,000587.SZ,19990302,6.25,6.62,6.2,6.49,6.25,0.24,3.84,4397.0,2833.5631
4560,000587.SZ,19990301,6.3,6.3,6.17,6.25,6.25,0.0,0.0,3246.0,2022.2404
4561,000587.SZ,19990209,6.16,6.26,6.05,6.25,6.09,0.16,2.63,2154.0,1321.8561
4562,000587.SZ,19990208,6.15,6.25,6.08,6.09,6.15,-0.06,-0.98,3192.0,1963.11
4563,000587.SZ,19990205,6.38,6.4,6.15,6.15,6.45,-0.3,-4.65,3391.0,2132.3026
4564,000587.SZ,19990204,6.47,6.5,6.4,6.45,6.46,-0.01,-0.15,2378.0,1529.6961
4565,000587.SZ,19990203,6.55,6.56,6.41,6.46,6.6,-0.14,-2.12,2252.0,1457.0099
4566,000587.SZ,19990202,6.71,6.71,6.55,6.6,6.7,-0.1,-1.49,2507.0,1656.8822
4567,000587.SZ,19990201,6.53,6.78,6.51,6.7,6.58,0.12,1.82,6598.0,4423.5993
4568,000587.SZ,19990129,6.6,6.7,6.41,6.58,6.6,-0.02,-0.3,3065.0,2010.8211
4569,000587.SZ,19990128,6.42,6.65,6.42,6.6,6.42,0.18,2.8,3909.0,2545.2613
4570,000587.SZ,19990127,6.37,6.48,6.3,6.42,6.36,0.06,0.94,2416.0,1541.6918
4571,000587.SZ,19990126,6.45,6.45,6.35,6.36,6.49,-0.13,-2.0,1987.0,1268.3672
4572,000587.SZ,19990125,6.6,6.65,6.47,6.49,6.55,-0.06,-0.92,2892.0,1889.7653
4573,000587.SZ,19990122,6.45,6.65,6.42,6.55,6.44,0.11,1.71,3086.0,2020.2663
4574,000587.SZ,19990121,6.35,6.46,6.33,6.44,6.45,-0.01,-0.16,2608.0,1669.5956
4575,000587.SZ,19990120,6.55,6.56,6.42,6.45,6.58,-0.13,-1.98,1334.0,863.3332
4576,000587.SZ,19990119,6.55,6.6,6.45,6.58,6.53,0.05,0.77,2591.0,1689.7996
4577,000587.SZ,19990118,6.35,6.53,6.26,6.53,6.39,0.14,2.19,2581.0,1641.7405
4578,000587.SZ,19990115,6.5,6.55,6.36,6.39,6.5,-0.11,-1.69,2454.0,1581.8907
4579,000587.SZ,19990114,6.54,6.6,6.48,6.5,6.54,-0.04,-0.61,2031.0,1326.4661
4580,000587.SZ,19990113,6.6,6.69,6.51,6.54,6.6,-0.06,-0.91,2509.0,1658.4248
4581,000587.SZ,19990112,6.8,6.8,6.58,6.6,6.79,-0.19,-2.8,3790.0,2538.8812
4582,000587.SZ,19990111,6.66,6.83,6.6,6.79,6.61,0.18,2.72,9193.0,6213.4352
4583,000587.SZ,19990108,6.28,6.63,6.26,6.61,6.29,0.32,5.09,3566.0,2325.2102
4584,000587.SZ,19990107,6.28,6.34,6.2,6.29,6.3,-0.01,-0.16,1598.0,1003.8657
4585,000587.SZ,19990106,6.2,6.38,6.2,6.3,6.24,0.06,0.96,1170.0,737.5601
4586,000587.SZ,19990105,6.31,6.35,6.14,6.24,6.38,-0.14,-2.19,2651.0,1647.8496
4587,000587.SZ,19990104,6.38,6.47,6.35,6.38,6.45,-0.07,-1.09,1374.0,878.4254
4588,000587.SZ,19981231,6.55,6.55,6.41,6.45,6.53,-0.08,-1.23,1311.0,848.1874
4589,000587.SZ,19981230,6.48,6.6,6.35,6.53,6.48,0.05,0.77,2968.0,1914.1107
4590,000587.SZ,19981229,6.7,6.7,6.45,6.48,6.63,-0.15,-2.26,1661.0,1092.411
4591,000587.SZ,19981228,6.7,6.75,6.55,6.63,6.62,0.01,0.15,1663.0,1106.6472
4592,000587.SZ,19981225,6.6,6.7,6.6,6.62,6.65,-0.03,-0.45,1185.0,789.7711
4593,000587.SZ,19981224,6.66,6.72,6.58,6.65,6.69,-0.04,-0.6,1370.0,909.484
4594,000587.SZ,19981223,6.7,6.79,6.6,6.69,6.74,-0.05,-0.74,1573.0,1054.0295
4595,000587.SZ,19981222,6.46,6.75,6.45,6.74,6.46,0.28,4.33,2252.0,1497.0601
4596,000587.SZ,19981221,6.48,6.57,6.45,6.46,6.51,-0.05,-0.77,2617.0,1702.6506
4597,000587.SZ,19981218,6.55,6.75,6.47,6.51,6.62,-0.11,-1.66,1933.0,1268.1862
4598,000587.SZ,19981217,6.7,6.77,6.61,6.62,6.76,-0.14,-2.07,2329.0,1561.6895
4599,000587.SZ,19981216,6.93,6.93,6.7,6.76,6.94,-0.18,-2.59,1400.0,953.7439
4600,000587.SZ,19981215,6.8,6.95,6.7,6.94,6.8,0.14,2.06,1723.0,1170.3763
4601,000587.SZ,19981214,7.01,7.01,6.79,6.8,6.98,-0.18,-2.58,1527.0,1049.3721
4602,000587.SZ,19981211,6.82,7.0,6.7,6.98,6.83,0.15,2.2,1678.0,1154.6162
4603,000587.SZ,19981210,6.71,6.94,6.6,6.83,7.0,-0.17,-2.43,880.0,604.766
4604,000587.SZ,19981209,6.9,7.05,6.9,7.0,6.88,0.12,1.74,1595.0,1111.5202
4605,000587.SZ,19981208,6.85,6.95,6.8,6.88,6.83,0.05,0.73,2828.0,1949.5832
4606,000587.SZ,19981207,7.06,7.13,6.82,6.83,6.96,-0.13,-1.87,3892.0,2704.3333
4607,000587.SZ,19981204,7.08,7.14,6.95,6.96,7.08,-0.12,-1.69,4218.0,2962.8827
4608,000587.SZ,19981203,7.19,7.2,7.06,7.08,7.19,-0.11,-1.53,2226.0,1584.5826
4609,000587.SZ,19981202,7.12,7.19,7.01,7.19,7.09,0.1,1.41,4588.0,3250.956
4610,000587.SZ,19981201,7.35,7.44,7.08,7.09,7.34,-0.25,-3.41,5813.0,4177.9848
4611,000587.SZ,19981130,7.26,7.42,7.2,7.34,7.26,0.08,1.1,4056.0,2968.1451
4612,000587.SZ,19981127,7.4,7.5,7.25,7.26,7.45,-0.19,-2.55,7097.0,5237.1588
4613,000587.SZ,19981126,7.58,7.67,7.45,7.45,7.66,-0.21,-2.74,7956.0,6011.8608
4614,000587.SZ,19981125,7.98,8.05,7.6,7.66,7.95,-0.29,-3.65,8358.0,6518.7504
4615,000587.SZ,19981124,7.88,7.96,7.8,7.95,7.88,0.07,0.89,7560.0,5962.5787
4616,000587.SZ,19981123,8.0,8.08,7.7,7.88,7.96,-0.08,-1.01,17509.0,13877.2771
4617,000587.SZ,19981120,7.8,8.1,7.71,7.96,7.61,0.35,4.6,41359.0,32952.8461
4618,000587.SZ,19981119,7.67,7.79,7.6,7.61,7.57,0.04,0.53,8271.0,6358.3774
4619,000587.SZ,19981118,7.48,7.85,7.48,7.57,7.42,0.15,2.02,9559.0,7330.0139
4620,000587.SZ,19981117,7.5,7.58,7.4,7.42,7.5,-0.08,-1.07,5470.0,4072.3178
4621,000587.SZ,19981116,7.53,7.63,7.43,7.5,7.53,-0.03,-0.4,7116.0,5335.5352
4622,000587.SZ,19981113,7.6,7.6,7.43,7.53,7.55,-0.02,-0.26,5463.0,4104.542
4623,000587.SZ,19981112,7.61,7.78,7.52,7.55,7.63,-0.08,-1.05,6307.0,4791.9378
4624,000587.SZ,19981111,7.9,7.9,7.58,7.63,7.79,-0.16,-2.05,7190.0,5506.2922
4625,000587.SZ,19981110,7.68,7.95,7.62,7.79,7.55,0.24,3.18,16139.0,12565.1283
4626,000587.SZ,19981109,7.35,7.55,7.31,7.55,7.38,0.17,2.3,9177.0,6841.552
4627,000587.SZ,19981106,7.45,7.55,7.34,7.38,7.42,-0.04,-0.54,7814.0,5798.2096
4628,000587.SZ,19981105,7.35,7.55,7.35,7.42,7.38,0.04,0.54,7033.0,5227.7959
4629,000587.SZ,19981104,7.4,7.46,7.32,7.38,7.45,-0.07,-0.94,5055.0,3737.3997
4630,000587.SZ,19981103,7.39,7.57,7.31,7.45,7.39,0.06,0.81,6571.0,4879.5264
4631,000587.SZ,19981102,7.3,7.5,7.3,7.39,7.42,-0.03,-0.4,5237.0,3865.4739
4632,000587.SZ,19981030,7.66,7.66,7.41,7.42,7.68,-0.26,-3.39,6389.0,4797.6287
4633,000587.SZ,19981029,7.7,7.8,7.55,7.68,7.68,0.0,0.0,7288.0,5583.8123
4634,000587.SZ,19981028,7.55,7.88,7.55,7.68,7.58,0.1,1.32,10456.0,8075.0397
4635,000587.SZ,19981027,7.42,7.68,7.3,7.58,7.42,0.16,2.16,6744.0,5080.1428
4636,000587.SZ,19981026,7.49,7.5,7.3,7.42,7.5,-0.08,-1.07,8742.0,6452.25
4637,000587.SZ,19981023,7.75,7.77,7.45,7.5,7.74,-0.24,-3.1,11946.0,9130.1077
4638,000587.SZ,19981022,7.3,7.78,7.2,7.74,7.31,0.43,5.88,16852.0,12531.7342
4639,000587.SZ,19981021,7.7,7.7,7.3,7.31,7.76,-0.45,-5.8,16939.0,12674.9845
4640,000587.SZ,19981020,7.9,7.92,7.67,7.76,7.89,-0.13,-1.65,18969.0,14728.4468
4641,000587.SZ,19981019,7.52,7.99,7.5,7.89,7.27,0.62,8.53,79946.0,62291.084
4642,000587.SZ,19981016,7.12,7.3,7.1,7.27,7.12,0.15,2.11,17493.0,12639.6555
4643,000587.SZ,19981015,6.83,7.15,6.82,7.12,6.81,0.31,4.55,9242.0,6498.331
4644,000587.SZ,19981014,6.95,7.06,6.8,6.81,7.0,-0.19,-2.71,3384.0,2340.9196
4645,000587.SZ,19981013,7.07,7.19,6.9,7.0,7.05,-0.05,-0.71,9743.0,6876.7459
4646,000587.SZ,19981012,6.75,7.05,6.63,7.05,6.7,0.35,5.22,8877.0,6117.428
4647,000587.SZ,19981009,6.8,6.82,6.68,6.7,6.8,-0.1,-1.47,2829.0,1903.8547
4648,000587.SZ,19981008,6.68,6.8,6.61,6.8,6.6,0.2,3.03,3020.0,2014.0697
4649,000587.SZ,19981007,6.62,6.72,6.6,6.6,6.67,-0.07,-1.05,3473.0,2309.0324
4650,000587.SZ,19981006,6.8,6.8,6.66,6.67,6.79,-0.12,-1.77,3435.0,2306.9059
4651,000587.SZ,19981005,6.99,6.99,6.76,6.79,6.92,-0.13,-1.88,2654.0,1812.083
4652,000587.SZ,19980930,6.86,6.92,6.8,6.92,6.85,0.07,1.02,2484.0,1706.3597
4653,000587.SZ,19980929,6.98,7.04,6.82,6.85,6.95,-0.1,-1.44,3625.0,2517.7402
4654,000587.SZ,19980928,7.0,7.05,6.82,6.95,6.96,-0.01,-0.14,5373.0,3729.2135
4655,000587.SZ,19980925,6.6,7.01,6.6,6.96,6.68,0.28,4.19,7521.0,5138.2479
4656,000587.SZ,19980924,6.74,6.85,6.66,6.68,6.73,-0.05,-0.74,3626.0,2455.1775
4657,000587.SZ,19980923,6.8,6.85,6.68,6.73,6.76,-0.03,-0.44,4154.0,2797.8091
4658,000587.SZ,19980922,6.83,6.93,6.75,6.76,6.82,-0.06,-0.88,4213.0,2884.4182
4659,000587.SZ,19980921,6.6,6.85,6.55,6.82,6.66,0.16,2.4,3908.0,2643.3202
4660,000587.SZ,19980918,6.9,7.0,6.61,6.66,6.97,-0.31,-4.45,8779.0,5957.3524
4661,000587.SZ,19980917,7.3,7.33,6.9,6.97,7.15,-0.18,-2.52,8781.0,6291.9656
4662,000587.SZ,19980915,7.27,7.35,7.14,7.15,7.3,-0.15,-2.05,10460.0,7531.6699
4663,000587.SZ,19980914,7.22,7.35,7.08,7.3,7.19,0.11,1.53,10568.0,7664.6747
4664,000587.SZ,19980911,7.3,7.31,7.15,7.19,7.33,-0.14,-1.91,7084.0,5111.1948
4665,000587.SZ,19980910,7.27,7.42,7.18,7.33,7.27,0.06,0.83,13314.0,9679.215
4666,000587.SZ,19980909,7.18,7.28,7.14,7.27,7.18,0.09,1.25,7687.0,5552.1852
4667,000587.SZ,19980908,7.08,7.25,7.0,7.18,7.04,0.14,1.99,14721.0,10531.7428
4668,000587.SZ,19980907,7.03,7.09,6.88,7.04,6.91,0.13,1.88,5575.0,3904.7912
4669,000587.SZ,19980904,6.85,6.98,6.85,6.91,6.8,0.11,1.62,3289.0,2274.1836
4670,000587.SZ,19980903,6.76,6.9,6.76,6.8,6.8,0.0,0.0,2850.0,1942.5102
4671,000587.SZ,19980902,6.88,6.93,6.7,6.8,6.88,-0.08,-1.16,3848.0,2620.7418
4672,000587.SZ,19980901,7.0,7.1,6.8,6.88,7.03,-0.15,-2.13,6475.0,4505.969
4673,000587.SZ,19980831,6.6,7.03,6.22,7.03,6.73,0.3,4.46,7100.0,4708.618
4674,000587.SZ,19980828,6.68,6.9,6.66,6.73,6.71,0.02,0.3,5107.0,3457.686
4675,000587.SZ,19980827,6.9,6.92,6.6,6.71,6.96,-0.25,-3.59,6957.0,4724.5087
4676,000587.SZ,19980826,7.02,7.26,6.9,6.96,6.93,0.03,0.43,24383.0,17359.2724
4677,000587.SZ,19980825,6.61,6.98,6.5,6.93,6.59,0.34,5.16,12678.0,8645.2292
4678,000587.SZ,19980824,6.57,6.65,6.48,6.59,6.68,-0.09,-1.35,5640.0,3704.1682
4679,000587.SZ,19980821,6.65,6.7,6.5,6.68,6.74,-0.06,-0.89,6328.0,4175.0324
4680,000587.SZ,19980820,6.65,6.75,6.47,6.74,6.64,0.1,1.51,8733.0,5746.972
4681,000587.SZ,19980819,6.36,6.68,6.36,6.64,6.37,0.27,4.24,5851.0,3808.7915
4682,000587.SZ,19980818,6.28,6.55,6.22,6.37,6.28,0.09,1.43,6675.0,4282.0698
4683,000587.SZ,19980817,6.32,6.59,6.1,6.28,6.22,0.06,0.96,13582.0,8675.9881
4684,000587.SZ,19980814,6.19,6.29,6.1,6.22,6.26,-0.04,-0.64,3360.0,2070.9792
4685,000587.SZ,19980813,6.18,6.29,6.15,6.26,6.22,0.04,0.64,2064.0,1281.2725
4686,000587.SZ,19980812,6.38,6.4,6.0,6.22,6.4,-0.18,-2.81,2854.0,1764.8523
4687,000587.SZ,19980811,6.4,6.6,6.38,6.4,6.47,-0.07,-1.08,1744.0,1123.3496
4688,000587.SZ,19980810,6.78,6.78,6.45,6.47,6.83,-0.36,-5.27,3504.0,2302.5325
4689,000587.SZ,19980807,7.01,7.05,6.82,6.83,7.03,-0.2,-2.85,2895.0,1996.3547
4690,000587.SZ,19980806,6.98,7.18,6.98,7.03,6.98,0.05,0.72,5329.0,3772.4105
4691,000587.SZ,19980805,6.89,7.0,6.84,6.98,6.83,0.15,2.2,1993.0,1376.7608
4692,000587.SZ,19980804,6.92,6.92,6.75,6.83,6.88,-0.05,-0.73,1708.0,1164.8885
4693,000587.SZ,19980803,7.0,7.0,6.8,6.88,6.89,-0.01,-0.15,2620.0,1804.5429
4694,000587.SZ,19980731,6.87,6.98,6.8,6.89,6.87,0.02,0.29,2334.0,1608.5009
4695,000587.SZ,19980730,7.0,7.0,6.86,6.87,7.01,-0.14,-2.0,2043.0,1411.3645
4696,000587.SZ,19980729,7.05,7.15,6.99,7.01,7.08,-0.07,-0.99,1892.0,1330.8871
4697,000587.SZ,19980728,7.01,7.1,6.98,7.08,7.01,0.07,1.0,1884.0,1328.0362
4698,000587.SZ,19980727,7.08,7.1,6.88,7.01,7.11,-0.1,-1.41,2480.0,1728.294
4699,000587.SZ,19980724,7.1,7.2,7.01,7.11,7.04,0.07,0.99,2379.0,1693.839
4700,000587.SZ,19980723,6.94,7.1,6.87,7.04,6.85,0.19,2.77,2295.0,1613.7553
4701,000587.SZ,19980722,6.82,6.93,6.75,6.85,6.9,-0.05,-0.72,2085.0,1421.5099
4702,000587.SZ,19980721,6.71,7.0,6.71,6.9,6.74,0.16,2.37,1808.0,1241.34
4703,000587.SZ,19980720,7.02,7.02,6.7,6.74,7.04,-0.3,-4.26,3816.0,2602.8901
4704,000587.SZ,19980717,7.15,7.2,6.97,7.04,7.16,-0.12,-1.68,5220.0,3683.5192
4705,000587.SZ,19980716,7.4,7.4,7.1,7.16,7.18,-0.02,-0.28,3409.0,2445.211
4706,000587.SZ,19980715,7.18,7.26,7.15,7.18,7.26,-0.08,-1.1,4289.0,3083.3056
4707,000587.SZ,19980714,7.55,7.6,7.23,7.26,7.58,-0.32,-4.22,4558.0,3346.8832
4708,000587.SZ,19980713,7.45,7.62,7.36,7.58,7.6,-0.02,-0.26,3741.0,2778.0909
4709,000587.SZ,19980710,7.35,7.6,7.35,7.6,7.51,0.09,1.2,3290.0,2464.7835
4710,000587.SZ,19980709,7.6,7.65,7.47,7.51,7.47,0.04,0.54,1442.0,1088.8017
4711,000587.SZ,19980708,7.4,7.7,7.38,7.47,7.35,0.12,1.63,808.0,604.1692
4712,000587.SZ,19980707,7.28,7.4,7.28,7.35,7.4,-0.05,-0.68,1366.0,1002.4826
4713,000587.SZ,19980706,7.6,7.68,7.4,7.4,7.64,-0.24,-3.14,2934.0,2213.5231
4714,000587.SZ,19980703,7.38,7.81,7.38,7.64,7.38,0.26,3.52,10647.0,8151.1166
4715,000587.SZ,19980702,7.2,7.4,7.06,7.38,7.22,0.16,2.22,3334.0,2404.1144
4716,000587.SZ,19980701,7.55,7.58,7.2,7.22,7.36,-0.14,-1.9,3002.0,2200.1962
4717,000587.SZ,19980630,7.3,7.53,7.23,7.36,7.32,0.04,0.55,3917.0,2876.2375
4718,000587.SZ,19980629,7.62,7.62,7.27,7.32,7.69,-0.37,-4.81,6981.0,5176.1442
4719,000587.SZ,19980626,7.86,7.95,7.65,7.69,7.86,-0.17,-2.16,6763.0,5234.1877
4720,000587.SZ,19980625,7.95,8.05,7.85,7.86,7.94,-0.08,-1.01,6139.0,4873.9567
4721,000587.SZ,19980624,8.11,8.19,7.88,7.94,8.1,-0.16,-1.98,8269.0,6588.1736
4722,000587.SZ,19980623,8.31,8.31,8.1,8.1,8.29,-0.19,-2.29,5650.0,4607.6522
4723,000587.SZ,19980622,8.14,8.39,8.05,8.29,8.13,0.16,1.97,8177.0,6673.9125
4724,000587.SZ,19980619,8.0,8.18,8.0,8.13,7.96,0.17,2.14,3546.0,2876.6578
4725,000587.SZ,19980618,8.05,8.15,7.92,7.96,8.06,-0.1,-1.24,4129.0,3317.4347
4726,000587.SZ,19980617,8.1,8.25,8.0,8.06,8.05,0.01,0.12,5529.0,4495.646
4727,000587.SZ,19980616,7.89,8.1,7.6,8.05,7.9,0.15,1.9,13143.0,10207.8627
4728,000587.SZ,19980615,8.2,8.24,7.88,7.9,8.18,-0.28,-3.42,7309.0,5832.5704
4729,000587.SZ,19980612,8.22,8.25,8.0,8.18,7.9,0.28,3.54,9834.0,7977.8462
4730,000587.SZ,19980611,8.15,8.15,7.84,7.9,8.06,-0.16,-1.99,9160.0,7281.6815
4731,000587.SZ,19980610,8.13,8.2,7.9,8.06,8.12,-0.06,-0.74,10460.0,8382.9532
4732,000587.SZ,19980609,8.5,8.54,7.95,8.12,8.5,-0.38,-4.47,14445.0,11889.2037
4733,000587.SZ,19980608,8.54,8.96,8.45,8.5,8.59,-0.09,-1.05,16291.0,14280.1105
4734,000587.SZ,19980605,8.78,8.99,8.4,8.59,8.82,-0.23,-2.61,17339.0,15045.4414
4735,000587.SZ,19980604,8.81,9.1,8.76,8.82,8.81,0.01,0.11,20512.0,18355.1595
4736,000587.SZ,19980603,8.8,9.0,8.7,8.81,8.77,0.04,0.46,17269.0,15313.3598
4737,000587.SZ,19980602,9.1,9.1,8.68,8.77,9.11,-0.34,-3.73,24436.0,21587.3506
4738,000587.SZ,19980601,8.42,9.15,8.42,9.11,8.39,0.72,8.58,45466.0,39694.5484
4739,000587.SZ,19980529,8.31,8.5,8.18,8.39,8.28,0.11,1.33,17579.0,14643.4025
4740,000587.SZ,19980528,8.36,8.5,8.19,8.28,8.39,-0.11,-1.31,14842.0,12334.1002
4741,000587.SZ,19980527,8.53,8.6,8.0,8.39,8.53,-0.14,-1.64,15791.0,13301.5596
4742,000587.SZ,19980526,8.4,8.75,8.4,8.53,8.32,0.21,2.52,35218.0,30137.478
4743,000587.SZ,19980525,8.25,8.51,8.1,8.32,8.19,0.13,1.59,22910.0,19057.2312
4744,000587.SZ,19980522,7.88,8.28,7.81,8.19,7.86,0.33,4.2,17269.0,13936.3858
4745,000587.SZ,19980521,7.88,8.0,7.68,7.86,7.87,-0.01,-0.13,9776.0,7637.6421
4746,000587.SZ,19980520,8.03,8.05,7.81,7.87,8.02,-0.15,-1.87,6184.0,4901.5058
4747,000587.SZ,19980519,7.82,8.08,7.75,8.02,7.82,0.2,2.56,9580.0,7601.1466
4748,000587.SZ,19980518,7.9,7.91,7.75,7.82,7.91,-0.09,-1.14,7540.0,5885.0098
4749,000587.SZ,19980515,8.07,8.13,7.87,7.91,8.06,-0.15,-1.86,14253.0,11361.8661
4750,000587.SZ,19980514,8.15,8.39,8.0,8.06,8.16,-0.1,-1.23,14253.0,11663.9634
4751,000587.SZ,19980513,8.1,8.47,8.08,8.16,8.12,0.04,0.49,16456.0,13529.461
4752,000587.SZ,19980512,8.18,8.21,7.88,8.12,8.21,-0.09,-1.1,15415.0,12369.3821
4753,000587.SZ,19980511,8.28,8.85,8.15,8.21,8.22,-0.01,-0.12,21379.0,18140.6152
4754,000587.SZ,19980508,7.8,8.27,7.7,8.22,7.86,0.36,4.58,26883.0,21766.1401
4755,000587.SZ,19980507,8.2,8.44,7.8,7.86,8.2,-0.34,-4.15,29322.0,24190.4368
4756,000587.SZ,19980506,8.14,8.2,7.93,8.2,8.14,0.06,0.74,17221.0,13856.1786
4757,000587.SZ,19980505,7.79,8.2,7.75,8.14,7.79,0.35,4.49,22203.0,17856.748
4758,000587.SZ,19980504,7.8,7.85,7.57,7.79,7.7,0.09,1.17,13374.0,10270.149
4759,000587.SZ,19980430,7.7,7.97,7.6,7.7,7.76,-0.06,-0.77,10470.0,8064.3095
4760,000587.SZ,19980429,7.78,7.85,7.6,7.76,7.75,0.01,0.13,10213.0,7908.3315
4761,000587.SZ,19980428,7.6,7.89,7.55,7.75,7.54,0.21,2.79,12553.0,9656.0098
4762,000587.SZ,19980427,7.85,7.9,7.4,7.54,7.81,-0.27,-3.46,18571.0,14212.84
4763,000587.SZ,19980424,8.2,8.4,7.8,7.81,8.2,-0.39,-4.76,31702.0,25802.0565
4764,000587.SZ,19980423,8.26,8.47,8.06,8.2,8.27,-0.07,-0.85,32076.0,26568.6867
4765,000587.SZ,19980422,7.8,8.42,7.75,8.27,7.74,0.53,6.85,61772.0,50447.538
4766,000587.SZ,19980421,7.88,8.05,7.64,7.74,7.84,-0.1,-1.28,30792.0,24056.6851
4767,000587.SZ,19980420,7.45,7.97,7.41,7.84,7.45,0.39,5.23,48244.0,37525.2857
4768,000587.SZ,19980417,7.26,7.6,7.08,7.45,7.34,0.11,1.5,33401.0,24904.1026
4769,000587.SZ,19980416,7.2,7.55,7.16,7.34,7.18,0.16,2.23,32390.0,23985.4205
4770,000587.SZ,19980415,6.98,7.25,6.93,7.18,6.96,0.22,3.16,14646.0,10445.9169
4771,000587.SZ,19980414,7.0,7.15,6.9,6.96,6.92,0.04,0.58,8519.0,5981.2695
4772,000587.SZ,19980413,7.05,7.12,6.8,6.92,7.1,-0.18,-2.54,12354.0,8560.5904
4773,000587.SZ,19980410,7.25,7.34,7.03,7.1,7.21,-0.11,-1.53,10969.0,7793.8297
4774,000587.SZ,19980409,7.2,7.5,7.06,7.21,7.2,0.01,0.14,21336.0,15555.6769
4775,000587.SZ,19980408,7.26,7.3,7.02,7.2,7.14,0.06,0.84,22791.0,16345.9017
4776,000587.SZ,19980407,7.3,7.33,7.1,7.14,7.28,-0.14,-1.92,13899.0,9957.9466
4777,000587.SZ,19980406,7.45,7.49,7.2,7.28,7.4,-0.12,-1.62,19481.0,14240.4547
4778,000587.SZ,19980403,7.1,7.44,7.04,7.4,7.03,0.37,5.26,31640.0,23035.3039
4779,000587.SZ,19980402,6.99,7.14,6.82,7.03,6.91,0.12,1.74,15142.0,10612.4559
4780,000587.SZ,19980401,6.74,6.92,6.71,6.91,6.74,0.17,2.52,7113.0,4826.1615
4781,000587.SZ,19980331,6.9,6.93,6.7,6.74,6.89,-0.15,-2.18,5792.0,3929.8856
4782,000587.SZ,19980330,6.72,6.97,6.72,6.89,6.69,0.2,2.99,7424.0,5078.9385
4783,000587.SZ,19980327,6.62,6.8,6.6,6.69,6.63,0.06,0.91,7027.0,4709.7588
4784,000587.SZ,19980326,6.58,6.75,6.5,6.63,6.63,0.0,0.0,3594.0,2378.4541
4785,000587.SZ,19980325,6.74,6.8,6.6,6.63,6.74,-0.11,-1.63,3562.0,2372.0886
4786,000587.SZ,19980324,6.5,6.75,6.5,6.74,6.55,0.19,2.9,3647.0,2408.4498
4787,000587.SZ,19980323,6.8,6.8,6.51,6.55,6.76,-0.21,-3.11,7058.0,4661.9596
4788,000587.SZ,19980320,6.9,7.0,6.75,6.76,6.96,-0.2,-2.87,4690.0,3209.6824
4789,000587.SZ,19980319,6.9,7.01,6.83,6.96,6.89,0.07,1.02,6935.0,4782.1007
4790,000587.SZ,19980318,7.05,7.2,6.85,6.89,7.05,-0.16,-2.27,9565.0,6705.4639
4791,000587.SZ,19980317,7.05,7.1,6.9,7.05,7.04,0.01,0.14,12065.0,8451.3898
4792,000587.SZ,19980316,7.13,7.23,6.95,7.04,7.11,-0.07,-0.98,14509.0,10306.6276
4793,000587.SZ,19980313,7.18,7.2,6.99,7.11,7.13,-0.02,-0.28,17781.0,12652.0115
4794,000587.SZ,19980312,7.0,7.25,6.85,7.13,7.03,0.1,1.42,28030.0,19799.3368
4795,000587.SZ,19980311,6.71,7.05,6.71,7.03,6.89,0.14,2.03,29999.0,20902.2785
4796,000587.SZ,19980310,6.92,6.94,6.6,6.89,6.83,0.06,0.88,8296.0,5623.1732
4797,000587.SZ,19980309,6.76,6.95,6.71,6.83,6.74,0.09,1.34,8652.0,5944.6458
4798,000587.SZ,19980306,6.55,6.9,6.54,6.74,6.58,0.16,2.43,8963.0,6116.9021
4799,000587.SZ,19980305,6.86,6.86,6.58,6.58,6.87,-0.29,-4.22,2610.0,1742.0207
4800,000587.SZ,19980304,6.46,7.08,6.4,6.87,6.45,0.42,6.51,8800.0,5954.1925
4801,000587.SZ,19980303,6.3,6.48,6.15,6.45,6.31,0.14,2.22,2860.0,1812.0349
4802,000587.SZ,19980302,6.4,6.48,6.3,6.31,6.53,-0.22,-3.37,4158.0,2651.3412
4803,000587.SZ,19980227,6.56,6.62,6.5,6.53,6.64,-0.11,-1.66,1845.0,1207.7548
4804,000587.SZ,19980226,6.5,6.65,6.5,6.64,6.6,0.04,0.61,2108.0,1382.0195
4805,000587.SZ,19980225,6.6,6.68,6.57,6.6,6.65,-0.05,-0.75,2186.0,1450.0193
4806,000587.SZ,19980224,6.53,6.69,6.52,6.65,6.59,0.06,0.91,1934.0,1280.1168
4807,000587.SZ,19980223,6.77,6.77,6.5,6.59,6.77,-0.18,-2.66,3258.0,2147.0944
4808,000587.SZ,19980220,6.86,6.86,6.68,6.77,6.76,0.01,0.15,2697.0,1815.6009
4809,000587.SZ,19980219,6.9,6.9,6.7,6.76,6.87,-0.11,-1.6,3964.0,2683.6992
4810,000587.SZ,19980218,7.1,7.1,6.8,6.87,7.06,-0.19,-2.69,5962.0,4106.7848
4811,000587.SZ,19980217,7.05,7.1,6.96,7.06,7.05,0.01,0.14,8839.0,6195.6277
4812,000587.SZ,19980216,6.88,7.06,6.85,7.05,6.85,0.2,2.92,12868.0,8999.0
4813,000587.SZ,19980213,6.71,6.95,6.7,6.85,6.7,0.15,2.24,8773.0,5991.188
4814,000587.SZ,19980212,6.81,6.88,6.66,6.7,6.75,-0.05,-0.74,6235.0,4235.9095
4815,000587.SZ,19980211,6.59,6.8,6.59,6.75,6.59,0.16,2.43,4493.0,3019.1642
4816,000587.SZ,19980210,6.7,6.7,6.51,6.59,6.65,-0.06,-0.9,4621.0,3042.6126
4817,000587.SZ,19980209,6.74,6.8,6.55,6.65,6.49,0.16,2.47,2550.0,1691.3102
4818,000587.SZ,19980123,6.38,6.54,6.35,6.49,6.37,0.12,1.88,2132.0,1371.3466
4819,000587.SZ,19980122,6.38,6.4,6.28,6.37,6.37,0.0,0.0,2923.0,1855.1321
4820,000587.SZ,19980121,6.47,6.48,6.35,6.37,6.47,-0.1,-1.55,3047.0,1946.0258
4821,000587.SZ,19980120,6.56,6.6,6.4,6.47,6.57,-0.1,-1.52,2461.0,1605.8912
4822,000587.SZ,19980119,6.68,6.75,6.5,6.57,6.64,-0.07,-1.05,2624.0,1724.1058
4823,000587.SZ,19980116,6.89,6.95,6.6,6.64,6.9,-0.26,-3.77,5032.0,3382.4304
4824,000587.SZ,19980115,6.6,6.93,6.6,6.9,6.58,0.32,4.86,9988.0,6791.4165
4825,000587.SZ,19980114,6.38,6.7,6.3,6.58,6.27,0.31,4.94,9479.0,6180.1824
4826,000587.SZ,19980113,6.7,6.7,6.07,6.27,6.74,-0.47,-6.97,9620.0,6039.7731
4827,000587.SZ,19980112,6.9,6.91,6.7,6.74,6.88,-0.14,-2.03,6445.0,4370.1672
4828,000587.SZ,19980109,6.73,7.1,6.65,6.88,6.79,0.09,1.33,9807.0,6781.5225
4829,000587.SZ,19980108,6.9,6.9,6.7,6.79,6.89,-0.1,-1.45,6850.0,4651.9039
4830,000587.SZ,19980107,6.7,6.92,6.65,6.89,6.7,0.19,2.84,8436.0,5737.997
4831,000587.SZ,19980106,6.7,6.74,6.53,6.7,6.66,0.04,0.6,5511.0,3636.9387
4832,000587.SZ,19980105,6.65,6.8,6.5,6.66,6.63,0.03,0.45,4674.0,3092.9144
>>>>>>> 6cfe36fff0abeff3198c7f3a1ba3c93afaf81f98
