,ts_code,trade_date,open,high,low,close,pre_close,change,pct_chg,vol,amount
0,300164.SZ,20210901,4.46,4.54,4.26,4.29,4.39,-0.1,-2.2779,223687.86,97800.214
1,300164.SZ,20210831,4.5,4.5,4.24,4.39,4.54,-0.15,-3.304,263566.31,115027.38
2,300164.SZ,20210830,4.37,4.54,4.32,4.54,4.36,0.18,4.1284,263249.7,117065.354
3,300164.SZ,20210827,4.4,4.44,4.28,4.36,4.37,-0.01,-0.2288,144708.16,62621.941
4,300164.SZ,20210826,4.32,4.45,4.28,4.37,4.32,0.05,1.1574,216236.18,94411.89
5,300164.SZ,20210825,4.22,4.43,4.2,4.32,4.22,0.1,2.3697,211050.71,91214.524
6,300164.SZ,20210824,4.38,4.45,4.2,4.22,4.23,-0.01,-0.2364,202197.28,86495.474
7,300164.SZ,20210823,4.13,4.28,4.12,4.23,4.1,0.13,3.1707,183451.69,77353.054
8,300164.SZ,20210820,4.07,4.16,3.98,4.1,4.08,0.02,0.4902,97472.71,39776.036
9,300164.SZ,20210819,4.18,4.19,4.04,4.08,4.2,-0.12,-2.8571,111004.0,45431.06
10,300164.SZ,20210818,4.08,4.2,4.05,4.2,4.0,0.2,5.0,166436.67,69030.432
11,300164.SZ,20210817,4.15,4.2,3.99,4.0,4.16,-0.16,-3.8462,128684.15,52597.88
12,300164.SZ,20210816,4.16,4.25,4.15,4.16,4.14,0.02,0.4831,110439.0,46331.591
13,300164.SZ,20210813,4.19,4.24,4.12,4.14,4.18,-0.04,-0.9569,109231.8,45504.764
14,300164.SZ,20210812,4.12,4.24,4.12,4.18,4.15,0.03,0.7229,177982.0,74647.982
15,300164.SZ,20210811,4.05,4.21,4.03,4.15,4.05,0.1,2.4691,198079.94,82129.905
16,300164.SZ,20210810,3.9,4.18,3.9,4.05,3.92,0.13,3.3163,233997.99,95214.448
17,300164.SZ,20210809,3.87,3.95,3.85,3.92,3.91,0.01,0.2558,91589.99,35916.058
18,300164.SZ,20210806,3.87,3.96,3.84,3.91,3.86,0.05,1.2953,101806.0,39745.08
19,300164.SZ,20210805,3.92,3.93,3.83,3.86,3.93,-0.07,-1.7812,96459.0,37353.778
20,300164.SZ,20210804,3.86,3.95,3.86,3.93,3.91,0.02,0.5115,94375.0,37013.461
21,300164.SZ,20210803,3.88,3.94,3.83,3.91,3.89,0.02,0.5141,113452.0,44338.552
22,300164.SZ,20210802,3.84,3.89,3.76,3.89,3.83,0.06,1.5666,96335.0,36970.748
23,300164.SZ,20210730,3.79,3.89,3.76,3.83,3.79,0.04,1.0554,108374.0,41554.895
24,300164.SZ,20210729,3.71,3.82,3.7,3.79,3.7,0.09,2.4324,102756.0,38787.892
25,300164.SZ,20210728,3.83,3.86,3.65,3.7,3.85,-0.15,-3.8961,135151.0,50496.736
26,300164.SZ,20210727,3.92,3.97,3.83,3.85,3.87,-0.02,-0.5168,123379.19,48333.21
27,300164.SZ,20210726,3.96,3.98,3.85,3.87,3.98,-0.11,-2.7638,137352.0,53682.057
28,300164.SZ,20210723,4.05,4.12,3.97,3.98,4.05,-0.07,-1.7284,148245.47,59896.46
29,300164.SZ,20210722,4.12,4.18,4.04,4.05,4.03,0.02,0.4963,170886.0,69920.522
30,300164.SZ,20210721,3.98,4.04,3.93,4.03,4.0,0.03,0.75,181881.19,72446.555
31,300164.SZ,20210720,3.93,4.0,3.87,4.0,3.98,0.02,0.5025,127431.47,49953.365
32,300164.SZ,20210719,4.1,4.11,3.92,3.98,4.13,-0.15,-3.632,217351.0,86625.951
33,300164.SZ,20210716,4.1,4.16,4.09,4.13,4.13,0.0,0.0,117932.99,48693.221
34,300164.SZ,20210715,4.2,4.23,4.12,4.13,4.35,-0.22,-5.0575,226187.16,94048.626
35,300164.SZ,20210714,4.45,4.52,4.32,4.35,4.45,-0.1,-2.2472,218536.0,96369.906
36,300164.SZ,20210713,4.29,4.45,4.22,4.45,4.33,0.12,2.7714,300363.92,130717.933
37,300164.SZ,20210712,4.32,4.37,4.26,4.33,4.3,0.03,0.6977,208401.89,89606.856
38,300164.SZ,20210709,4.23,4.31,4.16,4.3,4.21,0.09,2.1378,187046.0,79321.619
39,300164.SZ,20210708,4.23,4.31,4.16,4.21,4.32,-0.11,-2.5463,234897.8,98823.186
40,300164.SZ,20210707,4.31,4.39,4.23,4.32,4.45,-0.13,-2.9213,315282.53,135223.74
41,300164.SZ,20210706,4.46,4.61,4.33,4.45,4.38,0.07,1.5982,453179.81,202437.857
42,300164.SZ,20210705,4.08,4.38,4.08,4.38,4.38,0.0,0.0,429540.75,180503.473
43,300164.SZ,20210702,4.31,4.79,4.31,4.38,4.09,0.29,7.0905,575657.28,259979.719
44,300164.SZ,20210701,4.24,4.26,4.06,4.09,4.26,-0.17,-3.9906,185090.0,76664.702
45,300164.SZ,20210630,4.35,4.37,4.14,4.26,4.3,-0.04,-0.9302,220751.0,93096.396
46,300164.SZ,20210629,4.26,4.36,4.22,4.3,4.36,-0.06,-1.3761,228058.0,97734.415
47,300164.SZ,20210628,4.5,4.59,4.31,4.36,4.41,-0.05,-1.1338,261852.62,115467.738
48,300164.SZ,20210625,4.64,4.71,4.41,4.41,4.54,-0.13,-2.8634,332104.2,150578.405
49,300164.SZ,20210624,4.7,4.75,4.5,4.54,4.68,-0.14,-2.9915,367154.0,168838.313
50,300164.SZ,20210623,4.76,4.84,4.54,4.68,4.77,-0.09,-1.8868,549006.26,256326.04
51,300164.SZ,20210622,4.51,5.14,4.44,4.77,4.28,0.49,11.4486,852079.53,412013.812
52,300164.SZ,20210621,4.27,4.38,4.22,4.28,4.22,0.06,1.4218,199642.0,85814.099
53,300164.SZ,20210618,4.25,4.32,4.18,4.22,4.31,-0.09,-2.0882,253369.4,106955.672
54,300164.SZ,20210617,4.29,4.45,4.27,4.31,4.49,-0.18,-4.0089,405731.98,175770.857
55,300164.SZ,20210616,4.59,4.75,4.32,4.49,4.4,0.09,2.0455,584382.82,266004.281
56,300164.SZ,20210615,4.3,4.58,4.28,4.4,4.36,0.04,0.9174,517909.5,228064.705
57,300164.SZ,20210611,4.03,4.64,3.95,4.36,3.99,0.37,9.2732,624390.69,270188.561
58,300164.SZ,20210610,3.97,4.11,3.95,3.99,4.02,-0.03,-0.7463,205050.51,82202.797
59,300164.SZ,20210609,3.89,4.17,3.87,4.02,3.84,0.18,4.6875,254485.73,102265.237
60,300164.SZ,20210608,3.81,3.84,3.78,3.84,3.87,-0.03,-0.7752,105613.0,40251.042
61,300164.SZ,20210607,3.94,4.02,3.84,3.87,3.91,-0.04,-1.023,127009.07,49644.946
62,300164.SZ,20210604,3.9,4.08,3.89,3.91,4.0,-0.09,-2.25,158405.0,62278.167
63,300164.SZ,20210603,4.09,4.3,3.99,4.0,4.08,-0.08,-1.9608,284387.0,117128.617
64,300164.SZ,20210602,3.97,4.16,3.95,4.08,3.96,0.12,3.0303,344996.05,140096.935
65,300164.SZ,20210601,3.83,4.03,3.81,3.96,3.83,0.13,3.3943,179272.0,70312.047
66,300164.SZ,20210531,3.82,3.83,3.77,3.83,3.84,-0.01,-0.2604,72803.0,27662.711
67,300164.SZ,20210528,3.86,3.89,3.77,3.84,3.78,0.06,1.5873,101048.0,38544.351
68,300164.SZ,20210527,3.79,3.84,3.76,3.78,3.82,-0.04,-1.0471,79861.0,30286.927
69,300164.SZ,20210526,3.78,3.92,3.71,3.82,3.83,-0.01,-0.2611,103421.0,39502.04
70,300164.SZ,20210525,3.85,3.94,3.77,3.83,3.77,0.06,1.5915,127579.0,49031.269
71,300164.SZ,20210524,3.86,3.92,3.77,3.77,3.86,-0.09,-2.3316,139503.31,53316.908
72,300164.SZ,20210521,3.69,3.94,3.65,3.86,3.75,0.11,2.9333,196097.31,75048.671
73,300164.SZ,20210520,3.8,3.82,3.71,3.75,3.89,-0.14,-3.599,138538.0,51928.666
74,300164.SZ,20210519,3.9,3.94,3.84,3.89,4.03,-0.14,-3.4739,219928.18,85195.237
75,300164.SZ,20210518,3.75,4.09,3.73,4.03,3.71,0.32,8.6253,362221.91,142968.381
76,300164.SZ,20210517,3.78,3.83,3.69,3.71,3.76,-0.05,-1.3298,93783.32,35133.962
77,300164.SZ,20210514,3.76,3.83,3.72,3.76,3.82,-0.06,-1.5707,156498.19,58857.575
78,300164.SZ,20210513,3.83,3.99,3.78,3.82,3.86,-0.04,-1.0363,193220.83,74921.498
79,300164.SZ,20210512,3.67,3.91,3.67,3.86,3.7,0.16,4.3243,232012.8,89115.454
80,300164.SZ,20210511,3.74,3.8,3.64,3.7,3.83,-0.13,-3.3943,165184.0,61210.961
81,300164.SZ,20210510,3.62,3.9,3.59,3.83,3.6,0.23,6.3889,259196.07,97144.575
82,300164.SZ,20210507,3.52,3.63,3.5,3.6,3.56,0.04,1.1236,123343.89,44129.889
83,300164.SZ,20210506,3.46,3.58,3.46,3.56,3.42,0.14,4.0936,133900.05,47344.074
84,300164.SZ,20210430,3.52,3.52,3.4,3.42,3.47,-0.05,-1.4409,54739.0,18851.303
85,300164.SZ,20210429,3.48,3.54,3.44,3.47,3.44,0.03,0.8721,73970.91,25835.913
86,300164.SZ,20210428,3.44,3.46,3.4,3.44,3.45,-0.01,-0.2899,39024.8,13384.752
87,300164.SZ,20210427,3.4,3.46,3.36,3.45,3.4,0.05,1.4706,57803.98,19719.744
88,300164.SZ,20210426,3.39,3.5,3.38,3.4,3.35,0.05,1.4925,80904.98,27823.206
89,300164.SZ,20210423,3.43,3.43,3.33,3.35,3.42,-0.07,-2.0468,62464.05,21040.19
90,300164.SZ,20210422,3.43,3.49,3.42,3.42,3.45,-0.03,-0.8696,46169.09,15931.2
91,300164.SZ,20210421,3.5,3.53,3.44,3.45,3.54,-0.09,-2.5424,69821.0,24185.194
92,300164.SZ,20210420,3.56,3.6,3.53,3.54,3.57,-0.03,-0.8403,66698.0,23802.656
93,300164.SZ,20210419,3.6,3.62,3.56,3.57,3.61,-0.04,-1.108,88460.41,31709.755
94,300164.SZ,20210416,3.54,3.64,3.48,3.61,3.56,0.05,1.4045,141139.41,50544.512
95,300164.SZ,20210415,3.54,3.71,3.54,3.56,3.49,0.07,2.0057,165395.41,59649.161
96,300164.SZ,20210414,3.44,3.49,3.4,3.49,3.43,0.06,1.7493,57379.0,19794.79
97,300164.SZ,20210413,3.45,3.45,3.37,3.43,3.42,0.01,0.2924,56214.0,19131.355
98,300164.SZ,20210412,3.48,3.49,3.41,3.42,3.46,-0.04,-1.1561,50843.68,17502.346
99,300164.SZ,20210409,3.42,3.48,3.4,3.46,3.43,0.03,0.8746,50081.0,17232.522
100,300164.SZ,20210408,3.53,3.54,3.42,3.43,3.53,-0.1,-2.8329,86473.0,29976.018
101,300164.SZ,20210407,3.5,3.55,3.48,3.53,3.51,0.02,0.5698,72981.0,25700.962
102,300164.SZ,20210406,3.45,3.52,3.42,3.51,3.47,0.04,1.1527,63377.01,22115.22
103,300164.SZ,20210402,3.52,3.52,3.44,3.47,3.48,-0.01,-0.2874,75445.6,26202.219
104,300164.SZ,20210401,3.52,3.55,3.44,3.48,3.57,-0.09,-2.521,101422.0,35210.488
105,300164.SZ,20210331,3.65,3.67,3.53,3.57,3.7,-0.13,-3.5135,155728.09,55981.748
106,300164.SZ,20210330,3.62,3.82,3.6,3.7,3.67,0.03,0.8174,222316.09,82492.996
107,300164.SZ,20210329,3.55,3.74,3.52,3.67,3.53,0.14,3.966,187176.09,67641.164
108,300164.SZ,20210326,3.41,3.54,3.4,3.53,3.47,0.06,1.7291,98056.0,34087.836
109,300164.SZ,20210325,3.58,3.65,3.47,3.47,3.47,0.0,0.0,111248.16,39349.38
110,300164.SZ,20210324,3.44,3.53,3.42,3.47,3.49,-0.02,-0.5731,84911.16,29565.566
111,300164.SZ,20210323,3.65,3.66,3.45,3.49,3.64,-0.15,-4.1209,132756.0,46835.466
112,300164.SZ,20210322,3.6,3.67,3.59,3.64,3.62,0.02,0.5525,93701.0,34028.305
113,300164.SZ,20210319,3.56,3.71,3.51,3.62,3.74,-0.12,-3.2086,163431.55,59139.132
114,300164.SZ,20210318,3.82,3.83,3.72,3.74,3.87,-0.13,-3.3592,147516.2,55430.276
115,300164.SZ,20210317,3.86,3.91,3.74,3.87,3.87,0.0,0.0,171926.0,65615.973
116,300164.SZ,20210316,3.85,3.9,3.8,3.87,3.89,-0.02,-0.5141,147072.07,56464.448
117,300164.SZ,20210315,3.83,3.98,3.77,3.89,3.87,0.02,0.5168,177580.0,69235.477
118,300164.SZ,20210312,3.85,3.96,3.79,3.87,3.85,0.02,0.5195,213464.05,82540.748
119,300164.SZ,20210311,3.7,3.87,3.7,3.85,3.75,0.1,2.6667,197382.93,75005.746
120,300164.SZ,20210310,3.86,3.9,3.72,3.75,3.96,-0.21,-5.303,234102.34,88883.516
121,300164.SZ,20210309,4.0,4.08,3.71,3.96,4.2,-0.24,-5.7143,407192.54,159633.274
122,300164.SZ,20210308,4.3,4.43,4.16,4.2,4.02,0.18,4.4776,531013.03,226501.293
123,300164.SZ,20210305,4.18,4.47,4.0,4.02,3.99,0.03,0.7519,557891.19,233732.534
124,300164.SZ,20210304,3.68,4.2,3.68,3.99,3.62,0.37,10.221,564514.53,226155.42
125,300164.SZ,20210303,3.56,3.63,3.54,3.62,3.56,0.06,1.6854,99845.0,35801.421
126,300164.SZ,20210302,3.64,3.66,3.51,3.56,3.68,-0.12,-3.2609,141962.0,50586.344
127,300164.SZ,20210301,3.67,3.74,3.63,3.68,3.64,0.04,1.0989,128691.8,47313.261
128,300164.SZ,20210226,3.6,3.77,3.6,3.64,3.68,-0.04,-1.087,159622.6,58798.933
129,300164.SZ,20210225,4.01,4.08,3.68,3.68,3.88,-0.2,-5.1546,219795.31,84483.482
130,300164.SZ,20210224,3.76,3.92,3.69,3.88,3.93,-0.05,-1.2723,291616.96,110991.838
131,300164.SZ,20210223,3.82,4.2,3.82,3.93,3.68,0.25,6.7935,410233.0,164530.626
132,300164.SZ,20210222,3.55,3.82,3.53,3.68,3.54,0.14,3.9548,260436.91,96577.069
133,300164.SZ,20210219,3.44,3.54,3.38,3.54,3.42,0.12,3.5088,206959.03,72147.816
134,300164.SZ,20210218,3.6,3.69,3.42,3.42,3.2,0.22,6.875,232392.4,81506.221
135,300164.SZ,20210210,3.3,3.33,3.18,3.2,3.31,-0.11,-3.3233,111990.31,36395.103
136,300164.SZ,20210209,3.28,3.46,3.24,3.31,3.24,0.07,2.1605,156008.0,52127.356
137,300164.SZ,20210208,3.18,3.28,3.13,3.24,3.17,0.07,2.2082,93558.6,29998.861
138,300164.SZ,20210205,3.15,3.34,3.13,3.17,3.18,-0.01,-0.3145,116405.31,37727.506
139,300164.SZ,20210204,3.21,3.26,3.06,3.18,3.26,-0.08,-2.454,108969.0,34201.808
140,300164.SZ,20210203,3.24,3.36,3.18,3.26,3.18,0.08,2.5157,138569.32,45214.352
141,300164.SZ,20210202,3.15,3.38,3.14,3.18,3.12,0.06,1.9231,123792.31,40042.441
142,300164.SZ,20210201,3.19,3.21,3.1,3.12,3.16,-0.04,-1.2658,61990.8,19508.453
143,300164.SZ,20210129,3.27,3.37,3.12,3.16,3.27,-0.11,-3.3639,75714.4,24162.403
144,300164.SZ,20210128,3.21,3.36,3.15,3.27,3.22,0.05,1.5528,107367.67,35176.075
145,300164.SZ,20210127,3.14,3.25,3.09,3.22,3.19,0.03,0.9404,89701.27,28544.673
146,300164.SZ,20210126,3.0,3.25,2.98,3.19,3.38,-0.19,-5.6213,180826.22,57026.009
147,300164.SZ,20210125,3.49,3.51,3.35,3.38,3.52,-0.14,-3.9773,93104.32,31716.626
148,300164.SZ,20210122,3.7,3.7,3.49,3.52,3.69,-0.17,-4.607,111473.7,39633.835
149,300164.SZ,20210121,3.68,3.74,3.63,3.69,3.71,-0.02,-0.5391,108249.0,39895.104
150,300164.SZ,20210120,3.76,3.87,3.68,3.71,3.7,0.01,0.2703,101051.06,37819.71
151,300164.SZ,20210119,3.62,3.75,3.61,3.7,3.67,0.03,0.8174,105290.89,38890.335
152,300164.SZ,20210118,3.52,3.67,3.49,3.67,3.57,0.1,2.8011,112964.99,40817.411
153,300164.SZ,20210115,3.51,3.61,3.51,3.57,3.54,0.03,0.8475,89223.0,31854.953
154,300164.SZ,20210114,3.56,3.57,3.36,3.54,3.71,-0.17,-4.5822,135512.99,47329.544
155,300164.SZ,20210113,3.7,3.84,3.65,3.71,3.66,0.05,1.3661,117198.88,43645.477
156,300164.SZ,20210112,3.66,3.72,3.57,3.66,3.69,-0.03,-0.813,109818.16,39879.955
157,300164.SZ,20210111,3.9,3.95,3.66,3.69,3.86,-0.17,-4.4041,152423.08,57666.136
158,300164.SZ,20210108,3.9,3.91,3.8,3.86,3.98,-0.12,-3.0151,177357.14,68303.483
159,300164.SZ,20210107,3.92,4.12,3.8,3.98,4.13,-0.15,-3.632,320269.19,125789.723
160,300164.SZ,20210106,3.89,4.33,3.89,4.13,3.78,0.35,9.2593,464298.43,192882.861
161,300164.SZ,20210105,3.88,3.9,3.76,3.78,3.94,-0.16,-4.0609,146332.19,55878.23
162,300164.SZ,20210104,3.85,3.98,3.85,3.94,3.87,0.07,1.8088,128710.0,50485.197
163,300164.SZ,20201231,3.85,3.92,3.84,3.87,3.84,0.03,0.7813,71295.8,27602.488
164,300164.SZ,20201230,3.83,3.88,3.81,3.84,3.84,0.0,0.0,71672.95,27525.06
165,300164.SZ,20201229,3.83,3.93,3.82,3.84,3.85,-0.01,-0.2597,113294.0,43881.403
166,300164.SZ,20201228,3.99,3.99,3.83,3.85,4.0,-0.15,-3.75,123793.0,48173.342
167,300164.SZ,20201225,3.97,4.06,3.93,4.0,4.01,-0.01,-0.2494,113491.35,45577.746
168,300164.SZ,20201224,4.07,4.11,3.96,4.01,4.02,-0.01,-0.2488,115210.0,46305.263
169,300164.SZ,20201223,4.04,4.11,3.97,4.02,4.03,-0.01,-0.2481,116638.0,47179.529
170,300164.SZ,20201222,4.25,4.26,4.02,4.03,4.28,-0.25,-5.8411,215210.41,88768.33
171,300164.SZ,20201221,4.28,4.38,4.25,4.28,4.33,-0.05,-1.1547,119828.55,51630.187
172,300164.SZ,20201218,4.43,4.46,4.32,4.33,4.46,-0.13,-2.9148,122051.0,53476.624
173,300164.SZ,20201217,4.27,4.46,4.23,4.46,4.28,0.18,4.2056,161575.76,70494.913
174,300164.SZ,20201216,4.36,4.39,4.24,4.28,4.35,-0.07,-1.6092,117771.41,50728.65
175,300164.SZ,20201215,4.35,4.4,4.3,4.35,4.48,-0.13,-2.9018,96215.0,41888.263
176,300164.SZ,20201214,4.4,4.49,4.28,4.48,4.52,-0.04,-0.885,157040.0,68689.309
177,300164.SZ,20201211,4.63,4.74,4.45,4.52,4.43,0.09,2.0316,230016.0,104778.52
178,300164.SZ,20201210,4.39,4.51,4.38,4.43,4.44,-0.01,-0.2252,122084.05,54186.048
179,300164.SZ,20201209,4.49,4.54,4.38,4.44,4.5,-0.06,-1.3333,177173.11,79057.261
180,300164.SZ,20201208,4.57,4.64,4.49,4.5,4.61,-0.11,-2.3861,193447.0,87957.902
181,300164.SZ,20201207,4.72,4.76,4.58,4.61,4.76,-0.15,-3.1513,223878.09,104023.365
182,300164.SZ,20201204,4.7,4.88,4.61,4.76,4.77,-0.01,-0.2096,324496.81,153695.195
183,300164.SZ,20201203,4.63,4.84,4.61,4.77,4.57,0.2,4.3764,375077.88,177516.134
184,300164.SZ,20201202,4.62,4.65,4.53,4.57,4.65,-0.08,-1.7204,192169.0,87920.852
185,300164.SZ,20201201,4.6,4.69,4.55,4.65,4.64,0.01,0.2155,209976.0,97155.434
186,300164.SZ,20201130,4.77,4.82,4.63,4.64,4.74,-0.1,-2.1097,271948.35,128845.342
187,300164.SZ,20201127,4.88,5.03,4.69,4.74,4.96,-0.22,-4.4355,367549.64,177237.202
188,300164.SZ,20201126,5.09,5.23,4.92,4.96,5.31,-0.35,-6.5913,553967.83,280613.01
189,300164.SZ,20201125,5.8,6.07,5.26,5.31,5.54,-0.23,-4.1516,896862.51,510091.244
190,300164.SZ,20201124,5.33,5.76,5.12,5.54,5.24,0.3,5.7252,635309.61,341369.614
191,300164.SZ,20201123,5.07,5.39,5.04,5.24,5.11,0.13,2.544,455575.94,238158.019
192,300164.SZ,20201120,5.07,5.25,5.0,5.11,5.01,0.1,1.996,377314.66,193537.68
193,300164.SZ,20201119,5.08,5.29,4.92,5.01,5.19,-0.18,-3.4682,365097.5,185225.606
194,300164.SZ,20201118,5.07,5.3,4.99,5.19,5.09,0.1,1.9646,574662.94,296566.409
195,300164.SZ,20201117,5.1,5.4,4.91,5.09,5.14,-0.05,-0.9728,591279.91,301240.683
196,300164.SZ,20201116,4.73,5.24,4.56,5.14,4.69,0.45,9.5949,653537.44,322867.748
197,300164.SZ,20201113,4.9,4.99,4.66,4.69,5.03,-0.34,-6.7594,523973.25,249908.064
198,300164.SZ,20201112,4.77,5.25,4.65,5.03,4.8,0.23,4.7917,787356.64,390623.758
199,300164.SZ,20201111,5.2,5.2,4.63,4.8,5.23,-0.43,-8.2218,887281.22,430548.812
200,300164.SZ,20201110,4.61,5.23,4.61,5.23,4.36,0.87,19.9541,446619.75,225115.235
201,300164.SZ,20201109,4.29,4.4,4.27,4.36,4.26,0.1,2.3474,103805.0,45318.92
202,300164.SZ,20201106,4.44,4.46,4.22,4.26,4.46,-0.2,-4.4843,98273.0,42418.623
203,300164.SZ,20201105,4.43,4.5,4.4,4.46,4.53,-0.07,-1.5453,137687.81,61249.1
204,300164.SZ,20201104,4.41,4.58,4.29,4.53,4.45,0.08,1.7978,169724.32,75613.421
205,300164.SZ,20201103,4.34,4.46,4.31,4.45,4.3,0.15,3.4884,96650.81,42561.151
206,300164.SZ,20201102,4.23,4.39,4.15,4.3,4.25,0.05,1.1765,127953.49,54920.053
207,300164.SZ,20201030,4.62,4.66,4.22,4.25,4.67,-0.42,-8.9936,197904.81,87562.106
208,300164.SZ,20201029,4.59,4.76,4.54,4.67,4.68,-0.01,-0.2137,132996.16,61870.611
209,300164.SZ,20201028,4.8,4.86,4.54,4.68,4.83,-0.15,-3.1056,147614.0,68805.81
210,300164.SZ,20201027,4.73,4.93,4.73,4.83,4.78,0.05,1.046,142926.0,68899.897
211,300164.SZ,20201026,4.72,4.87,4.7,4.78,4.78,0.0,0.0,118705.16,56702.05
212,300164.SZ,20201023,4.84,5.05,4.74,4.78,4.83,-0.05,-1.0352,206319.0,100672.449
213,300164.SZ,20201022,4.75,4.9,4.66,4.83,4.78,0.05,1.046,108994.43,52256.136
214,300164.SZ,20201021,4.85,4.91,4.74,4.78,4.88,-0.1,-2.0492,90612.0,43490.583
215,300164.SZ,20201020,4.74,4.91,4.7,4.88,4.8,0.08,1.6667,132153.84,63786.974
216,300164.SZ,20201019,4.84,4.9,4.73,4.8,4.86,-0.06,-1.2346,117387.43,56489.292
217,300164.SZ,20201016,4.76,4.95,4.7,4.86,4.76,0.1,2.1008,133871.0,64924.847
218,300164.SZ,20201015,4.72,4.82,4.67,4.76,4.72,0.04,0.8475,71661.8,33982.958
219,300164.SZ,20201014,4.82,4.83,4.7,4.72,4.86,-0.14,-2.8807,88821.23,42233.375
220,300164.SZ,20201013,4.79,4.88,4.71,4.86,4.77,0.09,1.8868,135070.25,65088.094
221,300164.SZ,20201012,4.64,4.82,4.64,4.77,4.66,0.11,2.3605,108811.02,51570.345
222,300164.SZ,20201009,4.66,4.73,4.61,4.66,4.57,0.09,1.9694,83201.75,38893.311
223,300164.SZ,20200930,4.54,4.62,4.49,4.57,4.54,0.03,0.6608,68161.0,30992.972
224,300164.SZ,20200929,4.4,4.56,4.35,4.54,4.41,0.13,2.9478,86335.0,38729.778
225,300164.SZ,20200928,4.44,4.48,4.3,4.41,4.45,-0.04,-0.8989,97388.57,42839.478
226,300164.SZ,20200925,4.52,4.56,4.38,4.45,4.5,-0.05,-1.1111,82584.0,36961.955
227,300164.SZ,20200924,4.66,4.69,4.48,4.5,4.72,-0.22,-4.661,118667.0,54174.376
228,300164.SZ,20200923,4.61,4.77,4.55,4.72,4.58,0.14,3.0568,166476.0,78032.226
229,300164.SZ,20200922,4.6,4.71,4.55,4.58,4.67,-0.09,-1.9272,131457.0,60742.286
230,300164.SZ,20200921,4.74,4.8,4.67,4.67,4.76,-0.09,-1.8908,140380.48,66361.704
231,300164.SZ,20200918,4.76,4.85,4.64,4.76,4.77,-0.01,-0.2096,208799.48,98992.259
232,300164.SZ,20200917,4.8,4.95,4.71,4.77,4.75,0.02,0.4211,221862.0,106757.75
233,300164.SZ,20200916,4.84,4.92,4.69,4.75,4.85,-0.1,-2.0619,154258.94,73817.456
234,300164.SZ,20200915,4.9,5.02,4.73,4.85,4.92,-0.07,-1.4228,189831.11,91972.659
235,300164.SZ,20200914,4.59,4.98,4.59,4.92,4.62,0.3,6.4935,250738.93,120961.927
236,300164.SZ,20200911,4.45,4.69,4.44,4.62,4.47,0.15,3.3557,218600.24,100665.371
237,300164.SZ,20200910,5.0,5.08,4.4,4.47,5.1,-0.63,-12.3529,368125.46,173371.357
238,300164.SZ,20200909,5.61,5.81,5.0,5.1,5.83,-0.73,-12.5214,536073.04,295614.851
239,300164.SZ,20200908,5.37,5.93,5.25,5.83,5.5,0.33,6.0,501453.56,280371.732
240,300164.SZ,20200907,5.29,5.8,5.19,5.5,5.37,0.13,2.4209,509778.06,278870.44
241,300164.SZ,20200904,4.9,5.5,4.83,5.37,5.04,0.33,6.5476,493824.57,255600.476
242,300164.SZ,20200903,5.0,5.27,4.95,5.04,5.02,0.02,0.3984,394077.61,199780.661
243,300164.SZ,20200902,4.79,5.24,4.75,5.02,4.79,0.23,4.8017,454354.86,226455.819
244,300164.SZ,20200901,4.59,4.87,4.5,4.79,4.58,0.21,4.5852,276608.8,129334.547
245,300164.SZ,20200831,4.67,4.71,4.53,4.58,4.71,-0.13,-2.7601,222854.8,102220.346
246,300164.SZ,20200828,4.74,4.82,4.58,4.71,4.86,-0.15,-3.0864,266835.88,125140.418
247,300164.SZ,20200827,4.56,4.94,4.5,4.86,4.61,0.25,5.423,346098.45,164974.513
248,300164.SZ,20200826,4.6,4.77,4.5,4.61,4.57,0.04,0.8753,281754.13,130744.319
249,300164.SZ,20200825,4.39,4.64,4.37,4.57,4.4,0.17,3.8636,259227.11,117693.695
250,300164.SZ,20200824,4.35,4.42,4.23,4.4,4.35,0.05,1.1494,109012.0,47468.466
251,300164.SZ,20200821,4.37,4.39,4.31,4.35,4.32,0.03,0.6944,56538.11,24571.568
252,300164.SZ,20200820,4.34,4.4,4.29,4.32,4.34,-0.02,-0.4608,94000.9,40783.326
253,300164.SZ,20200819,4.4,4.44,4.33,4.34,4.42,-0.08,-1.81,115882.8,50657.633
254,300164.SZ,20200818,4.45,4.46,4.38,4.42,4.44,-0.02,-0.4505,91095.9,40251.559
255,300164.SZ,20200817,4.38,4.48,4.35,4.44,4.4,0.04,0.9091,118165.56,52459.412
256,300164.SZ,20200814,4.37,4.4,4.3,4.4,4.41,-0.01,-0.2268,94159.0,41001.49
257,300164.SZ,20200813,4.29,4.44,4.28,4.41,4.3,0.11,2.5581,145792.41,63729.407
258,300164.SZ,20200812,4.21,4.3,4.16,4.3,4.21,0.09,2.1378,77595.0,32800.468
259,300164.SZ,20200811,4.3,4.36,4.19,4.21,4.31,-0.1,-2.3202,86881.29,37169.002
260,300164.SZ,20200810,4.18,4.34,4.17,4.31,4.19,0.12,2.864,97393.01,41601.92
261,300164.SZ,20200807,4.29,4.29,4.16,4.19,4.3,-0.11,-2.5581,77933.0,32784.258
262,300164.SZ,20200806,4.34,4.37,4.22,4.3,4.35,-0.05,-1.1494,116165.88,49796.558
263,300164.SZ,20200805,4.27,4.37,4.2,4.35,4.28,0.07,1.6355,145038.61,62531.647
264,300164.SZ,20200804,4.25,4.28,4.18,4.28,4.25,0.03,0.7059,102063.0,43250.262
265,300164.SZ,20200803,4.18,4.25,4.15,4.25,4.16,0.09,2.1635,105703.92,44613.459
266,300164.SZ,20200731,4.11,4.17,4.09,4.16,4.14,0.02,0.4831,64144.45,26504.74
267,300164.SZ,20200730,4.15,4.21,4.13,4.14,4.17,-0.03,-0.7194,63469.0,26438.347
268,300164.SZ,20200729,4.11,4.18,4.05,4.17,4.13,0.04,0.9685,55788.85,22991.183
269,300164.SZ,20200728,4.09,4.18,4.08,4.13,4.07,0.06,1.4742,58798.23,24241.903
270,300164.SZ,20200727,4.12,4.16,4.03,4.07,4.12,-0.05,-1.2136,63038.0,25653.778
271,300164.SZ,20200724,4.2,4.27,4.1,4.12,4.23,-0.11,-2.6005,109567.93,45880.782
272,300164.SZ,20200723,4.27,4.28,4.15,4.23,4.32,-0.09,-2.0833,108691.06,45715.659
273,300164.SZ,20200722,4.25,4.38,4.22,4.32,4.22,0.1,2.3697,163060.77,70477.779
274,300164.SZ,20200721,4.27,4.3,4.2,4.22,4.28,-0.06,-1.4019,83835.03,35577.97
275,300164.SZ,20200720,4.15,4.28,4.13,4.28,4.15,0.13,3.1325,121774.34,51237.097
276,300164.SZ,20200717,4.24,4.49,4.15,4.15,4.27,-0.12,-2.8103,177253.24,76412.293
277,300164.SZ,20200716,4.26,4.34,4.15,4.27,4.24,0.03,0.7075,104768.8,44433.655
278,300164.SZ,20200715,4.41,4.42,4.23,4.24,4.38,-0.14,-3.1963,115550.0,49739.695
279,300164.SZ,20200714,4.31,4.4,4.25,4.38,4.31,0.07,1.6241,144843.12,62610.601
280,300164.SZ,20200713,4.2,4.33,4.2,4.31,4.18,0.13,3.11,110984.03,47471.034
281,300164.SZ,20200710,4.26,4.32,4.16,4.18,4.3,-0.12,-2.7907,134277.56,56995.111
282,300164.SZ,20200709,4.21,4.34,4.18,4.3,4.19,0.11,2.6253,143316.15,61104.986
283,300164.SZ,20200708,4.13,4.2,4.12,4.19,4.15,0.04,0.9639,112519.6,46890.152
284,300164.SZ,20200707,4.22,4.23,4.12,4.15,4.18,-0.03,-0.7177,131505.15,54823.946
285,300164.SZ,20200706,4.05,4.19,4.04,4.18,4.01,0.17,4.2394,130634.83,53775.972
286,300164.SZ,20200703,3.97,4.06,3.96,4.01,3.97,0.04,1.0076,81000.78,32571.168
287,300164.SZ,20200702,3.89,3.98,3.88,3.97,3.89,0.08,2.0566,41624.88,16405.194
288,300164.SZ,20200701,3.85,3.91,3.85,3.89,3.87,0.02,0.5168,34259.0,13309.892
289,300164.SZ,20200630,3.86,3.9,3.85,3.87,3.83,0.04,1.0444,26243.05,10156.67
290,300164.SZ,20200629,3.86,3.86,3.82,3.83,3.89,-0.06,-1.5424,24589.0,9438.094
291,300164.SZ,20200624,3.94,3.94,3.88,3.89,3.94,-0.05,-1.269,49810.0,19430.979
292,300164.SZ,20200623,4.0,4.01,3.93,3.94,3.99,-0.05,-1.2531,32722.0,12948.028
293,300164.SZ,20200622,4.01,4.03,3.99,3.99,4.0,-0.01,-0.25,33910.0,13578.711
294,300164.SZ,20200619,4.0,4.02,3.98,4.0,3.98,0.02,0.5025,40657.21,16244.504
295,300164.SZ,20200618,4.03,4.07,4.01,4.06,4.04,0.02,0.495,44822.0,18116.938
296,300164.SZ,20200617,4.07,4.07,4.01,4.04,4.06,-0.02,-0.4926,26931.75,10851.092
297,300164.SZ,20200616,4.02,4.07,4.0,4.06,3.99,0.07,1.7544,31781.0,12825.492
298,300164.SZ,20200615,4.03,4.07,3.99,3.99,4.02,-0.03,-0.7463,28460.0,11460.548
299,300164.SZ,20200612,4.0,4.05,3.97,4.02,4.06,-0.04,-0.9852,35897.0,14384.358
300,300164.SZ,20200611,4.07,4.12,4.05,4.06,4.08,-0.02,-0.4902,34160.8,13933.357
301,300164.SZ,20200610,4.13,4.14,4.06,4.08,4.16,-0.08,-1.9231,42229.0,17252.963
302,300164.SZ,20200609,4.18,4.22,4.12,4.16,4.19,-0.03,-0.716,42269.0,17546.818
303,300164.SZ,20200608,4.24,4.25,4.17,4.19,4.14,0.05,1.2077,58697.33,24712.483
304,300164.SZ,20200605,4.16,4.16,4.12,4.14,4.15,-0.01,-0.241,32005.0,13250.869
305,300164.SZ,20200604,4.13,4.18,4.12,4.15,4.13,0.02,0.4843,40170.99,16664.188
306,300164.SZ,20200603,4.21,4.23,4.12,4.13,4.17,-0.04,-0.9592,50188.01,20888.783
307,300164.SZ,20200602,4.08,4.17,4.05,4.17,4.08,0.09,2.2059,72178.04,29739.777
308,300164.SZ,20200601,4.01,4.1,4.01,4.08,4.01,0.07,1.7456,48461.0,19719.74
309,300164.SZ,20200529,3.96,4.04,3.94,4.01,3.98,0.03,0.7538,22778.0,9117.52
310,300164.SZ,20200528,4.0,4.03,3.9,3.98,4.0,-0.02,-0.5,33233.24,13188.47
311,300164.SZ,20200527,4.0,4.04,3.99,4.0,4.0,0.0,0.0,29157.0,11682.94
312,300164.SZ,20200526,3.94,4.06,3.93,4.0,3.93,0.07,1.7812,50653.0,20297.119
313,300164.SZ,20200525,3.91,3.94,3.88,3.93,3.93,0.0,0.0,19192.0,7511.227
314,300164.SZ,20200522,4.0,4.01,3.9,3.93,4.0,-0.07,-1.75,39292.0,15487.144
315,300164.SZ,20200521,4.03,4.04,4.0,4.0,4.01,-0.01,-0.2494,22659.0,9104.562
316,300164.SZ,20200520,4.06,4.07,4.0,4.01,4.1,-0.09,-2.1951,34912.72,14045.566
317,300164.SZ,20200519,4.1,4.13,4.06,4.1,4.05,0.05,1.2346,36946.64,15126.032
318,300164.SZ,20200518,4.04,4.13,4.02,4.05,3.99,0.06,1.5038,40947.4,16646.817
319,300164.SZ,20200515,4.02,4.04,3.98,3.99,4.0,-0.01,-0.25,28830.2,11549.455
320,300164.SZ,20200514,4.01,4.09,3.99,4.0,4.05,-0.05,-1.2346,33634.02,13509.104
321,300164.SZ,20200513,4.02,4.06,3.99,4.05,4.01,0.04,0.9975,25674.0,10352.774
322,300164.SZ,20200512,4.11,4.11,3.96,4.01,4.07,-0.06,-1.4742,28933.49,11614.006
323,300164.SZ,20200511,4.1,4.13,4.05,4.07,4.11,-0.04,-0.9732,39373.82,16104.435
324,300164.SZ,20200508,4.04,4.12,4.02,4.11,4.01,0.1,2.4938,49499.02,20211.79
325,300164.SZ,20200507,4.07,4.08,3.99,4.01,4.08,-0.07,-1.7157,42029.0,16974.384
326,300164.SZ,20200506,4.08,4.1,4.03,4.08,4.05,0.03,0.7407,46234.37,18802.944
327,300164.SZ,20200430,4.0,4.07,3.98,4.05,3.94,0.11,2.7919,47261.2,19076.996
328,300164.SZ,20200429,3.92,4.04,3.92,3.94,3.94,0.0,0.0,37665.76,14979.23
329,300164.SZ,20200428,4.08,4.14,3.78,3.94,4.15,-0.21,-5.0602,75643.43,29848.587
330,300164.SZ,20200427,4.33,4.33,4.15,4.15,4.32,-0.17,-3.9352,66554.0,27983.014
331,300164.SZ,20200424,4.51,4.51,4.29,4.32,4.48,-0.16,-3.5714,76102.0,33293.052
332,300164.SZ,20200423,4.46,4.62,4.38,4.48,4.41,0.07,1.5873,114967.74,51597.42
333,300164.SZ,20200422,4.38,4.43,4.31,4.41,4.47,-0.06,-1.3423,86436.53,37728.654
334,300164.SZ,20200421,4.4,4.54,4.33,4.47,4.6,-0.13,-2.8261,124095.81,54785.57
335,300164.SZ,20200403,4.69,4.72,4.53,4.6,4.74,-0.14,-2.9536,159053.66,73195.927
336,300164.SZ,20200402,4.39,4.78,4.39,4.74,4.38,0.36,8.2192,205970.85,95251.232
337,300164.SZ,20200401,4.38,4.47,4.33,4.38,4.41,-0.03,-0.6803,44740.69,19755.961
338,300164.SZ,20200331,4.35,4.49,4.35,4.41,4.33,0.08,1.8476,66568.59,29478.27
339,300164.SZ,20200330,4.39,4.39,4.29,4.33,4.48,-0.15,-3.3482,50727.69,21919.457
340,300164.SZ,20200327,4.58,4.58,4.48,4.48,4.5,-0.02,-0.4444,42935.0,19425.022
341,300164.SZ,20200326,4.55,4.55,4.47,4.5,4.56,-0.06,-1.3158,60095.24,27126.196
342,300164.SZ,20200325,4.5,4.57,4.46,4.56,4.46,0.1,2.2422,75151.5,33992.295
343,300164.SZ,20200324,4.38,4.47,4.34,4.46,4.3,0.16,3.7209,79699.89,35157.796
344,300164.SZ,20200323,4.33,4.39,4.28,4.3,4.5,-0.2,-4.4444,65760.89,28480.615
345,300164.SZ,20200320,4.43,4.5,4.4,4.5,4.38,0.12,2.7397,67844.89,30225.061
346,300164.SZ,20200319,4.46,4.48,4.25,4.38,4.46,-0.08,-1.7937,88567.06,38550.783
347,300164.SZ,20200318,4.59,4.62,4.45,4.46,4.57,-0.11,-2.407,62526.0,28453.772
348,300164.SZ,20200317,4.63,4.68,4.47,4.57,4.63,-0.06,-1.2959,66627.33,30372.752
349,300164.SZ,20200316,4.8,4.83,4.6,4.63,4.78,-0.15,-3.1381,74778.07,35457.851
350,300164.SZ,20200313,4.51,4.81,4.51,4.78,4.83,-0.05,-1.0352,80377.39,37450.766
351,300164.SZ,20200312,4.88,4.9,4.8,4.83,4.97,-0.14,-2.8169,90313.09,43746.992
352,300164.SZ,20200311,5.03,5.11,4.96,4.97,5.03,-0.06,-1.1928,100992.0,51016.954
353,300164.SZ,20200310,4.91,5.04,4.83,5.03,4.98,0.05,1.004,145209.02,71515.164
354,300164.SZ,20200309,5.03,5.09,4.94,4.98,5.29,-0.31,-5.8601,222924.84,111724.06
355,300164.SZ,20200306,5.22,5.32,5.19,5.29,5.32,-0.03,-0.5639,113352.01,59639.91
356,300164.SZ,20200305,5.24,5.33,5.21,5.32,5.22,0.1,1.9157,109167.16,57655.462
357,300164.SZ,20200304,5.15,5.24,5.11,5.22,5.19,0.03,0.578,78243.03,40519.135
358,300164.SZ,20200303,5.26,5.3,5.1,5.19,5.11,0.08,1.5656,96070.92,49956.539
359,300164.SZ,20200302,4.97,5.13,4.97,5.11,4.96,0.15,3.0242,77372.72,39317.729
360,300164.SZ,20200228,5.07,5.12,4.96,4.96,5.18,-0.22,-4.2471,128446.89,64539.001
361,300164.SZ,20200227,5.23,5.29,5.15,5.18,5.24,-0.06,-1.145,66471.92,34602.861
362,300164.SZ,20200226,5.12,5.34,5.07,5.24,5.2,0.04,0.7692,128046.92,66823.32
363,300164.SZ,20200225,5.24,5.27,5.05,5.2,5.39,-0.19,-3.525,156880.01,81337.9
364,300164.SZ,20200224,5.47,5.47,5.33,5.39,5.56,-0.17,-3.0576,139179.08,75033.076
365,300164.SZ,20200221,5.46,5.58,5.43,5.56,5.49,0.07,1.275,150887.0,83004.718
366,300164.SZ,20200220,5.45,5.55,5.41,5.49,5.39,0.1,1.8553,127118.07,69644.119
367,300164.SZ,20200219,5.4,5.48,5.33,5.39,5.38,0.01,0.1859,111698.14,60488.115
368,300164.SZ,20200218,5.35,5.43,5.27,5.38,5.33,0.05,0.9381,109454.92,58678.206
369,300164.SZ,20200217,5.2,5.4,5.19,5.33,5.15,0.18,3.4951,95193.07,50610.928
370,300164.SZ,20200214,5.15,5.21,5.11,5.15,5.19,-0.04,-0.7707,57860.0,29838.438
371,300164.SZ,20200213,5.36,5.43,5.19,5.19,5.31,-0.12,-2.2599,104135.14,54993.562
372,300164.SZ,20200212,5.21,5.33,5.21,5.31,5.26,0.05,0.9506,92575.32,48805.85
373,300164.SZ,20200211,5.15,5.31,5.11,5.26,5.21,0.05,0.9597,124709.03,64913.396
374,300164.SZ,20200210,4.98,5.27,4.97,5.21,5.04,0.17,3.373,117053.12,59709.906
375,300164.SZ,20200207,5.07,5.07,4.89,5.04,5.12,-0.08,-1.5625,116175.1,58204.914
376,300164.SZ,20200206,5.11,5.15,5.0,5.12,5.03,0.09,1.7893,121123.0,61553.18
377,300164.SZ,20200205,5.01,5.16,4.92,5.03,5.0,0.03,0.6,124229.02,62661.237
378,300164.SZ,20200204,4.73,5.08,4.72,5.0,5.24,-0.24,-4.5802,192408.9,94508.213
379,300164.SZ,20200203,5.24,5.24,5.24,5.24,5.82,-0.58,-9.9656,8361.0,4381.164
380,300164.SZ,20200123,6.05,6.14,5.79,5.82,6.14,-0.32,-5.2117,142374.0,84286.846
381,300164.SZ,20200122,5.76,6.14,5.62,6.14,5.77,0.37,6.4125,199620.55,118768.833
382,300164.SZ,20200121,5.76,5.91,5.71,5.77,5.73,0.04,0.6981,128916.61,74768.588
383,300164.SZ,20200120,5.65,5.73,5.54,5.73,5.64,0.09,1.5957,77922.44,44241.806
384,300164.SZ,20200117,5.68,5.74,5.59,5.64,5.65,-0.01,-0.177,71692.29,40641.109
385,300164.SZ,20200116,5.8,5.85,5.64,5.65,5.86,-0.21,-3.5836,116741.73,66926.231
386,300164.SZ,20200115,5.84,5.98,5.75,5.86,5.87,-0.01,-0.1704,130838.67,76551.265
387,300164.SZ,20200114,5.63,6.07,5.59,5.87,5.65,0.22,3.8938,226549.52,131614.304
388,300164.SZ,20200113,5.58,5.66,5.5,5.65,5.57,0.08,1.4363,139660.63,78334.325
389,300164.SZ,20200110,5.68,5.68,5.54,5.57,5.74,-0.17,-2.9617,181693.75,101670.925
390,300164.SZ,20200109,5.55,5.82,5.54,5.74,6.07,-0.33,-5.4366,347463.67,196566.659
391,300164.SZ,20200108,6.04,6.18,5.83,6.07,5.76,0.31,5.3819,511022.81,307717.692
392,300164.SZ,20200107,5.78,5.84,5.68,5.76,5.98,-0.22,-3.6789,295740.86,170001.491
393,300164.SZ,20200106,5.6,5.98,5.56,5.98,5.44,0.54,9.9265,454979.38,263471.188
394,300164.SZ,20200103,5.27,5.54,5.26,5.44,5.27,0.17,3.2258,264074.92,143472.823
395,300164.SZ,20200102,5.22,5.27,5.19,5.27,5.2,0.07,1.3462,82447.11,43179.164
396,300164.SZ,20191231,5.16,5.2,5.14,5.2,5.16,0.04,0.7752,45117.83,23364.563
397,300164.SZ,20191230,5.17,5.18,5.07,5.16,5.17,-0.01,-0.1934,42461.0,21791.783
398,300164.SZ,20191227,5.21,5.23,5.14,5.17,5.17,0.0,0.0,46762.0,24225.543
399,300164.SZ,20191226,5.17,5.18,5.12,5.17,5.15,0.02,0.3883,39531.0,20366.249
400,300164.SZ,20191225,5.12,5.16,5.1,5.15,5.09,0.06,1.1788,43434.0,22297.221
401,300164.SZ,20191224,5.04,5.11,5.0,5.09,5.03,0.06,1.1928,34250.0,17349.271
402,300164.SZ,20191223,5.14,5.17,5.03,5.03,5.12,-0.09,-1.7578,56372.1,28728.423
403,300164.SZ,20191220,5.19,5.21,5.11,5.12,5.17,-0.05,-0.9671,67533.1,34819.573
404,300164.SZ,20191219,5.19,5.23,5.13,5.17,5.18,-0.01,-0.1931,77652.1,40158.083
405,300164.SZ,20191218,5.15,5.2,5.1,5.18,5.13,0.05,0.9747,88024.0,45404.473
406,300164.SZ,20191217,5.05,5.15,5.05,5.13,5.07,0.06,1.1834,76682.05,39196.394
407,300164.SZ,20191216,4.99,5.18,4.97,5.07,4.98,0.09,1.8072,75685.77,38365.821
408,300164.SZ,20191213,4.97,4.99,4.92,4.98,4.89,0.09,1.8405,58478.77,28987.219
409,300164.SZ,20191212,4.96,4.96,4.89,4.89,4.96,-0.07,-1.4113,27978.68,13787.627
410,300164.SZ,20191211,5.0,5.03,4.95,4.96,4.99,-0.03,-0.6012,32457.0,16137.733
411,300164.SZ,20191210,4.97,5.01,4.95,4.99,4.98,0.01,0.2008,28860.0,14374.495
412,300164.SZ,20191209,4.98,5.05,4.95,4.98,4.96,0.02,0.4032,33277.0,16551.642
413,300164.SZ,20191206,4.9,4.97,4.9,4.96,4.95,0.01,0.202,50340.02,24815.422
414,300164.SZ,20191205,4.98,5.09,4.93,4.95,4.89,0.06,1.227,76083.98,38026.558
415,300164.SZ,20191204,4.84,4.9,4.83,4.89,4.86,0.03,0.6173,34310.0,16689.836
416,300164.SZ,20191203,4.85,4.87,4.79,4.86,4.83,0.03,0.6211,21804.0,10522.44
417,300164.SZ,20191202,4.83,4.86,4.8,4.83,4.86,-0.03,-0.6173,23190.2,11218.408
418,300164.SZ,20191129,4.83,4.88,4.81,4.86,4.84,0.02,0.4132,25435.18,12340.993
419,300164.SZ,20191128,4.88,4.91,4.83,4.84,4.88,-0.04,-0.8197,29407.0,14274.787
420,300164.SZ,20191127,4.88,4.92,4.85,4.88,4.88,0.0,0.0,26989.0,13183.267
421,300164.SZ,20191126,4.94,4.94,4.86,4.88,4.93,-0.05,-1.0142,25841.24,12636.604
422,300164.SZ,20191125,4.86,4.97,4.86,4.93,4.87,0.06,1.232,41743.34,20572.49
423,300164.SZ,20191122,4.91,4.96,4.85,4.87,4.87,0.0,0.0,45485.06,22322.057
424,300164.SZ,20191121,4.83,4.92,4.83,4.87,4.83,0.04,0.8282,34345.0,16730.925
425,300164.SZ,20191120,4.88,4.89,4.82,4.83,4.88,-0.05,-1.0246,25691.0,12450.832
426,300164.SZ,20191119,4.8,4.88,4.78,4.88,4.8,0.08,1.6667,26549.6,12879.216
427,300164.SZ,20191118,4.77,4.83,4.73,4.8,4.75,0.05,1.0526,28768.33,13772.236
428,300164.SZ,20191115,4.9,4.91,4.75,4.75,4.9,-0.15,-3.0612,41831.0,20165.883
429,300164.SZ,20191114,4.92,4.93,4.88,4.9,4.9,0.0,0.0,24282.0,11914.311
430,300164.SZ,20191113,4.98,4.98,4.9,4.9,4.98,-0.08,-1.6064,29526.0,14529.29
431,300164.SZ,20191112,4.96,5.0,4.91,4.98,4.96,0.02,0.4032,28264.0,13986.733
432,300164.SZ,20191111,5.1,5.1,4.95,4.96,5.14,-0.18,-3.5019,54148.34,27139.47
433,300164.SZ,20191108,5.11,5.2,5.07,5.14,5.07,0.07,1.3807,56975.24,29296.948
434,300164.SZ,20191107,5.07,5.1,5.04,5.07,5.09,-0.02,-0.3929,32157.29,16298.065
435,300164.SZ,20191106,5.15,5.17,5.08,5.09,5.14,-0.05,-0.9728,28638.0,14689.907
436,300164.SZ,20191105,5.14,5.17,5.11,5.14,5.12,0.02,0.3906,35884.35,18454.679
437,300164.SZ,20191104,5.18,5.18,5.11,5.12,5.12,0.0,0.0,30747.0,15822.02
438,300164.SZ,20191101,5.04,5.13,5.03,5.12,5.06,0.06,1.1858,30824.0,15681.153
439,300164.SZ,20191031,5.07,5.11,5.04,5.06,5.07,-0.01,-0.1972,38055.6,19303.398
440,300164.SZ,20191030,5.13,5.16,5.07,5.07,5.14,-0.07,-1.3619,39154.0,20001.2
441,300164.SZ,20191029,5.26,5.28,5.13,5.14,5.27,-0.13,-2.4668,60219.01,31292.984
442,300164.SZ,20191028,5.2,5.28,5.17,5.27,5.21,0.06,1.1516,63472.37,33266.799
443,300164.SZ,20191025,5.18,5.21,5.13,5.21,5.19,0.02,0.3854,36008.75,18645.323
444,300164.SZ,20191024,5.2,5.23,5.15,5.19,5.15,0.04,0.7767,40268.75,20900.628
445,300164.SZ,20191023,5.16,5.21,5.13,5.15,5.18,-0.03,-0.5792,37511.84,19411.063
446,300164.SZ,20191022,5.08,5.18,5.08,5.18,5.11,0.07,1.3699,41810.84,21446.801
447,300164.SZ,20191021,5.16,5.17,5.05,5.11,5.13,-0.02,-0.3899,39062.0,19880.614
448,300164.SZ,20191018,5.24,5.24,5.12,5.13,5.19,-0.06,-1.1561,46791.0,24173.023
449,300164.SZ,20191017,5.25,5.26,5.17,5.19,5.26,-0.07,-1.3308,44682.8,23307.335
450,300164.SZ,20191016,5.25,5.3,5.22,5.26,5.27,-0.01,-0.1898,44093.0,23189.541
451,300164.SZ,20191015,5.36,5.36,5.25,5.27,5.4,-0.13,-2.4074,79767.84,42168.485
452,300164.SZ,20191014,5.4,5.43,5.35,5.4,5.46,-0.06,-1.0989,134110.23,72271.959
453,300164.SZ,20191011,5.26,5.54,5.22,5.46,5.25,0.21,4.0,189396.64,102002.948
454,300164.SZ,20191010,5.22,5.26,5.18,5.25,5.22,0.03,0.5747,60271.07,31474.549
455,300164.SZ,20191009,5.14,5.22,5.08,5.22,5.15,0.07,1.3592,52236.98,26922.249
456,300164.SZ,20191008,5.18,5.19,5.12,5.15,5.16,-0.01,-0.1938,47849.0,24665.247
457,300164.SZ,20190930,5.2,5.23,5.15,5.16,5.17,-0.01,-0.1934,52611.0,27328.124
458,300164.SZ,20190927,5.14,5.21,5.13,5.17,5.15,0.02,0.3883,63891.98,33120.251
459,300164.SZ,20190926,5.29,5.32,5.15,5.15,5.29,-0.14,-2.6465,85063.77,44459.805
460,300164.SZ,20190925,5.4,5.42,5.29,5.29,5.5,-0.21,-3.8182,115026.0,61557.179
461,300164.SZ,20190924,5.57,5.57,5.48,5.5,5.62,-0.12,-2.1352,129604.21,71559.031
462,300164.SZ,20190923,5.56,5.63,5.47,5.62,5.57,0.05,0.8977,135957.53,75636.407
463,300164.SZ,20190920,5.6,5.61,5.51,5.57,5.57,0.0,0.0,148927.06,82682.147
464,300164.SZ,20190919,5.7,5.7,5.51,5.57,5.79,-0.22,-3.7997,248348.64,138309.786
465,300164.SZ,20190918,5.8,5.94,5.7,5.79,6.33,-0.54,-8.5308,464154.36,268772.784
466,300164.SZ,20190917,6.0,6.51,5.95,6.33,5.94,0.39,6.5657,786147.52,485372.864
467,300164.SZ,20190916,5.94,5.94,5.86,5.94,5.4,0.54,10.0,340489.48,202111.006
468,300164.SZ,20190912,5.41,5.41,5.35,5.4,5.38,0.02,0.3717,47660.0,25663.572
469,300164.SZ,20190911,5.44,5.46,5.37,5.38,5.43,-0.05,-0.9208,55329.0,29920.351
470,300164.SZ,20190910,5.47,5.47,5.39,5.43,5.45,-0.02,-0.367,56431.0,30635.33
471,300164.SZ,20190909,5.36,5.45,5.33,5.45,5.34,0.11,2.0599,85510.34,46121.399
472,300164.SZ,20190906,5.35,5.36,5.29,5.34,5.33,0.01,0.1876,62494.2,33276.669
473,300164.SZ,20190905,5.38,5.4,5.32,5.33,5.31,0.02,0.3766,86651.66,46446.775
474,300164.SZ,20190904,5.23,5.32,5.19,5.31,5.23,0.08,1.5296,73703.47,38704.622
475,300164.SZ,20190903,5.22,5.27,5.19,5.23,5.25,-0.02,-0.381,54236.05,28290.049
476,300164.SZ,20190902,5.08,5.25,5.06,5.25,5.09,0.16,3.1434,69533.55,36069.34
477,300164.SZ,20190830,5.25,5.27,5.07,5.09,5.2,-0.11,-2.1154,58816.67,30279.961
478,300164.SZ,20190829,5.24,5.25,5.19,5.2,5.21,-0.01,-0.1919,47427.0,24732.228
479,300164.SZ,20190828,5.2,5.24,5.16,5.21,5.17,0.04,0.7737,59527.91,30960.976
480,300164.SZ,20190827,5.11,5.2,5.09,5.17,5.07,0.1,1.9724,67520.9,34878.412
481,300164.SZ,20190826,5.0,5.12,4.92,5.07,5.1,-0.03,-0.5882,59539.14,30031.063
482,300164.SZ,20190823,5.18,5.18,5.08,5.1,5.17,-0.07,-1.354,58576.48,29956.06
483,300164.SZ,20190822,5.22,5.32,5.17,5.27,5.22,0.05,0.9579,65341.55,34338.987
484,300164.SZ,20190821,5.2,5.26,5.2,5.22,5.2,0.02,0.3846,40357.82,21085.762
485,300164.SZ,20190820,5.22,5.26,5.19,5.2,5.22,-0.02,-0.3831,56465.82,29518.15
486,300164.SZ,20190819,5.12,5.23,5.11,5.22,5.09,0.13,2.554,57019.8,29521.853
487,300164.SZ,20190816,5.08,5.15,5.08,5.09,5.1,-0.01,-0.1961,49584.91,25382.121
488,300164.SZ,20190815,4.93,5.11,4.93,5.1,5.11,-0.01,-0.1957,51089.72,25569.482
489,300164.SZ,20190814,5.23,5.24,5.08,5.11,5.09,0.02,0.3929,58321.3,30095.305
490,300164.SZ,20190813,5.09,5.11,5.03,5.09,5.13,-0.04,-0.7797,32703.0,16584.337
491,300164.SZ,20190812,5.07,5.14,5.03,5.13,5.05,0.08,1.5842,37909.68,19302.315
492,300164.SZ,20190809,5.17,5.2,5.03,5.05,5.14,-0.09,-1.751,40990.5,20962.409
493,300164.SZ,20190808,5.1,5.19,5.1,5.14,5.12,0.02,0.3906,36040.0,18558.453
494,300164.SZ,20190807,5.09,5.2,5.07,5.12,5.06,0.06,1.1858,52029.5,26705.971
495,300164.SZ,20190806,5.19,5.23,4.97,5.06,5.32,-0.26,-4.8872,75876.0,38580.743
496,300164.SZ,20190805,5.32,5.38,5.28,5.32,5.34,-0.02,-0.3745,41084.04,21904.955
497,300164.SZ,20190802,5.35,5.37,5.26,5.34,5.53,-0.19,-3.4358,81821.04,43521.891
498,300164.SZ,20190801,5.61,5.63,5.5,5.53,5.66,-0.13,-2.2968,57048.0,31707.74
499,300164.SZ,20190731,5.7,5.72,5.64,5.66,5.68,-0.02,-0.3521,45034.3,25592.625
500,300164.SZ,20190730,5.64,5.73,5.64,5.68,5.67,0.01,0.1764,57431.3,32648.445
501,300164.SZ,20190729,5.8,5.8,5.63,5.67,5.78,-0.11,-1.9031,70589.3,40112.365
502,300164.SZ,20190726,5.75,5.82,5.72,5.78,5.75,0.03,0.5217,46578.0,26879.771
503,300164.SZ,20190725,5.81,5.83,5.69,5.75,5.86,-0.11,-1.8771,89640.0,51698.057
504,300164.SZ,20190724,5.76,5.96,5.73,5.86,5.76,0.1,1.7361,90568.0,53110.124
505,300164.SZ,20190723,5.7,5.76,5.68,5.76,5.67,0.09,1.5873,57679.72,33003.162
506,300164.SZ,20190722,5.93,5.97,5.56,5.67,5.92,-0.25,-4.223,84656.37,48278.523
507,300164.SZ,20190719,5.96,6.0,5.92,5.92,5.92,0.0,0.0,66883.41,39900.282
508,300164.SZ,20190718,6.03,6.08,5.91,5.92,6.08,-0.16,-2.6316,79122.0,47248.288
509,300164.SZ,20190717,6.08,6.12,6.07,6.08,6.1,-0.02,-0.3279,48634.04,29628.766
510,300164.SZ,20190716,6.11,6.13,6.08,6.1,6.13,-0.03,-0.4894,48681.04,29738.248
511,300164.SZ,20190715,6.13,6.17,6.03,6.13,6.29,-0.16,-2.5437,110295.0,67199.48
512,300164.SZ,20190712,6.24,6.3,6.2,6.29,6.3,-0.01,-0.1587,52164.0,32648.225
513,300164.SZ,20190711,6.33,6.39,6.26,6.3,6.22,0.08,1.2862,90511.0,57272.378
514,300164.SZ,20190710,6.23,6.25,6.16,6.22,6.21,0.01,0.161,41606.0,25789.484
515,300164.SZ,20190709,6.23,6.24,6.13,6.21,6.18,0.03,0.4854,48751.18,30125.723
516,300164.SZ,20190708,6.43,6.46,6.14,6.18,6.41,-0.23,-3.5881,92634.71,57934.253
517,300164.SZ,20190705,6.37,6.45,6.34,6.41,6.39,0.02,0.313,65927.0,42114.178
518,300164.SZ,20190704,6.51,6.58,6.37,6.39,6.51,-0.12,-1.8433,96253.0,62183.959
519,300164.SZ,20190703,6.55,6.56,6.49,6.51,6.7,-0.19,-2.8358,90253.0,58853.334
520,300164.SZ,20190702,6.65,6.74,6.61,6.7,6.75,-0.05,-0.7407,102729.2,68451.844
521,300164.SZ,20190701,6.69,6.77,6.59,6.75,6.56,0.19,2.8963,142548.0,95295.8
522,300164.SZ,20190628,6.68,6.68,6.48,6.56,6.71,-0.15,-2.2355,117705.82,77211.543
523,300164.SZ,20190627,6.79,6.8,6.68,6.71,6.84,-0.13,-1.9006,168090.37,113053.357
524,300164.SZ,20190626,6.51,6.97,6.47,6.84,6.62,0.22,3.3233,310577.6,210892.589
525,300164.SZ,20190625,6.54,6.74,6.37,6.62,6.56,0.06,0.9146,184760.17,121069.661
526,300164.SZ,20190624,6.6,6.63,6.45,6.56,6.68,-0.12,-1.7964,139683.86,91248.694
527,300164.SZ,20190621,6.75,6.82,6.57,6.68,6.51,0.17,2.6114,247482.18,165158.397
528,300164.SZ,20190620,6.37,6.56,6.29,6.51,6.33,0.18,2.8436,147154.59,94762.192
529,300164.SZ,20190619,6.46,6.54,6.31,6.33,6.28,0.05,0.7962,105940.99,67698.185
530,300164.SZ,20190618,6.2,6.35,6.2,6.28,6.24,0.04,0.641,65016.28,40871.392
531,300164.SZ,20190617,6.19,6.26,6.16,6.24,6.19,0.05,0.8078,45755.28,28457.801
532,300164.SZ,20190614,6.4,6.44,6.18,6.19,6.53,-0.34,-5.2067,145161.31,91726.957
533,300164.SZ,20190613,6.23,6.55,6.19,6.53,6.34,0.19,2.9968,168581.86,107248.713
534,300164.SZ,20190612,6.22,6.37,6.21,6.34,6.31,0.03,0.4754,130946.28,82365.702
535,300164.SZ,20190611,6.14,6.32,6.09,6.31,6.13,0.18,2.9364,126939.34,79004.669
536,300164.SZ,20190610,6.05,6.18,6.0,6.13,6.04,0.09,1.4901,79843.31,48691.681
537,300164.SZ,20190606,6.2,6.21,5.99,6.04,6.3,-0.26,-4.127,143644.31,87120.157
538,300164.SZ,20190605,6.22,6.48,6.21,6.3,6.25,0.05,0.8,122974.91,77849.012
539,300164.SZ,20190604,6.21,6.25,6.09,6.25,6.29,-0.04,-0.6359,116840.28,72112.432
540,300164.SZ,20190603,6.46,6.56,6.2,6.29,6.76,-0.47,-6.9527,220844.35,140172.278
541,300164.SZ,20190531,6.64,6.94,6.55,6.76,6.68,0.08,1.1976,306573.47,208423.977
542,300164.SZ,20190530,6.45,6.89,6.45,6.68,6.3,0.38,6.0317,301449.0,200761.381
543,300164.SZ,20190529,6.26,6.38,6.22,6.3,6.28,0.02,0.3185,64572.94,40774.668
544,300164.SZ,20190528,6.31,6.35,6.26,6.28,6.28,0.0,0.0,82325.0,51870.426
545,300164.SZ,20190527,6.15,6.32,6.13,6.28,6.13,0.15,2.447,67892.46,42450.644
546,300164.SZ,20190524,6.11,6.19,6.05,6.13,6.22,-0.09,-1.4469,71774.0,44066.284
547,300164.SZ,20190523,6.37,6.39,6.21,6.22,6.47,-0.25,-3.864,99460.6,62515.611
548,300164.SZ,20190522,6.61,6.64,6.38,6.47,6.66,-0.19,-2.8529,93090.02,60716.911
549,300164.SZ,20190521,6.51,6.71,6.51,6.66,6.56,0.1,1.5244,78497.02,51923.762
550,300164.SZ,20190520,6.48,6.56,6.33,6.56,6.45,0.11,1.7054,73687.48,47633.499
551,300164.SZ,20190517,6.8,6.85,6.42,6.45,6.83,-0.38,-5.5637,116095.66,76784.812
552,300164.SZ,20190516,6.73,6.84,6.69,6.83,6.78,0.05,0.7375,115495.61,77949.414
553,300164.SZ,20190515,6.65,6.98,6.65,6.78,6.59,0.19,2.8832,148417.28,100842.431
554,300164.SZ,20190514,6.57,6.68,6.56,6.59,6.73,-0.14,-2.0802,84895.0,56160.828
555,300164.SZ,20190513,6.59,6.85,6.51,6.73,6.58,0.15,2.2796,145981.54,98116.098
556,300164.SZ,20190510,6.5,6.61,6.31,6.58,6.4,0.18,2.8125,126711.92,82616.563
557,300164.SZ,20190509,6.4,6.5,6.36,6.4,6.45,-0.05,-0.7752,64721.0,41672.676
558,300164.SZ,20190508,6.41,6.53,6.34,6.45,6.54,-0.09,-1.3761,92082.19,59236.354
559,300164.SZ,20190507,6.5,6.57,6.4,6.54,6.48,0.06,0.9259,105957.52,68853.8
560,300164.SZ,20190506,6.68,6.83,6.48,6.48,7.2,-0.72,-10.0,186597.56,123292.491
561,300164.SZ,20190430,7.01,7.21,7.0,7.2,7.01,0.19,2.7104,112693.0,80091.417
562,300164.SZ,20190429,7.38,7.44,7.0,7.01,7.45,-0.44,-5.906,148006.02,106090.575
563,300164.SZ,20190426,7.61,7.67,7.45,7.45,7.7,-0.25,-3.2468,148486.2,112102.365
564,300164.SZ,20190425,8.12,8.12,7.65,7.7,8.14,-0.44,-5.4054,235866.76,185234.477
565,300164.SZ,20190424,8.19,8.23,8.0,8.14,8.3,-0.16,-1.9277,237511.04,192224.495
566,300164.SZ,20190423,8.4,8.49,8.05,8.3,8.27,0.03,0.3628,399753.36,331107.356
567,300164.SZ,20190422,7.9,8.59,7.86,8.27,7.82,0.45,5.7545,476451.89,394161.963
568,300164.SZ,20190419,7.64,7.85,7.59,7.82,7.67,0.15,1.9557,144713.0,111811.258
569,300164.SZ,20190418,7.73,7.76,7.62,7.67,7.79,-0.12,-1.5404,127459.95,98083.81
570,300164.SZ,20190417,7.76,7.84,7.67,7.79,7.73,0.06,0.7762,148000.53,114880.513
571,300164.SZ,20190416,7.5,7.74,7.41,7.73,7.54,0.19,2.5199,152802.11,115833.764
572,300164.SZ,20190415,7.86,7.93,7.5,7.54,7.8,-0.26,-3.3333,194791.0,151394.834
573,300164.SZ,20190412,7.69,7.85,7.65,7.8,7.67,0.13,1.6949,158160.21,122368.019
574,300164.SZ,20190411,7.97,7.98,7.67,7.67,7.92,-0.25,-3.1566,179644.33,140503.881
575,300164.SZ,20190410,8.01,8.05,7.83,7.92,8.14,-0.22,-2.7027,234315.22,185590.742
576,300164.SZ,20190409,8.24,8.33,8.06,8.14,8.13,0.01,0.123,217486.8,178100.431
577,300164.SZ,20190408,8.37,8.5,8.01,8.13,8.24,-0.11,-1.335,287167.03,235471.867
578,300164.SZ,20190404,7.96,8.27,7.85,8.24,8.02,0.22,2.7431,341936.93,274233.801
579,300164.SZ,20190403,7.56,8.36,7.52,8.02,7.6,0.42,5.5263,395040.66,315650.526
580,300164.SZ,20190402,7.84,7.86,7.52,7.6,7.57,0.03,0.3963,279268.91,214828.732
581,300164.SZ,20190401,7.3,7.59,7.3,7.57,7.25,0.32,4.4138,192669.32,144338.356
582,300164.SZ,20190329,7.11,7.29,7.02,7.25,7.08,0.17,2.4011,133282.21,95817.343
583,300164.SZ,20190328,7.17,7.22,7.05,7.08,7.24,-0.16,-2.2099,94905.0,67892.217
584,300164.SZ,20190327,7.19,7.27,7.08,7.24,7.09,0.15,2.1157,126928.42,91065.464
585,300164.SZ,20190326,7.22,7.27,7.08,7.09,7.15,-0.06,-0.8392,128216.0,92069.504
586,300164.SZ,20190325,7.16,7.26,7.13,7.15,7.39,-0.24,-3.2476,165002.79,118704.705
587,300164.SZ,20190322,7.47,7.5,7.26,7.39,7.53,-0.14,-1.8592,164099.0,120913.61
588,300164.SZ,20190321,7.52,7.55,7.41,7.53,7.47,0.06,0.8032,183407.74,137303.828
589,300164.SZ,20190320,7.74,7.74,7.33,7.47,7.7,-0.23,-2.987,233811.21,175252.239
590,300164.SZ,20190319,7.76,7.97,7.6,7.7,7.63,0.07,0.9174,304051.04,235762.644
591,300164.SZ,20190318,7.37,7.64,7.37,7.63,7.41,0.22,2.969,236330.65,178373.827
592,300164.SZ,20190315,7.46,7.55,7.32,7.41,7.35,0.06,0.8163,201420.8,149272.751
593,300164.SZ,20190314,7.5,7.66,7.28,7.35,7.41,-0.06,-0.8097,259570.81,193763.977
594,300164.SZ,20190313,7.33,7.58,7.25,7.41,7.31,0.1,1.368,311439.14,231022.797
595,300164.SZ,20190312,7.25,7.44,7.18,7.31,7.16,0.15,2.095,303210.01,221929.0
596,300164.SZ,20190311,7.03,7.19,6.96,7.16,6.97,0.19,2.726,170462.34,120900.239
597,300164.SZ,20190308,7.3,7.3,6.96,6.97,7.42,-0.45,-6.0647,229345.51,163586.534
598,300164.SZ,20190307,7.41,7.49,7.27,7.42,7.49,-0.07,-0.9346,254370.01,187493.116
599,300164.SZ,20190306,7.21,7.59,7.16,7.49,7.21,0.28,3.8835,337550.83,249027.834
600,300164.SZ,20190305,7.08,7.23,7.07,7.21,7.12,0.09,1.264,189422.48,135215.019
601,300164.SZ,20190304,7.05,7.25,7.03,7.12,7.12,0.0,0.0,275035.18,196174.429
602,300164.SZ,20190301,7.09,7.15,6.98,7.12,7.07,0.05,0.7072,138404.23,97800.419
603,300164.SZ,20190228,7.1,7.15,6.95,7.07,7.04,0.03,0.4261,153006.06,108103.027
604,300164.SZ,20190227,7.09,7.2,7.0,7.04,7.09,-0.05,-0.7052,189523.0,134632.118
605,300164.SZ,20190226,7.15,7.21,7.02,7.09,7.31,-0.22,-3.0096,280916.17,200010.019
606,300164.SZ,20190225,6.96,7.34,6.9,7.31,6.96,0.35,5.0287,333850.64,236333.356
607,300164.SZ,20190222,6.8,6.96,6.72,6.96,6.85,0.11,1.6058,196274.37,134220.338
608,300164.SZ,20190221,6.85,6.99,6.76,6.85,6.8,0.05,0.7353,193898.8,133285.046
609,300164.SZ,20190220,6.8,6.89,6.73,6.8,6.89,-0.09,-1.3062,130748.03,89027.553
610,300164.SZ,20190219,6.73,6.9,6.64,6.89,6.73,0.16,2.3774,220232.07,148517.79
611,300164.SZ,20190218,6.64,6.74,6.58,6.73,6.53,0.2,3.0628,176197.5,117458.21
612,300164.SZ,20190215,6.59,6.61,6.49,6.53,6.59,-0.06,-0.9105,122501.91,80146.145
613,300164.SZ,20190214,6.46,6.65,6.45,6.59,6.49,0.1,1.5408,155083.76,101503.334
614,300164.SZ,20190213,6.46,6.5,6.35,6.49,6.39,0.1,1.5649,169983.93,109213.001
615,300164.SZ,20190212,6.33,6.39,6.28,6.39,6.33,0.06,0.9479,121716.0,77217.664
616,300164.SZ,20190211,6.21,6.36,6.18,6.33,6.26,0.07,1.1182,108752.0,68475.677
617,300164.SZ,20190201,6.23,6.26,6.11,6.26,6.16,0.1,1.6234,83518.1,51625.845
618,300164.SZ,20190131,6.2,6.26,6.07,6.16,6.16,0.0,0.0,56521.91,34896.176
619,300164.SZ,20190130,6.14,6.23,6.1,6.16,6.14,0.02,0.3257,57704.83,35609.2
620,300164.SZ,20190129,6.16,6.19,6.01,6.14,6.22,-0.08,-1.2862,78512.76,47962.141
621,300164.SZ,20190128,6.34,6.34,6.14,6.22,6.28,-0.06,-0.9554,104753.5,65259.288
622,300164.SZ,20190125,6.6,6.6,6.25,6.28,6.62,-0.34,-5.136,192131.85,122644.348
623,300164.SZ,20190124,6.6,6.63,6.49,6.62,6.6,0.02,0.303,52556.1,34498.109
624,300164.SZ,20190123,6.5,6.65,6.47,6.6,6.54,0.06,0.9174,51238.44,33615.89
625,300164.SZ,20190122,6.76,6.76,6.52,6.54,6.75,-0.21,-3.1111,85035.07,56231.651
626,300164.SZ,20190121,6.65,6.89,6.59,6.75,6.62,0.13,1.9637,122062.08,82598.652
627,300164.SZ,20190118,6.48,6.63,6.44,6.62,6.45,0.17,2.6357,76886.64,50280.985
628,300164.SZ,20190117,6.55,6.59,6.4,6.45,6.54,-0.09,-1.3761,59628.48,38733.881
629,300164.SZ,20190116,6.58,6.59,6.47,6.54,6.51,0.03,0.4608,66446.76,43427.163
630,300164.SZ,20190115,6.36,6.53,6.35,6.51,6.34,0.17,2.6814,88116.8,56779.677
631,300164.SZ,20190114,6.5,6.54,6.33,6.34,6.56,-0.22,-3.3537,97581.99,62456.332
632,300164.SZ,20190111,6.5,6.6,6.46,6.56,6.55,0.01,0.1527,68114.26,44470.713
633,300164.SZ,20190110,6.64,6.69,6.5,6.55,6.48,0.07,1.0802,106961.79,70572.978
634,300164.SZ,20190109,6.56,6.66,6.47,6.48,6.48,0.0,0.0,117283.93,76903.842
635,300164.SZ,20190108,6.5,6.63,6.42,6.48,6.55,-0.07,-1.0687,124376.93,80872.062
636,300164.SZ,20190107,6.44,6.66,6.28,6.55,6.38,0.17,2.6646,138806.51,89510.826
637,300164.SZ,20190104,6.13,6.4,6.07,6.38,6.12,0.26,4.2484,121252.76,75563.666
638,300164.SZ,20190103,6.09,6.18,6.08,6.12,6.06,0.06,0.9901,78782.0,48231.36
639,300164.SZ,20190102,6.17,6.19,6.01,6.06,6.22,-0.16,-2.5723,83616.44,50915.644
640,300164.SZ,20181228,6.25,6.37,6.08,6.22,6.45,-0.23,-3.5659,208496.87,128899.931
641,300164.SZ,20181227,6.78,6.78,6.41,6.45,6.16,0.29,4.7078,283484.92,189500.773
642,300164.SZ,20181226,6.15,6.24,6.15,6.16,6.14,0.02,0.3257,71759.44,44454.101
643,300164.SZ,20181225,6.29,6.29,6.0,6.14,6.49,-0.35,-5.3929,113908.28,69748.861
644,300164.SZ,20181224,6.4,6.5,6.37,6.49,6.44,0.05,0.7764,59136.18,38144.661
645,300164.SZ,20181221,6.37,6.44,6.29,6.44,6.44,0.0,0.0,56299.36,35808.445
646,300164.SZ,20181220,6.41,6.54,6.39,6.44,6.43,0.01,0.1555,58976.1,38124.107
647,300164.SZ,20181219,6.5,6.54,6.38,6.43,6.63,-0.2,-3.0166,98929.1,63847.581
648,300164.SZ,20181218,6.69,6.8,6.58,6.63,6.88,-0.25,-3.6337,87672.0,58520.46
649,300164.SZ,20181217,6.99,6.99,6.77,6.88,7.08,-0.2,-2.8249,89443.58,61409.314
650,300164.SZ,20181214,7.19,7.26,7.04,7.08,7.13,-0.05,-0.7013,89468.58,64015.856
651,300164.SZ,20181213,7.11,7.22,7.06,7.13,7.18,-0.05,-0.6964,74330.0,53102.494
652,300164.SZ,20181212,7.14,7.19,7.05,7.18,7.12,0.06,0.8427,73758.13,52491.668
653,300164.SZ,20181211,7.18,7.2,7.02,7.12,7.33,-0.21,-2.8649,109498.4,77750.28
654,300164.SZ,20181210,7.3,7.4,7.26,7.33,7.23,0.1,1.3831,133487.62,97844.351
655,300164.SZ,20181207,7.2,7.32,7.07,7.23,7.29,-0.06,-0.823,87687.21,63258.417
656,300164.SZ,20181206,7.33,7.57,7.26,7.29,7.48,-0.19,-2.5401,123404.53,91182.407
657,300164.SZ,20181205,7.18,7.78,7.13,7.48,7.38,0.1,1.355,223851.41,165827.865
658,300164.SZ,20181204,7.26,7.43,7.24,7.38,7.25,0.13,1.7931,135441.74,99446.912
659,300164.SZ,20181203,7.28,7.42,7.07,7.25,6.92,0.33,4.7688,194830.85,141520.486
660,300164.SZ,20181130,6.8,7.08,6.77,6.92,6.75,0.17,2.5185,109082.31,75461.215
661,300164.SZ,20181129,6.96,7.08,6.73,6.75,7.0,-0.25,-3.5714,87358.12,60645.723
662,300164.SZ,20181128,6.9,7.03,6.68,7.0,6.89,0.11,1.5965,72130.6,49699.638
663,300164.SZ,20181127,6.89,7.04,6.84,6.89,6.86,0.03,0.4373,92143.12,63762.525
664,300164.SZ,20181126,6.67,6.86,6.5,6.86,6.91,-0.05,-0.7236,117403.74,78655.063
665,300164.SZ,20181123,7.3,7.3,6.91,6.91,7.35,-0.44,-5.9864,132355.89,93713.026
666,300164.SZ,20181122,7.35,7.49,7.31,7.35,7.32,0.03,0.4098,106342.42,78569.817
667,300164.SZ,20181121,7.18,7.34,7.1,7.32,7.58,-0.26,-3.4301,154300.34,111734.645
668,300164.SZ,20181120,7.83,7.92,7.56,7.58,7.9,-0.32,-4.0506,121370.02,94201.315
669,300164.SZ,20181119,7.66,7.91,7.63,7.9,7.63,0.27,3.5387,191821.03,149139.436
670,300164.SZ,20181116,7.68,7.68,7.58,7.63,7.64,-0.01,-0.1309,116963.12,89262.387
671,300164.SZ,20181115,7.55,7.69,7.49,7.64,7.54,0.1,1.3263,147570.4,111764.193
672,300164.SZ,20181114,7.8,7.8,7.43,7.54,8.18,-0.64,-7.824,314698.83,238626.424
673,300164.SZ,20181113,8.14,8.28,8.09,8.18,8.33,-0.15,-1.8007,152335.13,124794.773
674,300164.SZ,20181112,8.1,8.34,8.07,8.33,8.17,0.16,1.9584,97120.0,79913.832
675,300164.SZ,20181109,8.25,8.26,8.15,8.17,8.35,-0.18,-2.1557,79799.91,65456.15
676,300164.SZ,20181108,8.2,8.57,8.15,8.35,8.17,0.18,2.2032,197069.12,165292.981
677,300164.SZ,20181107,8.16,8.32,8.08,8.17,8.27,-0.1,-1.2092,133455.05,109338.752
678,300164.SZ,20181106,8.25,8.45,8.11,8.27,8.29,-0.02,-0.2413,204218.48,169303.766
679,300164.SZ,20181105,7.84,8.34,7.82,8.29,7.96,0.33,4.1457,229858.39,184868.094
680,300164.SZ,20181102,7.81,7.99,7.57,7.96,7.86,0.1,1.2723,196774.81,153402.518
681,300164.SZ,20181101,7.87,7.97,7.76,7.86,7.95,-0.09,-1.1321,112333.11,88253.262
682,300164.SZ,20181031,7.75,8.03,7.71,7.95,7.8,0.15,1.9231,114315.17,89736.873
683,300164.SZ,20181030,7.64,7.84,7.46,7.8,7.77,0.03,0.3861,90618.17,69454.734
684,300164.SZ,20181029,7.87,7.98,7.7,7.77,7.86,-0.09,-1.145,71081.99,55692.617
685,300164.SZ,20181026,8.03,8.1,7.76,7.86,7.99,-0.13,-1.627,104138.63,82277.492
686,300164.SZ,20181025,7.43,8.0,7.35,7.99,7.79,0.2,2.5674,150160.61,116638.781
687,300164.SZ,20181024,7.74,7.88,7.52,7.79,8.12,-0.33,-4.064,214093.44,165661.355
688,300164.SZ,20181023,8.09,8.41,7.96,8.12,8.12,0.0,0.0,190286.45,155405.915
689,300164.SZ,20181022,7.67,8.16,7.64,8.12,7.63,0.49,6.422,194180.66,154890.411
690,300164.SZ,20181019,7.15,7.72,7.05,7.63,7.41,0.22,2.969,174407.82,129841.796
691,300164.SZ,20181018,7.72,7.8,7.4,7.41,8.1,-0.69,-8.5185,165411.95,125669.291
692,300164.SZ,20181017,8.5,8.72,7.64,8.1,8.38,-0.28,-3.3413,264658.88,213689.592
693,300164.SZ,20181016,8.45,8.66,8.31,8.38,8.52,-0.14,-1.6432,158523.0,134564.801
694,300164.SZ,20181015,8.4,8.72,8.36,8.52,8.51,0.01,0.1175,166259.57,142332.794
695,300164.SZ,20181012,8.48,8.72,7.96,8.51,8.76,-0.25,-2.8539,292265.31,243294.796
696,300164.SZ,20181011,9.0,9.24,8.76,8.76,9.73,-0.97,-9.9692,318410.04,284235.899
697,300164.SZ,20181010,9.6,9.81,9.45,9.73,9.69,0.04,0.4128,248650.94,239469.137
698,300164.SZ,20181009,9.28,9.86,9.15,9.69,9.21,0.48,5.2117,341728.14,327151.708
699,300164.SZ,20181008,9.31,9.73,9.14,9.21,9.28,-0.07,-0.7543,298938.41,283571.298
700,300164.SZ,20180928,9.17,9.3,9.01,9.28,9.16,0.12,1.31,136776.24,125078.207
701,300164.SZ,20180927,9.43,9.45,9.1,9.16,9.43,-0.27,-2.8632,181923.0,167549.035
702,300164.SZ,20180926,9.38,9.62,9.33,9.43,9.42,0.01,0.1062,223305.05,212084.978
703,300164.SZ,20180925,9.45,9.65,9.26,9.42,9.19,0.23,2.5027,241364.06,227827.591
704,300164.SZ,20180921,9.19,9.24,8.97,9.19,9.28,-0.09,-0.9698,170305.23,155284.875
705,300164.SZ,20180920,9.36,9.4,9.14,9.28,9.42,-0.14,-1.4862,217446.86,201265.058
706,300164.SZ,20180919,8.89,9.74,8.86,9.42,8.9,0.52,5.8427,349875.09,323812.88
707,300164.SZ,20180918,8.81,8.93,8.53,8.9,8.89,0.01,0.1125,210071.95,183447.7
708,300164.SZ,20180917,9.0,9.15,8.78,8.89,8.98,-0.09,-1.0022,209582.2,187276.086
709,300164.SZ,20180914,8.97,9.35,8.76,8.98,9.06,-0.08,-0.883,303513.51,275120.193
710,300164.SZ,20180913,9.15,9.46,8.88,9.06,8.91,0.15,1.6835,419601.95,385124.509
711,300164.SZ,20180912,9.25,9.44,8.82,8.91,9.01,-0.1,-1.1099,361835.26,327762.028
712,300164.SZ,20180911,8.27,9.01,8.27,9.01,8.19,0.82,10.0122,441369.35,390135.013
713,300164.SZ,20180910,8.55,8.68,8.13,8.19,8.63,-0.44,-5.0985,226757.02,191590.788
714,300164.SZ,20180907,8.32,8.77,8.32,8.63,8.31,0.32,3.8508,296017.0,253072.736
715,300164.SZ,20180906,8.47,8.65,8.27,8.31,8.3,0.01,0.1205,198564.9,167157.23
716,300164.SZ,20180905,8.48,8.49,8.26,8.3,8.43,-0.13,-1.5421,197268.61,165078.787
717,300164.SZ,20180904,8.03,8.46,8.03,8.43,7.92,0.51,6.4394,252779.91,209423.661
718,300164.SZ,20180903,7.58,7.98,7.58,7.92,7.63,0.29,3.8008,185180.91,145144.294
719,300164.SZ,20180831,8.25,8.25,7.61,7.63,8.2,-0.57,-6.9512,217116.05,170954.529
720,300164.SZ,20180830,8.3,8.5,8.1,8.2,8.29,-0.09,-1.0856,140221.31,116855.551
721,300164.SZ,20180829,8.24,8.37,8.04,8.29,8.24,0.05,0.6068,135251.0,110773.901
722,300164.SZ,20180828,8.26,8.47,8.1,8.24,8.36,-0.12,-1.4354,198502.23,164555.091
723,300164.SZ,20180827,8.15,8.52,8.07,8.36,8.05,0.31,3.8509,263563.0,219133.496
724,300164.SZ,20180824,7.78,8.06,7.66,8.05,7.81,0.24,3.073,183100.66,144795.371
725,300164.SZ,20180823,7.79,8.14,7.73,7.81,7.61,0.2,2.6281,235644.01,186326.006
726,300164.SZ,20180822,7.63,7.71,7.44,7.61,7.65,-0.04,-0.5229,132067.42,100048.675
727,300164.SZ,20180821,7.35,7.75,7.35,7.65,7.46,0.19,2.5469,205459.27,155843.057
728,300164.SZ,20180820,7.6,7.63,7.13,7.46,7.54,-0.08,-1.061,205119.61,151373.949
729,300164.SZ,20180817,7.94,8.04,7.45,7.54,7.91,-0.37,-4.6776,216449.69,168360.125
730,300164.SZ,20180816,8.25,8.33,7.81,7.91,8.53,-0.62,-7.2685,257052.74,209638.705
731,300164.SZ,20180815,8.34,8.55,8.18,8.53,8.42,0.11,1.3064,232596.19,193317.368
732,300164.SZ,20180814,8.3,8.72,8.24,8.42,8.37,0.05,0.5974,295292.02,250677.678
733,300164.SZ,20180813,8.26,8.5,8.16,8.37,8.48,-0.11,-1.2972,270683.35,225500.717
734,300164.SZ,20180810,8.28,8.9,8.21,8.48,8.55,-0.07,-0.8187,518144.78,441672.711
735,300164.SZ,20180809,8.35,8.89,8.06,8.55,8.8,-0.25,-2.8409,631893.31,528052.308
736,300164.SZ,20180808,8.79,8.8,8.4,8.8,8.0,0.8,10.0,794324.65,693756.638
737,300164.SZ,20180807,7.5,8.0,7.48,8.0,7.27,0.73,10.0413,171831.46,134753.475
738,300164.SZ,20180806,7.28,7.28,7.01,7.27,7.14,0.13,1.8207,119536.78,85577.625
739,300164.SZ,20180803,7.14,7.36,7.07,7.14,7.11,0.03,0.4219,125653.0,90687.694
740,300164.SZ,20180802,7.1,7.15,6.69,7.11,7.18,-0.07,-0.9749,135349.73,94581.151
741,300164.SZ,20180801,7.29,7.39,7.18,7.18,7.43,-0.25,-3.3647,131712.53,95823.861
742,300164.SZ,20180731,7.19,7.59,7.19,7.43,7.11,0.32,4.5007,228155.53,168975.305
743,300164.SZ,20180730,7.05,7.13,6.91,7.11,7.03,0.08,1.138,71618.0,50380.949
744,300164.SZ,20180727,7.17,7.17,7.02,7.03,7.15,-0.12,-1.6783,68208.31,48311.387
745,300164.SZ,20180726,7.06,7.17,7.01,7.15,7.15,0.0,0.0,88516.32,62722.114
746,300164.SZ,20180725,6.93,7.15,6.85,7.15,6.84,0.31,4.5322,129296.99,91415.653
747,300164.SZ,20180724,6.71,6.9,6.7,6.84,6.73,0.11,1.6345,69049.62,47157.137
748,300164.SZ,20180723,6.66,6.77,6.6,6.73,6.71,0.02,0.2981,50074.1,33587.69
749,300164.SZ,20180720,6.52,6.74,6.52,6.71,6.54,0.17,2.5994,57528.1,38310.081
750,300164.SZ,20180719,6.8,6.92,6.53,6.54,6.82,-0.28,-4.11,80361.0,53639.952
751,300164.SZ,20180718,6.94,6.99,6.8,6.82,6.95,-0.13,-1.87,64339.0,44375.142
752,300164.SZ,20180717,6.96,6.99,6.75,6.95,7.14,-0.19,-2.66,87140.93,59916.738
753,300164.SZ,20180716,7.08,7.15,7.03,7.14,7.05,0.09,1.28,60429.48,42889.905
754,300164.SZ,20180713,7.1,7.18,6.98,7.05,7.2,-0.15,-2.08,79268.0,55898.614
755,300164.SZ,20180712,7.0,7.26,6.91,7.2,7.23,-0.03,-0.41,136494.52,97167.97
756,300164.SZ,20180711,7.09,7.23,6.9,7.23,7.25,-0.02,-0.28,116811.3,81935.463
757,300164.SZ,20180710,7.05,7.25,7.05,7.25,7.08,0.17,2.4,105095.09,75089.969
758,300164.SZ,20180709,6.79,7.15,6.79,7.08,6.7,0.38,5.67,111900.92,78617.575
759,300164.SZ,20180706,6.72,6.9,6.5,6.7,6.75,-0.05,-0.74,67674.45,45643.123
760,300164.SZ,20180705,7.04,7.1,6.72,6.75,7.14,-0.39,-5.46,71860.0,49638.053
761,300164.SZ,20180704,7.1,7.25,7.02,7.14,7.27,-0.13,-1.79,90911.33,64680.864
762,300164.SZ,20180703,6.93,7.38,6.84,7.27,6.82,0.45,6.6,159847.78,113296.473
763,300164.SZ,20180702,7.18,7.18,6.75,6.82,7.19,-0.37,-5.15,120622.66,83489.361
764,300164.SZ,20180629,7.08,7.29,6.82,7.19,7.07,0.12,1.7,98238.65,69271.616
765,300164.SZ,20180628,7.21,7.55,7.06,7.07,7.08,-0.01,-0.14,133163.12,96832.18
766,300164.SZ,20180627,6.85,7.18,6.85,7.08,6.76,0.32,4.73,154559.47,108760.376
767,300164.SZ,20180626,6.98,7.01,6.55,6.76,6.49,0.27,4.16,144772.26,97762.383
768,300164.SZ,20180625,6.6,6.79,6.43,6.49,6.35,0.14,2.2,100813.08,66643.032
769,300164.SZ,20180622,6.11,6.43,5.76,6.35,6.15,0.2,3.25,86861.33,54075.093
770,300164.SZ,20180621,6.24,6.48,6.12,6.15,6.15,0.0,0.0,81490.44,51327.781
771,300164.SZ,20180620,6.1,6.28,5.93,6.15,6.25,-0.1,-1.6,108471.4,66744.307
772,300164.SZ,20180619,6.8,6.82,6.25,6.25,6.94,-0.69,-9.94,99601.0,64489.371
773,300164.SZ,20180615,7.15,7.18,6.81,6.94,7.19,-0.25,-3.48,94351.2,65788.163
774,300164.SZ,20180614,7.22,7.3,7.13,7.19,7.18,0.01,0.14,32132.0,23167.361
775,300164.SZ,20180613,7.3,7.34,7.0,7.18,7.36,-0.18,-2.45,54533.3,39257.004
776,300164.SZ,20180612,7.26,7.39,7.09,7.36,7.25,0.11,1.52,71436.25,51859.245
777,300164.SZ,20180611,7.73,7.78,7.16,7.25,7.95,-0.7,-8.81,118750.99,88218.484
778,300164.SZ,20180608,8.06,8.25,7.9,7.95,7.94,0.01,0.13,89609.77,72406.997
779,300164.SZ,20180607,8.05,8.14,7.94,7.94,8.19,-0.25,-3.05,60422.65,48546.194
780,300164.SZ,20180606,8.01,8.19,7.76,8.19,7.96,0.23,2.89,105200.51,84099.623
781,300164.SZ,20180605,7.69,7.97,7.6,7.96,7.69,0.27,3.51,73750.13,57587.011
782,300164.SZ,20180604,8.03,8.05,7.61,7.69,8.15,-0.46,-5.64,85668.46,67036.291
783,300164.SZ,20180601,7.62,8.23,7.56,8.15,7.9,0.25,3.16,140627.72,110818.552
784,300164.SZ,20180531,8.01,8.38,7.8,7.9,7.66,0.24,3.13,179685.62,144645.866
785,300164.SZ,20180530,7.62,7.84,7.57,7.66,7.74,-0.08,-1.03,100692.23,77561.004
786,300164.SZ,20180529,8.17,8.3,7.73,7.74,8.06,-0.32,-3.97,116957.0,94336.267
787,300164.SZ,20180528,7.9,8.09,7.76,8.06,8.13,-0.07,-0.86,151731.54,120050.466
788,300164.SZ,20180525,8.57,8.66,8.11,8.13,8.47,-0.34,-4.01,159514.11,131602.55
789,300164.SZ,20180524,8.43,8.68,8.36,8.47,8.56,-0.09,-1.05,135822.1,115805.062
790,300164.SZ,20180523,8.67,8.9,8.5,8.56,9.1,-0.54,-5.93,265053.21,230432.414
791,300164.SZ,20180522,9.08,9.56,8.8,9.1,8.8,0.3,3.41,358309.38,327893.358
792,300164.SZ,20180521,9.0,9.27,8.54,8.8,8.69,0.11,1.27,435757.1,389795.561
793,300164.SZ,20180518,7.97,8.69,7.97,8.69,7.9,0.79,10.0,363593.07,308941.046
794,300164.SZ,20180517,7.77,8.11,7.67,7.9,7.66,0.24,3.13,172631.85,136726.217
795,300164.SZ,20180516,7.72,7.97,7.63,7.66,7.8,-0.14,-1.79,112620.63,87985.207
796,300164.SZ,20180515,7.78,7.95,7.71,7.8,7.77,0.03,0.39,105180.79,82186.159
797,300164.SZ,20180514,7.7,7.82,7.59,7.77,7.86,-0.09,-1.15,117201.78,90244.183
798,300164.SZ,20180511,7.7,7.98,7.66,7.86,7.94,-0.08,-1.01,250063.81,195332.719
799,300164.SZ,20180510,7.47,7.94,7.47,7.94,7.22,0.72,9.97,368937.78,290409.001
800,300164.SZ,20180509,7.27,7.5,7.21,7.22,7.24,-0.02,-0.28,115851.89,85268.923
801,300164.SZ,20180508,7.21,7.25,7.11,7.24,7.18,0.06,0.84,54191.0,38886.801
802,300164.SZ,20180507,6.97,7.33,6.96,7.2,6.97,0.23,3.3,99867.82,72032.965
803,300164.SZ,20180504,7.04,7.08,6.91,6.97,7.0,-0.03,-0.43,48680.07,33988.742
804,300164.SZ,20180503,6.7,7.0,6.66,7.0,6.7,0.3,4.48,59325.5,40493.791
805,300164.SZ,20180502,6.64,6.76,6.62,6.7,6.68,0.02,0.3,29441.5,19701.797
806,300164.SZ,20180427,6.74,6.76,6.52,6.68,6.67,0.01,0.15,35297.81,23457.439
807,300164.SZ,20180426,6.83,6.86,6.65,6.67,6.82,-0.15,-2.2,38872.06,26143.484
808,300164.SZ,20180425,6.89,6.93,6.74,6.82,6.95,-0.13,-1.87,41412.03,28289.779
809,300164.SZ,20180424,6.86,6.97,6.83,6.95,6.81,0.14,2.06,36343.8,25158.576
810,300164.SZ,20180423,6.77,6.93,6.69,6.81,6.9,-0.09,-1.3,38983.73,26499.375
811,300164.SZ,20180420,7.1,7.18,6.82,6.9,7.19,-0.29,-4.03,60955.16,42828.874
812,300164.SZ,20180419,7.1,7.35,7.06,7.19,7.05,0.14,1.99,115406.21,83097.146
813,300164.SZ,20180418,6.77,7.1,6.66,7.05,6.78,0.27,3.98,70840.65,48841.235
814,300164.SZ,20180417,6.93,7.01,6.74,6.78,7.0,-0.22,-3.14,57439.0,39388.715
815,300164.SZ,20180416,7.0,7.14,6.91,7.0,6.9,0.1,1.45,73743.0,51943.668
816,300164.SZ,20180413,6.98,7.08,6.88,6.9,7.02,-0.12,-1.71,51257.01,35824.275
817,300164.SZ,20180412,7.08,7.18,6.96,7.02,7.11,-0.09,-1.27,75437.79,53055.944
818,300164.SZ,20180411,7.32,7.5,7.08,7.11,7.13,-0.02,-0.28,117105.75,85177.615
819,300164.SZ,20180410,7.03,7.2,6.88,7.13,7.01,0.12,1.71,69015.02,48387.455
820,300164.SZ,20180409,6.8,7.04,6.73,7.01,6.8,0.21,3.09,81742.83,56630.622
821,300164.SZ,20180404,6.94,7.09,6.77,6.8,6.95,-0.15,-2.16,63062.53,43378.677
822,300164.SZ,20180403,6.74,7.3,6.64,6.95,6.86,0.09,1.31,92670.34,64420.844
823,300164.SZ,20180402,6.82,6.89,6.71,6.86,6.71,0.15,2.24,77066.26,52475.529
824,300164.SZ,20180330,6.56,6.72,6.49,6.71,6.52,0.19,2.91,59110.26,39130.302
825,300164.SZ,20180329,6.43,6.53,6.39,6.52,6.42,0.1,1.56,30618.37,19799.113
826,300164.SZ,20180328,6.39,6.54,6.3,6.42,6.46,-0.04,-0.62,59134.02,38003.509
827,300164.SZ,20180327,6.4,6.54,6.38,6.46,6.4,0.06,0.94,58901.0,38125.552
828,300164.SZ,20180326,6.14,6.47,6.14,6.4,6.16,0.24,3.9,57645.09,36635.088
829,300164.SZ,20180323,6.29,6.55,6.05,6.16,6.57,-0.41,-6.24,82357.42,51921.597
830,300164.SZ,20180322,6.63,6.8,6.56,6.57,6.56,0.01,0.15,60836.0,40631.433
831,300164.SZ,20180321,6.75,6.85,6.54,6.56,6.69,-0.13,-1.94,59928.0,40414.325
832,300164.SZ,20180320,6.63,6.72,6.49,6.69,6.68,0.01,0.15,54727.89,36174.802
833,300164.SZ,20180319,6.65,6.77,6.6,6.68,6.67,0.01,0.15,50723.66,33975.147
834,300164.SZ,20180316,6.51,6.69,6.41,6.67,6.52,0.15,2.3,54250.0,35406.133
835,300164.SZ,20180315,6.63,6.63,6.4,6.52,6.7,-0.18,-2.69,50491.13,32859.223
836,300164.SZ,20180314,6.61,6.89,6.43,6.7,6.61,0.09,1.36,63206.88,42029.976
837,300164.SZ,20180313,6.69,6.71,6.6,6.61,6.71,-0.1,-1.49,28304.16,18812.238
838,300164.SZ,20180312,6.65,6.84,6.64,6.71,6.6,0.11,1.67,52307.33,35189.995
839,300164.SZ,20180309,6.51,6.64,6.48,6.6,6.53,0.07,1.07,32653.52,21485.439
840,300164.SZ,20180308,6.51,6.6,6.48,6.53,6.55,-0.02,-0.31,23505.22,15362.41
841,300164.SZ,20180307,6.47,6.57,6.42,6.55,6.48,0.07,1.08,33989.0,22106.477
842,300164.SZ,20180306,6.39,6.57,6.38,6.48,6.35,0.13,2.05,37131.14,24101.845
843,300164.SZ,20180305,6.34,6.4,6.31,6.35,6.36,-0.01,-0.16,20908.65,13273.704
844,300164.SZ,20180302,6.39,6.48,6.3,6.36,6.44,-0.08,-1.24,33359.57,21280.215
845,300164.SZ,20180301,6.2,6.45,6.15,6.44,6.29,0.15,2.38,42597.18,27087.071
846,300164.SZ,20180228,6.31,6.34,6.14,6.29,6.31,-0.02,-0.32,29625.0,18530.305
847,300164.SZ,20180227,6.34,6.38,6.28,6.31,6.34,-0.03,-0.47,36016.93,22750.863
848,300164.SZ,20180226,6.31,6.36,6.23,6.34,6.25,0.09,1.44,36143.05,22800.082
849,300164.SZ,20180223,6.26,6.35,6.17,6.25,6.2,0.05,0.81,40346.0,25317.058
850,300164.SZ,20180222,6.17,6.23,6.09,6.2,6.07,0.13,2.14,39092.45,24132.746
851,300164.SZ,20180214,5.95,6.19,5.95,6.07,5.98,0.09,1.51,43094.0,26085.773
852,300164.SZ,20180213,5.94,6.29,5.84,5.98,5.85,0.13,2.22,61899.0,37640.943
853,300164.SZ,20180212,5.85,5.89,5.72,5.85,5.71,0.14,2.45,32335.25,18834.857
854,300164.SZ,20180209,6.05,6.06,5.64,5.71,6.22,-0.51,-8.2,81674.14,47662.729
855,300164.SZ,20180208,6.23,6.41,6.22,6.22,6.35,-0.13,-2.05,43425.3,27390.289
856,300164.SZ,20180207,6.55,6.6,6.02,6.35,6.36,-0.01,-0.16,62151.3,39615.471
857,300164.SZ,20180206,6.34,6.97,6.34,6.36,6.8,-0.44,-6.47,70022.0,45810.011
858,300164.SZ,20180205,6.87,7.0,6.71,6.8,6.85,-0.05,-0.73,55936.94,38239.482
859,300164.SZ,20180202,6.45,6.97,6.45,6.85,6.62,0.23,3.47,85241.94,57779.793
860,300164.SZ,20180201,7.16,7.28,6.61,6.62,7.17,-0.55,-7.67,87526.6,60856.814
861,300164.SZ,20180131,7.16,7.37,7.07,7.17,7.3,-0.13,-1.78,68557.07,48963.126
862,300164.SZ,20180130,7.39,7.53,7.18,7.3,7.48,-0.18,-2.41,87352.2,63880.448
863,300164.SZ,20180129,7.29,7.63,7.29,7.48,7.33,0.15,2.05,125207.3,93433.234
864,300164.SZ,20180126,7.08,7.38,7.03,7.33,7.15,0.18,2.52,93428.8,67599.57
865,300164.SZ,20180125,7.3,7.67,7.15,7.15,7.14,0.01,0.14,191428.05,141427.452
866,300164.SZ,20180124,7.0,7.22,6.88,7.14,6.94,0.2,2.88,112117.23,79303.721
867,300164.SZ,20180123,6.94,7.07,6.81,6.94,6.9,0.04,0.58,63080.09,43868.351
868,300164.SZ,20180122,7.0,7.22,6.9,6.9,6.93,-0.03,-0.43,83628.16,58749.593
869,300164.SZ,20180119,6.81,6.93,6.72,6.93,6.82,0.11,1.61,57766.0,39525.059
870,300164.SZ,20180118,6.7,6.98,6.69,6.82,6.76,0.06,0.89,65084.0,44597.451
871,300164.SZ,20180117,6.83,6.87,6.67,6.76,6.83,-0.07,-1.02,100035.0,67489.202
872,300164.SZ,20180116,6.94,7.15,6.78,6.83,7.04,-0.21,-2.98,100971.35,69813.591
873,300164.SZ,20180115,6.93,7.15,6.61,7.04,6.94,0.1,1.44,142864.3,99089.743
874,300164.SZ,20180112,7.2,7.2,6.94,6.94,7.15,-0.21,-2.94,78779.0,55502.396
875,300164.SZ,20180111,7.13,7.22,7.01,7.15,7.23,-0.08,-1.11,81050.6,57754.393
876,300164.SZ,20180110,7.15,7.29,7.01,7.23,7.02,0.21,2.99,162315.5,116241.604
877,300164.SZ,20180109,6.86,7.3,6.85,7.02,6.83,0.19,2.78,130665.0,92262.672
878,300164.SZ,20180108,6.9,7.12,6.73,6.83,6.93,-0.1,-1.44,131773.01,91275.287
879,300164.SZ,20180105,6.8,7.01,6.69,6.93,6.8,0.13,1.91,153272.96,105796.711
880,300164.SZ,20180104,6.71,7.06,6.71,6.8,6.61,0.19,2.87,182959.42,125961.215
881,300164.SZ,20180103,6.57,6.66,6.45,6.61,6.56,0.05,0.76,88555.61,57973.898
882,300164.SZ,20180102,6.35,6.82,6.35,6.56,6.37,0.19,2.98,118641.0,78418.079
883,300164.SZ,20171229,6.31,6.49,6.31,6.37,6.34,0.03,0.47,70537.53,45178.628
884,300164.SZ,20171228,6.4,6.58,6.33,6.34,6.66,-0.32,-4.8,174510.52,112143.598
885,300164.SZ,20171227,6.28,6.83,6.28,6.66,6.21,0.45,7.25,313711.98,211372.215
886,300164.SZ,20171226,6.24,6.3,6.14,6.21,6.24,-0.03,-0.48,37673.09,23516.245
887,300164.SZ,20171225,6.49,6.5,6.15,6.24,6.53,-0.29,-4.44,85041.19,53522.825
888,300164.SZ,20171222,6.3,6.57,6.3,6.53,6.37,0.16,2.51,111589.11,72378.025
889,300164.SZ,20171221,6.15,6.55,6.11,6.37,6.07,0.3,4.94,116199.21,73123.434
890,300164.SZ,20171220,6.11,6.25,6.03,6.07,6.15,-0.08,-1.3,73022.14,44894.384
891,300164.SZ,20171219,6.05,6.17,5.99,6.15,6.06,0.09,1.49,64669.86,39437.694
892,300164.SZ,20171218,5.95,6.13,5.92,6.06,5.98,0.08,1.34,76089.92,45942.101
893,300164.SZ,20171215,5.8,6.01,5.75,5.98,5.82,0.16,2.75,80537.55,47672.089
894,300164.SZ,20171214,5.73,5.83,5.72,5.82,5.76,0.06,1.04,42171.82,24430.456
895,300164.SZ,20171213,5.63,5.79,5.61,5.76,5.67,0.09,1.59,56351.0,32205.353
896,300164.SZ,20171212,5.64,5.73,5.6,5.67,5.63,0.04,0.71,99399.69,56485.084
897,300164.SZ,20171211,5.66,5.69,5.59,5.63,5.64,-0.01,-0.18,40803.21,22988.332
898,300164.SZ,20171208,5.59,5.74,5.55,5.64,5.58,0.06,1.08,54339.01,30748.16
899,300164.SZ,20171207,5.56,5.68,5.5,5.58,5.57,0.01,0.18,49975.89,27926.445
900,300164.SZ,20171206,5.4,5.67,5.32,5.57,5.42,0.15,2.77,68741.52,37890.622
901,300164.SZ,20171205,5.7,5.75,5.31,5.42,5.77,-0.35,-6.07,83286.0,46243.309
902,300164.SZ,20171204,5.87,5.98,5.75,5.77,5.85,-0.08,-1.37,58041.23,34061.405
903,300164.SZ,20171201,5.77,5.86,5.74,5.85,5.76,0.09,1.56,35830.42,20847.419
904,300164.SZ,20171130,5.87,5.87,5.73,5.76,5.87,-0.11,-1.87,42250.94,24459.713
905,300164.SZ,20171129,5.94,5.95,5.79,5.87,5.93,-0.06,-1.01,45713.27,26751.789
906,300164.SZ,20171128,5.83,5.95,5.82,5.93,5.88,0.05,0.85,26744.6,15791.987
907,300164.SZ,20171127,5.81,5.99,5.81,5.88,5.87,0.01,0.17,40208.6,23734.245
908,300164.SZ,20171124,5.82,5.92,5.75,5.87,5.99,-0.12,-2.0,56860.2,33271.516
909,300164.SZ,20171123,6.07,6.35,5.95,5.99,5.94,0.05,0.84,113999.21,70342.954
910,300164.SZ,20171122,5.85,5.98,5.77,5.94,5.84,0.1,1.71,53511.17,31428.804
911,300164.SZ,20171121,5.76,5.92,5.7,5.84,5.81,0.03,0.52,60324.76,35143.326
912,300164.SZ,20171120,5.85,5.9,5.52,5.81,5.94,-0.13,-2.19,75045.41,42908.651
913,300164.SZ,20171117,6.24,6.34,5.92,5.94,6.16,-0.22,-3.57,112412.63,68837.723
914,300164.SZ,20171116,6.27,6.37,6.15,6.16,6.35,-0.19,-2.99,82405.14,51417.735
915,300164.SZ,20171115,6.2,6.43,6.08,6.35,6.25,0.1,1.6,148031.44,92171.883
916,300164.SZ,20171114,6.67,6.77,6.18,6.25,6.67,-0.42,-6.3,287070.56,185183.103
917,300164.SZ,20171113,6.67,6.67,6.67,6.67,6.06,0.61,10.07,45038.15,30040.446
918,300164.SZ,20170719,6.01,6.07,5.93,6.06,6.04,0.02,0.33,106282.24,63770.557
919,300164.SZ,20170718,6.13,6.15,5.83,6.04,6.13,-0.09,-1.47,146737.92,88102.313
920,300164.SZ,20170717,6.81,6.82,6.13,6.13,6.81,-0.68,-9.99,113752.44,72350.576
921,300164.SZ,20170714,6.89,6.93,6.8,6.81,6.86,-0.05,-0.73,23314.64,15951.882
922,300164.SZ,20170713,6.88,6.9,6.82,6.86,6.86,0.0,0.0,26119.18,17916.093
923,300164.SZ,20170712,6.92,6.95,6.72,6.86,6.92,-0.06,-0.87,33505.59,22817.941
924,300164.SZ,20170711,7.04,7.04,6.89,6.92,7.04,-0.12,-1.7,46187.2,32111.943
925,300164.SZ,20170710,7.03,7.1,6.98,7.04,7.03,0.01,0.14,58878.06,41447.667
926,300164.SZ,20170707,7.02,7.06,6.98,7.03,7.02,0.01,0.14,37337.15,26202.479
927,300164.SZ,20170706,7.02,7.07,6.99,7.02,7.07,-0.05,-0.71,39364.0,27649.986
928,300164.SZ,20170705,7.03,7.09,6.98,7.07,7.06,0.01,0.14,60433.44,42529.432
929,300164.SZ,20170704,6.95,7.08,6.9,7.06,6.94,0.12,1.73,80872.5,56701.709
930,300164.SZ,20170703,6.88,6.97,6.88,6.94,6.85,0.09,1.31,56834.82,39387.518
931,300164.SZ,20170630,6.83,6.88,6.78,6.85,6.88,-0.03,-0.44,37268.44,25483.711
932,300164.SZ,20170629,6.89,6.95,6.8,6.88,6.82,0.06,0.88,42069.11,28854.01
933,300164.SZ,20170628,6.88,6.92,6.79,6.82,6.92,-0.1,-1.45,52679.72,36023.235
934,300164.SZ,20170627,6.75,6.96,6.75,6.92,6.76,0.16,2.37,79412.63,54675.255
935,300164.SZ,20170626,6.74,6.85,6.67,6.76,6.74,0.02,0.3,77651.78,52430.345
936,300164.SZ,20170623,6.65,6.75,6.58,6.74,6.73,0.01,0.15,50465.75,33691.099
937,300164.SZ,20170622,6.96,6.99,6.7,6.73,6.98,-0.25,-3.58,54627.0,37571.476
938,300164.SZ,20170621,6.98,7.01,6.85,6.98,6.97,0.01,0.14,49853.73,34461.81
939,300164.SZ,20170620,6.94,7.04,6.91,6.97,6.94,0.03,0.43,55350.19,38579.323
940,300164.SZ,20170619,6.82,6.94,6.82,6.94,6.84,0.1,1.46,54998.09,37951.276
941,300164.SZ,20170616,6.86,6.88,6.8,6.84,6.87,-0.03,-0.44,44723.0,30603.52
942,300164.SZ,20170615,6.74,6.92,6.68,6.87,6.78,0.09,1.33,77771.8,53178.179
943,300164.SZ,20170614,6.74,6.81,6.7,6.78,6.73,0.05,0.74,53285.96,35997.419
944,300164.SZ,20170613,6.6,6.78,6.53,6.73,6.56,0.17,2.59,79795.72,53317.219
945,300164.SZ,20170612,6.77,6.77,6.55,6.56,6.77,-0.21,-3.1,75030.43,49807.199
946,300164.SZ,20170609,6.8,6.85,6.71,6.77,6.82,-0.05,-0.73,61142.2,41330.251
947,300164.SZ,20170608,6.9,6.94,6.8,6.82,6.95,-0.13,-1.87,82177.74,56358.783
948,300164.SZ,20170607,6.8,6.98,6.74,6.95,6.78,0.17,2.51,98280.43,67604.434
949,300164.SZ,20170606,6.73,6.83,6.67,6.78,6.74,0.04,0.59,45701.04,30799.351
950,300164.SZ,20170605,6.67,6.94,6.64,6.74,6.67,0.07,1.05,67572.6,45982.833
951,300164.SZ,20170602,6.6,6.76,6.33,6.67,6.63,0.04,0.6,103435.39,67675.631
952,300164.SZ,20170601,7.04,7.11,6.63,6.63,7.1,-0.47,-6.62,146944.11,100888.669
953,300164.SZ,20170531,7.35,7.38,7.1,7.1,7.3,-0.2,-2.74,72917.01,52719.802
954,300164.SZ,20170526,7.19,7.43,7.1,7.3,7.26,0.04,0.55,127384.06,92520.606
955,300164.SZ,20170525,7.28,7.36,7.05,7.26,7.29,-0.03,-0.41,103166.72,74209.397
956,300164.SZ,20170524,7.08,7.45,6.91,7.29,7.26,0.03,0.41,128479.38,93129.703
957,300164.SZ,20170523,7.85,7.85,7.11,7.26,7.77,-0.51,-6.56,208441.65,154997.781
958,300164.SZ,20170522,8.27,8.27,7.7,7.77,8.37,-0.6,-7.17,240646.88,193545.474
959,300164.SZ,20170519,8.4,8.95,8.23,8.37,8.14,0.23,2.83,440720.03,375300.773
960,300164.SZ,20170518,7.61,8.2,7.6,8.15,7.75,0.4,5.16,165799.97,131638.848
961,300164.SZ,20170517,7.41,7.92,7.41,7.75,7.45,0.3,4.03,100762.51,77419.729
962,300164.SZ,20170516,7.31,7.47,7.31,7.45,7.36,0.09,1.22,58045.54,42899.397
963,300164.SZ,20170515,7.16,7.38,7.16,7.36,7.15,0.21,2.94,56950.56,41535.304
964,300164.SZ,20170512,7.21,7.29,7.05,7.15,7.23,-0.08,-1.11,40546.94,29148.051
965,300164.SZ,20170511,7.2,7.39,6.99,7.23,7.23,0.0,0.0,67104.32,48389.265
966,300164.SZ,20170510,7.4,7.43,7.2,7.23,7.42,-0.19,-2.56,61377.16,44866.186
967,300164.SZ,20170509,7.05,7.48,6.88,7.42,7.06,0.36,5.1,119483.76,86626.074
968,300164.SZ,20170508,7.23,7.29,7.06,7.06,7.22,-0.16,-2.22,46981.0,33867.521
969,300164.SZ,20170505,7.21,7.38,7.15,7.22,7.32,-0.1,-1.37,52267.35,37943.58
970,300164.SZ,20170504,7.26,7.49,7.2,7.32,7.32,0.0,0.0,74195.46,54696.944
971,300164.SZ,20170503,7.4,7.41,7.14,7.32,7.46,-0.14,-1.88,102212.93,74276.441
972,300164.SZ,20170502,7.44,7.52,7.33,7.46,7.44,0.02,0.27,60029.76,44456.497
973,300164.SZ,20170428,7.24,7.48,7.2,7.44,7.3,0.14,1.92,67275.65,49779.226
974,300164.SZ,20170427,7.19,7.34,7.01,7.3,7.25,0.05,0.69,89569.2,64456.072
975,300164.SZ,20170426,7.39,7.44,6.83,7.25,7.39,-0.14,-1.89,243187.46,172780.998
976,300164.SZ,20170425,7.7,7.76,7.39,7.39,7.65,-0.26,-3.4,85318.51,64301.26
977,300164.SZ,20170424,8.0,8.0,7.62,7.65,8.0,-0.35,-4.38,40342.44,31136.325
978,300164.SZ,20170421,7.96,8.05,7.92,8.0,7.98,0.02,0.25,51693.46,41234.091
979,300164.SZ,20170420,8.32,8.32,7.94,7.98,8.41,-0.43,-5.11,144711.6,117037.485
980,300164.SZ,20170419,8.96,9.04,8.12,8.41,9.01,-0.6,-6.66,125700.97,106860.027
981,300164.SZ,20170418,9.3,9.4,8.94,9.01,9.43,-0.42,-4.45,147416.49,135788.76
982,300164.SZ,20170417,9.52,9.65,9.15,9.43,9.6,-0.17,-1.77,119936.59,112831.442
983,300164.SZ,20170414,9.25,9.82,9.25,9.6,9.35,0.25,2.67,233639.03,223119.898
984,300164.SZ,20170413,9.01,9.35,8.86,9.35,8.98,0.37,4.12,100250.48,90533.594
985,300164.SZ,20170412,9.11,9.25,8.97,8.98,9.17,-0.19,-2.07,55217.33,50318.914
986,300164.SZ,20170411,9.21,9.26,9.03,9.17,9.03,0.14,1.55,62791.95,57409.635
987,300164.SZ,20170410,9.2,9.2,8.93,9.03,9.25,-0.22,-2.38,102628.16,92653.478
988,300164.SZ,20170407,8.86,9.42,8.8,9.25,8.86,0.39,4.4,151183.91,139346.98
989,300164.SZ,20170406,8.81,8.93,8.72,8.86,8.8,0.06,0.68,50854.43,44924.754
990,300164.SZ,20170405,8.61,8.9,8.61,8.8,8.73,0.07,0.8,91364.68,80130.291
991,300164.SZ,20170331,9.03,9.25,8.61,8.73,9.06,-0.33,-3.64,110044.95,98858.381
992,300164.SZ,20170330,9.02,9.15,8.9,9.06,9.05,0.01,0.11,58301.58,52603.407
993,300164.SZ,20170329,9.11,9.16,8.89,9.05,9.11,-0.06,-0.66,42309.57,38290.085
994,300164.SZ,20170328,9.1,9.17,9.03,9.11,9.12,-0.01,-0.11,38691.28,35183.706
995,300164.SZ,20170327,9.11,9.18,8.99,9.12,9.2,-0.08,-0.87,57322.79,52001.013
996,300164.SZ,20170324,9.54,9.56,8.88,9.2,9.54,-0.34,-3.56,143711.65,131667.366
997,300164.SZ,20170323,9.72,9.8,9.43,9.54,9.78,-0.24,-2.45,73508.21,70316.613
998,300164.SZ,20170322,9.6,9.86,9.6,9.78,9.6,0.18,1.88,68584.5,66957.668
999,300164.SZ,20170321,9.71,9.78,9.56,9.6,9.7,-0.1,-1.03,40077.39,38631.662
1000,300164.SZ,20170320,9.47,9.7,9.47,9.7,9.56,0.14,1.46,42756.69,41179.031
1001,300164.SZ,20170317,9.62,9.7,9.51,9.56,9.59,-0.03,-0.31,36166.91,34800.098
1002,300164.SZ,20170316,9.49,9.66,9.49,9.59,9.44,0.15,1.59,50576.11,48445.385
1003,300164.SZ,20170315,9.41,9.49,9.34,9.44,9.45,-0.01,-0.11,43829.77,41276.177
1004,300164.SZ,20170314,9.45,9.52,9.43,9.45,9.48,-0.03,-0.32,41965.38,39748.29
1005,300164.SZ,20170313,9.44,9.56,9.3,9.48,9.44,0.04,0.42,58203.25,54899.286
1006,300164.SZ,20170310,9.65,9.84,9.4,9.44,9.69,-0.25,-2.58,77795.74,74293.699
1007,300164.SZ,20170309,9.78,9.82,9.33,9.69,9.94,-0.25,-2.52,58988.37,56837.534
1008,300164.SZ,20170308,9.88,10.06,9.71,9.94,9.86,0.08,0.81,69686.45,69426.501
1009,300164.SZ,20170307,9.69,9.9,9.66,9.86,9.66,0.2,2.07,76407.0,75027.409
1010,300164.SZ,20170306,9.58,9.81,9.58,9.66,9.59,0.07,0.73,55221.93,53584.152
1011,300164.SZ,20170303,9.45,9.65,9.45,9.59,9.53,0.06,0.63,44450.37,42567.047
1012,300164.SZ,20170302,9.66,9.7,9.45,9.53,9.6,-0.07,-0.73,102363.02,97945.148
1013,300164.SZ,20170301,9.7,9.81,9.58,9.6,9.72,-0.12,-1.23,56136.73,54455.345
1014,300164.SZ,20170228,9.62,9.91,9.61,9.72,9.66,0.06,0.62,56459.79,54898.831
1015,300164.SZ,20170227,9.86,10.1,9.54,9.66,9.91,-0.25,-2.52,66441.71,65152.217
1016,300164.SZ,20170224,9.72,10.12,9.72,9.91,9.72,0.19,1.95,77249.64,76961.457
1017,300164.SZ,20170223,9.72,9.83,9.6,9.72,9.72,0.0,0.0,47880.72,46535.79
1018,300164.SZ,20170222,9.65,9.95,9.64,9.72,9.7,0.02,0.21,95420.73,93772.075
1019,300164.SZ,20170221,9.21,9.72,9.17,9.7,9.2,0.5,5.43,150698.69,143093.587
1020,300164.SZ,20170220,9.19,9.29,9.11,9.2,9.19,0.01,0.11,134905.74,123951.252
1021,300164.SZ,20170217,9.65,9.69,9.04,9.19,9.68,-0.49,-5.06,140408.5,131008.538
1022,300164.SZ,20170216,9.61,9.74,9.52,9.68,9.63,0.05,0.52,83130.96,79959.426
1023,300164.SZ,20170215,10.16,10.17,9.5,9.63,10.14,-0.51,-5.03,156817.65,153754.334
1024,300164.SZ,20170214,10.23,10.25,10.06,10.14,10.22,-0.08,-0.78,70311.76,71354.95
1025,300164.SZ,20170213,10.03,10.35,10.03,10.22,10.04,0.18,1.79,119770.71,122532.912
1026,300164.SZ,20170210,10.1,10.23,9.97,10.04,10.17,-0.13,-1.28,85174.91,85832.672
1027,300164.SZ,20170209,10.08,10.18,9.91,10.17,10.16,0.01,0.1,63789.08,64059.961
1028,300164.SZ,20170208,10.25,10.25,9.87,10.16,10.3,-0.14,-1.36,96486.05,96563.223
1029,300164.SZ,20170207,10.38,10.41,10.21,10.3,10.41,-0.11,-1.06,47441.0,48882.575
1030,300164.SZ,20170206,10.18,10.48,10.14,10.41,10.18,0.23,2.26,72371.29,75010.112
1031,300164.SZ,20170203,10.19,10.32,10.1,10.18,10.18,0.0,0.0,27676.0,28183.639
1032,300164.SZ,20170126,10.31,10.35,10.01,10.18,10.29,-0.11,-1.07,55823.0,56819.344
1033,300164.SZ,20170125,10.4,10.55,10.23,10.29,10.42,-0.13,-1.25,36412.9,37905.625
1034,300164.SZ,20170124,10.26,10.54,10.12,10.42,10.33,0.09,0.87,49512.27,51437.68
1035,300164.SZ,20170123,10.21,10.68,10.15,10.33,10.0,0.33,3.3,90424.38,93763.152
1036,300164.SZ,20170120,9.92,10.08,9.85,10.0,9.88,0.12,1.21,40359.21,40328.012
1037,300164.SZ,20170119,9.9,10.1,9.83,9.88,10.03,-0.15,-1.5,37244.36,36930.175
1038,300164.SZ,20170118,10.19,10.4,9.97,10.03,10.19,-0.16,-1.57,49940.22,50788.102
1039,300164.SZ,20170117,9.85,10.23,9.7,10.19,9.85,0.34,3.45,56955.86,56880.223
1040,300164.SZ,20170116,10.07,10.25,9.4,9.85,10.12,-0.27,-2.67,102519.25,102102.467
1041,300164.SZ,20170113,10.5,10.66,10.1,10.12,10.5,-0.38,-3.62,55161.21,57156.209
1042,300164.SZ,20170112,10.49,10.66,10.3,10.5,10.53,-0.03,-0.28,75918.95,79666.841
1043,300164.SZ,20170111,10.8,10.8,10.32,10.53,10.83,-0.3,-2.77,135303.09,141992.418
1044,300164.SZ,20170110,11.05,11.23,10.81,10.83,11.2,-0.37,-3.3,92796.0,101328.263
1045,300164.SZ,20170109,11.28,11.28,10.9,11.2,11.31,-0.11,-0.97,91477.71,101358.19
1046,300164.SZ,20170106,11.52,11.55,11.17,11.31,11.41,-0.1,-0.88,96569.27,110028.1
1047,300164.SZ,20170105,11.35,11.65,11.02,11.41,11.21,0.2,1.78,115722.86,132073.673
1048,300164.SZ,20170104,10.55,11.57,10.5,11.21,10.62,0.59,5.56,165611.06,184751.587
1049,300164.SZ,20170103,10.34,10.71,10.25,10.62,10.34,0.28,2.71,89374.47,94297.017
1050,300164.SZ,20161230,10.39,10.47,10.16,10.34,10.34,0.0,0.0,55467.7,57113.934
1051,300164.SZ,20161229,10.29,10.5,10.1,10.34,10.35,-0.01,-0.1,71025.04,73241.909
1052,300164.SZ,20161228,10.47,10.84,10.22,10.35,10.41,-0.06,-0.58,109224.09,115116.097
1053,300164.SZ,20161227,10.38,10.57,10.29,10.41,10.4,0.01,0.1,68455.25,71512.381
1054,300164.SZ,20161226,10.63,10.65,9.98,10.4,10.59,-0.19,-1.79,159176.89,163526.642
1055,300164.SZ,20161223,10.85,11.1,10.43,10.59,10.92,-0.33,-3.02,116249.13,125393.424
1056,300164.SZ,20161222,11.1,11.18,10.75,10.92,11.25,-0.33,-2.93,130176.84,142699.857
1057,300164.SZ,20161221,11.26,11.68,11.2,11.25,11.11,0.14,1.26,167147.13,191037.801
1058,300164.SZ,20161220,11.36,11.5,11.06,11.11,11.55,-0.44,-3.81,113740.31,127793.786
1059,300164.SZ,20161219,11.14,11.58,10.98,11.55,11.1,0.45,4.05,167111.86,189969.135
1060,300164.SZ,20161216,11.3,11.4,11.0,11.1,11.47,-0.37,-3.23,124343.72,138868.365
1061,300164.SZ,20161215,10.8,11.56,10.62,11.47,11.18,0.29,2.59,194977.91,217452.859
1062,300164.SZ,20161214,11.6,11.92,11.12,11.18,11.76,-0.58,-4.93,261804.28,301074.092
1063,300164.SZ,20161213,11.35,11.97,10.51,11.76,11.19,0.57,5.09,347937.4,392001.182
1064,300164.SZ,20161212,10.99,11.92,10.99,11.19,10.84,0.35,3.23,392830.44,449613.054
1065,300164.SZ,20161209,10.46,10.88,10.28,10.84,10.3,0.54,5.24,241348.12,255709.145
1066,300164.SZ,20161208,10.5,10.78,10.23,10.3,10.5,-0.2,-1.9,189071.04,197633.33
1067,300164.SZ,20161207,10.0,10.65,9.86,10.5,10.19,0.31,3.04,390595.75,402253.002
1068,300164.SZ,20161206,9.51,10.49,9.51,10.19,9.54,0.65,6.81,488510.01,506264.09
1069,300164.SZ,20161205,9.42,9.67,9.31,9.54,9.75,-0.21,-2.15,119548.76,113397.853
1070,300164.SZ,20161202,9.99,10.39,9.63,9.75,10.12,-0.37,-3.66,284146.84,285731.966
1071,300164.SZ,20161201,10.35,10.45,9.93,10.12,9.5,0.62,6.53,352013.96,360464.802
1072,300164.SZ,20161130,9.61,9.77,9.35,9.5,9.81,-0.31,-3.16,99151.62,94709.279
1073,300164.SZ,20161129,9.63,9.93,9.57,9.81,9.7,0.11,1.13,126468.61,123594.819
1074,300164.SZ,20161128,9.8,9.8,9.35,9.7,9.82,-0.12,-1.22,160945.36,154700.505
1075,300164.SZ,20161125,9.56,9.87,9.33,9.82,9.68,0.14,1.45,130066.13,124849.302
1076,300164.SZ,20161124,9.65,9.96,9.43,9.68,9.68,0.0,0.0,202787.36,196890.495
1077,300164.SZ,20161123,9.45,10.2,9.39,9.68,9.39,0.29,3.09,383920.6,374844.591
1078,300164.SZ,20161122,9.22,9.47,9.13,9.39,9.02,0.37,4.1,251309.24,234103.239
1079,300164.SZ,20161121,8.84,9.04,8.74,9.02,8.75,0.27,3.09,151814.01,135734.833
1080,300164.SZ,20161118,8.77,8.85,8.75,8.75,8.8,-0.05,-0.57,56377.02,49618.268
1081,300164.SZ,20161117,8.85,8.86,8.74,8.8,8.89,-0.09,-1.01,89495.96,78700.207
1082,300164.SZ,20161116,9.0,9.12,8.87,8.89,8.9,-0.01,-0.11,109979.8,98693.436
1083,300164.SZ,20161115,8.83,8.92,8.78,8.9,8.86,0.04,0.45,70340.68,62187.401
1084,300164.SZ,20161114,8.8,9.06,8.75,8.86,8.95,-0.09,-1.01,111732.85,98917.669
1085,300164.SZ,20161111,8.75,9.07,8.69,8.95,8.81,0.14,1.59,152411.07,134565.618
1086,300164.SZ,20161110,8.54,8.9,8.54,8.81,8.48,0.33,3.89,178561.84,156589.461
1087,300164.SZ,20161109,8.55,8.58,8.36,8.48,8.56,-0.08,-0.93,115632.86,98211.392
1088,300164.SZ,20161108,8.46,8.7,8.46,8.56,8.43,0.13,1.54,123655.56,106382.497
1089,300164.SZ,20161107,8.39,8.48,8.32,8.43,8.39,0.04,0.48,86143.46,72377.618
1090,300164.SZ,20161104,8.35,8.46,8.32,8.39,8.35,0.04,0.48,63990.47,53768.625
1091,300164.SZ,20161103,8.26,8.42,8.24,8.35,8.28,0.07,0.85,70864.77,59123.408
1092,300164.SZ,20161102,8.37,8.43,8.27,8.28,8.42,-0.14,-1.66,76153.51,63575.382
1093,300164.SZ,20161101,8.35,8.43,8.29,8.42,8.38,0.04,0.48,81107.24,67882.36
1094,300164.SZ,20161031,8.44,8.48,8.29,8.38,8.5,-0.12,-1.41,94439.42,78915.402
1095,300164.SZ,20161028,8.72,8.72,8.5,8.5,8.7,-0.2,-2.3,56038.16,48279.1702
1096,300164.SZ,20161027,8.63,8.72,8.57,8.7,8.66,0.04,0.46,51815.03,44691.1684
1097,300164.SZ,20161026,8.62,8.78,8.57,8.66,8.63,0.03,0.35,100473.81,87462.5764
1098,300164.SZ,20161025,8.74,8.82,8.6,8.63,8.79,-0.16,-1.82,106017.17,92000.004
1099,300164.SZ,20161024,8.57,8.91,8.54,8.79,8.51,0.28,3.29,159331.36,139807.6975
1100,300164.SZ,20161021,8.61,8.64,8.38,8.51,8.68,-0.17,-1.96,106549.13,90727.1475
1101,300164.SZ,20161020,8.87,8.88,8.68,8.68,8.78,-0.1,-1.14,80222.66,70203.5068
1102,300164.SZ,20161019,8.77,8.95,8.7,8.78,8.75,0.03,0.34,110341.69,97168.2809
1103,300164.SZ,20161018,8.65,8.77,8.61,8.75,8.65,0.1,1.16,95122.76,82830.6552
1104,300164.SZ,20161017,8.74,8.8,8.51,8.65,8.72,-0.07,-0.8,96456.52,83640.8663
1105,300164.SZ,20161014,8.88,8.95,8.63,8.72,8.89,-0.17,-1.91,148245.51,129858.1766
1106,300164.SZ,20161013,8.85,8.92,8.79,8.89,8.93,-0.04,-0.45,170439.38,150785.1426
1107,300164.SZ,20161012,9.05,9.16,8.85,8.93,9.13,-0.2,-2.19,305892.65,274559.9137
1108,300164.SZ,20161011,8.35,9.13,8.33,9.13,8.3,0.83,10.0,438758.6,394642.6531
1109,300164.SZ,20161010,8.44,8.5,8.24,8.3,8.11,0.19,2.34,100240.11,83315.4547
1110,300164.SZ,20160930,8.01,8.16,7.95,8.11,8.07,0.04,0.5,61819.09,49902.9792
1111,300164.SZ,20160929,7.98,8.24,7.95,8.07,7.89,0.18,2.28,100462.3,81603.5541
1112,300164.SZ,20160928,7.88,7.93,7.8,7.89,7.91,-0.02,-0.25,39198.31,30810.8448
1113,300164.SZ,20160927,7.93,7.93,7.8,7.91,7.85,0.06,0.76,51594.6,40606.6039
1114,300164.SZ,20160926,8.01,8.07,7.81,7.85,8.02,-0.17,-2.12,47588.89,37942.7551
1115,300164.SZ,20160923,7.99,8.13,7.99,8.02,8.01,0.01,0.12,44099.15,35520.981
1116,300164.SZ,20160922,8.02,8.06,7.97,8.01,8.0,0.01,0.13,49082.59,39315.529
1117,300164.SZ,20160921,7.9,8.05,7.9,8.0,7.91,0.09,1.14,43088.09,34462.098
1118,300164.SZ,20160920,7.87,7.94,7.85,7.91,7.88,0.03,0.38,38269.23,30203.2925
1119,300164.SZ,20160919,7.83,7.92,7.8,7.88,7.8,0.08,1.03,38613.19,30423.6713
1120,300164.SZ,20160914,7.72,7.85,7.66,7.8,7.76,0.04,0.52,44890.25,34907.9232
1121,300164.SZ,20160913,7.7,7.79,7.69,7.76,7.66,0.1,1.31,39247.54,30391.227
1122,300164.SZ,20160912,7.88,7.88,7.66,7.66,8.04,-0.38,-4.73,73448.45,57039.5785
1123,300164.SZ,20160909,8.15,8.24,8.0,8.04,8.13,-0.09,-1.11,55908.67,45419.0141
1124,300164.SZ,20160908,8.02,8.17,8.0,8.13,8.02,0.11,1.37,97824.61,79138.7097
1125,300164.SZ,20160907,8.07,8.12,8.0,8.02,8.08,-0.06,-0.74,68255.15,55085.3821
1126,300164.SZ,20160906,8.03,8.09,7.91,8.08,7.97,0.11,1.38,59216.69,47424.4115
1127,300164.SZ,20160905,8.07,8.08,7.92,7.97,8.03,-0.06,-0.75,46783.71,37474.3951
1128,300164.SZ,20160902,7.96,8.06,7.73,8.03,7.93,0.1,1.26,63478.02,50435.9701
1129,300164.SZ,20160901,7.94,8.07,7.87,7.93,7.94,-0.01,-0.13,78818.25,63001.8187
1130,300164.SZ,20160831,7.97,8.02,7.88,7.94,7.97,-0.03,-0.38,36017.78,28590.3682
1131,300164.SZ,20160830,7.89,7.99,7.82,7.97,7.86,0.11,1.4,54880.38,43614.0356
1132,300164.SZ,20160829,7.81,7.91,7.78,7.86,7.8,0.06,0.77,36420.48,28614.7027
1133,300164.SZ,20160826,7.78,7.9,7.77,7.8,7.76,0.04,0.52,52002.68,40812.2673
1134,300164.SZ,20160825,7.83,7.88,7.71,7.76,7.9,-0.14,-1.77,41712.91,32395.393
1135,300164.SZ,20160824,7.76,7.91,7.76,7.9,7.78,0.12,1.54,39387.85,30985.494
1136,300164.SZ,20160823,7.77,7.84,7.71,7.78,7.74,0.04,0.52,40359.85,31454.6121
1137,300164.SZ,20160822,7.9,7.9,7.73,7.74,7.92,-0.18,-2.27,46582.72,36288.0046
1138,300164.SZ,20160819,7.95,8.06,7.89,7.92,7.91,0.01,0.13,47046.0,37504.3681
1139,300164.SZ,20160818,7.92,7.98,7.87,7.91,7.91,0.0,0.0,45009.3,35652.2234
1140,300164.SZ,20160817,7.85,7.93,7.79,7.91,7.86,0.05,0.64,43185.57,33993.7031
1141,300164.SZ,20160816,7.8,7.9,7.8,7.86,7.8,0.06,0.77,41747.48,32797.2672
1142,300164.SZ,20160815,7.65,7.86,7.65,7.8,7.66,0.14,1.83,59965.69,46561.4077
1143,300164.SZ,20160812,7.63,7.68,7.57,7.66,7.58,0.08,1.06,34265.41,26155.2806
1144,300164.SZ,20160811,7.66,7.69,7.55,7.58,7.7,-0.12,-1.56,39295.11,29882.9345
1145,300164.SZ,20160810,7.66,7.78,7.65,7.7,7.7,0.0,0.0,40638.68,31330.2181
1146,300164.SZ,20160809,7.6,7.75,7.59,7.7,7.63,0.07,0.92,45129.65,34667.0208
1147,300164.SZ,20160808,7.49,7.72,7.41,7.63,7.54,0.09,1.19,38063.19,28749.2559
1148,300164.SZ,20160805,7.55,7.61,7.5,7.54,7.63,-0.09,-1.18,40020.36,30208.9352
1149,300164.SZ,20160804,7.5,7.86,7.45,7.63,7.44,0.19,2.55,77507.75,59597.7102
1150,300164.SZ,20160803,7.42,7.48,7.36,7.44,7.42,0.02,0.27,29753.65,22086.6577
1151,300164.SZ,20160802,7.39,7.42,7.31,7.42,7.35,0.07,0.95,37507.18,27675.3628
1152,300164.SZ,20160801,7.34,7.44,7.21,7.35,7.47,-0.12,-1.61,47042.41,34308.5043
1153,300164.SZ,20160729,7.56,7.59,7.41,7.47,7.53,-0.06,-0.8,45921.83,34393.0682
1154,300164.SZ,20160728,7.67,7.7,7.49,7.53,7.67,-0.14,-1.83,76275.27,57907.37
1155,300164.SZ,20160727,8.24,8.27,7.55,7.67,8.22,-0.55,-6.69,92199.08,72777.216
1156,300164.SZ,20160726,8.14,8.23,8.11,8.22,8.15,0.07,0.86,45199.14,37029.7982
1157,300164.SZ,20160725,8.2,8.24,8.1,8.15,8.2,-0.05,-0.61,39097.17,31909.5596
1158,300164.SZ,20160722,8.22,8.29,8.19,8.2,8.23,-0.03,-0.36,45037.56,37084.1704
1159,300164.SZ,20160721,8.18,8.43,8.15,8.23,8.21,0.02,0.24,66426.61,54961.9459
1160,300164.SZ,20160720,8.24,8.32,8.19,8.21,8.23,-0.02,-0.24,42344.65,34912.7192
1161,300164.SZ,20160719,8.23,8.28,8.13,8.23,8.25,-0.02,-0.24,60394.21,49531.3123
1162,300164.SZ,20160718,8.47,8.5,8.25,8.25,8.52,-0.27,-3.17,68864.79,57454.8497
1163,300164.SZ,20160715,8.48,8.57,8.4,8.52,8.49,0.03,0.35,75711.71,64375.648
1164,300164.SZ,20160714,8.33,8.72,8.23,8.49,8.37,0.12,1.43,113362.23,95365.5763
1165,300164.SZ,20160713,8.45,8.54,8.32,8.37,8.4,-0.03,-0.36,80738.6,67917.5573
1166,300164.SZ,20160712,8.01,8.83,7.91,8.4,8.03,0.37,4.61,144980.39,120588.9165
1167,300164.SZ,20160711,8.08,8.14,8.01,8.03,8.09,-0.06,-0.74,55983.6,45228.5622
1168,300164.SZ,20160708,8.13,8.17,8.02,8.09,8.16,-0.07,-0.86,55198.79,44614.9722
1169,300164.SZ,20160707,8.1,8.2,8.0,8.16,8.09,0.07,0.87,71933.15,58422.5983
1170,300164.SZ,20160706,8.07,8.15,7.97,8.09,8.11,-0.02,-0.25,65543.92,52844.1103
1171,300164.SZ,20160705,8.09,8.13,8.01,8.11,8.09,0.02,0.25,62042.54,50094.1957
1172,300164.SZ,20160704,7.8,8.13,7.78,8.09,7.9,0.19,2.41,70354.11,56441.7934
1173,300164.SZ,20160701,7.96,8.0,7.85,7.9,7.96,-0.06,-0.75,43694.29,34668.3675
1174,300164.SZ,20160630,7.99,8.03,7.89,7.96,8.0,-0.04,-0.5,64349.77,51052.2109
1175,300164.SZ,20160629,7.87,8.18,7.8,8.0,7.84,0.16,2.04,126952.19,101462.8422
1176,300164.SZ,20160628,7.74,7.84,7.67,7.84,7.77,0.07,0.9,70567.27,54786.8502
1177,300164.SZ,20160627,7.46,7.79,7.45,7.77,7.5,0.27,3.6,88453.24,67682.3555
1178,300164.SZ,20160624,7.68,7.76,7.34,7.5,7.67,-0.17,-2.22,84218.12,63384.7565
1179,300164.SZ,20160623,7.67,7.77,7.56,7.67,7.68,-0.01,-0.13,50205.83,38535.1272
1180,300164.SZ,20160622,7.53,7.72,7.48,7.68,7.51,0.17,2.26,54031.6,41034.2964
1181,300164.SZ,20160621,7.79,7.81,7.46,7.51,7.7,-0.19,-2.47,72469.69,55635.5769
1182,300164.SZ,20160620,7.76,7.79,7.59,7.7,7.75,-0.05,-0.65,50371.55,38537.9093
1183,300164.SZ,20160617,7.63,7.8,7.62,7.75,7.59,0.16,2.11,53616.64,41345.9137
1184,300164.SZ,20160616,7.63,7.68,7.55,7.59,7.7,-0.11,-1.43,61527.36,46822.3612
1185,300164.SZ,20160615,7.36,7.73,7.33,7.7,7.43,0.27,3.63,52085.43,39556.462
1186,300164.SZ,20160614,7.49,7.5,7.35,7.43,7.52,-0.09,-1.2,43494.58,32225.7781
1187,300164.SZ,20160613,7.75,7.76,7.35,7.52,7.92,-0.4,-5.05,85268.0,64962.1844
1188,300164.SZ,20160608,7.8,8.11,7.75,7.92,7.73,0.19,2.46,89607.26,71197.2271
1189,300164.SZ,20160607,7.88,7.92,7.72,7.73,7.83,-0.1,-1.28,41711.21,32515.1797
1190,300164.SZ,20160606,7.77,7.85,7.69,7.83,7.76,0.07,0.9,46069.11,35784.0538
1191,300164.SZ,20160603,7.69,7.83,7.67,7.76,7.77,-0.01,-0.13,53648.84,41558.6354
1192,300164.SZ,20160602,7.75,7.86,7.56,7.77,7.74,0.03,0.39,87152.7,67277.3593
1193,300164.SZ,20160601,7.55,7.78,7.52,7.74,7.54,0.2,2.65,88759.17,68311.6903
1194,300164.SZ,20160531,7.24,7.59,7.24,7.54,7.26,0.28,3.86,81044.2,60563.4391
1195,300164.SZ,20160530,7.27,7.34,7.2,7.26,7.31,-0.05,-0.68,28124.72,20478.9577
1196,300164.SZ,20160527,7.3,7.37,7.26,7.31,7.35,-0.04,-0.54,37432.72,27361.12
1197,300164.SZ,20160526,7.29,7.36,7.05,7.35,7.26,0.09,1.24,53668.69,38760.7439
1198,300164.SZ,20160525,7.32,7.39,7.23,7.26,7.28,-0.02,-0.27,30607.25,22409.082
1199,300164.SZ,20160524,7.35,7.37,7.22,7.28,7.38,-0.1,-1.36,29087.0,21193.7351
1200,300164.SZ,20160523,7.25,7.41,7.25,7.38,7.29,0.09,1.23,46127.84,33965.6577
1201,300164.SZ,20160520,7.12,7.29,7.1,7.29,7.21,0.08,1.11,34861.45,25148.042
1202,300164.SZ,20160519,7.18,7.32,7.15,7.21,7.19,0.02,0.28,51491.87,37342.5859
1203,300164.SZ,20160518,7.37,7.4,7.15,7.19,7.45,-0.26,-3.49,66918.05,48443.5298
1204,300164.SZ,20160517,7.34,7.56,7.3,7.45,7.3,0.15,2.05,64158.87,47693.7556
1205,300164.SZ,20160516,7.11,7.33,7.1,7.3,7.19,0.11,1.53,44881.43,32463.4476
1206,300164.SZ,20160513,7.29,7.36,7.1,7.19,7.37,-0.18,-2.44,37099.11,26933.9149
1207,300164.SZ,20160512,7.19,7.38,7.07,7.37,7.27,0.1,1.38,58087.09,41835.0063
1208,300164.SZ,20160511,7.33,7.4,7.2,7.27,7.29,-0.02,-0.27,43503.5,31856.0842
1209,300164.SZ,20160510,7.21,7.33,7.21,7.29,7.28,0.01,0.14,40146.54,29245.6774
1210,300164.SZ,20160509,7.79,7.79,7.23,7.28,7.83,-0.55,-7.02,83266.41,62113.3787
1211,300164.SZ,20160506,8.27,8.32,7.82,7.83,8.25,-0.42,-5.09,108573.98,87195.9153
1212,300164.SZ,20160505,8.21,8.27,8.13,8.25,8.21,0.04,0.49,62121.27,50994.9962
1213,300164.SZ,20160504,8.18,8.32,8.16,8.21,8.25,-0.04,-0.48,82211.42,67654.8214
1214,300164.SZ,20160503,8.0,8.26,7.98,8.25,8.11,0.14,1.73,102049.43,83317.3998
1215,300164.SZ,20160429,7.84,8.19,7.84,8.11,7.9,0.21,2.66,105242.61,83924.8268
1216,300164.SZ,20160420,8.37,8.39,7.63,7.9,8.31,-0.41,-4.93,146316.34,116903.1333
1217,300164.SZ,20160419,8.13,8.33,8.04,8.31,8.07,0.24,2.97,124932.67,102180.5794
1218,300164.SZ,20160418,8.22,8.23,8.0,8.07,8.36,-0.29,-3.47,127842.7,103324.2881
1219,300164.SZ,20160415,8.26,8.45,8.23,8.36,8.29,0.07,0.84,132808.62,110891.8375
1220,300164.SZ,20160414,8.23,8.3,8.15,8.29,8.22,0.07,0.85,115538.46,94907.6035
1221,300164.SZ,20160413,8.14,8.47,8.12,8.22,8.06,0.16,1.99,192794.22,159665.5339
1222,300164.SZ,20160412,8.0,8.08,7.85,8.06,8.0,0.06,0.75,100321.91,79937.7976
1223,300164.SZ,20160411,7.91,8.04,7.86,8.0,7.85,0.15,1.91,121185.42,96841.7037
1224,300164.SZ,20160408,7.97,7.97,7.71,7.85,8.0,-0.15,-1.88,99102.14,77501.2432
1225,300164.SZ,20160407,8.17,8.25,7.96,8.0,8.14,-0.14,-1.72,131534.59,106478.3928
1226,300164.SZ,20160406,8.03,8.19,8.01,8.14,8.09,0.05,0.62,152025.56,123167.663
1227,300164.SZ,20160405,8.0,8.11,7.89,8.09,7.97,0.12,1.51,123963.76,99483.3361
1228,300164.SZ,20160401,8.03,8.1,7.81,7.97,8.06,-0.09,-1.12,115244.61,91612.9777
1229,300164.SZ,20160331,8.19,8.24,8.0,8.06,8.27,-0.21,-2.54,158873.34,128733.3154
1230,300164.SZ,20160330,8.1,8.29,7.86,8.27,8.16,0.11,1.35,269681.47,217231.8903
1231,300164.SZ,20160329,8.56,8.56,8.1,8.16,7.78,0.38,4.88,425357.98,356646.705
1232,300164.SZ,20160328,7.78,7.78,7.78,7.78,7.07,0.71,10.04,6630.88,5158.8246
1233,300164.SZ,20160129,6.75,7.19,6.75,7.07,6.68,0.39,5.84,96759.78,67689.6691
1234,300164.SZ,20160128,6.93,7.03,6.6,6.68,7.08,-0.4,-5.65,66164.25,45469.0334
1235,300164.SZ,20160127,7.17,7.19,6.67,7.08,7.07,0.01,0.14,95917.84,66548.2002
1236,300164.SZ,20160126,7.67,7.74,7.07,7.07,7.85,-0.78,-9.94,136752.2,101211.6725
1237,300164.SZ,20160125,7.65,8.05,7.61,7.85,7.55,0.3,3.97,152327.97,119918.9218
1238,300164.SZ,20160122,7.54,7.59,7.17,7.55,7.42,0.13,1.75,93066.13,69187.4065
1239,300164.SZ,20160121,7.49,7.94,7.41,7.42,7.59,-0.17,-2.24,127779.27,98527.8522
1240,300164.SZ,20160120,7.56,7.79,7.45,7.59,7.66,-0.07,-0.91,126648.3,96432.756
1241,300164.SZ,20160119,7.4,7.69,7.35,7.66,7.39,0.27,3.65,99987.63,75464.6138
1242,300164.SZ,20160118,7.05,7.52,6.94,7.39,7.3,0.09,1.23,91493.18,66838.3853
1243,300164.SZ,20160115,7.58,7.75,7.15,7.3,7.66,-0.36,-4.7,94078.37,70019.2481
1244,300164.SZ,20160114,7.29,7.83,7.1,7.66,7.5,0.16,2.13,96113.87,71836.7784
1245,300164.SZ,20160113,7.75,7.89,7.4,7.5,7.75,-0.25,-3.23,74127.42,57045.9095
1246,300164.SZ,20160112,7.88,7.99,7.55,7.75,7.85,-0.1,-1.27,109758.22,84883.0782
1247,300164.SZ,20160111,8.51,8.58,7.85,7.85,8.72,-0.87,-9.98,111901.27,92097.3191
1248,300164.SZ,20160108,8.73,8.88,8.08,8.72,8.53,0.19,2.23,109522.6,93815.886
1249,300164.SZ,20160107,9.24,9.24,8.49,8.53,9.42,-0.89,-9.45,20737.0,18477.528
1250,300164.SZ,20160106,9.18,9.46,9.16,9.42,9.12,0.3,3.29,85727.11,79901.9395
1251,300164.SZ,20160105,8.94,9.48,8.72,9.12,9.66,-0.54,-5.59,141329.95,129700.1701
1252,300164.SZ,20160104,10.72,10.76,9.66,9.66,10.73,-1.07,-9.97,97317.86,98152.6503
1253,300164.SZ,20151231,10.95,11.04,10.67,10.73,10.95,-0.22,-2.01,82894.55,89927.8305
1254,300164.SZ,20151230,11.14,11.16,10.8,10.95,11.15,-0.2,-1.79,106581.64,117293.8349
1255,300164.SZ,20151229,11.04,11.24,10.92,11.15,11.1,0.05,0.45,130917.63,144904.0643
1256,300164.SZ,20151228,11.06,11.27,10.81,11.1,11.03,0.07,0.63,143317.03,157753.0227
1257,300164.SZ,20151225,10.89,11.11,10.88,11.03,10.87,0.16,1.47,80467.77,88490.1133
1258,300164.SZ,20151224,10.95,11.09,10.58,10.87,10.95,-0.08,-0.73,92977.68,100503.0878
1259,300164.SZ,20151223,11.18,11.44,10.89,10.95,11.36,-0.41,-3.61,148820.59,164834.3222
1260,300164.SZ,20151222,10.63,11.49,10.53,11.36,10.58,0.78,7.37,255770.48,285909.1675
1261,300164.SZ,20151221,10.41,10.65,10.35,10.58,10.4,0.18,1.73,99246.17,104113.267
1262,300164.SZ,20151218,10.48,10.63,10.34,10.4,10.5,-0.1,-0.95,120290.19,125991.3458
1263,300164.SZ,20151217,10.27,10.65,10.25,10.5,10.31,0.19,1.84,188391.32,196934.6276
1264,300164.SZ,20151216,10.18,10.47,10.14,10.31,10.13,0.18,1.78,139463.32,144095.8937
1265,300164.SZ,20151215,10.09,10.2,10.04,10.13,10.12,0.01,0.1,82590.82,83588.3279
1266,300164.SZ,20151214,9.69,10.12,9.6,10.12,9.86,0.26,2.64,91107.8,89779.581
1267,300164.SZ,20151211,10.03,10.08,9.71,9.86,10.04,-0.18,-1.79,83629.78,82459.6247
1268,300164.SZ,20151210,10.12,10.29,10.02,10.04,10.2,-0.16,-1.57,71725.76,72699.8758
1269,300164.SZ,20151209,10.1,10.35,9.98,10.2,10.17,0.03,0.3,82110.85,83537.0469
1270,300164.SZ,20151208,10.52,10.54,10.14,10.17,10.6,-0.43,-4.06,84990.59,87540.3306
1271,300164.SZ,20151207,10.43,10.6,10.35,10.6,10.41,0.19,1.83,96013.39,100751.8067
1272,300164.SZ,20151204,10.5,10.68,10.32,10.41,10.5,-0.09,-0.86,114241.15,119922.0847
1273,300164.SZ,20151203,10.19,10.5,10.19,10.5,10.19,0.31,3.04,116311.8,120347.3563
1274,300164.SZ,20151202,10.31,10.43,9.88,10.19,10.32,-0.13,-1.26,98159.8,99850.4716
1275,300164.SZ,20151201,10.33,10.45,10.1,10.32,10.32,0.0,0.0,99189.66,101975.6302
1276,300164.SZ,20151130,10.67,10.86,9.68,10.32,10.71,-0.39,-3.64,163418.22,168531.9192
1277,300164.SZ,20151127,11.7,11.8,10.5,10.71,11.65,-0.94,-8.07,157575.42,178136.632
1278,300164.SZ,20151126,12.0,12.06,11.61,11.65,12.01,-0.36,-3.0,161477.93,190666.3563
1279,300164.SZ,20151125,12.03,12.09,11.85,12.01,11.91,0.1,0.84,170744.12,204261.4495
1280,300164.SZ,20151124,11.76,11.97,11.6,11.91,11.81,0.1,0.85,152876.88,180119.3167
1281,300164.SZ,20151123,11.75,11.92,11.6,11.81,11.7,0.11,0.94,178814.51,210523.5859
1282,300164.SZ,20151120,11.64,11.87,11.52,11.7,11.68,0.02,0.17,141666.3,166044.948
1283,300164.SZ,20151119,11.38,11.74,11.33,11.68,11.34,0.34,3.0,146004.3,168940.6292
1284,300164.SZ,20151118,11.35,11.62,11.11,11.34,11.39,-0.05,-0.44,119268.46,135370.3967
1285,300164.SZ,20151117,11.47,11.83,11.36,11.39,11.44,-0.05,-0.44,174300.38,202127.5819
1286,300164.SZ,20151116,11.2,11.44,11.06,11.44,11.46,-0.02,-0.17,140229.01,158472.8329
1287,300164.SZ,20151113,11.78,11.96,11.43,11.46,11.9,-0.44,-3.7,140511.39,163877.668
1288,300164.SZ,20151112,11.7,12.0,11.55,11.9,11.73,0.17,1.45,201486.28,236653.1217
1289,300164.SZ,20151111,11.47,11.76,11.34,11.73,11.44,0.29,2.54,181657.52,209866.3045
1290,300164.SZ,20151110,11.33,11.54,11.23,11.44,11.37,0.07,0.62,159371.87,181435.4937
1291,300164.SZ,20151109,11.09,11.47,11.05,11.37,11.23,0.14,1.25,143409.71,162078.0162
1292,300164.SZ,20151106,11.01,11.3,11.01,11.23,11.09,0.14,1.26,139692.72,156540.0719
1293,300164.SZ,20151105,11.08,11.16,10.94,11.09,11.04,0.05,0.45,126253.75,139419.8808
1294,300164.SZ,20151104,10.65,11.07,10.65,11.04,10.62,0.42,3.95,111642.99,121594.2633
1295,300164.SZ,20151103,11.09,11.13,10.56,10.62,11.04,-0.42,-3.8,112717.67,121940.4032
1296,300164.SZ,20151102,11.2,11.42,11.0,11.04,11.41,-0.37,-3.24,115363.07,129447.2222
1297,300164.SZ,20151030,11.13,11.48,10.96,11.41,11.13,0.28,2.52,135971.55,153266.7112
1298,300164.SZ,20151029,11.21,11.33,11.08,11.13,11.12,0.01,0.09,101673.51,113754.0467
1299,300164.SZ,20151028,11.6,11.6,11.1,11.12,11.67,-0.55,-4.71,161079.09,183264.6076
1300,300164.SZ,20151027,11.31,11.77,11.15,11.67,11.3,0.37,3.27,206270.58,238093.9401
1301,300164.SZ,20151026,11.6,11.65,11.24,11.3,11.45,-0.15,-1.31,152748.89,174938.6639
1302,300164.SZ,20151023,11.35,11.59,11.14,11.45,11.35,0.1,0.88,184695.23,209498.6496
1303,300164.SZ,20151022,10.82,11.4,10.61,11.35,10.88,0.47,4.32,217870.77,240171.3246
1304,300164.SZ,20151021,11.9,12.28,10.83,10.88,11.84,-0.96,-8.11,351331.78,413020.5086
1305,300164.SZ,20151020,11.75,11.89,11.63,11.84,11.9,-0.06,-0.5,254572.29,299718.503
1306,300164.SZ,20151019,11.89,11.97,11.45,11.9,11.9,0.0,0.0,415356.29,487019.6185
1307,300164.SZ,20151016,12.11,12.86,11.73,11.9,12.5,-0.6,-4.8,693157.78,831439.1589
1308,300164.SZ,20151015,12.5,12.5,12.5,12.5,13.89,-1.39,-10.01,11807.0,14758.75
1309,300164.SZ,20151014,13.89,13.89,13.89,13.89,15.43,-1.54,-9.98,1091.0,1515.399
1310,300164.SZ,20151013,15.43,15.43,15.43,15.43,17.14,-1.71,-9.98,1075.0,1658.725
1311,300164.SZ,20150527,15.82,17.4,15.38,17.15,15.82,1.33,8.41,360954.04,594151.1171
1312,300164.SZ,20150526,15.38,15.94,15.2,15.82,15.28,0.54,3.53,237208.9,370887.2827
1313,300164.SZ,20150525,14.43,15.28,14.3,15.28,14.7,0.58,3.95,255635.44,382133.7895
1314,300164.SZ,20150522,15.06,15.4,14.39,14.7,14.96,-0.26,-1.74,242471.26,357618.188
1315,300164.SZ,20150521,14.78,15.3,14.5,14.96,14.8,0.16,1.08,222286.91,331190.7568
1316,300164.SZ,20150520,14.29,15.0,14.29,14.8,14.43,0.37,2.56,248118.64,364531.2605
1317,300164.SZ,20150519,14.31,14.65,13.82,14.43,14.42,0.01,0.07,191710.98,273542.6489
1318,300164.SZ,20150518,13.89,14.57,13.63,14.42,13.88,0.54,3.89,264805.84,375093.4146
1319,300164.SZ,20150515,13.52,13.98,13.41,13.88,13.72,0.16,1.17,149120.23,204203.3342
1320,300164.SZ,20150514,13.5,13.87,13.13,13.72,13.53,0.19,1.4,177065.84,241296.3479
1321,300164.SZ,20150513,13.05,13.64,12.81,13.53,13.23,0.3,2.27,178178.88,237885.8928
1322,300164.SZ,20150512,13.13,13.59,13.1,13.23,13.01,0.22,1.69,148319.56,197103.088
1323,300164.SZ,20150511,12.58,13.05,12.49,13.01,12.49,0.52,4.16,127678.5,163362.0487
1324,300164.SZ,20150508,12.3,12.58,12.07,12.49,12.15,0.34,2.8,123530.99,152509.6464
1325,300164.SZ,20150507,12.97,13.0,12.1,12.15,12.85,-0.7,-5.45,111732.8,138658.9093
1326,300164.SZ,20150506,13.29,13.44,12.8,12.85,13.22,-0.37,-2.8,111159.4,146824.2241
1327,300164.SZ,20150505,13.44,14.09,13.02,13.22,13.69,-0.47,-3.43,151507.63,205797.342
1328,300164.SZ,20150504,13.69,13.87,13.3,13.69,13.83,-0.14,-1.01,129910.6,176805.391
1329,300164.SZ,20150430,14.1,14.24,13.8,13.83,13.97,-0.14,-1.0,124612.63,174438.8423
1330,300164.SZ,20150429,13.82,14.22,13.66,13.97,13.73,0.24,1.75,126263.41,176376.0014
1331,300164.SZ,20150428,14.65,14.65,13.55,13.73,14.85,-1.12,-7.54,193913.51,272824.9964
1332,300164.SZ,20150427,14.49,15.5,14.25,14.85,14.44,0.41,2.84,298175.45,441890.0762
1333,300164.SZ,20150424,13.6,14.7,13.44,14.44,13.84,0.6,4.34,261619.45,369494.6814
1334,300164.SZ,20150423,13.59,14.24,13.4,13.84,13.58,0.26,1.91,209439.58,287346.1443
1335,300164.SZ,20150422,13.36,13.69,13.36,13.58,13.36,0.22,1.65,174390.82,236069.5434
1336,300164.SZ,20150421,12.9,13.47,12.88,13.36,12.85,0.51,3.97,176533.13,233021.7906
1337,300164.SZ,20150420,12.86,13.06,12.7,12.85,13.05,-0.2,-1.53,153820.46,198085.0178
1338,300164.SZ,20150417,12.96,13.34,12.85,13.05,12.83,0.22,1.71,184482.24,241450.6043
1339,300164.SZ,20150416,12.69,13.15,12.49,12.83,12.71,0.12,0.94,160110.49,205149.5045
1340,300164.SZ,20150415,13.1,13.58,12.69,12.71,13.16,-0.45,-3.42,197553.1,260781.6632
1341,300164.SZ,20150414,13.36,13.36,12.95,13.16,13.39,-0.23,-1.72,117937.83,155458.9332
1342,300164.SZ,20150413,13.21,13.74,13.13,13.39,13.19,0.2,1.52,151290.47,203050.4095
1343,300164.SZ,20150410,12.99,13.35,12.85,13.19,13.13,0.06,0.46,142629.19,186969.7796
1344,300164.SZ,20150409,13.55,13.65,12.4,13.13,13.7,-0.57,-4.16,199511.36,259934.9318
1345,300164.SZ,20150408,14.05,14.26,13.19,13.7,14.04,-0.34,-2.42,201736.02,276397.5207
1346,300164.SZ,20150407,13.16,14.41,13.16,14.04,13.1,0.94,7.18,279963.81,385908.1559
1347,300164.SZ,20150403,13.01,13.34,12.95,13.1,13.17,-0.07,-0.53,135294.95,177380.3996
1348,300164.SZ,20150402,12.96,13.33,12.76,13.17,12.86,0.31,2.41,172462.02,224550.8889
1349,300164.SZ,20150401,12.69,12.9,12.65,12.86,12.77,0.09,0.7,116376.92,148904.3427
1350,300164.SZ,20150331,12.74,13.02,12.5,12.77,12.75,0.02,0.16,133109.67,169556.9268
1351,300164.SZ,20150330,12.88,12.88,12.48,12.75,12.89,-0.14,-1.09,137618.8,174052.6222
1352,300164.SZ,20150327,12.62,13.25,12.62,12.89,12.7,0.19,1.5,234073.78,303024.688
1353,300164.SZ,20150326,12.2,13.06,12.06,12.7,12.34,0.36,2.92,267322.34,338707.564
1354,300164.SZ,20150325,12.09,12.44,11.9,12.34,12.1,0.24,1.98,167968.98,206322.585
1355,300164.SZ,20150324,12.36,12.36,11.67,12.1,12.37,-0.27,-2.18,169063.52,203799.645
1356,300164.SZ,20150323,12.15,12.48,12.06,12.37,12.12,0.25,2.06,188311.32,230103.6777
1357,300164.SZ,20150320,12.21,12.31,12.01,12.12,12.37,-0.25,-2.02,160797.61,195280.3328
1358,300164.SZ,20150319,12.04,12.5,11.87,12.37,12.11,0.26,2.15,193453.37,235483.3767
1359,300164.SZ,20150318,11.4,12.52,11.36,12.11,11.48,0.63,5.49,226865.8,270604.6861
1360,300164.SZ,20150317,11.46,11.55,11.16,11.48,11.23,0.25,2.23,169561.16,192238.1596
1361,300164.SZ,20150316,10.98,11.23,10.87,11.23,10.97,0.26,2.37,106158.65,117958.5062
1362,300164.SZ,20150313,10.88,10.98,10.76,10.97,10.8,0.17,1.57,54777.4,59571.8827
1363,300164.SZ,20150312,10.95,11.06,10.75,10.8,10.93,-0.13,-1.19,61651.28,67138.2075
1364,300164.SZ,20150311,11.2,11.26,10.86,10.93,11.2,-0.27,-2.41,70108.43,77447.1751
1365,300164.SZ,20150310,11.16,11.29,11.1,11.2,11.11,0.09,0.81,64698.06,72625.5035
1366,300164.SZ,20150309,11.1,11.19,10.81,11.11,11.08,0.03,0.27,45143.17,49877.0035
1367,300164.SZ,20150306,11.5,11.5,11.01,11.08,11.4,-0.32,-2.81,78491.33,88109.7364
1368,300164.SZ,20150305,11.16,11.48,11.06,11.4,11.03,0.37,3.35,126018.54,141868.8406
1369,300164.SZ,20150304,10.86,11.03,10.78,11.03,10.86,0.17,1.57,89418.44,97450.0093
1370,300164.SZ,20150303,11.01,11.09,10.85,10.86,11.08,-0.22,-1.99,75271.03,82716.8673
1371,300164.SZ,20150302,10.92,11.12,10.78,11.08,10.95,0.13,1.19,86216.79,94759.8224
1372,300164.SZ,20150227,10.9,11.04,10.76,10.95,10.92,0.03,0.27,66226.87,72183.0565
1373,300164.SZ,20150226,10.84,10.95,10.7,10.92,10.82,0.1,0.92,43668.66,47182.7496
1374,300164.SZ,20150225,11.0,11.1,10.8,10.82,10.94,-0.12,-1.1,55387.22,60396.5391
1375,300164.SZ,20150217,10.94,11.05,10.83,10.94,10.93,0.01,0.09,50386.63,55047.6099
1376,300164.SZ,20150216,10.71,11.09,10.63,10.93,10.66,0.27,2.53,72149.24,78500.532
1377,300164.SZ,20150213,10.56,10.89,10.5,10.66,10.54,0.12,1.14,82051.64,87442.5914
1378,300164.SZ,20150212,10.46,10.55,10.23,10.54,10.45,0.09,0.86,70108.2,72899.4249
1379,300164.SZ,20150211,10.42,10.55,10.36,10.45,10.43,0.02,0.19,36560.73,38221.7036
1380,300164.SZ,20150210,10.39,10.45,10.23,10.43,10.31,0.12,1.16,26781.47,27629.4094
1381,300164.SZ,20150209,10.42,10.61,10.25,10.31,10.38,-0.07,-0.67,40441.63,42205.1846
1382,300164.SZ,20150206,10.47,10.62,10.34,10.38,10.5,-0.12,-1.14,45278.95,47359.9811
1383,300164.SZ,20150205,10.8,10.8,10.5,10.5,10.82,-0.32,-2.96,79744.81,84496.7978
1384,300164.SZ,20150204,11.11,11.56,10.8,10.82,11.0,-0.18,-1.64,140326.73,156889.2695
1385,300164.SZ,20150203,10.4,11.05,10.4,11.0,10.39,0.61,5.87,174407.4,188615.7897
1386,300164.SZ,20150202,10.34,10.75,10.21,10.39,10.31,0.08,0.78,71655.65,75342.3647
1387,300164.SZ,20150130,10.32,10.57,10.3,10.31,10.44,-0.13,-1.25,49085.9,51291.617
1388,300164.SZ,20150129,10.4,10.52,10.3,10.44,10.45,-0.01,-0.1,42571.98,44333.7921
1389,300164.SZ,20150128,10.37,10.6,10.29,10.45,10.34,0.11,1.06,64904.31,67939.0968
1390,300164.SZ,20150127,10.6,10.61,10.26,10.34,10.65,-0.31,-2.91,105996.91,110238.5234
1391,300164.SZ,20150126,10.5,10.78,10.45,10.65,10.85,-0.2,-1.84,123792.08,131186.2776
1392,300164.SZ,20150123,10.8,11.0,10.35,10.85,10.01,0.84,8.39,288456.78,306469.4954
1393,300164.SZ,20150122,10.01,10.01,10.01,10.01,9.1,0.91,10.0,6340.27,6346.6103
1394,300164.SZ,20150114,9.16,9.24,9.06,9.1,9.16,-0.06,-0.66,34979.31,32036.5738
1395,300164.SZ,20150113,8.99,9.23,8.93,9.16,9.05,0.11,1.22,41211.87,37658.6003
1396,300164.SZ,20150112,9.41,9.41,8.98,9.05,9.43,-0.38,-4.03,60225.85,54902.2915
1397,300164.SZ,20150109,9.54,9.82,9.43,9.43,9.64,-0.21,-2.18,59141.18,56582.3118
1398,300164.SZ,20150108,9.41,10.0,9.36,9.64,9.45,0.19,2.01,106001.23,103266.2233
1399,300164.SZ,20150107,9.39,9.57,9.31,9.45,9.51,-0.06,-0.63,48773.9,45790.2167
1400,300164.SZ,20150106,9.15,9.66,9.01,9.51,9.34,0.17,1.82,100833.18,94622.9279
1401,300164.SZ,20150105,8.99,9.48,8.6,9.34,9.01,0.33,3.66,112123.5,101410.8701
1402,300164.SZ,20141231,8.9,9.06,8.9,9.01,8.94,0.07,0.78,46789.68,42155.5787
1403,300164.SZ,20141230,9.42,9.42,8.91,8.94,9.42,-0.48,-5.1,70797.56,64567.6297
1404,300164.SZ,20141229,9.92,9.93,9.36,9.42,9.85,-0.43,-4.37,70777.18,67328.1075
1405,300164.SZ,20141226,9.91,9.94,9.83,9.85,9.91,-0.06,-0.61,37309.52,36839.3911
1406,300164.SZ,20141225,9.91,9.98,9.83,9.91,9.95,-0.04,-0.4,39989.94,39567.4665
1407,300164.SZ,20141224,9.84,10.0,9.73,9.95,9.7,0.25,2.58,53780.87,53024.8472
1408,300164.SZ,20141223,9.96,9.96,9.61,9.7,9.93,-0.23,-2.32,42988.93,41993.9521
1409,300164.SZ,20141222,10.33,10.62,9.91,9.93,10.7,-0.77,-7.2,69674.8,70712.7389
1410,300164.SZ,20141219,10.82,10.95,10.6,10.7,10.93,-0.23,-2.1,58420.43,62875.0273
1411,300164.SZ,20141218,10.7,10.93,10.58,10.93,10.7,0.23,2.15,84985.36,91545.6511
1412,300164.SZ,20141217,10.9,10.9,10.6,10.7,10.9,-0.2,-1.83,64206.9,69098.5001
1413,300164.SZ,20141216,10.76,10.96,10.73,10.9,10.86,0.04,0.37,83257.89,90481.0913
1414,300164.SZ,20141215,10.58,10.95,10.54,10.86,10.58,0.28,2.65,84425.27,90936.8807
1415,300164.SZ,20141212,10.57,10.66,10.44,10.58,10.57,0.01,0.09,87561.36,92402.7762
1416,300164.SZ,20141211,10.53,10.7,10.46,10.57,10.75,-0.18,-1.67,66947.72,70697.0966
1417,300164.SZ,20141210,10.05,10.8,10.05,10.75,10.26,0.49,4.78,126595.53,132969.6598
1418,300164.SZ,20141209,11.08,11.08,10.26,10.26,11.26,-1.0,-8.88,238449.59,254842.0866
1419,300164.SZ,20141208,11.69,11.88,11.18,11.26,11.68,-0.42,-3.6,232565.51,266556.9216
1420,300164.SZ,20141205,11.82,12.08,11.16,11.68,11.78,-0.1,-0.85,223937.12,262233.6583
1421,300164.SZ,20141204,11.26,11.94,11.25,11.78,11.25,0.53,4.71,227491.13,265073.023
1422,300164.SZ,20141203,11.3,11.39,10.98,11.25,11.3,-0.05,-0.44,118260.53,132116.6718
1423,300164.SZ,20141202,11.32,11.38,11.27,11.3,11.27,0.03,0.27,85305.46,96614.5046
1424,300164.SZ,20141201,11.51,11.51,11.21,11.27,11.51,-0.24,-2.09,105009.98,118553.3039
1425,300164.SZ,20141128,11.29,11.68,11.23,11.51,11.5,0.01,0.09,213973.22,245458.5483
1426,300164.SZ,20141127,11.49,11.6,11.2,11.5,11.42,0.08,0.7,211254.35,240058.7698
1427,300164.SZ,20141126,11.09,11.45,10.95,11.42,11.17,0.25,2.24,211708.33,235778.8876
1428,300164.SZ,20141125,10.85,11.19,10.69,11.17,10.87,0.3,2.76,187393.35,203873.5344
1429,300164.SZ,20141124,11.15,11.2,10.8,10.87,11.11,-0.24,-2.16,153530.32,168181.0192
1430,300164.SZ,20141121,10.99,11.3,10.95,11.11,10.99,0.12,1.09,82015.97,90984.3436
1431,300164.SZ,20141120,11.0,11.11,10.94,10.99,10.99,0.0,0.0,53126.39,58465.9178
1432,300164.SZ,20141119,10.89,11.06,10.84,10.99,10.89,0.1,0.92,99542.64,108926.2954
1433,300164.SZ,20141118,11.08,11.14,10.82,10.89,11.07,-0.18,-1.63,74741.89,81853.2874
1434,300164.SZ,20141117,11.06,11.23,10.87,11.07,11.2,-0.13,-1.16,95208.61,105316.7188
1435,300164.SZ,20141114,11.15,11.31,10.73,11.2,11.28,-0.08,-0.71,113564.53,123790.7024
1436,300164.SZ,20141113,12.4,12.4,11.2,11.28,12.39,-1.11,-8.96,137379.29,158128.7787
1437,300164.SZ,20141112,12.5,12.55,12.35,12.39,12.58,-0.19,-1.51,54566.14,67734.2426
1438,300164.SZ,20141111,12.8,13.0,12.31,12.58,12.8,-0.22,-1.72,58242.25,74013.628
1439,300164.SZ,20141110,12.75,12.83,12.73,12.8,12.74,0.06,0.47,33208.93,42434.3907
1440,300164.SZ,20141107,12.72,12.84,12.72,12.74,12.72,0.02,0.16,49692.2,63401.6057
1441,300164.SZ,20141106,12.79,12.8,12.65,12.72,12.76,-0.04,-0.31,28966.01,36811.8508
1442,300164.SZ,20141105,12.7,12.82,12.53,12.76,12.71,0.05,0.39,49565.5,62968.5931
1443,300164.SZ,20141104,12.85,12.85,12.55,12.71,12.85,-0.14,-1.09,65366.82,82724.0112
1444,300164.SZ,20141103,12.76,12.93,12.68,12.85,12.81,0.04,0.31,39985.14,51313.0124
1445,300164.SZ,20141031,12.98,12.99,12.71,12.81,12.97,-0.16,-1.23,58448.36,74895.2348
1446,300164.SZ,20141030,12.77,13.1,12.66,12.97,12.77,0.2,1.57,74472.77,96109.5933
1447,300164.SZ,20141029,13.0,13.05,12.68,12.77,13.0,-0.23,-1.77,113686.91,145382.0947
1448,300164.SZ,20141028,12.63,13.0,12.6,13.0,12.73,0.27,2.12,51936.23,66717.2863
1449,300164.SZ,20141027,13.79,13.79,12.5,12.73,13.62,-0.89,-6.53,107606.86,139813.7919
1450,300164.SZ,20141021,13.88,13.97,13.6,13.62,13.91,-0.29,-2.08,15199.01,20935.1005
1451,300164.SZ,20141020,13.84,13.92,13.72,13.91,13.84,0.07,0.51,24721.44,34172.5619
1452,300164.SZ,20141017,14.04,14.14,13.36,13.84,14.11,-0.27,-1.91,60084.79,82891.0376
1453,300164.SZ,20141016,14.26,14.35,13.82,14.11,14.3,-0.19,-1.33,61087.66,86524.7045
1454,300164.SZ,20141015,14.23,14.37,14.02,14.3,14.25,0.05,0.35,84012.09,119476.5755
1455,300164.SZ,20141014,13.91,14.4,13.91,14.25,13.86,0.39,2.81,87245.19,123905.4279
1456,300164.SZ,20141013,13.91,14.01,13.6,13.86,14.0,-0.14,-1.0,69141.54,95319.2267
1457,300164.SZ,20141010,14.23,14.46,13.97,14.0,14.24,-0.24,-1.69,83931.52,119074.1656
1458,300164.SZ,20141009,13.95,14.34,13.88,14.24,13.93,0.31,2.23,99758.7,140852.3031
1459,300164.SZ,20141008,13.6,14.03,13.58,13.93,13.66,0.27,1.98,92396.19,128013.3961
1460,300164.SZ,20140930,13.37,13.83,13.31,13.66,13.67,-0.01,-0.07,94964.17,128201.5459
1461,300164.SZ,20140929,13.09,13.77,12.7,13.67,13.8,-0.13,-0.94,168972.5,223200.1202
1462,300164.SZ,20140926,13.8,13.94,13.73,13.8,13.84,-0.04,-0.29,59676.51,82687.7332
1463,300164.SZ,20140925,13.62,13.96,13.55,13.84,13.62,0.22,1.62,88936.64,122518.4888
1464,300164.SZ,20140924,13.46,13.67,13.3,13.62,13.45,0.17,1.26,59856.99,81165.7807
1465,300164.SZ,20140923,13.32,13.54,13.28,13.45,13.35,0.1,0.75,44634.8,59950.2794
1466,300164.SZ,20140922,13.44,13.44,13.17,13.35,13.44,-0.09,-0.67,32224.12,42787.9761
1467,300164.SZ,20140919,13.58,13.6,13.31,13.44,13.6,-0.16,-1.18,33557.76,45094.2207
1468,300164.SZ,20140918,13.57,13.75,13.34,13.6,13.54,0.06,0.44,67330.26,91218.0305
1469,300164.SZ,20140917,13.1,13.59,12.84,13.54,13.08,0.46,3.52,44521.11,58317.5878
1470,300164.SZ,20140916,13.81,13.82,13.01,13.08,13.77,-0.69,-5.01,67774.4,91166.4893
1471,300164.SZ,20140915,13.7,14.1,13.65,13.77,13.7,0.07,0.51,105517.19,146311.3417
1472,300164.SZ,20140912,13.55,13.78,13.46,13.7,13.6,0.1,0.74,64827.17,88601.4537
1473,300164.SZ,20140911,13.63,13.67,13.35,13.6,13.61,-0.01,-0.07,58942.13,79824.0358
1474,300164.SZ,20140910,13.3,13.64,13.19,13.61,13.34,0.27,2.02,66822.33,89633.6379
1475,300164.SZ,20140909,13.41,13.41,13.2,13.34,13.33,0.01,0.08,34570.98,45980.138
1476,300164.SZ,20140905,13.49,13.55,13.11,13.33,13.41,-0.08,-0.6,65344.11,86803.9473
1477,300164.SZ,20140904,13.39,13.55,13.29,13.41,13.33,0.08,0.6,60712.97,81194.9752
1478,300164.SZ,20140903,13.33,13.38,13.19,13.33,13.32,0.01,0.08,43254.64,57464.8991
1479,300164.SZ,20140902,13.2,13.34,13.18,13.32,13.18,0.14,1.06,32128.88,42643.2181
1480,300164.SZ,20140901,12.8,13.18,12.77,13.18,12.8,0.38,2.97,39881.95,51701.301
1481,300164.SZ,20140829,13.04,13.12,12.59,12.8,13.04,-0.24,-1.84,42049.3,53638.1521
1482,300164.SZ,20140828,13.1,13.39,13.01,13.04,13.1,-0.06,-0.46,41148.89,54153.24
1483,300164.SZ,20140827,13.61,13.62,13.05,13.1,13.6,-0.5,-3.68,60841.02,80137.2463
1484,300164.SZ,20140826,13.88,14.13,13.58,13.6,13.88,-0.28,-2.02,37336.81,51922.6418
1485,300164.SZ,20140825,13.98,14.22,13.75,13.88,13.93,-0.05,-0.36,36895.1,51751.0149
1486,300164.SZ,20140822,13.86,13.97,13.8,13.93,13.87,0.06,0.43,28994.66,40305.2693
1487,300164.SZ,20140821,13.93,13.96,13.7,13.87,13.93,-0.06,-0.43,27049.29,37318.1757
1488,300164.SZ,20140820,14.02,14.09,13.81,13.93,14.0,-0.07,-0.5,36132.83,50434.4398
1489,300164.SZ,20140819,13.88,14.16,13.75,14.0,13.91,0.09,0.65,47145.65,65835.2341
1490,300164.SZ,20140818,13.79,13.96,13.65,13.91,13.76,0.15,1.09,40326.17,55703.8992
1491,300164.SZ,20140815,13.51,13.82,13.51,13.76,13.55,0.21,1.55,29939.64,40987.4023
1492,300164.SZ,20140814,13.66,13.68,13.55,13.55,13.68,-0.13,-0.95,23091.96,31443.4484
1493,300164.SZ,20140813,13.74,13.76,13.56,13.68,13.74,-0.06,-0.44,31332.14,42665.9497
1494,300164.SZ,20140812,13.73,13.78,13.56,13.74,13.73,0.01,0.07,38127.64,52026.6283
1495,300164.SZ,20140811,14.04,14.04,13.58,13.73,13.99,-0.26,-1.86,57011.84,78513.9087
1496,300164.SZ,20140808,14.08,14.18,13.75,13.99,14.08,-0.09,-0.64,37738.42,52372.225
1497,300164.SZ,20140807,13.94,14.62,13.9,14.08,14.0,0.08,0.57,44929.81,63930.3488
1498,300164.SZ,20140806,13.88,14.1,13.68,14.0,13.93,0.07,0.5,32256.3,44812.6486
1499,300164.SZ,20140805,13.9,14.1,13.68,13.93,13.9,0.03,0.22,36282.43,50385.7254
1500,300164.SZ,20140804,13.75,13.96,13.63,13.9,13.68,0.22,1.61,29038.11,40214.0492
1501,300164.SZ,20140801,13.76,14.0,13.55,13.68,14.13,-0.45,-3.18,44393.58,61194.1478
1502,300164.SZ,20140731,13.76,14.18,13.5,14.13,14.21,-0.08,-0.56,54168.78,74281.7022
1503,300164.SZ,20140730,13.91,14.76,13.91,14.21,13.42,0.79,5.89,122898.18,178214.1908
1504,300164.SZ,20140729,13.22,13.52,13.1,13.42,13.28,0.14,1.05,29161.56,38932.0217
1505,300164.SZ,20140728,13.1,13.42,12.95,13.28,13.23,0.05,0.38,36686.59,48141.5944
1506,300164.SZ,20140725,12.89,13.23,12.6,13.23,12.88,0.35,2.72,27728.34,35943.7856
1507,300164.SZ,20140724,13.01,13.01,12.56,12.88,13.07,-0.19,-1.45,17430.2,22249.7274
1508,300164.SZ,20140723,13.48,13.48,12.96,13.07,13.48,-0.41,-3.04,18691.19,24750.885
1509,300164.SZ,20140722,13.29,13.75,13.14,13.48,13.25,0.23,1.74,28092.1,37638.9172
1510,300164.SZ,20140721,12.81,13.44,12.81,13.25,12.95,0.3,2.32,27478.73,35996.5343
1511,300164.SZ,20140718,12.87,12.98,12.66,12.95,12.9,0.05,0.39,28065.07,36016.6061
1512,300164.SZ,20140717,12.97,13.09,12.73,12.9,13.09,-0.19,-1.45,36315.65,46988.6696
1513,300164.SZ,20140716,13.22,13.22,12.56,13.09,13.22,-0.13,-0.98,65545.78,84705.3514
1514,300164.SZ,20140715,14.5,14.5,13.22,13.22,14.69,-1.47,-10.01,70664.54,95637.4162
1515,300164.SZ,20140714,15.1,15.19,14.51,14.69,15.23,-0.54,-3.55,36259.66,53113.4574
1516,300164.SZ,20140711,14.93,15.29,14.9,15.23,15.13,0.1,0.66,10561.45,15938.4665
1517,300164.SZ,20140710,15.15,15.19,14.86,15.13,15.13,0.0,0.0,8993.98,13552.4139
1518,300164.SZ,20140709,15.0,15.3,15.0,15.13,15.09,0.04,0.27,22128.05,33584.7781
1519,300164.SZ,20140708,14.89,15.09,14.75,15.09,14.89,0.2,1.34,11246.3,16805.5139
1520,300164.SZ,20140707,15.32,15.32,14.7,14.89,15.4,-0.51,-3.31,31280.08,46574.85
1521,300164.SZ,20140704,15.58,15.63,14.85,15.4,15.5,-0.1,-0.65,54406.37,82364.1268
1522,300164.SZ,20140703,15.94,15.94,15.5,15.5,15.94,-0.44,-2.76,23684.17,37086.4866
1523,300164.SZ,20140702,15.9,16.23,15.7,15.94,15.9,0.04,0.25,21385.06,34133.8891
1524,300164.SZ,20140701,16.17,16.2,15.8,15.9,16.3,-0.4,-2.45,23709.01,37833.1004
1525,300164.SZ,20140630,15.6,16.49,15.59,16.3,15.6,0.7,4.49,37234.4,59501.4942
1526,300164.SZ,20140627,15.13,15.62,15.09,15.6,15.23,0.37,2.43,18025.65,27772.1364
1527,300164.SZ,20140626,15.04,15.3,15.03,15.23,15.03,0.2,1.33,15778.93,23939.5148
1528,300164.SZ,20140625,14.83,15.13,14.76,15.03,15.0,0.03,0.2,8020.28,11994.9881
1529,300164.SZ,20140624,14.91,15.19,14.73,15.0,15.05,-0.05,-0.33,16703.3,24927.1142
1530,300164.SZ,20140623,14.74,15.22,14.72,15.05,14.71,0.34,2.31,21225.79,31854.2768
1531,300164.SZ,20140620,14.69,14.99,14.31,14.71,14.69,0.02,0.14,18494.45,27044.3922
1532,300164.SZ,20140619,14.98,15.37,14.4,14.69,15.0,-0.31,-2.07,19150.22,28398.6528
1533,300164.SZ,20140618,15.45,15.48,14.8,15.0,15.45,-0.45,-2.91,33810.21,50846.5336
1534,300164.SZ,20140617,15.59,15.92,15.05,15.45,15.92,-0.47,-2.95,72634.4,112199.3865
1535,300164.SZ,20140616,14.78,15.93,14.78,15.92,14.48,1.44,9.94,99852.98,157244.9663
1536,300164.SZ,20140613,14.48,14.5,14.28,14.48,14.4,0.08,0.56,11346.54,16374.4199
1537,300164.SZ,20140612,14.12,14.62,14.1,14.4,14.2,0.2,1.41,16380.13,23619.118
1538,300164.SZ,20140611,14.18,14.22,13.95,14.2,14.13,0.07,0.5,15124.9,21391.6842
1539,300164.SZ,20140610,14.2,14.58,13.86,14.13,14.2,-0.07,-0.49,41962.5,59270.1353
1540,300164.SZ,20140609,14.0,14.27,13.61,14.2,14.0,0.2,1.43,38038.36,53621.1742
1541,300164.SZ,20140606,13.6,14.2,13.33,14.0,13.7,0.3,2.19,31209.5,43226.2945
1542,300164.SZ,20140605,12.8,13.87,12.42,13.7,12.81,0.89,6.95,30672.87,40997.26
1543,300164.SZ,20140604,12.87,12.94,12.36,12.81,12.87,-0.06,-0.47,15156.94,19131.1546
1544,300164.SZ,20140603,12.75,13.0,12.68,12.87,12.65,0.22,1.74,12780.38,16465.5075
1545,300164.SZ,20140530,12.8,12.9,12.63,12.65,12.76,-0.11,-0.86,7765.45,9877.0337
1546,300164.SZ,20140529,12.71,13.03,12.65,12.76,12.69,0.07,0.55,14535.62,18719.2114
1547,300164.SZ,20140528,12.44,12.77,12.32,12.69,12.45,0.24,1.93,14792.41,18622.2298
1548,300164.SZ,20140527,12.55,12.71,12.38,12.45,12.7,-0.25,-1.97,12770.24,15968.7623
1549,300164.SZ,20140526,12.65,12.99,12.5,12.7,12.68,0.02,0.16,21755.96,27552.4187
1550,300164.SZ,20140523,12.46,12.68,12.3,12.68,12.47,0.21,1.68,10449.47,13079.2879
1551,300164.SZ,20140522,12.42,12.62,12.33,12.47,12.42,0.05,0.4,14845.06,18539.9134
1552,300164.SZ,20140521,12.54,12.75,12.42,12.42,12.68,-0.26,-2.05,14089.79,17705.8706
1553,300164.SZ,20140520,12.68,13.2,12.4,12.68,12.53,0.15,1.2,14983.32,19069.4035
1554,300164.SZ,20140519,19.62,20.27,19.12,20.1,19.87,0.23,1.16,12159.87,24172.6471
1555,300164.SZ,20140516,19.88,20.33,19.0,19.87,19.97,-0.1,-0.5,23455.61,46302.1735
1556,300164.SZ,20140515,20.34,20.95,19.8,19.97,20.5,-0.53,-2.59,9065.64,18527.8485
1557,300164.SZ,20140514,20.69,20.95,20.12,20.5,20.76,-0.26,-1.25,8309.97,17081.574
1558,300164.SZ,20140513,20.65,21.94,20.6,20.76,20.7,0.06,0.29,18585.85,39170.7049
1559,300164.SZ,20140512,20.77,20.87,20.0,20.7,20.81,-0.11,-0.53,8015.91,16453.2349
1560,300164.SZ,20140509,20.77,20.96,18.7,20.81,20.77,0.04,0.19,16873.87,33702.5965
1561,300164.SZ,20140508,20.38,20.77,20.0,20.77,20.38,0.39,1.91,7928.03,16176.6995
1562,300164.SZ,20140507,20.79,20.83,20.23,20.38,20.79,-0.41,-1.97,7767.99,15985.5666
1563,300164.SZ,20140506,20.64,21.09,20.55,20.79,20.8,-0.01,-0.05,11570.05,24093.6567
1564,300164.SZ,20140505,20.92,21.05,20.61,20.8,20.92,-0.12,-0.57,10714.39,22271.0008
1565,300164.SZ,20140430,20.69,21.3,20.5,20.92,20.75,0.17,0.82,10934.53,22877.6021
1566,300164.SZ,20140429,21.24,21.37,20.25,20.75,21.4,-0.65,-3.04,9320.16,19340.2312
1567,300164.SZ,20140428,22.09,22.09,21.17,21.4,22.09,-0.69,-3.12,11843.97,25363.9486
1568,300164.SZ,20140425,21.74,22.28,21.61,22.09,21.9,0.19,0.87,15306.55,33700.7056
1569,300164.SZ,20140424,21.93,22.1,21.7,21.9,21.93,-0.03,-0.14,3546.02,7761.8635
1570,300164.SZ,20140423,21.8,22.05,21.52,21.93,22.0,-0.07,-0.32,5134.43,11169.4853
1571,300164.SZ,20140422,22.6,22.6,21.02,22.0,22.78,-0.78,-3.42,21779.05,47013.3339
1572,300164.SZ,20140421,23.35,23.5,22.6,22.78,23.45,-0.67,-2.86,16499.25,38244.4665
1573,300164.SZ,20140418,22.74,23.5,22.66,23.45,22.92,0.53,2.31,13533.1,31444.7602
1574,300164.SZ,20140417,22.59,23.39,22.59,22.92,22.54,0.38,1.69,8472.72,19550.5818
1575,300164.SZ,20140416,22.46,22.74,22.11,22.54,22.46,0.08,0.36,7128.02,16000.5757
1576,300164.SZ,20140415,23.17,23.17,22.2,22.46,23.18,-0.72,-3.11,18896.88,42761.7837
1577,300164.SZ,20140414,22.49,23.23,22.39,23.18,22.46,0.72,3.21,18888.9,43207.1847
1578,300164.SZ,20140411,22.2,22.5,21.99,22.46,22.38,0.08,0.36,12271.12,27422.5884
1579,300164.SZ,20140410,21.63,22.7,21.45,22.38,21.7,0.68,3.13,20087.8,44605.9252
1580,300164.SZ,20140409,21.07,21.87,21.01,21.7,20.95,0.75,3.58,12980.43,27711.3922
1581,300164.SZ,20140408,20.63,21.35,20.5,20.95,20.79,0.16,0.77,7850.03,16480.3034
1582,300164.SZ,20140404,20.65,21.38,20.39,20.79,20.59,0.2,0.97,9852.55,20501.7141
1583,300164.SZ,20140403,20.42,21.07,20.42,20.59,20.52,0.07,0.34,6760.98,14003.1642
1584,300164.SZ,20140402,20.65,21.47,20.5,20.52,20.55,-0.03,-0.15,13623.45,28371.2676
1585,300164.SZ,20140401,20.46,21.26,20.13,20.55,20.5,0.05,0.24,11696.42,24094.8773
1586,300164.SZ,20140331,20.11,21.49,19.88,20.5,20.8,-0.3,-1.44,17923.19,36995.1211
1587,300164.SZ,20140328,21.62,21.62,19.62,20.8,21.8,-1.0,-4.59,26886.09,54653.2163
1588,300164.SZ,20140327,22.87,22.97,21.58,21.8,22.98,-1.18,-5.13,18176.78,40239.0895
1589,300164.SZ,20140326,22.77,23.03,22.54,22.98,22.78,0.2,0.88,8607.42,19687.9016
1590,300164.SZ,20140325,22.78,23.55,22.7,22.78,22.78,0.0,0.0,24303.31,55933.8989
1591,300164.SZ,20140324,22.82,23.25,22.5,22.78,22.7,0.08,0.35,9153.28,21024.6148
1592,300164.SZ,20140321,22.16,23.0,22.03,22.7,22.25,0.45,2.02,9168.31,20705.4443
1593,300164.SZ,20140320,23.19,23.29,22.23,22.25,23.33,-1.08,-4.63,20295.02,45779.3196
1594,300164.SZ,20140319,24.3,24.48,22.01,23.33,24.31,-0.98,-4.03,29715.96,68751.29
1595,300164.SZ,20140318,24.22,24.8,24.22,24.31,24.66,-0.35,-1.42,15586.93,38272.5792
1596,300164.SZ,20140317,24.58,25.25,24.12,24.66,24.6,0.06,0.24,21623.15,53371.2393
1597,300164.SZ,20140314,25.5,25.5,24.09,24.6,25.65,-1.05,-4.09,19704.56,48584.5339
1598,300164.SZ,20140313,23.47,25.66,22.9,25.65,23.4,2.25,9.62,54065.56,133405.676
1599,300164.SZ,20140312,23.43,24.0,22.61,23.4,23.54,-0.14,-0.59,15277.9,35732.0264
1600,300164.SZ,20140311,23.08,23.74,22.26,23.54,23.08,0.46,1.99,15995.77,36798.48
1601,300164.SZ,20140310,23.1,23.7,21.91,23.08,23.5,-0.42,-1.79,23557.32,53855.4535
1602,300164.SZ,20140307,23.02,23.88,22.72,23.5,22.8,0.7,3.07,28503.31,66570.5266
1603,300164.SZ,20140306,24.38,24.78,22.65,22.8,24.88,-2.08,-8.36,50759.95,118676.2388
1604,300164.SZ,20140305,23.5,25.17,23.05,24.88,24.56,0.32,1.3,58889.63,141862.8091
1605,300164.SZ,20140304,25.78,25.88,24.44,24.56,23.53,1.03,4.38,85571.3,214933.7868
1606,300164.SZ,20140225,22.65,24.88,22.31,23.53,22.62,0.91,4.02,101827.98,240563.308
1607,300164.SZ,20140224,21.06,22.87,20.93,22.62,21.64,0.98,4.53,45918.54,101170.0907
1608,300164.SZ,20140221,21.5,22.17,21.06,21.64,22.22,-0.58,-2.61,39114.59,84328.8858
1609,300164.SZ,20140220,22.0,23.0,22.0,22.22,20.91,1.31,6.26,74554.97,168008.3822
1610,300164.SZ,20140219,20.57,21.46,20.49,20.91,20.64,0.27,1.31,17372.65,36208.0239
1611,300164.SZ,20140218,20.39,20.64,20.1,20.64,20.41,0.23,1.13,23563.4,48071.4137
1612,300164.SZ,20140217,20.41,20.75,19.83,20.41,20.4,0.01,0.05,33225.49,67248.8236
1613,300164.SZ,20140214,20.4,20.96,20.17,20.4,20.7,-0.3,-1.45,25265.29,51660.4305
1614,300164.SZ,20140213,20.7,21.18,20.32,20.7,21.03,-0.33,-1.57,32839.17,68010.0393
1615,300164.SZ,20140212,20.7,21.49,20.29,21.03,20.88,0.15,0.72,39814.66,83045.8666
1616,300164.SZ,20140211,19.82,21.01,19.62,20.88,19.95,0.93,4.66,39709.09,81701.2116
1617,300164.SZ,20140210,18.87,20.05,18.87,19.95,18.86,1.09,5.78,53323.1,104835.6535
1618,300164.SZ,20140207,19.25,19.25,18.64,18.86,18.67,0.19,1.02,16891.88,31759.4376
1619,300164.SZ,20140130,18.55,19.1,18.55,18.67,18.67,0.0,0.0,19078.76,35980.8903
1620,300164.SZ,20140129,18.5,19.19,18.48,18.67,19.02,-0.35,-1.84,26677.68,50063.1395
1621,300164.SZ,20140128,17.68,19.29,17.68,19.02,17.68,1.34,7.58,33201.84,61419.4802
1622,300164.SZ,20140127,18.28,18.48,17.6,17.68,18.35,-0.67,-3.65,25345.73,45372.8495
1623,300164.SZ,20140124,18.86,18.97,18.2,18.35,18.85,-0.5,-2.65,37538.27,69347.9973
1624,300164.SZ,20140123,18.6,18.89,18.45,18.85,18.57,0.28,1.51,15914.93,29830.7571
1625,300164.SZ,20140122,18.35,18.93,18.35,18.57,18.42,0.15,0.81,26523.88,49361.0685
1626,300164.SZ,20140121,18.1,18.8,18.1,18.42,18.24,0.18,0.99,10125.6,18723.4865
1627,300164.SZ,20140120,18.71,18.72,18.06,18.24,18.64,-0.4,-2.15,8125.69,14864.8199
1628,300164.SZ,20140117,18.49,18.9,18.22,18.64,18.5,0.14,0.76,10496.22,19498.9204
1629,300164.SZ,20140116,18.4,19.0,18.21,18.5,18.55,-0.05,-0.27,20897.82,38861.5563
1630,300164.SZ,20140115,18.8,19.5,18.4,18.55,18.6,-0.05,-0.27,26547.93,50181.7035
1631,300164.SZ,20140114,17.15,18.65,17.15,18.6,17.49,1.11,6.35,30503.76,54937.0171
1632,300164.SZ,20140113,17.92,18.35,17.49,17.49,17.92,-0.43,-2.4,18475.66,33000.4085
1633,300164.SZ,20140110,18.0,18.17,17.62,17.92,18.35,-0.43,-2.34,30754.4,55040.0996
1634,300164.SZ,20140109,18.64,19.5,18.15,18.35,18.68,-0.33,-1.77,46262.82,87634.7769
1635,300164.SZ,20140108,18.0,18.7,17.95,18.68,17.99,0.69,3.84,52459.21,96522.2952
1636,300164.SZ,20140107,17.0,18.1,16.85,17.99,17.35,0.64,3.69,39264.77,69684.1187
1637,300164.SZ,20140106,16.83,17.99,16.8,17.35,17.0,0.35,2.06,65051.04,114601.2775
1638,300164.SZ,20140103,16.29,17.18,16.18,17.0,16.21,0.79,4.87,61317.75,103194.061
1639,300164.SZ,20140102,16.35,16.8,16.0,16.21,16.51,-0.3,-1.82,42633.58,69519.1691
1640,300164.SZ,20131231,16.38,16.91,16.23,16.51,16.53,-0.02,-0.12,40388.67,67182.6314
1641,300164.SZ,20131230,15.98,16.56,15.91,16.53,16.03,0.5,3.12,39631.56,64844.3073
1642,300164.SZ,20131227,15.54,16.13,15.41,16.03,15.65,0.38,2.43,20657.84,32718.9671
1643,300164.SZ,20131226,16.16,16.25,15.65,15.65,16.14,-0.49,-3.04,24392.83,38941.3077
1644,300164.SZ,20131225,15.96,16.3,15.61,16.14,15.96,0.18,1.13,35149.22,56705.3993
1645,300164.SZ,20131224,15.68,16.23,15.66,15.96,15.8,0.16,1.01,35961.47,57492.9801
1646,300164.SZ,20131223,15.7,15.97,15.35,15.8,15.7,0.1,0.64,35301.57,55279.1308
1647,300164.SZ,20131220,15.48,15.88,15.41,15.7,15.52,0.18,1.16,15106.47,23646.4941
1648,300164.SZ,20131219,15.62,15.79,15.5,15.52,15.73,-0.21,-1.34,16398.56,25569.4862
1649,300164.SZ,20131218,15.22,16.16,15.2,15.73,15.22,0.51,3.35,46616.0,73725.1915
1650,300164.SZ,20131217,15.66,15.67,15.21,15.22,15.67,-0.45,-2.87,18251.26,28180.8297
1651,300164.SZ,20131216,15.78,15.78,15.45,15.67,15.87,-0.2,-1.26,22967.18,35838.0361
1652,300164.SZ,20131213,15.5,15.97,15.45,15.87,15.78,0.09,0.57,28636.6,45115.0371
1653,300164.SZ,20131212,15.56,16.22,15.41,15.78,15.6,0.18,1.15,53144.6,84493.751
1654,300164.SZ,20131211,14.53,15.8,14.53,15.6,14.51,1.09,7.51,76698.61,117538.7075
1655,300164.SZ,20131210,14.85,14.87,14.45,14.51,14.73,-0.22,-1.49,21087.65,30728.1647
1656,300164.SZ,20131209,14.65,14.8,14.55,14.73,14.68,0.05,0.34,16225.92,23853.0575
1657,300164.SZ,20131206,14.55,14.74,14.38,14.68,14.54,0.14,0.96,24464.83,35701.7341
1658,300164.SZ,20131205,15.05,15.1,14.52,14.54,15.03,-0.49,-3.26,32283.36,47663.3156
1659,300164.SZ,20131204,14.98,15.29,14.85,15.03,15.11,-0.08,-0.53,29095.01,44122.675
1660,300164.SZ,20131203,14.65,15.16,13.86,15.11,14.82,0.29,1.96,56251.51,81456.4277
1661,300164.SZ,20131202,15.7,15.7,14.78,14.82,16.42,-1.6,-9.74,73852.08,112024.5604
1662,300164.SZ,20131129,16.38,16.65,16.31,16.42,16.45,-0.03,-0.18,58950.97,96992.3392
1663,300164.SZ,20131128,16.48,16.64,16.09,16.45,16.48,-0.03,-0.18,58550.29,95542.7682
1664,300164.SZ,20131127,15.9,16.98,15.86,16.48,15.94,0.54,3.39,83098.92,136463.5079
1665,300164.SZ,20131126,15.65,15.99,15.6,15.94,15.8,0.14,0.89,35787.98,56705.5204
1666,300164.SZ,20131125,15.41,16.04,15.33,15.8,15.97,-0.17,-1.06,93106.36,146095.0088
1667,300164.SZ,20131122,16.01,16.39,15.97,15.97,17.74,-1.77,-9.98,88931.18,142218.7876
1668,300164.SZ,20131121,18.0,18.3,17.52,17.74,18.35,-0.61,-3.32,65426.16,116859.7828
1669,300164.SZ,20131120,18.5,18.74,18.11,18.35,18.62,-0.27,-1.45,30946.82,56796.3034
1670,300164.SZ,20131119,18.6,18.97,18.3,18.62,18.8,-0.18,-0.96,48422.9,90083.0008
1671,300164.SZ,20131118,18.8,19.15,17.9,18.8,19.08,-0.28,-1.47,91896.54,170355.6705
1672,300164.SZ,20131115,19.8,20.32,18.88,19.08,20.25,-1.17,-5.78,119816.47,230861.958
1673,300164.SZ,20131114,19.5,20.5,19.5,20.25,19.44,0.81,4.1667,34947.69,70262.1773
1674,300164.SZ,20131113,20.06,20.06,19.39,19.44,20.4,-0.96,-4.71,15466.98,30350.4075
1675,300164.SZ,20131112,20.65,20.7,19.88,20.4,20.66,-0.26,-1.26,37374.53,75570.8929
1676,300164.SZ,20131111,19.02,20.94,18.52,20.66,19.55,1.11,5.68,40887.33,81679.2267
1677,300164.SZ,20131108,20.1,20.23,19.0,19.55,20.24,-0.69,-3.41,25792.01,50199.0388
1678,300164.SZ,20131107,20.16,20.75,19.59,20.24,20.58,-0.34,-1.65,50635.32,102244.4311
1679,300164.SZ,20131106,19.8,21.5,19.65,20.58,19.99,0.59,2.95,66137.44,137528.2252
1680,300164.SZ,20131105,19.3,20.77,19.15,19.99,19.58,0.41,2.09,41390.3,83131.3871
1681,300164.SZ,20131104,18.73,20.2,18.5,19.58,18.65,0.93,4.99,45785.45,89731.4473
1682,300164.SZ,20131101,18.24,18.78,17.68,18.65,18.59,0.06,0.32,35490.99,64269.3252
1683,300164.SZ,20131031,19.93,19.93,18.4,18.59,19.69,-1.1,-5.59,27806.46,53229.6244
1684,300164.SZ,20131030,18.8,20.38,18.78,19.69,18.79,0.9,4.79,55417.54,109433.0179
1685,300164.SZ,20131029,18.02,19.0,17.5,18.79,18.0,0.79,4.39,41316.37,76004.9866
1686,300164.SZ,20131028,18.3,19.05,17.65,18.0,18.54,-0.54,-2.91,28438.23,51512.592
1687,300164.SZ,20131025,18.65,19.18,18.36,18.54,18.9,-0.36,-1.9,20057.7,37468.1512
1688,300164.SZ,20131024,18.69,19.5,18.32,18.9,18.9,0.0,0.0,20731.45,39299.0838
1689,300164.SZ,20131023,19.76,19.9,18.3,18.9,20.0,-1.1,-5.5,54613.94,105105.9574
1690,300164.SZ,20131022,19.08,20.89,19.0,20.0,19.34,0.66,3.41,78134.14,157088.4692
1691,300164.SZ,20131021,18.3,19.85,18.09,19.34,18.4,0.94,5.11,48446.62,92036.532
1692,300164.SZ,20131018,18.39,18.8,17.82,18.4,18.47,-0.07,-0.38,53303.82,97220.4654
1693,300164.SZ,20131017,19.37,19.69,18.45,18.47,19.28,-0.81,-4.2,67157.31,128205.9671
1694,300164.SZ,20131016,19.8,20.35,18.18,19.28,20.2,-0.92,-4.55,55577.64,107139.4354
1695,300164.SZ,20131015,20.78,21.2,19.69,20.2,21.14,-0.94,-4.45,66844.97,135914.0209
1696,300164.SZ,20131014,19.18,21.14,18.81,21.14,19.22,1.92,9.99,105005.02,217093.3977
1697,300164.SZ,20131011,18.24,19.9,18.0,19.22,18.4,0.82,4.46,64690.65,124926.7756
1698,300164.SZ,20131010,18.46,18.7,17.5,18.4,18.58,-0.18,-0.97,70981.84,129183.0192
1699,300164.SZ,20131009,17.28,19.24,17.11,18.58,17.49,1.09,6.23,83112.26,155380.2923
1700,300164.SZ,20131008,16.78,17.99,16.54,17.49,16.81,0.68,4.05,53150.01,91652.3091
1701,300164.SZ,20130930,16.65,17.35,16.4,16.81,17.01,-0.2,-1.18,51238.32,85812.4638
1702,300164.SZ,20130927,17.5,17.94,16.53,17.01,17.42,-0.41,-2.35,99362.01,169498.0432
1703,300164.SZ,20130926,15.8,17.42,15.6,17.42,15.84,1.58,9.97,120825.76,208856.1512
1704,300164.SZ,20130925,15.03,16.0,14.98,15.84,15.07,0.77,5.11,40969.79,63243.0371
1705,300164.SZ,20130924,15.02,15.25,14.92,15.07,15.11,-0.04,-0.26,12621.52,19035.2407
1706,300164.SZ,20130923,14.79,15.25,14.79,15.11,14.69,0.42,2.86,21882.63,32941.1323
1707,300164.SZ,20130918,14.49,14.69,14.49,14.69,14.56,0.13,0.89,6483.83,9481.6258
1708,300164.SZ,20130917,14.8,14.85,14.4,14.56,14.62,-0.06,-0.41,5655.56,8246.9648
1709,300164.SZ,20130916,14.71,14.85,14.55,14.62,14.7,-0.08,-0.54,11404.57,16751.4615
1710,300164.SZ,20130913,14.61,14.83,14.54,14.7,14.61,0.09,0.62,6801.64,9997.9843
1711,300164.SZ,20130912,14.75,14.98,14.45,14.61,14.76,-0.15,-1.02,12659.5,18598.5025
1712,300164.SZ,20130911,15.08,15.3,14.57,14.76,15.07,-0.31,-2.06,15584.73,22954.4588
1713,300164.SZ,20130910,14.97,15.51,14.35,15.07,14.92,0.15,1.01,26695.07,39801.149
1714,300164.SZ,20130909,14.91,15.03,14.68,14.92,14.9,0.02,0.13,21605.61,32144.3078
1715,300164.SZ,20130906,15.0,15.21,14.75,14.9,15.13,-0.23,-1.52,10973.6,16341.2597
1716,300164.SZ,20130905,14.8,15.15,14.71,15.13,14.89,0.24,1.61,12774.82,18999.0857
1717,300164.SZ,20130904,14.65,14.92,14.64,14.89,14.79,0.1,0.68,10257.56,15131.1611
1718,300164.SZ,20130903,14.58,14.79,14.45,14.79,14.58,0.21,1.44,18830.44,27435.9744
1719,300164.SZ,20130902,15.0,15.0,14.28,14.58,15.1,-0.52,-3.44,37186.04,53972.9006
1720,300164.SZ,20130830,15.5,15.65,14.88,15.1,15.42,-0.32,-2.08,13491.85,20529.7225
1721,300164.SZ,20130829,15.32,15.66,15.28,15.42,15.5,-0.08,-0.52,11367.69,17500.0225
1722,300164.SZ,20130828,15.48,15.7,15.15,15.5,15.67,-0.17,-1.08,19392.22,30061.0613
1723,300164.SZ,20130827,15.6,15.89,15.45,15.67,15.78,-0.11,-0.7,14268.9,22296.8778
1724,300164.SZ,20130826,15.64,15.95,15.43,15.78,15.43,0.35,2.27,23452.62,36947.7332
1725,300164.SZ,20130823,15.26,15.66,15.17,15.43,15.3,0.13,0.85,20222.08,31268.5949
1726,300164.SZ,20130822,15.3,15.67,15.17,15.3,15.48,-0.18,-1.16,7331.02,11224.9078
1727,300164.SZ,20130821,15.14,15.53,15.07,15.48,15.2,0.28,1.84,12407.5,19041.7238
1728,300164.SZ,20130820,14.6,15.24,14.58,15.2,14.71,0.49,3.33,21866.31,32882.0349
1729,300164.SZ,20130819,14.48,14.89,13.95,14.71,14.56,0.15,1.03,19265.0,28075.6271
1730,300164.SZ,20130816,15.23,15.37,14.55,14.56,15.23,-0.67,-4.4,29512.65,43611.9931
1731,300164.SZ,20130815,15.1,15.47,15.1,15.23,15.2,0.03,0.2,16875.2,25828.7163
1732,300164.SZ,20130814,15.24,15.28,14.8,15.2,15.2,0.0,0.0,19085.23,28681.0111
1733,300164.SZ,20130813,15.44,15.44,15.1,15.2,15.45,-0.25,-1.62,11239.7,17083.8594
1734,300164.SZ,20130812,15.4,15.7,15.02,15.45,15.46,-0.01,-0.06,23211.19,35352.299
1735,300164.SZ,20130809,15.51,15.74,15.11,15.46,15.63,-0.17,-1.09,17046.74,26187.6916
1736,300164.SZ,20130808,15.63,15.96,15.38,15.63,15.64,-0.01,-0.06,19853.54,31035.2505
1737,300164.SZ,20130807,15.77,15.77,15.13,15.64,15.77,-0.13,-0.82,28641.99,44025.5604
1738,300164.SZ,20130806,15.43,15.92,15.36,15.77,15.69,0.08,0.51,22955.54,35867.3766
1739,300164.SZ,20130805,15.6,15.85,15.1,15.69,15.77,-0.08,-0.51,25159.6,38964.5941
1740,300164.SZ,20130802,15.62,15.99,15.42,15.77,16.03,-0.26,-1.62,38787.3,60916.0251
1741,300164.SZ,20130801,15.68,16.53,15.41,16.03,15.03,1.0,6.65,71297.49,114532.8038
1742,300164.SZ,20130731,15.0,15.3,14.85,15.03,14.97,0.06,0.4,11538.98,17438.8375
1743,300164.SZ,20130730,15.52,15.52,14.23,14.97,15.4,-0.43,-2.79,19995.54,29610.1844
1744,300164.SZ,20130729,15.6,15.93,15.21,15.4,15.68,-0.28,-1.79,13385.68,20723.3074
1745,300164.SZ,20130726,15.58,15.96,15.09,15.68,15.92,-0.24,-1.51,19884.7,30765.1513
1746,300164.SZ,20130725,16.7,16.96,15.5,15.92,16.84,-0.92,-5.46,41116.77,66450.3767
1747,300164.SZ,20130724,16.8,17.16,16.59,16.84,16.99,-0.15,-0.88,33507.1,56627.6351
1748,300164.SZ,20130723,16.3,17.3,15.9,16.99,16.3,0.69,4.23,70327.88,118702.3035
1749,300164.SZ,20130722,15.8,16.39,15.4,16.3,15.38,0.92,5.98,45397.85,72753.9316
1750,300164.SZ,20130719,15.3,15.78,15.07,15.38,15.4,-0.02,-0.13,32193.01,49445.0501
1751,300164.SZ,20130718,15.55,15.55,15.03,15.4,15.5,-0.1,-0.65,18156.72,27705.8446
1752,300164.SZ,20130717,15.8,15.99,15.35,15.5,16.05,-0.55,-3.43,35715.07,55603.7582
1753,300164.SZ,20130716,15.69,16.48,15.5,16.05,15.69,0.36,2.29,31810.12,51264.6781
1754,300164.SZ,20130715,14.68,15.83,14.6,15.69,14.72,0.97,6.59,51554.85,79909.1162
1755,300164.SZ,20130712,14.53,15.0,14.4,14.72,14.62,0.1,0.68,26165.4,38443.3026
1756,300164.SZ,20130711,13.81,14.88,13.81,14.62,13.94,0.68,4.88,24809.75,36070.4383
1757,300164.SZ,20130710,13.43,14.2,13.29,13.94,13.45,0.49,3.64,22386.54,31255.187
1758,300164.SZ,20130709,13.23,13.55,13.2,13.45,13.25,0.2,1.51,11892.35,15878.6084
1759,300164.SZ,20130708,13.71,13.81,12.85,13.25,14.03,-0.78,-5.56,24450.48,32570.8106
1760,300164.SZ,20130705,13.8,14.57,13.68,14.03,13.9,0.13,0.94,32499.1,45832.3535
1761,300164.SZ,20130704,14.06,14.19,13.5,13.9,14.18,-0.28,-1.97,40280.45,55499.1331
1762,300164.SZ,20130703,14.76,14.78,13.82,14.18,14.8,-0.62,-4.19,29044.39,41178.5172
1763,300164.SZ,20130702,14.91,15.08,14.7,14.8,14.84,-0.04,-0.27,23989.62,35704.5304
1764,300164.SZ,20130701,14.61,15.0,14.4,14.84,14.83,0.01,0.07,25668.35,37817.6793
1765,300164.SZ,20130628,14.97,15.38,13.88,14.83,15.12,-0.29,-1.92,26570.8,39520.1771
1766,300164.SZ,20130627,14.9,15.2,14.3,15.12,15.0,0.12,0.8,36369.09,54087.6758
1767,300164.SZ,20130626,13.76,15.29,13.6,15.0,13.9,1.1,7.91,59081.56,86057.123
1768,300164.SZ,20130625,13.49,13.94,12.35,13.9,13.7,0.2,1.46,47084.09,62844.7928
1769,300164.SZ,20130624,14.49,14.49,13.12,13.7,14.58,-0.88,-6.04,54436.39,73782.3488
1770,300164.SZ,20130621,13.9,14.86,13.71,14.58,14.3,0.28,1.96,33898.34,48664.7507
1771,300164.SZ,20130620,14.1,14.59,13.75,14.3,14.3,0.0,0.0,42072.77,59556.4112
1772,300164.SZ,20130619,14.5,14.51,13.7,14.3,14.51,-0.21,-1.45,38922.97,54647.4577
1773,300164.SZ,20130618,15.26,15.45,14.28,14.51,15.45,-0.94,-6.08,56769.28,83124.0769
1774,300164.SZ,20130617,15.33,15.68,15.12,15.45,15.5,-0.05,-0.32,60632.82,93086.2767
1775,300164.SZ,20130614,14.76,15.74,14.64,15.5,14.81,0.69,4.66,82712.5,125100.7628
1776,300164.SZ,20130613,15.26,15.26,14.18,14.81,15.75,-0.94,-5.97,100268.45,147299.1851
1777,300164.SZ,20130607,15.93,16.49,15.58,15.75,16.14,-0.39,-2.42,165664.23,264297.4656
1778,300164.SZ,20130606,15.5,16.29,15.33,16.14,15.05,1.09,7.24,276156.5,433831.9691
1779,300164.SZ,20130605,15.05,15.05,15.05,15.05,13.68,1.37,10.01,44817.42,67450.2171
1780,300164.SZ,20130604,13.68,13.68,13.68,13.68,12.44,1.24,9.97,6268.6,8575.4448
1781,300164.SZ,20130603,12.44,12.44,12.44,12.44,11.31,1.13,9.99,2812.56,3498.8246
1782,300164.SZ,20130201,16.49,17.34,16.3,17.17,16.45,0.72,4.38,36993.37,62772.145
1783,300164.SZ,20130131,16.5,16.55,16.06,16.45,16.58,-0.13,-0.78,11045.77,17949.9194
1784,300164.SZ,20130130,16.2,16.85,16.2,16.58,16.11,0.47,2.92,26612.26,44054.8825
1785,300164.SZ,20130129,15.82,16.46,15.72,16.11,15.89,0.22,1.38,22966.42,36935.2319
1786,300164.SZ,20130128,15.0,16.16,15.0,15.89,16.29,-0.4,-2.46,50950.59,80409.2609
1787,300164.SZ,20130125,15.96,16.43,15.86,16.29,15.92,0.37,2.32,7658.04,12408.1901
1788,300164.SZ,20130124,16.48,16.7,15.9,15.92,16.64,-0.72,-4.33,16209.73,26435.9211
1789,300164.SZ,20130123,16.45,16.88,16.3,16.64,16.43,0.21,1.28,19062.29,31561.7339
1790,300164.SZ,20130122,16.76,17.45,16.36,16.43,16.77,-0.34,-2.03,34858.45,59060.629
1791,300164.SZ,20130121,16.75,16.91,16.53,16.77,16.82,-0.05,-0.3,18554.32,31021.4397
1792,300164.SZ,20130118,16.94,16.94,16.35,16.82,16.73,0.09,0.54,27191.27,45380.6283
1793,300164.SZ,20130117,16.0,17.02,15.99,16.73,15.92,0.81,5.09,47885.5,79226.6683
1794,300164.SZ,20130116,16.21,16.3,15.77,15.92,16.27,-0.35,-2.15,20367.85,32446.5004
1795,300164.SZ,20130115,16.0,16.54,15.9,16.27,16.06,0.21,1.31,38416.56,62069.4132
1796,300164.SZ,20130114,15.26,16.16,15.08,16.06,15.25,0.81,5.31,54076.1,84987.9247
1797,300164.SZ,20130111,15.79,16.11,15.13,15.25,15.61,-0.36,-2.31,19214.38,29950.5046
1798,300164.SZ,20130110,15.91,16.0,15.49,15.61,15.9,-0.29,-1.82,12539.6,19723.2373
1799,300164.SZ,20130109,16.16,16.48,15.82,15.9,16.15,-0.25,-1.55,18182.38,29429.8729
1800,300164.SZ,20130108,15.78,16.2,15.7,16.15,15.84,0.31,1.96,10601.13,16974.674
1801,300164.SZ,20130107,15.53,15.9,15.39,15.84,15.62,0.22,1.41,5449.6,8527.5758
1802,300164.SZ,20130104,15.5,15.67,15.34,15.62,15.4,0.22,1.43,9287.25,14420.7855
1803,300164.SZ,20121231,15.65,15.79,15.14,15.4,15.65,-0.25,-1.6,21086.77,32275.2734
1804,300164.SZ,20121228,15.8,15.9,15.31,15.65,15.9,-0.25,-1.57,12674.85,19698.6349
1805,300164.SZ,20121227,16.2,16.33,15.78,15.9,15.95,-0.05,-0.31,8244.79,13184.7837
1806,300164.SZ,20121226,15.42,16.1,15.42,15.95,15.49,0.46,2.97,7890.68,12468.6443
1807,300164.SZ,20121225,15.19,15.56,14.95,15.49,15.17,0.32,2.11,15501.48,23753.6567
1808,300164.SZ,20121224,15.3,15.55,15.11,15.17,15.37,-0.2,-1.3,6494.68,9951.1903
1809,300164.SZ,20121221,15.15,15.49,15.02,15.37,15.15,0.22,1.45,9266.57,14162.9193
1810,300164.SZ,20121220,14.89,15.35,14.63,15.15,15.02,0.13,0.87,7536.13,11339.0246
1811,300164.SZ,20121219,14.75,15.46,14.7,15.02,14.85,0.17,1.14,10207.48,15428.5595
1812,300164.SZ,20121218,14.65,14.96,14.51,14.85,14.63,0.22,1.5,9394.67,13857.0937
1813,300164.SZ,20121217,14.42,14.69,14.3,14.63,14.41,0.22,1.53,9521.25,13794.3237
1814,300164.SZ,20121214,13.8,14.44,13.78,14.41,13.81,0.6,4.34,13621.7,19349.0833
1815,300164.SZ,20121213,14.21,14.28,13.74,13.81,14.32,-0.51,-3.56,10021.86,13978.3342
1816,300164.SZ,20121212,14.2,14.43,14.02,14.32,14.22,0.1,0.7,6947.44,9847.3644
1817,300164.SZ,20121211,14.25,14.4,14.16,14.22,14.52,-0.3,-2.07,6192.27,8842.4148
1818,300164.SZ,20121210,14.23,14.6,14.08,14.52,14.12,0.4,2.83,17421.04,24906.7954
1819,300164.SZ,20121207,14.1,14.2,13.86,14.12,13.96,0.16,1.15,8973.05,12597.4585
1820,300164.SZ,20121206,14.05,14.29,13.87,13.96,14.2,-0.24,-1.69,3783.99,5302.1273
1821,300164.SZ,20121205,13.78,14.41,13.6,14.2,13.78,0.42,3.05,6561.14,9283.8757
1822,300164.SZ,20121204,13.6,13.8,13.36,13.78,13.53,0.25,1.85,3782.07,5110.7678
1823,300164.SZ,20121203,14.0,14.0,13.5,13.53,13.91,-0.38,-2.73,1721.0,2376.5012
1824,300164.SZ,20121130,13.55,14.0,13.55,13.91,13.48,0.43,3.19,4537.12,6298.2991
1825,300164.SZ,20121129,13.85,14.14,13.4,13.48,13.9,-0.42,-3.02,2356.02,3232.2302
1826,300164.SZ,20121128,13.85,14.29,13.5,13.9,14.02,-0.12,-0.86,3188.13,4443.4748
1827,300164.SZ,20121127,14.6,14.6,14.0,14.02,14.73,-0.71,-4.82,6280.01,8925.41
1828,300164.SZ,20121126,15.18,15.5,14.72,14.73,15.45,-0.72,-4.66,3399.57,5097.3215
1829,300164.SZ,20121123,15.6,16.09,15.4,15.45,15.59,-0.14,-0.9,2943.47,4600.8504
1830,300164.SZ,20121122,15.75,15.85,15.4,15.59,15.63,-0.04,-0.26,2099.11,3280.8043
1831,300164.SZ,20121121,15.88,15.88,15.46,15.63,15.83,-0.2,-1.26,3302.09,5162.4509
1832,300164.SZ,20121120,15.89,15.95,15.73,15.83,15.8,0.03,0.19,2697.02,4270.6754
1833,300164.SZ,20121119,15.91,16.07,15.65,15.8,15.86,-0.06,-0.38,2364.99,3746.2608
1834,300164.SZ,20121116,15.98,16.25,15.52,15.86,15.79,0.07,0.44,3006.36,4788.5488
1835,300164.SZ,20121115,15.5,16.12,15.35,15.79,15.7,0.09,0.57,4307.8,6820.4524
1836,300164.SZ,20121114,15.28,15.79,15.28,15.7,15.78,-0.08,-0.51,4761.08,7379.9423
1837,300164.SZ,20121113,16.37,16.37,15.67,15.78,16.3,-0.52,-3.19,2056.4,3281.2877
1838,300164.SZ,20121112,15.84,16.32,15.84,16.3,16.01,0.29,1.81,2666.05,4303.4577
1839,300164.SZ,20121109,15.98,16.22,15.88,16.01,16.07,-0.06,-0.37,1367.42,2197.2444
1840,300164.SZ,20121108,16.4,16.58,15.8,16.07,16.59,-0.52,-3.13,5734.88,9251.3958
1841,300164.SZ,20121107,16.61,16.65,16.31,16.59,16.6,-0.01,-0.06,5630.39,9294.3877
1842,300164.SZ,20121106,16.45,16.88,16.36,16.6,16.15,0.45,2.79,20558.52,34264.6642
1843,300164.SZ,20121105,16.18,16.4,16.07,16.15,16.39,-0.24,-1.46,3601.68,5841.6504
1844,300164.SZ,20121102,16.3,16.44,16.18,16.39,16.33,0.06,0.37,3686.36,6008.1943
1845,300164.SZ,20121101,16.38,16.48,16.03,16.33,16.23,0.1,0.62,5557.22,9080.5858
1846,300164.SZ,20121031,16.8,16.8,16.09,16.23,16.77,-0.54,-3.22,7218.6,11806.8121
1847,300164.SZ,20121030,16.25,16.86,15.95,16.77,16.03,0.74,4.62,7085.47,11646.5628
1848,300164.SZ,20121029,15.78,16.19,15.78,16.03,15.78,0.25,1.58,3993.04,6411.7567
1849,300164.SZ,20121026,15.95,16.01,15.19,15.78,16.01,-0.23,-1.44,7016.2,10998.5092
1850,300164.SZ,20121025,16.09,16.29,15.92,16.01,15.94,0.07,0.44,6968.75,11194.2371
1851,300164.SZ,20121024,16.71,17.13,15.91,15.94,17.06,-1.12,-6.57,10987.27,17993.6689
1852,300164.SZ,20121023,17.39,17.46,17.0,17.06,17.3,-0.24,-1.39,6466.13,11118.2928
1853,300164.SZ,20121022,17.0,17.59,16.81,17.3,17.06,0.24,1.41,13666.0,23516.4248
1854,300164.SZ,20121019,16.91,17.1,16.85,17.06,16.91,0.15,0.89,5912.84,10050.2311
1855,300164.SZ,20121018,16.65,16.96,16.65,16.91,16.6,0.31,1.87,6598.59,11136.3477
1856,300164.SZ,20121017,16.68,16.8,16.36,16.6,16.75,-0.15,-0.9,8146.97,13444.1986
1857,300164.SZ,20121016,16.46,16.75,16.32,16.75,16.44,0.31,1.89,6465.88,10727.7975
1858,300164.SZ,20121015,16.72,16.79,16.02,16.44,16.93,-0.49,-2.89,6380.03,10393.3954
1859,300164.SZ,20121012,16.68,16.98,16.57,16.93,16.54,0.39,2.36,4071.94,6822.7543
1860,300164.SZ,20121011,17.05,17.05,16.46,16.54,17.05,-0.51,-2.99,9063.9,15133.5269
1861,300164.SZ,20121010,16.73,17.18,16.71,17.05,16.9,0.15,0.89,8167.71,13935.6123
1862,300164.SZ,20121009,16.69,17.32,16.62,16.9,16.71,0.19,1.14,10135.31,17206.9527
1863,300164.SZ,20121008,15.95,16.79,15.82,16.71,15.98,0.73,4.57,13438.89,22110.4375
1864,300164.SZ,20120928,15.79,16.0,15.62,15.98,15.9,0.08,0.5,8492.91,13416.3616
1865,300164.SZ,20120927,15.36,15.96,15.19,15.9,15.42,0.48,3.11,14007.91,21989.5035
1866,300164.SZ,20120926,16.17,16.17,15.09,15.42,16.17,-0.75,-4.64,14429.99,22330.5792
1867,300164.SZ,20120925,15.91,16.35,15.91,16.17,16.09,0.08,0.5,4226.22,6842.8005
1868,300164.SZ,20120924,15.82,16.17,15.82,16.09,15.9,0.19,1.2,9224.25,14759.8691
1869,300164.SZ,20120921,16.5,16.85,15.86,15.9,16.55,-0.65,-3.93,10886.12,17922.6167
1870,300164.SZ,20120920,17.29,17.31,16.41,16.55,17.28,-0.73,-4.22,8308.51,13915.0936
1871,300164.SZ,20120919,17.41,17.59,17.08,17.28,17.1,0.18,1.05,7288.69,12625.141
1872,300164.SZ,20120918,17.01,17.27,16.93,17.1,17.1,0.0,0.0,5308.8,9059.7988
1873,300164.SZ,20120917,17.64,17.66,17.04,17.1,17.57,-0.47,-2.68,9606.17,16504.9985
1874,300164.SZ,20120914,18.48,18.65,17.21,17.57,18.21,-0.64,-3.51,18699.3,33120.1361
1875,300164.SZ,20120913,18.22,18.7,18.0,18.21,18.22,-0.01,-0.05,17058.38,31439.4101
1876,300164.SZ,20120912,18.15,18.4,18.01,18.22,18.15,0.07,0.39,14573.45,26515.4781
1877,300164.SZ,20120911,18.74,19.0,17.98,18.15,18.69,-0.54,-2.89,21743.85,40125.7578
1878,300164.SZ,20120910,17.8,18.83,17.68,18.69,18.19,0.5,2.75,26842.48,49258.8538
1879,300164.SZ,20120907,17.65,18.4,17.48,18.19,17.42,0.77,4.42,20381.9,36748.3613
1880,300164.SZ,20120906,17.57,17.88,17.2,17.42,17.41,0.01,0.06,6669.42,11621.7646
1881,300164.SZ,20120905,17.2,17.8,17.15,17.41,17.36,0.05,0.29,5240.45,9160.3072
1882,300164.SZ,20120904,17.57,18.09,17.36,17.36,17.57,-0.21,-1.2,7313.92,12915.9432
1883,300164.SZ,20120903,16.72,17.6,16.6,17.57,16.72,0.85,5.08,10366.19,17883.7784
1884,300164.SZ,20120831,16.32,16.88,16.32,16.72,16.36,0.36,2.2,9518.26,15848.0559
1885,300164.SZ,20120830,17.47,17.47,16.07,16.36,17.47,-1.11,-6.35,25045.68,41875.7934
1886,300164.SZ,20120829,17.68,18.1,17.39,17.47,17.73,-0.26,-1.47,5370.04,9520.131
1887,300164.SZ,20120828,17.16,17.88,17.15,17.73,17.4,0.33,1.9,10006.24,17425.874
1888,300164.SZ,20120827,17.56,18.28,17.15,17.4,17.55,-0.15,-0.85,21557.98,38214.4966
1889,300164.SZ,20120824,18.22,18.22,17.55,17.55,18.34,-0.79,-4.31,16691.74,29605.9761
1890,300164.SZ,20120823,18.5,18.8,18.12,18.34,18.82,-0.48,-2.55,21250.46,39090.7266
1891,300164.SZ,20120822,18.08,19.06,18.0,18.82,18.06,0.76,4.21,31026.21,57720.9845
1892,300164.SZ,20120821,17.95,18.65,17.78,18.06,17.98,0.08,0.44,28191.51,51726.783
1893,300164.SZ,20120820,17.3,18.08,17.16,17.98,17.52,0.46,2.63,13407.68,23778.1326
1894,300164.SZ,20120817,17.38,17.93,17.19,17.52,17.51,0.01,0.06,21735.62,38333.1439
1895,300164.SZ,20120816,17.68,17.85,17.5,17.51,17.94,-0.43,-2.4,9698.86,17087.0764
1896,300164.SZ,20120815,18.47,18.85,17.88,17.94,18.48,-0.54,-2.92,24692.87,45304.2566
1897,300164.SZ,20120814,17.72,18.8,17.6,18.48,17.72,0.76,4.29,36608.46,66490.1809
1898,300164.SZ,20120813,18.58,18.58,17.71,17.72,18.63,-0.91,-4.88,20724.19,37502.7048
1899,300164.SZ,20120810,18.25,19.1,18.25,18.63,18.37,0.26,1.42,24579.79,46164.7911
1900,300164.SZ,20120809,17.48,18.68,17.45,18.37,17.52,0.85,4.85,29661.14,53828.0581
1901,300164.SZ,20120808,17.66,17.8,17.3,17.52,17.82,-0.3,-1.68,12942.67,22624.2007
1902,300164.SZ,20120807,17.35,18.14,17.2,17.82,17.41,0.41,2.36,38204.72,68118.4908
1903,300164.SZ,20120806,16.9,17.58,16.7,17.41,17.01,0.4,2.35,26170.39,44978.8268
1904,300164.SZ,20120803,16.17,17.36,16.15,17.01,16.17,0.84,5.19,39047.16,66018.1801
1905,300164.SZ,20120802,16.0,16.31,15.92,16.17,16.28,-0.11,-0.68,14515.41,23414.7338
1906,300164.SZ,20120801,15.22,16.28,15.18,16.28,15.05,1.23,8.17,16471.34,26243.242
1907,300164.SZ,20120731,15.3,15.3,14.95,15.05,15.3,-0.25,-1.63,6575.33,9908.9062
1908,300164.SZ,20120730,15.39,15.85,15.16,15.3,15.53,-0.23,-1.48,9461.73,14546.1682
1909,300164.SZ,20120727,15.75,15.84,15.41,15.53,15.62,-0.09,-0.58,5964.44,9311.3053
1910,300164.SZ,20120726,16.45,16.45,15.41,15.62,16.2,-0.58,-3.58,16447.58,26114.8779
1911,300164.SZ,20120725,15.72,16.48,15.55,16.2,15.88,0.32,2.02,19049.84,30661.9062
1912,300164.SZ,20120724,15.3,16.1,15.27,15.88,15.43,0.45,2.92,11785.44,18659.2809
1913,300164.SZ,20120723,15.31,15.81,15.16,15.43,15.61,-0.18,-1.15,9617.55,14897.0277
1914,300164.SZ,20120720,15.53,16.2,15.3,15.61,15.58,0.03,0.19,19644.9,31223.299
1915,300164.SZ,20120719,15.18,15.74,15.03,15.58,15.21,0.37,2.43,16532.36,25534.3933
1916,300164.SZ,20120718,14.54,15.5,14.31,15.21,14.7,0.51,3.47,21694.8,32749.5813
1917,300164.SZ,20120717,14.06,14.83,14.05,14.7,14.35,0.35,2.44,7900.79,11422.6172
1918,300164.SZ,20120716,14.7,14.95,14.0,14.35,14.34,0.01,0.07,9539.24,13920.2086
1919,300164.SZ,20120713,14.31,14.58,14.31,14.34,14.31,0.03,0.21,4192.81,6072.0386
1920,300164.SZ,20120712,14.0,14.46,13.89,14.31,14.09,0.22,1.56,3686.19,5265.964
1921,300164.SZ,20120711,13.91,14.1,13.82,14.09,13.85,0.24,1.73,4698.73,6563.9391
1922,300164.SZ,20120710,14.2,14.37,13.84,13.85,14.25,-0.4,-2.81,6954.93,9746.9798
1923,300164.SZ,20120709,15.06,15.06,14.24,14.25,15.15,-0.9,-5.94,13237.62,19323.4564
1924,300164.SZ,20120706,15.45,15.45,14.43,15.15,15.15,0.0,0.0,12545.97,18792.2278
1925,300164.SZ,20120705,15.14,15.35,14.76,15.15,15.0,0.15,1.0,9391.6,14180.1369
1926,300164.SZ,20120704,15.7,15.78,14.89,15.0,15.51,-0.51,-3.29,20860.91,31863.8691
1927,300164.SZ,20120703,14.71,15.51,14.63,15.51,14.61,0.9,6.16,33196.66,50693.5365
1928,300164.SZ,20120702,14.79,14.89,14.5,14.61,14.61,0.0,0.0,11058.04,16256.6089
1929,300164.SZ,20120629,14.88,14.89,14.2,14.61,14.81,-0.2,-1.35,15295.21,22189.3773
1930,300164.SZ,20120628,15.47,15.58,14.81,14.81,15.75,-0.94,-5.97,31057.0,47309.2957
1931,300164.SZ,20120627,14.75,16.17,14.74,15.75,14.7,1.05,7.14,61713.89,97429.0413
1932,300164.SZ,20120626,14.12,14.98,14.11,14.7,14.55,0.15,1.03,5389.54,7928.6988
1933,300164.SZ,20120625,14.84,14.84,14.29,14.55,14.96,-0.41,-2.74,3650.27,5286.9008
1934,300164.SZ,20120621,15.1,15.1,14.75,14.96,15.12,-0.16,-1.06,3983.99,5927.784
1935,300164.SZ,20120620,15.01,15.39,14.97,15.12,15.1,0.02,0.13,9160.22,13850.4824
1936,300164.SZ,20120619,15.18,15.48,15.01,15.1,15.18,-0.08,-0.53,2973.27,4514.8246
1937,300164.SZ,20120618,14.84,15.47,14.84,15.18,14.84,0.34,2.29,10175.83,15488.5215
1938,300164.SZ,20120615,14.67,15.02,14.6,14.84,14.77,0.07,0.47,1762.24,2607.0896
1939,300164.SZ,20120614,14.94,15.15,14.5,14.77,14.94,-0.17,-1.14,4708.01,7028.722
1940,300164.SZ,20120613,14.34,14.96,14.18,14.94,14.4,0.54,3.75,4454.99,6526.5174
1941,300164.SZ,20120612,14.15,14.44,13.74,14.4,14.25,0.15,1.05,6493.57,9214.7761
1942,300164.SZ,20120611,14.0,14.48,14.0,14.25,14.04,0.21,1.5,2628.0,3762.1328
1943,300164.SZ,20120608,13.8,14.1,13.8,14.04,13.88,0.16,1.15,3012.15,4217.2011
1944,300164.SZ,20120607,14.0,14.06,13.81,13.88,13.93,-0.05,-0.36,1521.01,2112.8628
1945,300164.SZ,20120606,14.28,14.4,13.8,13.93,14.01,-0.08,-0.57,2206.0,3070.4051
1946,300164.SZ,20120605,14.2,14.39,13.95,14.01,14.25,-0.24,-1.68,2721.4,3841.663
1947,300164.SZ,20120604,14.46,14.46,14.12,14.25,14.8,-0.55,-3.72,2614.97,3738.8266
1948,300164.SZ,20120601,14.64,15.5,14.52,14.8,14.63,0.17,1.16,3079.08,4581.4823
1949,300164.SZ,20120531,14.41,14.69,14.33,14.63,14.53,0.1,0.69,5189.09,7510.7271
1950,300164.SZ,20120530,14.63,14.67,14.47,14.53,14.64,-0.11,-0.75,1853.5,2699.124
1951,300164.SZ,20120529,14.45,14.69,14.4,14.64,14.5,0.14,0.97,5895.23,8554.0919
1952,300164.SZ,20120528,14.1,14.6,13.81,14.5,14.28,0.22,1.54,4701.07,6644.8525
1953,300164.SZ,20120525,14.99,15.0,14.28,14.28,14.99,-0.71,-4.74,6766.0,9838.415
1954,300164.SZ,20120524,15.02,15.15,14.92,14.99,15.14,-0.15,-0.99,4212.91,6318.8325
1955,300164.SZ,20120523,15.22,15.35,14.95,15.14,15.21,-0.07,-0.46,3618.0,5504.8023
1956,300164.SZ,20120522,15.1,15.37,15.1,15.21,15.21,0.0,0.0,3620.96,5514.5182
1957,300164.SZ,20120521,14.92,15.33,14.9,15.21,14.99,0.22,1.47,5624.67,8508.1347
1958,300164.SZ,20120518,15.56,15.61,14.7,14.99,15.63,-0.64,-4.09,8974.87,13467.9004
1959,300164.SZ,20120517,15.36,15.8,15.36,15.63,15.58,0.05,0.32,8998.14,14099.9494
1960,300164.SZ,20120516,31.59,31.59,30.97,31.45,31.42,0.03,0.1,4538.6,14286.4779
1961,300164.SZ,20120515,30.88,31.46,30.86,31.42,31.45,-0.03,-0.1,3647.71,11429.9041
1962,300164.SZ,20120514,31.2,31.7,30.82,31.45,31.02,0.43,1.39,3363.68,10521.5622
1963,300164.SZ,20120511,31.3,31.46,30.87,31.02,31.43,-0.41,-1.3,2702.1,8422.9325
1964,300164.SZ,20120510,31.77,31.77,31.2,31.43,31.2,0.23,0.74,3487.3,10965.1612
1965,300164.SZ,20120509,31.62,31.7,30.82,31.2,31.62,-0.42,-1.33,4324.58,13496.1971
1966,300164.SZ,20120508,31.29,32.6,30.85,31.62,31.35,0.27,0.86,10508.96,33512.9628
1967,300164.SZ,20120507,30.8,31.49,30.13,31.35,30.77,0.58,1.89,7215.02,22219.1566
1968,300164.SZ,20120504,29.86,30.97,29.78,30.77,29.81,0.96,3.22,4221.58,12910.1087
1969,300164.SZ,20120503,29.6,30.39,29.6,29.81,30.06,-0.25,-0.83,5129.18,15357.9511
1970,300164.SZ,20120502,30.35,30.4,29.35,30.06,29.35,0.71,2.42,5276.25,15787.9203
1971,300164.SZ,20120427,29.0,29.85,28.72,29.35,28.89,0.46,1.59,2782.24,8154.1091
1972,300164.SZ,20120426,29.27,29.38,28.88,28.89,29.2,-0.31,-1.06,3241.69,9461.7376
1973,300164.SZ,20120425,29.0,29.38,28.79,29.2,29.07,0.13,0.45,2917.08,8484.0648
1974,300164.SZ,20120424,29.0,30.42,28.51,29.07,29.71,-0.64,-2.15,4309.83,12534.6866
1975,300164.SZ,20120423,30.0,30.28,29.5,29.71,30.51,-0.8,-2.62,6494.55,19390.6782
1976,300164.SZ,20120420,30.23,30.74,30.2,30.51,30.38,0.13,0.43,4940.88,15070.3611
1977,300164.SZ,20120419,29.58,30.88,29.33,30.38,29.58,0.8,2.7,12624.19,38176.0805
1978,300164.SZ,20120418,28.95,29.61,28.95,29.58,28.78,0.8,2.78,2805.5,8236.0722
1979,300164.SZ,20120417,29.08,29.6,28.69,28.78,29.15,-0.37,-1.27,3960.85,11498.1974
1980,300164.SZ,20120416,29.5,29.5,29.02,29.15,29.48,-0.33,-1.12,2691.24,7878.8387
1981,300164.SZ,20120413,28.8,29.5,28.72,29.48,28.91,0.57,1.97,6409.69,18767.4196
1982,300164.SZ,20120412,28.27,28.97,28.23,28.91,28.11,0.8,2.85,5596.14,16054.1242
1983,300164.SZ,20120411,28.15,28.4,27.36,28.11,28.35,-0.24,-0.85,2171.05,6097.6259
1984,300164.SZ,20120410,28.02,28.38,27.28,28.35,28.3,0.05,0.18,3350.33,9306.468
1985,300164.SZ,20120409,28.35,29.15,27.51,28.3,28.45,-0.15,-0.53,4930.67,14067.8564
1986,300164.SZ,20120406,28.53,28.68,28.18,28.45,28.4,0.05,0.18,4480.61,12748.4985
1987,300164.SZ,20120405,27.39,28.4,27.26,28.4,27.33,1.07,3.92,6589.89,18435.9631
1988,300164.SZ,20120330,28.03,28.5,26.51,27.33,28.5,-1.17,-4.11,11439.98,31458.9494
1989,300164.SZ,20120329,29.6,29.82,28.5,28.5,31.62,-3.12,-9.87,10916.08,31654.9792
1990,300164.SZ,20120327,32.13,32.3,31.5,31.62,31.9,-0.28,-0.88,4722.63,15044.3215
1991,300164.SZ,20120326,31.88,32.16,31.5,31.9,32.16,-0.26,-0.81,4779.57,15213.717
1992,300164.SZ,20120323,33.3,33.3,31.8,32.16,33.35,-1.19,-3.57,10885.33,35562.3986
1993,300164.SZ,20120322,32.6,33.78,32.21,33.35,32.64,0.71,2.18,24896.27,82836.3267
1994,300164.SZ,20120321,31.66,32.68,31.31,32.64,31.66,0.98,3.1,16915.23,54105.8912
1995,300164.SZ,20120320,32.49,32.58,31.58,31.66,32.35,-0.69,-2.13,16780.15,53727.7988
1996,300164.SZ,20120319,32.5,33.0,31.18,32.35,31.06,1.29,4.15,26197.4,84172.3275
1997,300164.SZ,20120316,29.92,31.17,29.92,31.06,29.92,1.14,3.81,9614.32,29295.4365
1998,300164.SZ,20120315,30.0,30.37,29.62,29.92,29.85,0.07,0.23,6463.95,19438.8996
1999,300164.SZ,20120314,31.66,31.97,29.05,29.85,31.49,-1.64,-5.21,15270.7,47541.4844
2000,300164.SZ,20120313,31.4,31.53,31.13,31.49,31.39,0.1,0.32,7045.05,22097.4391
2001,300164.SZ,20120312,31.26,31.4,30.89,31.39,31.2,0.19,0.61,9559.52,29796.5382
2002,300164.SZ,20120309,31.18,31.22,30.74,31.2,30.9,0.3,0.97,6873.07,21329.063
2003,300164.SZ,20120308,30.53,31.0,30.53,30.9,30.53,0.37,1.21,6295.3,19417.3861
2004,300164.SZ,20120307,30.58,31.15,30.49,30.53,30.97,-0.44,-1.42,8289.54,25609.1484
2005,300164.SZ,20120306,30.8,31.23,30.75,30.97,30.94,0.03,0.1,9518.43,29543.6953
2006,300164.SZ,20120305,31.12,31.5,30.78,30.94,31.4,-0.46,-1.47,16499.75,51225.1739
2007,300164.SZ,20120302,31.88,31.88,30.5,31.4,31.61,-0.21,-0.66,25858.99,80171.9448
2008,300164.SZ,20120301,31.1,31.88,30.69,31.61,30.99,0.62,2.0,9771.23,30579.3545
2009,300164.SZ,20120229,32.04,32.16,30.89,30.99,32.02,-1.03,-3.22,9935.62,31022.9733
2010,300164.SZ,20120228,32.0,32.49,31.6,32.02,32.15,-0.13,-0.4,10569.45,33849.3762
2011,300164.SZ,20120227,31.45,32.59,31.2,32.15,31.18,0.97,3.11,14992.91,47852.3408
2012,300164.SZ,20120224,30.63,31.6,30.61,31.18,30.75,0.43,1.4,8141.26,25433.0914
2013,300164.SZ,20120223,30.66,31.32,30.55,30.75,30.53,0.22,0.72,9998.92,30867.7181
2014,300164.SZ,20120222,30.02,30.88,30.0,30.53,29.89,0.64,2.14,10216.93,31138.1218
2015,300164.SZ,20120221,29.1,29.9,29.06,29.89,29.05,0.84,2.89,9437.45,27920.1337
2016,300164.SZ,20120220,29.2,29.38,28.8,29.05,28.85,0.2,0.69,6916.53,20147.1221
2017,300164.SZ,20120217,28.87,28.99,28.1,28.85,28.87,-0.02,-0.07,5100.38,14554.6574
2018,300164.SZ,20120216,29.55,29.61,28.35,28.87,29.42,-0.55,-1.87,10199.2,29523.7267
2019,300164.SZ,20120215,29.22,29.67,29.22,29.42,29.38,0.04,0.14,4664.22,13740.0238
2020,300164.SZ,20120214,29.5,29.7,29.1,29.38,29.47,-0.09,-0.31,3826.76,11221.9859
2021,300164.SZ,20120213,28.12,29.96,28.03,29.47,28.45,1.02,3.59,8340.69,24560.3345
2022,300164.SZ,20120210,27.8,28.5,27.71,28.45,28.0,0.45,1.61,5136.76,14503.686
2023,300164.SZ,20120209,28.12,28.6,27.01,28.0,28.2,-0.2,-0.71,8967.65,25154.4902
2024,300164.SZ,20120208,27.51,28.3,27.51,28.2,27.46,0.74,2.69,4453.8,12499.9655
2025,300164.SZ,20120207,27.95,27.95,27.2,27.46,28.0,-0.54,-1.93,4219.53,11581.3754
2026,300164.SZ,20120206,27.2,28.4,27.2,28.0,27.43,0.57,2.08,7366.55,20634.9569
2027,300164.SZ,20120203,26.47,27.55,26.3,27.43,26.47,0.96,3.63,5735.49,15520.1628
2028,300164.SZ,20120202,25.78,26.5,25.78,26.47,26.0,0.47,1.81,3086.78,8078.059
2029,300164.SZ,20120201,25.92,26.62,25.7,26.0,25.92,0.08,0.31,3811.11,9999.4016
2030,300164.SZ,20120131,25.9,26.12,25.52,25.92,26.14,-0.22,-0.84,2351.66,6063.2758
2031,300164.SZ,20120130,25.55,26.5,25.35,26.14,25.53,0.61,2.39,8958.47,23282.8163
2032,300164.SZ,20120120,25.61,25.63,24.72,25.53,25.6,-0.07,-0.27,7991.75,20088.9028
2033,300164.SZ,20120119,26.38,26.88,25.03,25.6,26.99,-1.39,-5.15,8833.71,22716.2105
2034,300164.SZ,20120118,27.07,29.0,25.5,26.99,26.69,0.3,1.12,7527.64,20098.8747
2035,300164.SZ,20120117,25.5,26.8,23.65,26.69,25.88,0.81,3.13,7001.49,17931.8271
2036,300164.SZ,20120116,26.11,27.26,25.88,25.88,27.28,-1.4,-5.13,3855.18,10151.3285
2037,300164.SZ,20120113,27.6,28.8,27.11,27.28,27.28,0.0,0.0,7388.59,20573.8466
2038,300164.SZ,20120112,27.78,28.02,27.21,27.28,27.98,-0.7,-2.5,4409.15,12104.4972
2039,300164.SZ,20120111,26.99,28.39,26.99,27.98,27.35,0.63,2.3,6078.13,16689.8743
2040,300164.SZ,20120110,26.35,27.4,26.35,27.35,26.68,0.67,2.51,4826.19,13049.6007
2041,300164.SZ,20120109,26.11,26.84,25.32,26.68,25.86,0.82,3.17,3766.7,9961.2359
2042,300164.SZ,20120106,25.55,26.0,25.2,25.86,25.88,-0.02,-0.08,1044.88,2668.4494
2043,300164.SZ,20120105,26.13,26.79,24.8,25.88,26.25,-0.37,-1.41,2790.2,7155.2907
2044,300164.SZ,20120104,26.8,27.75,26.25,26.25,26.35,-0.1,-0.38,2185.19,5930.3418
2045,300164.SZ,20111230,26.11,26.65,26.08,26.35,26.1,0.25,0.96,1610.22,4235.9134
2046,300164.SZ,20111229,25.87,26.37,25.87,26.1,25.66,0.44,1.71,1302.21,3396.4792
2047,300164.SZ,20111228,25.46,26.44,25.18,25.66,25.98,-0.32,-1.23,1255.01,3209.072
2048,300164.SZ,20111227,25.94,26.89,25.94,25.98,26.85,-0.87,-3.24,949.77,2498.3629
2049,300164.SZ,20111226,26.55,27.27,26.5,26.85,26.91,-0.06,-0.22,1523.36,4097.1946
2050,300164.SZ,20111223,26.32,27.18,26.32,26.91,26.54,0.37,1.39,1166.86,3131.461
2051,300164.SZ,20111222,27.25,27.45,25.61,26.54,27.25,-0.71,-2.61,3369.39,8827.9432
2052,300164.SZ,20111221,28.19,28.55,27.25,27.25,28.0,-0.75,-2.68,1847.0,5161.382
2053,300164.SZ,20111220,27.68,28.29,27.59,28.0,27.9,0.1,0.36,1400.49,3925.0761
2054,300164.SZ,20111219,27.97,28.03,27.18,27.9,28.04,-0.14,-0.5,2332.62,6412.519
2055,300164.SZ,20111216,27.15,28.05,27.0,28.04,27.11,0.93,3.43,2228.93,6130.6046
2056,300164.SZ,20111215,27.04,27.47,26.75,27.11,27.3,-0.19,-0.7,2241.4,6049.1053
2057,300164.SZ,20111214,28.69,28.69,27.16,27.3,28.5,-1.2,-4.21,4970.62,13868.0661
2058,300164.SZ,20111213,29.52,29.94,28.5,28.5,30.11,-1.61,-5.35,3112.64,9013.1266
2059,300164.SZ,20111212,31.3,31.3,30.11,30.11,31.14,-1.03,-3.31,1173.3,3586.4051
2060,300164.SZ,20111209,31.74,31.74,30.58,31.14,31.75,-0.61,-1.92,1422.0,4452.6997
2061,300164.SZ,20111208,31.06,31.98,31.05,31.75,31.38,0.37,1.18,1064.3,3353.2007
2062,300164.SZ,20111207,31.6,31.7,31.0,31.38,31.47,-0.09,-0.29,734.31,2291.3669
2063,300164.SZ,20111206,30.94,31.73,30.06,31.47,31.3,0.17,0.54,1176.9,3659.1086
2064,300164.SZ,20111205,32.09,32.79,31.0,31.3,32.14,-0.84,-2.61,1292.83,4081.7175
2065,300164.SZ,20111202,32.1,32.36,31.5,32.14,32.15,-0.01,-0.03,1825.33,5829.1257
2066,300164.SZ,20111201,32.56,33.03,32.06,32.15,31.93,0.22,0.69,2843.9,9279.6913
2067,300164.SZ,20111130,32.91,33.3,31.25,31.93,33.14,-1.21,-3.65,3621.72,11709.6664
2068,300164.SZ,20111129,32.99,33.14,32.55,33.14,32.81,0.33,1.01,2018.56,6638.7036
2069,300164.SZ,20111128,32.68,32.95,32.31,32.81,32.68,0.13,0.4,1264.66,4134.9226
2070,300164.SZ,20111125,32.65,32.96,32.39,32.68,32.68,0.0,0.0,1805.76,5901.6817
2071,300164.SZ,20111124,31.9,32.85,31.5,32.68,32.7,-0.02,-0.06,2326.69,7507.3251
2072,300164.SZ,20111123,32.75,32.94,32.47,32.7,32.64,0.06,0.18,2843.0,9287.072
2073,300164.SZ,20111122,32.95,33.18,32.2,32.64,33.08,-0.44,-1.33,4708.89,15346.816
2074,300164.SZ,20111121,33.39,33.49,32.5,33.08,33.48,-0.4,-1.19,1841.49,6049.0263
2075,300164.SZ,20111118,34.53,34.53,32.57,33.48,34.53,-1.05,-3.04,3085.68,10316.9777
2076,300164.SZ,20111117,33.8,34.91,33.71,34.53,34.03,0.5,1.47,3362.02,11553.4534
2077,300164.SZ,20111116,34.87,34.94,33.53,34.03,34.95,-0.92,-2.63,3902.82,13323.8493
2078,300164.SZ,20111115,34.38,35.19,34.01,34.95,34.29,0.66,1.92,5153.71,17915.6683
2079,300164.SZ,20111114,33.88,34.36,33.52,34.29,33.55,0.74,2.21,4135.56,14089.5911
2080,300164.SZ,20111111,33.94,33.94,33.18,33.55,33.65,-0.1,-0.3,3487.85,11701.9814
2081,300164.SZ,20111110,33.81,34.2,33.42,33.65,34.22,-0.57,-1.67,5016.39,16950.3877
2082,300164.SZ,20111109,32.94,34.25,32.94,34.22,32.9,1.32,4.01,6734.17,22736.6248
2083,300164.SZ,20111108,32.78,33.39,32.51,32.9,32.73,0.17,0.52,4293.58,14192.3275
2084,300164.SZ,20111107,32.93,33.45,31.5,32.73,32.69,0.04,0.12,3982.43,13160.5732
2085,300164.SZ,20111104,32.5,32.94,32.25,32.69,32.42,0.27,0.83,2905.87,9444.1368
2086,300164.SZ,20111103,31.5,33.45,31.4,32.42,31.5,0.92,2.92,9119.41,29562.1547
2087,300164.SZ,20111102,30.4,31.5,30.03,31.5,30.7,0.8,2.61,5517.93,16971.1462
2088,300164.SZ,20111101,30.4,30.98,30.18,30.7,30.86,-0.16,-0.52,1793.5,5498.7597
2089,300164.SZ,20111031,30.88,30.89,30.53,30.86,30.45,0.41,1.35,2033.81,6246.1497
2090,300164.SZ,20111028,30.59,30.75,30.1,30.45,30.24,0.21,0.69,2608.88,7945.0659
2091,300164.SZ,20111027,30.35,30.7,30.03,30.24,30.7,-0.46,-1.5,2274.9,6893.1788
2092,300164.SZ,20111026,30.98,30.98,29.86,30.7,30.54,0.16,0.52,5154.4,15667.7764
2093,300164.SZ,20111025,29.8,30.79,29.6,30.54,29.6,0.94,3.18,2229.05,6749.9435
2094,300164.SZ,20111024,29.3,29.66,28.81,29.6,29.0,0.6,2.07,1997.92,5836.5662
2095,300164.SZ,20111021,29.69,29.8,28.68,29.0,29.78,-0.78,-2.62,1658.7,4823.873
2096,300164.SZ,20111020,29.53,30.0,29.36,29.78,29.8,-0.02,-0.07,2026.91,6033.2409
2097,300164.SZ,20111019,30.36,30.38,29.5,29.8,30.07,-0.27,-0.9,947.2,2821.3428
2098,300164.SZ,20111018,30.6,30.6,29.83,30.07,30.66,-0.59,-1.92,1074.3,3242.2968
2099,300164.SZ,20111017,31.18,31.18,30.22,30.66,30.52,0.14,0.46,626.2,1913.2584
2100,300164.SZ,20111014,30.82,30.99,30.04,30.52,30.75,-0.23,-0.75,1230.73,3739.2269
2101,300164.SZ,20111013,29.97,31.23,29.91,30.75,29.72,1.03,3.47,3078.7,9456.0664
2102,300164.SZ,20111012,28.43,30.18,28.43,29.72,28.97,0.75,2.59,2595.99,7695.1975
2103,300164.SZ,20111011,29.98,29.98,28.7,28.97,29.0,-0.03,-0.1,687.8,2006.1182
2104,300164.SZ,20111010,29.85,29.85,29.0,29.0,29.93,-0.93,-3.11,848.39,2484.2794
2105,300164.SZ,20110930,29.49,29.99,29.0,29.93,30.27,-0.34,-1.12,1438.2,4231.3484
2106,300164.SZ,20110929,30.0,30.27,28.52,30.27,30.31,-0.04,-0.13,3191.97,9336.2238
2107,300164.SZ,20110928,31.09,31.37,30.18,30.31,30.8,-0.49,-1.59,1108.42,3396.4627
2108,300164.SZ,20110927,31.31,31.45,30.62,30.8,31.3,-0.5,-1.6,2498.91,7721.9541
2109,300164.SZ,20110926,31.21,31.87,30.63,31.3,31.75,-0.45,-1.42,4154.19,12963.0484
2110,300164.SZ,20110923,32.21,32.21,31.0,31.75,32.6,-0.85,-2.61,3674.35,11591.8487
2111,300164.SZ,20110922,33.9,33.9,32.25,32.6,33.81,-1.21,-3.58,1915.61,6301.7351
2112,300164.SZ,20110921,32.76,34.05,32.76,33.81,33.18,0.63,1.9,3421.01,11470.4622
2113,300164.SZ,20110920,32.49,33.48,32.3,33.18,32.3,0.88,2.72,1506.0,4959.2819
2114,300164.SZ,20110919,32.82,32.82,32.3,32.3,32.89,-0.59,-1.79,690.2,2242.3913
2115,300164.SZ,20110916,33.1,33.2,32.78,32.89,32.79,0.1,0.31,594.8,1958.9194
2116,300164.SZ,20110915,33.0,33.48,32.75,32.79,33.0,-0.21,-0.64,1095.88,3619.6757
2117,300164.SZ,20110914,33.0,33.34,32.2,33.0,32.88,0.12,0.37,1481.46,4852.7389
2118,300164.SZ,20110913,33.4,33.76,32.23,32.88,33.85,-0.97,-2.87,1411.06,4668.2032
2119,300164.SZ,20110909,34.16,34.86,33.5,33.85,34.59,-0.74,-2.14,1901.74,6462.8532
2120,300164.SZ,20110908,35.0,35.34,34.06,34.59,34.98,-0.39,-1.11,1150.0,3991.6759
2121,300164.SZ,20110907,34.2,35.0,33.98,34.98,33.94,1.04,3.06,1433.99,4961.6501
2122,300164.SZ,20110906,33.96,34.2,33.7,33.94,33.88,0.06,0.18,1130.61,3835.3277
2123,300164.SZ,20110905,33.7,34.5,33.52,33.88,34.05,-0.17,-0.5,2536.03,8587.5156
2124,300164.SZ,20110902,34.05,34.1,33.63,34.05,34.3,-0.25,-0.73,1120.61,3799.6668
2125,300164.SZ,20110901,34.98,34.98,34.0,34.3,34.39,-0.09,-0.26,1771.44,6082.9715
2126,300164.SZ,20110831,34.99,35.4,34.1,34.39,35.27,-0.88,-2.5,3668.62,12616.9498
2127,300164.SZ,20110830,36.46,36.5,34.8,35.27,36.14,-0.87,-2.41,3148.11,11205.7525
2128,300164.SZ,20110829,35.2,36.44,35.2,36.14,35.6,0.54,1.52,5028.28,18073.4181
2129,300164.SZ,20110826,35.2,35.69,34.8,35.6,35.2,0.4,1.14,2052.14,7280.1872
2130,300164.SZ,20110825,35.69,35.85,34.8,35.2,35.7,-0.5,-1.4,4676.86,16471.2366
2131,300164.SZ,20110824,34.7,36.05,34.7,35.7,34.35,1.35,3.93,8573.99,30487.9374
2132,300164.SZ,20110823,34.01,34.52,33.6,34.35,33.84,0.51,1.51,1809.53,6169.0962
2133,300164.SZ,20110822,33.4,34.58,33.4,33.84,33.4,0.44,1.32,4031.49,13724.8579
2134,300164.SZ,20110819,32.56,33.79,32.3,33.4,33.92,-0.52,-1.53,5269.32,17515.4386
2135,300164.SZ,20110818,34.52,34.52,33.7,33.92,34.35,-0.43,-1.25,2762.6,9408.5374
2136,300164.SZ,20110817,34.55,34.55,34.05,34.35,34.3,0.05,0.15,3840.15,13137.8345
2137,300164.SZ,20110816,34.78,34.83,34.13,34.3,34.59,-0.29,-0.84,2557.6,8813.9199
2138,300164.SZ,20110815,34.4,35.08,34.08,34.59,34.51,0.08,0.23,7586.5,26143.9743
2139,300164.SZ,20110812,35.2,35.26,34.46,34.51,35.01,-0.5,-1.43,5090.33,17688.126
2140,300164.SZ,20110811,33.47,35.18,33.12,35.01,33.55,1.46,4.35,6512.06,22374.7441
2141,300164.SZ,20110810,32.43,34.0,32.43,33.55,32.43,1.12,3.45,6363.2,21313.938
2142,300164.SZ,20110809,32.1,32.96,30.6,32.43,33.13,-0.7,-2.11,3055.51,9839.3244
2143,300164.SZ,20110808,33.04,33.73,31.56,33.13,33.83,-0.7,-2.07,5980.17,19672.5156
2144,300164.SZ,20110805,32.6,33.99,32.1,33.83,33.4,0.43,1.29,5008.76,16609.8151
2145,300164.SZ,20110804,33.56,33.56,33.03,33.4,33.4,0.0,0.0,2731.92,9113.6546
2146,300164.SZ,20110803,32.93,33.54,32.72,33.4,33.14,0.26,0.78,1922.11,6404.095
2147,300164.SZ,20110802,33.13,33.15,32.02,33.14,32.99,0.15,0.45,2540.33,8276.9024
2148,300164.SZ,20110801,32.23,33.24,32.23,32.99,32.87,0.12,0.37,2728.72,8974.2407
2149,300164.SZ,20110729,33.29,33.38,32.61,32.87,33.26,-0.39,-1.17,1967.19,6467.2631
2150,300164.SZ,20110728,32.55,33.42,32.5,33.26,33.08,0.18,0.54,2760.51,9133.7841
2151,300164.SZ,20110727,32.22,33.3,31.82,33.08,32.26,0.82,2.54,3018.77,9888.3087
2152,300164.SZ,20110726,32.99,33.0,31.75,32.26,32.99,-0.73,-2.21,3635.29,11694.2389
2153,300164.SZ,20110725,33.87,34.08,32.9,32.99,33.9,-0.91,-2.68,8692.55,28967.5558
2154,300164.SZ,20110722,33.9,34.41,33.45,33.9,34.41,-0.51,-1.48,7134.51,24084.6875
2155,300164.SZ,20110721,32.48,34.5,32.21,34.41,32.43,1.98,6.11,10496.32,35221.0526
2156,300164.SZ,20110720,31.6,32.5,31.6,32.43,31.53,0.9,2.85,5048.27,16189.4403
2157,300164.SZ,20110719,32.01,32.17,31.43,31.53,32.06,-0.53,-1.65,4270.63,13521.2354
2158,300164.SZ,20110718,32.95,33.33,32.0,32.06,32.37,-0.31,-0.96,4877.34,15839.6486
2159,300164.SZ,20110715,32.39,32.73,31.91,32.37,32.33,0.04,0.12,2788.38,9045.2426
2160,300164.SZ,20110714,31.7,32.38,31.7,32.33,31.66,0.67,2.12,4434.03,14235.8661
2161,300164.SZ,20110713,31.58,31.88,31.14,31.66,31.13,0.53,1.7,4517.28,14294.4887
2162,300164.SZ,20110712,30.7,31.54,30.21,31.13,30.84,0.29,0.94,6360.27,19902.5869
2163,300164.SZ,20110711,31.05,31.05,30.39,30.84,31.08,-0.24,-0.77,4705.42,14409.7403
2164,300164.SZ,20110708,31.0,31.3,30.9,31.08,31.16,-0.08,-0.26,2206.6,6849.2962
2165,300164.SZ,20110707,30.86,31.89,30.73,31.16,31.0,0.16,0.52,5308.76,16566.6626
2166,300164.SZ,20110706,30.74,31.19,30.51,31.0,30.9,0.1,0.32,2292.6,7066.8276
2167,300164.SZ,20110705,31.2,31.45,30.72,30.9,30.49,0.41,1.34,4296.11,13305.6777
2168,300164.SZ,20110701,29.88,30.79,29.88,30.49,30.28,0.21,0.69,3048.45,9267.7346
2169,300164.SZ,20110630,29.23,30.3,29.08,30.28,29.53,0.75,2.54,3010.03,9027.2541
2170,300164.SZ,20110629,29.55,29.96,29.32,29.53,29.42,0.11,0.37,3528.84,10500.3404
2171,300164.SZ,20110628,29.03,29.54,29.03,29.42,29.55,-0.13,-0.44,1724.97,5042.468
2172,300164.SZ,20110627,28.88,29.85,28.54,29.55,28.79,0.76,2.64,4440.88,13074.5236
2173,300164.SZ,20110624,28.18,28.87,28.01,28.79,28.23,0.56,1.98,3339.29,9554.776
2174,300164.SZ,20110623,27.2,28.36,27.04,28.23,27.04,1.19,4.4,3374.21,9442.7664
2175,300164.SZ,20110622,27.51,27.55,27.0,27.04,27.56,-0.52,-1.89,728.31,1985.1677
2176,300164.SZ,20110621,27.5,27.76,27.12,27.56,27.22,0.34,1.25,1334.59,3651.2398
2177,300164.SZ,20110620,27.18,27.56,27.01,27.22,27.18,0.04,0.15,1108.2,3014.2918
2178,300164.SZ,20110617,27.6,27.78,27.09,27.18,27.58,-0.4,-1.45,737.49,2023.4725
2179,300164.SZ,20110616,28.4,28.4,27.47,27.58,28.45,-0.87,-3.06,2656.71,7374.97
2180,300164.SZ,20110615,28.51,28.64,28.3,28.45,28.6,-0.15,-0.52,1400.29,3980.3361
2181,300164.SZ,20110614,28.3,28.7,28.3,28.6,28.6,0.0,0.0,938.1,2678.2917
2182,300164.SZ,20110613,28.3,28.65,27.9,28.6,28.48,0.12,0.42,1952.15,5520.972
2183,300164.SZ,20110610,28.96,28.96,28.02,28.48,28.91,-0.43,-1.49,1140.38,3254.021
2184,300164.SZ,20110609,35.58,35.7,35.14,35.19,35.58,-0.39,-1.1,2240.55,7906.9839
2185,300164.SZ,20110608,35.68,35.68,35.01,35.58,35.61,-0.03,-0.08,656.6,2316.6978
2186,300164.SZ,20110607,35.33,35.7,35.33,35.61,35.61,0.0,0.0,653.49,2322.9108
2187,300164.SZ,20110603,35.25,35.8,35.23,35.61,35.26,0.35,0.99,1256.66,4469.3092
2188,300164.SZ,20110602,35.0,35.35,34.4,35.26,35.35,-0.09,-0.25,1499.29,5232.6377
2189,300164.SZ,20110601,34.8,35.35,34.8,35.35,35.0,0.35,1.0,1394.39,4902.6981
2190,300164.SZ,20110531,34.5,35.41,34.46,35.0,34.44,0.56,1.63,1258.59,4376.0906
2191,300164.SZ,20110530,34.6,35.22,34.2,34.44,34.66,-0.22,-0.63,2249.0,7808.6213
2192,300164.SZ,20110527,35.25,35.25,34.5,34.66,35.23,-0.57,-1.62,1843.78,6408.3772
2193,300164.SZ,20110526,35.7,35.91,35.01,35.23,36.44,-1.21,-3.32,2689.58,9524.2031
2194,300164.SZ,20110524,35.51,36.9,35.0,36.44,35.94,0.5,1.39,3589.66,12911.3426
2195,300164.SZ,20110523,37.4,37.41,35.6,35.94,37.46,-1.52,-4.06,3447.63,12474.462
2196,300164.SZ,20110520,38.0,38.19,37.46,37.46,37.9,-0.44,-1.16,1566.83,5894.4789
2197,300164.SZ,20110519,38.12,38.3,37.81,37.9,38.1,-0.2,-0.52,1155.65,4394.3101
2198,300164.SZ,20110518,38.19,38.19,37.82,38.1,38.0,0.1,0.26,939.0,3577.9255
2199,300164.SZ,20110517,38.32,38.32,37.8,38.0,38.04,-0.04,-0.11,1185.7,4510.9914
2200,300164.SZ,20110516,38.2,38.34,38.0,38.04,38.22,-0.18,-0.47,958.99,3655.7278
2201,300164.SZ,20110513,37.97,38.3,37.41,38.22,37.95,0.27,0.71,1820.51,6881.4414
2202,300164.SZ,20110512,38.41,38.77,37.9,37.95,38.78,-0.83,-2.14,2033.48,7789.4546
2203,300164.SZ,20110511,38.62,38.98,38.21,38.78,38.62,0.16,0.41,1719.86,6636.9793
2204,300164.SZ,20110510,38.19,38.64,38.18,38.62,38.27,0.35,0.91,1403.09,5385.1616
2205,300164.SZ,20110509,37.95,38.58,37.81,38.27,37.94,0.33,0.87,1846.78,7077.8687
2206,300164.SZ,20110506,37.73,38.29,37.46,37.94,38.35,-0.41,-1.07,3572.42,13521.1081
2207,300164.SZ,20110505,38.13,38.67,38.0,38.35,38.36,-0.01,-0.03,2000.05,7663.6748
2208,300164.SZ,20110504,39.0,39.19,38.1,38.36,39.52,-1.16,-2.94,1882.49,7275.3596
2209,300164.SZ,20110503,39.28,39.6,38.88,39.52,39.27,0.25,0.64,2466.61,9681.548
2210,300164.SZ,20110429,39.13,39.39,37.0,39.27,38.86,0.41,1.06,4091.01,15732.6732
2211,300164.SZ,20110428,40.43,40.58,38.86,38.86,40.43,-1.57,-3.88,4855.5,19150.6028
2212,300164.SZ,20110427,40.95,41.3,40.05,40.43,40.65,-0.22,-0.54,2413.23,9829.7968
2213,300164.SZ,20110426,40.9,41.2,40.34,40.65,41.0,-0.35,-0.85,3304.49,13472.4793
2214,300164.SZ,20110425,41.05,41.47,40.65,41.0,41.28,-0.28,-0.68,7852.76,32291.8654
2215,300164.SZ,20110422,44.5,44.5,40.85,41.28,45.3,-4.02,-8.87,22961.85,96800.702
2216,300164.SZ,20110421,46.18,46.3,45.0,45.3,46.21,-0.91,-1.97,6472.59,29443.8215
2217,300164.SZ,20110420,46.51,46.51,45.45,46.21,46.3,-0.09,-0.19,3837.09,17545.8617
2218,300164.SZ,20110419,47.15,47.3,45.88,46.3,47.48,-1.18,-2.49,4126.57,19118.2009
2219,300164.SZ,20110418,46.8,47.69,46.7,47.48,47.0,0.48,1.02,1706.06,8069.9181
2220,300164.SZ,20110415,46.89,47.16,46.68,47.0,46.89,0.11,0.23,1529.31,7174.6541
2221,300164.SZ,20110414,47.88,47.88,46.88,46.89,47.69,-0.8,-1.68,1616.8,7630.2328
2222,300164.SZ,20110413,47.2,47.78,47.03,47.69,47.02,0.67,1.42,1767.49,8391.1728
2223,300164.SZ,20110412,47.5,47.99,47.0,47.02,48.0,-0.98,-2.04,1881.39,8874.5493
2224,300164.SZ,20110411,48.25,48.55,47.92,48.0,48.2,-0.2,-0.41,2247.09,10833.1234
2225,300164.SZ,20110408,48.03,48.33,47.84,48.2,48.03,0.17,0.35,1661.15,7999.6572
2226,300164.SZ,20110407,47.58,48.44,47.51,48.03,47.48,0.55,1.16,1935.6,9306.0624
2227,300164.SZ,20110406,47.65,47.87,47.02,47.48,47.79,-0.31,-0.65,1820.7,8650.4879
2228,300164.SZ,20110401,47.5,47.8,47.16,47.79,47.46,0.33,0.7,1418.27,6742.0733
2229,300164.SZ,20110331,46.6,47.7,46.52,47.46,46.85,0.61,1.3,3073.67,14559.1375
2230,300164.SZ,20110330,47.0,47.35,46.42,46.85,47.08,-0.23,-0.49,2309.52,10799.059
2231,300164.SZ,20110329,48.97,48.97,46.9,47.08,48.98,-1.9,-3.88,7230.41,34512.0423
2232,300164.SZ,20110328,51.1,51.16,48.9,48.98,51.1,-2.12,-4.15,7144.94,35691.292
2233,300164.SZ,20110325,50.75,51.45,50.51,51.1,50.99,0.11,0.22,3012.87,15387.6328
2234,300164.SZ,20110324,50.75,51.4,50.53,50.99,50.7,0.29,0.57,4045.07,20659.0258
2235,300164.SZ,20110323,50.63,50.83,50.16,50.7,50.39,0.31,0.62,2053.43,10375.9439
2236,300164.SZ,20110322,51.25,51.25,50.23,50.39,51.25,-0.86,-1.68,3486.01,17587.0265
2237,300164.SZ,20110321,50.69,51.66,50.51,51.25,50.68,0.57,1.12,3297.82,16913.7169
2238,300164.SZ,20110318,51.0,51.2,50.61,50.68,50.66,0.02,0.04,2072.82,10524.7123
2239,300164.SZ,20110317,50.78,51.69,50.51,50.66,51.27,-0.61,-1.19,4096.21,20950.1263
2240,300164.SZ,20110316,50.81,51.39,50.73,51.27,51.1,0.17,0.33,2763.42,14143.9614
2241,300164.SZ,20110315,52.22,52.22,50.5,51.1,52.07,-0.97,-1.86,6846.21,35081.7323
2242,300164.SZ,20110314,51.35,52.16,51.21,52.07,51.48,0.59,1.15,3671.78,19014.4835
2243,300164.SZ,20110311,51.63,52.22,51.2,51.48,51.65,-0.17,-0.33,4505.44,23249.3837
2244,300164.SZ,20110310,52.07,52.84,51.6,51.65,52.28,-0.63,-1.21,5658.41,29530.0526
2245,300164.SZ,20110309,52.68,52.95,52.01,52.28,53.01,-0.73,-1.38,6254.91,32734.2911
2246,300164.SZ,20110308,52.4,53.99,52.4,53.01,52.3,0.71,1.36,20058.2,106890.2469
2247,300164.SZ,20110307,51.59,52.35,50.66,52.3,51.16,1.14,2.23,12980.36,66644.44
2248,300164.SZ,20110304,51.01,51.48,50.42,51.16,50.93,0.23,0.45,7065.59,35979.44
2249,300164.SZ,20110303,50.3,51.48,49.9,50.93,50.48,0.45,0.89,12750.54,64826.2111
2250,300164.SZ,20110302,50.1,50.66,49.9,50.48,50.0,0.48,0.96,5633.97,28319.4716
2251,300164.SZ,20110301,50.29,50.87,49.73,50.0,50.05,-0.05,-0.1,6527.82,32779.8818
2252,300164.SZ,20110228,49.5,50.28,49.21,50.05,49.6,0.45,0.91,4942.8,24617.8319
2253,300164.SZ,20110225,49.9,50.0,48.99,49.6,49.89,-0.29,-0.58,3937.38,19443.5162
2254,300164.SZ,20110224,50.2,50.24,49.01,49.89,49.9,-0.01,-0.02,6502.55,32262.6777
2255,300164.SZ,20110223,49.52,50.33,49.51,49.9,49.71,0.19,0.38,4347.11,21695.6522
2256,300164.SZ,20110222,52.08,52.6,49.7,49.71,51.38,-1.67,-3.25,10026.83,51110.3337
2257,300164.SZ,20110221,50.9,51.65,50.9,51.38,50.83,0.55,1.08,8540.54,43789.2057
2258,300164.SZ,20110218,52.26,52.28,50.61,50.83,51.5,-0.67,-1.3,10497.0,53869.688
2259,300164.SZ,20110217,50.9,51.5,50.48,51.5,50.78,0.72,1.42,8633.73,44112.9387
2260,300164.SZ,20110216,49.84,50.95,49.6,50.78,49.97,0.81,1.62,6212.8,31246.5834
2261,300164.SZ,20110215,49.96,51.43,49.83,49.97,50.07,-0.1,-0.2,9008.66,45530.1905
2262,300164.SZ,20110214,50.0,50.27,49.23,50.07,49.8,0.27,0.54,7731.93,38559.5921
2263,300164.SZ,20110211,49.52,49.85,49.04,49.8,49.45,0.35,0.71,7393.27,36546.9789
2264,300164.SZ,20110210,48.25,49.51,47.68,49.45,48.0,1.45,3.02,7791.64,37982.5602
2265,300164.SZ,20110209,48.0,48.59,47.3,48.0,48.91,-0.91,-1.86,6425.16,30854.6373
2266,300164.SZ,20110201,49.62,49.66,48.7,48.91,50.01,-1.1,-2.2,7304.22,35862.9368
2267,300164.SZ,20110131,47.01,50.15,47.01,50.01,47.3,2.71,5.73,16649.34,81724.4109
2268,300164.SZ,20110128,47.56,47.85,46.84,47.3,47.7,-0.4,-0.84,6117.52,28921.07
2269,300164.SZ,20110127,46.9,48.35,46.7,47.7,46.78,0.92,1.97,5862.11,27884.6653
2270,300164.SZ,20110126,46.01,47.8,46.01,46.78,45.99,0.79,1.72,8168.59,38389.7807
2271,300164.SZ,20110125,45.81,46.37,45.33,45.99,45.8,0.19,0.41,6457.05,29612.2699
2272,300164.SZ,20110124,47.81,48.59,45.8,45.8,47.72,-1.92,-4.02,10697.37,50417.0195
2273,300164.SZ,20110121,47.03,48.87,47.03,47.72,47.99,-0.27,-0.56,13454.82,64308.5889
2274,300164.SZ,20110120,49.8,49.8,47.78,47.99,49.9,-1.91,-3.83,13579.77,66291.1304
2275,300164.SZ,20110119,48.99,50.05,48.88,49.9,48.99,0.91,1.86,16153.72,79809.7449
2276,300164.SZ,20110118,50.0,50.0,48.01,48.99,50.99,-2.0,-3.92,22873.76,112105.3611
2277,300164.SZ,20110117,50.88,52.3,49.51,50.99,52.73,-1.74,-3.3,32790.1,165847.6063
2278,300164.SZ,20110114,56.02,56.18,52.73,52.73,58.59,-5.86,-10.0,63445.91,337741.8493
2279,300164.SZ,20110113,56.31,59.53,55.0,58.59,51.1,7.49,14.66,108251.54,626364.2729
