,ts_code,trade_date,open,high,low,close,pre_close,change,pct_chg,vol,amount
0,600173.SH,20210901,5.24,5.41,5.24,5.34,5.26,0.08,1.5209,54539.1,29023.951
1,600173.SH,20210831,5.25,5.31,5.2,5.26,5.25,0.01,0.1905,48093.0,25267.76
2,600173.SH,20210830,5.42,5.45,5.2,5.25,5.47,-0.22,-4.0219,81891.05,43356.078
3,600173.SH,20210827,5.61,5.67,5.41,5.47,5.63,-0.16,-2.8419,44672.29,24652.807
4,600173.SH,20210826,5.54,5.68,5.54,5.63,5.54,0.09,1.6245,52253.7,29319.947
5,600173.SH,20210825,5.6,5.6,5.5,5.54,5.51,0.03,0.5445,34431.11,19071.959
6,600173.SH,20210824,5.46,5.61,5.45,5.51,5.51,0.0,0.0,43561.05,24081.993
7,600173.SH,20210823,5.38,5.58,5.21,5.51,5.39,0.12,2.2263,70899.31,38562.305
8,600173.SH,20210820,5.6,5.66,5.32,5.39,5.8,-0.41,-7.069,164740.65,90499.189
9,600173.SH,20210819,5.66,5.8,5.55,5.8,5.27,0.53,10.0569,195877.94,112665.776
10,600173.SH,20210818,5.4,5.44,5.23,5.27,5.4,-0.13,-2.4074,32578.26,17260.039
11,600173.SH,20210817,5.57,5.64,5.31,5.4,5.57,-0.17,-3.0521,23489.02,12908.041
12,600173.SH,20210816,5.59,5.64,5.53,5.57,5.59,-0.02,-0.3578,14492.02,8065.99
13,600173.SH,20210813,5.58,5.62,5.54,5.59,5.58,0.01,0.1792,14019.55,7816.137
14,600173.SH,20210812,5.68,5.68,5.53,5.58,5.55,0.03,0.5405,19193.5,10741.764
15,600173.SH,20210811,5.45,5.61,5.45,5.55,5.48,0.07,1.2774,19533.0,10832.171
16,600173.SH,20210810,5.6,5.64,5.46,5.48,5.57,-0.09,-1.6158,22056.13,12128.56
17,600173.SH,20210809,5.58,5.66,5.48,5.57,5.48,0.09,1.6423,19150.0,10709.699
18,600173.SH,20210806,5.6,5.64,5.43,5.48,5.63,-0.15,-2.6643,27568.25,15147.38
19,600173.SH,20210805,5.68,5.72,5.59,5.63,5.63,0.0,0.0,11997.25,6761.011
20,600173.SH,20210804,5.7,5.77,5.59,5.63,5.71,-0.08,-1.4011,15786.62,8927.223
21,600173.SH,20210803,5.62,5.84,5.6,5.71,5.62,0.09,1.6014,27234.0,15614.476
22,600173.SH,20210802,5.68,5.69,5.48,5.62,5.56,0.06,1.0791,16782.05,9395.537
23,600173.SH,20210730,5.58,5.62,5.46,5.56,5.63,-0.07,-1.2433,23137.0,12830.329
24,600173.SH,20210729,5.62,5.79,5.5,5.63,5.55,0.08,1.4414,22475.0,12641.966
25,600173.SH,20210728,5.93,5.94,5.55,5.55,5.95,-0.4,-6.7227,34267.01,19431.172
26,600173.SH,20210727,6.07,6.14,5.92,5.95,6.11,-0.16,-2.6187,26645.01,15941.6
27,600173.SH,20210726,6.16,6.22,6.01,6.11,6.23,-0.12,-1.9262,26680.57,16360.941
28,600173.SH,20210723,6.21,6.36,6.17,6.23,6.27,-0.04,-0.638,28206.6,17569.171
29,600173.SH,20210722,6.37,6.44,6.2,6.27,6.36,-0.09,-1.4151,31523.12,19801.497
30,600173.SH,20210721,5.95,6.45,5.95,6.36,5.94,0.42,7.0707,72927.64,45510.285
31,600173.SH,20210720,5.99,6.03,5.87,5.94,6.0,-0.06,-1.0,21765.94,12892.963
32,600173.SH,20210719,6.05,6.08,5.95,6.0,6.03,-0.03,-0.4975,13505.0,8114.714
33,600173.SH,20210716,6.11,6.12,6.0,6.03,6.1,-0.07,-1.1475,23922.0,14502.371
34,600173.SH,20210715,6.23,6.23,5.94,6.1,6.16,-0.06,-0.974,33168.0,20070.954
35,600173.SH,20210714,6.15,6.25,6.04,6.16,6.1,0.06,0.9836,27414.72,16835.918
36,600173.SH,20210713,6.23,6.23,6.07,6.1,6.17,-0.07,-1.1345,31260.01,19168.89
37,600173.SH,20210712,6.22,6.27,6.16,6.17,6.21,-0.04,-0.6441,23600.56,14620.693
38,600173.SH,20210709,6.2,6.3,6.16,6.21,6.21,0.0,0.0,21301.95,13214.465
39,600173.SH,20210708,6.27,6.33,6.15,6.21,6.25,-0.04,-0.64,27452.01,17089.039
40,600173.SH,20210707,6.28,6.37,6.23,6.25,6.38,-0.13,-2.0376,35491.12,22248.0
41,600173.SH,20210706,6.27,6.55,6.13,6.38,6.27,0.11,1.7544,46342.13,29364.291
42,600173.SH,20210705,6.19,6.41,6.18,6.27,6.21,0.06,0.9662,31562.62,19959.79
43,600173.SH,20210702,6.18,6.34,6.16,6.21,6.25,-0.04,-0.64,19252.01,12017.957
44,600173.SH,20210701,6.29,6.35,6.14,6.25,6.29,-0.04,-0.6359,33064.45,20661.463
45,600173.SH,20210630,6.48,6.59,6.22,6.29,6.55,-0.26,-3.9695,46616.56,29490.239
46,600173.SH,20210629,6.19,6.68,6.15,6.55,6.19,0.36,5.8158,62148.15,39810.174
47,600173.SH,20210628,6.51,6.55,6.07,6.19,6.52,-0.33,-5.0613,60599.0,37901.113
48,600173.SH,20210625,6.6,6.69,6.48,6.52,6.65,-0.13,-1.9549,37122.54,24280.082
49,600173.SH,20210624,6.59,6.73,6.45,6.65,6.59,0.06,0.9105,56432.53,37260.237
50,600173.SH,20210623,6.4,6.73,6.33,6.59,6.44,0.15,2.3292,53639.0,35005.505
51,600173.SH,20210622,6.51,6.64,6.43,6.44,6.55,-0.11,-1.6794,55985.0,36394.878
52,600173.SH,20210621,6.7,6.75,6.35,6.55,6.73,-0.18,-2.6746,78434.82,50930.362
53,600173.SH,20210618,6.54,6.96,6.42,6.73,6.53,0.2,3.0628,101583.15,67770.883
54,600173.SH,20210617,6.58,6.65,6.37,6.53,6.46,0.07,1.0836,73520.49,47709.74
55,600173.SH,20210616,6.74,6.83,6.36,6.46,6.57,-0.11,-1.6743,139157.43,91683.156
56,600173.SH,20210615,5.98,6.57,5.83,6.57,5.97,0.6,10.0503,78635.72,49213.407
57,600173.SH,20210611,5.82,6.13,5.8,5.97,5.84,0.13,2.226,78540.14,46901.451
58,600173.SH,20210610,5.93,5.97,5.8,5.84,5.91,-0.07,-1.1844,59582.0,34899.072
59,600173.SH,20210609,6.04,6.07,5.87,5.91,6.01,-0.1,-1.6639,59146.82,35167.966
60,600173.SH,20210608,6.19,6.25,5.95,6.01,6.19,-0.18,-2.9079,72728.19,44193.307
61,600173.SH,20210607,6.3,6.38,6.15,6.19,6.22,-0.03,-0.4823,106335.53,66267.942
62,600173.SH,20210604,6.8,6.8,6.19,6.22,6.75,-0.53,-7.8519,193527.98,123444.743
63,600173.SH,20210603,6.85,6.93,6.67,6.75,6.93,-0.18,-2.5974,153708.56,104239.448
64,600173.SH,20210602,6.79,7.14,6.65,6.93,6.77,0.16,2.3634,259153.08,178001.402
65,600173.SH,20210601,6.11,6.77,6.1,6.77,6.15,0.62,10.0813,171245.39,111228.26
66,600173.SH,20210531,6.12,6.38,5.93,6.15,5.97,0.18,3.0151,185348.67,113047.361
67,600173.SH,20210528,5.42,5.97,5.38,5.97,5.43,0.54,9.9448,140611.52,81806.572
68,600173.SH,20210527,5.31,5.48,5.31,5.43,5.29,0.14,2.6465,40825.41,22050.957
69,600173.SH,20210526,5.28,5.39,5.26,5.29,5.27,0.02,0.3795,32634.69,17343.314
70,600173.SH,20210525,5.25,5.37,5.25,5.27,5.29,-0.02,-0.3781,36648.9,19329.728
71,600173.SH,20210524,5.17,5.38,5.16,5.29,5.17,0.12,2.3211,86839.33,46088.731
72,600173.SH,20210521,4.86,5.17,4.86,5.17,4.84,0.33,6.8182,77191.3,39303.067
73,600173.SH,20210520,4.95,4.96,4.84,4.84,4.93,-0.09,-1.8256,23530.0,11465.7
74,600173.SH,20210519,5.0,5.0,4.84,4.93,4.96,-0.03,-0.6048,35974.4,17657.673
75,600173.SH,20210518,5.09,5.14,5.04,5.11,5.09,0.02,0.3929,20100.9,10215.721
76,600173.SH,20210517,5.1,5.16,5.05,5.09,5.11,-0.02,-0.3914,29366.63,15005.885
77,600173.SH,20210514,5.05,5.16,5.03,5.11,5.07,0.04,0.789,38633.56,19674.014
78,600173.SH,20210513,4.95,5.23,4.93,5.07,4.95,0.12,2.4242,65836.92,33689.949
79,600173.SH,20210512,4.95,5.0,4.91,4.95,4.99,-0.04,-0.8016,19856.1,9826.694
80,600173.SH,20210511,4.95,5.0,4.89,4.99,4.94,0.05,1.0121,24881.59,12347.066
81,600173.SH,20210510,5.05,5.05,4.88,4.94,5.01,-0.07,-1.3972,40595.49,20048.679
82,600173.SH,20210507,4.93,5.01,4.87,5.01,4.96,0.05,1.0081,34692.43,17147.232
83,600173.SH,20210506,4.68,5.05,4.64,4.96,4.63,0.33,7.1274,51052.76,25097.769
84,600173.SH,20210430,4.72,4.73,4.59,4.63,4.71,-0.08,-1.6985,29199.91,13553.184
85,600173.SH,20210429,4.82,4.85,4.69,4.71,4.76,-0.05,-1.0504,41517.02,19721.504
86,600173.SH,20210428,4.77,4.92,4.72,4.76,4.79,-0.03,-0.6263,25331.0,12141.027
87,600173.SH,20210427,4.82,4.83,4.68,4.79,4.82,-0.03,-0.6224,34966.0,16608.067
88,600173.SH,20210426,4.82,4.88,4.77,4.82,4.83,-0.01,-0.207,25995.0,12571.745
89,600173.SH,20210423,4.86,4.92,4.81,4.83,4.89,-0.06,-1.227,20521.89,9965.031
90,600173.SH,20210422,4.92,4.96,4.87,4.89,4.91,-0.02,-0.4073,18317.89,8991.213
91,600173.SH,20210421,4.81,4.93,4.78,4.91,4.81,0.1,2.079,32366.14,15784.065
92,600173.SH,20210420,4.88,4.93,4.8,4.81,4.89,-0.08,-1.636,25626.8,12388.415
93,600173.SH,20210419,4.91,4.98,4.86,4.89,4.9,-0.01,-0.2041,22806.54,11176.165
94,600173.SH,20210416,4.81,4.94,4.79,4.9,4.77,0.13,2.7254,30991.84,15147.367
95,600173.SH,20210415,4.79,4.83,4.73,4.77,4.77,0.0,0.0,17151.0,8203.867
96,600173.SH,20210414,4.66,4.79,4.61,4.77,4.65,0.12,2.5806,17849.45,8463.602
97,600173.SH,20210413,4.7,4.81,4.58,4.65,4.7,-0.05,-1.0638,28891.0,13640.493
98,600173.SH,20210412,4.96,4.97,4.68,4.7,4.91,-0.21,-4.277,36575.06,17499.632
99,600173.SH,20210409,4.85,4.91,4.75,4.91,4.77,0.14,2.935,35349.0,17142.79
100,600173.SH,20210408,4.8,4.88,4.77,4.77,4.83,-0.06,-1.2422,20614.61,9924.163
101,600173.SH,20210407,4.77,4.85,4.75,4.83,4.76,0.07,1.4706,22858.64,11000.799
102,600173.SH,20210406,4.86,4.86,4.73,4.76,4.82,-0.06,-1.2448,33432.88,15961.96
103,600173.SH,20210402,4.84,4.87,4.8,4.82,4.87,-0.05,-1.0267,21504.41,10366.655
104,600173.SH,20210401,4.8,4.91,4.8,4.87,4.85,0.02,0.4124,38817.46,18803.483
105,600173.SH,20210331,4.85,4.92,4.8,4.85,4.91,-0.06,-1.222,60689.68,29409.693
106,600173.SH,20210330,4.99,5.0,4.83,4.91,5.03,-0.12,-2.3857,70644.2,34559.37
107,600173.SH,20210329,4.91,5.2,4.79,5.03,4.8,0.23,4.7917,124494.44,62267.816
108,600173.SH,20210326,4.49,4.8,4.48,4.8,4.36,0.44,10.0917,102665.3,48463.92
109,600173.SH,20210325,4.31,4.4,4.3,4.36,4.32,0.04,0.9259,10582.27,4607.553
110,600173.SH,20210324,4.41,4.41,4.31,4.32,4.41,-0.09,-2.0408,13362.47,5813.31
111,600173.SH,20210323,4.45,4.49,4.38,4.41,4.48,-0.07,-1.5625,11223.16,4959.107
112,600173.SH,20210322,4.39,4.51,4.37,4.48,4.39,0.09,2.0501,12926.33,5756.5
113,600173.SH,20210319,4.4,4.43,4.37,4.39,4.44,-0.05,-1.1261,8396.9,3695.208
114,600173.SH,20210318,4.43,4.45,4.4,4.44,4.44,0.0,0.0,7184.0,3178.644
115,600173.SH,20210317,4.43,4.46,4.4,4.44,4.42,0.02,0.4525,11039.04,4895.428
116,600173.SH,20210316,4.34,4.43,4.33,4.42,4.34,0.08,1.8433,14072.56,6154.858
117,600173.SH,20210315,4.37,4.39,4.31,4.34,4.34,0.0,0.0,9586.0,4173.176
118,600173.SH,20210312,4.32,4.39,4.27,4.34,4.31,0.03,0.6961,11715.0,5071.238
119,600173.SH,20210311,4.27,4.33,4.26,4.31,4.26,0.05,1.1737,8354.18,3590.468
120,600173.SH,20210310,4.39,4.43,4.24,4.26,4.34,-0.08,-1.8433,15222.11,6570.772
121,600173.SH,20210309,4.48,4.48,4.31,4.34,4.45,-0.11,-2.4719,13835.0,6034.181
122,600173.SH,20210308,4.51,4.55,4.44,4.45,4.51,-0.06,-1.3304,13840.1,6210.505
123,600173.SH,20210305,4.48,4.56,4.47,4.51,4.5,0.01,0.2222,9709.25,4375.961
124,600173.SH,20210304,4.46,4.62,4.42,4.5,4.46,0.04,0.8969,21101.82,9577.248
125,600173.SH,20210303,4.44,4.47,4.43,4.46,4.44,0.02,0.4505,7750.6,3447.479
126,600173.SH,20210302,4.49,4.54,4.43,4.44,4.49,-0.05,-1.1136,11795.0,5269.688
127,600173.SH,20210301,4.43,4.52,4.43,4.49,4.44,0.05,1.1261,14795.0,6615.587
128,600173.SH,20210226,4.46,4.51,4.38,4.44,4.52,-0.08,-1.7699,24019.13,10672.514
129,600173.SH,20210225,4.35,4.62,4.34,4.52,4.33,0.19,4.388,41313.57,18646.023
130,600173.SH,20210224,4.34,4.4,4.3,4.33,4.36,-0.03,-0.6881,14424.0,6275.222
131,600173.SH,20210223,4.45,4.46,4.36,4.36,4.45,-0.09,-2.0225,14073.67,6175.336
132,600173.SH,20210222,4.4,4.5,4.4,4.45,4.4,0.05,1.1364,27402.24,12187.377
133,600173.SH,20210219,4.31,4.41,4.25,4.4,4.31,0.09,2.0882,22690.46,9799.471
134,600173.SH,20210218,4.2,4.38,4.2,4.31,4.19,0.12,2.864,24592.81,10544.551
135,600173.SH,20210210,4.23,4.26,4.15,4.19,4.22,-0.03,-0.7109,23583.13,9862.415
136,600173.SH,20210209,4.27,4.27,4.14,4.22,4.27,-0.05,-1.171,18677.91,7837.333
137,600173.SH,20210208,4.33,4.33,4.21,4.27,4.25,0.02,0.4706,10821.0,4608.333
138,600173.SH,20210205,4.3,4.38,4.22,4.25,4.32,-0.07,-1.6204,13463.0,5758.353
139,600173.SH,20210204,4.41,4.45,4.21,4.32,4.44,-0.12,-2.7027,25887.0,11130.898
140,600173.SH,20210203,4.47,4.5,4.41,4.44,4.47,-0.03,-0.6711,16113.11,7141.765
141,600173.SH,20210202,4.61,4.67,4.46,4.47,4.53,-0.06,-1.3245,12601.8,5663.611
142,600173.SH,20210201,4.57,4.59,4.44,4.53,4.53,0.0,0.0,8033.04,3630.164
143,600173.SH,20210129,4.58,4.64,4.45,4.53,4.58,-0.05,-1.0917,16870.0,7674.859
144,600173.SH,20210128,4.61,4.7,4.57,4.58,4.66,-0.08,-1.7167,23087.4,10651.229
145,600173.SH,20210127,4.6,4.7,4.58,4.66,4.62,0.04,0.8658,13665.13,6364.207
146,600173.SH,20210126,4.61,4.63,4.52,4.62,4.68,-0.06,-1.2821,26803.46,12280.788
147,600173.SH,20210125,4.74,4.76,4.66,4.68,4.76,-0.08,-1.6807,15685.03,7369.239
148,600173.SH,20210122,4.9,4.9,4.74,4.76,4.9,-0.14,-2.8571,19928.07,9569.228
149,600173.SH,20210121,4.95,4.95,4.88,4.9,4.95,-0.05,-1.0101,13567.1,6674.513
150,600173.SH,20210120,4.97,5.01,4.94,4.95,4.99,-0.04,-0.8016,11353.35,5627.021
151,600173.SH,20210119,4.95,5.1,4.86,4.99,4.95,0.04,0.8081,38711.64,19368.977
152,600173.SH,20210118,5.0,5.01,4.93,4.95,4.96,-0.01,-0.2016,13226.0,6561.395
153,600173.SH,20210115,4.85,5.0,4.84,4.96,4.87,0.09,1.848,17573.95,8695.189
154,600173.SH,20210114,4.84,4.93,4.83,4.87,4.85,0.02,0.4124,10525.65,5128.425
155,600173.SH,20210113,4.95,4.97,4.84,4.85,4.95,-0.1,-2.0202,13593.7,6635.928
156,600173.SH,20210112,4.77,5.08,4.76,4.95,4.78,0.17,3.5565,31306.98,15501.744
157,600173.SH,20210111,4.8,4.87,4.76,4.78,4.86,-0.08,-1.6461,11393.48,5493.889
158,600173.SH,20210108,4.85,4.88,4.71,4.86,4.86,0.0,0.0,11160.41,5363.53
159,600173.SH,20210107,4.81,4.95,4.76,4.86,4.83,0.03,0.6211,27200.1,13138.458
160,600173.SH,20210106,4.75,4.85,4.74,4.83,4.77,0.06,1.2579,18597.5,8932.697
161,600173.SH,20210105,4.79,4.81,4.73,4.77,4.82,-0.05,-1.0373,19123.55,9116.08
162,600173.SH,20210104,4.92,4.92,4.79,4.82,4.99,-0.17,-3.4068,21638.59,10464.536
163,600173.SH,20201231,4.88,5.01,4.88,4.99,4.87,0.12,2.4641,48232.7,23902.395
164,600173.SH,20201230,4.72,4.92,4.72,4.87,4.76,0.11,2.3109,23898.01,11581.341
165,600173.SH,20201229,4.83,4.83,4.76,4.76,4.82,-0.06,-1.2448,6153.48,2940.883
166,600173.SH,20201228,4.86,4.86,4.77,4.82,4.84,-0.02,-0.4132,16200.18,7771.252
167,600173.SH,20201225,4.69,4.86,4.57,4.84,4.71,0.13,2.7601,24485.74,11723.869
168,600173.SH,20201224,4.65,4.74,4.62,4.71,4.64,0.07,1.5086,10867.6,5084.597
169,600173.SH,20201223,4.74,4.74,4.63,4.64,4.68,-0.04,-0.8547,15677.54,7298.305
170,600173.SH,20201222,4.8,4.8,4.68,4.68,4.83,-0.15,-3.1056,23262.8,10978.582
171,600173.SH,20201221,4.81,4.83,4.76,4.83,4.81,0.02,0.4158,16100.8,7714.77
172,600173.SH,20201218,4.88,4.88,4.8,4.81,4.89,-0.08,-1.636,19845.54,9583.374
173,600173.SH,20201217,4.75,4.9,4.69,4.89,4.78,0.11,2.3013,14970.15,7159.93
174,600173.SH,20201216,4.8,4.8,4.71,4.78,4.78,0.0,0.0,11967.29,5685.509
175,600173.SH,20201215,4.8,4.83,4.76,4.78,4.83,-0.05,-1.0352,10959.01,5240.642
176,600173.SH,20201214,4.78,4.84,4.77,4.83,4.77,0.06,1.2579,11913.37,5723.54
177,600173.SH,20201211,4.83,4.9,4.73,4.77,4.87,-0.1,-2.0534,21948.34,10500.163
178,600173.SH,20201210,4.83,4.91,4.75,4.87,4.84,0.03,0.6198,13974.11,6753.053
179,600173.SH,20201209,4.96,4.97,4.83,4.84,4.96,-0.12,-2.4194,31897.02,15557.603
180,600173.SH,20201208,4.93,4.97,4.9,4.96,4.94,0.02,0.4049,12780.01,6297.355
181,600173.SH,20201207,5.06,5.07,4.9,4.94,5.07,-0.13,-2.5641,29508.0,14625.211
182,600173.SH,20201204,5.08,5.1,5.01,5.07,5.08,-0.01,-0.1969,33613.35,16940.889
183,600173.SH,20201203,5.09,5.14,5.06,5.08,5.09,-0.01,-0.1965,16064.3,8172.066
184,600173.SH,20201202,5.13,5.17,5.05,5.09,5.11,-0.02,-0.3914,25411.41,12992.198
185,600173.SH,20201201,5.08,5.14,5.05,5.11,5.14,-0.03,-0.5837,23857.02,12153.181
186,600173.SH,20201130,5.1,5.18,5.08,5.14,5.1,0.04,0.7843,18916.11,9705.354
187,600173.SH,20201127,5.1,5.13,5.05,5.1,5.09,0.01,0.1965,32742.54,16649.597
188,600173.SH,20201126,5.13,5.19,5.08,5.09,5.13,-0.04,-0.7797,14486.11,7411.244
189,600173.SH,20201125,5.16,5.23,5.13,5.13,5.17,-0.04,-0.7737,21282.13,11013.618
190,600173.SH,20201124,5.15,5.18,5.08,5.17,5.18,-0.01,-0.1931,20474.28,10474.782
191,600173.SH,20201123,5.21,5.22,5.07,5.18,5.21,-0.03,-0.5758,40637.63,20891.37
192,600173.SH,20201120,5.18,5.38,5.17,5.21,5.09,0.12,2.3576,68508.64,35995.978
193,600173.SH,20201119,5.08,5.11,5.04,5.09,5.08,0.01,0.1969,13202.71,6704.709
194,600173.SH,20201118,5.09,5.15,5.05,5.08,5.1,-0.02,-0.3922,21121.03,10760.594
195,600173.SH,20201117,5.06,5.1,5.04,5.1,5.04,0.06,1.1905,20966.08,10641.703
196,600173.SH,20201116,5.05,5.12,4.96,5.04,5.06,-0.02,-0.3953,26712.53,13439.851
197,600173.SH,20201113,5.09,5.13,5.03,5.06,5.09,-0.03,-0.5894,8452.13,4267.147
198,600173.SH,20201112,5.08,5.15,5.02,5.09,5.05,0.04,0.7921,31861.52,16249.439
199,600173.SH,20201111,5.1,5.13,5.02,5.05,5.13,-0.08,-1.5595,19476.2,9848.343
200,600173.SH,20201110,5.11,5.28,5.04,5.13,5.07,0.06,1.1834,63980.01,32977.684
201,600173.SH,20201109,4.95,5.08,4.94,5.07,4.95,0.12,2.4242,46531.01,23337.356
202,600173.SH,20201106,4.78,5.04,4.73,4.95,4.75,0.2,4.2105,66136.69,32232.078
203,600173.SH,20201105,4.67,4.78,4.62,4.75,4.66,0.09,1.9313,38434.45,18199.325
204,600173.SH,20201104,4.59,4.67,4.56,4.66,4.61,0.05,1.0846,34136.45,15801.405
205,600173.SH,20201103,4.57,4.63,4.55,4.61,4.57,0.04,0.8753,21873.4,10072.887
206,600173.SH,20201102,4.52,4.58,4.49,4.57,4.51,0.06,1.3304,13969.43,6340.252
207,600173.SH,20201030,4.6,4.71,4.5,4.51,4.61,-0.1,-2.1692,17750.8,8143.486
208,600173.SH,20201029,4.59,4.66,4.52,4.61,4.61,0.0,0.0,12178.8,5594.742
209,600173.SH,20201028,4.62,4.65,4.58,4.61,4.64,-0.03,-0.6466,11271.0,5186.531
210,600173.SH,20201027,4.65,4.67,4.59,4.64,4.67,-0.03,-0.6424,10729.0,4957.27
211,600173.SH,20201026,4.73,4.73,4.62,4.67,4.7,-0.03,-0.6383,11233.0,5238.547
212,600173.SH,20201023,4.76,4.79,4.68,4.7,4.75,-0.05,-1.0526,21158.4,9998.477
213,600173.SH,20201022,4.8,4.85,4.69,4.75,4.82,-0.07,-1.4523,30531.26,14476.102
214,600173.SH,20201021,4.9,4.91,4.74,4.82,4.9,-0.08,-1.6327,25113.42,12063.971
215,600173.SH,20201020,4.9,4.91,4.84,4.9,4.93,-0.03,-0.6085,11928.0,5820.614
216,600173.SH,20201019,4.92,5.0,4.86,4.93,4.91,0.02,0.4073,12538.02,6165.487
217,600173.SH,20201016,4.98,4.99,4.87,4.91,4.99,-0.08,-1.6032,13937.02,6856.436
218,600173.SH,20201015,5.1,5.1,4.97,4.99,5.04,-0.05,-0.9921,9825.0,4904.271
219,600173.SH,20201014,5.08,5.08,4.99,5.04,5.1,-0.06,-1.1765,14283.99,7174.215
220,600173.SH,20201013,5.12,5.12,5.04,5.1,5.11,-0.01,-0.1957,14569.15,7393.514
221,600173.SH,20201012,5.08,5.11,5.04,5.11,5.08,0.03,0.5906,25399.5,12907.391
222,600173.SH,20201009,5.16,5.21,5.03,5.08,5.11,-0.03,-0.5871,33482.92,16982.085
223,600173.SH,20200930,4.98,5.21,4.95,5.11,4.95,0.16,3.2323,42209.09,21548.924
224,600173.SH,20200929,4.74,5.05,4.72,4.95,4.74,0.21,4.4304,48952.17,24009.562
225,600173.SH,20200928,4.8,4.81,4.7,4.74,4.82,-0.08,-1.6598,13173.0,6243.232
226,600173.SH,20200925,4.82,4.9,4.77,4.82,4.8,0.02,0.4167,13782.25,6647.655
227,600173.SH,20200924,4.89,4.9,4.73,4.8,4.89,-0.09,-1.8405,27064.76,12974.421
228,600173.SH,20200923,4.96,4.97,4.89,4.89,4.94,-0.05,-1.0121,20940.0,10285.034
229,600173.SH,20200922,5.05,5.05,4.93,4.94,5.07,-0.13,-2.5641,29505.61,14715.518
230,600173.SH,20200921,5.17,5.17,5.06,5.07,5.17,-0.1,-1.9342,37216.29,18943.801
231,600173.SH,20200918,5.08,5.22,5.04,5.17,5.1,0.07,1.3725,27988.59,14326.993
232,600173.SH,20200917,5.07,5.12,5.03,5.1,5.06,0.04,0.7905,12389.87,6299.703
233,600173.SH,20200916,5.07,5.14,5.03,5.06,5.05,0.01,0.198,11724.0,5958.738
234,600173.SH,20200915,5.12,5.12,5.02,5.05,5.1,-0.05,-0.9804,14142.43,7152.424
235,600173.SH,20200914,5.14,5.14,5.03,5.1,5.09,0.01,0.1965,14818.0,7529.374
236,600173.SH,20200911,4.92,5.09,4.92,5.09,4.93,0.16,3.2454,18104.69,9071.525
237,600173.SH,20200910,5.06,5.19,4.93,4.93,5.06,-0.13,-2.5692,28240.11,14269.91
238,600173.SH,20200909,5.08,5.12,5.02,5.06,5.12,-0.06,-1.1719,18612.4,9437.871
239,600173.SH,20200908,5.11,5.16,5.08,5.12,5.12,0.0,0.0,19587.06,10014.039
240,600173.SH,20200907,5.2,5.23,5.1,5.12,5.2,-0.08,-1.5385,16819.0,8691.432
241,600173.SH,20200904,5.09,5.21,5.01,5.2,5.13,0.07,1.3645,17253.0,8836.455
242,600173.SH,20200903,5.18,5.21,5.09,5.13,5.19,-0.06,-1.1561,16696.29,8594.911
243,600173.SH,20200902,5.22,5.22,5.13,5.19,5.2,-0.01,-0.1923,12970.0,6707.616
244,600173.SH,20200901,5.23,5.25,5.15,5.2,5.23,-0.03,-0.5736,14539.0,7531.839
245,600173.SH,20200831,5.27,5.3,5.2,5.23,5.25,-0.02,-0.381,24286.01,12719.338
246,600173.SH,20200828,5.09,5.29,5.08,5.25,5.12,0.13,2.5391,28186.3,14604.221
247,600173.SH,20200827,5.05,5.15,4.99,5.12,5.05,0.07,1.3861,17605.6,8969.383
248,600173.SH,20200826,5.21,5.22,5.0,5.05,5.21,-0.16,-3.071,29968.83,15251.548
249,600173.SH,20200825,5.25,5.26,5.17,5.21,5.2,0.01,0.1923,21024.89,10960.381
250,600173.SH,20200824,5.29,5.3,5.19,5.2,5.29,-0.09,-1.7013,27810.78,14535.011
251,600173.SH,20200821,5.22,5.32,5.19,5.29,5.2,0.09,1.7308,25224.13,13277.569
252,600173.SH,20200820,5.23,5.27,5.18,5.2,5.27,-0.07,-1.3283,28403.2,14801.908
253,600173.SH,20200819,5.37,5.4,5.2,5.27,5.37,-0.1,-1.8622,32684.11,17320.211
254,600173.SH,20200818,5.39,5.39,5.32,5.37,5.39,-0.02,-0.3711,21300.69,11420.882
255,600173.SH,20200817,5.28,5.4,5.25,5.39,5.27,0.12,2.277,35125.09,18771.705
256,600173.SH,20200814,5.3,5.3,5.2,5.27,5.35,-0.08,-1.4953,37311.1,19571.644
257,600173.SH,20200813,5.32,5.39,5.3,5.35,5.32,0.03,0.5639,28019.1,14965.928
258,600173.SH,20200812,5.34,5.4,5.17,5.32,5.35,-0.03,-0.5607,44826.2,23572.292
259,600173.SH,20200811,5.62,5.69,5.35,5.35,5.64,-0.29,-5.1418,78865.0,43231.3
260,600173.SH,20200810,5.55,5.76,5.5,5.64,5.55,0.09,1.6216,42527.82,23956.345
261,600173.SH,20200807,5.64,5.64,5.49,5.55,5.65,-0.1,-1.7699,39674.04,21999.659
262,600173.SH,20200806,5.72,5.75,5.52,5.65,5.73,-0.08,-1.3962,48468.36,27235.826
263,600173.SH,20200805,5.71,5.78,5.65,5.73,5.75,-0.02,-0.3478,46339.58,26478.705
264,600173.SH,20200804,5.65,5.87,5.56,5.75,5.66,0.09,1.5901,68166.2,38810.467
265,600173.SH,20200803,5.59,5.68,5.55,5.66,5.54,0.12,2.1661,63485.09,35646.397
266,600173.SH,20200731,5.52,5.62,5.44,5.54,5.55,-0.01,-0.1802,46689.7,25864.835
267,600173.SH,20200730,5.53,5.78,5.5,5.55,5.54,0.01,0.1805,72812.41,40953.185
268,600173.SH,20200729,5.27,5.55,5.18,5.54,5.24,0.3,5.7252,59922.07,32283.929
269,600173.SH,20200728,5.24,5.33,5.21,5.24,5.22,0.02,0.3831,44795.22,23579.256
270,600173.SH,20200727,5.4,5.47,5.18,5.22,5.39,-0.17,-3.154,54780.11,28835.564
271,600173.SH,20200724,5.62,5.74,5.3,5.39,5.65,-0.26,-4.6018,74746.85,41237.041
272,600173.SH,20200723,5.79,5.79,5.56,5.65,5.8,-0.15,-2.5862,100222.84,56669.158
273,600173.SH,20200722,5.8,5.95,5.71,5.8,5.89,-0.09,-1.528,127506.66,74250.852
274,600173.SH,20200721,5.5,6.1,5.5,5.89,5.58,0.31,5.5556,194803.46,114568.853
275,600173.SH,20200720,5.35,5.62,5.3,5.58,5.11,0.47,9.1977,169423.73,93587.094
276,600173.SH,20200717,5.05,5.14,4.94,5.11,5.05,0.06,1.1881,58566.24,29497.382
277,600173.SH,20200716,5.27,5.31,5.03,5.05,5.29,-0.24,-4.5369,65759.0,34035.828
278,600173.SH,20200715,5.22,5.47,5.2,5.29,5.19,0.1,1.9268,126043.3,67329.851
279,600173.SH,20200714,5.26,5.28,5.14,5.19,5.23,-0.04,-0.7648,63609.97,33158.352
280,600173.SH,20200713,5.15,5.26,5.1,5.23,5.15,0.08,1.5534,61653.24,32022.947
281,600173.SH,20200710,5.3,5.31,5.15,5.15,5.31,-0.16,-3.0132,81171.38,42277.054
282,600173.SH,20200709,5.31,5.4,5.23,5.31,5.3,0.01,0.1887,94144.95,49901.527
283,600173.SH,20200708,5.21,5.33,5.18,5.3,5.3,0.0,0.0,80022.42,42019.076
284,600173.SH,20200707,5.36,5.43,5.2,5.3,5.31,-0.01,-0.1883,120357.91,63762.395
285,600173.SH,20200706,5.04,5.39,5.04,5.31,5.01,0.3,5.988,153693.23,81108.778
286,600173.SH,20200703,5.04,5.14,4.98,5.01,5.09,-0.08,-1.5717,100912.22,50853.231
287,600173.SH,20200702,4.98,5.22,4.98,5.09,4.89,0.2,4.09,158974.31,81174.257
288,600173.SH,20200701,4.68,4.89,4.66,4.89,4.67,0.22,4.7109,70911.69,34071.446
289,600173.SH,20200630,4.63,4.68,4.6,4.67,4.61,0.06,1.3015,22282.89,10355.729
290,600173.SH,20200629,4.61,4.62,4.57,4.61,4.62,-0.01,-0.2165,18960.34,8713.757
291,600173.SH,20200624,4.55,4.63,4.53,4.62,4.55,0.07,1.5385,25924.42,11913.539
292,600173.SH,20200623,4.54,4.57,4.52,4.55,4.56,-0.01,-0.2193,14877.0,6763.057
293,600173.SH,20200622,4.64,4.66,4.55,4.56,4.64,-0.08,-1.7241,25869.15,11887.553
294,600173.SH,20200619,4.6,4.67,4.59,4.64,4.6,0.04,0.8696,20313.76,9388.428
295,600173.SH,20200618,4.65,4.65,4.59,4.6,4.61,-0.01,-0.2169,14215.0,6553.437
296,600173.SH,20200617,4.6,4.63,4.57,4.61,4.62,-0.01,-0.2165,9383.11,4309.774
297,600173.SH,20200616,4.58,4.63,4.55,4.62,4.58,0.04,0.8734,12392.46,5693.825
298,600173.SH,20200615,4.52,4.65,4.52,4.58,4.54,0.04,0.8811,19129.58,8766.603
299,600173.SH,20200612,4.47,4.62,4.45,4.54,4.51,0.03,0.6652,19322.0,8693.56
300,600173.SH,20200611,4.51,4.55,4.49,4.51,4.52,-0.01,-0.2212,16284.01,7355.491
301,600173.SH,20200610,4.57,4.57,4.51,4.52,4.57,-0.05,-1.0941,9621.94,4348.835
302,600173.SH,20200609,4.53,4.57,4.5,4.57,4.52,0.05,1.1062,16385.89,7433.266
303,600173.SH,20200608,4.53,4.54,4.5,4.52,4.52,0.0,0.0,12027.42,5423.272
304,600173.SH,20200605,4.55,4.56,4.47,4.52,4.53,-0.01,-0.2208,23437.7,10564.782
305,600173.SH,20200604,4.73,4.77,4.65,4.68,4.73,-0.05,-1.0571,29563.0,13827.092
306,600173.SH,20200603,4.68,4.75,4.67,4.73,4.68,0.05,1.0684,22428.2,10550.397
307,600173.SH,20200602,4.66,4.7,4.63,4.68,4.66,0.02,0.4292,19253.45,8976.398
308,600173.SH,20200601,4.56,4.66,4.56,4.66,4.56,0.1,2.193,25270.98,11715.392
309,600173.SH,20200529,4.51,4.57,4.48,4.56,4.5,0.06,1.3333,16909.38,7674.882
310,600173.SH,20200528,4.47,4.52,4.45,4.5,4.47,0.03,0.6711,11756.03,5267.129
311,600173.SH,20200527,4.46,4.5,4.41,4.47,4.46,0.01,0.2242,14618.0,6518.563
312,600173.SH,20200526,4.43,4.47,4.35,4.46,4.38,0.08,1.8265,12273.03,5441.127
313,600173.SH,20200525,4.37,4.41,4.34,4.38,4.37,0.01,0.2288,10397.0,4545.269
314,600173.SH,20200522,4.5,4.5,4.06,4.37,4.51,-0.14,-3.1042,20454.1,9030.873
315,600173.SH,20200521,4.51,4.54,4.49,4.51,4.51,0.0,0.0,11311.0,5097.653
316,600173.SH,20200520,4.57,4.58,4.5,4.51,4.57,-0.06,-1.3129,15707.31,7102.961
317,600173.SH,20200519,4.54,4.63,4.54,4.57,4.53,0.04,0.883,16950.45,7758.177
318,600173.SH,20200518,4.6,4.61,4.52,4.53,4.61,-0.08,-1.7354,22648.14,10307.76
319,600173.SH,20200515,4.63,4.64,4.59,4.61,4.62,-0.01,-0.2165,12109.45,5583.392
320,600173.SH,20200514,4.65,4.68,4.6,4.62,4.68,-0.06,-1.2821,11853.85,5484.459
321,600173.SH,20200513,4.63,4.69,4.63,4.68,4.64,0.04,0.8621,13752.1,6410.646
322,600173.SH,20200512,4.68,4.7,4.6,4.64,4.68,-0.04,-0.8547,18578.0,8605.583
323,600173.SH,20200511,4.7,4.72,4.66,4.68,4.67,0.01,0.2141,11913.0,5576.796
324,600173.SH,20200508,4.67,4.69,4.63,4.67,4.63,0.04,0.8639,21244.4,9887.659
325,600173.SH,20200507,4.6,4.65,4.58,4.63,4.62,0.01,0.2165,22909.18,10577.757
326,600173.SH,20200506,4.59,4.63,4.57,4.62,4.64,-0.02,-0.431,23035.4,10584.643
327,600173.SH,20200430,4.6,4.66,4.57,4.64,4.6,0.04,0.8696,30987.21,14260.686
328,600173.SH,20200429,4.52,4.62,4.48,4.6,4.52,0.08,1.7699,21409.79,9777.724
329,600173.SH,20200428,4.52,4.58,4.43,4.52,4.57,-0.05,-1.0941,18647.83,8372.277
330,600173.SH,20200427,4.56,4.63,4.55,4.57,4.57,0.0,0.0,11328.48,5185.839
331,600173.SH,20200424,4.59,4.63,4.5,4.57,4.54,0.03,0.6608,25878.96,11829.483
332,600173.SH,20200423,4.54,4.56,4.51,4.54,4.54,0.0,0.0,15587.38,7057.815
333,600173.SH,20200422,4.52,4.61,4.48,4.54,4.54,0.0,0.0,11657.45,5262.621
334,600173.SH,20200421,4.58,4.59,4.52,4.54,4.6,-0.06,-1.3043,19080.0,8684.854
335,600173.SH,20200420,4.62,4.64,4.57,4.6,4.64,-0.04,-0.8621,19199.0,8826.175
336,600173.SH,20200417,4.6,4.65,4.6,4.64,4.62,0.02,0.4329,19848.21,9190.346
337,600173.SH,20200416,4.62,4.66,4.57,4.62,4.63,-0.01,-0.216,19667.09,9040.591
338,600173.SH,20200415,4.61,4.67,4.6,4.63,4.63,0.0,0.0,14814.0,6860.035
339,600173.SH,20200414,4.51,4.66,4.5,4.63,4.53,0.1,2.2075,31698.31,14546.548
340,600173.SH,20200413,4.55,4.58,4.47,4.53,4.61,-0.08,-1.7354,15509.0,7016.448
341,600173.SH,20200410,4.66,4.67,4.59,4.61,4.67,-0.06,-1.2848,13345.33,6168.414
342,600173.SH,20200409,4.65,4.71,4.62,4.67,4.64,0.03,0.6466,20540.0,9577.852
343,600173.SH,20200408,4.63,4.64,4.59,4.64,4.65,-0.01,-0.2151,22245.91,10265.004
344,600173.SH,20200407,4.61,4.68,4.57,4.65,4.55,0.1,2.1978,36401.46,16843.521
345,600173.SH,20200403,4.55,4.58,4.51,4.55,4.58,-0.03,-0.655,9833.0,4461.057
346,600173.SH,20200402,4.46,4.64,4.43,4.58,4.48,0.1,2.2321,18322.0,8285.006
347,600173.SH,20200401,4.46,4.59,4.44,4.48,4.47,0.01,0.2237,10966.6,4931.92
348,600173.SH,20200331,4.5,4.53,4.42,4.47,4.49,-0.02,-0.4454,13618.0,6083.61
349,600173.SH,20200330,4.58,4.58,4.42,4.49,4.61,-0.12,-2.603,26209.5,11716.404
350,600173.SH,20200327,4.65,4.71,4.59,4.61,4.61,0.0,0.0,18162.02,8435.95
351,600173.SH,20200326,4.62,4.66,4.58,4.61,4.66,-0.05,-1.073,21773.1,10045.175
352,600173.SH,20200325,4.59,4.68,4.54,4.66,4.54,0.12,2.6432,37140.89,17175.173
353,600173.SH,20200324,4.54,4.57,4.46,4.54,4.49,0.05,1.1136,15337.0,6923.764
354,600173.SH,20200323,4.6,4.67,4.48,4.49,4.69,-0.2,-4.2644,17921.36,8154.11
355,600173.SH,20200320,4.61,4.7,4.51,4.69,4.6,0.09,1.9565,27965.37,12833.915
356,600173.SH,20200319,4.6,4.61,4.5,4.6,4.59,0.01,0.2179,14328.43,6537.605
357,600173.SH,20200318,4.6,4.72,4.54,4.59,4.57,0.02,0.4376,26012.0,12025.485
358,600173.SH,20200317,4.68,4.68,4.43,4.57,4.58,-0.01,-0.2183,24658.45,11262.407
359,600173.SH,20200316,4.71,4.78,4.56,4.58,4.69,-0.11,-2.3454,31707.27,14832.735
360,600173.SH,20200313,4.6,4.75,4.57,4.69,4.81,-0.12,-2.4948,30730.0,14308.058
361,600173.SH,20200312,4.89,4.95,4.81,4.81,4.94,-0.13,-2.6316,25522.0,12368.71
362,600173.SH,20200311,5.0,5.06,4.94,4.94,4.98,-0.04,-0.8032,23171.01,11588.265
363,600173.SH,20200310,4.88,4.99,4.84,4.98,4.97,0.01,0.2012,35518.0,17458.08
364,600173.SH,20200309,4.91,5.26,4.84,4.97,5.03,-0.06,-1.1928,58725.0,29022.041
365,600173.SH,20200306,5.06,5.09,4.97,5.03,5.13,-0.1,-1.9493,45409.83,22786.033
366,600173.SH,20200305,5.1,5.15,5.06,5.13,5.14,-0.01,-0.1946,61832.42,31561.518
367,600173.SH,20200304,4.96,5.22,4.94,5.14,5.0,0.14,2.8,109905.74,56025.958
368,600173.SH,20200303,5.05,5.16,4.93,5.0,5.07,-0.07,-1.3807,73696.41,36946.691
369,600173.SH,20200302,4.87,5.18,4.87,5.07,4.84,0.23,4.7521,65573.82,33010.578
370,600173.SH,20200228,4.77,4.93,4.73,4.84,4.86,-0.02,-0.4115,68396.56,33093.073
371,600173.SH,20200227,4.85,4.86,4.76,4.86,4.85,0.01,0.2062,60442.63,29019.127
372,600173.SH,20200226,4.69,4.9,4.67,4.85,4.73,0.12,2.537,74785.0,35989.524
373,600173.SH,20200225,4.63,4.78,4.6,4.73,4.7,0.03,0.6383,56796.8,26525.696
374,600173.SH,20200224,4.76,4.76,4.65,4.7,4.77,-0.07,-1.4675,50139.73,23552.208
375,600173.SH,20200221,4.64,4.82,4.61,4.77,4.66,0.11,2.3605,82753.69,39120.301
376,600173.SH,20200220,4.64,4.68,4.58,4.66,4.64,0.02,0.431,77625.04,35798.326
377,600173.SH,20200219,4.64,4.69,4.62,4.64,4.67,-0.03,-0.6424,35943.0,16705.872
378,600173.SH,20200218,4.78,4.79,4.64,4.67,4.75,-0.08,-1.6842,53083.97,24898.027
379,600173.SH,20200217,4.65,4.75,4.62,4.75,4.66,0.09,1.9313,44064.0,20665.542
380,600173.SH,20200214,4.68,4.73,4.6,4.66,4.68,-0.02,-0.4274,29083.63,13539.648
381,600173.SH,20200213,4.73,4.79,4.6,4.68,4.77,-0.09,-1.8868,33846.0,15903.114
382,600173.SH,20200212,4.7,4.8,4.67,4.77,4.7,0.07,1.4894,19648.85,9311.799
383,600173.SH,20200211,4.73,4.74,4.66,4.7,4.72,-0.02,-0.4237,24972.0,11727.104
384,600173.SH,20200210,4.63,4.74,4.63,4.72,4.73,-0.01,-0.2114,26275.38,12313.244
385,600173.SH,20200207,4.64,4.74,4.6,4.73,4.66,0.07,1.5021,27772.82,12927.643
386,600173.SH,20200206,4.43,4.75,4.35,4.66,4.43,0.23,5.1919,60772.65,27889.283
387,600173.SH,20200205,4.43,4.54,4.31,4.43,4.43,0.0,0.0,33724.8,15034.663
388,600173.SH,20200204,4.22,4.5,4.22,4.43,4.39,0.04,0.9112,33210.46,14674.746
389,600173.SH,20200203,4.41,4.5,4.39,4.39,4.88,-0.49,-10.041,53536.0,23531.72
390,600173.SH,20200123,4.99,4.99,4.81,4.88,4.99,-0.11,-2.2044,36709.87,17919.241
391,600173.SH,20200122,4.96,5.02,4.87,4.99,4.99,0.0,0.0,34266.43,16983.541
392,600173.SH,20200121,4.98,5.04,4.95,4.99,4.99,0.0,0.0,29220.0,14578.347
393,600173.SH,20200120,5.01,5.02,4.96,4.99,5.01,-0.02,-0.3992,18654.29,9312.258
394,600173.SH,20200117,5.07,5.1,4.95,5.01,5.06,-0.05,-0.9881,26917.33,13484.622
395,600173.SH,20200116,5.11,5.11,5.02,5.06,5.11,-0.05,-0.9785,30660.72,15493.586
396,600173.SH,20200115,5.17,5.17,5.04,5.11,5.17,-0.06,-1.1605,48171.9,24542.467
397,600173.SH,20200114,5.21,5.26,5.15,5.17,5.21,-0.04,-0.7678,26141.0,13616.444
398,600173.SH,20200113,5.2,5.22,5.13,5.21,5.21,0.0,0.0,34891.06,18068.095
399,600173.SH,20200110,5.28,5.28,5.17,5.21,5.24,-0.03,-0.5725,20037.0,10451.448
400,600173.SH,20200109,5.12,5.27,5.09,5.24,5.08,0.16,3.1496,46553.01,24208.033
401,600173.SH,20200108,5.2,5.2,5.06,5.08,5.22,-0.14,-2.682,33918.52,17386.354
402,600173.SH,20200107,5.22,5.25,5.18,5.22,5.23,-0.01,-0.1912,23989.74,12493.761
403,600173.SH,20200106,5.23,5.28,5.2,5.23,5.27,-0.04,-0.759,33494.01,17556.58
404,600173.SH,20200103,5.22,5.34,5.15,5.27,5.21,0.06,1.1516,45146.96,23485.664
405,600173.SH,20200102,5.25,5.29,5.19,5.21,5.21,0.0,0.0,44004.86,23033.776
406,600173.SH,20191231,5.2,5.24,5.18,5.21,5.18,0.03,0.5792,22123.07,11520.522
407,600173.SH,20191230,5.15,5.22,5.1,5.18,5.16,0.02,0.3876,29334.45,15178.486
408,600173.SH,20191227,5.26,5.27,5.13,5.16,5.26,-0.1,-1.9011,47220.1,24518.965
409,600173.SH,20191226,5.2,5.31,5.15,5.26,5.2,0.06,1.1538,56378.16,29528.901
410,600173.SH,20191225,4.98,5.3,4.92,5.2,4.98,0.22,4.4177,71076.9,36247.079
411,600173.SH,20191224,4.93,4.98,4.9,4.98,4.95,0.03,0.6061,23362.28,11556.716
412,600173.SH,20191223,4.98,5.0,4.9,4.95,5.0,-0.05,-1.0,32969.98,16315.476
413,600173.SH,20191220,5.03,5.06,4.98,5.0,5.06,-0.06,-1.1858,32912.98,16524.379
414,600173.SH,20191219,5.1,5.1,5.01,5.06,5.1,-0.04,-0.7843,33807.16,17036.763
415,600173.SH,20191218,5.09,5.15,5.06,5.1,5.09,0.01,0.1965,26979.58,13765.153
416,600173.SH,20191217,5.01,5.1,5.01,5.09,5.01,0.08,1.5968,27212.0,13778.912
417,600173.SH,20191216,5.03,5.05,4.96,5.01,5.03,-0.02,-0.3976,24899.7,12461.244
418,600173.SH,20191213,5.02,5.04,4.98,5.03,5.02,0.01,0.1992,15460.09,7737.801
419,600173.SH,20191212,5.03,5.05,4.93,5.02,5.06,-0.04,-0.7905,17688.0,8824.238
420,600173.SH,20191211,5.03,5.1,4.98,5.06,5.03,0.03,0.5964,21084.24,10610.731
421,600173.SH,20191210,5.08,5.1,4.99,5.03,5.1,-0.07,-1.3725,22996.17,11564.86
422,600173.SH,20191209,5.12,5.12,5.07,5.1,5.1,0.0,0.0,18010.01,9179.779
423,600173.SH,20191206,5.08,5.12,4.99,5.1,5.05,0.05,0.9901,26689.86,13519.626
424,600173.SH,20191205,4.95,5.14,4.94,5.05,4.94,0.11,2.2267,33141.54,16713.907
425,600173.SH,20191204,4.95,4.96,4.91,4.94,4.95,-0.01,-0.202,6021.0,2967.339
426,600173.SH,20191203,4.91,4.99,4.81,4.95,4.91,0.04,0.8147,20676.43,10145.906
427,600173.SH,20191202,4.93,4.94,4.89,4.91,4.91,0.0,0.0,7445.16,3655.818
428,600173.SH,20191129,4.88,4.92,4.87,4.91,4.89,0.02,0.409,11469.8,5616.809
429,600173.SH,20191128,4.92,4.95,4.87,4.89,4.92,-0.03,-0.6098,11360.42,5568.142
430,600173.SH,20191127,4.95,4.96,4.83,4.92,4.95,-0.03,-0.6061,16162.57,7934.407
431,600173.SH,20191126,4.98,4.98,4.91,4.95,4.98,-0.03,-0.6024,12416.69,6131.113
432,600173.SH,20191125,4.93,5.12,4.93,4.98,4.95,0.03,0.6061,26619.02,13274.531
433,600173.SH,20191122,5.02,5.06,4.91,4.95,5.0,-0.05,-1.0,25510.0,12656.521
434,600173.SH,20191121,5.06,5.06,4.98,5.0,5.07,-0.07,-1.3807,10518.43,5278.873
435,600173.SH,20191120,5.08,5.1,5.04,5.07,5.05,0.02,0.396,16844.7,8547.846
436,600173.SH,20191119,4.94,5.05,4.85,5.05,4.94,0.11,2.2267,28859.8,14407.233
437,600173.SH,20191118,5.0,5.0,4.92,4.94,5.0,-0.06,-1.2,19151.2,9469.759
438,600173.SH,20191115,5.11,5.11,4.95,5.0,5.07,-0.07,-1.3807,14894.4,7464.907
439,600173.SH,20191114,4.97,5.14,4.97,5.07,5.0,0.07,1.4,26313.03,13208.33
440,600173.SH,20191113,5.01,5.02,4.96,5.0,5.02,-0.02,-0.3984,17393.02,8668.469
441,600173.SH,20191112,5.02,5.03,4.98,5.02,5.02,0.0,0.0,13969.01,6988.55
442,600173.SH,20191111,5.09,5.09,4.98,5.02,5.12,-0.1,-1.9531,30094.0,15114.228
443,600173.SH,20191108,5.15,5.2,5.11,5.12,5.15,-0.03,-0.5825,14200.03,7308.327
444,600173.SH,20191107,5.09,5.19,5.09,5.15,5.12,0.03,0.5859,18396.0,9440.725
445,600173.SH,20191106,5.21,5.21,5.06,5.12,5.22,-0.1,-1.9157,25782.41,13277.443
446,600173.SH,20191105,5.24,5.28,5.17,5.22,5.24,-0.02,-0.3817,17674.88,9215.476
447,600173.SH,20191104,5.25,5.33,5.21,5.24,5.23,0.01,0.1912,33333.87,17594.78
448,600173.SH,20191101,5.12,5.26,5.06,5.23,5.12,0.11,2.1484,32908.38,17076.822
449,600173.SH,20191031,5.18,5.18,5.04,5.12,5.17,-0.05,-0.9671,44771.01,22819.178
450,600173.SH,20191030,5.23,5.26,5.12,5.17,5.23,-0.06,-1.1472,33073.61,17058.989
451,600173.SH,20191029,5.23,5.3,5.15,5.23,5.22,0.01,0.1916,41457.59,21626.271
452,600173.SH,20191028,5.34,5.38,5.17,5.22,5.29,-0.07,-1.3233,41364.78,21675.388
453,600173.SH,20191025,5.28,5.38,5.25,5.29,5.29,0.0,0.0,33294.9,17740.916
454,600173.SH,20191024,5.23,5.34,5.22,5.29,5.23,0.06,1.1472,26460.0,13972.02
455,600173.SH,20191023,5.25,5.29,5.22,5.23,5.25,-0.02,-0.381,24338.0,12791.87
456,600173.SH,20191022,5.1,5.25,5.09,5.25,5.1,0.15,2.9412,33579.73,17369.212
457,600173.SH,20191021,5.11,5.12,5.02,5.1,5.12,-0.02,-0.3906,30499.0,15459.846
458,600173.SH,20191018,5.22,5.25,5.12,5.12,5.25,-0.13,-2.4762,39473.23,20439.364
459,600173.SH,20191017,5.19,5.3,5.13,5.25,5.2,0.05,0.9615,43606.61,22755.666
460,600173.SH,20191016,5.15,5.22,5.06,5.2,5.17,0.03,0.5803,44899.76,23142.263
461,600173.SH,20191015,5.19,5.26,5.15,5.17,5.23,-0.06,-1.1472,37326.8,19371.469
462,600173.SH,20191014,5.34,5.37,5.2,5.23,5.24,-0.01,-0.1908,56578.54,29858.924
463,600173.SH,20191011,5.28,5.32,5.15,5.24,5.26,-0.02,-0.3802,46747.17,24501.514
464,600173.SH,20191010,5.34,5.34,5.23,5.26,5.27,-0.01,-0.1898,40801.0,21497.825
465,600173.SH,20191009,5.23,5.34,5.16,5.27,5.22,0.05,0.9579,35134.96,18527.361
466,600173.SH,20191008,5.43,5.45,5.18,5.22,5.35,-0.13,-2.4299,51154.8,27031.034
467,600173.SH,20190930,5.26,5.51,5.19,5.35,5.27,0.08,1.518,78814.34,42574.367
468,600173.SH,20190927,5.16,5.33,5.11,5.27,5.16,0.11,2.1318,59610.57,31365.221
469,600173.SH,20190926,5.25,5.28,5.05,5.16,5.21,-0.05,-0.9597,68815.0,35614.091
470,600173.SH,20190925,5.19,5.3,5.12,5.21,5.21,0.0,0.0,72109.43,37510.697
471,600173.SH,20190924,5.35,5.38,5.18,5.21,5.33,-0.12,-2.2514,87568.04,45911.278
472,600173.SH,20190923,5.31,5.41,5.16,5.33,5.33,0.0,0.0,95504.11,50361.05
473,600173.SH,20190920,5.17,5.44,5.16,5.33,5.25,0.08,1.5238,145520.75,77403.65
474,600173.SH,20190919,4.89,5.31,4.89,5.25,4.91,0.34,6.9246,190169.62,97616.44
475,600173.SH,20190918,5.08,5.11,4.85,4.91,5.03,-0.12,-2.3857,137675.2,68038.695
476,600173.SH,20190917,5.15,5.2,5.01,5.03,4.73,0.3,6.3425,252689.05,128920.915
477,600173.SH,20190916,4.61,4.76,4.61,4.73,4.62,0.11,2.381,56149.71,26406.646
478,600173.SH,20190912,4.57,4.63,4.51,4.62,4.55,0.07,1.5385,42548.0,19453.137
479,600173.SH,20190911,4.62,4.62,4.51,4.55,4.56,-0.01,-0.2193,37271.61,16955.819
480,600173.SH,20190910,4.6,4.61,4.51,4.56,4.63,-0.07,-1.5119,42802.96,19524.622
481,600173.SH,20190909,4.59,4.7,4.53,4.63,4.48,0.15,3.3482,48957.38,22622.498
482,600173.SH,20190906,4.58,4.59,4.47,4.48,4.57,-0.09,-1.9694,62331.41,28134.362
483,600173.SH,20190905,4.58,4.67,4.55,4.57,4.56,0.01,0.2193,64172.61,29568.804
484,600173.SH,20190904,4.45,4.61,4.45,4.56,4.49,0.07,1.559,49846.06,22655.609
485,600173.SH,20190903,4.5,4.53,4.43,4.49,4.52,-0.03,-0.6637,57139.59,25591.589
486,600173.SH,20190902,4.33,4.54,4.32,4.52,4.35,0.17,3.908,70696.98,31610.399
487,600173.SH,20190830,4.43,4.43,4.32,4.35,4.4,-0.05,-1.1364,57486.0,25145.637
488,600173.SH,20190829,4.39,4.45,4.34,4.4,4.39,0.01,0.2278,49706.03,21792.887
489,600173.SH,20190828,4.29,4.4,4.29,4.39,4.34,0.05,1.1521,62045.6,27053.24
490,600173.SH,20190827,4.22,4.37,4.22,4.34,4.25,0.09,2.1176,56555.36,24445.302
491,600173.SH,20190826,4.18,4.3,4.16,4.25,4.25,0.0,0.0,57741.74,24451.617
492,600173.SH,20190823,4.2,4.26,4.17,4.25,4.19,0.06,1.432,45845.27,19396.212
493,600173.SH,20190822,4.16,4.22,4.13,4.19,4.15,0.04,0.9639,50983.97,21368.649
494,600173.SH,20190821,4.05,4.21,4.04,4.15,4.07,0.08,1.9656,56712.77,23514.714
495,600173.SH,20190820,3.93,4.09,3.93,4.07,3.95,0.12,3.038,69088.65,27829.029
496,600173.SH,20190819,3.87,3.96,3.85,3.95,3.83,0.12,3.1332,43326.49,16925.311
497,600173.SH,20190816,3.84,3.87,3.8,3.83,3.84,-0.01,-0.2604,17991.85,6919.461
498,600173.SH,20190815,3.78,3.84,3.74,3.84,3.84,0.0,0.0,22581.0,8544.548
499,600173.SH,20190814,3.85,3.87,3.83,3.84,3.83,0.01,0.2611,20143.99,7754.274
500,600173.SH,20190813,3.86,3.87,3.8,3.83,3.89,-0.06,-1.5424,23354.85,8945.224
501,600173.SH,20190812,3.86,3.89,3.83,3.89,3.86,0.03,0.7772,26604.92,10274.091
502,600173.SH,20190809,3.95,3.96,3.85,3.86,3.87,-0.01,-0.2584,26304.85,10208.117
503,600173.SH,20190808,3.89,3.92,3.84,3.87,3.89,-0.02,-0.5141,35369.0,13704.296
504,600173.SH,20190807,3.92,3.94,3.85,3.89,3.9,-0.01,-0.2564,29450.0,11483.497
505,600173.SH,20190806,3.91,3.95,3.83,3.9,3.99,-0.09,-2.2556,43924.42,17071.889
506,600173.SH,20190805,4.1,4.13,3.91,3.99,4.14,-0.15,-3.6232,44556.25,17960.06
507,600173.SH,20190802,4.16,4.16,4.07,4.14,4.21,-0.07,-1.6627,32726.18,13470.452
508,600173.SH,20190801,4.25,4.25,4.18,4.21,4.26,-0.05,-1.1737,24540.37,10327.475
509,600173.SH,20190731,4.27,4.28,4.24,4.26,4.29,-0.03,-0.6993,23412.76,9959.931
510,600173.SH,20190730,4.27,4.33,4.25,4.29,4.28,0.01,0.2336,26526.96,11381.049
511,600173.SH,20190729,4.26,4.29,4.24,4.28,4.26,0.02,0.4695,22303.57,9501.868
512,600173.SH,20190726,4.28,4.3,4.24,4.26,4.31,-0.05,-1.1601,22169.02,9453.631
513,600173.SH,20190725,4.32,4.32,4.26,4.31,4.33,-0.02,-0.4619,30092.0,12897.716
514,600173.SH,20190724,4.3,4.34,4.28,4.33,4.3,0.03,0.6977,29075.03,12557.564
515,600173.SH,20190723,4.28,4.31,4.26,4.3,4.31,-0.01,-0.232,19224.49,8228.435
516,600173.SH,20190722,4.33,4.36,4.28,4.31,4.34,-0.03,-0.6912,30655.07,13262.471
517,600173.SH,20190719,4.29,4.36,4.29,4.34,4.28,0.06,1.4019,19532.63,8461.894
518,600173.SH,20190718,4.34,4.34,4.25,4.28,4.36,-0.08,-1.8349,22549.2,9691.173
519,600173.SH,20190717,4.33,4.38,4.32,4.36,4.34,0.02,0.4608,23181.93,10095.785
520,600173.SH,20190716,4.31,4.36,4.3,4.34,4.33,0.01,0.2309,23970.67,10384.167
521,600173.SH,20190715,4.28,4.34,4.2,4.33,4.27,0.06,1.4052,41740.43,17903.131
522,600173.SH,20190712,4.24,4.29,4.24,4.27,4.25,0.02,0.4706,20657.47,8797.201
523,600173.SH,20190711,4.27,4.29,4.24,4.25,4.24,0.01,0.2358,19656.91,8385.781
524,600173.SH,20190710,4.32,4.32,4.24,4.24,4.32,-0.08,-1.8519,28108.69,11981.324
525,600173.SH,20190709,4.34,4.34,4.23,4.32,4.32,0.0,0.0,45524.69,19491.322
526,600173.SH,20190708,4.44,4.44,4.29,4.32,4.47,-0.15,-3.3557,67540.63,29390.294
527,600173.SH,20190705,4.57,4.58,4.43,4.47,4.58,-0.11,-2.4017,67915.84,30398.605
528,600173.SH,20190704,4.38,4.65,4.37,4.58,4.38,0.2,4.5662,154641.71,70628.222
529,600173.SH,20190703,4.35,4.43,4.32,4.38,4.36,0.02,0.4587,48693.11,21307.793
530,600173.SH,20190702,4.36,4.38,4.32,4.36,4.38,-0.02,-0.4566,27873.41,12121.726
531,600173.SH,20190701,4.34,4.4,4.29,4.38,4.28,0.1,2.3364,56700.43,24630.801
532,600173.SH,20190628,4.33,4.33,4.25,4.28,4.29,-0.01,-0.2331,24627.0,10533.172
533,600173.SH,20190627,4.29,4.36,4.28,4.29,4.3,-0.01,-0.2326,26943.23,11644.593
534,600173.SH,20190626,4.29,4.33,4.27,4.3,4.29,0.01,0.2331,23666.76,10175.877
535,600173.SH,20190625,4.33,4.35,4.23,4.29,4.35,-0.06,-1.3793,40428.0,17321.831
536,600173.SH,20190624,4.36,4.36,4.31,4.35,4.35,0.0,0.0,31080.86,13483.172
537,600173.SH,20190621,4.32,4.37,4.29,4.35,4.29,0.06,1.3986,65087.7,28202.042
538,600173.SH,20190620,4.21,4.31,4.19,4.29,4.22,0.07,1.6588,65482.18,27922.483
539,600173.SH,20190619,4.27,4.29,4.22,4.22,4.21,0.01,0.2375,45736.22,19437.398
540,600173.SH,20190618,4.23,4.25,4.16,4.21,4.22,-0.01,-0.237,27177.02,11425.483
541,600173.SH,20190617,4.23,4.25,4.19,4.22,4.21,0.01,0.2375,33133.95,13976.006
542,600173.SH,20190614,4.31,4.31,4.18,4.21,4.29,-0.08,-1.8648,32756.01,13974.709
543,600173.SH,20190613,4.28,4.33,4.24,4.29,4.28,0.01,0.2336,21035.78,9006.778
544,600173.SH,20190612,4.43,4.44,4.35,4.38,4.41,-0.03,-0.6803,31385.57,13764.627
545,600173.SH,20190611,4.3,4.42,4.28,4.41,4.3,0.11,2.5581,37228.01,16250.945
546,600173.SH,20190610,4.25,4.31,4.22,4.3,4.23,0.07,1.6548,23727.2,10166.649
547,600173.SH,20190606,4.28,4.31,4.21,4.23,4.26,-0.03,-0.7042,24558.36,10482.022
548,600173.SH,20190605,4.28,4.33,4.25,4.26,4.25,0.01,0.2353,22001.26,9433.762
549,600173.SH,20190604,4.29,4.31,4.24,4.25,4.28,-0.03,-0.7009,25981.37,11111.634
550,600173.SH,20190603,4.37,4.37,4.24,4.28,4.35,-0.07,-1.6092,30582.58,13143.753
551,600173.SH,20190531,4.35,4.4,4.32,4.35,4.35,0.0,0.0,18485.01,8057.438
552,600173.SH,20190530,4.41,4.41,4.31,4.35,4.42,-0.07,-1.5837,30179.0,13112.501
553,600173.SH,20190529,4.43,4.45,4.39,4.42,4.42,0.0,0.0,19975.0,8823.57
554,600173.SH,20190528,4.45,4.47,4.41,4.42,4.42,0.0,0.0,26048.47,11560.54
555,600173.SH,20190527,4.32,4.44,4.31,4.42,4.32,0.1,2.3148,30113.92,13208.085
556,600173.SH,20190524,4.37,4.38,4.3,4.32,4.37,-0.05,-1.1442,25895.0,11254.792
557,600173.SH,20190523,4.46,4.46,4.35,4.37,4.45,-0.08,-1.7978,29742.0,13069.528
558,600173.SH,20190522,4.43,4.49,4.43,4.45,4.43,0.02,0.4515,37462.84,16696.842
559,600173.SH,20190521,4.44,4.51,4.39,4.43,4.4,0.03,0.6818,35779.01,15948.331
560,600173.SH,20190520,4.46,4.48,4.31,4.4,4.49,-0.09,-2.0045,54094.87,23732.917
561,600173.SH,20190517,4.64,4.69,4.47,4.49,4.64,-0.15,-3.2328,51013.31,23244.317
562,600173.SH,20190516,4.62,4.69,4.6,4.64,4.62,0.02,0.4329,46584.07,21650.328
563,600173.SH,20190515,4.65,4.65,4.56,4.62,4.58,0.04,0.8734,47751.9,21978.154
564,600173.SH,20190514,4.51,4.62,4.51,4.58,4.58,0.0,0.0,48174.4,21994.59
565,600173.SH,20190513,4.48,4.62,4.43,4.58,4.51,0.07,1.5521,71318.32,32369.987
566,600173.SH,20190510,4.36,4.56,4.33,4.51,4.34,0.17,3.9171,109180.41,48691.417
567,600173.SH,20190509,4.37,4.42,4.34,4.34,4.39,-0.05,-1.139,46594.0,20400.469
568,600173.SH,20190508,4.38,4.48,4.34,4.39,4.5,-0.11,-2.4444,65358.39,28846.983
569,600173.SH,20190507,4.37,4.52,4.33,4.5,4.31,0.19,4.4084,94168.0,41433.163
570,600173.SH,20190506,4.62,4.72,4.29,4.31,4.77,-0.46,-9.6436,118991.0,53385.937
571,600173.SH,20190430,4.6,4.83,4.6,4.77,4.59,0.18,3.9216,69253.0,32770.054
572,600173.SH,20190429,4.71,4.75,4.55,4.59,4.71,-0.12,-2.5478,74774.89,34776.226
573,600173.SH,20190426,4.78,4.84,4.7,4.71,4.78,-0.07,-1.4644,79116.35,37881.925
574,600173.SH,20190425,5.1,5.1,4.75,4.78,5.11,-0.33,-6.4579,109724.26,53869.89
575,600173.SH,20190424,5.15,5.18,4.98,5.11,5.15,-0.04,-0.7767,61333.0,31211.617
576,600173.SH,20190423,5.18,5.23,5.1,5.15,5.17,-0.02,-0.3868,57782.53,29854.485
577,600173.SH,20190422,5.31,5.4,5.13,5.17,5.31,-0.14,-2.6365,80717.53,42422.401
578,600173.SH,20190419,5.42,5.42,5.22,5.31,5.41,-0.1,-1.8484,88859.86,47111.0
579,600173.SH,20190418,5.42,5.53,5.38,5.41,5.43,-0.02,-0.3683,63765.63,34723.883
580,600173.SH,20190417,5.43,5.55,5.42,5.43,5.43,0.0,0.0,95263.34,52160.849
581,600173.SH,20190416,5.41,5.44,5.23,5.43,5.41,0.02,0.3697,97291.12,52082.6
582,600173.SH,20190415,5.48,5.59,5.4,5.41,5.39,0.02,0.3711,110818.61,61001.549
583,600173.SH,20190412,5.48,5.57,5.37,5.39,5.62,-0.23,-4.0925,132968.84,72558.596
584,600173.SH,20190411,5.68,5.73,5.53,5.62,5.69,-0.07,-1.2302,115399.36,64799.371
585,600173.SH,20190410,5.5,5.74,5.46,5.69,5.56,0.13,2.3381,140442.8,78852.084
586,600173.SH,20190409,5.4,5.57,5.38,5.56,5.39,0.17,3.154,126968.66,69573.689
587,600173.SH,20190408,5.55,5.64,5.31,5.39,5.47,-0.08,-1.4625,141073.72,77020.831
588,600173.SH,20190404,5.32,5.52,5.29,5.47,5.3,0.17,3.2075,138354.56,75067.857
589,600173.SH,20190403,5.18,5.32,5.16,5.3,5.21,0.09,1.7274,92958.0,48833.384
590,600173.SH,20190402,5.26,5.28,5.19,5.21,5.23,-0.02,-0.3824,84353.62,44126.732
591,600173.SH,20190401,5.12,5.34,5.1,5.23,5.11,0.12,2.3483,159436.76,83389.39
592,600173.SH,20190329,4.91,5.11,4.9,5.11,4.92,0.19,3.8618,110927.71,55742.478
593,600173.SH,20190328,4.88,5.03,4.88,4.92,4.94,-0.02,-0.4049,63987.87,31714.691
594,600173.SH,20190327,4.96,5.0,4.83,4.94,4.97,-0.03,-0.6036,63624.48,31278.12
595,600173.SH,20190326,5.01,5.12,4.94,4.97,4.99,-0.02,-0.4008,116740.44,58547.51
596,600173.SH,20190325,5.0,5.09,4.93,4.99,5.07,-0.08,-1.5779,79844.24,40054.796
597,600173.SH,20190322,5.04,5.08,4.96,5.07,5.03,0.04,0.7952,85950.73,43181.465
598,600173.SH,20190321,5.09,5.09,5.0,5.03,5.07,-0.04,-0.789,106124.65,53534.888
599,600173.SH,20190320,4.96,5.11,4.87,5.07,4.97,0.1,2.0121,138543.23,69342.2
600,600173.SH,20190319,5.06,5.11,4.93,4.97,4.98,-0.01,-0.2008,98980.66,49615.91
601,600173.SH,20190318,4.9,4.98,4.87,4.98,4.88,0.1,2.0492,70803.79,34942.874
602,600173.SH,20190315,4.82,4.99,4.82,4.88,4.78,0.1,2.0921,83003.39,40717.455
603,600173.SH,20190314,4.91,5.02,4.73,4.78,5.0,-0.22,-4.4,93728.44,45523.538
604,600173.SH,20190313,4.94,5.11,4.83,5.0,4.95,0.05,1.0101,148876.15,74377.298
605,600173.SH,20190312,4.87,5.08,4.86,4.95,4.84,0.11,2.2727,105659.39,52581.455
606,600173.SH,20190311,4.61,4.84,4.61,4.84,4.59,0.25,5.4466,111915.79,53248.925
607,600173.SH,20190308,4.82,4.84,4.58,4.59,4.89,-0.3,-6.135,131282.9,62458.133
608,600173.SH,20190307,4.87,4.95,4.81,4.89,4.87,0.02,0.4107,128831.73,62811.929
609,600173.SH,20190306,4.79,4.92,4.76,4.87,4.81,0.06,1.2474,118263.01,57314.962
610,600173.SH,20190305,4.76,4.83,4.73,4.81,4.78,0.03,0.6276,69452.41,33231.024
611,600173.SH,20190304,4.66,4.85,4.65,4.78,4.65,0.13,2.7957,144192.63,68860.317
612,600173.SH,20190301,4.65,4.69,4.57,4.65,4.69,-0.04,-0.8529,117696.28,54264.768
613,600173.SH,20190228,4.73,4.92,4.57,4.69,4.67,0.02,0.4283,175775.9,83449.922
614,600173.SH,20190227,4.56,4.78,4.56,4.67,4.6,0.07,1.5217,139232.28,65147.862
615,600173.SH,20190226,4.54,4.73,4.47,4.6,4.54,0.06,1.3216,142043.65,65302.536
616,600173.SH,20190225,4.39,4.57,4.35,4.54,4.33,0.21,4.8499,138096.91,61811.29
617,600173.SH,20190222,4.25,4.39,4.22,4.33,4.26,0.07,1.6432,64290.01,27661.097
618,600173.SH,20190221,4.28,4.4,4.24,4.26,4.31,-0.05,-1.1601,78528.7,33770.308
619,600173.SH,20190220,4.27,4.35,4.25,4.31,4.29,0.02,0.4662,59348.44,25498.777
620,600173.SH,20190219,4.24,4.32,4.23,4.29,4.23,0.06,1.4184,67669.23,28908.059
621,600173.SH,20190218,4.16,4.24,4.16,4.23,4.14,0.09,2.1739,58569.84,24620.036
622,600173.SH,20190215,4.23,4.23,4.14,4.14,4.22,-0.08,-1.8957,51983.45,21669.389
623,600173.SH,20190214,4.26,4.27,4.2,4.22,4.28,-0.06,-1.4019,58082.59,24564.24
624,600173.SH,20190213,4.21,4.28,4.2,4.28,4.22,0.06,1.4218,67215.64,28504.146
625,600173.SH,20190212,4.21,4.27,4.17,4.22,4.25,-0.03,-0.7059,60967.75,25726.676
626,600173.SH,20190211,4.14,4.27,4.1,4.25,4.15,0.1,2.4096,53066.4,22140.232
627,600173.SH,20190201,4.12,4.17,4.05,4.15,4.11,0.04,0.9732,42602.59,17487.184
628,600173.SH,20190131,4.12,4.28,4.07,4.11,4.16,-0.05,-1.2019,62660.72,26164.568
629,600173.SH,20190130,4.11,4.41,4.09,4.16,4.15,0.01,0.241,77496.83,32933.831
630,600173.SH,20190129,4.09,4.15,3.96,4.15,4.09,0.06,1.467,46613.56,18973.33
631,600173.SH,20190128,4.15,4.18,4.06,4.09,4.1,-0.01,-0.2439,34272.9,14139.14
632,600173.SH,20190125,4.07,4.17,4.07,4.1,4.08,0.02,0.4902,36733.8,15171.462
633,600173.SH,20190124,4.08,4.11,4.03,4.08,4.08,0.0,0.0,35396.03,14443.156
634,600173.SH,20190123,4.11,4.19,4.08,4.08,4.0,0.08,2.0,52498.0,21621.331
635,600173.SH,20190122,3.95,4.12,3.94,4.0,3.95,0.05,1.2658,47347.5,19074.07
636,600173.SH,20190121,3.97,3.99,3.94,3.95,3.96,-0.01,-0.2525,14938.73,5925.545
637,600173.SH,20190118,3.91,3.96,3.91,3.96,3.93,0.03,0.7634,14798.0,5830.502
638,600173.SH,20190117,4.03,4.03,3.92,3.93,4.01,-0.08,-1.995,31677.03,12525.085
639,600173.SH,20190116,3.98,4.01,3.95,4.01,3.96,0.05,1.2626,29585.82,11770.086
640,600173.SH,20190115,3.93,3.96,3.88,3.96,3.92,0.04,1.0204,28031.97,11003.194
641,600173.SH,20190114,3.9,3.94,3.9,3.92,3.9,0.02,0.5128,22390.79,8767.894
642,600173.SH,20190111,3.87,3.92,3.87,3.9,3.87,0.03,0.7752,30767.28,11987.151
643,600173.SH,20190110,3.9,3.93,3.87,3.87,3.89,-0.02,-0.5141,23391.6,9117.291
644,600173.SH,20190109,3.87,3.95,3.86,3.89,3.88,0.01,0.2577,32937.53,12905.851
645,600173.SH,20190108,3.92,3.93,3.85,3.88,3.92,-0.04,-1.0204,29950.83,11634.325
646,600173.SH,20190107,3.86,4.0,3.86,3.92,3.8,0.12,3.1579,48145.72,18877.124
647,600173.SH,20190104,3.7,3.82,3.65,3.8,3.71,0.09,2.4259,38426.16,14408.131
648,600173.SH,20190103,3.79,3.8,3.7,3.71,3.79,-0.08,-2.1108,36909.74,13780.207
649,600173.SH,20190102,3.78,3.82,3.72,3.79,3.77,0.02,0.5305,20132.07,7582.47
650,600173.SH,20181228,3.79,3.84,3.76,3.77,3.81,-0.04,-1.0499,23200.62,8809.89
651,600173.SH,20181227,3.92,3.93,3.81,3.81,3.86,-0.05,-1.2953,23952.16,9269.885
652,600173.SH,20181226,3.89,3.93,3.85,3.86,3.89,-0.03,-0.7712,34657.97,13446.032
653,600173.SH,20181225,3.92,3.94,3.81,3.89,3.96,-0.07,-1.7677,49930.89,19329.749
654,600173.SH,20181224,3.93,3.97,3.89,3.96,3.92,0.04,1.0204,28500.07,11227.791
655,600173.SH,20181221,3.98,4.01,3.9,3.92,4.05,-0.13,-3.2099,70451.43,27811.469
656,600173.SH,20181220,4.14,4.2,4.03,4.05,4.15,-0.1,-2.4096,88382.89,36147.279
657,600173.SH,20181219,4.0,4.3,3.97,4.15,3.96,0.19,4.798,153883.67,64286.223
658,600173.SH,20181218,3.97,4.01,3.83,3.96,4.0,-0.04,-1.0,44903.55,17612.268
659,600173.SH,20181217,4.0,4.04,3.93,4.0,4.01,-0.01,-0.2494,21343.78,8514.881
660,600173.SH,20181214,4.06,4.12,4.01,4.01,4.09,-0.08,-1.956,33459.01,13554.366
661,600173.SH,20181213,4.02,4.12,4.02,4.09,4.02,0.07,1.7413,42469.08,17342.36
662,600173.SH,20181212,3.98,4.05,3.98,4.02,3.99,0.03,0.7519,21019.0,8469.211
663,600173.SH,20181211,3.93,4.0,3.93,3.99,3.93,0.06,1.5267,19410.59,7719.064
664,600173.SH,20181210,3.95,3.97,3.92,3.93,3.98,-0.05,-1.2563,14317.0,5637.548
665,600173.SH,20181207,3.95,4.0,3.95,3.98,3.95,0.03,0.7595,22197.0,8856.382
666,600173.SH,20181206,4.01,4.03,3.94,3.95,4.04,-0.09,-2.2277,26768.0,10667.448
667,600173.SH,20181205,4.03,4.12,4.01,4.04,4.1,-0.06,-1.4634,52522.72,21248.912
668,600173.SH,20181204,4.0,4.11,3.99,4.1,4.0,0.1,2.5,77200.46,31310.999
669,600173.SH,20181203,4.02,4.07,3.98,4.0,3.95,0.05,1.2658,56388.95,22673.642
670,600173.SH,20181130,3.89,3.99,3.84,3.95,3.9,0.05,1.2821,39035.27,15238.437
671,600173.SH,20181129,4.0,4.04,3.89,3.9,4.02,-0.12,-2.9851,43129.0,17123.688
672,600173.SH,20181128,3.96,4.02,3.87,4.02,3.95,0.07,1.7722,39967.93,15812.695
673,600173.SH,20181127,4.01,4.03,3.91,3.95,3.96,-0.01,-0.2525,38780.63,15392.831
674,600173.SH,20181126,4.03,4.05,3.94,3.96,3.94,0.02,0.5076,38434.53,15336.425
675,600173.SH,20181123,4.16,4.18,3.9,3.94,4.15,-0.21,-5.0602,72438.69,29266.704
676,600173.SH,20181122,4.24,4.25,4.14,4.15,4.22,-0.07,-1.6588,54677.54,22836.461
677,600173.SH,20181121,4.14,4.3,4.13,4.22,4.23,-0.01,-0.2364,91222.97,38457.052
678,600173.SH,20181120,4.43,4.45,4.22,4.23,4.55,-0.32,-7.033,182494.45,79215.433
679,600173.SH,20181119,4.24,4.62,4.22,4.55,4.24,0.31,7.3113,280573.19,125067.292
680,600173.SH,20181116,4.3,4.3,4.2,4.24,4.25,-0.01,-0.2353,100820.69,42867.989
681,600173.SH,20181115,4.18,4.26,4.14,4.25,4.2,0.05,1.1905,95908.01,40370.297
682,600173.SH,20181114,4.26,4.35,4.17,4.2,4.25,-0.05,-1.1765,117909.11,50100.417
683,600173.SH,20181113,4.13,4.32,4.12,4.25,4.19,0.06,1.432,131485.12,55766.151
684,600173.SH,20181112,4.1,4.21,4.09,4.19,4.09,0.1,2.445,87258.74,36194.558
685,600173.SH,20181109,4.21,4.27,4.07,4.09,4.25,-0.16,-3.7647,123765.63,51359.473
686,600173.SH,20181108,4.4,4.4,4.23,4.25,4.41,-0.16,-3.6281,159616.96,68488.793
687,600173.SH,20181107,4.32,4.46,4.22,4.41,4.32,0.09,2.0833,242081.18,105373.895
688,600173.SH,20181106,4.34,4.37,4.21,4.32,4.41,-0.09,-2.0408,172371.55,73824.868
689,600173.SH,20181105,4.38,4.46,4.29,4.41,4.38,0.03,0.6849,232009.29,101538.439
690,600173.SH,20181102,4.39,4.49,4.31,4.38,4.41,-0.03,-0.6803,281756.64,123447.375
691,600173.SH,20181101,4.34,4.56,4.28,4.41,4.6,-0.19,-4.1304,416408.46,183206.845
692,600173.SH,20181031,4.87,5.0,4.5,4.6,4.62,-0.02,-0.4329,547369.63,257377.145
693,600173.SH,20181030,4.35,4.62,4.3,4.62,4.2,0.42,10.0,422480.88,191427.309
694,600173.SH,20181029,4.2,4.2,4.03,4.2,3.82,0.38,9.9476,307108.49,127883.554
695,600173.SH,20181026,3.48,3.82,3.48,3.82,3.47,0.35,10.0865,74891.98,28109.507
696,600173.SH,20181025,3.41,3.48,3.38,3.47,3.48,-0.01,-0.2874,22151.97,7598.103
697,600173.SH,20181024,3.39,3.51,3.36,3.48,3.41,0.07,2.0528,24857.8,8625.326
698,600173.SH,20181023,3.45,3.49,3.39,3.41,3.46,-0.05,-1.4451,29085.53,10046.2
699,600173.SH,20181022,3.31,3.52,3.31,3.46,3.27,0.19,5.8104,50797.56,17288.199
700,600173.SH,20181019,3.17,3.3,3.01,3.27,3.2,0.07,2.1875,26223.33,8470.572
701,600173.SH,20181018,3.45,3.45,3.13,3.2,3.46,-0.26,-7.5145,20634.68,6807.218
702,600173.SH,20181017,3.44,3.49,3.42,3.46,3.43,0.03,0.8746,11501.61,3974.124
703,600173.SH,20181016,3.55,3.56,3.42,3.43,3.54,-0.11,-3.1073,18369.86,6427.232
704,600173.SH,20181015,3.54,3.59,3.52,3.54,3.52,0.02,0.5682,9996.0,3552.653
705,600173.SH,20181012,3.54,3.61,3.35,3.52,3.57,-0.05,-1.4006,22925.78,8044.229
706,600173.SH,20181011,3.92,3.92,3.57,3.57,3.97,-0.4,-10.0756,34224.11,12841.775
707,600173.SH,20181010,3.86,3.99,3.84,3.97,3.86,0.11,2.8497,38910.75,15333.964
708,600173.SH,20181009,3.87,3.9,3.83,3.86,3.87,-0.01,-0.2584,17014.92,6585.72
709,600173.SH,20181008,4.03,4.06,3.86,3.87,4.08,-0.21,-5.1471,34998.2,13764.688
710,600173.SH,20180928,4.08,4.1,4.06,4.08,4.07,0.01,0.2457,14230.67,5807.727
711,600173.SH,20180927,4.1,4.11,4.07,4.07,4.1,-0.03,-0.7317,14983.0,6118.772
712,600173.SH,20180926,4.12,4.14,4.1,4.1,4.12,-0.02,-0.4854,15468.05,6373.187
713,600173.SH,20180925,4.15,4.16,4.1,4.12,4.18,-0.06,-1.4354,17462.81,7201.517
714,600173.SH,20180921,4.14,4.2,4.12,4.18,4.14,0.04,0.9662,21600.04,8997.519
715,600173.SH,20180920,4.16,4.22,4.13,4.14,4.18,-0.04,-0.9569,16383.8,6807.229
716,600173.SH,20180919,4.09,4.19,4.08,4.18,4.11,0.07,1.7032,26717.04,11113.63
717,600173.SH,20180918,4.06,4.11,4.04,4.11,4.08,0.03,0.7353,14291.32,5841.183
718,600173.SH,20180917,4.12,4.13,4.06,4.08,4.13,-0.05,-1.2107,11237.32,4584.873
719,600173.SH,20180914,4.14,4.16,4.1,4.13,4.16,-0.03,-0.7212,11834.04,4884.145
720,600173.SH,20180913,4.13,4.16,4.13,4.16,4.13,0.03,0.7264,7687.0,3187.38
721,600173.SH,20180912,4.09,4.17,4.08,4.13,4.09,0.04,0.978,13198.12,5456.695
722,600173.SH,20180911,4.14,4.17,4.08,4.09,4.13,-0.04,-0.9685,15705.0,6474.135
723,600173.SH,20180910,4.13,4.19,4.09,4.13,4.14,-0.01,-0.2415,18035.75,7492.435
724,600173.SH,20180907,4.13,4.18,4.12,4.14,4.14,0.0,0.0,20976.79,8706.897
725,600173.SH,20180906,4.16,4.19,4.12,4.14,4.15,-0.01,-0.241,12580.33,5223.186
726,600173.SH,20180905,4.22,4.23,4.14,4.15,4.23,-0.08,-1.8913,25950.0,10845.767
727,600173.SH,20180904,4.16,4.34,4.16,4.23,4.17,0.06,1.4388,58056.38,24485.47
728,600173.SH,20180903,4.24,4.25,4.12,4.17,4.24,-0.07,-1.6509,35644.44,14927.509
729,600173.SH,20180831,4.25,4.27,4.21,4.24,4.23,0.01,0.2364,32200.32,13682.625
730,600173.SH,20180830,4.27,4.3,4.22,4.23,4.28,-0.05,-1.1682,23878.09,10131.805
731,600173.SH,20180829,4.21,4.31,4.21,4.28,4.22,0.06,1.4218,47379.17,20259.856
732,600173.SH,20180828,4.27,4.28,4.2,4.22,4.27,-0.05,-1.171,26660.17,11306.664
733,600173.SH,20180827,4.22,4.32,4.18,4.27,4.21,0.06,1.4252,31854.72,13558.94
734,600173.SH,20180824,4.24,4.25,4.21,4.21,4.25,-0.04,-0.9412,14194.79,5997.86
735,600173.SH,20180823,4.21,4.29,4.16,4.25,4.21,0.04,0.9501,42924.29,18179.439
736,600173.SH,20180822,4.21,4.27,4.16,4.21,4.22,-0.01,-0.237,33250.45,13995.578
737,600173.SH,20180821,4.15,4.27,4.15,4.22,4.17,0.05,1.199,34936.09,14706.343
738,600173.SH,20180820,4.2,4.21,4.14,4.17,4.2,-0.03,-0.7143,23145.63,9667.403
739,600173.SH,20180817,4.2,4.27,4.15,4.2,4.15,0.05,1.2048,34904.92,14687.138
740,600173.SH,20180816,4.17,4.26,4.13,4.15,4.2,-0.05,-1.1905,22675.59,9473.981
741,600173.SH,20180815,4.22,4.31,4.18,4.2,4.22,-0.02,-0.4739,37281.0,15797.395
742,600173.SH,20180814,4.35,4.35,4.21,4.22,4.32,-0.1,-2.3148,35063.07,14913.151
743,600173.SH,20180813,4.3,4.37,4.18,4.32,4.37,-0.05,-1.1442,56561.24,24077.602
744,600173.SH,20180810,4.32,4.46,4.3,4.37,4.33,0.04,0.9238,51171.61,22466.69
745,600173.SH,20180809,4.31,4.37,4.26,4.33,4.32,0.01,0.2315,47772.98,20668.273
746,600173.SH,20180808,4.27,4.49,4.23,4.32,4.21,0.11,2.6128,88489.0,38438.841
747,600173.SH,20180807,4.09,4.23,4.04,4.21,4.08,0.13,3.1863,44222.78,18370.589
748,600173.SH,20180806,4.25,4.28,4.02,4.08,4.28,-0.2,-4.6729,47122.46,19505.504
749,600173.SH,20180803,4.28,4.34,4.23,4.28,4.32,-0.04,-0.9259,26442.53,11335.362
750,600173.SH,20180802,4.5,4.5,4.22,4.32,4.49,-0.17,-3.7862,36932.93,16012.845
751,600173.SH,20180801,4.48,4.56,4.46,4.49,4.49,0.0,0.0,31363.16,14133.113
752,600173.SH,20180731,4.45,4.61,4.43,4.49,4.43,0.06,1.3544,31595.16,14261.051
753,600173.SH,20180730,4.51,4.57,4.42,4.43,4.53,-0.1,-2.2075,31199.13,14014.635
754,600173.SH,20180727,4.54,4.58,4.48,4.53,4.54,-0.01,-0.2203,25831.73,11680.804
755,600173.SH,20180726,4.45,4.65,4.45,4.54,4.45,0.09,2.0225,44428.36,20285.285
756,600173.SH,20180725,4.45,4.49,4.43,4.45,4.46,-0.01,-0.2242,26920.86,12004.649
757,600173.SH,20180724,4.38,4.46,4.36,4.46,4.38,0.08,1.8265,29401.49,13050.351
758,600173.SH,20180723,4.33,4.38,4.31,4.38,4.34,0.04,0.9217,15047.78,6555.463
759,600173.SH,20180720,4.34,4.35,4.26,4.34,4.34,0.0,0.0,17204.17,7413.656
760,600173.SH,20180719,4.32,4.36,4.31,4.34,4.32,0.02,0.46,14461.7,6264.145
761,600173.SH,20180718,4.36,4.38,4.31,4.32,4.36,-0.04,-0.92,11393.09,4960.037
762,600173.SH,20180717,4.33,4.37,4.3,4.36,4.35,0.01,0.23,13420.54,5826.633
763,600173.SH,20180716,4.39,4.39,4.33,4.35,4.38,-0.03,-0.68,14931.85,6505.783
764,600173.SH,20180713,4.45,4.48,4.37,4.38,4.39,-0.01,-0.23,16513.97,7266.07
765,600173.SH,20180712,4.28,4.44,4.27,4.39,4.33,0.06,1.39,28548.34,12515.477
766,600173.SH,20180711,4.3,4.43,4.21,4.33,4.34,-0.01,-0.23,32333.78,13939.907
767,600173.SH,20180710,4.23,4.5,4.23,4.34,4.16,0.18,4.33,44131.29,19243.737
768,600173.SH,20180709,4.05,4.18,4.05,4.16,4.06,0.1,2.46,24937.23,10311.649
769,600173.SH,20180706,4.01,4.12,3.99,4.06,4.04,0.02,0.5,24581.01,9984.335
770,600173.SH,20180705,4.22,4.24,4.03,4.04,4.21,-0.17,-4.04,26533.27,10966.009
771,600173.SH,20180704,4.28,4.29,4.2,4.21,4.28,-0.07,-1.64,18604.76,7909.812
772,600173.SH,20180703,4.24,4.3,4.18,4.28,4.25,0.03,0.71,34420.75,14610.495
773,600173.SH,20180702,4.31,4.32,4.2,4.25,4.3,-0.05,-1.16,47783.35,20415.624
774,600173.SH,20180629,4.22,4.33,4.21,4.3,4.21,0.09,2.14,31134.0,13329.207
775,600173.SH,20180628,4.21,4.28,4.17,4.21,4.24,-0.03,-0.71,21947.67,9281.985
776,600173.SH,20180627,4.24,4.32,4.18,4.24,4.27,-0.03,-0.7,23252.94,9884.069
777,600173.SH,20180626,4.19,4.3,3.85,4.27,4.25,0.02,0.47,29020.0,12208.146
778,600173.SH,20180625,4.38,4.44,4.23,4.25,4.34,-0.09,-2.07,34115.56,14844.887
779,600173.SH,20180622,4.35,4.36,4.14,4.34,4.36,-0.02,-0.46,54790.35,23347.957
780,600173.SH,20180621,4.45,4.49,4.35,4.36,4.45,-0.09,-2.02,28785.33,12732.146
781,600173.SH,20180620,4.41,4.5,4.32,4.45,4.41,0.04,0.91,36823.06,16281.135
782,600173.SH,20180619,4.73,4.82,4.41,4.41,4.9,-0.49,-10.0,53657.95,24624.602
783,600173.SH,20180615,4.86,5.07,4.86,4.9,4.9,0.0,0.0,39888.29,19735.384
784,600173.SH,20180614,4.88,4.92,4.81,4.9,4.88,0.02,0.41,22167.02,10822.516
785,600173.SH,20180613,5.0,5.0,4.85,4.88,5.0,-0.12,-2.4,28215.88,13826.493
786,600173.SH,20180612,4.93,5.01,4.92,5.0,4.96,0.04,0.81,26585.3,13217.577
787,600173.SH,20180611,4.98,5.05,4.92,4.96,5.03,-0.07,-1.39,33697.88,16772.655
788,600173.SH,20180608,4.9,5.13,4.81,5.03,4.91,0.12,2.44,65698.97,32756.976
789,600173.SH,20180607,4.89,4.95,4.86,4.91,4.9,0.01,0.2,22643.2,11122.051
790,600173.SH,20180606,4.86,4.92,4.85,4.9,4.86,0.04,0.82,21220.05,10375.508
791,600173.SH,20180605,4.82,4.86,4.8,4.86,4.82,0.04,0.83,21861.33,10573.587
792,600173.SH,20180604,4.85,4.88,4.8,4.82,4.85,-0.03,-0.62,33046.53,16011.528
793,600173.SH,20180601,4.77,4.87,4.75,4.85,4.8,0.05,1.04,43887.61,21112.294
794,600173.SH,20180531,4.75,4.82,4.74,4.8,4.74,0.06,1.27,32127.87,15333.701
795,600173.SH,20180530,4.86,4.93,4.72,4.74,4.92,-0.18,-3.66,26346.0,12647.516
796,600173.SH,20180529,4.98,5.04,4.9,5.02,4.95,0.07,1.41,25935.0,12927.149
797,600173.SH,20180528,5.03,5.05,4.8,4.95,5.05,-0.1,-1.98,28451.91,14127.557
798,600173.SH,20180525,5.11,5.11,5.03,5.05,5.11,-0.06,-1.17,25722.92,13017.072
799,600173.SH,20180524,5.15,5.17,5.11,5.11,5.15,-0.04,-0.78,26446.05,13557.623
800,600173.SH,20180523,5.14,5.21,5.11,5.15,5.14,0.01,0.19,36824.94,18984.137
801,600173.SH,20180522,5.14,5.15,5.11,5.14,5.14,0.0,0.0,23608.05,12107.394
802,600173.SH,20180521,5.13,5.16,5.1,5.14,5.09,0.05,0.98,31978.91,16411.197
803,600173.SH,20180518,5.07,5.11,5.05,5.09,5.11,-0.02,-0.39,30304.28,15400.689
804,600173.SH,20180517,5.16,5.17,5.07,5.11,5.16,-0.05,-0.97,36573.09,18662.131
805,600173.SH,20180516,5.11,5.2,5.08,5.16,5.12,0.04,0.78,44467.69,22951.965
806,600173.SH,20180515,5.15,5.16,5.06,5.12,5.15,-0.03,-0.58,26387.89,13442.319
807,600173.SH,20180514,5.14,5.18,5.09,5.15,5.14,0.01,0.19,37168.0,19089.136
808,600173.SH,20180511,5.18,5.2,5.13,5.14,5.17,-0.03,-0.58,29939.83,15468.725
809,600173.SH,20180510,5.21,5.23,5.11,5.17,5.21,-0.04,-0.77,55646.75,28687.894
810,600173.SH,20180509,5.22,5.22,5.15,5.21,5.22,-0.01,-0.19,36971.68,19189.153
811,600173.SH,20180508,5.2,5.34,5.15,5.22,5.18,0.04,0.77,72272.49,37742.672
812,600173.SH,20180507,5.16,5.24,5.15,5.18,5.18,0.0,0.0,44750.27,23232.021
813,600173.SH,20180504,5.16,5.24,5.13,5.18,5.18,0.0,0.0,50997.87,26464.802
814,600173.SH,20180503,5.0,5.19,4.97,5.18,5.02,0.16,3.19,79170.15,40663.169
815,600173.SH,20180502,4.92,5.06,4.91,5.02,4.94,0.08,1.62,61120.0,30698.515
816,600173.SH,20180427,4.9,5.05,4.9,4.94,4.81,0.13,2.7,58500.51,28988.806
817,600173.SH,20180426,4.92,4.92,4.81,4.81,4.92,-0.11,-2.24,30895.99,14995.719
818,600173.SH,20180425,4.91,4.93,4.86,4.92,4.91,0.01,0.2,25119.01,12287.283
819,600173.SH,20180424,4.85,4.95,4.81,4.91,4.87,0.04,0.82,46285.03,22740.448
820,600173.SH,20180423,4.81,5.1,4.78,4.87,4.81,0.06,1.25,55061.12,26935.695
821,600173.SH,20180420,4.99,5.0,4.81,4.81,4.99,-0.18,-3.61,44265.52,21660.248
822,600173.SH,20180419,4.95,5.06,4.91,4.99,4.96,0.03,0.6,39754.4,19875.465
823,600173.SH,20180418,4.95,4.98,4.86,4.96,4.92,0.04,0.81,47385.4,23339.221
824,600173.SH,20180417,4.96,5.0,4.83,4.92,4.96,-0.04,-0.81,43812.64,21551.92
825,600173.SH,20180416,4.99,5.06,4.91,4.96,5.05,-0.09,-1.78,46961.0,23429.874
826,600173.SH,20180413,5.19,5.19,5.01,5.05,5.16,-0.11,-2.13,52784.94,26903.99
827,600173.SH,20180412,5.16,5.21,5.1,5.16,5.16,0.0,0.0,38966.65,20084.606
828,600173.SH,20180411,5.17,5.22,5.14,5.16,5.17,-0.01,-0.19,47015.34,24343.369
829,600173.SH,20180410,5.09,5.17,5.07,5.17,5.1,0.07,1.37,40620.94,20806.512
830,600173.SH,20180409,5.08,5.13,5.01,5.1,5.08,0.02,0.39,36609.95,18621.42
831,600173.SH,20180404,5.1,5.19,5.07,5.08,5.11,-0.03,-0.59,37387.08,19182.921
832,600173.SH,20180403,5.07,5.14,5.0,5.11,5.14,-0.03,-0.58,58039.43,29418.33
833,600173.SH,20180402,5.09,5.17,5.09,5.14,5.12,0.02,0.39,42937.81,22074.754
834,600173.SH,20180330,5.08,5.16,5.08,5.12,5.12,0.0,0.0,54997.97,28141.787
835,600173.SH,20180329,5.0,5.15,4.96,5.12,4.99,0.13,2.61,79690.15,40493.854
836,600173.SH,20180328,4.97,5.15,4.94,4.99,5.01,-0.02,-0.4,37369.06,18806.106
837,600173.SH,20180327,4.93,5.03,4.91,5.01,4.89,0.12,2.45,53037.36,26420.286
838,600173.SH,20180326,4.8,4.9,4.76,4.89,4.88,0.01,0.2,41259.84,19966.707
839,600173.SH,20180323,5.1,5.13,4.81,4.88,5.23,-0.35,-6.69,77284.43,38502.011
840,600173.SH,20180322,5.19,5.26,5.16,5.23,5.21,0.02,0.38,40870.23,21303.374
841,600173.SH,20180321,5.22,5.32,5.19,5.21,5.22,-0.01,-0.19,52677.38,27733.668
842,600173.SH,20180320,5.2,5.22,5.14,5.22,5.25,-0.03,-0.57,40887.38,21197.73
843,600173.SH,20180319,5.3,5.32,5.22,5.25,5.3,-0.05,-0.94,47534.31,25027.118
844,600173.SH,20180316,5.32,5.39,5.29,5.3,5.33,-0.03,-0.56,35668.99,19054.512
845,600173.SH,20180315,5.37,5.39,5.28,5.33,5.39,-0.06,-1.11,45167.0,24123.875
846,600173.SH,20180314,5.53,5.53,5.38,5.39,5.51,-0.12,-2.18,60729.11,32949.472
847,600173.SH,20180313,5.56,5.56,5.46,5.51,5.54,-0.03,-0.54,54020.26,29742.728
848,600173.SH,20180312,5.45,5.56,5.43,5.54,5.44,0.1,1.84,87156.45,47927.697
849,600173.SH,20180309,5.4,5.49,5.38,5.44,5.4,0.04,0.74,61453.43,33415.381
850,600173.SH,20180308,5.31,5.41,5.31,5.4,5.33,0.07,1.31,54297.08,29206.865
851,600173.SH,20180307,5.41,5.43,5.32,5.33,5.42,-0.09,-1.66,51526.96,27666.398
852,600173.SH,20180306,5.33,5.45,5.3,5.42,5.33,0.09,1.69,68143.26,36600.991
853,600173.SH,20180305,5.33,5.38,5.27,5.33,5.32,0.01,0.19,42110.35,22452.251
854,600173.SH,20180302,5.38,5.44,5.31,5.32,5.43,-0.11,-2.03,63805.25,34252.759
855,600173.SH,20180301,5.42,5.48,5.38,5.43,5.44,-0.01,-0.18,59751.35,32480.64
856,600173.SH,20180228,5.37,5.54,5.33,5.44,5.42,0.02,0.37,63579.76,34556.092
857,600173.SH,20180227,5.41,5.47,5.35,5.42,5.43,-0.01,-0.18,56876.76,30854.572
858,600173.SH,20180226,5.33,5.46,5.23,5.43,5.35,0.08,1.5,77125.63,41371.481
859,600173.SH,20180223,5.39,5.46,5.32,5.35,5.38,-0.03,-0.56,46668.75,25092.746
860,600173.SH,20180222,5.32,5.5,5.32,5.38,5.29,0.09,1.7,47084.93,25391.123
861,600173.SH,20180214,5.21,5.3,5.16,5.29,5.22,0.07,1.34,35676.79,18614.816
862,600173.SH,20180213,5.19,5.35,5.17,5.22,5.17,0.05,0.97,59217.39,31176.018
863,600173.SH,20180212,5.11,5.18,5.05,5.17,5.08,0.09,1.77,50185.14,25781.922
864,600173.SH,20180209,5.08,5.17,5.0,5.08,5.25,-0.17,-3.24,75210.17,38196.578
865,600173.SH,20180208,5.18,5.32,5.18,5.25,5.2,0.05,0.96,47297.68,24857.257
866,600173.SH,20180207,5.48,5.49,5.07,5.2,5.37,-0.17,-3.17,113530.05,59805.89
867,600173.SH,20180206,5.7,5.74,5.35,5.37,5.83,-0.46,-7.89,136647.07,75516.345
868,600173.SH,20180205,5.86,5.92,5.76,5.83,5.95,-0.12,-2.02,88975.99,51980.969
869,600173.SH,20180202,5.85,6.03,5.75,5.95,6.09,-0.14,-2.3,113519.38,67213.676
870,600173.SH,20180201,6.5,6.58,6.0,6.09,6.55,-0.46,-7.02,189331.69,118780.845
871,600173.SH,20180131,6.55,6.72,6.35,6.55,6.59,-0.04,-0.61,182955.78,119817.002
872,600173.SH,20180130,6.64,6.83,6.54,6.59,6.69,-0.1,-1.49,194572.96,129840.232
873,600173.SH,20180129,6.49,6.96,6.47,6.69,6.55,0.14,2.14,250550.68,168067.147
874,600173.SH,20180126,6.35,6.57,6.29,6.55,6.41,0.14,2.18,191686.55,123628.844
875,600173.SH,20180125,6.39,6.66,6.36,6.41,6.3,0.11,1.75,212157.78,137295.01
876,600173.SH,20180124,6.34,6.44,6.23,6.3,6.37,-0.07,-1.1,136103.86,85851.681
877,600173.SH,20180123,6.32,6.45,6.31,6.37,6.33,0.04,0.63,134158.55,85716.227
878,600173.SH,20180122,6.29,6.37,6.28,6.33,6.3,0.03,0.48,71190.2,44995.644
879,600173.SH,20180119,6.43,6.5,6.29,6.3,6.37,-0.07,-1.1,136980.75,87406.631
880,600173.SH,20180118,6.33,6.43,6.28,6.37,6.37,0.0,0.0,108734.37,69037.423
881,600173.SH,20180117,6.6,6.62,6.29,6.37,6.68,-0.31,-4.64,212884.86,136732.815
882,600173.SH,20180116,6.33,6.74,6.28,6.68,6.43,0.25,3.89,281277.72,182723.68
883,600173.SH,20180115,6.59,6.7,6.4,6.43,6.86,-0.43,-6.27,351731.65,230228.932
884,600173.SH,20180112,6.2,6.95,6.19,6.86,6.32,0.54,8.54,508992.12,347599.319
885,600173.SH,20180111,6.39,6.48,6.24,6.32,6.51,-0.19,-2.92,169833.46,107468.343
886,600173.SH,20180110,6.65,6.74,6.38,6.51,6.75,-0.24,-3.56,189603.62,123537.104
887,600173.SH,20180109,6.27,6.85,6.23,6.75,6.33,0.42,6.64,290969.15,193283.048
888,600173.SH,20180108,6.15,6.43,6.15,6.33,6.2,0.13,2.1,156703.77,98922.433
889,600173.SH,20180105,5.94,6.51,5.93,6.2,5.96,0.24,4.03,157079.63,98185.237
890,600173.SH,20180104,5.94,5.99,5.92,5.96,5.97,-0.01,-0.17,30560.6,18196.947
891,600173.SH,20180103,5.9,6.04,5.88,5.97,5.95,0.02,0.34,61959.08,37030.549
892,600173.SH,20180102,5.8,6.05,5.8,5.95,5.8,0.15,2.59,61447.32,36616.837
893,600173.SH,20171229,5.75,5.8,5.73,5.8,5.74,0.06,1.05,19599.67,11307.785
894,600173.SH,20171228,5.78,5.83,5.73,5.74,5.78,-0.04,-0.69,25228.01,14574.585
895,600173.SH,20171227,5.74,5.84,5.71,5.78,5.77,0.01,0.17,23340.28,13442.187
896,600173.SH,20171226,5.81,5.82,5.71,5.77,5.81,-0.04,-0.69,23569.74,13562.147
897,600173.SH,20171225,5.79,5.88,5.77,5.81,5.83,-0.02,-0.34,17531.41,10188.035
898,600173.SH,20171222,5.84,5.92,5.8,5.83,5.87,-0.04,-0.68,17145.08,10029.635
899,600173.SH,20171221,5.82,5.93,5.82,5.87,5.88,-0.01,-0.17,17568.89,10342.665
900,600173.SH,20171220,5.96,5.97,5.85,5.88,5.98,-0.1,-1.67,22049.0,13004.067
901,600173.SH,20171219,5.92,6.0,5.9,5.98,5.95,0.03,0.5,18960.26,11306.189
902,600173.SH,20171218,5.89,5.96,5.89,5.95,5.93,0.02,0.34,20732.08,12300.02
903,600173.SH,20171215,6.0,6.02,5.9,5.93,6.0,-0.07,-1.17,23711.1,14102.973
904,600173.SH,20171214,6.01,6.05,5.96,6.0,6.04,-0.04,-0.66,21004.71,12586.861
905,600173.SH,20171213,6.08,6.08,5.95,6.04,6.01,0.03,0.5,30626.59,18451.319
906,600173.SH,20171212,5.98,6.1,5.94,6.01,6.02,-0.01,-0.17,36839.89,22194.849
907,600173.SH,20171211,6.0,6.03,5.95,6.02,5.97,0.05,0.84,24550.73,14712.742
908,600173.SH,20171208,5.9,6.02,5.9,5.97,5.91,0.06,1.02,22881.19,13658.126
909,600173.SH,20171207,5.92,6.04,5.9,5.91,5.97,-0.06,-1.01,27042.97,16153.092
910,600173.SH,20171206,5.81,5.99,5.76,5.97,5.86,0.11,1.88,37882.24,22287.001
911,600173.SH,20171205,6.02,6.05,5.85,5.86,6.04,-0.18,-2.98,38301.89,22755.778
912,600173.SH,20171204,6.01,6.07,5.98,6.04,6.07,-0.03,-0.49,47635.18,28689.552
913,600173.SH,20171201,5.85,6.13,5.82,6.07,5.83,0.24,4.12,108505.35,65302.985
914,600173.SH,20171130,5.86,5.87,5.78,5.83,5.89,-0.06,-1.02,44690.52,26005.421
915,600173.SH,20171129,5.82,5.92,5.71,5.89,5.81,0.08,1.38,48262.9,28019.624
916,600173.SH,20171128,5.74,5.84,5.73,5.81,5.75,0.06,1.04,27316.71,15849.634
917,600173.SH,20171127,5.79,5.84,5.71,5.75,5.82,-0.07,-1.2,34076.8,19639.296
918,600173.SH,20171124,5.8,5.88,5.75,5.82,5.82,0.0,0.0,26372.39,15320.25
919,600173.SH,20171123,5.91,5.97,5.8,5.82,5.91,-0.09,-1.52,40016.68,23488.897
920,600173.SH,20171122,6.0,6.08,5.87,5.91,6.02,-0.11,-1.83,39784.24,23791.728
921,600173.SH,20171121,5.91,6.13,5.91,6.02,5.95,0.07,1.18,44947.09,27141.105
922,600173.SH,20171120,5.97,5.99,5.76,5.95,5.99,-0.04,-0.67,47676.78,27871.926
923,600173.SH,20171117,6.14,6.16,5.97,5.99,6.15,-0.16,-2.6,65583.03,39605.526
924,600173.SH,20171116,6.15,6.23,6.09,6.15,6.14,0.01,0.16,51362.58,31753.708
925,600173.SH,20171115,6.08,6.18,6.06,6.14,6.08,0.06,0.99,64293.0,39494.369
926,600173.SH,20171114,6.07,6.15,5.99,6.08,6.07,0.01,0.16,74273.3,44986.085
927,600173.SH,20171113,6.16,6.18,6.05,6.07,6.18,-0.11,-1.78,62807.11,38323.718
928,600173.SH,20171110,6.17,6.19,6.12,6.18,6.18,0.0,0.0,43455.58,26736.549
929,600173.SH,20171109,6.22,6.25,6.12,6.18,6.22,-0.04,-0.64,50465.46,31176.495
930,600173.SH,20171108,6.21,6.26,6.14,6.22,6.19,0.03,0.48,51071.35,31686.196
931,600173.SH,20171107,6.24,6.26,6.16,6.19,6.22,-0.03,-0.48,42127.11,26076.012
932,600173.SH,20171106,6.27,6.27,6.13,6.22,6.25,-0.03,-0.48,49899.0,30863.477
933,600173.SH,20171103,6.32,6.38,6.21,6.25,6.37,-0.12,-1.88,41061.2,25781.645
934,600173.SH,20171102,6.33,6.38,6.23,6.37,6.32,0.05,0.79,48216.62,30427.286
935,600173.SH,20171101,6.31,6.44,6.26,6.32,6.29,0.03,0.48,59284.81,37702.425
936,600173.SH,20171031,6.25,6.38,6.22,6.29,6.23,0.06,0.96,46197.59,29022.039
937,600173.SH,20171030,6.48,6.5,6.13,6.23,6.46,-0.23,-3.56,79070.29,49545.57
938,600173.SH,20171027,6.46,6.56,6.41,6.46,6.44,0.02,0.31,49061.33,31798.709
939,600173.SH,20171026,6.42,6.54,6.31,6.44,6.44,0.0,0.0,47927.01,30683.873
940,600173.SH,20171025,6.46,6.48,6.38,6.44,6.47,-0.03,-0.46,40008.6,25714.162
941,600173.SH,20171024,6.37,6.61,6.35,6.47,6.39,0.08,1.25,72182.73,46880.182
942,600173.SH,20171023,6.3,6.42,6.26,6.39,6.32,0.07,1.11,42757.47,27156.499
943,600173.SH,20171020,6.15,6.34,6.14,6.32,6.17,0.15,2.43,42827.0,26843.967
944,600173.SH,20171019,6.3,6.32,6.11,6.17,6.29,-0.12,-1.91,52471.91,32561.211
945,600173.SH,20171018,6.48,6.5,6.26,6.29,6.48,-0.19,-2.93,61360.0,39152.049
946,600173.SH,20171017,6.53,6.57,6.46,6.48,6.53,-0.05,-0.77,38793.8,25210.784
947,600173.SH,20171016,6.68,6.68,6.53,6.53,6.68,-0.15,-2.25,43848.6,28919.279
948,600173.SH,20171013,6.66,6.69,6.62,6.68,6.65,0.03,0.45,38380.05,25551.016
949,600173.SH,20171012,6.71,6.71,6.61,6.65,6.7,-0.05,-0.75,52827.13,35117.182
950,600173.SH,20171011,6.73,6.74,6.66,6.7,6.73,-0.03,-0.45,49775.54,33349.486
951,600173.SH,20171010,6.68,6.74,6.63,6.73,6.69,0.04,0.6,61917.28,41339.48
952,600173.SH,20171009,6.73,6.81,6.68,6.69,6.66,0.03,0.45,73593.8,49518.155
953,600173.SH,20170929,6.65,6.75,6.59,6.66,6.52,0.14,2.15,98847.45,65848.242
954,600173.SH,20170928,6.74,6.74,6.5,6.52,6.74,-0.22,-3.26,115658.77,76178.751
955,600173.SH,20170927,6.72,6.84,6.64,6.74,6.72,0.02,0.3,84907.29,57161.984
956,600173.SH,20170926,6.67,6.79,6.62,6.72,6.73,-0.01,-0.15,77678.49,52050.546
957,600173.SH,20170925,7.0,7.0,6.58,6.73,7.08,-0.35,-4.94,169927.31,115297.255
958,600173.SH,20170922,7.15,7.25,7.04,7.08,7.18,-0.1,-1.39,103195.08,73454.198
959,600173.SH,20170921,7.43,7.48,7.12,7.18,7.53,-0.35,-4.65,189489.27,137991.486
960,600173.SH,20170920,7.37,7.56,7.26,7.53,7.48,0.05,0.67,261519.81,193180.993
961,600173.SH,20170919,7.04,7.65,6.93,7.48,7.05,0.43,6.1,423498.97,311968.706
962,600173.SH,20170918,7.0,7.07,6.85,7.05,7.1,-0.05,-0.7,180133.79,125452.897
963,600173.SH,20170915,6.61,7.25,6.57,7.1,6.61,0.49,7.41,361321.5,253592.236
964,600173.SH,20170914,6.54,6.64,6.49,6.61,6.53,0.08,1.23,78704.99,51834.723
965,600173.SH,20170913,6.52,6.58,6.5,6.53,6.53,0.0,0.0,40466.6,26421.623
966,600173.SH,20170912,6.63,6.63,6.52,6.53,6.63,-0.1,-1.51,75655.0,49785.831
967,600173.SH,20170911,6.62,6.67,6.6,6.63,6.63,0.0,0.0,53200.25,35279.965
968,600173.SH,20170908,6.67,6.69,6.6,6.63,6.67,-0.04,-0.6,55170.71,36653.973
969,600173.SH,20170907,6.65,6.78,6.6,6.67,6.63,0.04,0.6,109691.02,73598.236
970,600173.SH,20170906,6.63,6.68,6.59,6.63,6.67,-0.04,-0.6,60586.45,40107.703
971,600173.SH,20170905,6.7,6.72,6.64,6.67,6.72,-0.05,-0.74,58748.03,39204.047
972,600173.SH,20170904,6.72,6.76,6.65,6.72,6.71,0.01,0.15,71612.26,48026.658
973,600173.SH,20170901,6.65,6.74,6.61,6.71,6.66,0.05,0.75,71018.2,47429.284
974,600173.SH,20170831,6.66,6.74,6.64,6.66,6.63,0.03,0.45,56594.18,37767.393
975,600173.SH,20170830,6.65,6.7,6.62,6.63,6.65,-0.02,-0.3,48054.32,31950.009
976,600173.SH,20170829,6.71,6.72,6.65,6.65,6.71,-0.06,-0.89,59736.15,39864.825
977,600173.SH,20170828,6.7,6.78,6.68,6.71,6.73,-0.02,-0.3,78608.02,52925.283
978,600173.SH,20170825,6.64,6.78,6.62,6.73,6.64,0.09,1.36,58655.45,39429.328
979,600173.SH,20170824,6.73,6.74,6.64,6.64,6.73,-0.09,-1.34,41509.94,27737.953
980,600173.SH,20170823,6.76,6.81,6.68,6.73,6.77,-0.04,-0.59,61575.64,41441.059
981,600173.SH,20170822,6.85,6.88,6.75,6.77,6.84,-0.07,-1.02,55539.01,37891.293
982,600173.SH,20170821,6.96,6.97,6.82,6.84,6.9,-0.06,-0.87,78262.85,53785.18
983,600173.SH,20170818,6.83,6.93,6.81,6.9,6.87,0.03,0.44,81176.27,55811.328
984,600173.SH,20170817,6.82,6.94,6.82,6.87,6.86,0.01,0.15,59998.94,41190.486
985,600173.SH,20170816,6.89,6.89,6.8,6.86,6.87,-0.01,-0.15,45761.58,31334.605
986,600173.SH,20170815,6.84,6.95,6.74,6.87,6.87,0.0,0.0,72760.77,49722.689
987,600173.SH,20170814,6.71,6.92,6.71,6.87,6.69,0.18,2.69,66705.14,45497.228
988,600173.SH,20170811,6.89,6.89,6.65,6.69,6.93,-0.24,-3.46,95581.76,64474.549
989,600173.SH,20170810,7.01,7.07,6.81,6.93,7.04,-0.11,-1.56,98624.13,68485.688
990,600173.SH,20170809,7.16,7.2,7.01,7.04,7.16,-0.12,-1.68,103602.28,73307.576
991,600173.SH,20170808,6.83,7.24,6.8,7.16,6.81,0.35,5.14,211005.55,149785.467
992,600173.SH,20170807,6.72,6.84,6.68,6.81,6.76,0.05,0.74,66670.86,45070.952
993,600173.SH,20170804,6.93,6.94,6.74,6.76,6.93,-0.17,-2.45,135189.45,92299.879
994,600173.SH,20170803,6.89,6.99,6.79,6.93,6.9,0.03,0.43,127321.48,87770.389
995,600173.SH,20170802,6.85,6.97,6.76,6.9,6.82,0.08,1.17,137194.99,94212.463
996,600173.SH,20170801,6.81,6.94,6.72,6.82,6.86,-0.04,-0.58,121069.68,82477.037
997,600173.SH,20170731,6.79,7.04,6.74,6.86,6.83,0.03,0.44,168273.4,115608.107
998,600173.SH,20170728,6.53,7.1,6.42,6.83,6.53,0.3,4.59,295593.47,201702.135
999,600173.SH,20170727,6.29,6.56,6.29,6.53,6.27,0.26,4.15,174138.97,112854.987
1000,600173.SH,20170726,6.38,6.39,6.24,6.27,6.39,-0.12,-1.88,65243.12,41112.832
1001,600173.SH,20170725,6.36,6.48,6.32,6.39,6.44,-0.05,-0.78,76723.88,48904.406
1002,600173.SH,20170724,6.3,6.58,6.26,6.44,6.4,0.04,0.63,149633.1,96078.908
1003,600173.SH,20170721,6.48,6.58,6.32,6.4,6.5,-0.1,-1.54,191650.25,123234.952
1004,600173.SH,20170720,5.89,6.5,5.89,6.5,5.91,0.59,9.98,167597.6,105648.987
1005,600173.SH,20170719,5.85,5.94,5.81,5.91,5.85,0.06,1.03,73137.73,43160.633
1006,600173.SH,20170718,5.8,5.88,5.73,5.85,5.85,0.0,0.0,61050.04,35523.33
1007,600173.SH,20170717,6.25,6.26,5.8,5.85,6.23,-0.38,-6.1,131925.58,78538.495
1008,600173.SH,20170714,6.35,6.38,6.22,6.23,6.34,-0.11,-1.74,61292.19,38404.164
1009,600173.SH,20170713,6.23,6.35,6.19,6.34,6.26,0.08,1.28,86232.58,54158.536
1010,600173.SH,20170712,6.38,6.39,6.11,6.26,6.38,-0.12,-1.88,118826.89,74298.635
1011,600173.SH,20170711,6.46,6.49,6.33,6.38,6.48,-0.1,-1.54,115993.93,74200.08
1012,600173.SH,20170710,6.56,6.6,6.46,6.48,6.56,-0.08,-1.22,94633.25,61783.558
1013,600173.SH,20170707,6.59,6.61,6.52,6.56,6.6,-0.04,-0.61,90343.1,59278.772
1014,600173.SH,20170706,6.65,6.67,6.57,6.6,6.64,-0.04,-0.6,79787.52,52769.688
1015,600173.SH,20170705,6.61,6.65,6.55,6.64,6.63,0.01,0.15,77219.34,51011.95
1016,600173.SH,20170704,6.72,6.75,6.62,6.63,6.71,-0.08,-1.19,83771.01,55853.345
1017,600173.SH,20170703,6.68,6.73,6.62,6.71,6.65,0.06,0.9,92666.17,61752.526
1018,600173.SH,20170630,6.64,6.69,6.59,6.65,6.65,0.0,0.0,81427.12,54021.039
1019,600173.SH,20170629,6.72,6.75,6.62,6.65,6.69,-0.04,-0.6,112906.3,75315.513
1020,600173.SH,20170628,6.81,6.84,6.66,6.69,6.81,-0.12,-1.76,105664.91,70975.877
1021,600173.SH,20170627,6.78,6.92,6.78,6.81,6.81,0.0,0.0,108753.69,74272.787
1022,600173.SH,20170626,6.77,6.84,6.65,6.81,6.76,0.05,0.74,114963.63,77976.364
1023,600173.SH,20170623,6.75,6.84,6.62,6.76,6.73,0.03,0.45,146071.1,98506.157
1024,600173.SH,20170622,7.08,7.1,6.72,6.73,7.07,-0.34,-4.81,222905.89,153608.896
1025,600173.SH,20170621,7.15,7.19,7.01,7.07,7.15,-0.08,-1.12,147527.51,104496.619
1026,600173.SH,20170620,7.17,7.28,7.06,7.15,7.13,0.02,0.28,173470.97,124071.336
1027,600173.SH,20170619,7.04,7.19,7.04,7.13,7.17,-0.04,-0.56,156388.45,111204.724
1028,600173.SH,20170616,7.2,7.48,7.15,7.17,7.14,0.03,0.42,228351.73,166435.422
1029,600173.SH,20170615,7.11,7.3,7.05,7.14,7.2,-0.06,-0.83,232831.29,166630.138
1030,600173.SH,20170614,7.4,7.42,7.12,7.2,7.49,-0.29,-3.87,278773.88,202033.499
1031,600173.SH,20170613,7.31,7.62,7.11,7.49,7.45,0.04,0.54,350749.33,258514.166
1032,600173.SH,20170612,7.4,7.95,7.34,7.45,7.27,0.18,2.48,556646.13,422490.783
1033,600173.SH,20170609,6.8,7.27,6.71,7.27,6.61,0.66,9.98,456245.59,320118.082
1034,600173.SH,20170602,6.41,6.67,6.35,6.61,6.75,-0.14,-2.07,368883.77,240657.522
1035,600173.SH,20170601,6.75,7.06,6.75,6.75,7.5,-0.75,-10.0,738149.47,502573.852
1036,600173.SH,20170531,7.5,7.5,7.5,7.5,8.33,-0.83,-9.96,17503.0,13127.25
1037,600173.SH,20170526,8.33,8.33,8.33,8.33,9.26,-0.93,-10.04,6531.0,5440.323
1038,600173.SH,20170525,9.26,9.26,9.26,9.26,10.29,-1.03,-10.01,708.0,655.608
1039,600173.SH,20170524,10.29,10.29,10.29,10.29,11.43,-1.14,-9.97,549.0,564.921
1040,600173.SH,20161221,11.39,11.63,11.25,11.48,11.46,0.02,0.17,144154.56,164602.332
1041,600173.SH,20161220,11.69,11.94,11.33,11.46,11.68,-0.22,-1.88,219885.01,256653.757
1042,600173.SH,20161219,11.04,11.71,10.92,11.68,10.94,0.74,6.76,237125.04,269643.19
1043,600173.SH,20161216,11.05,11.31,10.82,10.94,10.92,0.02,0.18,148372.82,163941.774
1044,600173.SH,20161215,10.8,11.3,10.77,10.92,11.06,-0.14,-1.27,229357.67,253416.283
1045,600173.SH,20161214,10.72,11.55,10.72,11.06,10.83,0.23,2.12,365078.18,406540.301
1046,600173.SH,20161213,10.07,10.92,9.7,10.83,9.93,0.9,9.06,380890.61,389707.065
1047,600173.SH,20161212,9.96,10.4,9.68,9.93,9.87,0.06,0.61,498786.29,502799.142
1048,600173.SH,20161209,9.08,9.87,9.08,9.87,8.97,0.9,10.03,419236.3,404711.57
1049,600173.SH,20161208,9.05,9.05,8.88,8.97,9.05,-0.08,-0.88,99261.06,88919.36
1050,600173.SH,20161207,9.07,9.2,8.92,9.05,8.94,0.11,1.23,239017.64,216249.628
1051,600173.SH,20161206,8.6,8.97,8.6,8.94,8.58,0.36,4.2,189344.23,167107.762
1052,600173.SH,20161205,8.35,8.73,8.24,8.58,8.34,0.24,2.88,156554.36,133664.321
1053,600173.SH,20161202,8.28,8.46,8.25,8.34,8.29,0.05,0.6,84455.87,70360.423
1054,600173.SH,20161201,8.06,8.42,8.04,8.29,8.05,0.24,2.98,119634.41,99128.321
1055,600173.SH,20161130,7.9,8.09,7.9,8.05,7.94,0.11,1.39,93798.57,75344.677
1056,600173.SH,20161129,8.11,8.17,7.89,7.94,8.2,-0.26,-3.17,155262.58,124672.389
1057,600173.SH,20161128,8.55,8.55,7.91,8.2,8.55,-0.35,-4.09,312044.51,256669.99
1058,600173.SH,20161115,8.37,8.61,8.27,8.55,8.38,0.17,2.03,70764.85,59700.425
1059,600173.SH,20161114,8.25,8.61,8.14,8.38,8.25,0.13,1.58,163899.6,137280.03
1060,600173.SH,20161111,8.32,8.34,8.19,8.25,8.32,-0.07,-0.84,81094.36,66984.912
1061,600173.SH,20161110,8.3,8.45,8.28,8.32,8.27,0.05,0.6,64801.33,54053.059
1062,600173.SH,20161109,8.35,8.42,8.11,8.27,8.35,-0.08,-0.96,87632.73,72560.937
1063,600173.SH,20161108,8.39,8.43,8.24,8.35,8.36,-0.01,-0.12,83087.39,69232.924
1064,600173.SH,20161107,8.56,8.69,8.29,8.36,8.57,-0.21,-2.45,100575.12,84652.228
1065,600173.SH,20161104,8.56,8.68,8.46,8.57,8.55,0.02,0.23,92361.03,79035.726
1066,600173.SH,20161103,8.6,8.68,8.49,8.55,8.7,-0.15,-1.72,114737.37,98325.445
1067,600173.SH,20161102,8.76,8.79,8.51,8.7,8.81,-0.11,-1.25,75762.6,65768.767
1068,600173.SH,20161101,8.75,8.91,8.65,8.81,8.72,0.09,1.03,73932.32,64910.422
1069,600173.SH,20161031,8.89,8.89,8.54,8.72,8.92,-0.2,-2.24,120546.05,104846.081
1070,600173.SH,20161028,8.98,9.1,8.88,8.92,8.98,-0.06,-0.67,77745.07,69702.561
1071,600173.SH,20161027,9.0,9.0,8.9,8.98,8.99,-0.01,-0.11,67532.15,60480.323
1072,600173.SH,20161026,8.88,9.08,8.86,8.99,8.9,0.09,1.01,107790.13,96648.007
1073,600173.SH,20161025,8.83,8.97,8.79,8.9,8.88,0.02,0.23,111030.65,98446.493
1074,600173.SH,20161024,8.8,8.96,8.77,8.88,8.82,0.06,0.68,128167.01,113663.772
1075,600173.SH,20161021,8.99,9.02,8.66,8.82,9.02,-0.2,-2.22,164521.47,145283.985
1076,600173.SH,20161020,9.01,9.1,8.88,9.02,9.06,-0.04,-0.44,149033.7,133874.494
1077,600173.SH,20161019,8.98,9.27,8.89,9.06,8.98,0.08,0.89,248634.12,225501.08
1078,600173.SH,20161018,8.87,9.05,8.8,8.98,8.97,0.01,0.11,138423.22,123583.589
1079,600173.SH,20161017,8.94,9.13,8.83,8.97,8.96,0.01,0.11,192487.92,172931.256
1080,600173.SH,20161014,9.22,9.28,8.82,8.96,9.22,-0.26,-2.82,222416.16,199029.936
1081,600173.SH,20161013,9.23,9.45,9.15,9.22,9.3,-0.08,-0.86,238156.61,221270.34
1082,600173.SH,20161012,9.82,9.82,9.21,9.3,9.54,-0.24,-2.52,487410.29,458691.425
1083,600173.SH,20161011,8.48,9.54,8.45,9.54,8.67,0.87,10.03,515249.7,478483.411
1084,600173.SH,20161010,9.11,9.11,8.2,8.67,9.11,-0.44,-4.83,513463.88,439705.802
1085,600173.SH,20160930,9.11,9.11,9.11,9.11,8.28,0.83,10.02,45496.72,41447.512
1086,600173.SH,20160422,8.05,8.45,7.95,8.33,8.05,0.28,3.48,116395.0,95056.88
1087,600173.SH,20160421,8.05,8.23,7.92,8.05,7.99,0.06,0.75,117763.96,95366.205
1088,600173.SH,20160420,8.69,8.69,7.82,7.99,8.69,-0.7,-8.06,210285.73,172000.211
1089,600173.SH,20160419,8.48,8.77,8.4,8.69,8.43,0.26,3.08,143108.4,123094.026
1090,600173.SH,20160418,8.3,8.85,8.28,8.43,8.4,0.03,0.36,171960.63,146530.098
1091,600173.SH,20160415,8.35,8.51,8.21,8.4,8.37,0.03,0.36,97757.47,81425.136
1092,600173.SH,20160414,7.8,8.48,7.76,8.37,7.79,0.58,7.45,200078.26,163014.592
1093,600173.SH,20160413,7.67,7.88,7.6,7.79,7.67,0.12,1.56,109992.89,85461.324
1094,600173.SH,20160412,7.84,7.84,7.48,7.67,7.74,-0.07,-0.9,72724.69,55434.617
1095,600173.SH,20160411,7.73,7.84,7.7,7.74,7.62,0.12,1.57,68589.82,53302.364
1096,600173.SH,20160408,7.63,7.86,7.5,7.62,7.72,-0.1,-1.3,96591.24,74012.325
1097,600173.SH,20160407,7.89,8.0,7.67,7.72,7.89,-0.17,-2.15,132179.38,103577.829
1098,600173.SH,20160406,7.51,7.97,7.4,7.89,7.54,0.35,4.64,163306.65,125222.962
1099,600173.SH,20160405,7.48,7.57,7.25,7.54,7.46,0.08,1.07,138251.64,102586.456
1100,600173.SH,20160401,7.44,7.59,7.25,7.46,7.54,-0.08,-1.06,93397.14,69363.708
1101,600173.SH,20160331,7.29,7.67,7.2,7.54,7.25,0.29,4.0,180432.78,134923.872
1102,600173.SH,20160330,6.95,7.27,6.95,7.25,6.89,0.36,5.23,111021.75,79221.881
1103,600173.SH,20160329,6.83,7.0,6.79,6.89,6.83,0.06,0.88,98799.93,68031.241
1104,600173.SH,20160328,6.89,7.08,6.77,6.83,6.84,-0.01,-0.15,95322.31,66085.983
1105,600173.SH,20160325,6.77,6.87,6.7,6.84,6.76,0.08,1.18,59864.4,40696.052
1106,600173.SH,20160324,6.86,6.99,6.75,6.76,6.94,-0.18,-2.59,95662.89,65520.943
1107,600173.SH,20160323,6.83,7.01,6.81,6.94,6.82,0.12,1.76,97905.03,67812.334
1108,600173.SH,20160322,6.87,6.89,6.76,6.82,6.86,-0.04,-0.58,81687.23,55684.007
1109,600173.SH,20160321,6.8,7.05,6.78,6.86,6.77,0.09,1.33,138342.2,95429.627
1110,600173.SH,20160318,6.64,6.87,6.6,6.77,6.62,0.15,2.27,124181.86,83972.443
1111,600173.SH,20160317,6.48,6.68,6.43,6.62,6.48,0.14,2.16,99792.13,65514.171
1112,600173.SH,20160316,6.6,6.8,6.39,6.48,6.46,0.02,0.31,96563.2,63499.812
1113,600173.SH,20160315,6.36,6.59,6.34,6.46,6.4,0.06,0.94,87932.0,56710.734
1114,600173.SH,20160314,6.2,6.49,6.18,6.4,6.15,0.25,4.07,104153.24,66062.413
1115,600173.SH,20160311,6.1,6.3,6.03,6.15,6.13,0.02,0.33,43299.02,26635.859
1116,600173.SH,20160310,6.37,6.48,6.12,6.13,6.37,-0.24,-3.77,85780.63,53591.263
1117,600173.SH,20160309,6.45,6.65,6.31,6.37,6.58,-0.21,-3.19,78639.7,50561.969
1118,600173.SH,20160308,6.42,6.75,6.2,6.58,6.41,0.17,2.65,128741.89,82853.151
1119,600173.SH,20160307,6.39,6.47,6.28,6.41,6.18,0.23,3.72,133559.84,85140.076
1120,600173.SH,20160304,6.4,6.53,6.05,6.18,6.51,-0.33,-5.07,137950.21,87133.555
1121,600173.SH,20160303,6.55,6.85,6.45,6.51,6.57,-0.06,-0.91,174819.61,116921.603
1122,600173.SH,20160302,5.96,6.6,5.96,6.57,6.0,0.57,9.5,195577.64,123296.116
1123,600173.SH,20160301,5.9,6.12,5.87,6.0,5.86,0.14,2.39,114119.44,68632.474
1124,600173.SH,20160229,6.47,6.52,5.82,5.86,6.47,-0.61,-9.43,137076.21,82276.316
1125,600173.SH,20160226,6.64,6.75,6.28,6.47,6.56,-0.09,-1.37,77400.19,49874.767
1126,600173.SH,20160225,7.08,7.14,6.43,6.56,7.14,-0.58,-8.12,124173.11,83976.695
1127,600173.SH,20160224,6.99,7.24,6.93,7.14,6.97,0.17,2.44,80286.83,56895.125
1128,600173.SH,20160223,7.01,7.05,6.89,6.97,7.01,-0.04,-0.57,79152.92,55114.274
1129,600173.SH,20160222,6.9,7.14,6.83,7.01,6.76,0.25,3.7,123331.35,86396.012
1130,600173.SH,20160219,6.8,6.88,6.7,6.76,6.81,-0.05,-0.73,44636.61,30196.473
1131,600173.SH,20160218,6.91,7.09,6.75,6.81,6.86,-0.05,-0.73,114222.39,78941.181
1132,600173.SH,20160217,6.82,6.94,6.72,6.86,6.81,0.05,0.73,62508.77,42705.516
1133,600173.SH,20160216,6.54,6.85,6.54,6.81,6.49,0.32,4.93,68461.91,46319.069
1134,600173.SH,20160215,6.38,6.6,6.28,6.49,6.66,-0.17,-2.55,36439.32,23569.256
1135,600173.SH,20160205,6.58,6.84,6.58,6.66,6.64,0.02,0.3,52973.57,35385.41
1136,600173.SH,20160204,6.5,6.76,6.41,6.64,6.54,0.1,1.53,77492.45,51299.383
1137,600173.SH,20160203,6.49,6.68,6.4,6.54,6.48,0.06,0.93,80015.52,52521.47
1138,600173.SH,20160202,6.15,6.53,6.15,6.48,6.22,0.26,4.18,56867.79,36527.009
1139,600173.SH,20160201,6.37,6.44,6.0,6.22,6.39,-0.17,-2.66,60110.02,37444.462
1140,600173.SH,20160129,6.13,6.46,6.07,6.39,6.18,0.21,3.4,98313.74,61610.86
1141,600173.SH,20160128,6.44,6.55,6.0,6.18,6.51,-0.33,-5.07,81882.12,51751.368
1142,600173.SH,20160127,7.05,7.08,6.28,6.51,6.97,-0.46,-6.6,122561.3,80523.31
1143,600173.SH,20160126,7.25,7.49,6.87,6.97,7.36,-0.39,-5.3,109101.47,79066.027
1144,600173.SH,20160125,7.44,7.49,7.24,7.36,7.38,-0.02,-0.27,57036.74,41965.481
1145,600173.SH,20160122,7.15,7.5,7.01,7.38,7.38,0.0,0.0,71646.2,52183.692
1146,600173.SH,20160121,7.6,7.84,7.32,7.38,7.69,-0.31,-4.03,102130.02,77003.248
1147,600173.SH,20160120,7.66,7.93,7.61,7.69,7.75,-0.06,-0.77,90608.81,70077.197
1148,600173.SH,20160119,7.31,7.86,7.31,7.75,7.37,0.38,5.16,105465.66,80465.599
1149,600173.SH,20160118,6.9,7.45,6.81,7.37,7.17,0.2,2.79,82054.97,59338.39
1150,600173.SH,20160115,7.35,7.59,7.14,7.17,7.35,-0.18,-2.45,107124.78,79043.918
1151,600173.SH,20160114,6.98,7.45,6.85,7.35,7.23,0.12,1.66,91229.78,65649.186
1152,600173.SH,20160113,7.54,7.62,7.01,7.23,7.45,-0.22,-2.95,83023.31,61178.907
1153,600173.SH,20160112,7.35,7.71,7.09,7.45,7.43,0.02,0.27,122525.97,91059.646
1154,600173.SH,20160111,8.08,8.3,7.43,7.43,8.26,-0.83,-10.05,181984.3,140779.989
1155,600173.SH,20160108,8.13,8.55,7.57,8.26,8.06,0.2,2.48,200415.05,162963.802
1156,600173.SH,20160107,8.8,8.83,8.05,8.06,8.94,-0.88,-9.84,38746.52,32269.284
1157,600173.SH,20160106,8.69,8.98,8.47,8.94,8.66,0.28,3.23,135991.67,118540.399
1158,600173.SH,20160105,8.47,9.19,8.1,8.66,9.0,-0.34,-3.78,244116.05,208673.822
1159,600173.SH,20160104,9.95,10.1,9.0,9.0,10.0,-1.0,-10.0,169644.89,161750.916
1160,600173.SH,20151231,10.18,10.18,9.92,10.0,10.16,-0.16,-1.57,76462.92,76847.747
1161,600173.SH,20151230,10.02,10.2,9.89,10.16,10.12,0.04,0.4,149134.11,150091.342
1162,600173.SH,20151229,10.27,10.38,9.89,10.12,10.21,-0.09,-0.88,163358.53,164633.126
1163,600173.SH,20151228,10.5,10.78,10.2,10.21,10.68,-0.47,-4.4,243766.54,254106.737
1164,600173.SH,20151225,9.72,10.68,9.72,10.68,9.71,0.97,9.99,295886.9,303662.939
1165,600173.SH,20151224,9.83,9.86,9.5,9.71,9.81,-0.1,-1.02,113845.07,109899.973
1166,600173.SH,20151223,9.8,10.02,9.61,9.81,9.76,0.05,0.51,152865.81,149596.88
1167,600173.SH,20151222,9.92,10.04,9.51,9.76,9.89,-0.13,-1.31,161690.91,157095.556
1168,600173.SH,20151221,9.89,10.37,9.75,9.89,9.9,-0.01,-0.1,213552.07,215120.429
1169,600173.SH,20151218,9.81,10.2,9.6,9.9,9.88,0.02,0.2,166331.99,165086.786
1170,600173.SH,20151217,9.6,10.0,9.47,9.88,9.59,0.29,3.02,194255.72,190313.029
1171,600173.SH,20151216,9.15,9.85,9.15,9.59,9.18,0.41,4.47,178094.38,168967.325
1172,600173.SH,20151215,9.29,9.5,9.08,9.18,9.16,0.02,0.22,125576.73,116081.258
1173,600173.SH,20151214,8.9,9.49,8.79,9.16,9.08,0.08,0.88,115892.54,106257.139
1174,600173.SH,20151211,9.5,9.5,9.01,9.08,9.52,-0.44,-4.62,165177.69,152027.643
1175,600173.SH,20151210,9.6,10.18,9.44,9.52,9.71,-0.19,-1.96,221104.04,216762.745
1176,600173.SH,20151209,8.88,9.81,8.88,9.71,8.92,0.79,8.86,349249.15,333291.394
1177,600173.SH,20151208,8.95,9.28,8.9,8.92,9.11,-0.19,-2.09,217867.02,197499.141
1178,600173.SH,20151207,8.6,9.38,8.51,9.11,8.68,0.43,4.95,344623.44,305315.176
1179,600173.SH,20151204,7.81,8.68,7.8,8.68,7.89,0.79,10.01,329361.81,272682.619
1180,600173.SH,20151203,7.66,7.94,7.5,7.89,7.66,0.23,3.0,146118.93,113774.637
1181,600173.SH,20151202,7.61,7.99,7.29,7.66,7.71,-0.05,-0.65,189066.61,144537.686
1182,600173.SH,20151201,7.37,8.1,7.29,7.71,7.36,0.35,4.76,228662.6,177284.193
1183,600173.SH,20151130,7.43,7.55,6.79,7.36,7.42,-0.06,-0.81,137868.59,100011.723
1184,600173.SH,20151127,8.07,8.08,7.32,7.42,8.1,-0.68,-8.4,179182.06,139373.973
1185,600173.SH,20151126,8.25,8.35,7.95,8.1,8.23,-0.13,-1.58,148113.65,121184.306
1186,600173.SH,20151125,8.19,8.44,8.14,8.23,8.24,-0.01,-0.12,139216.79,115414.578
1187,600173.SH,20151124,8.06,8.26,7.96,8.24,7.99,0.25,3.13,173424.81,141461.038
1188,600173.SH,20151123,8.15,8.2,7.91,7.99,8.17,-0.18,-2.2,216880.6,173377.604
1189,600173.SH,20151120,8.25,8.7,8.09,8.17,8.26,-0.09,-1.09,179764.56,149551.133
1190,600173.SH,20151119,8.21,8.33,8.03,8.26,8.25,0.01,0.12,154500.99,126076.539
1191,600173.SH,20151118,8.07,8.58,7.85,8.25,8.09,0.16,1.98,284045.71,236354.703
1192,600173.SH,20151117,8.06,8.41,7.98,8.09,7.95,0.14,1.76,334456.48,272879.442
1193,600173.SH,20151116,7.12,7.99,7.05,7.95,7.3,0.65,8.9,216242.12,163222.721
1194,600173.SH,20151113,7.21,7.48,7.13,7.3,7.32,-0.02,-0.27,113887.36,83111.334
1195,600173.SH,20151112,7.42,7.6,7.2,7.32,7.52,-0.2,-2.66,199733.72,146262.518
1196,600173.SH,20151111,7.47,7.87,7.4,7.52,7.5,0.02,0.27,190727.98,144338.917
1197,600173.SH,20151110,6.97,7.52,6.9,7.5,7.07,0.43,6.08,265697.63,192410.572
1198,600173.SH,20151109,6.72,7.2,6.65,7.07,6.8,0.27,3.97,267509.93,187205.493
1199,600173.SH,20151106,6.6,6.88,6.55,6.8,6.59,0.21,3.19,216591.22,145677.762
1200,600173.SH,20151105,6.43,6.7,6.38,6.59,6.42,0.17,2.65,249847.39,163088.667
1201,600173.SH,20151104,6.17,6.44,6.17,6.42,6.15,0.27,4.39,202960.82,128087.475
1202,600173.SH,20151103,6.03,6.25,6.03,6.15,6.07,0.08,1.32,92642.18,56905.107
1203,600173.SH,20151102,6.13,6.24,6.0,6.07,6.27,-0.2,-3.19,131593.74,80374.355
1204,600173.SH,20151030,6.07,6.38,6.01,6.27,6.06,0.21,3.47,162400.59,101321.983
1205,600173.SH,20151029,6.01,6.14,5.93,6.06,5.96,0.1,1.68,120104.48,72788.386
1206,600173.SH,20151028,6.14,6.38,5.9,5.96,6.22,-0.26,-4.18,171266.62,105551.549
1207,600173.SH,20151027,6.25,6.33,5.96,6.22,6.29,-0.07,-1.11,141934.35,86992.85
1208,600173.SH,20151026,6.5,6.55,6.18,6.29,6.43,-0.14,-2.18,205450.66,130237.872
1209,600173.SH,20151023,6.21,6.54,6.1,6.43,6.19,0.24,3.88,282741.49,177855.555
1210,600173.SH,20151022,5.64,6.19,5.64,6.19,5.63,0.56,9.95,289000.47,173753.707
1211,600173.SH,20151021,5.92,6.16,5.51,5.63,5.89,-0.26,-4.41,241100.23,143046.068
1212,600173.SH,20151020,5.76,5.93,5.76,5.89,5.81,0.08,1.38,132077.71,77364.441
1213,600173.SH,20151019,6.03,6.08,5.61,5.81,6.03,-0.22,-3.65,163125.62,95662.688
1214,600173.SH,20151016,5.79,6.09,5.76,6.03,5.75,0.28,4.87,212731.16,125281.296
1215,600173.SH,20151015,5.59,5.77,5.53,5.75,5.59,0.16,2.86,114647.2,65242.342
1216,600173.SH,20151014,5.69,5.77,5.59,5.59,5.73,-0.14,-2.44,104376.07,59215.074
1217,600173.SH,20151013,5.73,5.8,5.62,5.73,5.74,-0.01,-0.17,145287.23,82862.9
1218,600173.SH,20151012,5.69,5.93,5.58,5.74,5.61,0.13,2.32,213595.45,123117.441
1219,600173.SH,20151009,5.1,5.61,5.06,5.61,5.1,0.51,10.0,279998.72,151721.316
1220,600173.SH,20151008,5.07,5.15,5.01,5.1,4.9,0.2,4.08,73280.08,37286.647
1221,600173.SH,20150930,4.9,4.92,4.85,4.9,4.83,0.07,1.45,26487.39,12959.424
1222,600173.SH,20150929,4.95,4.95,4.8,4.83,5.0,-0.17,-3.4,44298.2,21636.163
1223,600173.SH,20150928,4.95,5.01,4.87,5.0,4.93,0.07,1.42,46376.2,22959.287
1224,600173.SH,20150925,5.06,5.11,4.91,4.93,5.12,-0.19,-3.71,86532.19,43085.67
1225,600173.SH,20150924,4.99,5.15,4.99,5.12,4.97,0.15,3.02,92044.97,46712.039
1226,600173.SH,20150923,5.01,5.09,4.93,4.97,5.13,-0.16,-3.12,84820.51,42471.424
1227,600173.SH,20150922,5.1,5.2,5.05,5.13,5.07,0.06,1.18,106034.4,54219.105
1228,600173.SH,20150921,4.82,5.08,4.81,5.07,4.91,0.16,3.26,82544.15,41167.431
1229,600173.SH,20150918,4.91,5.0,4.83,4.91,4.9,0.01,0.2,72009.97,35333.393
1230,600173.SH,20150917,4.95,5.18,4.87,4.9,5.05,-0.15,-2.97,129476.06,65098.401
1231,600173.SH,20150916,4.71,5.1,4.61,5.05,4.64,0.41,8.84,116433.47,56233.432
1232,600173.SH,20150915,4.89,4.96,4.57,4.64,4.98,-0.34,-6.83,122007.59,58371.139
1233,600173.SH,20150914,5.58,5.58,4.98,4.98,5.53,-0.55,-9.95,150761.01,78602.406
1234,600173.SH,20150911,5.5,5.65,5.41,5.53,5.51,0.02,0.36,135581.67,74601.589
1235,600173.SH,20150910,5.5,5.79,5.41,5.51,5.58,-0.07,-1.25,162748.56,91409.456
1236,600173.SH,20150909,5.4,5.62,5.36,5.58,5.34,0.24,4.49,185312.12,102370.401
1237,600173.SH,20150908,5.13,5.35,5.02,5.34,5.08,0.26,5.12,126784.9,65906.695
1238,600173.SH,20150907,5.1,5.28,5.0,5.08,4.96,0.12,2.42,130428.39,67060.2
1239,600173.SH,20150902,4.9,5.42,4.8,4.96,5.21,-0.25,-4.8,157548.97,79832.368
1240,600173.SH,20150901,5.66,5.82,5.1,5.21,5.61,-0.4,-7.13,220904.94,122024.637
1241,600173.SH,20150831,5.8,6.0,5.5,5.61,5.89,-0.28,-4.75,248949.21,143539.565
1242,600173.SH,20150828,5.42,5.89,5.41,5.89,5.35,0.54,10.09,294074.84,166168.241
1243,600173.SH,20150827,5.36,5.45,5.0,5.35,5.18,0.17,3.28,180946.07,94961.923
1244,600173.SH,20150826,5.51,5.81,4.9,5.18,5.43,-0.25,-4.6,241556.96,130221.859
1245,600173.SH,20150825,5.47,5.72,5.43,5.43,6.03,-0.6,-9.95,160354.19,88582.804
1246,600173.SH,20150824,6.11,6.5,6.03,6.03,6.7,-0.67,-10.0,154532.03,94218.352
1247,600173.SH,20150821,7.0,7.42,6.67,6.7,7.13,-0.43,-6.03,258180.88,182767.029
1248,600173.SH,20150820,7.38,7.9,7.1,7.13,7.45,-0.32,-4.3,208770.49,154912.507
1249,600173.SH,20150819,7.1,7.58,6.63,7.45,7.26,0.19,2.62,275871.08,195577.555
1250,600173.SH,20150818,8.12,8.2,7.26,7.26,8.07,-0.81,-10.04,349916.22,264777.388
1251,600173.SH,20150817,7.71,8.28,7.6,8.07,7.89,0.18,2.28,382335.04,304306.801
1252,600173.SH,20150814,7.77,8.02,7.49,7.89,7.76,0.13,1.68,363451.44,280750.615
1253,600173.SH,20150813,7.02,7.78,7.02,7.76,7.11,0.65,9.14,366355.16,272694.959
1254,600173.SH,20150812,7.03,7.33,6.98,7.11,7.21,-0.1,-1.39,185787.12,132907.661
1255,600173.SH,20150811,6.98,7.31,6.93,7.21,6.99,0.22,3.15,275768.46,197139.862
1256,600173.SH,20150810,6.66,7.08,6.62,6.99,6.62,0.37,5.59,254561.82,174518.312
1257,600173.SH,20150807,6.44,6.65,6.41,6.62,6.37,0.25,3.92,197712.19,129245.628
1258,600173.SH,20150806,6.24,6.43,6.18,6.37,6.42,-0.05,-0.78,100769.49,63840.653
1259,600173.SH,20150805,6.59,6.66,6.31,6.42,6.62,-0.2,-3.02,156336.75,101739.087
1260,600173.SH,20150804,6.21,6.63,6.19,6.62,6.17,0.45,7.29,162961.88,104379.32
1261,600173.SH,20150803,6.37,6.48,5.94,6.17,6.51,-0.34,-5.22,151530.54,93901.176
1262,600173.SH,20150731,6.54,6.75,6.3,6.51,6.63,-0.12,-1.81,125931.08,83105.136
1263,600173.SH,20150730,6.85,7.07,6.5,6.63,6.84,-0.21,-3.07,184338.37,126831.489
1264,600173.SH,20150729,6.45,6.85,6.31,6.84,6.37,0.47,7.38,176730.02,115714.176
1265,600173.SH,20150728,6.4,6.98,6.2,6.37,6.89,-0.52,-7.55,296524.58,190970.544
1266,600173.SH,20150727,7.36,7.7,6.89,6.89,7.66,-0.77,-10.05,271244.04,197732.002
1267,600173.SH,20150724,7.7,8.14,7.54,7.66,7.72,-0.06,-0.78,385102.9,300821.882
1268,600173.SH,20150723,7.51,7.78,7.45,7.72,7.48,0.24,3.21,265597.28,203080.476
1269,600173.SH,20150722,7.55,7.7,7.08,7.48,7.66,-0.18,-2.35,294880.92,219494.651
1270,600173.SH,20150721,7.6,7.97,7.42,7.66,7.78,-0.12,-1.54,360785.17,279852.719
1271,600173.SH,20150720,7.11,7.79,7.0,7.78,7.08,0.7,9.89,495671.24,366756.336
1272,600173.SH,20150717,6.57,7.17,6.5,7.08,6.53,0.55,8.42,355542.82,246214.708
1273,600173.SH,20150716,6.05,6.7,5.76,6.53,6.34,0.19,3.0,263719.0,167751.459
1274,600173.SH,20150715,7.26,7.26,6.11,6.34,6.6,-0.26,-3.94,577721.32,395223.091
1275,600173.SH,20150714,6.6,6.6,6.6,6.6,6.0,0.6,10.0,5952.66,3928.756
1276,600173.SH,20150713,6.0,6.0,6.0,6.0,5.45,0.55,10.09,5339.98,3203.988
1277,600173.SH,20150707,5.65,5.75,5.45,5.45,6.05,-0.6,-9.92,155615.28,85886.433
1278,600173.SH,20150706,7.32,7.37,6.05,6.05,6.72,-0.67,-9.97,351117.18,228368.986
1279,600173.SH,20150703,6.91,7.3,6.72,6.72,7.47,-0.75,-10.04,243123.98,167019.826
1280,600173.SH,20150702,8.0,8.26,7.47,7.47,8.3,-0.83,-10.0,259612.07,199670.879
1281,600173.SH,20150701,9.03,9.35,8.3,8.3,9.22,-0.92,-9.98,247003.25,220303.274
1282,600173.SH,20150630,8.5,9.35,7.8,9.22,8.67,0.55,6.34,392121.15,329851.69
1283,600173.SH,20150629,10.0,10.14,8.67,8.67,9.63,-0.96,-9.97,340188.79,312003.236
1284,600173.SH,20150626,10.26,10.3,9.63,9.63,10.7,-1.07,-10.0,198549.38,196234.738
1285,600173.SH,20150625,11.13,11.58,10.63,10.7,11.15,-0.45,-4.04,277006.19,309714.424
1286,600173.SH,20150624,10.95,11.25,10.53,11.15,10.91,0.24,2.2,279115.11,305761.363
1287,600173.SH,20150623,11.48,11.48,10.33,10.91,11.48,-0.57,-4.97,288585.14,309851.84
1288,600173.SH,20150619,12.0,12.47,11.48,11.48,12.76,-1.28,-10.03,239640.02,286714.978
1289,600173.SH,20150618,12.93,13.5,12.62,12.76,12.91,-0.15,-1.16,302277.59,397197.47
1290,600173.SH,20150617,13.47,13.47,12.1,12.91,13.44,-0.53,-3.94,395585.54,502572.549
1291,600173.SH,20150616,12.98,13.75,12.6,13.49,13.01,0.48,3.69,471265.33,625244.673
1292,600173.SH,20150615,13.3,13.97,12.9,13.01,13.01,0.0,0.0,647342.66,869333.65
1293,600173.SH,20150612,11.81,13.01,11.75,13.01,11.83,1.18,9.97,567037.94,708459.805
1294,600173.SH,20150611,11.8,11.99,11.62,11.83,12.05,-0.22,-1.83,427036.53,503266.392
1295,600173.SH,20150610,11.68,12.09,11.18,12.05,11.86,0.19,1.6,624248.7,725213.732
1296,600173.SH,20150609,11.86,12.3,11.86,11.86,13.18,-1.32,-10.02,282887.0,336196.416
1297,600173.SH,20150529,12.2,13.18,11.6,13.18,11.98,1.2,10.02,508710.68,646730.019
1298,600173.SH,20150528,12.81,13.68,11.62,11.98,12.56,-0.58,-4.62,630580.76,825800.631
1299,600173.SH,20150527,11.42,12.56,11.12,12.56,11.42,1.14,9.98,470588.49,556877.531
1300,600173.SH,20150526,11.38,11.72,11.2,11.42,11.36,0.06,0.53,356314.24,408064.055
1301,600173.SH,20150525,10.8,11.5,10.67,11.36,10.84,0.52,4.8,432580.56,484254.9
1302,600173.SH,20150522,10.44,10.9,10.3,10.84,10.4,0.44,4.23,426878.69,449904.39
1303,600173.SH,20150521,10.12,10.56,9.99,10.4,10.12,0.28,2.77,322701.03,330654.574
1304,600173.SH,20150520,10.37,10.67,10.0,10.12,10.36,-0.24,-2.32,333711.82,347508.876
1305,600173.SH,20150519,10.0,10.5,10.0,10.36,10.03,0.33,3.29,306073.39,314006.998
1306,600173.SH,20150518,9.55,10.14,9.48,10.03,9.67,0.36,3.72,309042.75,308381.952
1307,600173.SH,20150515,9.92,9.92,9.4,9.67,9.92,-0.25,-2.52,180475.31,174054.124
1308,600173.SH,20150514,10.15,10.16,9.8,9.92,10.14,-0.22,-2.17,261509.89,260751.282
1309,600173.SH,20150513,9.54,10.18,9.39,10.14,9.53,0.61,6.4,324487.31,314273.867
1310,600173.SH,20150512,9.67,9.69,9.38,9.53,9.63,-0.1,-1.04,210204.27,199639.298
1311,600173.SH,20150511,9.53,9.7,9.36,9.63,9.31,0.32,3.44,238219.04,227458.086
1312,600173.SH,20150508,9.25,9.35,9.0,9.31,9.19,0.12,1.31,171854.68,158112.484
1313,600173.SH,20150507,8.98,9.29,8.66,9.19,8.96,0.23,2.57,199598.9,180433.592
1314,600173.SH,20150506,9.12,9.33,8.88,8.96,9.14,-0.18,-1.97,172266.09,157577.721
1315,600173.SH,20150505,9.74,9.74,8.96,9.14,9.7,-0.56,-5.77,267720.91,248680.564
1316,600173.SH,20150504,9.81,9.88,9.6,9.7,9.8,-0.1,-1.02,206251.63,200410.713
1317,600173.SH,20150430,9.63,9.97,9.53,9.8,9.61,0.19,1.98,267907.21,261139.241
1318,600173.SH,20150429,9.45,9.63,9.28,9.61,9.55,0.06,0.63,249234.89,236301.845
1319,600173.SH,20150428,10.09,10.09,9.5,9.55,10.1,-0.55,-5.45,290069.36,282783.485
1320,600173.SH,20150427,10.06,10.25,9.98,10.1,10.01,0.09,0.9,269638.1,272148.794
1321,600173.SH,20150424,10.19,10.19,9.9,10.01,10.3,-0.29,-2.82,269494.24,270289.318
1322,600173.SH,20150423,10.52,10.56,10.17,10.3,10.45,-0.15,-1.44,275407.66,283731.474
1323,600173.SH,20150422,10.37,10.61,10.25,10.45,10.38,0.07,0.67,265537.8,277194.427
1324,600173.SH,20150421,9.99,10.39,9.8,10.38,10.08,0.3,2.98,243194.93,245953.507
1325,600173.SH,20150420,10.59,10.75,10.02,10.08,10.53,-0.45,-4.27,291906.07,302010.63
1326,600173.SH,20150417,10.6,10.8,10.0,10.53,10.47,0.06,0.57,295298.77,309436.533
1327,600173.SH,20150416,10.1,10.85,9.7,10.47,10.41,0.06,0.58,265921.16,273351.954
1328,600173.SH,20150415,11.34,11.35,10.39,10.41,11.39,-0.98,-8.6,313742.69,337045.916
1329,600173.SH,20150414,11.62,12.0,11.2,11.39,11.62,-0.23,-1.98,266012.69,307646.925
1330,600173.SH,20150413,11.12,11.98,10.83,11.62,11.12,0.5,4.5,400182.79,465053.982
1331,600173.SH,20150410,10.09,11.13,9.72,11.12,10.12,1.0,9.88,442028.32,457385.328
1332,600173.SH,20150409,9.63,10.28,9.16,10.12,9.62,0.5,5.2,472705.9,457144.361
1333,600173.SH,20150408,9.38,9.66,9.22,9.62,9.34,0.28,3.0,357354.59,337151.978
1334,600173.SH,20150407,9.31,9.38,9.18,9.34,9.31,0.03,0.32,263904.76,244581.568
1335,600173.SH,20150403,9.19,9.35,9.02,9.31,9.24,0.07,0.76,163905.27,151231.615
1336,600173.SH,20150402,9.08,9.47,9.08,9.24,9.26,-0.02,-0.22,194621.56,181057.418
1337,600173.SH,20150401,9.1,9.28,8.92,9.26,9.19,0.07,0.76,200570.02,182852.602
1338,600173.SH,20150331,9.69,9.69,9.14,9.19,9.38,-0.19,-2.03,306169.73,286504.246
1339,600173.SH,20150330,9.11,9.76,8.83,9.38,9.17,0.21,2.29,520477.72,479055.794
1340,600173.SH,20150327,8.54,9.37,8.49,9.17,8.52,0.65,7.63,351743.88,313307.591
1341,600173.SH,20150326,8.59,8.71,8.4,8.52,8.68,-0.16,-1.84,186538.94,159543.823
1342,600173.SH,20150325,8.75,8.76,8.49,8.68,8.71,-0.03,-0.34,153893.38,132117.047
1343,600173.SH,20150324,8.93,8.94,8.45,8.71,8.92,-0.21,-2.35,185812.29,160902.185
1344,600173.SH,20150323,8.92,9.17,8.84,8.92,8.83,0.09,1.02,204765.69,184002.89
1345,600173.SH,20150320,8.61,8.83,8.5,8.83,8.63,0.2,2.32,194968.51,169196.136
1346,600173.SH,20150319,8.55,8.88,8.55,8.63,8.55,0.08,0.94,166122.76,144358.674
1347,600173.SH,20150318,8.5,8.66,8.32,8.55,8.49,0.06,0.71,140243.91,119366.845
1348,600173.SH,20150317,8.61,8.74,8.43,8.49,8.48,0.01,0.12,149808.38,128794.457
1349,600173.SH,20150316,8.19,8.48,8.13,8.48,8.19,0.29,3.54,154959.47,128266.014
1350,600173.SH,20150313,8.18,8.27,8.0,8.19,8.15,0.04,0.49,117375.24,95500.734
1351,600173.SH,20150312,8.6,8.68,8.09,8.15,8.62,-0.47,-5.45,164503.55,136466.315
1352,600173.SH,20150311,8.71,8.81,8.52,8.62,8.71,-0.09,-1.03,115347.19,99730.248
1353,600173.SH,20150310,8.45,8.8,8.41,8.71,8.55,0.16,1.87,112441.86,97191.598
1354,600173.SH,20150309,8.13,8.79,8.0,8.55,8.15,0.4,4.91,226817.59,193985.159
1355,600173.SH,20150306,7.74,8.16,7.51,8.15,7.74,0.41,5.3,177588.86,139772.17
1356,600173.SH,20150305,7.83,7.95,7.7,7.74,7.82,-0.08,-1.02,79038.71,61817.142
1357,600173.SH,20150304,7.66,7.9,7.66,7.82,7.76,0.06,0.77,67969.37,53102.071
1358,600173.SH,20150303,7.78,7.88,7.72,7.76,7.78,-0.02,-0.26,104895.43,81836.541
1359,600173.SH,20150302,7.78,7.88,7.61,7.78,7.69,0.09,1.17,120301.07,93484.653
1360,600173.SH,20150227,7.68,7.71,7.56,7.69,7.66,0.03,0.39,71560.87,54731.008
1361,600173.SH,20150226,7.71,7.75,7.58,7.66,7.68,-0.02,-0.26,69365.17,53069.806
1362,600173.SH,20150225,7.82,7.93,7.67,7.68,7.81,-0.13,-1.66,71186.19,55352.062
1363,600173.SH,20150217,7.51,7.96,7.5,7.81,7.47,0.34,4.55,134589.18,104474.746
1364,600173.SH,20150216,7.25,7.48,7.16,7.47,7.22,0.25,3.46,101247.7,74880.614
1365,600173.SH,20150213,7.12,7.33,7.12,7.22,7.11,0.11,1.55,125622.08,90891.375
1366,600173.SH,20150212,7.06,7.13,6.99,7.11,7.04,0.07,0.99,65264.22,46043.69
1367,600173.SH,20150211,7.07,7.11,6.94,7.04,7.03,0.01,0.14,43990.13,30899.279
1368,600173.SH,20150210,7.0,7.12,6.92,7.03,7.03,0.0,0.0,63614.54,44389.301
1369,600173.SH,20150209,7.28,7.3,6.9,7.03,7.26,-0.23,-3.17,76810.41,54542.79
1370,600173.SH,20150206,6.95,7.48,6.92,7.26,6.98,0.28,4.01,220542.31,158929.908
1371,600173.SH,20150205,7.17,7.18,6.94,6.98,7.03,-0.05,-0.71,71925.16,50571.123
1372,600173.SH,20150204,7.08,7.19,7.0,7.03,7.08,-0.05,-0.71,74478.02,52901.593
1373,600173.SH,20150203,6.95,7.08,6.95,7.08,6.98,0.1,1.43,61978.76,43532.803
1374,600173.SH,20150202,6.91,7.07,6.81,6.98,6.98,0.0,0.0,61133.02,42674.211
1375,600173.SH,20150130,6.95,7.09,6.86,6.98,6.92,0.06,0.87,79526.46,55500.427
1376,600173.SH,20150129,7.07,7.07,6.83,6.92,7.06,-0.14,-1.98,70125.29,48675.734
1377,600173.SH,20150128,7.0,7.15,6.93,7.06,7.05,0.01,0.14,84227.7,59632.212
1378,600173.SH,20150127,7.15,7.17,6.92,7.05,7.14,-0.09,-1.26,107004.12,75212.105
1379,600173.SH,20150126,6.82,7.15,6.79,7.14,6.8,0.34,5.0,186321.14,130819.01
1380,600173.SH,20150123,6.92,6.99,6.74,6.8,6.73,0.07,1.04,135422.52,92336.124
1381,600173.SH,20150122,6.74,6.77,6.66,6.73,6.73,0.0,0.0,89821.28,60257.235
1382,600173.SH,20150121,6.68,6.78,6.6,6.73,6.62,0.11,1.66,122674.21,82070.284
1383,600173.SH,20150120,6.5,6.68,6.5,6.62,6.52,0.1,1.53,75479.28,49798.121
1384,600173.SH,20150119,6.45,6.61,6.25,6.52,6.79,-0.27,-3.98,135376.24,87938.764
1385,600173.SH,20150116,6.95,7.09,6.77,6.79,6.75,0.04,0.59,134292.95,92436.875
1386,600173.SH,20150115,6.53,6.75,6.5,6.75,6.5,0.25,3.85,107777.7,71705.235
1387,600173.SH,20150114,6.59,6.6,6.37,6.5,6.55,-0.05,-0.76,62629.06,40720.214
1388,600173.SH,20150113,6.51,6.57,6.48,6.55,6.51,0.04,0.61,56607.53,36964.796
1389,600173.SH,20150112,6.59,6.66,6.41,6.51,6.56,-0.05,-0.76,93784.06,61221.594
1390,600173.SH,20150109,6.7,6.71,6.55,6.56,6.68,-0.12,-1.8,108725.94,72268.308
1391,600173.SH,20150108,6.75,6.87,6.55,6.68,6.8,-0.12,-1.76,142992.76,95566.33
1392,600173.SH,20150107,6.72,6.88,6.65,6.8,6.65,0.15,2.26,98271.27,66331.227
1393,600173.SH,20150106,6.88,6.88,6.59,6.65,6.93,-0.28,-4.04,188982.72,126098.341
1394,600173.SH,20150105,6.99,7.3,6.84,6.93,7.03,-0.1,-1.42,204667.9,144269.127
1395,600173.SH,20141231,6.58,7.12,6.53,7.03,6.7,0.33,4.93,212060.95,145080.951
1396,600173.SH,20141230,7.15,7.17,6.52,6.7,7.24,-0.54,-7.46,342647.82,232222.217
1397,600173.SH,20141229,7.1,7.35,6.94,7.24,7.43,-0.19,-2.56,433332.93,310944.73
1398,600173.SH,20141226,6.83,7.49,6.77,7.43,6.85,0.58,8.47,324105.17,231716.011
1399,600173.SH,20141225,6.73,7.03,6.54,6.85,6.73,0.12,1.78,342564.97,234297.108
1400,600173.SH,20141224,6.16,6.75,6.04,6.73,6.14,0.59,9.61,345081.45,222658.722
1401,600173.SH,20141223,6.0,6.41,5.85,6.14,5.89,0.25,4.24,235558.21,145074.968
1402,600173.SH,20141222,6.19,6.37,5.87,5.89,6.15,-0.26,-4.23,311648.68,189404.268
1403,600173.SH,20141219,5.72,6.17,5.6,6.15,5.68,0.47,8.27,315396.69,185305.383
1404,600173.SH,20141218,5.45,5.76,5.44,5.68,5.41,0.27,4.99,251320.31,140540.845
1405,600173.SH,20141217,5.37,5.5,5.33,5.41,5.39,0.02,0.37,117834.81,63664.976
1406,600173.SH,20141216,5.28,5.45,5.27,5.39,5.32,0.07,1.32,119476.72,64077.429
1407,600173.SH,20141215,5.27,5.39,5.17,5.32,5.29,0.03,0.57,117060.6,61654.456
1408,600173.SH,20141212,5.34,5.34,5.26,5.29,5.34,-0.05,-0.94,89657.81,47387.198
1409,600173.SH,20141211,5.18,5.38,5.13,5.34,5.24,0.1,1.91,151006.0,79646.564
1410,600173.SH,20141210,5.2,5.29,5.05,5.24,5.2,0.04,0.77,163228.39,84605.871
1411,600173.SH,20141209,5.46,5.71,5.18,5.2,5.51,-0.31,-5.63,285544.19,154404.896
1412,600173.SH,20141208,5.16,5.57,5.1,5.51,5.17,0.34,6.58,361921.25,194167.79
1413,600173.SH,20141205,5.05,5.2,4.91,5.17,5.04,0.13,2.58,400651.56,203368.435
1414,600173.SH,20141204,5.02,5.05,4.95,5.04,5.01,0.03,0.6,223998.81,112063.225
1415,600173.SH,20141203,4.9,5.18,4.86,5.01,4.89,0.12,2.45,233725.14,117866.478
1416,600173.SH,20141202,4.83,4.91,4.82,4.89,4.84,0.05,1.03,97274.28,47398.561
1417,600173.SH,20141201,4.98,4.98,4.83,4.84,4.98,-0.14,-2.81,121418.27,59341.52
1418,600173.SH,20141128,4.91,5.02,4.82,4.98,4.91,0.07,1.43,195910.61,96563.987
1419,600173.SH,20141127,4.84,4.93,4.83,4.91,4.89,0.02,0.41,115383.05,56325.148
1420,600173.SH,20141126,4.98,4.98,4.84,4.89,4.99,-0.1,-2.0,148054.04,72375.197
1421,600173.SH,20141125,5.02,5.02,4.9,4.99,5.04,-0.05,-0.99,107112.33,53007.327
1422,600173.SH,20141124,4.96,5.09,4.86,5.04,4.81,0.23,4.78,190607.28,95044.556
1423,600173.SH,20141121,4.74,4.82,4.74,4.81,4.75,0.06,1.26,36740.18,17574.322
1424,600173.SH,20141120,4.81,4.82,4.72,4.75,4.81,-0.06,-1.25,39573.79,18838.82
1425,600173.SH,20141119,4.81,4.87,4.77,4.81,4.8,0.01,0.21,54921.47,26442.995
1426,600173.SH,20141118,4.8,4.89,4.75,4.8,4.84,-0.04,-0.83,58154.58,27982.685
1427,600173.SH,20141117,4.75,4.85,4.68,4.84,4.82,0.02,0.41,87749.52,41942.481
1428,600173.SH,20141114,4.8,4.98,4.65,4.82,5.17,-0.35,-6.77,215584.91,103174.326
1429,600173.SH,20141112,5.15,5.2,5.02,5.17,5.18,-0.01,-0.19,66401.86,33979.534
1430,600173.SH,20141111,5.34,5.34,5.13,5.18,5.3,-0.12,-2.26,71069.56,36935.654
1431,600173.SH,20141110,5.19,5.34,5.19,5.3,5.23,0.07,1.34,69282.35,36411.674
1432,600173.SH,20141107,5.34,5.38,5.23,5.23,5.3,-0.07,-1.32,64331.64,34162.468
1433,600173.SH,20141106,5.21,5.32,5.18,5.3,5.2,0.1,1.92,62013.43,32585.031
1434,600173.SH,20141105,5.24,5.24,5.16,5.2,5.26,-0.06,-1.14,40197.85,20894.739
1435,600173.SH,20141104,5.28,5.33,5.24,5.26,5.32,-0.06,-1.13,54618.79,28766.96
1436,600173.SH,20141103,5.21,5.35,5.21,5.32,5.16,0.16,3.1,101173.99,53630.844
1437,600173.SH,20141031,5.23,5.23,5.1,5.16,5.23,-0.07,-1.34,93361.65,48091.102
1438,600173.SH,20141030,5.42,5.44,5.18,5.23,5.39,-0.16,-2.97,132364.81,70316.75
1439,600173.SH,20141029,5.28,5.46,5.23,5.39,5.32,0.07,1.32,109198.56,58430.232
1440,600173.SH,20141028,5.2,5.33,5.18,5.32,5.21,0.11,2.11,69142.5,36323.842
1441,600173.SH,20141027,5.18,5.24,5.12,5.21,5.19,0.02,0.39,47629.13,24671.364
1442,600173.SH,20141024,5.24,5.29,5.15,5.19,5.24,-0.05,-0.95,47529.82,24747.117
1443,600173.SH,20141023,5.29,5.36,5.17,5.24,5.35,-0.11,-2.06,106688.62,55810.188
1444,600173.SH,20141022,5.35,5.4,5.2,5.35,5.44,-0.09,-1.65,163554.5,86412.577
1445,600173.SH,20141021,5.57,5.62,5.28,5.44,5.55,-0.11,-1.98,162085.47,87672.509
1446,600173.SH,20141020,5.39,5.58,5.36,5.55,5.38,0.17,3.16,121385.8,66662.618
1447,600173.SH,20141017,5.28,5.48,5.23,5.38,5.3,0.08,1.51,159279.58,85389.67
1448,600173.SH,20141016,5.18,5.43,5.12,5.3,5.22,0.08,1.53,170975.44,90093.126
1449,600173.SH,20141015,5.13,5.25,5.08,5.22,5.15,0.07,1.36,128095.53,66403.68
1450,600173.SH,20141014,5.01,5.15,4.97,5.15,5.02,0.13,2.59,112017.22,57053.761
1451,600173.SH,20141013,5.09,5.09,4.95,5.02,5.1,-0.08,-1.57,85566.59,42809.632
1452,600173.SH,20141010,5.09,5.13,5.01,5.1,5.1,0.0,0.0,100046.51,50749.638
1453,600173.SH,20141009,5.05,5.23,5.01,5.1,5.05,0.05,0.99,243548.29,124692.657
1454,600173.SH,20141008,4.88,5.06,4.83,5.05,4.81,0.24,4.99,238165.85,116992.334
1455,600173.SH,20140930,4.84,4.86,4.76,4.81,4.82,-0.01,-0.21,74112.95,35542.124
1456,600173.SH,20140929,4.86,4.95,4.8,4.82,4.84,-0.02,-0.41,143875.69,70074.321
1457,600173.SH,20140926,4.72,4.84,4.7,4.84,4.71,0.13,2.76,160911.73,77408.164
1458,600173.SH,20140925,4.58,4.8,4.56,4.71,4.56,0.15,3.29,158550.36,74706.568
1459,600173.SH,20140924,4.5,4.56,4.48,4.56,4.53,0.03,0.66,87700.39,39622.892
1460,600173.SH,20140923,4.58,4.62,4.46,4.53,4.59,-0.06,-1.31,155913.03,70408.203
1461,600173.SH,20140922,4.7,4.7,4.56,4.59,4.67,-0.08,-1.71,68387.46,31620.849
1462,600173.SH,20140919,4.67,4.7,4.6,4.67,4.65,0.02,0.43,60861.38,28260.272
1463,600173.SH,20140918,4.72,4.73,4.62,4.65,4.74,-0.09,-1.9,57357.58,26806.961
1464,600173.SH,20140917,4.6,4.75,4.6,4.74,4.66,0.08,1.72,72786.53,34078.295
1465,600173.SH,20140916,4.87,4.92,4.6,4.66,4.87,-0.21,-4.31,98280.86,47215.665
1466,600173.SH,20140915,4.94,4.94,4.84,4.87,4.91,-0.04,-0.81,67231.89,32740.183
1467,600173.SH,20140912,4.87,4.92,4.85,4.91,4.87,0.04,0.82,92153.68,45100.197
1468,600173.SH,20140911,4.81,4.88,4.77,4.87,4.78,0.09,1.88,108496.37,52497.245
1469,600173.SH,20140910,4.79,4.8,4.72,4.78,4.81,-0.03,-0.62,70842.95,33758.645
1470,600173.SH,20140909,4.82,4.84,4.79,4.81,4.81,0.0,0.0,102857.17,49419.014
1471,600173.SH,20140905,4.84,4.85,4.77,4.81,4.84,-0.03,-0.62,95631.28,45981.677
1472,600173.SH,20140904,4.9,4.9,4.83,4.84,4.88,-0.04,-0.82,97921.15,47545.42
1473,600173.SH,20140903,4.9,4.97,4.82,4.88,4.89,-0.01,-0.2,74420.13,36261.388
1474,600173.SH,20140902,4.88,4.95,4.82,4.89,4.88,0.01,0.2,86403.92,42106.895
1475,600173.SH,20140901,4.77,4.89,4.71,4.88,4.8,0.08,1.67,113810.13,54679.102
1476,600173.SH,20140829,4.83,4.84,4.75,4.8,4.81,-0.01,-0.21,44615.88,21379.006
1477,600173.SH,20140828,4.78,4.87,4.75,4.81,4.8,0.01,0.21,70699.64,34018.631
1478,600173.SH,20140827,4.81,4.84,4.72,4.8,4.81,-0.01,-0.21,56239.21,26872.939
1479,600173.SH,20140826,4.72,4.87,4.69,4.81,4.7,0.11,2.34,185686.54,89237.308
1480,600173.SH,20140825,4.56,4.71,4.56,4.7,4.54,0.16,3.52,136297.85,63446.578
1481,600173.SH,20140822,4.67,4.67,4.52,4.54,4.67,-0.13,-2.78,174281.18,79674.847
1482,600173.SH,20140821,4.8,4.84,4.61,4.67,4.79,-0.12,-2.51,153981.91,72433.94
1483,600173.SH,20140820,4.78,4.9,4.77,4.79,4.78,0.01,0.21,82724.45,39992.277
1484,600173.SH,20140819,4.82,4.83,4.76,4.78,4.84,-0.06,-1.24,56983.91,27314.017
1485,600173.SH,20140818,4.85,4.85,4.71,4.84,4.91,-0.07,-1.43,145449.37,69617.115
1486,600173.SH,20140815,4.92,4.95,4.82,4.91,4.91,0.0,0.0,90093.57,44008.629
1487,600173.SH,20140814,4.82,5.0,4.76,4.91,4.83,0.08,1.66,160495.45,78566.833
1488,600173.SH,20140813,4.82,4.98,4.7,4.83,4.83,0.0,0.0,117629.81,56882.664
1489,600173.SH,20140812,4.71,4.87,4.66,4.83,4.72,0.11,2.33,95135.91,45576.866
1490,600173.SH,20140811,4.64,4.77,4.6,4.72,4.67,0.05,1.07,74547.96,34957.068
1491,600173.SH,20140808,4.58,4.67,4.5,4.67,4.56,0.11,2.41,66934.6,30730.534
1492,600173.SH,20140807,4.63,4.67,4.55,4.56,4.64,-0.08,-1.72,71875.68,33034.21
1493,600173.SH,20140806,4.7,4.71,4.6,4.64,4.7,-0.06,-1.28,79538.79,36935.293
1494,600173.SH,20140805,4.73,4.73,4.65,4.7,4.72,-0.02,-0.42,47405.98,22177.683
1495,600173.SH,20140804,4.72,4.74,4.63,4.72,4.71,0.01,0.21,84403.48,39409.514
1496,600173.SH,20140801,4.75,4.86,4.64,4.71,4.75,-0.04,-0.84,80724.19,38201.095
1497,600173.SH,20140731,4.76,4.79,4.6,4.75,4.76,-0.01,-0.21,119889.08,55941.087
1498,600173.SH,20140730,4.75,4.93,4.73,4.76,4.75,0.01,0.21,137254.65,66106.1
1499,600173.SH,20140729,4.65,4.77,4.61,4.75,4.63,0.12,2.59,146079.86,68613.146
1500,600173.SH,20140728,4.38,4.8,4.38,4.63,4.37,0.26,5.95,177775.48,81871.068
1501,600173.SH,20140725,4.4,4.43,4.32,4.37,4.4,-0.03,-0.68,81675.68,35803.005
1502,600173.SH,20140724,4.31,4.45,4.28,4.4,4.28,0.12,2.8,164883.6,72179.44
1503,600173.SH,20140723,4.31,4.31,4.25,4.28,4.31,-0.03,-0.7,46057.99,19680.094
1504,600173.SH,20140722,4.28,4.36,4.24,4.31,4.3,0.01,0.23,68564.8,29503.293
1505,600173.SH,20140721,4.29,4.4,4.22,4.3,4.3,0.0,0.0,73160.44,31620.917
1506,600173.SH,20140718,4.18,4.4,4.12,4.3,4.19,0.11,2.63,99650.17,42690.398
1507,600173.SH,20140717,4.24,4.24,4.09,4.19,4.24,-0.05,-1.18,65803.73,27347.059
1508,600173.SH,20140716,4.36,4.41,4.2,4.24,4.38,-0.14,-3.2,71790.41,30708.52
1509,600173.SH,20140715,4.29,4.4,4.24,4.38,4.3,0.08,1.86,86205.24,37221.021
1510,600173.SH,20140714,4.12,4.34,4.1,4.3,4.12,0.18,4.37,82639.32,34963.413
1511,600173.SH,20140711,4.07,4.13,4.03,4.12,4.07,0.05,1.23,46275.69,18928.16
1512,600173.SH,20140710,4.2,4.21,4.06,4.07,4.21,-0.14,-3.33,86494.59,35616.895
1513,600173.SH,20140709,4.22,4.32,4.19,4.21,4.25,-0.04,-0.94,89810.29,38208.132
1514,600173.SH,20140708,4.24,4.28,4.18,4.25,4.22,0.03,0.71,54852.04,23168.596
1515,600173.SH,20140707,4.23,4.32,4.16,4.22,4.22,0.0,0.0,56462.91,23952.792
1516,600173.SH,20140704,4.28,4.36,4.2,4.22,4.29,-0.07,-1.63,66476.54,28323.692
1517,600173.SH,20140703,4.2,4.31,4.16,4.29,4.2,0.09,2.14,71053.65,30186.468
1518,600173.SH,20140702,4.18,4.27,4.12,4.2,4.19,0.01,0.24,68907.09,28874.034
1519,600173.SH,20140701,4.23,4.28,4.18,4.19,4.27,-0.08,-1.87,77477.52,32666.054
1520,600173.SH,20140630,4.18,4.28,4.15,4.27,4.19,0.08,1.91,90103.74,37962.997
1521,600173.SH,20140627,4.06,4.22,4.05,4.19,4.07,0.12,2.95,129487.61,53538.936
1522,600173.SH,20140626,3.91,4.08,3.9,4.07,3.91,0.16,4.09,90698.83,36561.973
1523,600173.SH,20140625,4.01,4.04,3.85,3.91,4.01,-0.1,-2.49,89559.52,34998.445
1524,600173.SH,20140624,4.07,4.12,3.99,4.01,4.08,-0.07,-1.72,67684.72,27341.264
1525,600173.SH,20140623,3.96,4.18,3.95,4.11,3.98,0.13,3.27,127650.51,52201.988
1526,600173.SH,20140620,3.82,4.05,3.8,3.98,3.88,0.1,2.58,100709.92,39733.428
1527,600173.SH,20140619,3.83,4.11,3.79,3.88,3.83,0.05,1.31,165808.07,65390.261
1528,600173.SH,20140618,3.8,3.85,3.8,3.83,3.82,0.01,0.26,58518.17,22417.383
1529,600173.SH,20140617,3.83,3.85,3.78,3.82,3.82,0.0,0.0,72858.86,27794.178
1530,600173.SH,20140616,3.84,3.9,3.78,3.82,3.83,-0.01,-0.26,106679.95,40966.169
1531,600173.SH,20140613,3.69,3.91,3.65,3.83,3.67,0.16,4.36,155703.67,59386.707
1532,600173.SH,20140612,3.63,3.81,3.63,3.67,3.67,0.0,0.0,152469.27,56624.78
1533,600173.SH,20140611,3.4,3.73,3.4,3.67,3.44,0.23,6.69,196108.55,69738.253
1534,600173.SH,20140610,3.48,3.52,3.37,3.44,3.74,-0.3,-8.02,233539.25,79887.674
1535,600173.SH,20140530,3.63,3.75,3.61,3.74,3.65,0.09,2.47,147649.32,54593.172
1536,600173.SH,20140529,3.63,3.71,3.62,3.65,3.64,0.01,0.27,99431.07,36278.997
1537,600173.SH,20140528,3.65,3.72,3.61,3.64,3.67,-0.03,-0.82,103679.5,37996.577
1538,600173.SH,20140527,3.73,3.77,3.66,3.67,3.8,-0.13,-3.42,128444.91,47719.612
1539,600173.SH,20140526,3.82,3.82,3.65,3.8,3.81,-0.01,-0.26,329732.14,122911.576
1540,600173.SH,20140523,3.49,3.81,3.47,3.81,3.46,0.35,10.12,345660.33,130065.544
1541,600173.SH,20140522,3.5,3.55,3.46,3.46,3.5,-0.04,-1.14,26991.76,9465.597
1542,600173.SH,20140521,3.4,3.51,3.4,3.5,3.43,0.07,2.04,26651.14,9224.235
1543,600173.SH,20140520,3.47,3.48,3.4,3.43,3.46,-0.03,-0.87,21106.6,7271.443
1544,600173.SH,20140519,3.46,3.47,3.38,3.46,3.46,0.0,0.0,22511.33,7701.257
1545,600173.SH,20140516,3.47,3.5,3.33,3.46,3.51,-0.05,-1.42,50612.71,17390.826
1546,600173.SH,20140515,3.59,3.6,3.5,3.51,3.64,-0.13,-3.57,94223.1,33263.719
1547,600173.SH,20140514,3.62,3.83,3.62,3.64,3.67,-0.03,-0.82,189109.84,70847.987
1548,600173.SH,20140513,3.5,3.69,3.47,3.67,3.51,0.16,4.56,158411.19,57204.689
1549,600173.SH,20140512,3.46,3.54,3.44,3.51,3.49,0.02,0.57,49433.5,17304.363
1550,600173.SH,20140509,3.44,3.5,3.35,3.49,3.46,0.03,0.87,39627.14,13486.173
1551,600173.SH,20140508,3.44,3.51,3.4,3.46,3.44,0.02,0.58,48454.39,16824.197
1552,600173.SH,20140507,3.38,3.49,3.37,3.44,3.4,0.04,1.18,52717.93,18143.693
1553,600173.SH,20140506,3.38,3.45,3.36,3.4,3.38,0.02,0.59,49521.95,16848.917
1554,600173.SH,20140505,3.32,3.43,3.26,3.38,3.4,-0.02,-0.59,66192.31,22135.337
1555,600173.SH,20140430,3.22,3.52,3.2,3.4,3.2,0.2,6.25,149758.77,51636.295
1556,600173.SH,20140429,3.18,3.21,3.15,3.2,3.16,0.04,1.27,24699.54,7864.18
1557,600173.SH,20140428,3.26,3.28,3.13,3.16,3.25,-0.09,-2.77,36389.34,11590.789
1558,600173.SH,20140425,3.37,3.4,3.23,3.25,3.37,-0.12,-3.56,43816.7,14398.403
1559,600173.SH,20140424,3.36,3.41,3.33,3.37,3.35,0.02,0.6,35889.11,12102.389
1560,600173.SH,20140423,3.38,3.4,3.33,3.35,3.38,-0.03,-0.89,34570.0,11639.063
1561,600173.SH,20140422,3.48,3.48,3.34,3.38,3.47,-0.09,-2.59,63248.68,21412.018
1562,600173.SH,20140421,3.49,3.5,3.41,3.47,3.49,-0.02,-0.57,68807.19,23833.617
1563,600173.SH,20140418,3.5,3.52,3.47,3.49,3.5,-0.01,-0.29,56732.63,19861.972
1564,600173.SH,20140417,3.49,3.53,3.48,3.5,3.49,0.01,0.29,62261.15,21832.819
1565,600173.SH,20140416,3.48,3.52,3.45,3.49,3.5,-0.01,-0.29,66929.68,23282.238
1566,600173.SH,20140415,3.5,3.52,3.46,3.5,3.5,0.0,0.0,77060.38,26913.847
1567,600173.SH,20140414,3.57,3.57,3.45,3.5,3.55,-0.05,-1.41,159707.86,55789.426
1568,600173.SH,20140411,3.61,3.65,3.52,3.55,3.63,-0.08,-2.2,70880.77,25323.372
1569,600173.SH,20140410,3.67,3.7,3.57,3.63,3.69,-0.06,-1.63,113153.12,41105.003
1570,600173.SH,20140409,3.69,3.73,3.63,3.69,3.69,0.0,0.0,87401.19,32162.535
1571,600173.SH,20140408,3.76,3.76,3.63,3.69,3.77,-0.08,-2.12,92580.8,34088.1
1572,600173.SH,20140404,3.8,3.82,3.66,3.77,3.79,-0.02,-0.53,111678.6,41662.482
1573,600173.SH,20140403,3.75,3.95,3.69,3.79,3.74,0.05,1.34,303257.57,115599.895
1574,600173.SH,20140402,3.38,3.74,3.37,3.74,3.4,0.34,10.0,159884.38,58311.249
1575,600173.SH,20140401,3.48,3.48,3.32,3.4,3.29,0.11,3.34,59423.66,20261.368
1576,600173.SH,20140331,3.42,3.48,3.25,3.29,3.47,-0.18,-5.19,76992.1,25861.101
1577,600173.SH,20140328,3.66,3.69,3.35,3.47,3.66,-0.19,-5.19,111461.32,39112.624
1578,600173.SH,20140327,3.68,3.75,3.63,3.66,3.65,0.01,0.27,74009.87,27302.507
1579,600173.SH,20140326,3.68,3.73,3.63,3.65,3.69,-0.04,-1.08,74752.05,27402.231
1580,600173.SH,20140325,3.75,3.78,3.65,3.69,3.71,-0.02,-0.54,85584.02,31697.84
1581,600173.SH,20140324,3.63,3.77,3.62,3.71,3.64,0.07,1.92,104684.73,38721.446
1582,600173.SH,20140321,3.54,3.69,3.51,3.64,3.53,0.11,3.12,88828.15,32108.581
1583,600173.SH,20140320,3.69,3.81,3.51,3.53,3.65,-0.12,-3.29,102435.3,37822.867
1584,600173.SH,20140319,3.78,3.85,3.63,3.65,3.8,-0.15,-3.95,103762.5,38651.4
1585,600173.SH,20140318,3.74,3.85,3.68,3.8,3.75,0.05,1.33,100007.02,37754.87
1586,600173.SH,20140317,3.6,3.78,3.55,3.75,3.62,0.13,3.59,71443.77,26098.884
1587,600173.SH,20140314,3.69,3.69,3.58,3.62,3.65,-0.03,-0.82,55718.87,20277.849
1588,600173.SH,20140313,3.67,3.76,3.6,3.65,3.65,0.0,0.0,115131.47,42347.739
1589,600173.SH,20140312,3.67,3.78,3.58,3.65,3.68,-0.03,-0.82,122737.44,45298.753
1590,600173.SH,20140311,3.65,3.74,3.56,3.68,3.68,0.0,0.0,108984.32,39860.669
1591,600173.SH,20140310,3.84,3.89,3.6,3.68,3.87,-0.19,-4.91,116100.19,43432.844
1592,600173.SH,20140307,3.95,3.99,3.81,3.87,3.94,-0.07,-1.78,128501.77,49825.858
1593,600173.SH,20140306,4.09,4.14,3.83,3.94,4.14,-0.2,-4.83,190017.14,75066.567
1594,600173.SH,20140305,4.06,4.26,3.98,4.14,4.1,0.04,0.98,198574.66,81410.413
1595,600173.SH,20140304,4.22,4.38,4.02,4.1,4.25,-0.15,-3.53,240252.12,100155.189
1596,600173.SH,20140303,4.0,4.3,3.92,4.25,4.0,0.25,6.25,248465.12,102002.052
1597,600173.SH,20140228,3.69,4.0,3.62,4.0,3.68,0.32,8.7,228320.99,87951.165
1598,600173.SH,20140227,3.51,3.86,3.45,3.68,3.51,0.17,4.84,232542.32,85986.933
1599,600173.SH,20140226,3.41,3.51,3.36,3.51,3.45,0.06,1.74,113719.46,39228.474
1600,600173.SH,20140225,3.42,3.5,3.33,3.45,3.38,0.07,2.07,266095.39,90834.85
1601,600173.SH,20140224,3.2,3.41,3.14,3.38,3.24,0.14,4.32,212406.28,69939.25
1602,600173.SH,20140221,3.31,3.33,3.2,3.24,3.31,-0.07,-2.11,128955.98,41985.535
1603,600173.SH,20140220,3.36,3.36,3.27,3.31,3.38,-0.07,-2.07,135163.62,44721.034
1604,600173.SH,20140219,3.32,3.42,3.25,3.38,3.27,0.11,3.36,241541.56,80648.96
1605,600173.SH,20140218,3.1,3.36,3.08,3.27,3.08,0.19,6.17,344732.94,111292.7
1606,600173.SH,20140217,2.9,3.15,2.88,3.08,2.87,0.21,7.32,268274.13,81501.422
1607,600173.SH,20140214,2.76,2.93,2.76,2.87,2.77,0.1,3.61,80454.3,22938.715
1608,600173.SH,20140213,2.8,2.81,2.76,2.77,2.81,-0.04,-1.42,34222.4,9545.6
1609,600173.SH,20140212,2.8,2.81,2.78,2.81,2.81,0.0,0.0,32235.22,9016.934
1610,600173.SH,20140211,2.77,2.81,2.74,2.81,2.77,0.04,1.44,52503.46,14649.678
1611,600173.SH,20140210,2.7,2.77,2.69,2.77,2.7,0.07,2.59,33910.56,9317.373
1612,600173.SH,20140207,2.7,2.71,2.66,2.7,2.7,0.0,0.0,12716.02,3412.775
1613,600173.SH,20140130,2.72,2.72,2.65,2.7,2.71,-0.01,-0.37,16163.63,4352.887
1614,600173.SH,20140129,2.71,2.73,2.68,2.71,2.7,0.01,0.37,21340.94,5784.787
1615,600173.SH,20140128,2.71,2.74,2.67,2.7,2.7,0.0,0.0,24995.91,6752.051
1616,600173.SH,20140127,2.71,2.73,2.68,2.7,2.72,-0.02,-0.74,28140.83,7600.287
1617,600173.SH,20140124,2.65,2.76,2.65,2.72,2.67,0.05,1.87,58838.3,16031.623
1618,600173.SH,20140123,2.68,2.7,2.66,2.67,2.71,-0.04,-1.48,31511.99,8434.075
1619,600173.SH,20140122,2.6,2.72,2.6,2.71,2.6,0.11,4.23,73667.09,19694.921
1620,600173.SH,20140121,2.58,2.62,2.58,2.6,2.58,0.02,0.78,15210.97,3959.541
1621,600173.SH,20140120,2.61,2.62,2.57,2.58,2.62,-0.04,-1.53,10867.67,2818.567
1622,600173.SH,20140117,2.63,2.63,2.6,2.62,2.64,-0.02,-0.76,9985.05,2606.168
1623,600173.SH,20140116,2.63,2.65,2.62,2.64,2.62,0.02,0.76,13897.99,3664.724
1624,600173.SH,20140115,2.64,2.64,2.6,2.62,2.65,-0.03,-1.13,11300.16,2961.191
1625,600173.SH,20140114,2.64,2.65,2.58,2.65,2.63,0.02,0.76,16721.11,4374.155
1626,600173.SH,20140113,2.63,2.67,2.59,2.63,2.61,0.02,0.77,21524.23,5674.592
1627,600173.SH,20140110,2.61,2.62,2.57,2.61,2.62,-0.01,-0.38,16864.93,4371.961
1628,600173.SH,20140109,2.66,2.68,2.61,2.62,2.65,-0.03,-1.13,16151.2,4268.687
1629,600173.SH,20140108,2.67,2.7,2.64,2.65,2.68,-0.03,-1.12,16774.83,4479.339
1630,600173.SH,20140107,2.67,2.69,2.66,2.68,2.67,0.01,0.37,10712.52,2862.567
1631,600173.SH,20140106,2.75,2.75,2.66,2.67,2.75,-0.08,-2.91,26567.5,7131.649
1632,600173.SH,20140103,2.79,2.79,2.74,2.75,2.79,-0.04,-1.43,24332.98,6713.667
1633,600173.SH,20140102,2.81,2.81,2.77,2.79,2.81,-0.02,-0.71,29408.24,8193.621
1634,600173.SH,20131231,2.79,2.82,2.76,2.81,2.79,0.02,0.72,26246.32,7352.823
1635,600173.SH,20131230,2.81,2.82,2.77,2.79,2.8,-0.01,-0.36,19842.45,5529.251
1636,600173.SH,20131227,2.76,2.81,2.74,2.8,2.76,0.04,1.45,21053.29,5873.812
1637,600173.SH,20131226,2.8,2.8,2.75,2.76,2.81,-0.05,-1.78,15684.35,4333.299
1638,600173.SH,20131225,2.8,2.81,2.77,2.81,2.79,0.02,0.72,8684.42,2423.406
1639,600173.SH,20131224,2.78,2.82,2.77,2.79,2.77,0.02,0.72,18020.21,5034.242
1640,600173.SH,20131223,2.81,2.82,2.75,2.77,2.8,-0.03,-1.07,19575.63,5448.435
1641,600173.SH,20131220,2.87,2.87,2.79,2.8,2.86,-0.06,-2.1,18149.54,5123.219
1642,600173.SH,20131219,2.88,2.9,2.86,2.86,2.88,-0.02,-0.69,13943.0,4012.209
1643,600173.SH,20131218,2.89,2.9,2.87,2.88,2.88,0.0,0.0,9026.06,2607.14
1644,600173.SH,20131217,2.9,2.93,2.88,2.88,2.91,-0.03,-1.03,16344.12,4728.909
1645,600173.SH,20131216,2.95,2.96,2.9,2.91,2.94,-0.03,-1.02,20277.05,5939.303
1646,600173.SH,20131213,2.93,2.96,2.92,2.94,2.94,0.0,0.0,19441.81,5719.38
1647,600173.SH,20131212,2.91,2.96,2.91,2.94,2.93,0.01,0.34,17990.0,5274.419
1648,600173.SH,20131211,2.96,2.96,2.91,2.93,2.96,-0.03,-1.01,26392.39,7741.215
1649,600173.SH,20131210,2.95,2.97,2.94,2.96,2.95,0.01,0.34,27125.74,8025.364
1650,600173.SH,20131209,2.94,2.96,2.93,2.95,2.94,0.01,0.34,20399.57,6011.4
1651,600173.SH,20131206,2.94,2.95,2.92,2.94,2.93,0.01,0.34,20324.66,5965.766
1652,600173.SH,20131205,2.94,2.96,2.92,2.93,2.94,-0.01,-0.34,32550.86,9555.106
1653,600173.SH,20131204,2.9,2.97,2.87,2.94,2.89,0.05,1.73,42313.01,12420.749
1654,600173.SH,20131203,2.86,2.9,2.84,2.89,2.86,0.03,1.05,26090.7,7497.774
1655,600173.SH,20131202,2.93,2.94,2.84,2.86,2.96,-0.1,-3.38,42418.51,12236.045
1656,600173.SH,20131129,2.95,2.97,2.94,2.96,2.96,0.0,0.0,26584.95,7857.294
1657,600173.SH,20131128,2.92,2.97,2.91,2.96,2.92,0.04,1.37,45319.98,13364.601
1658,600173.SH,20131127,2.9,2.93,2.9,2.92,2.91,0.01,0.34,22708.73,6625.442
1659,600173.SH,20131126,2.91,2.93,2.9,2.91,2.93,-0.02,-0.68,22993.75,6702.295
1660,600173.SH,20131125,2.91,2.95,2.88,2.93,2.93,0.0,0.0,30788.29,8990.953
1661,600173.SH,20131122,2.98,2.98,2.92,2.93,2.98,-0.05,-1.68,28148.8,8293.464
1662,600173.SH,20131121,3.0,3.0,2.95,2.98,3.0,-0.02,-0.67,33373.7,9894.065
1663,600173.SH,20131120,2.99,3.0,2.98,3.0,2.98,0.02,0.67,26039.78,7789.795
1664,600173.SH,20131119,2.98,3.0,2.96,2.98,3.0,-0.02,-0.67,30016.52,8938.355
1665,600173.SH,20131118,2.92,3.01,2.91,3.0,2.92,0.08,2.74,70358.83,20843.463
1666,600173.SH,20131115,2.88,2.94,2.87,2.92,2.88,0.04,1.39,30675.28,8950.188
1667,600173.SH,20131114,2.89,2.89,2.85,2.88,2.88,0.0,0.0,18728.43,5374.366
1668,600173.SH,20131113,2.93,2.93,2.87,2.88,2.93,-0.05,-1.71,32934.36,9520.026
1669,600173.SH,20131112,2.89,2.93,2.89,2.93,2.91,0.02,0.69,30020.0,8751.838
1670,600173.SH,20131111,2.88,2.92,2.87,2.91,2.92,-0.01,-0.34,25960.9,7512.995
1671,600173.SH,20131108,2.97,2.98,2.91,2.92,3.03,-0.11,-3.63,63758.23,18742.731
1672,600173.SH,20131107,3.06,3.15,3.01,3.03,2.95,0.08,2.71,166412.94,51182.835
1673,600173.SH,20131106,2.96,2.99,2.93,2.95,2.97,-0.02,-0.67,24072.19,7123.389
1674,600173.SH,20131105,2.97,2.97,2.91,2.97,2.97,0.0,0.0,20413.63,6008.574
1675,600173.SH,20131104,2.97,2.98,2.94,2.97,2.97,0.0,0.0,16669.75,4934.827
1676,600173.SH,20131101,2.94,2.99,2.92,2.97,2.97,0.0,0.0,26611.04,7873.223
1677,600173.SH,20131031,2.95,3.03,2.93,2.97,2.95,0.02,0.68,44044.16,13157.558
1678,600173.SH,20131030,2.9,2.96,2.79,2.95,2.91,0.04,1.37,36625.62,10636.665
1679,600173.SH,20131029,2.95,3.08,2.85,2.91,2.94,-0.03,-1.02,69010.8,20469.941
1680,600173.SH,20131028,2.93,2.97,2.92,2.94,2.97,-0.03,-1.01,21145.41,6224.381
1681,600173.SH,20131025,3.02,3.04,2.95,2.97,3.02,-0.05,-1.66,32002.23,9564.876
1682,600173.SH,20131024,3.05,3.06,3.0,3.02,3.06,-0.04,-1.31,26488.6,8008.155
1683,600173.SH,20131023,3.09,3.12,3.04,3.06,3.09,-0.03,-0.97,40903.23,12580.387
1684,600173.SH,20131022,3.11,3.12,3.08,3.09,3.11,-0.02,-0.64,34988.67,10834.689
1685,600173.SH,20131021,3.1,3.13,3.06,3.11,3.1,0.01,0.32,54141.42,16759.381
1686,600173.SH,20131018,3.11,3.13,3.08,3.1,3.11,-0.01,-0.32,21984.33,6819.179
1687,600173.SH,20131017,3.13,3.15,3.09,3.11,3.11,0.0,0.0,32090.37,10010.395
1688,600173.SH,20131016,3.22,3.22,3.1,3.11,3.22,-0.11,-3.42,46787.37,14711.908
1689,600173.SH,20131015,3.21,3.25,3.19,3.22,3.22,0.0,0.0,52913.56,16984.408
1690,600173.SH,20131014,3.2,3.23,3.19,3.22,3.2,0.02,0.63,45512.87,14612.322
1691,600173.SH,20131011,3.2,3.21,3.17,3.2,3.18,0.02,0.63,46032.06,14682.097
1692,600173.SH,20131010,3.17,3.22,3.15,3.18,3.17,0.01,0.32,52949.98,16874.989
1693,600173.SH,20131009,3.16,3.17,3.12,3.17,3.17,0.0,0.0,39933.3,12588.859
1694,600173.SH,20131008,3.11,3.18,3.08,3.17,3.12,0.05,1.6,48506.47,15280.777
1695,600173.SH,20130930,3.1,3.13,3.1,3.12,3.11,0.01,0.32,18772.8,5851.787
1696,600173.SH,20130927,3.12,3.14,3.08,3.11,3.11,0.0,0.0,29453.12,9172.779
1697,600173.SH,20130926,3.19,3.19,3.09,3.11,3.19,-0.08,-2.51,56270.5,17651.981
1698,600173.SH,20130925,3.25,3.25,3.15,3.19,3.28,-0.09,-2.74,120990.79,38578.418
1699,600173.SH,20130924,3.22,3.39,3.18,3.28,3.23,0.05,1.55,159212.69,52512.655
1700,600173.SH,20130923,3.2,3.25,3.17,3.23,3.18,0.05,1.57,52927.6,16984.521
1701,600173.SH,20130918,3.17,3.2,3.15,3.18,3.17,0.01,0.32,30143.35,9556.603
1702,600173.SH,20130917,3.23,3.25,3.17,3.17,3.23,-0.06,-1.86,45734.3,14665.255
1703,600173.SH,20130916,3.31,3.31,3.2,3.23,3.3,-0.07,-2.12,91671.84,29749.073
1704,600173.SH,20130913,3.28,3.42,3.26,3.3,3.28,0.02,0.61,156683.27,52366.364
1705,600173.SH,20130912,3.26,3.3,3.22,3.28,3.26,0.02,0.61,71291.26,23261.746
1706,600173.SH,20130911,3.25,3.31,3.23,3.26,3.25,0.01,0.31,94675.19,30933.791
1707,600173.SH,20130910,3.21,3.25,3.2,3.25,3.21,0.04,1.25,70400.11,22717.578
1708,600173.SH,20130909,3.15,3.24,3.15,3.21,3.15,0.06,1.9,78966.15,25321.423
1709,600173.SH,20130906,3.16,3.18,3.14,3.15,3.17,-0.02,-0.63,34617.2,10928.827
1710,600173.SH,20130905,3.22,3.22,3.15,3.17,3.21,-0.04,-1.25,47129.77,14935.069
1711,600173.SH,20130904,3.23,3.24,3.17,3.21,3.22,-0.01,-0.31,74389.58,23795.532
1712,600173.SH,20130903,3.18,3.24,3.14,3.22,3.17,0.05,1.58,81487.48,26111.344
1713,600173.SH,20130902,3.18,3.21,3.11,3.17,3.17,0.0,0.0,47987.69,15124.969
1714,600173.SH,20130830,3.15,3.23,3.15,3.17,3.17,0.0,0.0,95446.48,30518.608
1715,600173.SH,20130829,3.11,3.19,3.1,3.17,3.1,0.07,2.26,85915.12,27065.515
1716,600173.SH,20130828,3.12,3.14,3.07,3.1,3.14,-0.04,-1.27,55598.71,17250.681
1717,600173.SH,20130827,3.14,3.15,3.11,3.14,3.14,0.0,0.0,48710.11,15245.402
1718,600173.SH,20130826,3.08,3.14,3.07,3.14,3.09,0.05,1.62,44238.72,13768.185
1719,600173.SH,20130823,3.1,3.12,3.01,3.09,3.1,-0.01,-0.32,41271.7,12654.553
1720,600173.SH,20130822,3.07,3.18,3.05,3.1,3.08,0.02,0.65,55970.97,17413.041
1721,600173.SH,20130821,3.06,3.09,3.04,3.08,3.06,0.02,0.65,27563.39,8439.817
1722,600173.SH,20130820,3.1,3.11,3.05,3.06,3.1,-0.04,-1.29,30804.71,9470.491
1723,600173.SH,20130819,3.06,3.11,3.04,3.1,3.06,0.04,1.31,38865.67,11951.954
1724,600173.SH,20130816,3.06,3.18,3.05,3.06,3.09,-0.03,-0.97,66306.39,20581.081
1725,600173.SH,20130815,3.12,3.16,3.09,3.09,3.14,-0.05,-1.59,60406.19,18830.253
1726,600173.SH,20130814,3.16,3.22,3.13,3.14,3.16,-0.02,-0.63,89067.85,28196.795
1727,600173.SH,20130813,3.16,3.2,3.13,3.16,3.15,0.01,0.32,64966.72,20530.973
1728,600173.SH,20130812,3.08,3.16,3.06,3.15,3.09,0.06,1.94,95926.76,29956.182
1729,600173.SH,20130809,3.07,3.12,3.04,3.09,3.1,-0.01,-0.32,49122.5,15135.644
1730,600173.SH,20130808,3.14,3.17,3.06,3.1,3.16,-0.06,-1.9,109135.7,33811.548
1731,600173.SH,20130807,3.06,3.2,3.04,3.16,3.03,0.13,4.29,206657.82,64736.234
1732,600173.SH,20130806,3.01,3.05,2.98,3.03,3.02,0.01,0.33,54095.88,16291.554
1733,600173.SH,20130805,2.99,3.02,2.95,3.02,3.01,0.01,0.33,51431.94,15401.15
1734,600173.SH,20130802,3.05,3.07,3.0,3.01,3.0,0.01,0.33,83874.06,25418.998
1735,600173.SH,20130801,2.95,3.0,2.94,3.0,2.94,0.06,2.04,53552.34,15950.301
1736,600173.SH,20130731,3.03,3.11,2.93,2.94,2.9,0.04,1.38,86275.05,25985.874
1737,600173.SH,20130730,2.87,2.98,2.84,2.9,2.87,0.03,1.05,50188.27,14613.223
1738,600173.SH,20130729,3.0,3.0,2.83,2.87,3.0,-0.13,-4.33,55889.01,16253.549
1739,600173.SH,20130726,2.97,3.01,2.95,3.0,2.99,0.01,0.33,36543.24,10894.523
1740,600173.SH,20130725,3.04,3.05,2.98,2.99,3.05,-0.06,-1.97,63606.95,19131.081
1741,600173.SH,20130724,3.05,3.1,2.99,3.05,3.13,-0.08,-2.56,132278.77,40177.649
1742,600173.SH,20130723,2.94,3.19,2.91,3.13,2.94,0.19,6.46,180212.09,55295.186
1743,600173.SH,20130722,2.99,2.99,2.88,2.94,3.04,-0.1,-3.29,164339.3,47911.678
1744,600173.SH,20130719,3.12,3.26,3.03,3.04,3.13,-0.09,-2.88,234602.94,74468.845
1745,600173.SH,20130718,3.14,3.18,3.04,3.13,3.2,-0.07,-2.19,206523.4,64096.171
1746,600173.SH,20130717,2.9,3.2,2.87,3.2,2.91,0.29,9.97,339447.04,106877.119
1747,600173.SH,20130716,2.93,2.93,2.85,2.91,2.92,-0.01,-0.34,43082.18,12459.86
1748,600173.SH,20130715,2.92,2.95,2.88,2.92,2.89,0.03,1.04,31166.01,9080.907
1749,600173.SH,20130712,2.98,3.02,2.88,2.89,2.97,-0.08,-2.69,49983.75,14693.729
1750,600173.SH,20130711,2.9,3.01,2.89,2.97,2.91,0.06,2.06,87418.37,25949.593
1751,600173.SH,20130710,2.82,2.91,2.81,2.91,2.85,0.06,2.11,79572.9,22748.354
1752,600173.SH,20130709,2.79,2.87,2.78,2.85,2.75,0.1,3.64,86819.62,24552.62
1753,600173.SH,20130708,2.8,2.8,2.72,2.75,2.81,-0.06,-2.14,38024.9,10479.783
1754,600173.SH,20130705,2.82,2.89,2.8,2.81,2.78,0.03,1.08,40718.6,11556.108
1755,600173.SH,20130704,2.74,2.81,2.71,2.78,2.74,0.04,1.46,38236.02,10639.715
1756,600173.SH,20130703,2.8,2.8,2.71,2.74,2.8,-0.06,-2.14,20845.72,5733.246
1757,600173.SH,20130702,2.82,2.82,2.78,2.8,2.82,-0.02,-0.71,20166.71,5636.514
1758,600173.SH,20130701,2.79,2.83,2.76,2.82,2.82,0.0,0.0,27398.54,7628.076
1759,600173.SH,20130628,2.73,2.88,2.71,2.82,2.75,0.07,2.55,56301.63,15858.814
1760,600173.SH,20130627,2.8,2.82,2.75,2.75,2.77,-0.02,-0.72,40501.31,11286.847
1761,600173.SH,20130626,2.76,2.79,2.71,2.77,2.76,0.01,0.36,31045.41,8508.931
1762,600173.SH,20130625,2.82,2.86,2.57,2.76,2.86,-0.1,-3.5,58383.29,15708.249
1763,600173.SH,20130624,3.04,3.04,2.85,2.86,3.04,-0.18,-5.92,42417.39,12448.143
1764,600173.SH,20130621,3.04,3.06,2.99,3.04,3.05,-0.01,-0.33,24134.72,7304.441
1765,600173.SH,20130620,3.14,3.14,3.05,3.05,3.14,-0.09,-2.87,25746.24,7953.289
1766,600173.SH,20130619,3.19,3.19,3.06,3.14,3.19,-0.05,-1.57,32598.42,10205.03
1767,600173.SH,20130618,3.17,3.2,3.15,3.19,3.17,0.02,0.63,24979.84,7934.661
1768,600173.SH,20130617,3.2,3.2,3.14,3.17,3.19,-0.02,-0.63,21185.42,6704.933
1769,600173.SH,20130614,3.16,3.21,3.15,3.19,3.16,0.03,0.95,27523.93,8746.892
1770,600173.SH,20130613,3.26,3.28,3.13,3.16,3.3,-0.14,-4.24,50581.52,16033.919
1771,600173.SH,20130607,3.36,3.38,3.26,3.3,3.36,-0.06,-1.79,45189.42,14969.595
1772,600173.SH,20130606,3.45,3.45,3.35,3.36,3.45,-0.09,-2.61,40322.0,13707.398
1773,600173.SH,20130605,3.47,3.48,3.42,3.45,3.47,-0.02,-0.58,40314.66,13893.075
1774,600173.SH,20130604,3.46,3.53,3.43,3.47,3.46,0.01,0.29,81656.65,28377.167
1775,600173.SH,20130603,3.45,3.5,3.44,3.46,3.45,0.01,0.29,43375.39,15037.83
1776,600173.SH,20130531,3.51,3.51,3.45,3.45,3.5,-0.05,-1.43,46231.64,16096.501
1777,600173.SH,20130530,3.49,3.52,3.46,3.5,3.5,0.0,0.0,44779.75,15617.425
1778,600173.SH,20130529,3.54,3.57,3.49,3.5,3.53,-0.03,-0.85,90600.42,31952.595
1779,600173.SH,20130528,3.45,3.53,3.42,3.53,3.45,0.08,2.32,100327.02,34955.626
1780,600173.SH,20130527,3.46,3.47,3.42,3.45,3.47,-0.02,-0.58,36637.23,12603.73
1781,600173.SH,20130524,3.43,3.5,3.41,3.47,3.45,0.02,0.58,52914.13,18242.542
1782,600173.SH,20130523,3.46,3.51,3.43,3.45,3.48,-0.03,-0.86,56455.64,19569.887
1783,600173.SH,20130522,3.45,3.53,3.41,3.48,3.45,0.03,0.87,104230.97,36289.744
1784,600173.SH,20130521,3.46,3.46,3.4,3.45,3.45,0.0,0.0,79805.9,27367.694
1785,600173.SH,20130520,3.46,3.5,3.43,3.45,3.45,0.0,0.0,82538.1,28578.644
1786,600173.SH,20130517,3.35,3.46,3.34,3.45,3.36,0.09,2.68,111621.26,38240.676
1787,600173.SH,20130516,3.3,3.36,3.27,3.36,3.27,0.09,2.75,47781.55,15866.892
1788,600173.SH,20130515,3.31,3.33,3.29,3.32,3.3,0.02,0.61,21514.9,7113.687
1789,600173.SH,20130514,3.35,3.35,3.29,3.3,3.34,-0.04,-1.2,29025.14,9613.473
1790,600173.SH,20130513,3.35,3.36,3.32,3.34,3.34,0.0,0.0,27756.24,9266.387
1791,600173.SH,20130510,3.31,3.37,3.3,3.34,3.31,0.03,0.91,47936.19,16002.369
1792,600173.SH,20130509,3.38,3.38,3.31,3.31,3.38,-0.07,-2.07,33135.09,11050.785
1793,600173.SH,20130508,3.37,3.4,3.36,3.38,3.37,0.01,0.3,33695.18,11396.189
1794,600173.SH,20130507,3.33,3.39,3.33,3.37,3.35,0.02,0.6,34707.11,11680.959
1795,600173.SH,20130506,3.31,3.36,3.31,3.35,3.33,0.02,0.6,37754.45,12620.182
1796,600173.SH,20130503,3.29,3.35,3.29,3.33,3.28,0.05,1.52,26540.97,8827.682
1797,600173.SH,20130502,3.29,3.32,3.25,3.28,3.29,-0.01,-0.3,17453.11,5721.989
1798,600173.SH,20130426,3.3,3.32,3.27,3.29,3.29,0.0,0.0,20686.36,6803.007
1799,600173.SH,20130425,3.34,3.34,3.29,3.29,3.34,-0.05,-1.5,30892.0,10238.449
1800,600173.SH,20130424,3.32,3.36,3.31,3.34,3.32,0.02,0.6,30889.03,10301.002
1801,600173.SH,20130423,3.42,3.42,3.3,3.32,3.41,-0.09,-2.64,33563.99,11203.645
1802,600173.SH,20130422,3.43,3.45,3.38,3.41,3.45,-0.04,-1.16,43842.55,14915.376
1803,600173.SH,20130419,3.41,3.47,3.41,3.45,3.41,0.04,1.17,47532.19,16389.215
1804,600173.SH,20130418,3.4,3.45,3.38,3.41,3.44,-0.03,-0.87,32157.23,10983.09
1805,600173.SH,20130417,3.43,3.52,3.4,3.44,3.41,0.03,0.88,70864.49,24500.428
1806,600173.SH,20130416,3.3,3.43,3.27,3.41,3.33,0.08,2.4,39289.98,13246.614
1807,600173.SH,20130415,3.33,3.36,3.29,3.33,3.34,-0.01,-0.3,35687.95,11840.211
1808,600173.SH,20130412,3.36,3.39,3.33,3.34,3.37,-0.03,-0.89,21816.35,7322.842
1809,600173.SH,20130411,3.4,3.42,3.36,3.37,3.4,-0.03,-0.88,35821.09,12126.486
1810,600173.SH,20130410,3.36,3.4,3.33,3.4,3.36,0.04,1.19,36043.62,12178.068
1811,600173.SH,20130409,3.33,3.38,3.33,3.36,3.33,0.03,0.9,28250.16,9478.648
1812,600173.SH,20130408,3.38,3.38,3.24,3.33,3.4,-0.07,-2.06,46223.67,15280.424
1813,600173.SH,20130403,3.43,3.47,3.39,3.4,3.46,-0.06,-1.73,27244.58,9344.211
1814,600173.SH,20130402,3.45,3.54,3.41,3.46,3.49,-0.03,-0.86,67188.83,23405.517
1815,600173.SH,20130401,3.45,3.65,3.44,3.49,3.37,0.12,3.56,125046.99,44078.839
1816,600173.SH,20130329,3.36,3.37,3.33,3.37,3.35,0.02,0.6,19188.03,6429.87
1817,600173.SH,20130328,3.46,3.46,3.32,3.35,3.46,-0.11,-3.18,34917.75,11704.175
1818,600173.SH,20130327,3.45,3.49,3.42,3.46,3.45,0.01,0.29,22593.64,7807.549
1819,600173.SH,20130326,3.46,3.5,3.4,3.45,3.46,-0.01,-0.29,30823.28,10621.554
1820,600173.SH,20130325,3.46,3.48,3.43,3.46,3.47,-0.01,-0.29,32303.05,11176.468
1821,600173.SH,20130322,3.46,3.48,3.42,3.47,3.46,0.01,0.29,35040.5,12087.627
1822,600173.SH,20130321,3.5,3.5,3.43,3.46,3.49,-0.03,-0.86,52397.02,18126.009
1823,600173.SH,20130320,3.43,3.5,3.42,3.49,3.44,0.05,1.45,52354.28,18173.44
1824,600173.SH,20130319,3.34,3.45,3.33,3.44,3.33,0.11,3.3,57084.05,19371.176
1825,600173.SH,20130318,3.38,3.4,3.3,3.33,3.39,-0.06,-1.77,39455.32,13233.076
1826,600173.SH,20130315,3.41,3.44,3.34,3.39,3.41,-0.02,-0.59,35115.35,11914.539
1827,600173.SH,20130314,3.39,3.42,3.37,3.41,3.41,0.0,0.0,23617.78,8026.483
1828,600173.SH,20130313,3.44,3.45,3.37,3.41,3.43,-0.02,-0.58,26317.24,8933.221
1829,600173.SH,20130312,3.49,3.53,3.39,3.43,3.5,-0.07,-2.0,40910.94,14162.547
1830,600173.SH,20130311,3.48,3.51,3.46,3.5,3.49,0.01,0.29,41672.09,14540.592
1831,600173.SH,20130308,3.53,3.53,3.47,3.49,3.51,-0.02,-0.57,22999.99,8025.186
1832,600173.SH,20130307,3.48,3.56,3.47,3.51,3.49,0.02,0.57,56304.94,19783.065
1833,600173.SH,20130306,3.5,3.51,3.45,3.49,3.47,0.02,0.58,46178.13,16090.244
1834,600173.SH,20130305,3.43,3.51,3.41,3.47,3.43,0.04,1.17,52951.02,18334.6
1835,600173.SH,20130304,3.63,3.63,3.37,3.43,3.74,-0.31,-8.29,135613.35,46938.157
1836,600173.SH,20130301,3.75,3.77,3.71,3.74,3.76,-0.02,-0.53,40694.72,15221.817
1837,600173.SH,20130228,3.65,3.77,3.65,3.76,3.65,0.11,3.01,74277.3,27740.712
1838,600173.SH,20130227,3.64,3.69,3.61,3.65,3.63,0.02,0.55,41076.5,14995.09
1839,600173.SH,20130226,3.7,3.72,3.63,3.63,3.72,-0.09,-2.42,40441.4,14865.282
1840,600173.SH,20130225,3.71,3.74,3.69,3.72,3.71,0.01,0.27,47823.94,17724.186
1841,600173.SH,20130222,3.72,3.78,3.69,3.71,3.72,-0.01,-0.27,56224.77,20991.366
1842,600173.SH,20130221,3.8,3.81,3.7,3.72,3.85,-0.13,-3.38,86520.75,32494.911
1843,600173.SH,20130220,3.83,3.85,3.78,3.85,3.81,0.04,1.05,53938.33,20601.521
1844,600173.SH,20130219,3.9,3.91,3.77,3.81,3.92,-0.11,-2.81,83160.49,31801.94
1845,600173.SH,20130218,3.94,3.95,3.89,3.92,3.93,-0.01,-0.25,47320.56,18523.767
1846,600173.SH,20130208,3.9,3.95,3.9,3.93,3.9,0.03,0.77,39154.55,15358.918
1847,600173.SH,20130207,3.9,3.91,3.86,3.9,3.91,-0.01,-0.26,25126.96,9766.096
1848,600173.SH,20130206,3.97,3.97,3.89,3.91,3.96,-0.05,-1.26,47800.18,18721.484
1849,600173.SH,20130205,3.86,4.02,3.8,3.96,3.87,0.09,2.33,86832.65,34065.493
1850,600173.SH,20130204,3.89,3.94,3.78,3.87,3.89,-0.02,-0.51,72686.55,28167.134
1851,600173.SH,20130201,3.89,3.91,3.85,3.89,3.89,0.0,0.0,50430.93,19563.253
1852,600173.SH,20130131,4.02,4.02,3.86,3.89,4.03,-0.14,-3.47,88795.28,34727.429
1853,600173.SH,20130130,4.0,4.04,3.95,4.03,4.0,0.03,0.75,109835.4,43946.224
1854,600173.SH,20130129,3.98,4.05,3.97,4.0,3.98,0.02,0.5,83632.28,33533.491
1855,600173.SH,20130128,3.88,3.99,3.86,3.98,3.85,0.13,3.38,73583.15,28928.698
1856,600173.SH,20130125,3.92,3.94,3.84,3.85,3.92,-0.07,-1.79,56851.09,22052.801
1857,600173.SH,20130124,4.06,4.1,3.89,3.92,4.07,-0.15,-3.69,106867.3,42613.316
1858,600173.SH,20130123,4.01,4.1,3.98,4.07,4.02,0.05,1.24,79439.07,32144.145
1859,600173.SH,20130122,4.12,4.12,3.98,4.02,4.1,-0.08,-1.95,86442.32,34814.804
1860,600173.SH,20130121,4.13,4.17,4.06,4.1,4.1,0.0,0.0,101827.41,41851.568
1861,600173.SH,20130118,3.98,4.12,3.98,4.1,3.98,0.12,3.02,116084.16,47257.756
1862,600173.SH,20130117,4.04,4.08,3.97,3.98,4.04,-0.06,-1.49,68951.12,27707.611
1863,600173.SH,20130116,4.11,4.16,3.97,4.04,4.11,-0.07,-1.7,106331.64,42950.556
1864,600173.SH,20130115,4.1,4.22,4.07,4.11,4.1,0.01,0.24,141704.18,58280.498
1865,600173.SH,20130114,3.95,4.15,3.91,4.1,3.95,0.15,3.8,159114.37,64884.575
1866,600173.SH,20130111,4.18,4.19,3.91,3.95,4.18,-0.23,-5.5,134474.02,54096.601
1867,600173.SH,20130110,4.18,4.24,4.12,4.18,4.18,0.0,0.0,117494.08,49036.58
1868,600173.SH,20130109,4.17,4.34,4.1,4.18,4.18,0.0,0.0,163615.97,68601.142
1869,600173.SH,20130108,4.08,4.38,4.06,4.18,4.05,0.13,3.21,231092.47,96895.766
1870,600173.SH,20130107,4.05,4.1,3.99,4.05,4.07,-0.02,-0.49,115087.88,46515.513
1871,600173.SH,20130104,4.1,4.18,4.0,4.07,4.07,0.0,0.0,172725.48,70521.339
1872,600173.SH,20121231,3.91,4.14,3.85,4.07,3.97,0.1,2.52,307455.18,123254.652
1873,600173.SH,20121228,3.74,4.11,3.74,3.97,3.74,0.23,6.15,359116.94,144798.073
1874,600173.SH,20121227,3.77,3.86,3.73,3.74,3.77,-0.03,-0.8,74773.17,28273.456
1875,600173.SH,20121226,3.73,3.82,3.72,3.77,3.75,0.02,0.53,102487.95,38687.261
1876,600173.SH,20121225,3.57,3.79,3.56,3.75,3.59,0.16,4.46,126550.74,47083.945
1877,600173.SH,20121224,3.61,3.62,3.55,3.59,3.61,-0.02,-0.55,38584.98,13860.306
1878,600173.SH,20121221,3.65,3.7,3.58,3.61,3.67,-0.06,-1.63,57270.44,20747.602
1879,600173.SH,20121220,3.63,3.67,3.56,3.67,3.64,0.03,0.82,53356.36,19272.119
1880,600173.SH,20121219,3.62,3.69,3.61,3.64,3.64,0.0,0.0,48092.51,17529.484
1881,600173.SH,20121218,3.66,3.74,3.61,3.64,3.66,-0.02,-0.55,70030.23,25799.166
1882,600173.SH,20121217,3.71,3.79,3.65,3.66,3.68,-0.02,-0.54,102016.2,37773.22
1883,600173.SH,20121214,3.51,3.69,3.51,3.68,3.52,0.16,4.55,128351.49,46687.626
1884,600173.SH,20121213,3.56,3.66,3.51,3.52,3.58,-0.06,-1.68,63481.81,22689.755
1885,600173.SH,20121212,3.51,3.58,3.49,3.58,3.55,0.03,0.85,63840.39,22599.527
1886,600173.SH,20121211,3.6,3.64,3.54,3.55,3.6,-0.05,-1.39,69930.46,25075.503
1887,600173.SH,20121210,3.53,3.62,3.48,3.6,3.52,0.08,2.27,86105.31,30574.318
1888,600173.SH,20121207,3.54,3.56,3.47,3.52,3.48,0.04,1.15,84764.68,29854.583
1889,600173.SH,20121206,3.5,3.52,3.43,3.48,3.47,0.01,0.29,51943.51,18086.714
1890,600173.SH,20121205,3.39,3.54,3.34,3.47,3.37,0.1,2.97,94064.87,32586.395
1891,600173.SH,20121204,3.27,3.38,3.22,3.37,3.29,0.08,2.43,38130.35,12564.636
1892,600173.SH,20121203,3.33,3.41,3.28,3.29,3.35,-0.06,-1.79,48930.4,16391.389
1893,600173.SH,20121130,3.22,3.38,3.19,3.35,3.18,0.17,5.35,81989.74,27191.738
1894,600173.SH,20121129,3.22,3.27,3.18,3.18,3.22,-0.04,-1.24,21110.37,6828.212
1895,600173.SH,20121128,3.23,3.26,3.18,3.22,3.26,-0.04,-1.23,27493.62,8841.924
1896,600173.SH,20121127,3.4,3.41,3.25,3.26,3.42,-0.16,-4.68,49651.94,16531.736
1897,600173.SH,20121126,3.46,3.49,3.4,3.42,3.48,-0.06,-1.72,31870.61,10904.994
1898,600173.SH,20121123,3.49,3.53,3.46,3.48,3.46,0.02,0.58,29036.95,10160.235
1899,600173.SH,20121122,3.48,3.53,3.45,3.46,3.52,-0.06,-1.7,30514.75,10645.844
1900,600173.SH,20121121,3.43,3.55,3.4,3.52,3.42,0.1,2.92,36516.23,12694.248
1901,600173.SH,20121120,3.46,3.52,3.4,3.42,3.46,-0.04,-1.16,31323.11,10835.951
1902,600173.SH,20121119,3.41,3.46,3.37,3.46,3.42,0.04,1.17,29940.61,10234.176
1903,600173.SH,20121116,3.39,3.46,3.36,3.42,3.42,0.0,0.0,32593.11,11143.048
1904,600173.SH,20121115,3.53,3.57,3.41,3.42,3.53,-0.11,-3.12,38665.2,13528.928
1905,600173.SH,20121114,3.55,3.57,3.48,3.53,3.55,-0.02,-0.56,42073.77,14804.565
1906,600173.SH,20121113,3.76,3.77,3.55,3.55,3.79,-0.24,-6.33,69042.37,25241.683
1907,600173.SH,20121112,3.7,3.79,3.69,3.79,3.7,0.09,2.43,71377.85,26655.268
1908,600173.SH,20121109,3.68,3.73,3.65,3.7,3.69,0.01,0.27,53858.3,19837.637
1909,600173.SH,20121108,3.75,3.92,3.68,3.69,3.8,-0.11,-2.89,116090.13,44101.407
1910,600173.SH,20121107,3.82,3.85,3.75,3.8,3.82,-0.02,-0.52,56972.01,21617.892
1911,600173.SH,20121106,3.88,3.88,3.73,3.82,3.89,-0.07,-1.8,101862.16,38626.124
1912,600173.SH,20121105,3.9,3.97,3.8,3.89,3.93,-0.04,-1.02,160736.34,62264.593
1913,600173.SH,20121102,3.74,4.06,3.72,3.93,3.77,0.16,4.24,317811.5,123598.338
1914,600173.SH,20121101,3.63,3.88,3.62,3.77,3.63,0.14,3.86,195389.79,73815.516
1915,600173.SH,20121031,3.73,3.73,3.57,3.63,3.68,-0.05,-1.36,64965.92,23494.944
1916,600173.SH,20121030,3.65,3.77,3.61,3.68,3.64,0.04,1.1,67149.16,24845.062
1917,600173.SH,20121029,3.62,3.65,3.59,3.64,3.65,-0.01,-0.27,38071.89,13782.99
1918,600173.SH,20121026,3.65,3.71,3.58,3.65,3.69,-0.04,-1.08,51343.38,18647.913
1919,600173.SH,20121025,3.78,3.83,3.66,3.69,3.8,-0.11,-2.89,85464.04,31979.115
1920,600173.SH,20121024,3.81,3.87,3.74,3.8,3.91,-0.11,-2.81,161314.12,61276.301
1921,600173.SH,20121023,3.76,4.08,3.7,3.91,3.71,0.2,5.39,311111.87,124280.513
1922,600173.SH,20121022,3.59,3.75,3.58,3.71,3.64,0.07,1.92,40819.33,14984.033
1923,600173.SH,20121019,3.62,3.7,3.59,3.64,3.64,0.0,0.0,55584.29,20285.02
1924,600173.SH,20121018,3.53,3.66,3.5,3.64,3.52,0.12,3.41,85233.43,30765.407
1925,600173.SH,20121017,3.53,3.55,3.47,3.52,3.51,0.01,0.28,18055.03,6341.853
1926,600173.SH,20121016,3.51,3.53,3.47,3.51,3.48,0.03,0.86,18806.55,6604.685
1927,600173.SH,20121015,3.53,3.55,3.46,3.48,3.54,-0.06,-1.69,19039.6,6630.73
1928,600173.SH,20121012,3.53,3.58,3.5,3.54,3.53,0.01,0.28,18642.39,6608.385
1929,600173.SH,20121011,3.6,3.62,3.48,3.53,3.6,-0.07,-1.94,25649.72,9105.834
1930,600173.SH,20121010,3.5,3.61,3.49,3.6,3.53,0.07,1.98,30440.79,10841.127
1931,600173.SH,20121009,3.45,3.54,3.45,3.53,3.45,0.08,2.32,26211.54,9205.238
1932,600173.SH,20121008,3.49,3.52,3.41,3.45,3.51,-0.06,-1.71,17909.5,6193.502
1933,600173.SH,20120928,3.41,3.52,3.4,3.51,3.42,0.09,2.63,24407.43,8474.485
1934,600173.SH,20120927,3.39,3.46,3.34,3.42,3.37,0.05,1.48,18685.1,6365.652
1935,600173.SH,20120926,3.45,3.46,3.35,3.37,3.46,-0.09,-2.6,18124.78,6153.928
1936,600173.SH,20120925,3.48,3.51,3.45,3.46,3.49,-0.03,-0.86,11517.58,3995.426
1937,600173.SH,20120924,3.49,3.53,3.43,3.49,3.49,0.0,0.0,16171.64,5609.484
1938,600173.SH,20120921,3.49,3.51,3.46,3.49,3.48,0.01,0.29,16628.56,5789.672
1939,600173.SH,20120920,3.59,3.7,3.47,3.48,3.59,-0.11,-3.06,19416.81,6875.525
1940,600173.SH,20120919,3.58,3.63,3.56,3.59,3.58,0.01,0.28,16131.37,5774.737
1941,600173.SH,20120918,3.61,3.64,3.55,3.58,3.63,-0.05,-1.38,15505.81,5565.017
1942,600173.SH,20120917,3.67,3.75,3.61,3.63,3.72,-0.09,-2.42,22828.05,8392.841
1943,600173.SH,20120914,3.72,3.74,3.65,3.72,3.7,0.02,0.54,27778.6,10282.563
1944,600173.SH,20120913,3.76,3.76,3.68,3.7,3.75,-0.05,-1.33,26306.77,9783.276
1945,600173.SH,20120912,3.75,3.76,3.7,3.75,3.73,0.02,0.54,27416.6,10239.752
1946,600173.SH,20120911,3.75,3.75,3.69,3.73,3.74,-0.01,-0.27,23242.36,8619.674
1947,600173.SH,20120910,3.75,3.78,3.71,3.74,3.77,-0.03,-0.8,49018.23,18322.781
1948,600173.SH,20120907,3.68,3.85,3.66,3.77,3.64,0.13,3.57,67632.06,25370.298
1949,600173.SH,20120906,3.59,3.64,3.58,3.64,3.59,0.05,1.39,17288.67,6249.887
1950,600173.SH,20120905,3.53,3.64,3.53,3.59,3.56,0.03,0.84,17665.88,6369.534
1951,600173.SH,20120904,3.64,3.65,3.54,3.56,3.64,-0.08,-2.2,10970.6,3955.152
1952,600173.SH,20120903,3.53,3.67,3.51,3.64,3.55,0.09,2.54,26693.58,9677.784
1953,600173.SH,20120831,3.52,3.56,3.48,3.55,3.52,0.03,0.85,10349.7,3650.306
1954,600173.SH,20120830,3.52,3.56,3.47,3.52,3.56,-0.04,-1.12,15113.38,5316.167
1955,600173.SH,20120829,3.55,3.59,3.54,3.56,3.56,0.0,0.0,12406.85,4422.733
1956,600173.SH,20120828,3.54,3.59,3.53,3.56,3.54,0.02,0.57,14877.52,5285.841
1957,600173.SH,20120827,3.62,3.62,3.54,3.54,3.64,-0.1,-2.75,22824.01,8143.128
1958,600173.SH,20120824,3.69,3.71,3.63,3.64,3.7,-0.06,-1.62,17974.58,6572.154
1959,600173.SH,20120823,3.69,3.71,3.64,3.7,3.68,0.02,0.54,21353.96,7849.86
1960,600173.SH,20120822,3.7,3.78,3.65,3.68,3.7,-0.02,-0.54,35558.22,13229.925
1961,600173.SH,20120821,3.66,3.72,3.63,3.7,3.65,0.05,1.37,23027.98,8479.359
1962,600173.SH,20120820,3.66,3.66,3.59,3.65,3.66,-0.01,-0.27,18058.11,6541.634
1963,600173.SH,20120817,3.65,3.68,3.62,3.66,3.65,0.01,0.27,13806.62,5031.387
1964,600173.SH,20120816,3.67,3.69,3.64,3.65,3.67,-0.02,-0.55,11585.35,4240.696
1965,600173.SH,20120815,3.71,3.71,3.66,3.67,3.71,-0.04,-1.08,12622.74,4651.718
1966,600173.SH,20120814,3.66,3.71,3.62,3.71,3.65,0.06,1.64,26729.2,9830.92
1967,600173.SH,20120813,3.79,3.79,3.63,3.65,3.79,-0.14,-3.69,40131.69,14819.634
1968,600173.SH,20120810,3.87,3.87,3.74,3.79,3.88,-0.09,-2.32,56133.45,21305.562
1969,600173.SH,20120809,3.79,3.92,3.76,3.88,3.79,0.09,2.37,83027.57,32043.829
1970,600173.SH,20120808,3.81,3.82,3.72,3.79,3.8,-0.01,-0.26,34667.58,13086.155
1971,600173.SH,20120807,3.78,3.83,3.75,3.8,3.77,0.03,0.8,35470.93,13438.892
1972,600173.SH,20120806,3.66,3.79,3.65,3.77,3.69,0.08,2.17,42807.99,15916.145
1973,600173.SH,20120803,3.6,3.69,3.55,3.69,3.59,0.1,2.79,37622.24,13591.439
1974,600173.SH,20120802,3.67,3.7,3.55,3.59,3.68,-0.09,-2.45,25898.9,9355.755
1975,600173.SH,20120801,3.65,3.74,3.65,3.68,3.65,0.03,0.82,24232.3,8976.674
1976,600173.SH,20120731,3.69,3.7,3.61,3.65,3.68,-0.03,-0.82,20797.42,7607.888
1977,600173.SH,20120730,3.76,3.77,3.66,3.68,3.74,-0.06,-1.6,20084.18,7453.836
1978,600173.SH,20120727,3.85,3.86,3.73,3.74,3.82,-0.08,-2.09,38265.76,14428.923
1979,600173.SH,20120726,3.89,3.9,3.8,3.82,3.9,-0.08,-2.05,27264.98,10478.128
1980,600173.SH,20120725,3.92,3.96,3.88,3.9,3.94,-0.04,-1.02,24412.56,9545.022
1981,600173.SH,20120724,3.9,3.98,3.9,3.94,3.91,0.03,0.77,21153.11,8325.096
1982,600173.SH,20120723,3.89,3.95,3.87,3.91,3.95,-0.04,-1.01,18050.16,7066.338
1983,600173.SH,20120720,4.04,4.04,3.94,3.95,4.01,-0.06,-1.5,20778.07,8248.421
1984,600173.SH,20120719,4.02,4.04,3.95,4.01,4.0,0.01,0.25,39467.55,15838.918
1985,600173.SH,20120718,3.99,4.01,3.8,4.0,3.99,0.01,0.25,38005.02,14879.563
1986,600173.SH,20120717,3.95,4.02,3.93,3.99,3.95,0.04,1.01,25133.64,9994.921
1987,600173.SH,20120716,4.22,4.24,3.93,3.95,4.21,-0.26,-6.18,55722.05,22384.898
1988,600173.SH,20120713,4.22,4.25,4.18,4.21,4.21,0.0,0.0,25897.45,10920.784
1989,600173.SH,20120712,4.17,4.26,4.13,4.21,4.14,0.07,1.69,44447.05,18684.528
1990,600173.SH,20120711,4.1,4.18,4.1,4.14,4.16,-0.02,-0.48,16678.56,6906.784
1991,600173.SH,20120710,4.07,4.19,4.05,4.16,4.1,0.06,1.46,41058.35,16857.445
1992,600173.SH,20120709,4.21,4.22,4.05,4.1,4.25,-0.15,-3.53,63729.98,26403.362
1993,600173.SH,20120706,4.25,4.27,4.18,4.25,4.17,0.08,1.92,79571.31,33650.056
1994,600173.SH,20120705,4.47,4.48,4.14,4.17,4.51,-0.34,-7.54,125609.35,53170.22
1995,600173.SH,20120704,4.66,4.68,4.5,4.51,4.67,-0.16,-3.43,52016.15,23863.243
1996,600173.SH,20120703,4.63,4.73,4.59,4.67,4.63,0.04,0.86,77523.6,36171.97
1997,600173.SH,20120702,4.63,4.7,4.56,4.63,4.6,0.03,0.65,57491.45,26631.136
1998,600173.SH,20120629,4.48,4.6,4.45,4.6,4.48,0.12,2.68,32408.94,14750.928
1999,600173.SH,20120628,4.55,4.63,4.47,4.48,4.53,-0.05,-1.1,41487.61,18931.518
2000,600173.SH,20120627,4.6,4.62,4.5,4.53,4.6,-0.07,-1.52,48695.1,22224.671
2001,600173.SH,20120626,4.47,4.62,4.42,4.6,4.46,0.14,3.14,64012.79,29073.052
2002,600173.SH,20120625,4.52,4.56,4.43,4.46,4.52,-0.06,-1.33,42987.39,19341.764
2003,600173.SH,20120621,4.63,4.64,4.5,4.52,4.63,-0.11,-2.38,77336.37,35242.41
2004,600173.SH,20120620,4.72,4.72,4.61,4.63,4.71,-0.08,-1.7,43766.34,20396.0
2005,600173.SH,20120619,4.69,4.73,4.65,4.71,4.69,0.02,0.43,61331.03,28804.917
2006,600173.SH,20120618,4.73,4.78,4.63,4.69,4.69,0.0,0.0,118840.57,55834.153
2007,600173.SH,20120615,4.84,4.91,4.65,4.69,4.8,-0.11,-2.29,145583.96,69166.14
2008,600173.SH,20120614,4.95,4.96,4.78,4.8,4.96,-0.16,-3.23,95931.34,46523.954
2009,600173.SH,20120613,4.96,5.05,4.9,4.96,4.97,-0.01,-0.2,179230.0,88953.981
2010,600173.SH,20120612,4.99,5.06,4.88,4.97,5.0,-0.03,-0.6,124842.3,61969.029
2011,600173.SH,20120611,4.97,5.11,4.84,5.0,5.0,0.0,0.0,171384.03,85441.403
2012,600173.SH,20120608,5.25,5.3,4.89,5.0,5.14,-0.14,-2.72,208545.12,105106.463
2013,600173.SH,20120607,5.4,5.46,4.93,5.14,5.27,-0.13,-2.47,250765.2,130868.079
2014,600173.SH,20120606,5.25,5.35,5.16,5.27,5.27,0.0,0.0,146682.33,77187.086
2015,600173.SH,20120605,5.1,5.5,4.99,5.27,5.13,0.14,2.73,198961.91,103108.989
2016,600173.SH,20120604,5.15,5.24,4.98,5.13,5.19,-0.06,-1.16,276048.53,140665.342
2017,600173.SH,20120601,4.74,5.23,4.72,5.19,4.75,0.44,9.26,372674.17,189175.55
2018,600173.SH,20120531,4.57,4.78,4.52,4.75,4.58,0.17,3.71,132470.64,62082.504
2019,600173.SH,20120530,4.58,4.7,4.55,4.58,4.59,-0.01,-0.22,89923.89,41518.078
2020,600173.SH,20120529,4.45,4.61,4.4,4.59,4.47,0.12,2.68,101958.29,46482.228
2021,600173.SH,20120528,4.35,4.48,4.31,4.47,4.35,0.12,2.76,52694.21,23315.141
2022,600173.SH,20120525,4.35,4.37,4.23,4.35,4.39,-0.04,-0.91,47472.08,20576.272
2023,600173.SH,20120524,4.36,4.46,4.35,4.39,4.37,0.02,0.46,57035.69,25160.309
2024,600173.SH,20120523,4.44,4.47,4.36,4.37,4.43,-0.06,-1.35,67650.88,29856.112
2025,600173.SH,20120522,4.36,4.44,4.35,4.43,4.34,0.09,2.07,70633.37,31128.399
2026,600173.SH,20120521,4.19,4.36,4.18,4.34,4.23,0.11,2.6,61630.63,26523.6
2027,600173.SH,20120518,4.27,4.34,4.22,4.23,4.35,-0.12,-2.76,61616.25,26409.016
2028,600173.SH,20120517,4.29,4.4,4.2,4.35,4.32,0.03,0.69,72757.29,31250.308
2029,600173.SH,20120516,4.23,4.34,4.19,4.32,4.23,0.09,2.13,84556.03,36188.088
2030,600173.SH,20120515,4.16,4.24,4.12,4.23,4.21,0.02,0.48,44052.57,18363.403
2031,600173.SH,20120514,4.22,4.3,4.15,4.21,4.14,0.07,1.69,66176.0,27948.032
2032,600173.SH,20120511,4.32,4.33,4.13,4.14,4.33,-0.19,-4.39,85958.23,36163.893
2033,600173.SH,20120510,4.3,4.37,4.29,4.33,4.32,0.01,0.23,35978.69,15584.817
2034,600173.SH,20120509,4.35,4.35,4.29,4.32,4.38,-0.06,-1.37,32100.18,13854.066
2035,600173.SH,20120508,4.34,4.4,4.3,4.38,4.36,0.02,0.46,38994.86,16958.405
2036,600173.SH,20120507,4.4,4.42,4.28,4.36,4.42,-0.06,-1.36,63130.33,27386.667
2037,600173.SH,20120504,4.42,4.46,4.38,4.42,4.45,-0.03,-0.67,52028.04,22988.516
2038,600173.SH,20120503,4.43,4.46,4.35,4.45,4.43,0.02,0.45,70065.21,30900.984
2039,600173.SH,20120502,4.52,4.59,4.33,4.43,4.61,-0.18,-3.9,153429.18,68034.771
2040,600173.SH,20120426,4.65,4.85,4.55,4.61,4.64,-0.03,-0.65,235879.08,110809.498
2041,600173.SH,20120425,4.38,4.77,4.31,4.64,4.4,0.24,5.45,298607.95,137815.772
2042,600173.SH,20120424,4.21,4.41,4.16,4.4,4.26,0.14,3.29,143165.35,61608.368
2043,600173.SH,20120423,4.27,4.38,4.24,4.26,4.32,-0.06,-1.39,91201.18,39248.119
2044,600173.SH,20120420,4.13,4.54,4.08,4.32,4.13,0.19,4.6,157681.14,68079.618
2045,600173.SH,20120419,4.16,4.18,4.11,4.13,4.16,-0.03,-0.72,41029.75,16994.472
2046,600173.SH,20120418,4.06,4.24,4.03,4.16,4.05,0.11,2.72,59944.9,24864.809
2047,600173.SH,20120417,4.21,4.33,4.05,4.05,4.21,-0.16,-3.8,78104.09,32463.672
2048,600173.SH,20120416,4.08,4.28,4.06,4.21,4.12,0.09,2.18,106449.47,44722.95
2049,600173.SH,20120413,4.22,4.23,4.12,4.12,4.17,-0.05,-1.2,78904.46,32852.844
2050,600173.SH,20120412,4.07,4.18,4.01,4.17,4.06,0.11,2.71,97540.35,40123.551
2051,600173.SH,20120411,3.95,4.19,3.94,4.06,4.0,0.06,1.5,125018.2,50886.697
2052,600173.SH,20120410,3.82,4.01,3.8,4.0,3.82,0.18,4.71,67050.64,26227.041
2053,600173.SH,20120409,3.87,3.93,3.82,3.82,3.9,-0.08,-2.05,42716.51,16512.808
2054,600173.SH,20120406,3.94,3.99,3.89,3.9,3.95,-0.05,-1.27,49244.73,19372.183
2055,600173.SH,20120405,3.84,3.95,3.82,3.95,3.85,0.1,2.6,44834.93,17486.566
2056,600173.SH,20120330,3.77,3.87,3.75,3.85,3.76,0.09,2.39,53488.87,20443.27
2057,600173.SH,20120329,3.71,3.84,3.7,3.76,3.75,0.01,0.27,46712.38,17568.396
2058,600173.SH,20120328,3.9,3.92,3.72,3.75,3.91,-0.16,-4.09,55189.19,21147.45
2059,600173.SH,20120327,3.96,3.97,3.9,3.91,3.94,-0.03,-0.76,26418.44,10395.148
2060,600173.SH,20120326,3.9,3.97,3.89,3.94,3.91,0.03,0.77,34881.98,13704.305
2061,600173.SH,20120323,4.0,4.0,3.89,3.91,4.03,-0.12,-2.98,49768.89,19609.22
2062,600173.SH,20120322,3.98,4.05,3.94,4.03,3.96,0.07,1.77,91696.24,36710.764
2063,600173.SH,20120321,3.99,4.02,3.91,3.96,3.96,0.0,0.0,51064.39,20223.252
2064,600173.SH,20120320,4.05,4.07,3.94,3.96,4.05,-0.09,-2.22,74557.54,29850.101
2065,600173.SH,20120319,3.98,4.07,3.95,4.05,4.0,0.05,1.25,56791.92,22801.396
2066,600173.SH,20120316,3.96,4.02,3.9,4.0,3.94,0.06,1.52,92021.5,36475.203
2067,600173.SH,20120315,4.16,4.17,3.93,3.94,4.15,-0.21,-5.06,86633.62,34731.923
2068,600173.SH,20120314,4.45,4.51,4.09,4.15,4.42,-0.27,-6.11,154218.99,67098.59
2069,600173.SH,20120313,4.35,4.44,4.32,4.42,4.36,0.06,1.38,74291.85,32708.196
2070,600173.SH,20120312,4.46,4.5,4.31,4.36,4.45,-0.09,-2.02,78913.96,34663.605
2071,600173.SH,20120309,4.45,4.5,4.38,4.45,4.44,0.01,0.23,58492.01,25900.931
2072,600173.SH,20120308,4.42,4.51,4.41,4.44,4.41,0.03,0.68,87251.54,38897.888
2073,600173.SH,20120307,4.33,4.52,4.3,4.41,4.4,0.01,0.23,109780.89,48797.721
2074,600173.SH,20120306,4.33,4.48,4.28,4.4,4.39,0.01,0.23,107599.22,47180.716
2075,600173.SH,20120305,4.45,4.47,4.36,4.39,4.38,0.01,0.23,93070.26,41095.681
2076,600173.SH,20120302,4.28,4.45,4.26,4.38,4.27,0.11,2.58,153826.62,67325.8
2077,600173.SH,20120301,4.22,4.34,4.22,4.27,4.26,0.01,0.23,71899.09,30864.725
2078,600173.SH,20120229,4.42,4.44,4.25,4.26,4.49,-0.23,-5.12,136247.78,58670.471
2079,600173.SH,20120228,4.46,4.56,4.4,4.49,4.48,0.01,0.22,126658.88,56574.378
2080,600173.SH,20120227,4.6,4.61,4.48,4.48,4.54,-0.06,-1.32,231069.79,105005.799
2081,600173.SH,20120224,4.44,4.7,4.4,4.54,4.45,0.09,2.02,298571.35,136085.159
2082,600173.SH,20120223,4.5,4.52,4.4,4.45,4.53,-0.08,-1.77,188970.2,84222.022
2083,600173.SH,20120222,4.48,4.58,4.45,4.53,4.57,-0.04,-0.88,360265.34,162750.717
2084,600173.SH,20120221,4.47,4.65,4.39,4.57,4.57,0.0,0.0,580937.5,260754.251
2085,600173.SH,20120220,4.23,4.58,4.16,4.57,4.16,0.41,9.86,630109.85,278712.732
2086,600173.SH,20120217,4.08,4.21,4.03,4.16,4.12,0.04,0.97,250421.18,103761.434
2087,600173.SH,20120216,3.97,4.15,3.91,4.12,4.01,0.11,2.74,87202.56,35064.801
2088,600173.SH,20120215,3.96,4.03,3.9,4.01,3.96,0.05,1.26,82824.29,32992.166
2089,600173.SH,20120214,3.86,3.99,3.86,3.96,3.9,0.06,1.54,69815.56,27496.125
2090,600173.SH,20120213,3.84,3.95,3.8,3.9,3.94,-0.04,-1.02,84533.53,32708.539
2091,600173.SH,20120210,3.89,4.06,3.86,3.94,3.91,0.03,0.77,110286.92,43695.538
2092,600173.SH,20120209,3.79,4.1,3.75,3.91,3.79,0.12,3.17,143363.13,55969.649
2093,600173.SH,20120208,3.68,3.79,3.65,3.79,3.67,0.12,3.27,45112.0,16874.733
2094,600173.SH,20120207,3.74,3.76,3.65,3.67,3.76,-0.09,-2.39,26675.72,9825.475
2095,600173.SH,20120206,3.77,3.81,3.73,3.76,3.78,-0.02,-0.53,28207.9,10645.682
2096,600173.SH,20120203,3.76,3.79,3.73,3.78,3.74,0.04,1.07,29032.41,10929.908
2097,600173.SH,20120202,3.68,3.74,3.65,3.74,3.67,0.07,1.91,17877.27,6626.951
2098,600173.SH,20120201,3.71,3.75,3.65,3.67,3.73,-0.06,-1.61,16168.92,5978.358
2099,600173.SH,20120130,3.79,3.81,3.7,3.73,3.79,-0.06,-1.58,22277.76,8345.556
2100,600173.SH,20120120,3.76,3.8,3.72,3.79,3.72,0.07,1.88,35661.12,13431.863
2101,600173.SH,20120119,3.7,3.79,3.7,3.72,3.68,0.04,1.09,25466.76,9545.897
2102,600173.SH,20120118,3.74,3.79,3.67,3.68,3.72,-0.04,-1.08,35537.56,13253.296
2103,600173.SH,20120117,3.57,3.74,3.55,3.72,3.55,0.17,4.79,31025.33,11371.779
2104,600173.SH,20120116,3.56,3.67,3.55,3.55,3.63,-0.08,-2.2,16896.74,6092.127
2105,600173.SH,20120113,3.76,3.78,3.6,3.63,3.79,-0.16,-4.22,38895.81,14272.722
2106,600173.SH,20120112,3.75,3.9,3.74,3.79,3.79,0.0,0.0,49432.68,18881.564
2107,600173.SH,20120111,3.72,3.79,3.69,3.79,3.79,0.0,0.0,51600.7,19318.866
2108,600173.SH,20120110,3.67,3.82,3.67,3.79,3.67,0.12,3.27,57319.05,21461.827
2109,600173.SH,20120109,3.57,3.67,3.52,3.67,3.56,0.11,3.09,28563.27,10345.21
2110,600173.SH,20120106,3.55,3.6,3.48,3.56,3.55,0.01,0.28,18336.93,6492.202
2111,600173.SH,20120105,3.7,3.76,3.53,3.55,3.73,-0.18,-4.83,26273.2,9559.675
2112,600173.SH,20120104,3.8,3.82,3.72,3.73,3.79,-0.06,-1.58,22833.19,8602.313
2113,600173.SH,20111230,3.72,3.81,3.7,3.79,3.72,0.07,1.88,38492.53,14439.494
2114,600173.SH,20111229,3.72,3.76,3.69,3.72,3.75,-0.03,-0.8,20628.18,7668.758
2115,600173.SH,20111228,3.63,3.77,3.61,3.75,3.67,0.08,2.18,43966.14,16276.928
2116,600173.SH,20111227,3.67,3.7,3.56,3.67,3.69,-0.02,-0.54,25390.25,9232.216
2117,600173.SH,20111226,3.67,3.73,3.64,3.69,3.71,-0.02,-0.54,22685.85,8341.805
2118,600173.SH,20111223,3.66,3.79,3.62,3.71,3.66,0.05,1.37,27252.59,10107.477
2119,600173.SH,20111222,3.67,3.69,3.51,3.66,3.71,-0.05,-1.35,27465.88,9917.562
2120,600173.SH,20111221,3.79,3.82,3.64,3.71,3.76,-0.05,-1.33,26743.16,9949.372
2121,600173.SH,20111220,3.72,3.86,3.72,3.76,3.77,-0.01,-0.27,38774.14,14724.344
2122,600173.SH,20111219,3.7,3.78,3.61,3.77,3.73,0.04,1.07,28853.39,10614.051
2123,600173.SH,20111216,3.58,3.74,3.55,3.73,3.58,0.15,4.19,32636.89,11888.896
2124,600173.SH,20111215,3.6,3.76,3.57,3.58,3.6,-0.02,-0.56,39108.09,14227.231
2125,600173.SH,20111214,3.69,3.78,3.58,3.6,3.74,-0.14,-3.74,24484.12,9012.69
2126,600173.SH,20111213,3.85,3.89,3.71,3.74,3.9,-0.16,-4.1,37628.11,14244.122
2127,600173.SH,20111212,3.99,4.0,3.87,3.9,3.99,-0.09,-2.26,26161.23,10296.675
2128,600173.SH,20111209,3.92,4.05,3.9,3.99,3.96,0.03,0.76,41716.06,16651.345
2129,600173.SH,20111208,3.94,3.99,3.83,3.96,3.98,-0.02,-0.5,24172.05,9478.894
2130,600173.SH,20111207,3.94,3.98,3.9,3.98,3.97,0.01,0.25,21712.84,8567.507
2131,600173.SH,20111206,3.87,4.03,3.85,3.97,3.86,0.11,2.85,55861.26,22197.892
2132,600173.SH,20111205,3.92,3.92,3.82,3.86,3.92,-0.06,-1.53,23061.36,8935.045
2133,600173.SH,20111202,3.98,3.98,3.89,3.92,4.0,-0.08,-2.0,33810.81,13257.363
2134,600173.SH,20111201,4.03,4.1,3.98,4.0,3.88,0.12,3.09,66717.5,26908.912
2135,600173.SH,20111130,4.09,4.09,3.84,3.88,4.1,-0.22,-5.37,56208.79,22128.646
2136,600173.SH,20111129,4.07,4.1,4.02,4.1,4.02,0.08,1.99,29065.6,11818.813
2137,600173.SH,20111128,4.03,4.06,3.99,4.02,4.02,0.0,0.0,22675.93,9114.508
2138,600173.SH,20111125,4.13,4.16,4.01,4.02,4.13,-0.11,-2.66,33312.29,13563.267
2139,600173.SH,20111124,4.12,4.22,4.04,4.13,4.15,-0.02,-0.48,35816.48,14739.95
2140,600173.SH,20111123,4.28,4.31,4.14,4.15,4.3,-0.15,-3.49,55873.38,23452.624
2141,600173.SH,20111122,4.47,4.49,4.23,4.3,4.47,-0.17,-3.8,95477.44,41764.065
2142,600173.SH,20111121,4.42,4.48,4.35,4.47,4.43,0.04,0.9,164355.42,72761.985
2143,600173.SH,20111118,4.38,4.48,4.25,4.43,4.4,0.03,0.68,113165.76,49553.674
2144,600173.SH,20111117,4.36,4.41,4.35,4.4,4.35,0.05,1.15,46764.15,20442.988
2145,600173.SH,20111116,4.41,4.42,4.32,4.35,4.42,-0.07,-1.58,64749.84,28183.156
2146,600173.SH,20111115,4.39,4.42,4.31,4.42,4.4,0.02,0.45,55286.75,24179.468
2147,600173.SH,20111114,4.36,4.43,4.32,4.4,4.32,0.08,1.85,52212.2,22878.654
2148,600173.SH,20111111,4.4,4.48,4.31,4.32,4.45,-0.13,-2.92,83840.2,36752.365
2149,600173.SH,20111110,4.63,4.73,4.42,4.45,4.75,-0.3,-6.32,227259.86,104275.126
2150,600173.SH,20111109,4.59,4.79,4.53,4.75,4.68,0.07,1.5,282813.37,130359.409
2151,600173.SH,20111108,4.44,4.7,4.33,4.68,4.45,0.23,5.17,177154.34,80314.901
2152,600173.SH,20111107,4.44,4.49,4.39,4.45,4.49,-0.04,-0.89,65964.7,29259.315
2153,600173.SH,20111104,4.34,4.52,4.29,4.49,4.33,0.16,3.7,155710.48,68292.097
2154,600173.SH,20111103,4.18,4.57,4.14,4.33,4.16,0.17,4.09,195784.25,86135.374
2155,600173.SH,20111102,4.07,4.16,4.0,4.16,4.12,0.04,0.97,48505.56,19804.136
2156,600173.SH,20111101,4.12,4.2,4.09,4.12,4.19,-0.07,-1.67,57807.24,23930.955
2157,600173.SH,20111031,4.25,4.25,4.1,4.19,4.27,-0.08,-1.87,83118.46,34549.881
2158,600173.SH,20111028,4.17,4.44,4.15,4.27,4.13,0.14,3.39,133572.04,57384.451
2159,600173.SH,20111027,4.09,4.17,4.08,4.13,4.09,0.04,0.98,77299.36,31977.741
2160,600173.SH,20111026,4.04,4.2,4.01,4.09,4.08,0.01,0.25,92582.3,38097.68
2161,600173.SH,20111025,3.96,4.14,3.94,4.08,4.0,0.08,2.0,51353.9,20817.392
2162,600173.SH,20111024,3.92,4.02,3.81,4.0,3.92,0.08,2.04,35903.36,14144.524
2163,600173.SH,20111021,3.93,4.02,3.88,3.92,3.91,0.01,0.26,30910.86,12218.36
2164,600173.SH,20111020,4.1,4.13,3.9,3.91,4.15,-0.24,-5.78,62658.73,24864.891
2165,600173.SH,20111019,4.12,4.25,4.12,4.15,4.16,-0.01,-0.24,35191.29,14696.164
2166,600173.SH,20111018,4.3,4.31,4.15,4.16,4.37,-0.21,-4.81,55590.03,23456.566
2167,600173.SH,20111017,4.32,4.43,4.26,4.37,4.36,0.01,0.23,90854.19,39570.31
2168,600173.SH,20111014,4.3,4.44,4.19,4.36,4.33,0.03,0.69,71405.98,30617.715
2169,600173.SH,20111013,4.24,4.38,4.22,4.33,4.27,0.06,1.41,68138.49,29387.732
2170,600173.SH,20111012,4.09,4.3,4.08,4.27,4.13,0.14,3.39,55383.05,23401.568
2171,600173.SH,20111011,4.26,4.26,4.06,4.13,4.11,0.02,0.49,49321.59,20456.47
2172,600173.SH,20111010,4.38,4.38,4.1,4.11,4.34,-0.23,-5.3,66119.93,27826.01
2173,600173.SH,20110930,4.31,4.41,4.25,4.34,4.32,0.02,0.46,48701.17,21075.523
2174,600173.SH,20110929,4.41,4.47,4.29,4.32,4.49,-0.17,-3.79,78773.42,34450.005
2175,600173.SH,20110928,4.7,4.74,4.42,4.49,4.67,-0.18,-3.85,123411.7,56640.611
2176,600173.SH,20110927,4.73,4.79,4.58,4.67,4.75,-0.08,-1.68,122680.48,57192.436
2177,600173.SH,20110926,4.7,4.94,4.56,4.75,4.76,-0.01,-0.21,296358.44,140955.795
2178,600173.SH,20110923,4.33,4.76,4.31,4.76,4.33,0.43,9.93,302458.96,142721.137
2179,600173.SH,20110922,4.47,4.49,4.33,4.33,4.49,-0.16,-3.56,23169.01,10202.858
2180,600173.SH,20110921,4.41,4.52,4.36,4.49,4.4,0.09,2.05,28535.9,12758.631
2181,600173.SH,20110920,4.4,4.45,4.36,4.4,4.38,0.02,0.46,14955.9,6572.936
2182,600173.SH,20110919,4.57,4.57,4.35,4.38,4.54,-0.16,-3.52,24141.28,10689.866
2183,600173.SH,20110915,4.58,4.61,4.53,4.54,4.56,-0.02,-0.44,18895.4,8655.345
2184,600173.SH,20110914,4.52,4.59,4.48,4.56,4.52,0.04,0.89,10518.69,4765.883
2185,600173.SH,20110913,4.49,4.55,4.47,4.52,4.58,-0.06,-1.31,16135.05,7279.38
2186,600173.SH,20110909,4.66,4.7,4.55,4.58,4.67,-0.09,-1.93,24559.0,11376.669
2187,600173.SH,20110908,4.76,4.76,4.66,4.67,4.76,-0.09,-1.89,30981.92,14559.561
2188,600173.SH,20110907,4.68,4.77,4.63,4.76,4.68,0.08,1.71,29761.29,14000.115
2189,600173.SH,20110906,4.64,4.7,4.61,4.68,4.68,0.0,0.0,12090.1,5617.301
2190,600173.SH,20110905,4.83,4.83,4.67,4.68,4.84,-0.16,-3.31,15957.28,7574.048
2191,600173.SH,20110902,4.76,4.87,4.74,4.84,4.76,0.08,1.68,24240.09,11633.212
2192,600173.SH,20110901,4.84,4.85,4.72,4.76,4.8,-0.04,-0.83,13563.58,6502.666
2193,600173.SH,20110831,4.84,4.87,4.77,4.8,4.84,-0.04,-0.83,14730.37,7093.95
2194,600173.SH,20110830,4.93,4.99,4.83,4.84,4.92,-0.08,-1.63,22122.5,10882.678
2195,600173.SH,20110829,4.93,4.98,4.9,4.92,4.99,-0.07,-1.4,23613.05,11649.166
2196,600173.SH,20110826,4.98,5.04,4.95,4.99,4.98,0.01,0.2,22903.19,11403.642
2197,600173.SH,20110825,4.82,5.0,4.82,4.98,4.83,0.15,3.11,43622.24,21578.753
2198,600173.SH,20110824,4.88,4.94,4.82,4.83,4.85,-0.02,-0.41,20586.57,10037.691
2199,600173.SH,20110823,4.79,4.86,4.75,4.85,4.74,0.11,2.32,19116.32,9192.056
2200,600173.SH,20110822,4.75,4.8,4.7,4.74,4.75,-0.01,-0.21,18615.44,8857.126
2201,600173.SH,20110819,4.73,4.78,4.7,4.75,4.85,-0.1,-2.06,21659.68,10269.578
2202,600173.SH,20110818,4.91,4.98,4.83,4.85,4.95,-0.1,-2.02,24515.1,12015.117
2203,600173.SH,20110817,4.97,5.07,4.89,4.95,5.0,-0.05,-1.0,31841.42,15884.491
2204,600173.SH,20110816,4.99,5.12,4.97,5.0,4.98,0.02,0.4,56818.38,28742.403
2205,600173.SH,20110815,4.96,4.98,4.86,4.98,4.95,0.03,0.61,34384.87,16979.772
2206,600173.SH,20110812,4.95,4.99,4.87,4.95,4.91,0.04,0.81,36762.6,18143.57
2207,600173.SH,20110811,4.75,4.94,4.7,4.91,4.83,0.08,1.66,48896.2,23829.699
2208,600173.SH,20110810,4.74,5.02,4.73,4.83,4.69,0.14,2.99,68634.46,33597.249
2209,600173.SH,20110809,4.57,4.74,4.43,4.69,4.71,-0.02,-0.42,42678.56,19793.777
2210,600173.SH,20110808,4.99,5.0,4.6,4.71,5.06,-0.35,-6.92,46779.93,22589.731
2211,600173.SH,20110805,5.13,5.13,5.01,5.06,5.25,-0.19,-3.62,69210.77,34994.599
2212,600173.SH,20110804,5.26,5.31,5.23,5.25,5.26,-0.01,-0.19,15122.6,7972.011
2213,600173.SH,20110803,5.19,5.32,5.17,5.26,5.22,0.04,0.77,24708.39,13016.214
2214,600173.SH,20110802,5.29,5.31,5.16,5.22,5.29,-0.07,-1.32,26456.8,13781.535
2215,600173.SH,20110801,5.25,5.35,5.25,5.29,5.28,0.01,0.19,18238.1,9686.91
2216,600173.SH,20110729,5.24,5.32,5.22,5.28,5.24,0.04,0.76,29280.43,15428.615
2217,600173.SH,20110728,5.28,5.34,5.21,5.24,5.35,-0.11,-2.06,24845.29,13053.927
2218,600173.SH,20110727,5.32,5.36,5.25,5.35,5.31,0.04,0.75,30278.23,16093.155
2219,600173.SH,20110726,5.3,5.34,5.18,5.31,5.31,0.0,0.0,44035.68,23214.66
2220,600173.SH,20110725,5.52,5.52,5.27,5.31,5.56,-0.25,-4.5,52383.02,28359.711
2221,600173.SH,20110722,5.48,5.65,5.45,5.56,5.45,0.11,2.02,63029.11,34955.356
2222,600173.SH,20110721,5.51,5.54,5.45,5.45,5.54,-0.09,-1.62,32885.22,18016.167
2223,600173.SH,20110720,5.58,5.6,5.51,5.54,5.58,-0.04,-0.72,43987.16,24383.403
2224,600173.SH,20110719,5.55,5.63,5.51,5.58,5.66,-0.08,-1.41,76159.79,42379.674
2225,600173.SH,20110718,5.43,5.81,5.4,5.66,5.46,0.2,3.66,155374.62,87214.579
2226,600173.SH,20110715,5.52,5.52,5.4,5.46,5.53,-0.07,-1.27,62228.57,33815.19
2227,600173.SH,20110714,5.53,5.57,5.49,5.53,5.55,-0.02,-0.36,41657.26,23012.416
2228,600173.SH,20110713,5.41,5.6,5.41,5.55,5.43,0.12,2.21,52061.22,28732.982
2229,600173.SH,20110712,5.5,5.51,5.42,5.43,5.56,-0.13,-2.34,29700.77,16206.829
2230,600173.SH,20110711,5.48,5.56,5.44,5.56,5.5,0.06,1.09,47267.88,25992.626
2231,600173.SH,20110708,5.5,5.53,5.45,5.5,5.49,0.01,0.18,33030.05,18109.664
2232,600173.SH,20110707,5.53,5.6,5.47,5.49,5.55,-0.06,-1.08,50460.22,27881.742
2233,600173.SH,20110706,5.56,5.57,5.5,5.55,5.6,-0.05,-0.89,35141.27,19437.49
2234,600173.SH,20110705,5.56,5.64,5.54,5.6,5.57,0.03,0.54,52559.5,29401.483
2235,600173.SH,20110704,5.5,5.59,5.48,5.57,5.48,0.09,1.64,52506.47,29154.499
2236,600173.SH,20110701,5.42,5.53,5.42,5.48,5.41,0.07,1.29,57939.95,31799.734
2237,600173.SH,20110630,5.36,5.47,5.36,5.41,5.38,0.03,0.56,32700.1,17750.135
2238,600173.SH,20110629,5.46,5.48,5.37,5.38,5.47,-0.09,-1.65,24979.03,13546.522
2239,600173.SH,20110628,5.45,5.52,5.4,5.47,5.47,0.0,0.0,30878.56,16871.565
2240,600173.SH,20110627,5.42,5.48,5.4,5.47,5.43,0.04,0.74,36039.77,19611.774
2241,600173.SH,20110624,5.3,5.48,5.3,5.43,5.35,0.08,1.5,45438.0,24584.84
2242,600173.SH,20110623,5.26,5.37,5.25,5.35,5.28,0.07,1.33,27908.15,14842.412
2243,600173.SH,20110622,5.3,5.35,5.25,5.28,5.32,-0.04,-0.75,15698.7,8306.527
2244,600173.SH,20110621,5.27,5.36,5.26,5.32,5.27,0.05,0.95,25777.32,13695.363
2245,600173.SH,20110620,5.21,5.3,5.18,5.27,5.24,0.03,0.57,25516.87,13393.34
2246,600173.SH,20110617,5.33,5.38,5.2,5.24,5.33,-0.09,-1.69,27316.28,14525.567
2247,600173.SH,20110616,5.47,5.47,5.3,5.33,5.46,-0.13,-2.38,27109.21,14561.506
2248,600173.SH,20110615,5.5,5.55,5.45,5.46,5.52,-0.06,-1.09,25436.6,13973.173
2249,600173.SH,20110614,5.4,5.62,5.4,5.52,5.38,0.14,2.6,45690.8,25287.073
2250,600173.SH,20110613,5.4,5.41,5.32,5.38,5.46,-0.08,-1.47,21754.98,11659.785
2251,600173.SH,20110610,5.4,5.51,5.35,5.46,5.41,0.05,0.92,48029.69,26075.338
2252,600173.SH,20110609,5.56,5.57,5.41,5.41,5.6,-0.19,-3.39,34126.4,18731.116
2253,600173.SH,20110608,5.54,5.64,5.45,5.6,5.55,0.05,0.9,36879.57,20535.744
2254,600173.SH,20110607,5.51,5.62,5.49,5.55,5.55,0.0,0.0,20199.22,11185.404
2255,600173.SH,20110603,5.48,5.56,5.47,5.55,5.47,0.08,1.46,25262.09,13950.518
2256,600173.SH,20110602,5.52,5.53,5.33,5.47,5.56,-0.09,-1.62,34914.4,18959.33
2257,600173.SH,20110601,5.54,5.58,5.47,5.56,5.54,0.02,0.36,22564.79,12443.44
2258,600173.SH,20110531,5.44,5.54,5.4,5.54,5.43,0.11,2.03,26673.4,14595.341
2259,600173.SH,20110530,5.62,5.64,5.42,5.43,5.63,-0.2,-3.55,32439.52,17910.746
2260,600173.SH,20110527,5.87,5.88,5.61,5.63,5.89,-0.26,-4.41,42616.71,24366.832
2261,600173.SH,20110526,6.0,6.04,5.88,5.89,5.98,-0.09,-1.51,56510.29,33811.509
2262,600173.SH,20110525,5.98,6.0,5.82,5.98,5.9,0.08,1.36,52663.61,31141.451
2263,600173.SH,20110524,5.95,6.0,5.83,5.9,5.94,-0.04,-0.67,34208.0,20201.469
2264,600173.SH,20110523,6.3,6.3,5.92,5.94,6.31,-0.37,-5.86,71775.44,43579.718
2265,600173.SH,20110520,6.26,6.45,6.22,6.38,6.27,0.11,1.75,120994.21,77236.621
2266,600173.SH,20110519,6.38,6.38,6.2,6.27,6.35,-0.08,-1.26,47027.36,29541.069
2267,600173.SH,20110518,6.27,6.36,6.2,6.35,6.28,0.07,1.11,61189.62,38590.564
2268,600173.SH,20110517,6.21,6.31,6.15,6.28,6.24,0.04,0.64,58364.17,36486.48
2269,600173.SH,20110516,6.19,6.3,6.17,6.24,6.2,0.04,0.65,59555.24,37226.432
2270,600173.SH,20110513,6.15,6.22,6.11,6.2,6.14,0.06,0.98,36760.77,22660.106
2271,600173.SH,20110512,6.14,6.28,6.11,6.14,6.17,-0.03,-0.49,46679.22,28955.015
2272,600173.SH,20110511,6.16,6.22,6.1,6.17,6.17,0.0,0.0,38360.97,23696.96
2273,600173.SH,20110510,6.11,6.2,6.07,6.17,6.11,0.06,0.98,50062.52,30716.077
2274,600173.SH,20110509,6.12,6.17,6.09,6.11,6.13,-0.02,-0.33,29556.45,18079.712
2275,600173.SH,20110506,6.05,6.21,6.01,6.13,6.09,0.04,0.66,40237.15,24538.829
2276,600173.SH,20110505,6.05,6.12,6.03,6.09,6.05,0.04,0.66,29621.79,18024.722
2277,600173.SH,20110504,6.2,6.2,6.03,6.05,6.2,-0.15,-2.42,41324.73,25236.695
2278,600173.SH,20110503,6.16,6.23,6.13,6.2,6.16,0.04,0.65,39035.24,24102.61
2279,600173.SH,20110429,6.08,6.18,5.98,6.16,6.17,-0.01,-0.16,40889.21,24857.118
2280,600173.SH,20110427,6.38,6.39,6.12,6.17,6.34,-0.17,-2.68,58324.02,36361.992
2281,600173.SH,20110426,6.32,6.37,6.3,6.34,6.32,0.02,0.32,31518.67,19972.194
2282,600173.SH,20110425,6.48,6.48,6.31,6.32,6.48,-0.16,-2.47,62893.56,40100.611
2283,600173.SH,20110422,6.57,6.57,6.46,6.48,6.59,-0.11,-1.67,67748.94,44042.655
2284,600173.SH,20110421,6.57,6.64,6.53,6.59,6.58,0.01,0.15,65661.2,43232.427
2285,600173.SH,20110420,6.6,6.63,6.51,6.58,6.59,-0.01,-0.15,61753.37,40549.254
2286,600173.SH,20110419,6.69,6.69,6.49,6.59,6.73,-0.14,-2.08,102790.17,67661.275
2287,600173.SH,20110418,6.7,6.84,6.62,6.73,6.75,-0.02,-0.3,112315.82,75733.075
2288,600173.SH,20110415,6.56,6.79,6.56,6.75,6.56,0.19,2.9,173386.57,116323.27
2289,600173.SH,20110414,6.71,6.73,6.55,6.56,6.73,-0.17,-2.53,102251.34,67613.229
2290,600173.SH,20110413,6.67,6.75,6.63,6.73,6.76,-0.03,-0.44,103451.84,69215.323
2291,600173.SH,20110412,6.66,6.82,6.53,6.76,6.64,0.12,1.81,236159.99,158200.516
2292,600173.SH,20110411,6.5,6.66,6.45,6.64,6.54,0.1,1.53,125542.14,82248.114
2293,600173.SH,20110408,6.61,6.61,6.5,6.54,6.61,-0.07,-1.06,92415.27,60341.664
2294,600173.SH,20110407,6.59,6.67,6.54,6.61,6.59,0.02,0.3,81605.92,53960.524
2295,600173.SH,20110406,6.45,6.63,6.42,6.59,6.5,0.09,1.38,99874.47,65429.469
2296,600173.SH,20110401,6.36,6.54,6.36,6.5,6.4,0.1,1.56,59888.68,38612.2
2297,600173.SH,20110331,6.51,6.58,6.36,6.4,6.53,-0.13,-1.99,63595.48,41035.611
2298,600173.SH,20110330,6.56,6.57,6.43,6.53,6.59,-0.06,-0.91,84682.72,55076.769
2299,600173.SH,20110329,6.45,6.72,6.39,6.59,6.49,0.1,1.54,190164.08,125417.192
2300,600173.SH,20110328,6.53,6.62,6.47,6.49,6.5,-0.01,-0.15,111502.1,72947.219
2301,600173.SH,20110325,6.43,6.6,6.4,6.5,6.43,0.07,1.09,112332.28,73196.011
2302,600173.SH,20110324,6.48,6.51,6.38,6.43,6.51,-0.08,-1.23,90111.73,58050.64
2303,600173.SH,20110323,6.35,6.63,6.31,6.51,6.38,0.13,2.04,176034.13,114425.429
2304,600173.SH,20110322,6.39,6.56,6.33,6.38,6.43,-0.05,-0.78,89667.16,57354.084
2305,600173.SH,20110321,6.2,6.44,6.17,6.43,6.24,0.19,3.04,152039.54,96723.725
2306,600173.SH,20110318,6.12,6.26,6.12,6.24,6.12,0.12,1.96,69467.9,43049.466
2307,600173.SH,20110317,6.17,6.22,6.07,6.12,6.19,-0.07,-1.13,52906.26,32421.899
2308,600173.SH,20110316,6.15,6.21,6.15,6.19,6.15,0.04,0.65,41311.29,25525.804
2309,600173.SH,20110315,6.31,6.31,6.06,6.15,6.32,-0.17,-2.69,68536.21,42268.096
2310,600173.SH,20110314,6.31,6.34,6.25,6.32,6.34,-0.02,-0.32,47642.96,30014.381
2311,600173.SH,20110311,6.41,6.46,6.33,6.34,6.47,-0.13,-2.01,61808.38,39500.972
2312,600173.SH,20110310,6.43,6.53,6.34,6.47,6.44,0.03,0.47,82860.67,53327.33
2313,600173.SH,20110309,6.52,6.55,6.4,6.44,6.52,-0.08,-1.23,58247.48,37611.226
2314,600173.SH,20110308,6.5,6.59,6.43,6.52,6.51,0.01,0.15,80990.96,52659.785
2315,600173.SH,20110307,6.47,6.69,6.47,6.51,6.46,0.05,0.77,152897.25,100033.899
2316,600173.SH,20110304,6.27,6.48,6.23,6.46,6.27,0.19,3.03,137545.27,87931.245
2317,600173.SH,20110303,6.31,6.39,6.26,6.27,6.29,-0.02,-0.32,67253.48,42603.003
2318,600173.SH,20110302,6.31,6.31,6.22,6.29,6.36,-0.07,-1.1,67114.58,42070.531
2319,600173.SH,20110301,6.39,6.41,6.26,6.36,6.3,0.06,0.95,137189.89,87025.833
2320,600173.SH,20110228,6.22,6.32,6.18,6.3,6.22,0.08,1.29,77281.57,48504.381
2321,600173.SH,20110225,6.28,6.28,6.17,6.22,6.28,-0.06,-0.96,48163.23,29973.1
2322,600173.SH,20110224,6.23,6.32,6.19,6.28,6.23,0.05,0.8,58590.89,36675.793
2323,600173.SH,20110223,6.16,6.3,6.15,6.23,6.17,0.06,0.97,50382.21,31324.97
2324,600173.SH,20110222,6.35,6.35,6.16,6.17,6.37,-0.2,-3.14,63382.94,39431.147
2325,600173.SH,20110221,6.2,6.44,6.15,6.37,6.29,0.08,1.27,109917.52,68863.771
2326,600173.SH,20110218,6.2,6.55,6.14,6.29,6.19,0.1,1.62,136092.34,86784.165
2327,600173.SH,20110217,6.28,6.29,6.14,6.19,6.27,-0.08,-1.28,67721.8,41940.65
2328,600173.SH,20110216,6.25,6.28,6.18,6.27,6.25,0.02,0.32,53260.92,33213.516
2329,600173.SH,20110215,6.27,6.38,6.22,6.25,6.27,-0.02,-0.32,112778.48,71141.441
2330,600173.SH,20110214,6.16,6.32,6.13,6.27,6.17,0.1,1.62,90557.16,56437.813
2331,600173.SH,20110211,6.06,6.27,6.03,6.17,6.1,0.07,1.15,97338.54,59863.271
2332,600173.SH,20110210,5.99,6.1,5.94,6.1,5.97,0.13,2.18,54533.73,33006.866
2333,600173.SH,20110209,6.01,6.04,5.95,5.97,6.09,-0.12,-1.97,37717.51,22610.616
2334,600173.SH,20110201,6.06,6.11,6.01,6.09,6.05,0.04,0.66,37443.71,22708.126
2335,600173.SH,20110131,6.02,6.07,5.99,6.05,6.07,-0.02,-0.33,47882.2,28837.215
2336,600173.SH,20110128,6.0,6.13,5.99,6.07,6.04,0.03,0.5,42772.58,25900.371
2337,600173.SH,20110127,6.05,6.05,5.82,6.04,6.12,-0.08,-1.31,57460.06,34316.349
2338,600173.SH,20110126,6.13,6.16,6.08,6.12,6.11,0.01,0.16,25904.88,15846.296
2339,600173.SH,20110125,6.07,6.14,6.01,6.11,6.06,0.05,0.83,24134.86,14682.638
2340,600173.SH,20110124,6.1,6.18,5.98,6.06,6.07,-0.01,-0.16,34846.88,21118.271
2341,600173.SH,20110121,5.94,6.29,5.94,6.07,5.97,0.1,1.68,41555.35,25324.891
2342,600173.SH,20110120,6.2,6.2,5.96,5.97,6.19,-0.22,-3.55,52495.39,31773.609
2343,600173.SH,20110119,6.13,6.22,6.05,6.19,6.14,0.05,0.81,43173.67,26502.521
2344,600173.SH,20110118,6.08,6.17,6.08,6.14,6.1,0.04,0.66,22531.03,13797.618
2345,600173.SH,20110117,6.41,6.41,6.05,6.1,6.45,-0.35,-5.43,59664.17,36926.791
2346,600173.SH,20110114,6.45,6.53,6.37,6.45,6.48,-0.03,-0.46,47943.17,30845.873
2347,600173.SH,20110113,6.63,6.64,6.45,6.48,6.59,-0.11,-1.67,47598.56,31048.259
2348,600173.SH,20110112,6.55,6.7,6.5,6.59,6.52,0.07,1.07,72656.7,47996.193
2349,600173.SH,20110111,6.37,6.54,6.32,6.52,6.36,0.16,2.52,72284.55,46827.806
2350,600173.SH,20110110,6.55,6.61,6.3,6.36,6.54,-0.18,-2.75,67427.45,43822.382
2351,600173.SH,20110107,6.51,6.69,6.46,6.54,6.46,0.08,1.24,104585.49,68987.91
2352,600173.SH,20110106,6.43,6.55,6.39,6.46,6.45,0.01,0.16,56288.25,36397.879
2353,600173.SH,20110105,6.43,6.55,6.39,6.45,6.46,-0.01,-0.15,71026.64,45922.599
2354,600173.SH,20110104,6.28,6.6,6.21,6.46,6.22,0.24,3.86,144489.32,93408.995
2355,600173.SH,20101231,6.14,6.25,6.09,6.22,6.1,0.12,1.97,59204.1,36476.256
2356,600173.SH,20101230,6.24,6.24,6.06,6.1,6.24,-0.14,-2.24,68202.35,41828.76
2357,600173.SH,20101229,6.2,6.27,6.1,6.24,6.23,0.01,0.16,76136.72,47207.171
2358,600173.SH,20101228,6.63,6.67,6.16,6.23,6.66,-0.43,-6.46,127748.96,82759.095
2359,600173.SH,20101227,6.75,6.87,6.65,6.66,6.81,-0.15,-2.2,131877.02,88968.075
2360,600173.SH,20101224,6.73,6.89,6.67,6.81,6.72,0.09,1.34,128222.88,87352.856
2361,600173.SH,20101223,6.76,6.81,6.67,6.72,6.77,-0.05,-0.74,78373.48,52764.538
2362,600173.SH,20101222,6.87,7.0,6.73,6.77,6.92,-0.15,-2.17,139610.73,95579.608
2363,600173.SH,20101221,6.65,7.01,6.62,6.92,6.65,0.27,4.06,246121.21,169230.572
2364,600173.SH,20101220,6.78,6.83,6.55,6.65,6.75,-0.1,-1.48,106675.54,71307.636
2365,600173.SH,20101217,6.75,6.82,6.7,6.75,6.8,-0.05,-0.74,86954.74,58581.808
2366,600173.SH,20101216,6.7,7.09,6.69,6.8,6.71,0.09,1.34,211074.65,145426.504
2367,600173.SH,20101215,6.78,6.82,6.68,6.71,6.82,-0.11,-1.61,107439.57,72323.704
2368,600173.SH,20101214,6.72,6.87,6.69,6.82,6.74,0.08,1.19,135233.01,91784.702
2369,600173.SH,20101213,6.64,6.77,6.62,6.74,6.59,0.15,2.28,92822.71,62134.508
2370,600173.SH,20101209,6.7,6.74,6.58,6.59,6.79,-0.2,-2.95,91050.22,60653.393
2371,600173.SH,20101208,6.73,6.89,6.67,6.79,6.75,0.04,0.59,122243.03,82763.671
2372,600173.SH,20101207,6.7,6.79,6.55,6.75,6.7,0.05,0.75,68928.5,46087.658
2373,600173.SH,20101206,6.78,6.83,6.67,6.7,6.77,-0.07,-1.03,78695.27,53070.06
2374,600173.SH,20101203,6.73,6.86,6.67,6.77,6.71,0.06,0.89,92718.21,62858.373
2375,600173.SH,20101202,6.79,6.84,6.68,6.71,6.71,0.0,0.0,88441.06,59561.389
2376,600173.SH,20101201,6.63,6.8,6.62,6.71,6.68,0.03,0.45,74499.47,50060.869
2377,600173.SH,20101130,6.8,6.89,6.51,6.68,6.8,-0.12,-1.76,115205.59,76883.49
2378,600173.SH,20101129,6.76,6.85,6.68,6.8,6.79,0.01,0.15,77442.7,52293.325
2379,600173.SH,20101126,6.9,6.94,6.74,6.79,6.97,-0.18,-2.58,124792.36,85044.429
2380,600173.SH,20101125,6.85,7.14,6.76,6.97,6.82,0.15,2.2,196500.38,137136.283
2381,600173.SH,20101124,6.7,6.83,6.7,6.82,6.73,0.09,1.34,96959.77,65667.937
2382,600173.SH,20101123,6.8,6.9,6.64,6.73,6.92,-0.19,-2.75,106770.42,72000.556
2383,600173.SH,20101122,6.61,7.18,6.6,6.92,6.73,0.19,2.82,215582.62,147911.638
2384,600173.SH,20101119,6.69,6.75,6.55,6.73,6.72,0.01,0.15,107580.75,71568.748
2385,600173.SH,20101118,6.74,6.8,6.62,6.72,6.66,0.06,0.9,92971.32,62360.867
2386,600173.SH,20101117,6.52,6.78,6.48,6.66,6.55,0.11,1.68,145400.01,96938.55
2387,600173.SH,20101116,6.9,6.92,6.54,6.55,6.93,-0.38,-5.48,178561.35,120253.972
2388,600173.SH,20101115,6.88,6.96,6.73,6.93,6.84,0.09,1.32,157376.44,108076.167
2389,600173.SH,20101112,7.49,7.55,6.82,6.84,7.55,-0.71,-9.4,337428.63,241042.026
2390,600173.SH,20101111,7.69,7.82,7.54,7.55,7.76,-0.21,-2.71,293224.81,226440.536
2391,600173.SH,20101110,7.68,7.85,7.54,7.76,7.74,0.02,0.26,278720.98,213988.433
2392,600173.SH,20101109,7.98,8.14,7.7,7.74,7.96,-0.22,-2.76,390930.76,307975.807
2393,600173.SH,20101108,8.24,8.24,7.86,7.96,7.49,0.47,6.28,850124.25,687343.962
2394,600173.SH,20101105,7.28,7.6,7.19,7.49,7.22,0.27,3.74,465110.12,345985.374
2395,600173.SH,20101104,7.15,7.34,7.12,7.22,7.2,0.02,0.28,206646.47,148953.768
2396,600173.SH,20101103,7.18,7.42,7.1,7.2,7.29,-0.09,-1.23,326573.64,237850.472
2397,600173.SH,20101102,6.95,7.63,6.82,7.29,6.96,0.33,4.74,486757.7,351088.203
2398,600173.SH,20101101,6.89,6.97,6.82,6.96,6.95,0.01,0.14,188290.29,129920.523
2399,600173.SH,20101029,7.13,7.14,6.9,6.95,7.14,-0.19,-2.66,166767.12,116338.785
2400,600173.SH,20101028,7.07,7.26,7.01,7.14,7.1,0.04,0.56,199109.49,141685.999
2401,600173.SH,20101027,7.05,7.37,6.97,7.1,7.05,0.05,0.71,322525.67,232227.299
2402,600173.SH,20101026,6.9,7.14,6.84,7.05,6.92,0.13,1.88,260863.52,183491.152
2403,600173.SH,20101025,6.88,6.93,6.76,6.92,6.88,0.04,0.58,193089.01,132495.608
2404,600173.SH,20101022,6.89,6.98,6.8,6.88,6.95,-0.07,-1.01,147961.82,101915.639
2405,600173.SH,20101021,6.89,6.99,6.8,6.95,6.93,0.02,0.29,134905.68,92976.388
2406,600173.SH,20101020,7.09,7.14,6.75,6.93,7.32,-0.39,-5.33,262963.19,182563.239
2407,600173.SH,20101019,7.28,7.4,7.1,7.32,7.25,0.07,0.97,221074.17,159809.664
2408,600173.SH,20101018,7.03,7.4,6.97,7.25,7.03,0.22,3.13,336652.89,243272.306
2409,600173.SH,20101015,7.02,7.13,6.88,7.03,7.1,-0.07,-0.99,205223.49,143512.341
2410,600173.SH,20101014,7.34,7.39,7.07,7.1,7.33,-0.23,-3.14,295889.12,212637.439
2411,600173.SH,20101013,6.98,7.52,6.97,7.33,6.99,0.34,4.86,394968.29,289160.317
2412,600173.SH,20101012,6.96,7.14,6.89,6.99,7.04,-0.05,-0.71,212505.44,148734.821
2413,600173.SH,20101011,6.82,7.17,6.74,7.04,6.84,0.2,2.92,294885.34,206594.45
2414,600173.SH,20101008,6.67,6.93,6.62,6.84,6.83,0.01,0.15,220037.23,149798.722
2415,600173.SH,20100930,6.51,7.1,6.46,6.83,6.58,0.25,3.8,209046.54,143721.637
2416,600173.SH,20100929,6.65,6.79,6.57,6.58,6.72,-0.14,-2.08,105174.19,70024.992
2417,600173.SH,20100928,6.9,6.94,6.7,6.72,7.01,-0.29,-4.14,135913.94,92598.372
2418,600173.SH,20100927,6.85,7.08,6.62,7.01,6.84,0.17,2.49,171961.04,117995.924
2419,600173.SH,20100921,6.8,6.88,6.7,6.84,6.78,0.06,0.89,104766.25,71293.33
2420,600173.SH,20100920,7.18,7.23,6.75,6.78,7.18,-0.4,-5.57,197491.5,137099.977
2421,600173.SH,20100917,7.2,7.4,7.1,7.18,7.24,-0.06,-0.83,309567.48,224600.813
2422,600173.SH,20100916,6.97,7.29,6.93,7.24,7.03,0.21,2.99,366258.88,261855.259
2423,600173.SH,20100915,7.0,7.3,6.95,7.03,7.07,-0.04,-0.57,304701.62,217683.275
2424,600173.SH,20100914,7.29,7.29,6.97,7.07,7.22,-0.15,-2.08,371754.22,263143.86
2425,600173.SH,20100913,6.58,7.22,6.45,7.22,6.56,0.66,10.06,352772.86,248450.979
2426,600173.SH,20100910,6.62,6.69,6.41,6.56,6.64,-0.08,-1.2,109138.79,71297.506
2427,600173.SH,20100909,6.83,6.83,6.63,6.64,6.84,-0.2,-2.92,172763.23,116004.2
2428,600173.SH,20100908,6.86,6.88,6.74,6.84,6.9,-0.06,-0.87,122806.66,83646.645
2429,600173.SH,20100907,6.89,6.95,6.84,6.9,6.87,0.03,0.44,111611.01,76880.049
2430,600173.SH,20100906,6.77,6.92,6.74,6.87,6.77,0.1,1.48,126396.02,86455.432
2431,600173.SH,20100903,6.94,6.94,6.7,6.77,6.9,-0.13,-1.88,162750.18,110366.632
2432,600173.SH,20100902,6.98,7.0,6.83,6.9,6.91,-0.01,-0.14,145012.82,99899.367
2433,600173.SH,20100901,7.01,7.13,6.88,6.91,7.09,-0.18,-2.54,125106.35,87621.231
2434,600173.SH,20100831,6.98,7.17,6.85,7.09,6.98,0.11,1.58,163208.29,114210.606
2435,600173.SH,20100830,6.9,6.99,6.85,6.98,6.85,0.13,1.9,98310.96,68159.681
2436,600173.SH,20100827,6.89,6.92,6.79,6.85,6.92,-0.07,-1.01,91567.95,62682.846
2437,600173.SH,20100826,6.95,7.03,6.85,6.92,6.95,-0.03,-0.43,111352.66,77195.777
2438,600173.SH,20100825,7.27,7.32,6.94,6.95,7.32,-0.37,-5.05,186595.21,132300.133
2439,600173.SH,20100824,7.28,7.39,7.2,7.32,7.22,0.1,1.39,121219.59,88739.392
2440,600173.SH,20100823,7.21,7.35,7.18,7.22,7.29,-0.07,-0.96,136383.94,98805.242
2441,600173.SH,20100820,7.5,7.63,7.28,7.29,7.54,-0.25,-3.32,170604.11,126913.578
2442,600173.SH,20100819,7.63,7.69,7.45,7.54,7.64,-0.1,-1.31,193884.3,146341.513
2443,600173.SH,20100818,7.8,7.89,7.58,7.64,7.77,-0.13,-1.67,240848.09,184709.898
2444,600173.SH,20100817,7.66,7.91,7.55,7.77,7.63,0.14,1.83,351279.83,272421.853
2445,600173.SH,20100816,7.5,7.66,7.44,7.63,7.52,0.11,1.46,280129.37,212786.056
2446,600173.SH,20100813,7.39,7.58,7.27,7.52,7.41,0.11,1.48,187991.6,140048.323
2447,600173.SH,20100812,7.3,7.65,7.25,7.41,7.37,0.04,0.54,277501.76,208259.516
2448,600173.SH,20100811,7.2,7.43,7.18,7.37,7.27,0.1,1.38,144191.68,105710.298
2449,600173.SH,20100810,7.57,7.67,7.25,7.27,7.54,-0.27,-3.58,222364.39,166042.417
2450,600173.SH,20100809,7.48,7.58,7.37,7.54,7.5,0.04,0.53,198343.15,148614.9
2451,600173.SH,20100806,7.44,7.53,7.27,7.5,7.49,0.01,0.13,203801.02,151002.377
2452,600173.SH,20100805,7.67,7.68,7.43,7.49,7.72,-0.23,-2.98,216254.34,163163.748
2453,600173.SH,20100804,7.67,7.79,7.42,7.72,7.84,-0.12,-1.53,299098.4,227777.107
2454,600173.SH,20100802,7.74,7.99,7.7,7.84,7.71,0.13,1.69,337056.26,264256.658
2455,600173.SH,20100730,7.67,7.77,7.56,7.71,7.63,0.08,1.05,249566.77,191788.449
2456,600173.SH,20100729,7.66,7.77,7.52,7.63,7.69,-0.06,-0.78,300660.99,229621.317
2457,600173.SH,20100728,7.43,7.85,7.33,7.69,7.49,0.2,2.67,381989.02,291064.878
2458,600173.SH,20100727,7.4,7.63,7.31,7.49,7.39,0.1,1.35,283237.84,211703.66
2459,600173.SH,20100726,7.4,7.45,7.25,7.39,7.37,0.02,0.27,179271.7,131649.704
2460,600173.SH,20100723,7.44,7.51,7.24,7.37,7.47,-0.1,-1.34,270660.36,199464.857
2461,600173.SH,20100722,7.1,7.68,7.07,7.47,7.12,0.35,4.92,384984.2,286084.21
2462,600173.SH,20100721,7.18,7.23,7.07,7.12,7.18,-0.06,-0.84,188209.95,134235.168
2463,600173.SH,20100720,7.05,7.26,7.03,7.18,7.06,0.12,1.7,246956.43,176499.863
2464,600173.SH,20100719,6.79,7.11,6.73,7.06,6.9,0.16,2.32,190087.35,133186.095
2465,600173.SH,20100716,6.75,6.95,6.6,6.9,6.84,0.06,0.88,143695.07,97268.655
2466,600173.SH,20100715,7.03,7.14,6.81,6.84,7.02,-0.18,-2.56,170978.26,119791.659
2467,600173.SH,20100714,6.99,7.15,6.95,7.02,7.0,0.02,0.29,158347.06,111436.271
2468,600173.SH,20100713,7.11,7.18,6.95,7.0,7.35,-0.35,-4.76,246063.44,173284.288
2469,600173.SH,20100712,7.13,7.54,7.02,7.35,7.08,0.27,3.81,348900.06,256731.618
2470,600173.SH,20100709,6.86,7.19,6.74,7.08,6.98,0.1,1.43,273577.1,191888.804
2471,600173.SH,20100708,6.98,7.24,6.97,6.98,6.94,0.04,0.58,225767.02,159981.021
2472,600173.SH,20100707,6.96,7.04,6.86,6.94,7.01,-0.07,-1.0,146034.0,101302.289
2473,600173.SH,20100706,6.76,7.02,6.7,7.01,6.83,0.18,2.64,225591.83,154977.222
2474,600173.SH,20100705,6.81,7.05,6.63,6.83,6.96,-0.13,-1.87,228538.14,156202.989
2475,600173.SH,20100702,6.48,7.12,6.35,6.96,6.57,0.39,5.94,317078.27,213791.215
2476,600173.SH,20100701,6.5,6.87,6.45,6.57,6.54,0.03,0.46,219079.82,145757.664
2477,600173.SH,20100630,6.69,6.8,6.48,6.54,6.89,-0.35,-5.08,212359.29,140536.041
2478,600173.SH,20100629,7.64,7.73,6.89,6.89,7.65,-0.76,-9.93,333169.54,238219.44
2479,600173.SH,20100628,7.67,7.86,7.6,7.65,7.73,-0.08,-1.03,143666.7,110948.384
2480,600173.SH,20100625,7.83,7.87,7.51,7.73,7.9,-0.17,-2.15,235993.72,182073.155
2481,600173.SH,20100624,8.06,8.1,7.84,7.9,8.09,-0.19,-2.35,226784.2,179901.394
2482,600173.SH,20100622,8.06,8.2,7.99,8.09,8.15,-0.06,-0.74,328764.36,266126.316
2483,600173.SH,20100621,7.79,8.25,7.45,8.15,7.84,0.31,3.95,619813.86,496446.928
2484,600173.SH,20100618,7.81,8.18,7.7,7.84,7.81,0.03,0.38,486838.9,387400.574
2485,600173.SH,20100617,7.77,7.95,7.7,7.81,7.73,0.08,1.03,301153.23,236213.986
2486,600173.SH,20100611,7.72,7.87,7.63,7.73,7.68,0.05,0.65,335653.16,260353.947
2487,600173.SH,20100610,7.68,7.85,7.61,7.68,7.85,-0.17,-2.17,371286.29,286445.223
2488,600173.SH,20100609,7.42,7.98,7.29,7.85,7.41,0.44,5.94,630251.69,483860.781
2489,600173.SH,20100608,7.39,7.57,7.2,7.41,7.47,-0.06,-0.8,337383.5,249125.537
2490,600173.SH,20100607,7.35,7.65,7.34,7.47,7.68,-0.21,-2.73,440797.49,329952.556
2491,600173.SH,20100604,7.12,7.85,7.02,7.68,7.31,0.37,5.06,624913.25,468800.903
2492,600173.SH,20100603,7.51,7.57,7.3,7.31,7.51,-0.2,-2.66,593479.9,440689.399
2493,600173.SH,20100602,6.72,7.51,6.72,7.51,6.83,0.68,9.96,669225.02,487367.554
2494,600173.SH,20100601,7.0,7.08,6.68,6.83,7.15,-0.32,-4.48,301392.72,206222.609
2495,600173.SH,20100531,7.0,7.6,6.96,7.15,7.1,0.05,0.7,502480.02,368634.309
2496,600173.SH,20100528,7.28,7.34,7.05,7.1,7.28,-0.18,-2.47,273958.34,196429.275
2497,600173.SH,20100527,7.17,7.37,7.02,7.28,7.31,-0.03,-0.41,381671.19,276044.096
2498,600173.SH,20100526,7.14,7.49,6.98,7.31,7.25,0.06,0.83,409601.26,296684.955
2499,600173.SH,20100525,7.16,7.28,7.0,7.25,7.36,-0.11,-1.49,432314.5,307483.569
2500,600173.SH,20100524,7.2,7.65,7.1,7.36,7.15,0.21,2.94,801379.49,592212.012
2501,600173.SH,20100521,6.5,7.38,6.42,7.15,6.71,0.44,6.56,856367.59,603580.968
2502,600173.SH,20100520,6.67,6.8,6.58,6.71,6.89,-0.18,-2.61,531839.53,355171.573
2503,600173.SH,20100519,6.6,6.89,6.41,6.89,6.26,0.63,10.06,983881.78,660952.688
2504,600173.SH,20100518,5.67,6.26,5.61,6.26,5.69,0.57,10.02,223968.44,137639.089
2505,600173.SH,20100517,5.94,5.94,5.65,5.69,6.11,-0.42,-6.87,168465.51,97618.136
2506,600173.SH,20100514,6.26,6.26,6.04,6.11,6.35,-0.24,-3.78,147728.82,90637.503
2507,600173.SH,20100513,6.3,6.37,6.1,6.35,6.39,-0.04,-0.63,173569.57,108103.248
2508,600173.SH,20100512,6.15,6.42,5.85,6.39,6.24,0.15,2.4,223749.23,139408.449
2509,600173.SH,20100511,6.72,6.76,6.15,6.24,6.64,-0.4,-6.02,289210.17,185917.967
2510,600173.SH,20100510,6.3,6.68,6.23,6.64,6.38,0.26,4.08,379462.33,246117.606
2511,600173.SH,20100507,5.95,6.54,5.83,6.38,6.23,0.15,2.41,357158.44,226110.604
2512,600173.SH,20100506,6.28,6.49,6.09,6.23,6.2,0.03,0.48,466353.69,293453.334
2513,600173.SH,20100505,5.51,6.2,5.45,6.2,5.64,0.56,9.93,193299.65,114336.636
2514,600173.SH,20100504,5.9,5.95,5.62,5.64,6.08,-0.44,-7.24,136559.46,79361.726
2515,600173.SH,20100430,6.22,6.27,5.95,6.08,6.22,-0.14,-2.25,116759.95,71032.783
2516,600173.SH,20100429,6.23,6.38,6.14,6.22,6.18,0.04,0.65,142185.01,88959.074
2517,600173.SH,20100428,6.23,6.31,6.13,6.18,6.29,-0.11,-1.75,107320.69,66736.168
2518,600173.SH,20100427,6.39,6.44,6.2,6.29,6.4,-0.11,-1.72,126681.13,79874.206
2519,600173.SH,20100426,6.45,6.5,6.34,6.4,6.39,0.01,0.16,97120.11,62170.555
2520,600173.SH,20100423,6.48,6.57,6.37,6.39,6.53,-0.14,-2.14,139844.18,90306.904
2521,600173.SH,20100422,6.72,6.72,6.5,6.53,6.8,-0.27,-3.97,160820.26,105881.219
2522,600173.SH,20100421,6.59,6.84,6.33,6.8,6.71,0.09,1.34,243012.07,160166.172
2523,600173.SH,20100420,6.75,6.79,6.71,6.71,7.45,-0.74,-9.93,212583.96,142942.148
2524,600173.SH,20100416,7.53,7.54,7.28,7.45,7.65,-0.2,-2.61,153942.23,114258.731
2525,600173.SH,20100415,7.75,7.81,7.62,7.65,7.83,-0.18,-2.3,137966.36,106108.169
2526,600173.SH,20100414,7.76,7.84,7.65,7.83,7.75,0.08,1.03,128358.42,99026.524
2527,600173.SH,20100413,7.84,7.95,7.66,7.75,7.88,-0.13,-1.65,186204.83,144632.949
2528,600173.SH,20100412,8.22,8.22,7.81,7.88,8.23,-0.35,-4.25,263670.58,209492.728
2529,600173.SH,20100409,8.14,8.24,8.13,8.23,8.19,0.04,0.49,137244.03,112301.768
2530,600173.SH,20100408,8.38,8.38,8.1,8.19,8.38,-0.19,-2.27,253598.88,207846.348
2531,600173.SH,20100407,8.55,8.56,8.3,8.38,8.59,-0.21,-2.44,213472.84,179299.311
2532,600173.SH,20100406,8.65,8.7,8.47,8.59,8.64,-0.05,-0.58,198846.25,169759.966
2533,600173.SH,20100402,8.71,8.75,8.62,8.64,8.69,-0.05,-0.58,212686.49,184268.046
2534,600173.SH,20100401,8.47,8.72,8.45,8.69,8.46,0.23,2.72,260005.45,223039.006
2535,600173.SH,20100331,8.5,8.57,8.41,8.46,8.54,-0.08,-0.94,158360.99,134073.031
2536,600173.SH,20100330,8.68,8.69,8.47,8.54,8.64,-0.1,-1.16,154267.19,131783.201
2537,600173.SH,20100329,8.6,8.65,8.52,8.64,8.56,0.08,0.93,161166.65,138473.472
2538,600173.SH,20100326,8.52,8.62,8.42,8.56,8.51,0.05,0.59,138077.72,117735.437
2539,600173.SH,20100325,8.73,8.73,8.5,8.51,8.74,-0.23,-2.63,155750.59,133384.446
2540,600173.SH,20100324,8.76,8.84,8.59,8.74,8.66,0.08,0.92,179290.86,155877.004
2541,600173.SH,20100323,8.76,8.81,8.59,8.66,8.83,-0.17,-1.93,163850.63,141970.828
2542,600173.SH,20100322,8.98,9.07,8.76,8.83,8.9,-0.07,-0.79,188862.22,167621.34
2543,600173.SH,20100319,8.75,9.15,8.72,8.9,8.74,0.16,1.83,212783.13,190375.487
2544,600173.SH,20100318,8.7,8.92,8.6,8.74,8.8,-0.06,-0.68,178414.74,156239.532
2545,600173.SH,20100317,8.63,9.0,8.54,8.8,8.68,0.12,1.38,119835.12,106036.499
2546,600173.SH,20100316,16.15,16.33,15.41,15.73,16.3,-0.57,-3.5,143116.72,226208.039
2547,600173.SH,20100315,16.13,16.37,15.92,16.3,16.02,0.28,1.75,91443.49,148016.979
2548,600173.SH,20100312,16.2,16.23,15.81,16.02,16.26,-0.24,-1.48,105549.28,168841.208
2549,600173.SH,20100311,16.28,16.76,16.18,16.26,16.08,0.18,1.12,213591.03,351806.845
2550,600173.SH,20100310,16.79,16.84,15.81,16.08,16.85,-0.77,-4.57,184572.19,299132.572
2551,600173.SH,20100309,16.64,17.2,16.46,16.85,16.55,0.3,1.81,117156.21,197833.024
2552,600173.SH,20100308,16.15,16.67,16.1,16.55,16.28,0.27,1.66,73756.7,121167.786
2553,600173.SH,20100305,16.82,16.92,16.21,16.28,16.76,-0.48,-2.86,147433.15,242151.546
2554,600173.SH,20100304,17.53,17.79,16.68,16.76,17.79,-1.03,-5.79,178919.18,308718.603
2555,600173.SH,20100303,17.57,18.1,17.1,17.79,17.84,-0.05,-0.28,244644.89,428768.936
2556,600173.SH,20100302,17.4,17.95,17.3,17.84,17.4,0.44,2.53,210243.07,371932.282
2557,600173.SH,20100301,17.55,17.95,17.35,17.4,17.73,-0.33,-1.86,154074.04,271141.008
2558,600173.SH,20100226,18.1,18.2,17.65,17.73,18.44,-0.71,-3.85,179634.41,321743.492
2559,600173.SH,20100225,17.55,18.5,17.39,18.44,17.69,0.75,4.24,263358.96,469679.563
2560,600173.SH,20100224,16.8,17.79,16.66,17.69,17.09,0.6,3.51,192154.31,332214.301
2561,600173.SH,20100223,16.45,17.2,16.35,17.09,16.58,0.51,3.08,157163.7,264283.265
2562,600173.SH,20100222,16.81,16.9,16.39,16.58,17.06,-0.48,-2.81,114408.38,190482.982
2563,600173.SH,20100212,16.38,17.24,16.25,17.06,16.21,0.85,5.24,188400.53,317194.016
2564,600173.SH,20100211,16.39,16.57,16.12,16.21,16.54,-0.33,-2.0,97006.33,158435.295
2565,600173.SH,20100210,16.02,16.8,16.0,16.54,16.12,0.42,2.61,162665.89,267036.507
2566,600173.SH,20100209,15.33,16.2,15.23,16.12,15.63,0.49,3.14,100576.65,158679.618
2567,600173.SH,20100208,16.09,16.26,15.36,15.63,16.17,-0.54,-3.34,126636.87,198975.022
2568,600173.SH,20100205,16.5,16.91,15.85,16.17,17.17,-1.0,-5.82,212888.79,349321.518
2569,600173.SH,20100203,16.0,17.3,15.51,17.17,16.23,0.94,5.79,287936.29,476251.426
2570,600173.SH,20100202,16.16,16.85,15.92,16.23,15.73,0.5,3.18,236829.68,387783.705
2571,600173.SH,20100129,15.41,16.38,15.3,15.73,15.66,0.07,0.45,192599.09,305463.741
2572,600173.SH,20100128,15.7,15.89,15.08,15.66,15.76,-0.1,-0.63,177402.6,275031.901
2573,600173.SH,20100127,15.62,16.14,15.58,15.76,15.76,0.0,0.0,164230.26,260073.306
2574,600173.SH,20100126,17.13,17.25,15.54,15.76,17.27,-1.51,-8.74,315738.47,510733.33
2575,600173.SH,20100125,16.85,17.94,16.85,17.27,16.9,0.37,2.19,297593.87,520481.709
2576,600173.SH,20100122,16.85,17.35,16.55,16.9,17.18,-0.28,-1.63,251298.78,424739.614
2577,600173.SH,20100121,17.89,18.27,17.09,17.18,17.9,-0.72,-4.02,359874.65,633825.311
2578,600173.SH,20100120,18.2,18.55,17.5,17.9,18.46,-0.56,-3.03,370619.89,666044.838
2579,600173.SH,20100119,17.46,19.17,17.12,18.46,17.46,1.0,5.73,525169.66,943773.135
2580,600173.SH,20100118,17.35,17.86,16.9,17.46,16.97,0.49,2.89,743223.67,1292889.841
2581,600173.SH,20100115,16.94,16.97,16.11,16.97,15.43,1.54,9.98,939568.6,1577575.88
2582,600173.SH,20100114,14.23,15.66,13.89,15.43,14.24,1.19,8.36,423137.66,635414.821
2583,600173.SH,20100113,14.38,14.6,13.63,14.24,14.98,-0.74,-4.94,224301.26,315421.193
2584,600173.SH,20100112,15.45,15.95,14.22,14.98,15.69,-0.71,-4.53,348911.72,526992.61
2585,600173.SH,20100108,15.05,15.8,15.05,15.69,15.04,0.65,4.32,237486.51,368093.992
2586,600173.SH,20100107,14.99,15.4,14.75,15.04,15.12,-0.08,-0.53,162304.87,244011.994
2587,600173.SH,20100106,14.38,15.48,14.35,15.12,14.49,0.63,4.35,189571.73,283462.312
2588,600173.SH,20100105,14.0,14.64,13.83,14.49,14.28,0.21,1.47,154665.79,220449.326
2589,600173.SH,20100104,14.21,14.74,14.0,14.28,13.44,0.84,6.25,238550.16,343087.187
2590,600173.SH,20091231,13.35,13.5,12.94,13.44,13.37,0.07,0.52,100179.34,132249.758
2591,600173.SH,20091230,13.3,13.46,13.08,13.37,13.18,0.19,1.44,115389.05,153383.142
2592,600173.SH,20091229,13.11,13.34,13.01,13.18,13.1,0.08,0.61,76771.63,101004.051
2593,600173.SH,20091228,12.95,13.38,12.87,13.1,13.06,0.04,0.31,71986.36,94590.12
2594,600173.SH,20091225,13.38,13.38,12.8,13.06,13.36,-0.3,-2.25,74329.79,97077.472
2595,600173.SH,20091224,13.11,13.47,13.03,13.36,13.38,-0.02,-0.15,105906.72,140653.767
2596,600173.SH,20091223,12.55,13.42,12.51,13.38,12.76,0.62,4.86,99848.2,129330.822
2597,600173.SH,20091222,13.03,13.1,12.0,12.76,13.03,-0.27,-2.07,101249.97,126335.439
2598,600173.SH,20091221,12.72,13.04,12.5,13.03,12.69,0.34,2.68,93509.91,119770.278
2599,600173.SH,20091218,13.2,13.3,12.5,12.69,13.57,-0.88,-6.48,125004.87,160752.853
2600,600173.SH,20091217,13.68,14.08,13.45,13.57,13.63,-0.06,-0.44,107328.21,147834.423
2601,600173.SH,20091216,13.5,13.84,13.37,13.63,13.61,0.02,0.15,110370.82,150242.528
2602,600173.SH,20091215,13.72,13.74,13.28,13.61,13.95,-0.34,-2.44,168676.75,227960.386
2603,600173.SH,20091214,14.3,14.35,13.52,13.95,14.25,-0.3,-2.11,106591.64,147136.176
2604,600173.SH,20091211,14.57,14.69,14.15,14.25,14.57,-0.32,-2.2,116125.5,166056.248
2605,600173.SH,20091210,15.11,15.35,14.42,14.57,15.27,-0.7,-4.58,169319.24,250996.963
2606,600173.SH,20091209,15.49,15.9,15.0,15.27,15.28,-0.01,-0.07,203282.63,312354.749
2607,600173.SH,20091208,14.51,15.98,14.51,15.28,15.1,0.18,1.19,523863.98,802758.938
2608,600173.SH,20091207,14.25,15.47,14.1,15.1,14.06,1.04,7.4,224591.32,336516.897
2609,600173.SH,20091204,14.45,14.85,13.82,14.06,14.33,-0.27,-1.88,91026.19,130355.002
2610,600173.SH,20091203,14.28,14.55,14.13,14.33,14.53,-0.2,-1.38,64282.61,91780.411
2611,600173.SH,20091202,14.21,14.98,13.95,14.53,14.27,0.26,1.82,132322.62,192113.002
2612,600173.SH,20091201,13.98,14.5,13.72,14.27,14.07,0.2,1.42,87102.78,123040.28
2613,600173.SH,20091130,13.6,14.1,13.6,14.07,13.95,0.12,0.86,72034.82,99724.208
2614,600173.SH,20091127,14.51,14.79,13.78,13.95,14.98,-1.03,-6.88,99141.38,140497.904
2615,600173.SH,20091126,14.3,15.25,14.16,14.98,14.42,0.56,3.88,253424.22,375910.497
2616,600173.SH,20091125,13.77,14.52,13.7,14.42,13.92,0.5,3.59,107130.13,151365.405
2617,600173.SH,20091124,14.2,14.65,13.8,13.92,14.21,-0.29,-2.04,147306.98,210470.346
2618,600173.SH,20091123,14.25,14.25,13.9,14.21,14.27,-0.06,-0.42,113463.47,159374.871
2619,600173.SH,20091120,14.12,14.49,13.75,14.27,14.26,0.01,0.07,174710.8,246574.811
2620,600173.SH,20091119,14.09,14.38,13.9,14.26,14.48,-0.22,-1.52,188089.07,265530.079
2621,600173.SH,20091118,14.51,15.39,14.31,14.48,13.99,0.49,3.5,341714.35,506143.111
2622,600173.SH,20091111,14.9,15.13,13.73,13.99,14.12,-0.13,-0.92,384133.25,548370.356
2623,600173.SH,20091110,13.4,14.12,13.18,14.12,12.84,1.28,9.97,219661.49,302708.1
2624,600173.SH,20091109,12.0,12.84,12.0,12.84,11.67,1.17,10.03,327456.98,411985.695
2625,600173.SH,20091106,11.15,11.89,11.1,11.67,11.07,0.6,5.42,163729.6,187757.736
2626,600173.SH,20091105,11.05,11.24,11.0,11.07,11.04,0.03,0.27,71317.45,79298.388
2627,600173.SH,20091104,11.24,11.24,10.92,11.04,11.17,-0.13,-1.16,78710.67,86911.785
2628,600173.SH,20091103,11.28,11.46,10.98,11.17,11.24,-0.07,-0.62,121353.02,135607.871
2629,600173.SH,20091102,10.52,11.25,10.4,11.24,10.75,0.49,4.56,140816.42,154865.629
2630,600173.SH,20091030,10.3,10.85,10.25,10.75,10.25,0.5,4.88,100029.17,106121.64
2631,600173.SH,20091029,10.0,10.45,9.95,10.25,10.21,0.04,0.39,73972.45,76128.239
2632,600173.SH,20091028,10.1,10.3,9.95,10.21,10.12,0.09,0.89,40029.71,40422.171
2633,600173.SH,20091027,10.5,10.5,10.1,10.12,10.65,-0.53,-4.98,61233.54,62790.529
2634,600173.SH,20091023,10.53,10.92,10.45,10.65,10.41,0.24,2.31,99787.35,107174.036
2635,600173.SH,20091022,10.54,10.65,10.35,10.41,10.52,-0.11,-1.05,65843.74,68923.515
2636,600173.SH,20091021,10.73,11.0,10.5,10.52,10.7,-0.18,-1.68,109698.71,118565.963
2637,600173.SH,20091020,10.7,10.78,10.5,10.7,10.7,0.0,0.0,86752.3,92031.939
2638,600173.SH,20091019,10.25,10.8,10.2,10.7,10.2,0.5,4.9,151677.26,160782.318
2639,600173.SH,20091016,9.96,10.2,9.76,10.2,9.98,0.22,2.2,56766.67,56873.347
2640,600173.SH,20091015,10.2,10.3,9.95,9.98,10.14,-0.16,-1.58,55993.56,56404.323
2641,600173.SH,20091014,9.86,10.4,9.8,10.14,9.92,0.22,2.22,126994.29,129361.763
2642,600173.SH,20091013,9.45,9.94,9.45,9.92,9.49,0.43,4.53,82862.28,80414.493
2643,600173.SH,20091012,9.57,9.68,9.42,9.49,9.61,-0.12,-1.25,40953.6,39033.807
2644,600173.SH,20091009,9.35,9.8,9.2,9.61,9.19,0.42,4.57,73444.61,69565.384
2645,600173.SH,20090930,9.15,9.35,9.1,9.19,9.14,0.05,0.55,44164.5,40860.239
2646,600173.SH,20090929,9.16,9.32,8.85,9.14,9.13,0.01,0.11,37293.22,33984.761
2647,600173.SH,20090928,9.77,9.86,9.04,9.13,9.64,-0.51,-5.29,51938.86,48928.332
2648,600173.SH,20090925,9.89,9.89,9.55,9.64,9.91,-0.27,-2.72,27353.24,26544.174
2649,600173.SH,20090924,9.63,10.25,9.3,9.91,9.73,0.18,1.85,88985.91,87466.677
2650,600173.SH,20090923,10.0,10.08,9.52,9.73,9.85,-0.12,-1.22,47509.77,46827.157
2651,600173.SH,20090922,10.1,10.38,9.81,9.85,10.18,-0.33,-3.24,46220.88,46654.651
2652,600173.SH,20090921,9.75,10.23,9.52,10.18,9.97,0.21,2.11,57372.65,56394.424
2653,600173.SH,20090918,10.51,10.58,9.8,9.97,10.48,-0.51,-4.87,74908.44,76706.823
2654,600173.SH,20090917,10.23,10.65,10.15,10.48,10.23,0.25,2.44,83160.93,87020.352
2655,600173.SH,20090916,10.5,10.55,10.11,10.23,10.49,-0.26,-2.48,68075.3,70237.878
2656,600173.SH,20090915,10.38,10.59,10.12,10.49,10.3,0.19,1.84,97262.58,100691.971
2657,600173.SH,20090914,10.22,10.44,10.19,10.3,10.17,0.13,1.28,86289.75,88814.726
2658,600173.SH,20090911,9.9,10.37,9.88,10.17,9.99,0.18,1.8,93852.66,95370.168
2659,600173.SH,20090910,9.72,10.24,9.7,9.99,9.87,0.12,1.22,110881.84,111449.064
2660,600173.SH,20090909,9.95,10.0,9.67,9.87,9.93,-0.06,-0.6,63081.23,61859.422
2661,600173.SH,20090908,9.55,10.09,9.4,9.93,9.69,0.24,2.48,112941.74,111288.655
2662,600173.SH,20090907,9.96,9.98,9.63,9.69,9.89,-0.2,-2.02,91059.19,89444.389
2663,600173.SH,20090904,9.66,10.1,9.53,9.89,9.71,0.18,1.85,128056.11,126349.606
2664,600173.SH,20090903,9.11,9.77,9.0,9.71,9.08,0.63,6.94,124325.75,118666.544
2665,600173.SH,20090902,8.5,9.23,8.41,9.08,8.78,0.3,3.42,75346.64,67587.149
2666,600173.SH,20090901,8.23,9.19,8.2,8.78,8.41,0.37,4.4,64013.66,56276.978
2667,600173.SH,20090831,9.06,9.45,8.4,8.41,9.25,-0.84,-9.08,53817.66,47950.882
2668,600173.SH,20090828,9.55,9.57,9.08,9.25,9.58,-0.33,-3.44,49943.85,46151.692
2669,600173.SH,20090827,9.47,9.74,9.32,9.58,9.36,0.22,2.35,92665.25,88850.859
2670,600173.SH,20090826,9.15,9.55,9.03,9.36,9.03,0.33,3.65,87791.5,82454.819
2671,600173.SH,20090825,9.48,9.48,8.69,9.03,9.48,-0.45,-4.75,60645.79,55072.855
2672,600173.SH,20090824,9.06,9.5,8.9,9.48,9.03,0.45,4.98,68209.37,62273.848
2673,600173.SH,20090821,8.61,9.12,8.55,9.03,8.76,0.27,3.08,55926.76,49816.153
2674,600173.SH,20090820,8.36,8.8,8.17,8.76,8.36,0.4,4.78,55729.85,47644.688
2675,600173.SH,20090819,9.19,9.19,8.27,8.36,9.19,-0.83,-9.03,46627.16,40361.748
2676,600173.SH,20090818,8.91,9.24,8.76,9.19,9.05,0.14,1.55,38344.43,34567.196
2677,600173.SH,20090817,9.6,9.88,9.05,9.05,10.05,-1.0,-9.95,50305.4,47347.652
2678,600173.SH,20090814,10.53,10.67,10.0,10.05,10.52,-0.47,-4.47,54745.6,56442.155
2679,600173.SH,20090813,10.31,10.65,9.78,10.52,10.32,0.2,1.94,73779.42,76059.113
2680,600173.SH,20090812,10.38,10.69,10.26,10.32,10.47,-0.15,-1.43,56028.94,58876.881
2681,600173.SH,20090811,10.4,10.7,10.36,10.47,10.39,0.08,0.77,38113.91,40201.18
2682,600173.SH,20090810,10.5,10.68,10.15,10.39,10.45,-0.06,-0.57,48731.41,50725.186
2683,600173.SH,20090807,10.98,11.1,10.38,10.45,11.13,-0.68,-6.11,74623.39,80248.644
2684,600173.SH,20090806,10.6,11.64,10.4,11.13,10.76,0.37,3.44,149894.84,165707.364
2685,600173.SH,20090805,11.05,11.05,10.55,10.76,11.06,-0.3,-2.71,85283.97,91355.287
2686,600173.SH,20090804,10.94,11.39,10.91,11.06,10.9,0.16,1.47,114782.99,127977.182
2687,600173.SH,20090803,10.75,10.99,10.48,10.9,10.72,0.18,1.68,107879.65,115670.291
2688,600173.SH,20090731,10.59,10.8,10.36,10.72,10.37,0.35,3.38,83961.46,89252.157
2689,600173.SH,20090730,10.58,10.85,9.8,10.37,10.58,-0.21,-1.98,89970.96,93251.728
2690,600173.SH,20090729,11.64,11.64,10.58,10.58,11.75,-1.17,-9.96,126450.77,140444.227
2691,600173.SH,20090728,11.35,11.9,11.0,11.75,11.35,0.4,3.52,179802.37,206588.527
2692,600173.SH,20090727,11.3,11.47,10.98,11.35,11.38,-0.03,-0.26,128276.08,143715.17
2693,600173.SH,20090724,12.3,12.48,11.21,11.38,11.89,-0.51,-4.29,258181.76,302538.8
2694,600173.SH,20090723,10.94,11.89,10.88,11.89,10.81,1.08,9.99,163822.67,189288.948
2695,600173.SH,20090722,10.56,10.83,10.47,10.81,10.59,0.22,2.08,84609.11,90457.626
2696,600173.SH,20090721,10.65,10.98,10.46,10.59,10.66,-0.07,-0.66,107514.85,115909.282
2697,600173.SH,20090720,10.7,10.7,10.4,10.66,10.84,-0.18,-1.66,100844.94,106251.364
2698,600173.SH,20090717,10.9,10.99,10.56,10.84,11.05,-0.21,-1.9,97446.4,104747.096
2699,600173.SH,20090716,10.72,11.43,10.55,11.05,10.7,0.35,3.27,227608.58,250822.748
2700,600173.SH,20090715,10.88,10.96,10.63,10.7,10.9,-0.2,-1.83,123504.13,132572.214
2701,600173.SH,20090714,10.63,10.95,10.52,10.9,10.72,0.18,1.68,133346.27,143510.582
2702,600173.SH,20090713,10.82,11.08,10.61,10.72,10.99,-0.27,-2.46,112851.75,121742.374
2703,600173.SH,20090710,11.0,11.27,10.68,10.99,10.99,0.0,0.0,105946.57,116076.38
2704,600173.SH,20090709,11.2,11.26,10.88,10.99,11.28,-0.29,-2.57,95871.02,105764.054
2705,600173.SH,20090708,10.7,11.45,10.65,11.28,11.01,0.27,2.45,146060.1,163058.331
2706,600173.SH,20090707,10.58,11.17,10.36,11.01,10.68,0.33,3.09,150091.18,162267.097
2707,600173.SH,20090706,10.8,11.0,10.35,10.68,10.79,-0.11,-1.02,175103.22,186978.673
2708,600173.SH,20090703,10.6,11.34,10.55,10.79,10.35,0.44,4.25,244018.94,265259.203
2709,600173.SH,20090702,9.7,10.35,9.7,10.35,9.41,0.94,9.99,202992.86,203273.355
2710,600173.SH,20090701,8.46,9.41,8.38,9.41,8.55,0.86,10.06,304762.98,280088.84
2711,600173.SH,20090630,8.31,8.59,8.25,8.55,8.41,0.14,1.66,115687.34,97091.646
2712,600173.SH,20090629,7.91,8.65,7.88,8.41,7.96,0.45,5.65,231015.98,192637.176
2713,600173.SH,20090626,7.7,8.0,7.58,7.96,7.7,0.26,3.38,118374.68,92346.408
2714,600173.SH,20090625,7.51,7.8,7.45,7.7,7.5,0.2,2.67,81684.34,62600.75
2715,600173.SH,20090624,7.38,7.57,7.38,7.5,7.43,0.07,0.94,29797.94,22286.075
2716,600173.SH,20090623,7.38,7.56,7.32,7.43,7.46,-0.03,-0.4,43060.15,31955.299
2717,600173.SH,20090622,7.85,7.88,7.45,7.46,7.76,-0.3,-3.87,66114.31,50523.627
2718,600173.SH,20090619,7.6,7.89,7.51,7.76,7.59,0.17,2.24,89851.45,69061.124
2719,600173.SH,20090618,7.6,7.67,7.5,7.59,7.59,0.0,0.0,73793.71,55938.567
2720,600173.SH,20090617,7.33,7.7,7.28,7.59,7.34,0.25,3.41,82541.82,62146.044
2721,600173.SH,20090616,7.36,7.39,7.23,7.34,7.4,-0.06,-0.81,41911.77,30576.267
2722,600173.SH,20090615,7.22,7.42,7.2,7.4,7.22,0.18,2.49,50348.68,36858.567
2723,600173.SH,20090612,7.38,7.55,7.15,7.22,7.44,-0.22,-2.96,69634.96,51069.736
2724,600173.SH,20090611,7.6,7.7,7.32,7.44,7.65,-0.21,-2.75,81016.91,60652.701
2725,600173.SH,20090610,7.89,7.9,7.58,7.65,7.8,-0.15,-1.92,100990.49,77762.492
2726,600173.SH,20090609,7.46,7.82,7.18,7.8,7.44,0.36,4.84,164939.48,125335.52
2727,600173.SH,20090608,7.12,7.59,7.12,7.44,7.2,0.24,3.33,103813.56,77183.283
2728,600173.SH,20090605,7.33,7.4,7.2,7.2,7.32,-0.12,-1.64,55881.82,40810.309
2729,600173.SH,20090604,7.42,7.66,7.18,7.32,7.42,-0.1,-1.35,113559.09,84396.351
2730,600173.SH,20090603,6.98,7.45,6.95,7.42,6.98,0.44,6.3,152309.97,111279.806
2731,600173.SH,20090602,7.04,7.06,6.92,6.98,6.97,0.01,0.14,45247.78,31624.176
2732,600173.SH,20090601,6.9,7.05,6.86,6.97,6.75,0.22,3.26,53264.89,36955.561
2733,600173.SH,20090527,6.81,6.94,6.65,6.75,6.81,-0.06,-0.88,36848.31,24934.724
2734,600173.SH,20090526,6.91,6.98,6.8,6.81,6.93,-0.12,-1.73,39897.88,27456.479
2735,600173.SH,20090525,6.74,6.95,6.63,6.93,6.96,-0.03,-0.43,41083.95,27951.888
2736,600173.SH,20090522,7.0,7.14,6.89,6.96,7.05,-0.09,-1.28,45260.85,31705.238
2737,600173.SH,20090521,7.2,7.55,6.99,7.05,7.26,-0.21,-2.89,91097.32,65577.948
2738,600173.SH,20090520,7.19,7.44,7.15,7.26,7.23,0.03,0.41,104920.6,76529.764
2739,600173.SH,20090519,7.13,7.38,7.1,7.23,7.1,0.13,1.83,108833.67,78902.73
2740,600173.SH,20090518,7.07,7.11,6.81,7.1,7.11,-0.01,-0.14,48999.16,34154.282
2741,600173.SH,20090515,6.92,7.18,6.86,7.11,6.91,0.2,2.89,81245.16,57274.045
2742,600173.SH,20090514,6.88,7.03,6.71,6.91,6.93,-0.02,-0.29,60089.48,41201.783
2743,600173.SH,20090513,7.03,7.04,6.81,6.93,7.0,-0.07,-1.0,55631.27,38667.883
2744,600173.SH,20090512,6.68,7.04,6.61,7.0,6.74,0.26,3.86,62063.68,42423.703
2745,600173.SH,20090511,7.38,7.38,6.72,6.74,7.33,-0.59,-8.05,102981.35,72856.545
2746,600173.SH,20090508,6.85,7.55,6.72,7.33,6.94,0.39,5.62,168272.56,120085.71
2747,600173.SH,20090507,7.18,7.31,6.84,6.94,7.22,-0.28,-3.88,111468.0,78218.659
2748,600173.SH,20090506,6.81,7.24,6.77,7.22,6.83,0.39,5.71,125638.08,89601.842
2749,600173.SH,20090505,6.88,6.89,6.68,6.83,6.8,0.03,0.44,66236.14,44795.452
2750,600173.SH,20090504,6.65,6.88,6.6,6.8,6.57,0.23,3.5,69282.09,46811.755
2751,600173.SH,20090429,6.35,6.64,6.3,6.57,6.34,0.23,3.63,71432.39,46447.783
2752,600173.SH,20090428,6.18,6.35,6.18,6.34,6.18,0.16,2.59,36006.98,22606.146
2753,600173.SH,20090427,6.37,6.45,6.17,6.18,6.37,-0.19,-2.98,43215.78,27091.474
2754,600173.SH,20090424,6.46,6.56,6.33,6.37,6.43,-0.06,-0.93,58062.44,37369.173
2755,600173.SH,20090423,6.59,6.59,6.26,6.43,6.6,-0.17,-2.58,80963.91,51859.077
2756,600173.SH,20090422,6.93,7.1,6.5,6.6,6.93,-0.33,-4.76,134197.13,92986.88
2757,600173.SH,20090421,6.79,6.95,6.51,6.93,6.89,0.04,0.58,123261.64,82748.249
2758,600173.SH,20090420,6.85,7.05,6.75,6.89,6.79,0.1,1.47,164090.08,113252.438
2759,600173.SH,20090417,7.14,7.25,6.78,6.79,7.14,-0.35,-4.9,149505.16,104652.841
2760,600173.SH,20090416,6.87,7.37,6.81,7.14,6.82,0.32,4.69,194843.28,138119.965
2761,600173.SH,20090415,6.58,6.93,6.45,6.82,6.68,0.14,2.1,177610.1,119970.36
2762,600173.SH,20090414,6.39,6.83,6.27,6.68,6.36,0.32,5.03,195662.95,128536.518
2763,600173.SH,20090413,6.03,6.45,5.97,6.36,6.01,0.35,5.82,93651.74,57293.957
2764,600173.SH,20090410,5.8,6.04,5.8,6.01,5.82,0.19,3.26,49422.8,29287.052
2765,600173.SH,20090409,5.68,5.93,5.68,5.91,5.82,0.09,1.55,38874.29,22631.267
2766,600173.SH,20090408,6.14,6.14,5.81,5.82,6.14,-0.32,-5.21,50503.6,30325.918
2767,600173.SH,20090407,6.21,6.21,6.02,6.14,6.21,-0.07,-1.13,48832.54,29770.516
2768,600173.SH,20090403,6.13,6.29,6.05,6.21,6.11,0.1,1.64,86269.26,53392.971
2769,600173.SH,20090402,6.2,6.25,6.05,6.11,6.19,-0.08,-1.29,84685.67,52030.718
2770,600173.SH,20090401,5.95,6.32,5.95,6.19,5.89,0.3,5.09,162473.23,99688.155
2771,600173.SH,20090331,5.65,5.91,5.52,5.89,5.77,0.12,2.08,60771.42,34945.275
2772,600173.SH,20090330,5.82,5.88,5.73,5.77,5.83,-0.06,-1.03,39681.22,23043.23
2773,600173.SH,20090327,5.92,5.97,5.7,5.83,5.94,-0.11,-1.85,56282.33,32962.671
2774,600173.SH,20090326,5.7,5.96,5.54,5.94,5.86,0.08,1.37,74666.14,42979.579
2775,600173.SH,20090324,5.86,6.04,5.77,5.86,5.8,0.06,1.03,99824.04,59193.403
2776,600173.SH,20090323,5.61,5.89,5.58,5.8,5.66,0.14,2.47,66960.45,38704.232
2777,600173.SH,20090320,5.81,5.83,5.51,5.66,5.79,-0.13,-2.25,54423.66,30779.267
2778,600173.SH,20090319,5.7,5.85,5.65,5.79,5.69,0.1,1.76,64852.03,37365.543
2779,600173.SH,20090318,5.66,5.91,5.62,5.69,5.66,0.03,0.53,85290.21,49125.925
2780,600173.SH,20090317,5.33,5.78,5.33,5.66,5.31,0.35,6.59,84573.92,47222.653
2781,600173.SH,20090316,5.25,5.34,5.07,5.31,5.24,0.07,1.34,30629.4,16126.803
2782,600173.SH,20090313,5.24,5.33,5.13,5.24,5.25,-0.01,-0.19,28282.07,14849.066
2783,600173.SH,20090312,5.17,5.3,5.02,5.25,5.18,0.07,1.35,25042.42,12978.651
2784,600173.SH,20090311,5.42,5.44,5.16,5.18,5.33,-0.15,-2.81,31314.93,16649.583
2785,600173.SH,20090310,5.15,5.38,5.05,5.33,5.3,0.03,0.57,28363.99,14796.268
2786,600173.SH,20090309,5.33,5.49,4.98,5.3,5.32,-0.02,-0.38,44585.87,23388.761
2787,600173.SH,20090306,5.25,5.45,5.15,5.32,5.32,0.0,0.0,41392.3,22128.206
2788,600173.SH,20090305,5.33,5.45,5.15,5.32,5.23,0.09,1.72,61604.81,32740.36
2789,600173.SH,20090304,4.99,5.3,4.96,5.23,4.99,0.24,4.81,52957.55,27454.492
2790,600173.SH,20090303,4.9,5.19,4.82,4.99,5.03,-0.04,-0.8,52095.28,26257.3
2791,600173.SH,20090302,4.69,5.05,4.61,5.03,4.69,0.34,7.25,44051.84,21589.163
2792,600173.SH,20090227,4.9,4.95,4.67,4.69,4.97,-0.28,-5.63,29833.15,14220.549
2793,600173.SH,20090226,5.45,5.53,4.93,4.97,5.47,-0.5,-9.14,38762.28,20420.964
2794,600173.SH,20090225,5.6,5.69,5.25,5.47,5.59,-0.12,-2.15,50839.15,27615.834
2795,600173.SH,20090224,5.9,6.07,5.57,5.59,5.96,-0.37,-6.21,65342.33,37999.476
2796,600173.SH,20090223,5.76,5.98,5.76,5.96,5.7,0.26,4.56,74438.62,43979.449
2797,600173.SH,20090220,5.54,5.72,5.42,5.7,5.58,0.12,2.15,48397.13,27216.951
2798,600173.SH,20090219,5.45,5.68,5.45,5.58,5.42,0.16,2.95,40339.02,22455.333
2799,600173.SH,20090218,5.46,5.63,5.4,5.42,5.6,-0.18,-3.21,41110.45,22578.075
2800,600173.SH,20090217,6.0,6.0,5.6,5.6,6.0,-0.4,-6.67,68865.18,39602.367
2801,600173.SH,20090216,6.09,6.18,5.84,6.0,6.02,-0.02,-0.33,82356.01,49264.731
2802,600173.SH,20090213,5.77,6.1,5.77,6.02,5.75,0.27,4.7,121455.72,72250.672
2803,600173.SH,20090212,5.72,5.8,5.41,5.75,5.78,-0.03,-0.52,74006.36,41580.076
2804,600173.SH,20090211,5.57,6.1,5.5,5.78,5.67,0.11,1.94,119633.1,69570.719
2805,600173.SH,20090210,5.5,5.78,5.43,5.67,5.64,0.03,0.53,97790.62,54725.186
2806,600173.SH,20090209,5.52,5.83,5.41,5.64,5.3,0.34,6.42,171777.59,96211.62
2807,600173.SH,20090206,4.92,5.31,4.92,5.3,4.94,0.36,7.29,93861.76,48241.938
2808,600173.SH,20090205,4.99,5.15,4.9,4.94,4.97,-0.03,-0.6,80180.01,40201.13
2809,600173.SH,20090204,4.98,4.99,4.88,4.97,4.92,0.05,1.02,54018.87,26712.295
2810,600173.SH,20090203,4.77,4.94,4.72,4.92,4.77,0.15,3.14,50101.76,24220.323
2811,600173.SH,20090202,4.74,4.78,4.67,4.77,4.67,0.1,2.14,28234.43,13385.123
2812,600173.SH,20090123,4.65,4.68,4.6,4.67,4.64,0.03,0.65,18806.11,8743.252
2813,600173.SH,20090122,4.68,4.68,4.57,4.64,4.61,0.03,0.65,24727.47,11440.788
2814,600173.SH,20090121,4.55,4.68,4.52,4.61,4.66,-0.05,-1.07,17000.9,7847.356
2815,600173.SH,20090120,4.61,4.71,4.56,4.66,4.69,-0.03,-0.64,16795.94,7754.427
2816,600173.SH,20090119,4.74,4.85,4.6,4.69,4.76,-0.07,-1.47,28393.27,13400.269
2817,600173.SH,20090116,4.76,4.89,4.72,4.76,4.76,0.0,0.0,49603.37,23848.305
2818,600173.SH,20090115,4.61,4.83,4.53,4.76,4.64,0.12,2.59,44490.81,21067.857
2819,600173.SH,20090114,4.55,4.68,4.42,4.64,4.5,0.14,3.11,32303.06,14847.344
2820,600173.SH,20090113,4.67,4.67,4.46,4.5,4.57,-0.07,-1.53,17358.6,7901.612
2821,600173.SH,20090112,4.56,4.65,4.49,4.57,4.56,0.01,0.22,21174.26,9684.809
2822,600173.SH,20090109,4.44,4.59,4.41,4.56,4.49,0.07,1.56,24336.19,11031.573
2823,600173.SH,20090108,4.58,4.65,4.44,4.49,4.77,-0.28,-5.87,48185.89,21816.415
2824,600173.SH,20090107,4.82,5.03,4.76,4.77,4.57,0.2,4.38,95368.55,46492.497
2825,600173.SH,20090106,4.34,4.58,4.25,4.57,4.33,0.24,5.54,40620.2,17943.649
2826,600173.SH,20090105,4.12,4.4,4.12,4.33,4.09,0.24,5.87,25013.24,10716.024
2827,600173.SH,20081231,4.2,4.21,4.08,4.09,4.15,-0.06,-1.45,11800.25,4888.479
2828,600173.SH,20081230,4.34,4.39,4.13,4.15,4.38,-0.23,-5.25,14530.11,6172.139
2829,600173.SH,20081229,4.2,4.41,4.14,4.38,4.31,0.07,1.62,16568.71,7074.992
2830,600173.SH,20081226,4.37,4.42,4.29,4.31,4.37,-0.06,-1.37,11192.5,4877.318
2831,600173.SH,20081225,4.42,4.53,4.25,4.37,4.41,-0.04,-0.91,18155.36,7938.43
2832,600173.SH,20081224,4.5,4.57,4.34,4.41,4.57,-0.16,-3.5,28088.65,12446.391
2833,600173.SH,20081223,4.97,4.99,4.55,4.57,4.9,-0.33,-6.73,34043.71,16338.075
2834,600173.SH,20081222,5.0,5.05,4.82,4.9,5.05,-0.15,-2.97,31108.43,15325.501
2835,600173.SH,20081219,5.06,5.11,4.95,5.05,5.05,0.0,0.0,58692.17,29516.457
2836,600173.SH,20081218,5.15,5.26,4.95,5.05,4.97,0.08,1.61,109201.07,55561.136
2837,600173.SH,20081217,4.72,5.04,4.62,4.97,4.7,0.27,5.74,69747.71,33966.821
2838,600173.SH,20081216,4.45,4.7,4.44,4.7,4.53,0.17,3.75,30541.74,14058.11
2839,600173.SH,20081215,4.56,4.62,4.4,4.53,4.5,0.03,0.67,26439.14,11913.811
2840,600173.SH,20081212,4.75,4.85,4.4,4.5,4.89,-0.39,-7.98,41799.12,19286.432
2841,600173.SH,20081211,4.96,5.15,4.88,4.89,4.95,-0.06,-1.21,54989.24,27687.363
2842,600173.SH,20081210,4.75,4.99,4.75,4.95,4.83,0.12,2.48,49624.16,24291.247
2843,600173.SH,20081209,4.91,5.18,4.78,4.83,4.91,-0.08,-1.63,65179.18,32324.073
2844,600173.SH,20081208,4.79,4.95,4.75,4.91,4.72,0.19,4.03,74306.17,36157.919
2845,600173.SH,20081205,4.41,4.72,4.41,4.72,4.46,0.26,5.83,69541.11,32215.809
2846,600173.SH,20081204,4.61,4.65,4.45,4.46,4.5,-0.04,-0.89,58889.34,26873.382
2847,600173.SH,20081203,4.32,4.52,4.32,4.5,4.31,0.19,4.41,48394.82,21543.51
2848,600173.SH,20081202,4.16,4.39,4.1,4.31,4.29,0.02,0.47,28723.47,12284.122
2849,600173.SH,20081201,4.17,4.31,4.06,4.29,4.19,0.1,2.39,30978.93,13041.273
2850,600173.SH,20081128,4.27,4.34,4.14,4.19,4.38,-0.19,-4.34,42962.25,18212.402
2851,600173.SH,20081127,4.62,4.62,4.37,4.38,4.2,0.18,4.29,89977.03,41017.059
2852,600173.SH,20081126,4.16,4.38,4.06,4.2,4.16,0.04,0.96,23666.93,10070.371
2853,600173.SH,20081125,4.3,4.47,4.01,4.16,4.32,-0.16,-3.7,31578.83,13264.7
2854,600173.SH,20081124,4.7,4.71,4.32,4.32,4.8,-0.48,-10.0,54926.94,24758.876
2855,600173.SH,20081121,4.39,4.96,4.3,4.8,4.58,0.22,4.8,115384.41,54279.624
2856,600173.SH,20081120,4.2,4.6,4.06,4.58,4.34,0.24,5.53,92381.23,40400.117
2857,600173.SH,20081119,4.07,4.39,3.9,4.34,4.16,0.18,4.33,63542.45,26534.387
2858,600173.SH,20081118,4.6,4.72,4.16,4.16,4.62,-0.46,-9.96,74693.34,32806.504
2859,600173.SH,20081117,4.3,4.72,4.21,4.62,4.37,0.25,5.72,80970.4,36164.207
2860,600173.SH,20081114,4.17,4.44,4.1,4.37,4.17,0.2,4.8,86091.23,36716.833
2861,600173.SH,20081113,3.99,4.35,3.9,4.17,4.18,-0.01,-0.24,80368.79,33503.994
2862,600173.SH,20081112,3.87,4.3,3.69,4.18,3.97,0.21,5.29,73855.1,29088.076
2863,600173.SH,20081111,3.61,3.97,3.61,3.97,3.61,0.36,9.97,85812.43,33489.343
2864,600173.SH,20081110,3.32,3.61,3.32,3.61,3.28,0.33,10.06,38788.56,13735.094
2865,600173.SH,20081107,3.2,3.33,3.09,3.28,3.31,-0.03,-0.91,15399.82,4950.859
2866,600173.SH,20081105,3.1,3.42,3.1,3.31,3.12,0.19,6.09,19882.58,6568.615
2867,600173.SH,20081104,3.35,3.35,3.05,3.12,3.32,-0.2,-6.02,11581.0,3669.765
2868,600173.SH,20081103,3.39,3.47,3.31,3.32,3.44,-0.12,-3.49,5486.01,1865.607
2869,600173.SH,20081031,3.5,3.58,3.43,3.44,3.57,-0.13,-3.64,8377.5,2914.987
2870,600173.SH,20081030,3.84,3.84,3.55,3.57,3.52,0.05,1.42,12342.05,4521.544
2871,600173.SH,20081029,3.7,3.81,3.51,3.52,3.65,-0.13,-3.56,7757.44,2814.606
2872,600173.SH,20081028,3.55,3.72,3.41,3.65,3.59,0.06,1.67,12621.03,4475.353
2873,600173.SH,20081027,3.96,3.96,3.59,3.59,3.99,-0.4,-10.03,9658.0,3580.853
2874,600173.SH,20081024,4.19,4.2,3.9,3.99,4.19,-0.2,-4.77,10911.46,4414.006
2875,600173.SH,20081023,4.17,4.26,4.1,4.19,4.17,0.02,0.48,16671.92,6994.553
2876,600173.SH,20081022,4.36,4.38,4.17,4.17,4.36,-0.19,-4.36,28270.81,12088.359
2877,600173.SH,20081021,4.35,4.38,4.22,4.36,4.37,-0.01,-0.23,22126.28,9535.982
2878,600173.SH,20081020,4.05,4.38,3.97,4.37,4.08,0.29,7.11,28194.5,11861.396
2879,600173.SH,20081017,4.19,4.19,3.98,4.08,4.08,0.0,0.0,11695.61,4772.866
2880,600173.SH,20081016,3.8,4.22,3.8,4.08,4.08,0.0,0.0,18867.1,7683.635
2881,600173.SH,20081015,3.95,4.11,3.94,4.08,4.05,0.03,0.74,7956.51,3214.82
2882,600173.SH,20081014,4.19,4.27,4.03,4.05,4.13,-0.08,-1.94,16931.86,7065.835
2883,600173.SH,20081013,4.0,4.13,3.7,4.13,4.03,0.1,2.48,11512.75,4513.08
2884,600173.SH,20081010,4.34,4.34,4.03,4.03,4.48,-0.45,-10.04,18640.84,7676.408
2885,600173.SH,20081009,4.65,4.75,4.42,4.48,4.56,-0.08,-1.75,11358.29,5193.668
2886,600173.SH,20081008,4.43,4.68,4.31,4.56,4.51,0.05,1.11,15903.98,7272.995
2887,600173.SH,20081007,4.36,4.76,4.3,4.51,4.55,-0.04,-0.88,14828.12,6717.374
2888,600173.SH,20081006,4.66,4.75,4.55,4.55,4.82,-0.27,-5.6,13692.4,6326.741
2889,600173.SH,20080926,4.66,4.89,4.52,4.82,4.66,0.16,3.43,29632.28,14001.487
2890,600173.SH,20080925,4.6,4.88,4.55,4.66,4.65,0.01,0.22,23652.01,11182.951
2891,600173.SH,20080924,4.45,4.65,4.4,4.65,4.48,0.17,3.79,10850.6,4925.649
2892,600173.SH,20080923,4.7,4.75,4.46,4.48,4.95,-0.47,-9.49,20266.65,9344.628
2893,600173.SH,20080922,5.1,5.25,4.72,4.95,4.77,0.18,3.77,36105.14,18009.006
2894,600173.SH,20080919,4.77,4.77,4.6,4.77,4.34,0.43,9.91,19865.12,9438.076
2895,600173.SH,20080918,4.5,4.58,4.11,4.34,4.57,-0.23,-5.03,17757.78,7639.114
2896,600173.SH,20080917,4.75,4.94,4.55,4.57,4.91,-0.34,-6.92,20847.73,9789.8
2897,600173.SH,20080916,5.21,5.32,4.86,4.91,5.07,-0.16,-3.16,26582.38,13643.074
2898,600173.SH,20080912,5.0,5.39,4.9,5.07,5.19,-0.12,-2.31,36414.73,18862.239
2899,600173.SH,20080911,4.72,5.19,4.35,5.19,4.72,0.47,9.96,36400.68,17020.125
2900,600173.SH,20080910,4.7,4.89,4.6,4.72,4.73,-0.01,-0.21,15517.49,7412.987
2901,600173.SH,20080909,4.65,4.82,4.61,4.73,4.68,0.05,1.07,13090.88,6177.428
2902,600173.SH,20080908,4.84,4.97,4.66,4.68,5.0,-0.32,-6.4,24712.02,11890.484
2903,600173.SH,20080905,5.18,5.32,5.0,5.0,5.56,-0.56,-10.07,41647.72,21327.37
2904,600173.SH,20080904,5.84,6.0,5.37,5.56,5.62,-0.06,-1.07,101469.15,58728.911
2905,600173.SH,20080903,5.62,5.62,5.62,5.62,5.11,0.51,9.98,32793.84,18430.138
2906,600173.SH,20080902,4.75,5.15,4.67,5.11,4.75,0.36,7.58,20123.15,9995.64
2907,600173.SH,20080901,4.89,4.91,4.7,4.75,4.94,-0.19,-3.85,5864.82,2819.26
2908,600173.SH,20080829,4.81,5.02,4.73,4.94,4.79,0.15,3.13,9102.53,4453.215
2909,600173.SH,20080828,4.71,4.84,4.7,4.79,4.74,0.05,1.05,3792.56,1812.674
2910,600173.SH,20080827,4.68,4.83,4.62,4.74,4.66,0.08,1.72,4883.73,2317.81
2911,600173.SH,20080826,4.9,5.0,4.6,4.66,4.99,-0.33,-6.61,7649.35,3649.611
2912,600173.SH,20080825,4.94,5.1,4.9,4.99,4.96,0.03,0.6,4050.45,2029.963
2913,600173.SH,20080822,5.07,5.07,4.78,4.96,5.08,-0.12,-2.36,7242.55,3556.602
2914,600173.SH,20080821,5.26,5.29,5.05,5.08,5.29,-0.21,-3.97,10164.06,5222.869
2915,600173.SH,20080820,4.85,5.32,4.72,5.29,4.89,0.4,8.18,13458.37,6958.049
2916,600173.SH,20080819,4.7,4.95,4.69,4.89,4.78,0.11,2.3,3645.33,1760.72
2917,600173.SH,20080818,5.28,5.28,4.75,4.78,5.17,-0.39,-7.54,7942.5,3966.56
2918,600173.SH,20080815,5.29,5.29,5.06,5.17,5.17,0.0,0.0,3280.14,1703.192
2919,600173.SH,20080813,5.02,5.3,5.0,5.17,5.17,0.0,0.0,7498.51,3835.324
2920,600173.SH,20080812,5.19,5.29,5.03,5.17,5.23,-0.06,-1.15,7941.24,4084.025
2921,600173.SH,20080811,5.65,5.88,5.23,5.23,5.81,-0.58,-9.98,13510.99,7322.498
2922,600173.SH,20080808,6.22,6.39,5.79,5.81,6.13,-0.32,-5.22,14272.01,8731.767
2923,600173.SH,20080807,6.05,6.2,6.02,6.13,6.09,0.04,0.66,8909.9,5471.946
2924,600173.SH,20080806,6.19,6.22,5.95,6.09,6.06,0.03,0.5,7923.06,4825.94
2925,600173.SH,20080805,6.3,6.39,6.02,6.06,6.3,-0.24,-3.81,6965.36,4340.533
2926,600173.SH,20080804,6.61,6.64,6.25,6.3,6.61,-0.31,-4.69,5196.89,3377.174
2927,600173.SH,20080801,6.57,6.75,6.36,6.61,6.5,0.11,1.69,10580.24,6962.813
2928,600173.SH,20080731,6.76,6.83,6.44,6.5,6.8,-0.3,-4.41,12931.05,8469.822
2929,600173.SH,20080730,6.95,6.98,6.7,6.8,6.74,0.06,0.89,15843.27,10811.334
2930,600173.SH,20080729,6.9,6.95,6.69,6.74,6.98,-0.24,-3.44,15269.07,10355.816
2931,600173.SH,20080728,7.15,7.39,6.85,6.98,6.89,0.09,1.31,31285.6,22510.902
2932,600173.SH,20080725,6.85,6.99,6.71,6.89,7.0,-0.11,-1.57,19870.8,13644.884
2933,600173.SH,20080724,6.59,7.05,6.59,7.0,6.57,0.43,6.54,30394.73,20906.629
2934,600173.SH,20080723,6.6,6.7,6.5,6.57,6.58,-0.01,-0.15,13496.11,8907.273
2935,600173.SH,20080722,6.68,6.68,6.48,6.58,6.62,-0.04,-0.6,16573.81,10890.323
2936,600173.SH,20080721,6.21,6.65,6.2,6.62,6.25,0.37,5.92,21501.34,13966.981
2937,600173.SH,20080718,6.1,6.29,5.85,6.25,6.09,0.16,2.63,15478.14,9496.32
2938,600173.SH,20080717,6.42,6.58,5.95,6.09,6.28,-0.19,-3.03,25486.97,15836.203
2939,600173.SH,20080716,6.81,7.05,6.18,6.28,6.71,-0.43,-6.41,28698.51,19056.281
2940,600173.SH,20080715,7.25,7.31,6.7,6.71,7.22,-0.51,-7.06,23579.52,16417.629
2941,600173.SH,20080714,7.08,7.36,7.08,7.22,7.23,-0.01,-0.14,23171.15,16647.674
2942,600173.SH,20080711,7.01,7.28,6.71,7.23,7.05,0.18,2.55,37834.44,26498.423
2943,600173.SH,20080710,6.97,7.45,6.81,7.05,7.01,0.04,0.57,52113.93,37841.496
2944,600173.SH,20080709,6.8,7.4,6.68,7.01,6.86,0.15,2.19,46103.02,32505.214
2945,600173.SH,20080708,6.34,6.93,6.33,6.86,6.3,0.56,8.89,50698.89,34080.692
2946,600173.SH,20080707,5.9,6.38,5.87,6.3,5.94,0.36,6.06,20358.86,12666.214
2947,600173.SH,20080704,5.8,6.09,5.8,5.94,5.89,0.05,0.85,14165.03,8442.035
2948,600173.SH,20080703,5.64,6.0,5.41,5.89,5.69,0.2,3.51,11669.43,6729.687
2949,600173.SH,20080702,5.63,5.78,5.59,5.69,5.63,0.06,1.07,4543.29,2590.881
2950,600173.SH,20080701,5.8,5.87,5.61,5.63,5.8,-0.17,-2.93,7916.25,4539.599
2951,600173.SH,20080630,5.85,5.85,5.5,5.8,5.73,0.07,1.22,6845.53,3905.092
2952,600173.SH,20080627,5.92,6.18,5.71,5.73,6.34,-0.61,-9.62,15248.05,8994.688
2953,600173.SH,20080626,6.15,6.5,6.09,6.34,6.19,0.15,2.42,20390.29,12908.339
2954,600173.SH,20080625,5.97,6.22,5.8,6.19,5.89,0.3,5.09,14466.7,8779.751
2955,600173.SH,20080624,5.66,5.9,5.55,5.89,5.58,0.31,5.56,12177.01,7044.493
2956,600173.SH,20080623,5.7,5.83,5.51,5.58,5.8,-0.22,-3.79,9391.8,5318.476
2957,600173.SH,20080620,5.7,6.17,5.4,5.8,5.86,-0.06,-1.02,17449.54,10214.996
2958,600173.SH,20080619,6.42,6.42,5.86,5.86,6.51,-0.65,-9.98,12081.59,7324.843
2959,600173.SH,20080618,6.18,6.7,5.63,6.51,6.2,0.31,5.0,20426.73,12607.002
2960,600173.SH,20080617,6.82,6.92,6.18,6.2,6.87,-0.67,-9.75,10516.72,6841.155
2961,600173.SH,20080616,6.87,7.09,6.53,6.87,6.92,-0.05,-0.72,12367.1,8324.272
2962,600173.SH,20080613,7.31,7.39,6.91,6.92,7.32,-0.4,-5.46,12223.27,8665.676
2963,600173.SH,20080612,7.26,7.63,6.99,7.32,7.46,-0.14,-1.88,18928.8,13647.299
2964,600173.SH,20080611,7.74,7.88,7.33,7.46,8.14,-0.68,-8.35,19861.65,14778.818
2965,600173.SH,20080610,8.68,8.69,8.14,8.14,9.04,-0.9,-9.96,11199.67,9305.653
2966,600173.SH,20080606,9.13,9.29,9.01,9.04,9.18,-0.14,-1.53,10181.32,9294.309
2967,600173.SH,20080605,9.6,9.74,9.16,9.18,9.6,-0.42,-4.38,16182.59,15155.881
2968,600173.SH,20080604,9.9,9.91,9.45,9.6,9.85,-0.25,-2.54,13000.53,12525.741
2969,600173.SH,20080603,9.95,10.01,9.55,9.85,9.85,0.0,0.0,15906.37,15451.541
2970,600173.SH,20080602,9.83,10.16,9.77,9.85,9.69,0.16,1.65,24756.78,24537.542
2971,600173.SH,20080530,9.41,9.73,9.41,9.69,9.5,0.19,2.0,19514.27,18700.259
2972,600173.SH,20080529,9.71,10.1,9.45,9.5,9.7,-0.2,-2.06,27271.82,26728.965
2973,600173.SH,20080528,9.38,9.8,9.21,9.7,9.36,0.34,3.63,29723.44,28560.621
2974,600173.SH,20080527,9.12,9.38,8.92,9.36,9.1,0.26,2.86,22660.96,20924.771
2975,600173.SH,20080526,8.95,9.35,8.92,9.1,9.11,-0.01,-0.11,16634.07,15146.689
2976,600173.SH,20080523,9.45,9.54,8.96,9.11,9.38,-0.27,-2.88,20656.37,18966.949
2977,600173.SH,20080522,9.61,9.75,9.27,9.38,9.76,-0.38,-3.89,29511.87,27996.71
2978,600173.SH,20080521,9.18,10.0,8.65,9.76,9.35,0.41,4.39,52992.16,49560.421
2979,600173.SH,20080520,10.2,10.38,9.21,9.35,10.18,-0.83,-8.15,55846.6,55273.152
2980,600173.SH,20080519,9.14,10.2,9.12,10.18,9.27,0.91,9.82,78005.4,77872.195
2981,600173.SH,20080516,9.5,9.66,9.08,9.27,9.6,-0.33,-3.44,36626.9,34216.389
2982,600173.SH,20080515,10.27,10.27,9.56,9.6,10.18,-0.58,-5.7,61665.16,60654.914
2983,600173.SH,20080514,9.85,10.37,9.7,10.18,9.43,0.75,7.95,148799.31,150583.297
2984,600173.SH,20080513,8.23,9.43,8.18,9.43,8.57,0.86,10.04,78898.85,72940.21
2985,600173.SH,20080512,8.38,8.69,8.18,8.57,8.59,-0.02,-0.23,18098.49,15243.511
2986,600173.SH,20080509,8.67,8.9,8.35,8.59,8.67,-0.08,-0.92,17804.9,15454.968
2987,600173.SH,20080508,8.46,8.75,8.34,8.67,8.46,0.21,2.48,18390.77,15777.045
2988,600173.SH,20080507,9.08,9.18,8.43,8.46,9.13,-0.67,-7.34,22164.4,19651.395
2989,600173.SH,20080506,9.32,9.38,9.08,9.13,9.43,-0.3,-3.18,24672.53,22678.046
2990,600173.SH,20080505,9.0,9.55,8.99,9.43,8.92,0.51,5.72,31844.26,29599.719
2991,600173.SH,20080430,8.5,8.95,8.49,8.92,8.49,0.43,5.06,26988.32,23783.545
2992,600173.SH,20080429,8.57,8.58,8.35,8.49,8.5,-0.01,-0.12,17348.37,14673.42
2993,600173.SH,20080428,8.3,8.69,8.3,8.5,8.47,0.03,0.35,21756.59,18405.868
2994,600173.SH,20080425,8.42,8.97,8.21,8.47,8.49,-0.02,-0.24,39867.86,34299.195
2995,600173.SH,20080424,8.3,8.49,8.1,8.49,7.72,0.77,9.97,43084.39,36002.471
2996,600173.SH,20080423,7.35,7.88,7.1,7.72,7.3,0.42,5.75,20567.09,15318.099
2997,600173.SH,20080422,7.2,7.38,6.84,7.3,7.56,-0.26,-3.44,22124.83,15796.393
2998,600173.SH,20080421,8.35,8.75,7.4,7.56,8.15,-0.59,-7.24,43518.83,35711.981
2999,600173.SH,20080417,7.8,8.15,7.7,8.15,7.41,0.74,9.99,59631.3,48448.464
3000,600173.SH,20080416,7.77,7.77,7.38,7.41,7.69,-0.28,-3.64,6022.33,4527.624
3001,600173.SH,20080415,7.82,7.82,7.2,7.69,7.7,-0.01,-0.13,12836.32,9590.985
3002,600173.SH,20080414,8.37,8.37,7.7,7.7,8.52,-0.82,-9.62,12846.78,10278.182
3003,600173.SH,20080411,8.3,8.62,8.3,8.52,8.34,0.18,2.16,8922.61,7600.058
3004,600173.SH,20080410,8.0,8.4,7.94,8.34,8.19,0.15,1.83,9174.97,7547.497
3005,600173.SH,20080409,8.52,8.78,8.01,8.19,8.75,-0.56,-6.4,12387.49,10515.998
3006,600173.SH,20080408,8.48,8.77,8.4,8.75,8.49,0.26,3.06,16688.46,14400.694
3007,600173.SH,20080407,8.05,8.56,7.76,8.49,8.02,0.47,5.86,11517.18,9579.079
3008,600173.SH,20080403,7.76,8.1,7.21,8.02,7.88,0.14,1.78,10240.32,7944.214
3009,600173.SH,20080402,8.52,8.76,7.62,7.88,8.46,-0.58,-6.86,16718.18,13671.948
3010,600173.SH,20080401,9.33,9.5,8.4,8.46,9.33,-0.87,-9.32,14594.14,12864.798
3011,600173.SH,20080331,9.5,9.65,9.26,9.33,9.65,-0.32,-3.32,9324.72,8816.645
3012,600173.SH,20080328,9.1,9.74,8.99,9.65,9.27,0.38,4.1,16795.3,15794.896
3013,600173.SH,20080327,9.5,9.75,9.22,9.27,9.73,-0.46,-4.73,16695.4,15791.789
3014,600173.SH,20080325,9.39,9.89,9.23,9.73,9.5,0.23,2.42,13956.19,13331.189
3015,600173.SH,20080324,10.12,10.25,9.5,9.5,10.03,-0.53,-5.28,15024.93,14829.537
3016,600173.SH,20080321,9.9,10.38,9.89,10.03,9.86,0.17,1.72,20865.2,21092.426
3017,600173.SH,20080320,9.4,10.05,9.02,9.86,9.67,0.19,1.96,22916.35,22069.078
3018,600173.SH,20080319,9.26,9.69,9.0,9.67,9.0,0.67,7.44,23336.38,21935.075
3019,600173.SH,20080318,9.87,10.25,8.99,9.0,9.99,-0.99,-9.91,24178.09,22776.487
3020,600173.SH,20080317,10.54,10.77,9.8,9.99,10.54,-0.55,-5.22,17012.81,17816.052
3021,600173.SH,20080314,10.8,10.98,10.36,10.54,10.8,-0.26,-2.41,16006.5,16906.671
3022,600173.SH,20080313,11.35,11.4,10.43,10.8,11.49,-0.69,-6.01,21888.44,24169.668
3023,600173.SH,20080312,12.28,12.48,11.44,11.49,12.28,-0.79,-6.43,31521.83,37389.691
3024,600173.SH,20080311,11.95,12.36,11.73,12.28,12.01,0.27,2.25,16062.92,19370.867
3025,600173.SH,20080310,12.65,12.65,11.72,12.01,12.88,-0.87,-6.75,29657.59,36074.282
3026,600173.SH,20080307,13.0,13.29,12.76,12.88,13.12,-0.24,-1.83,22440.06,29140.501
3027,600173.SH,20080306,13.62,13.71,12.81,13.12,13.62,-0.5,-3.67,48350.17,63758.492
3028,600173.SH,20080305,13.33,13.89,13.26,13.62,13.37,0.25,1.87,38649.96,52555.252
3029,600173.SH,20080304,13.65,13.79,13.34,13.37,13.92,-0.55,-3.95,61154.38,82976.066
3030,600173.SH,20080303,14.0,14.35,13.21,13.92,14.62,-0.7,-4.79,93294.04,128505.786
3031,600173.SH,20080229,15.0,15.47,14.46,14.62,14.06,0.56,3.98,189383.4,284902.928
3032,600173.SH,20080228,14.06,14.06,14.06,14.06,12.78,1.28,10.02,5724.96,8049.294
3033,600173.SH,20080226,12.38,12.78,12.23,12.78,12.17,0.61,5.01,32892.5,41595.804
3034,600173.SH,20080225,12.14,12.49,12.02,12.17,12.11,0.06,0.5,18481.64,22673.653
3035,600173.SH,20080222,12.68,12.74,12.1,12.11,12.74,-0.63,-4.95,25810.01,31702.424
3036,600173.SH,20080221,12.53,12.87,12.5,12.74,12.69,0.05,0.39,13335.61,16935.801
3037,600173.SH,20080220,13.21,13.47,12.55,12.69,12.97,-0.28,-2.16,20456.76,26589.343
3038,600173.SH,20080218,12.49,12.98,12.48,12.97,12.37,0.6,4.85,18214.29,23364.048
3039,600173.SH,20080215,12.69,12.69,12.17,12.37,12.76,-0.39,-3.06,14292.77,17586.022
3040,600173.SH,20080214,12.7,12.99,12.3,12.76,12.52,0.24,1.92,12915.41,16497.473
3041,600173.SH,20080213,12.05,12.86,11.9,12.52,12.25,0.27,2.2,21480.2,26857.291
3042,600173.SH,20080205,12.25,12.25,12.0,12.25,11.67,0.58,4.97,26129.05,31976.464
3043,600173.SH,20080204,11.33,11.67,11.33,11.67,11.11,0.56,5.04,10155.38,11757.593
3044,600173.SH,20080201,11.72,11.77,11.11,11.11,11.69,-0.58,-4.96,13844.01,15570.987
3045,600173.SH,20080131,12.2,12.48,11.66,11.69,12.19,-0.5,-4.1,13134.64,15916.093
3046,600173.SH,20080130,12.1,12.5,11.9,12.19,12.04,0.15,1.25,23055.49,28046.142
3047,600173.SH,20080129,12.05,12.4,12.04,12.04,12.67,-0.63,-4.97,29361.06,35422.658
3048,600173.SH,20080128,13.15,13.16,12.67,12.67,13.34,-0.67,-5.02,12936.64,16502.265
3049,600173.SH,20080125,13.3,13.52,12.76,13.34,13.28,0.06,0.45,31821.64,41948.432
3050,600173.SH,20080124,13.28,13.79,12.64,13.28,13.28,0.0,0.0,34648.55,46046.623
3051,600173.SH,20080123,13.09,13.68,13.09,13.28,13.78,-0.5,-3.63,46619.56,61407.456
3052,600173.SH,20080122,14.0,14.3,13.78,13.78,14.5,-0.72,-4.97,20663.0,28510.59
3053,600173.SH,20080121,15.45,15.52,14.49,14.5,15.25,-0.75,-4.92,28591.93,42583.497
3054,600173.SH,20080118,14.7,15.28,14.7,15.25,14.71,0.54,3.67,25594.85,38559.895
3055,600173.SH,20080117,14.7,15.31,14.51,14.71,14.96,-0.25,-1.67,40943.0,60663.304
3056,600173.SH,20080116,15.48,15.5,14.96,14.96,15.75,-0.79,-5.02,75630.64,113757.203
3057,600173.SH,20080115,16.58,17.0,15.75,15.75,16.58,-0.83,-5.01,72322.6,115382.429
3058,600173.SH,20080114,16.2,16.79,16.11,16.58,16.05,0.53,3.3,66422.07,109205.672
3059,600173.SH,20080111,16.2,16.42,15.45,16.05,16.03,0.02,0.12,53429.95,84650.467
3060,600173.SH,20080110,16.11,16.85,15.81,16.03,16.1,-0.07,-0.43,59541.26,96552.476
3061,600173.SH,20080109,16.79,16.79,15.35,16.1,15.99,0.11,0.69,106378.3,173892.27
3062,600173.SH,20080108,15.6,15.99,15.28,15.99,15.23,0.76,4.99,13910.76,22108.467
3063,600173.SH,20080107,14.67,15.23,14.4,15.23,14.5,0.73,5.03,51660.09,77033.36
3064,600173.SH,20080104,14.02,14.72,14.02,14.5,14.02,0.48,3.42,92210.05,134232.152
3065,600173.SH,20080103,14.02,14.02,13.8,14.02,13.35,0.67,5.02,39395.16,55157.849
3066,600173.SH,20080102,13.35,13.35,13.13,13.35,12.71,0.64,5.04,33231.22,44354.948
3067,600173.SH,20071228,12.71,12.71,12.71,12.71,12.1,0.61,5.04,10638.22,13521.178
3068,600173.SH,20071227,11.9,12.27,11.8,12.1,11.76,0.34,2.89,32928.38,39855.932
3069,600173.SH,20071226,11.67,11.8,11.55,11.76,11.63,0.13,1.12,22630.95,26390.584
3070,600173.SH,20071225,11.89,11.92,11.6,11.63,11.9,-0.27,-2.27,19092.41,22377.547
3071,600173.SH,20071224,11.69,12.0,11.5,11.9,11.6,0.3,2.59,28042.35,32905.743
3072,600173.SH,20071221,11.75,11.9,11.4,11.6,11.58,0.02,0.17,23046.76,26770.989
3073,600173.SH,20071220,11.16,11.58,11.09,11.58,11.03,0.55,4.99,19758.33,22799.679
3074,600173.SH,20071219,11.05,11.21,10.84,11.03,10.96,0.07,0.64,15699.32,17306.37
3075,600173.SH,20071218,11.32,11.46,10.96,10.96,11.54,-0.58,-5.03,18676.02,20651.846
3076,600173.SH,20071217,12.18,12.19,11.54,11.54,12.15,-0.61,-5.02,19004.35,22062.5
3077,600173.SH,20071214,12.31,12.49,11.8,12.15,12.3,-0.15,-1.22,15620.4,18819.433
3078,600173.SH,20071213,12.32,12.57,12.19,12.3,12.32,-0.02,-0.16,11823.62,14624.228
3079,600173.SH,20071212,12.9,12.9,12.28,12.32,12.86,-0.54,-4.2,15426.45,19268.921
3080,600173.SH,20071211,12.9,13.19,12.72,12.86,12.6,0.26,2.06,22071.79,28413.777
3081,600173.SH,20071210,12.1,12.6,12.1,12.6,12.0,0.6,5.0,20431.69,25709.297
3082,600173.SH,20071206,12.0,12.16,11.8,12.0,12.1,-0.1,-0.83,8292.8,9890.012
3083,600173.SH,20071205,11.9,12.16,11.88,12.1,11.9,0.2,1.68,6573.22,7900.378
3084,600173.SH,20071204,11.98,12.16,11.72,11.9,11.72,0.18,1.54,6352.38,7575.11
3085,600173.SH,20071203,11.58,12.01,11.58,11.72,12.03,-0.31,-2.58,8732.39,10358.474
3086,600173.SH,20071130,12.58,12.58,11.98,12.03,12.48,-0.45,-3.61,8652.86,10569.864
3087,600173.SH,20071129,12.46,12.58,11.93,12.48,12.44,0.04,0.32,9133.15,11189.003
3088,600173.SH,20071128,12.79,13.0,12.42,12.44,12.73,-0.29,-2.28,6370.6,8105.486
3089,600173.SH,20071127,12.4,13.17,12.25,12.73,12.54,0.19,1.52,19848.84,25289.815
3090,600173.SH,20071126,12.93,13.0,12.22,12.54,12.85,-0.31,-2.41,11241.71,14131.968
3091,600173.SH,20071123,13.0,13.17,12.57,12.85,13.05,-0.2,-1.53,8794.34,11243.034
3092,600173.SH,20071122,13.66,13.66,12.36,13.05,13.01,0.04,0.31,25001.57,33278.116
3093,600173.SH,20071115,12.7,13.37,12.48,13.01,12.73,0.28,2.2,44367.45,58466.866
3094,600173.SH,20071114,12.18,12.73,12.02,12.73,12.12,0.61,5.03,23042.99,28822.54
3095,600173.SH,20071113,12.5,12.5,11.9,12.12,12.27,-0.15,-1.22,10981.11,13378.51
3096,600173.SH,20071112,12.25,12.79,11.98,12.27,12.46,-0.19,-1.52,12403.88,15290.731
3097,600173.SH,20071109,11.82,12.46,11.55,12.46,11.87,0.59,4.97,22947.34,28098.749
3098,600173.SH,20071108,12.39,12.39,11.78,11.87,12.34,-0.47,-3.81,14707.02,17639.582
3099,600173.SH,20071107,12.64,13.05,12.08,12.34,12.64,-0.3,-2.37,15724.85,19374.006
3100,600173.SH,20071106,13.0,13.3,12.64,12.64,13.3,-0.66,-4.96,15586.6,20144.909
3101,600173.SH,20071105,14.4,14.4,13.3,13.3,14.0,-0.7,-5.0,22276.33,30153.208
3102,600173.SH,20071102,13.6,14.23,13.21,14.0,13.55,0.45,3.32,38602.63,54357.026
3103,600173.SH,20071101,13.48,13.55,13.0,13.55,12.9,0.65,5.04,31334.74,42132.008
3104,600173.SH,20071031,12.29,12.9,12.29,12.9,12.29,0.61,4.96,24686.97,31331.507
3105,600173.SH,20071030,11.5,12.29,11.12,12.29,11.7,0.59,5.04,33375.86,39206.682
3106,600173.SH,20071029,11.83,12.31,11.7,11.7,12.32,-0.62,-5.03,21411.7,25163.786
3107,600173.SH,20071026,12.32,12.57,12.32,12.32,12.97,-0.65,-5.01,14365.45,17710.087
3108,600173.SH,20071024,13.66,13.78,12.91,12.97,13.59,-0.62,-4.56,24719.66,32453.652
3109,600173.SH,20071023,13.58,14.0,13.43,13.59,14.14,-0.55,-3.89,29813.66,40266.729
3110,600173.SH,20071022,15.05,15.05,14.14,14.14,14.88,-0.74,-4.97,18748.59,26820.147
3111,600173.SH,20071019,15.3,15.3,14.34,14.88,14.85,0.03,0.2,18589.23,27708.331
3112,600173.SH,20071018,15.25,15.47,14.7,14.85,15.12,-0.27,-1.79,21723.73,32538.001
3113,600173.SH,20071017,14.77,15.37,14.5,15.12,14.68,0.44,3.0,31419.77,47313.512
3114,600173.SH,20071016,15.3,15.3,14.68,14.68,15.45,-0.77,-4.98,54378.78,80304.661
3115,600173.SH,20071015,16.28,16.65,15.45,15.45,16.26,-0.81,-4.98,37681.45,58487.0
3116,600173.SH,20071012,16.8,17.37,16.26,16.26,17.12,-0.86,-5.02,44262.35,72627.531
3117,600173.SH,20071011,16.9,17.91,16.61,17.12,17.06,0.06,0.35,53754.81,93465.584
3118,600173.SH,20071010,16.0,17.06,15.45,17.06,16.25,0.81,4.98,75850.77,122180.362
3119,600173.SH,20071009,17.38,17.38,16.14,16.25,16.99,-0.74,-4.36,57508.61,93760.855
3120,600173.SH,20071008,19.0,23.77,16.5,16.99,18.94,-1.95,-10.3,126947.93,248105.249
3121,600173.SH,20070706,20.89,20.89,18.94,18.94,19.94,-1.0,-5.02,95920.16,186376.245
3122,600173.SH,20070705,19.88,19.96,18.7,19.94,19.01,0.93,4.89,107754.81,213877.94
3123,600173.SH,20070704,19.01,19.01,19.01,19.01,18.1,0.91,5.03,11297.93,21477.365
3124,600173.SH,20070703,18.1,18.1,17.42,18.1,17.24,0.86,4.99,21170.86,38178.996
3125,600173.SH,20070702,17.17,17.24,16.46,17.24,16.42,0.82,4.99,72062.48,122698.994
3126,600173.SH,20070629,16.07,16.79,15.6,16.42,16.09,0.33,2.05,43395.22,70232.868
3127,600173.SH,20070628,14.95,16.42,14.95,16.09,15.65,0.44,2.81,59402.39,94806.783
3128,600173.SH,20070627,16.5,16.53,15.6,15.65,15.74,-0.09,-0.57,117088.2,190156.229
3129,600173.SH,20070626,15.55,15.74,15.55,15.74,14.99,0.75,5.0,18844.45,29651.664
3130,600173.SH,20070625,14.99,14.99,14.99,14.99,14.28,0.71,4.97,6478.49,9711.257
3131,600173.SH,20070622,13.61,14.28,13.61,14.28,13.6,0.68,5.0,62246.27,88742.382
3132,600173.SH,20070621,13.1,13.75,13.03,13.6,13.31,0.29,2.18,27861.09,37524.352
3133,600173.SH,20070620,14.04,14.05,13.17,13.31,13.67,-0.36,-2.63,26059.88,35646.568
3134,600173.SH,20070619,13.8,14.22,13.58,13.67,14.18,-0.51,-3.6,25327.36,34977.617
3135,600173.SH,20070618,13.8,14.46,13.08,14.18,13.77,0.41,2.98,66262.15,90234.753
3136,600173.SH,20070615,13.79,13.98,13.56,13.77,14.27,-0.5,-3.5,46117.61,62885.627
3137,600173.SH,20070614,14.52,15.0,14.27,14.27,15.02,-0.75,-4.99,51510.65,74808.684
3138,600173.SH,20070613,15.19,15.68,14.7,15.02,15.42,-0.4,-2.59,49481.84,74850.639
3139,600173.SH,20070612,15.4,15.49,14.63,15.42,14.75,0.67,4.54,67964.56,104325.049
3140,600173.SH,20070611,14.4,14.75,14.05,14.75,14.05,0.7,4.98,45735.82,66318.189
3141,600173.SH,20070608,13.34,14.64,13.34,14.05,14.04,0.01,0.07,56663.83,79353.401
3142,600173.SH,20070607,13.9,14.38,13.32,14.04,14.02,0.02,0.14,65402.79,90464.528
3143,600173.SH,20070606,14.02,15.25,14.02,14.02,14.76,-0.74,-5.01,90221.91,128153.593
3144,600173.SH,20070605,14.76,14.76,14.76,14.76,15.54,-0.78,-5.02,2113.0,3118.788
3145,600173.SH,20070604,15.75,15.8,15.54,15.54,16.36,-0.82,-5.01,12354.0,19269.949
3146,600173.SH,20070601,16.36,16.36,15.72,16.36,15.58,0.78,5.01,123093.22,200076.241
3147,600173.SH,20070530,14.65,16.19,14.65,15.58,15.42,0.16,1.04,115348.13,180766.486
3148,600173.SH,20070529,15.4,15.42,14.59,15.42,14.69,0.73,4.97,96418.56,146199.198
3149,600173.SH,20070528,13.99,14.69,13.99,14.69,13.99,0.7,5.0,54943.93,80206.695
3150,600173.SH,20070525,14.44,14.44,13.86,13.99,14.46,-0.47,-3.25,51818.6,72873.226
3151,600173.SH,20070524,15.5,15.5,14.1,14.46,14.84,-0.38,-2.56,75760.42,110328.136
3152,600173.SH,20070523,14.71,14.84,14.45,14.84,14.13,0.71,5.02,38905.81,57438.767
3153,600173.SH,20070522,14.13,14.13,13.81,14.13,13.46,0.67,4.98,64883.43,91641.347
3154,600173.SH,20070521,12.86,13.46,12.85,13.46,12.82,0.64,4.99,13443.75,17886.474
3155,600173.SH,20070518,12.23,12.82,12.04,12.82,12.21,0.61,5.0,47611.06,59315.559
3156,600173.SH,20070517,12.3,12.47,12.08,12.21,12.26,-0.05,-0.41,40937.59,49963.423
3157,600173.SH,20070516,12.08,12.55,12.0,12.26,12.11,0.15,1.24,34549.17,42312.185
3158,600173.SH,20070515,12.42,12.42,11.7,12.11,11.83,0.28,2.37,78133.28,94655.238
3159,600173.SH,20070514,12.2,12.3,11.68,11.83,11.71,0.12,1.02,90569.65,109171.511
3160,600173.SH,20070511,11.69,11.71,11.3,11.71,11.15,0.56,5.02,75664.27,88206.905
3161,600173.SH,20070510,11.15,11.15,10.96,11.15,10.62,0.53,4.99,38786.61,43219.219
3162,600173.SH,20070509,10.62,10.62,10.16,10.62,10.11,0.51,5.04,56036.21,59303.309
3163,600173.SH,20070508,9.75,10.11,9.75,10.11,9.63,0.48,4.98,36589.52,36878.771
3164,600173.SH,20070430,10.0,10.16,9.6,9.63,9.68,-0.05,-0.52,87443.16,86899.095
3165,600173.SH,20070427,9.5,9.68,9.38,9.68,9.22,0.46,4.99,48056.76,46355.988
3166,600173.SH,20070426,9.15,9.22,8.92,9.22,8.78,0.44,5.01,63001.58,57694.625
3167,600173.SH,20070425,8.3,8.78,8.14,8.78,8.36,0.42,5.02,58361.4,50458.09
3168,600173.SH,20070424,8.7,8.7,8.28,8.36,8.72,-0.36,-4.13,63575.38,53752.338
3169,600173.SH,20070423,9.0,9.1,8.58,8.72,8.96,-0.24,-2.68,72152.36,63273.026
3170,600173.SH,20070420,8.72,9.0,8.72,8.96,8.64,0.32,3.7,69490.73,61621.577
3171,600173.SH,20070419,9.32,9.32,8.44,8.64,8.88,-0.24,-2.7,142517.15,127780.821
3172,600173.SH,20070418,8.88,8.88,8.88,8.88,8.46,0.42,4.96,9383.7,8332.726
3173,600173.SH,20070417,8.42,8.46,8.42,8.46,8.06,0.4,4.96,20337.65,17185.834
3174,600173.SH,20070416,7.62,8.06,7.62,8.06,7.68,0.38,4.95,47393.01,38091.867
3175,600173.SH,20070413,7.47,7.84,7.31,7.68,7.47,0.21,2.81,87813.03,67165.172
3176,600173.SH,20070412,7.49,7.57,7.3,7.47,7.41,0.06,0.81,48119.34,35816.781
3177,600173.SH,20070410,7.5,7.5,7.21,7.41,7.47,-0.06,-0.8,37811.91,27745.882
3178,600173.SH,20070409,7.6,7.62,7.3,7.47,7.57,-0.1,-1.32,51060.26,37666.159
3179,600173.SH,20070406,7.87,8.1,7.52,7.57,7.75,-0.18,-2.32,72464.58,56253.843
3180,600173.SH,20070405,7.44,7.75,7.33,7.75,7.38,0.37,5.01,70594.08,54495.495
3181,600173.SH,20070404,7.37,7.44,7.32,7.38,7.36,0.02,0.27,33353.88,24622.609
3182,600173.SH,20070403,7.41,7.47,7.33,7.36,7.43,-0.07,-0.94,35211.61,25963.303
3183,600173.SH,20070402,7.3,7.59,7.19,7.43,7.24,0.19,2.62,43847.74,32449.387
3184,600173.SH,20070330,7.05,7.29,7.0,7.24,7.06,0.18,2.55,25960.35,18749.974
3185,600173.SH,20070329,7.23,7.28,6.95,7.06,7.22,-0.16,-2.22,31874.51,22610.136
3186,600173.SH,20070328,7.13,7.4,6.93,7.22,7.11,0.11,1.55,40546.08,29237.616
3187,600173.SH,20070327,6.91,7.19,6.84,7.11,7.2,-0.09,-1.25,76092.49,53091.042
3188,600173.SH,20070326,7.2,7.45,7.2,7.2,7.58,-0.38,-5.01,45817.16,33126.554
3189,600173.SH,20070323,7.98,8.25,7.53,7.58,7.93,-0.35,-4.41,66985.86,51524.473
3190,600173.SH,20070322,7.6,7.93,7.52,7.93,7.55,0.38,5.03,86643.19,68073.341
3191,600173.SH,20070321,7.32,7.67,7.32,7.55,7.32,0.23,3.14,53089.17,39871.129
3192,600173.SH,20070320,7.59,7.59,7.22,7.32,7.47,-0.15,-2.01,30945.75,22686.842
3193,600173.SH,20070319,6.88,7.5,6.85,7.47,7.16,0.31,4.33,43053.17,31512.965
3194,600173.SH,20070316,7.65,7.65,7.16,7.16,7.54,-0.38,-5.04,49707.1,36387.646
3195,600173.SH,20070315,7.29,7.62,7.21,7.54,7.28,0.26,3.57,62233.63,46235.596
3196,600173.SH,20070314,7.9,7.9,7.26,7.28,7.64,-0.36,-4.71,118513.48,88902.735
3197,600173.SH,20070313,7.64,7.64,7.64,7.64,7.28,0.36,4.95,12584.49,9614.55
3198,600173.SH,20070312,7.03,7.28,6.99,7.28,6.93,0.35,5.05,24844.72,17957.954
3199,600173.SH,20070309,6.8,6.93,6.75,6.93,6.6,0.33,5.0,40455.91,27838.683
3200,600173.SH,20070308,6.49,6.6,6.49,6.6,6.29,0.31,4.93,63685.01,41927.14
3201,600173.SH,20070307,5.99,6.29,5.92,6.29,5.99,0.3,5.01,49736.54,30909.047
3202,600173.SH,20070306,5.51,5.99,5.51,5.99,5.7,0.29,5.09,73355.24,42044.69
3203,600173.SH,20070305,5.94,5.94,5.7,5.7,6.0,-0.3,-5.0,48185.43,27677.243
3204,600173.SH,20070302,5.94,6.2,5.85,6.0,5.96,0.04,0.67,46549.11,27929.8
3205,600173.SH,20070301,6.1,6.21,5.94,5.96,6.25,-0.29,-4.64,64521.54,38727.101
3206,600173.SH,20070228,6.45,6.7,6.1,6.25,6.38,-0.13,-2.04,80016.71,51338.597
3207,600173.SH,20070227,6.38,6.38,6.21,6.38,6.08,0.3,4.93,40075.65,25561.812
3208,600173.SH,20070226,6.08,6.08,5.86,6.08,5.79,0.29,5.01,63993.47,38646.372
3209,600173.SH,20070216,5.79,5.79,5.79,5.79,5.51,0.28,5.08,1388.5,803.942
3210,600173.SH,20070215,5.51,5.51,5.51,5.51,5.25,0.26,4.95,2150.8,1185.091
3211,600173.SH,20070213,5.25,5.25,5.25,5.25,5.0,0.25,5.0,6341.01,3329.03
3212,600173.SH,20070212,5.0,5.0,5.0,5.0,4.76,0.24,5.04,2260.99,1130.495
3213,600173.SH,20070209,4.76,4.76,4.76,4.76,4.53,0.23,5.08,1791.53,852.768
3214,600173.SH,20070208,4.53,4.53,4.53,4.53,4.31,0.22,5.1,2800.0,1268.4
3215,600173.SH,20070207,4.31,4.31,4.31,4.31,4.1,0.21,5.12,880.05,379.302
3216,600173.SH,20070206,4.1,4.1,4.1,4.1,3.9,0.2,5.13,2680.0,1098.8
3217,600173.SH,20070205,3.9,3.9,3.9,3.9,3.71,0.19,5.12,406.5,158.535
3218,600173.SH,20070202,3.71,3.71,3.71,3.71,3.53,0.18,5.1,1620.51,601.209
3219,600173.SH,20070201,3.53,3.53,3.53,3.53,3.36,0.17,5.06,877.53,309.768
3220,600173.SH,20070131,3.36,3.36,3.36,3.36,3.2,0.16,5.0,1522.5,511.56
3221,600173.SH,20061213,3.26,3.26,2.95,3.2,3.1,0.1,3.23,152137.43,48595.167
3222,600173.SH,20061212,3.1,3.1,3.1,3.1,2.95,0.15,5.08,4351.31,1348.906
3223,600173.SH,20061211,2.95,2.95,2.95,2.95,2.81,0.14,4.98,42104.92,12420.951
3224,600173.SH,20061208,2.72,2.81,2.72,2.81,2.68,0.13,4.85,57443.59,16060.284
3225,600173.SH,20061207,2.59,2.68,2.58,2.68,2.55,0.13,5.1,79138.17,21091.99
3226,600173.SH,20061206,2.43,2.55,2.39,2.55,2.43,0.12,4.94,61854.08,15437.119
3227,600173.SH,20061205,2.41,2.43,2.37,2.43,2.42,0.01,0.41,17596.28,4222.781
3228,600173.SH,20061204,2.44,2.47,2.37,2.42,2.44,-0.02,-0.82,25462.52,6138.657
3229,600173.SH,20061201,2.53,2.53,2.4,2.44,2.47,-0.03,-1.21,29504.64,7267.804
3230,600173.SH,20061130,2.32,2.47,2.3,2.47,2.35,0.12,5.11,24793.28,6003.261
3231,600173.SH,20061129,2.42,2.42,2.32,2.35,2.44,-0.09,-3.69,29339.16,6903.811
3232,600173.SH,20061128,2.43,2.47,2.41,2.44,2.43,0.01,0.41,16242.01,3965.116
3233,600173.SH,20061127,2.45,2.47,2.41,2.43,2.45,-0.02,-0.82,15326.2,3711.042
3234,600173.SH,20061124,2.51,2.52,2.43,2.45,2.48,-0.03,-1.21,21534.72,5288.469
3235,600173.SH,20061123,2.5,2.51,2.44,2.48,2.48,0.0,0.0,15093.87,3730.152
3236,600173.SH,20061122,2.42,2.55,2.42,2.48,2.48,0.0,0.0,19285.5,4830.981
3237,600173.SH,20061121,2.51,2.52,2.42,2.48,2.51,-0.03,-1.2,13143.74,3231.313
3238,600173.SH,20061120,2.4,2.52,2.4,2.51,2.4,0.11,4.58,66402.98,16615.298
3239,600173.SH,20061117,2.26,2.4,2.24,2.4,2.29,0.11,4.8,49112.74,11541.53
3240,600173.SH,20061116,2.29,2.37,2.22,2.29,2.31,-0.02,-0.87,39000.51,8868.618
3241,600173.SH,20061115,2.33,2.34,2.21,2.31,2.33,-0.02,-0.86,42224.6,9470.482
3242,600173.SH,20061114,2.39,2.41,2.33,2.33,2.45,-0.12,-4.9,34003.6,7950.074
3243,600173.SH,20061113,2.46,2.53,2.38,2.45,2.51,-0.06,-2.39,44078.45,10729.173
3244,600173.SH,20061110,2.55,2.69,2.5,2.51,2.63,-0.12,-4.56,66770.66,16947.906
3245,600173.SH,20061109,2.4,2.63,2.4,2.63,2.5,0.13,5.2,74122.19,18505.816
3246,600173.SH,20061108,2.5,2.5,2.5,2.5,2.63,-0.13,-4.94,11726.0,2931.5
3247,600173.SH,20061107,2.78,2.9,2.63,2.63,2.77,-0.14,-5.05,57312.0,15524.439
3248,600173.SH,20061106,2.83,2.94,2.69,2.77,2.83,-0.06,-2.12,49505.62,13787.316
3249,600173.SH,20061103,2.75,2.93,2.7,2.83,2.79,0.04,1.43,70751.88,20023.712
3250,600173.SH,20061102,2.71,2.82,2.61,2.79,2.71,0.08,2.95,70580.8,19066.277
3251,600173.SH,20061101,2.68,2.71,2.6,2.71,2.58,0.13,5.04,100652.73,27095.833
3252,600173.SH,20061031,2.34,2.58,2.34,2.58,2.46,0.12,4.88,128333.35,31600.96
3253,600173.SH,20061030,2.34,2.57,2.34,2.46,2.46,0.0,0.0,208275.61,49954.238
3254,600173.SH,20061027,2.46,2.46,2.46,2.46,2.59,-0.13,-5.02,5679.0,1397.034
3255,600173.SH,20061026,2.59,2.59,2.59,2.59,2.73,-0.14,-5.13,12527.0,3244.493
3256,600173.SH,20061024,2.73,2.73,2.73,2.73,2.87,-0.14,-4.88,13583.0,3708.159
3257,600173.SH,20061023,2.87,2.87,2.87,2.87,3.02,-0.15,-4.97,13923.0,3995.901
3258,600173.SH,20061020,3.02,3.1,3.02,3.02,3.18,-0.16,-5.03,49523.89,14980.666
3259,600173.SH,20061019,3.34,3.34,3.18,3.18,3.35,-0.17,-5.07,67792.0,21889.925
3260,600173.SH,20061018,3.22,3.39,3.15,3.35,3.27,0.08,2.45,38430.54,12688.486
3261,600173.SH,20061017,3.42,3.42,3.25,3.27,3.42,-0.15,-4.39,60797.36,20188.086
3262,600173.SH,20061016,3.23,3.42,3.1,3.42,3.26,0.16,4.91,117435.06,38297.898
3263,600173.SH,20061013,3.22,3.26,3.19,3.26,3.1,0.16,5.16,175832.09,57222.577
3264,600173.SH,20061012,2.95,3.1,2.85,3.1,2.95,0.15,5.08,51897.46,15666.874
3265,600173.SH,20061011,2.81,3.04,2.81,2.95,2.91,0.04,1.37,24896.49,7371.669
3266,600173.SH,20061010,3.0,3.0,2.88,2.91,3.03,-0.12,-3.96,34244.64,10047.532
3267,600173.SH,20061009,3.08,3.08,2.9,3.03,2.94,0.09,3.06,63365.54,18958.968
3268,600173.SH,20060929,2.78,2.94,2.74,2.94,2.8,0.14,5.0,33783.58,9618.058
3269,600173.SH,20060928,2.7,2.83,2.7,2.8,2.79,0.01,0.36,35167.85,9751.202
3270,600173.SH,20060927,2.92,2.94,2.79,2.79,2.94,-0.15,-5.1,39469.0,11268.027
3271,600173.SH,20060926,2.77,2.94,2.77,2.94,2.8,0.14,5.0,49507.07,14475.56
3272,600173.SH,20060925,2.75,2.84,2.7,2.8,2.75,0.05,1.82,36796.54,10204.076
3273,600173.SH,20060922,2.87,2.87,2.71,2.75,2.74,0.01,0.37,73545.97,20537.606
3274,600173.SH,20060921,2.72,2.74,2.65,2.74,2.61,0.13,4.98,42473.19,11590.789
3275,600173.SH,20060920,2.46,2.61,2.45,2.61,2.49,0.12,4.82,42169.26,10843.554
3276,600173.SH,20060919,2.44,2.53,2.44,2.49,2.46,0.03,1.22,25897.65,6430.723
3277,600173.SH,20060918,2.45,2.48,2.41,2.46,2.45,0.01,0.41,25359.07,6198.899
3278,600173.SH,20060915,2.44,2.52,2.43,2.45,2.44,0.01,0.41,27936.05,6909.582
3279,600173.SH,20060914,2.38,2.48,2.36,2.44,2.38,0.06,2.52,32145.52,7786.294
3280,600173.SH,20060913,2.41,2.54,2.37,2.38,2.43,-0.05,-2.06,63707.94,15734.451
3281,600173.SH,20060912,2.43,2.43,2.38,2.43,2.43,0.0,0.0,27688.03,6652.778
3282,600173.SH,20060911,2.4,2.45,2.36,2.43,2.4,0.03,1.25,44257.9,10670.019
3283,600173.SH,20060908,2.27,2.4,2.25,2.4,2.29,0.11,4.8,94310.12,22540.996
3284,600173.SH,20060907,2.32,2.33,2.2,2.29,2.3,-0.01,-0.43,44619.91,10161.111
3285,600173.SH,20060906,2.25,2.33,2.23,2.3,2.24,0.06,2.68,36252.7,8292.163
3286,600173.SH,20060905,2.2,2.27,2.18,2.24,2.21,0.03,1.36,24430.93,5443.475
3287,600173.SH,20060904,2.18,2.23,2.18,2.21,2.19,0.02,0.91,16869.3,3728.194
3288,600173.SH,20060901,2.23,2.23,2.18,2.19,2.22,-0.03,-1.35,18399.0,4039.575
3289,600173.SH,20060831,2.18,2.26,2.13,2.22,2.16,0.06,2.78,29985.48,6602.459
3290,600173.SH,20060830,2.15,2.2,2.13,2.16,2.16,0.0,0.0,19024.09,4108.058
3291,600173.SH,20060829,2.21,2.22,2.15,2.16,2.21,-0.05,-2.26,30092.5,6572.197
3292,600173.SH,20060828,2.08,2.21,2.08,2.21,2.1,0.11,5.24,58763.96,12887.043
3293,600173.SH,20060825,2.09,2.11,2.05,2.1,2.12,-0.02,-0.94,49943.96,10405.038
3294,600173.SH,20060824,2.15,2.15,2.06,2.12,2.17,-0.05,-2.3,73504.04,15428.331
3295,600173.SH,20060823,2.15,2.18,2.14,2.17,2.18,-0.01,-0.46,29485.83,6356.59
3296,600173.SH,20060822,2.19,2.24,2.17,2.18,2.19,-0.01,-0.46,14767.62,3237.803
3297,600173.SH,20060821,2.13,2.21,2.12,2.19,2.23,-0.04,-1.79,25203.38,5431.337
3298,600173.SH,20060818,2.25,2.36,2.22,2.23,2.28,-0.05,-2.19,47079.65,10789.297
3299,600173.SH,20060817,2.17,2.28,2.14,2.28,2.17,0.11,5.07,28665.32,6436.042
3300,600173.SH,20060816,2.16,2.2,2.14,2.17,2.16,0.01,0.46,6501.0,1410.279
3301,600173.SH,20060815,2.11,2.16,2.11,2.16,2.12,0.04,1.89,6863.18,1466.278
3302,600173.SH,20060814,2.17,2.21,2.09,2.12,2.19,-0.07,-3.2,14280.89,3062.748
3303,600173.SH,20060811,2.18,2.22,2.16,2.19,2.18,0.01,0.46,9956.98,2182.98
3304,600173.SH,20060810,2.17,2.19,2.14,2.18,2.16,0.02,0.93,7604.95,1651.587
3305,600173.SH,20060809,2.14,2.19,2.12,2.16,2.15,0.01,0.47,11585.45,2509.875
3306,600173.SH,20060808,2.08,2.17,2.05,2.15,2.12,0.03,1.42,17835.69,3763.592
3307,600173.SH,20060807,2.22,2.22,2.12,2.12,2.23,-0.11,-4.93,18201.63,3914.152
3308,600173.SH,20060804,2.2,2.23,2.17,2.23,2.19,0.04,1.83,12405.46,2736.028
3309,600173.SH,20060803,2.15,2.22,2.14,2.19,2.16,0.03,1.39,9715.73,2127.56
3310,600173.SH,20060802,2.26,2.29,2.15,2.16,2.26,-0.1,-4.42,29903.54,6536.72
3311,600173.SH,20060801,2.22,2.31,2.2,2.26,2.25,0.01,0.44,17303.04,3893.461
3312,600173.SH,20060731,2.27,2.36,2.24,2.25,2.25,0.0,0.0,40551.94,9352.499
3313,600173.SH,20060728,2.21,2.29,2.21,2.25,2.24,0.01,0.45,25679.24,5796.446
3314,600173.SH,20060727,2.27,2.27,2.18,2.24,2.26,-0.02,-0.89,27369.56,6076.881
3315,600173.SH,20060726,2.26,2.27,2.21,2.26,2.26,0.0,0.0,20221.03,4530.554
3316,600173.SH,20060725,2.26,2.31,2.25,2.26,2.28,-0.02,-0.88,21733.16,4949.313
3317,600173.SH,20060724,2.21,2.29,2.2,2.28,2.26,0.02,0.89,18060.5,4055.713
3318,600173.SH,20060721,2.22,2.26,2.19,2.26,2.22,0.04,1.8,24027.94,5375.831
3319,600173.SH,20060720,2.12,2.22,2.09,2.22,2.11,0.11,5.21,31539.56,6869.276
3320,600173.SH,20060719,2.15,2.19,2.08,2.11,2.16,-0.05,-2.31,14599.68,3115.514
3321,600173.SH,20060718,2.11,2.17,2.1,2.16,2.15,0.01,0.47,12787.84,2730.619
3322,600173.SH,20060717,2.08,2.15,2.06,2.15,2.12,0.03,1.42,14477.44,3064.545
3323,600173.SH,20060714,2.09,2.15,2.06,2.12,2.13,-0.01,-0.47,19966.48,4187.645
3324,600173.SH,20060713,2.22,2.23,2.13,2.13,2.24,-0.11,-4.91,35172.49,7604.405
3325,600173.SH,20060712,2.29,2.35,2.19,2.24,2.29,-0.05,-2.18,28514.71,6517.89
3326,600173.SH,20060711,2.3,2.31,2.26,2.29,2.3,-0.01,-0.43,19389.04,4424.199
3327,600173.SH,20060710,2.24,2.33,2.2,2.3,2.25,0.05,2.22,26504.51,6039.987
3328,600173.SH,20060707,2.2,2.26,2.2,2.25,2.21,0.04,1.81,24461.92,5443.935
3329,600173.SH,20060706,2.14,2.25,2.14,2.21,2.15,0.06,2.79,30056.13,6618.327
3330,600173.SH,20060705,2.16,2.18,2.13,2.15,2.16,-0.01,-0.46,17564.59,3771.945
3331,600173.SH,20060704,2.19,2.2,2.13,2.16,2.2,-0.04,-1.82,25951.51,5598.383
3332,600173.SH,20060703,2.17,2.2,2.16,2.2,2.17,0.03,1.38,17126.81,3748.822
3333,600173.SH,20060630,2.22,2.22,2.16,2.17,2.2,-0.03,-1.36,23134.19,5036.278
3334,600173.SH,20060629,2.16,2.22,2.16,2.2,2.18,0.02,0.92,20254.35,4440.815
3335,600173.SH,20060628,2.12,2.21,2.1,2.18,2.12,0.06,2.83,21200.09,4566.011
3336,600173.SH,20060627,2.14,2.15,2.09,2.12,2.15,-0.03,-1.4,16242.09,3436.858
3337,600173.SH,20060626,2.05,2.16,2.04,2.15,2.06,0.09,4.37,19226.88,4068.082
3338,600173.SH,20060623,2.05,2.09,2.04,2.06,2.06,0.0,0.0,12415.79,2564.694
3339,600173.SH,20060622,2.07,2.1,2.04,2.06,2.08,-0.02,-0.96,15504.46,3205.219
3340,600173.SH,20060621,2.13,2.14,2.08,2.08,2.13,-0.05,-2.35,17762.0,3738.775
3341,600173.SH,20060620,2.11,2.15,2.09,2.13,2.11,0.02,0.95,15727.39,3335.728
3342,600173.SH,20060619,2.07,2.15,2.07,2.11,2.1,0.01,0.48,20604.43,4352.867
3343,600173.SH,20060616,2.06,2.11,2.06,2.1,2.07,0.03,1.45,24809.44,5177.268
3344,600173.SH,20060615,2.05,2.09,2.03,2.07,2.05,0.02,0.98,18866.3,3893.422
3345,600173.SH,20060614,2.04,2.06,1.96,2.05,2.05,0.0,0.0,16566.78,3318.338
3346,600173.SH,20060613,2.02,2.07,2.0,2.05,2.02,0.03,1.49,18146.39,3703.008
3347,600173.SH,20060612,2.05,2.09,2.02,2.02,2.13,-0.11,-5.16,30792.3,6305.545
3348,600173.SH,20060609,2.13,2.18,2.13,2.13,2.24,-0.11,-4.91,35495.14,7603.961
3349,600173.SH,20060608,2.24,2.24,2.24,2.24,2.36,-0.12,-5.08,7098.0,1589.952
3350,600173.SH,20060607,2.5,2.51,2.36,2.36,2.48,-0.12,-4.84,26114.0,6256.675
3351,600173.SH,20060606,2.4,2.48,2.39,2.48,2.36,0.12,5.08,64511.08,15795.337
3352,600173.SH,20060605,2.25,2.36,2.25,2.36,2.25,0.11,4.89,44882.71,10460.824
3353,600173.SH,20060602,2.31,2.33,2.23,2.25,2.27,-0.02,-0.88,53836.32,12202.627
3354,600173.SH,20060601,2.16,2.27,2.15,2.27,2.16,0.11,5.09,60112.79,13461.171
3355,600173.SH,20060531,2.1,2.17,2.07,2.16,2.1,0.06,2.86,49476.81,10577.306
3356,600173.SH,20060530,2.09,2.1,2.03,2.1,2.08,0.02,0.96,43156.58,8962.168
3357,600173.SH,20060529,2.0,2.09,2.0,2.08,1.99,0.09,4.52,43446.51,8923.928
3358,600173.SH,20060526,1.93,2.01,1.93,1.99,1.93,0.06,3.11,31015.38,6131.065
3359,600173.SH,20060525,1.98,1.98,1.93,1.93,2.03,-0.1,-4.93,20992.12,4054.971
3360,600173.SH,20060523,2.06,2.08,2.0,2.03,2.06,-0.03,-1.46,49602.95,10158.767
3361,600173.SH,20060522,1.98,2.06,1.96,2.06,1.96,0.1,5.1,79601.29,16315.601
3362,600173.SH,20060519,1.93,1.97,1.93,1.96,1.93,0.03,1.55,37879.62,7385.189
3363,600173.SH,20060518,1.9,1.95,1.88,1.93,1.92,0.01,0.52,35534.58,6853.772
3364,600173.SH,20060517,1.87,1.96,1.87,1.92,1.89,0.03,1.59,42599.53,8185.031
3365,600173.SH,20060516,1.92,1.92,1.85,1.89,1.91,-0.02,-1.05,38767.65,7283.191
3366,600173.SH,20060515,1.88,1.92,1.83,1.91,1.88,0.03,1.6,46537.25,8748.957
3367,600173.SH,20060512,1.85,1.89,1.81,1.88,1.87,0.01,0.53,32906.23,6041.751
3368,600173.SH,20060511,1.91,1.93,1.84,1.87,1.91,-0.04,-2.09,35818.6,6767.638
3369,600173.SH,20060510,2.01,2.01,1.9,1.91,2.0,-0.09,-4.5,63608.55,12350.062
3370,600173.SH,20060509,1.96,2.0,1.95,2.0,1.9,0.1,5.26,111758.07,22303.717
3371,600173.SH,20060508,1.75,1.9,1.73,1.9,1.81,0.09,4.97,37396.3,6690.227
3372,600173.SH,20060428,1.72,1.85,1.72,1.81,1.81,0.0,0.0,70540.28,12158.415
3373,600173.SH,20060427,1.81,1.81,1.81,1.81,1.91,-0.1,-5.24,2937.0,531.597
3374,600173.SH,20060426,1.91,1.91,1.91,1.91,2.01,-0.1,-4.98,535.0,102.185
3375,600173.SH,20060425,2.01,2.01,2.01,2.01,2.12,-0.11,-5.19,1952.0,392.352
3376,600173.SH,20060421,2.07,2.18,2.06,2.12,2.04,0.08,3.92,68246.21,14598.622
3377,600173.SH,20060420,2.15,2.16,2.04,2.04,2.13,-0.09,-4.23,18592.0,3850.941
3378,600173.SH,20060419,2.2,2.2,2.1,2.13,2.14,-0.01,-0.47,25324.23,5438.628
3379,600173.SH,20060418,2.16,2.19,2.12,2.14,2.14,0.0,0.0,74488.76,16122.161
3380,600173.SH,20060417,2.1,2.15,2.07,2.14,2.09,0.05,2.39,26906.42,5694.562
3381,600173.SH,20060414,2.03,2.09,2.01,2.09,2.04,0.05,2.45,15690.75,3212.126
3382,600173.SH,20060413,2.11,2.11,2.02,2.04,2.12,-0.08,-3.77,21791.48,4518.12
3383,600173.SH,20060412,2.06,2.15,2.05,2.12,2.07,0.05,2.42,25392.99,5337.107
3384,600173.SH,20060411,2.08,2.09,2.04,2.07,2.08,-0.01,-0.48,17115.13,3531.903
3385,600173.SH,20060410,2.06,2.1,2.03,2.08,2.07,0.01,0.48,19570.3,4029.715
3386,600173.SH,20060407,2.0,2.09,2.0,2.07,2.0,0.07,3.5,27133.25,5563.52
3387,600173.SH,20060406,1.98,2.04,1.98,2.0,1.98,0.02,1.01,17131.58,3441.606
3388,600173.SH,20060405,1.95,1.98,1.94,1.98,1.96,0.02,1.02,13048.53,2561.317
3389,600173.SH,20060404,2.0,2.0,1.94,1.96,2.0,-0.04,-2.0,20439.02,4017.725
3390,600173.SH,20060403,2.01,2.03,1.98,2.0,2.02,-0.02,-0.99,12533.0,2502.117
3391,600173.SH,20060331,2.0,2.03,2.0,2.02,2.02,0.0,0.0,6578.96,1326.718
3392,600173.SH,20060330,2.08,2.08,2.01,2.02,2.06,-0.04,-1.94,6811.0,1389.289
3393,600173.SH,20060329,2.08,2.09,2.05,2.06,2.08,-0.02,-0.96,8479.0,1750.418
3394,600173.SH,20060328,2.03,2.1,2.03,2.08,2.07,0.01,0.48,8342.9,1727.508
3395,600173.SH,20060327,2.03,2.08,2.02,2.07,2.05,0.02,0.98,7299.67,1498.199
3396,600173.SH,20060324,2.06,2.08,2.03,2.05,2.08,-0.03,-1.44,8966.9,1839.473
3397,600173.SH,20060323,2.09,2.09,2.04,2.08,2.09,-0.01,-0.48,10131.51,2089.688
3398,600173.SH,20060322,2.05,2.12,2.05,2.09,2.07,0.02,0.97,8145.0,1695.503
3399,600173.SH,20060321,2.09,2.09,2.05,2.07,2.09,-0.02,-0.96,8491.5,1757.715
3400,600173.SH,20060320,2.1,2.1,2.03,2.09,2.12,-0.03,-1.42,14810.9,3048.612
3401,600173.SH,20060317,2.13,2.17,2.1,2.12,2.1,0.02,0.95,43923.78,9380.281
3402,600173.SH,20060316,2.08,2.11,2.07,2.1,2.12,-0.02,-0.94,10552.0,2203.307
3403,600173.SH,20060315,2.02,2.13,2.02,2.12,2.02,0.1,4.95,22530.89,4670.519
3404,600173.SH,20060314,2.0,2.04,1.98,2.02,2.0,0.02,1.0,10107.01,2028.464
3405,600173.SH,20060313,1.97,2.03,1.97,2.0,1.97,0.03,1.52,8127.99,1628.514
3406,600173.SH,20060310,1.97,2.01,1.97,1.97,1.98,-0.01,-0.51,5209.0,1030.805
3407,600173.SH,20060309,2.0,2.02,1.97,1.98,2.01,-0.03,-1.49,7529.0,1496.865
3408,600173.SH,20060308,1.99,2.03,1.96,2.01,1.99,0.02,1.01,11449.77,2272.254
3409,600173.SH,20060307,2.1,2.1,1.98,1.99,2.1,-0.11,-5.24,15535.5,3163.902
3410,600173.SH,20060306,2.1,2.16,2.08,2.1,2.1,0.0,0.0,10946.0,2321.786
3411,600173.SH,20060303,2.13,2.14,2.08,2.1,2.15,-0.05,-2.33,15739.2,3310.889
3412,600173.SH,20060302,2.23,2.23,2.09,2.15,2.23,-0.08,-3.59,30193.88,6539.471
3413,600173.SH,20060301,2.18,2.28,2.16,2.23,2.2,0.03,1.36,44957.51,9957.449
3414,600173.SH,20060228,2.12,2.23,2.06,2.2,2.13,0.07,3.29,32539.56,6993.858
3415,600173.SH,20060227,2.04,2.16,2.04,2.13,2.06,0.07,3.4,35234.25,7480.513
3416,600173.SH,20060224,2.09,2.12,2.06,2.06,2.1,-0.04,-1.9,19070.4,3969.97
3417,600173.SH,20060223,2.04,2.12,2.01,2.1,2.05,0.05,2.44,34085.08,7092.335
3418,600173.SH,20060222,2.03,2.12,2.0,2.05,2.01,0.04,1.99,21678.8,4489.116
3419,600173.SH,20060221,1.96,2.02,1.94,2.01,1.97,0.04,2.03,5767.65,1141.003
3420,600173.SH,20060220,2.02,2.02,1.91,1.97,2.02,-0.05,-2.48,8190.0,1616.455
3421,600173.SH,20060217,1.99,2.06,1.98,2.02,1.98,0.04,2.02,15687.26,3190.376
3422,600173.SH,20060216,2.03,2.03,1.98,1.98,2.06,-0.08,-3.88,12293.0,2467.53
3423,600173.SH,20060215,2.07,2.08,2.02,2.06,2.07,-0.01,-0.48,12850.56,2635.205
3424,600173.SH,20060214,2.06,2.08,2.04,2.07,2.05,0.02,0.98,12286.6,2528.51
3425,600173.SH,20060213,2.02,2.09,1.99,2.05,2.02,0.03,1.49,21451.48,4383.416
3426,600173.SH,20060210,1.97,2.03,1.95,2.02,1.97,0.05,2.54,10117.11,2021.105
3427,600173.SH,20060209,2.01,2.03,1.97,1.97,2.01,-0.04,-1.99,13012.49,2597.467
3428,600173.SH,20060208,1.95,2.01,1.94,2.01,1.95,0.06,3.08,11642.57,2303.314
3429,600173.SH,20060207,1.93,1.95,1.9,1.95,1.93,0.02,1.04,12305.79,2374.3
3430,600173.SH,20060206,1.88,1.94,1.88,1.93,1.9,0.03,1.58,6629.49,1274.116
3431,600173.SH,20060125,1.99,1.99,1.86,1.9,1.99,-0.09,-4.52,16057.35,3055.512
3432,600173.SH,20060124,2.03,2.03,1.98,1.99,2.02,-0.03,-1.49,12331.49,2464.773
3433,600173.SH,20060123,2.01,2.06,2.0,2.02,2.03,-0.01,-0.49,12182.4,2461.515
3434,600173.SH,20060120,2.1,2.1,2.01,2.03,2.1,-0.07,-3.33,15594.98,3179.281
3435,600173.SH,20060119,2.1,2.12,2.05,2.1,2.11,-0.01,-0.47,20261.94,4211.599
3436,600173.SH,20060118,2.04,2.14,2.03,2.11,2.0,0.11,5.5,38336.53,8032.89
3437,600173.SH,20060117,1.99,2.01,1.98,2.0,1.99,0.01,0.5,7249.45,1443.356
3438,600173.SH,20060116,2.05,2.08,1.99,1.99,2.07,-0.08,-3.86,10040.0,2047.644
3439,600173.SH,20060113,2.03,2.1,2.02,2.07,2.02,0.05,2.48,24353.72,5013.285
3440,600173.SH,20060112,1.97,2.04,1.96,2.02,1.98,0.04,2.02,13234.92,2658.094
3441,600173.SH,20060111,2.02,2.02,1.97,1.98,2.03,-0.05,-2.46,13824.99,2750.32
3442,600173.SH,20060110,1.96,2.06,1.94,2.03,1.97,0.06,3.05,24856.26,4994.25
3443,600173.SH,20060109,1.94,1.98,1.94,1.97,1.95,0.02,1.03,9958.91,1953.758
3444,600173.SH,20060106,1.93,1.96,1.92,1.95,1.93,0.02,1.04,10989.02,2140.074
3445,600173.SH,20060105,1.93,1.94,1.9,1.93,1.92,0.01,0.52,7233.99,1389.052
3446,600173.SH,20060104,1.92,1.93,1.9,1.92,1.92,0.0,0.0,7603.09,1456.403
3447,600173.SH,20051230,1.96,1.99,1.9,1.92,1.97,-0.05,-2.54,7754.0,1492.543
3448,600173.SH,20051229,1.95,1.99,1.93,1.97,1.94,0.03,1.55,12283.0,2407.638
3449,600173.SH,20051228,1.95,1.95,1.92,1.94,1.95,-0.01,-0.51,5258.78,1019.052
3450,600173.SH,20051227,1.91,1.98,1.88,1.95,1.91,0.04,2.09,16859.56,3278.508
3451,600173.SH,20051226,1.92,1.93,1.9,1.91,1.91,0.0,0.0,6102.82,1167.883
3452,600173.SH,20051223,1.9,1.93,1.89,1.91,1.92,-0.01,-0.52,5346.43,1022.358
3453,600173.SH,20051222,1.88,1.94,1.86,1.92,1.89,0.03,1.59,8602.46,1632.942
3454,600173.SH,20051221,1.9,1.92,1.88,1.89,1.92,-0.03,-1.56,4802.0,909.425
3455,600173.SH,20051220,1.93,1.93,1.88,1.92,1.92,0.0,0.0,5841.1,1109.83
3456,600173.SH,20051219,1.93,1.94,1.91,1.92,1.93,-0.01,-0.52,4920.0,947.727
3457,600173.SH,20051216,1.9,1.94,1.89,1.93,1.92,0.01,0.52,5667.11,1082.59
3458,600173.SH,20051215,1.96,1.96,1.92,1.92,1.97,-0.05,-2.54,7837.0,1520.511
3459,600173.SH,20051214,1.9,1.97,1.87,1.97,1.89,0.08,4.23,13129.39,2551.307
3460,600173.SH,20051213,1.91,1.92,1.86,1.89,1.92,-0.03,-1.56,5280.99,995.422
3461,600173.SH,20051212,1.92,1.93,1.9,1.92,1.92,0.0,0.0,4996.0,955.764
3462,600173.SH,20051209,1.9,1.93,1.88,1.92,1.91,0.01,0.52,6605.91,1260.941
3463,600173.SH,20051208,1.86,1.96,1.84,1.91,1.87,0.04,2.14,11383.42,2161.828
3464,600173.SH,20051207,1.84,1.87,1.82,1.87,1.86,0.01,0.54,4853.1,901.602
3465,600173.SH,20051206,1.82,1.87,1.78,1.86,1.83,0.03,1.64,7674.65,1406.046
3466,600173.SH,20051205,1.86,1.87,1.81,1.83,1.89,-0.06,-3.17,10354.84,1902.392
3467,600173.SH,20051202,1.96,1.96,1.88,1.89,1.96,-0.07,-3.57,9382.8,1794.621
3468,600173.SH,20051201,1.96,1.99,1.92,1.96,1.96,0.0,0.0,6024.0,1178.151
3469,600173.SH,20051130,2.01,2.02,1.92,1.96,2.01,-0.05,-2.49,13469.88,2637.018
3470,600173.SH,20051129,2.09,2.09,2.0,2.01,2.08,-0.07,-3.37,9770.53,1989.945
3471,600173.SH,20051128,2.07,2.1,2.04,2.08,2.07,0.01,0.48,8627.0,1791.351
3472,600173.SH,20051125,2.07,2.11,2.04,2.07,2.08,-0.01,-0.48,8010.81,1668.859
3473,600173.SH,20051124,2.04,2.09,2.04,2.08,2.04,0.04,1.96,10407.75,2152.918
3474,600173.SH,20051122,2.15,2.15,2.03,2.04,2.15,-0.11,-5.12,17865.0,3725.497
3475,600173.SH,20051121,2.17,2.2,2.12,2.15,2.18,-0.03,-1.38,29395.23,6355.374
3476,600173.SH,20051118,2.09,2.2,2.06,2.18,2.12,0.06,2.83,35629.61,7615.268
3477,600173.SH,20051117,2.22,2.22,2.12,2.12,2.23,-0.11,-4.93,32769.37,7061.294
3478,600173.SH,20051116,2.29,2.35,2.15,2.23,2.3,-0.07,-3.04,76269.68,17065.271
3479,600173.SH,20051115,2.14,2.3,2.09,2.3,2.09,0.21,10.05,110102.42,24301.726
3480,600173.SH,20051114,1.92,2.09,1.92,2.09,1.9,0.19,10.0,24933.8,5022.825
3481,600173.SH,20051111,1.86,1.93,1.83,1.9,1.88,0.02,1.06,7765.5,1465.45
3482,600173.SH,20051110,1.95,1.95,1.88,1.88,1.96,-0.08,-4.08,8434.92,1603.379
3483,600173.SH,20051109,1.96,1.98,1.93,1.96,1.95,0.01,0.51,8286.27,1624.116
3484,600173.SH,20051108,1.91,1.97,1.89,1.95,1.93,0.02,1.04,10195.63,1976.959
3485,600173.SH,20051107,1.87,1.94,1.86,1.93,1.9,0.03,1.58,7030.15,1335.85
3486,600173.SH,20051104,1.89,1.91,1.81,1.9,1.88,0.02,1.06,10746.69,2002.798
3487,600173.SH,20051103,1.88,1.94,1.86,1.88,1.87,0.01,0.53,10864.07,2062.643
3488,600173.SH,20051102,1.83,1.89,1.81,1.87,1.82,0.05,2.75,10293.3,1917.83
3489,600173.SH,20051101,1.88,1.88,1.75,1.82,1.88,-0.06,-3.19,10299.39,1847.291
3490,600173.SH,20051031,1.84,1.91,1.84,1.88,1.84,0.04,2.17,7888.99,1479.335
3491,600173.SH,20051028,1.88,1.9,1.82,1.84,1.92,-0.08,-4.17,8792.0,1635.344
3492,600173.SH,20051027,1.93,1.95,1.85,1.92,1.95,-0.03,-1.54,12462.9,2367.854
3493,600173.SH,20051026,2.06,2.07,1.94,1.95,2.07,-0.12,-5.8,13096.0,2631.832
3494,600173.SH,20051025,2.14,2.14,2.06,2.07,2.14,-0.07,-3.27,10794.99,2249.367
3495,600173.SH,20051024,2.13,2.18,2.09,2.14,2.18,-0.04,-1.83,12232.22,2607.227
3496,600173.SH,20051021,2.22,2.3,2.18,2.18,2.22,-0.04,-1.8,26799.29,6021.313
3497,600173.SH,20051020,2.21,2.24,2.15,2.22,2.17,0.05,2.3,17903.05,3923.158
3498,600173.SH,20051019,2.17,2.27,2.13,2.17,2.17,0.0,0.0,21166.06,4644.289
3499,600173.SH,20051018,2.08,2.18,2.07,2.17,2.09,0.08,3.83,18990.34,4084.109
3500,600173.SH,20051017,2.08,2.09,2.03,2.09,2.08,0.01,0.48,9595.49,1973.993
3501,600173.SH,20051014,2.15,2.16,2.07,2.08,2.15,-0.07,-3.26,6116.3,1294.358
3502,600173.SH,20051013,2.19,2.21,2.14,2.15,2.2,-0.05,-2.27,13530.35,2932.016
3503,600173.SH,20051012,2.12,2.24,2.1,2.2,2.14,0.06,2.8,25651.54,5587.029
3504,600173.SH,20051011,2.05,2.14,2.01,2.14,2.03,0.11,5.42,9169.98,1912.06
3505,600173.SH,20051010,2.13,2.13,2.01,2.03,2.13,-0.1,-4.69,8859.0,1825.253
3506,600173.SH,20050930,2.17,2.17,2.11,2.13,2.15,-0.02,-0.93,8901.38,1900.923
3507,600173.SH,20050929,2.08,2.16,2.08,2.15,2.08,0.07,3.37,18169.98,3867.579
3508,600173.SH,20050928,2.11,2.22,2.03,2.08,2.24,-0.16,-7.14,38858.88,8273.035
3509,600173.SH,20050927,2.49,2.55,2.24,2.24,2.49,-0.25,-10.04,43636.75,10374.347
3510,600173.SH,20050926,2.46,2.55,2.45,2.49,2.47,0.02,0.81,35987.53,8944.426
3511,600173.SH,20050923,2.5,2.53,2.42,2.47,2.52,-0.05,-1.98,38765.74,9571.909
3512,600173.SH,20050922,2.65,2.71,2.43,2.52,2.65,-0.13,-4.91,35707.1,9172.085
3513,600173.SH,20050921,2.73,2.76,2.6,2.65,2.73,-0.08,-2.93,31629.19,8438.552
3514,600173.SH,20050920,2.75,2.84,2.68,2.73,2.75,-0.02,-0.73,48985.74,13470.8
3515,600173.SH,20050919,2.66,2.81,2.66,2.75,2.63,0.12,4.56,65470.88,17989.657
3516,600173.SH,20050916,2.59,2.67,2.54,2.63,2.62,0.01,0.38,44814.9,11710.563
3517,600173.SH,20050915,2.57,2.72,2.5,2.62,2.57,0.05,1.95,65748.69,17180.969
3518,600173.SH,20050914,2.34,2.57,2.31,2.57,2.34,0.23,9.83,75474.51,19063.512
3519,600173.SH,20050913,2.3,2.37,2.26,2.34,2.29,0.05,2.18,19248.3,4488.426
3520,600173.SH,20050912,2.27,2.31,2.21,2.29,2.27,0.02,0.88,6920.1,1565.342
3521,600173.SH,20050909,2.31,2.35,2.25,2.27,2.34,-0.07,-2.99,10173.82,2339.168
3522,600173.SH,20050908,2.3,2.39,2.25,2.34,2.3,0.04,1.74,23737.22,5514.948
3523,600173.SH,20050907,2.24,2.33,2.16,2.3,2.25,0.05,2.22,18288.19,4106.928
3524,600173.SH,20050906,2.36,2.39,2.22,2.25,2.36,-0.11,-4.66,30498.9,7122.116
3525,600173.SH,20050905,2.38,2.4,2.32,2.36,2.33,0.03,1.29,50756.32,11995.166
3526,600173.SH,20050902,2.35,2.43,2.29,2.33,2.38,-0.05,-2.1,46289.6,10917.228
3527,600173.SH,20050901,2.27,2.46,2.25,2.38,2.3,0.08,3.48,76265.32,18058.382
3528,600173.SH,20050831,2.2,2.32,2.13,2.3,2.17,0.13,5.99,55611.4,12514.143
3529,600173.SH,20050830,2.28,2.29,2.16,2.17,2.3,-0.13,-5.65,27042.94,5975.728
3530,600173.SH,20050829,2.38,2.38,2.2,2.3,2.26,0.04,1.77,67719.73,15523.355
3531,600173.SH,20050826,2.05,2.26,1.98,2.26,2.05,0.21,10.24,65692.73,14290.333
3532,600173.SH,20050825,1.93,2.05,1.9,2.05,1.94,0.11,5.67,29150.72,5786.473
3533,600173.SH,20050824,1.9,1.96,1.85,1.94,1.93,0.01,0.52,11243.5,2142.214
3534,600173.SH,20050823,2.0,2.05,1.93,1.93,1.92,0.01,0.52,27876.65,5500.73
3535,600173.SH,20050822,1.88,1.93,1.83,1.92,1.88,0.04,2.13,12513.31,2363.394
3536,600173.SH,20050819,1.92,1.96,1.8,1.88,1.96,-0.08,-4.08,20315.63,3816.558
3537,600173.SH,20050818,1.98,2.12,1.93,1.96,1.93,0.03,1.55,48607.35,9851.974
3538,600173.SH,20050817,1.91,1.94,1.85,1.93,1.91,0.02,1.05,12432.32,2358.446
3539,600173.SH,20050816,1.9,1.95,1.88,1.91,1.89,0.02,1.06,16716.74,3195.052
3540,600173.SH,20050815,1.83,1.9,1.83,1.89,1.84,0.05,2.72,10143.96,1903.547
3541,600173.SH,20050812,1.96,1.97,1.83,1.84,1.96,-0.12,-6.12,19221.47,3654.861
3542,600173.SH,20050811,1.98,1.98,1.93,1.96,1.97,-0.01,-0.51,14233.88,2780.354
3543,600173.SH,20050810,1.92,2.0,1.88,1.97,1.94,0.03,1.55,21231.92,4134.616
3544,600173.SH,20050809,1.89,1.95,1.86,1.94,1.89,0.05,2.65,15110.24,2882.376
3545,600173.SH,20050808,1.87,1.9,1.83,1.89,1.86,0.03,1.61,17989.4,3356.168
3546,600173.SH,20050805,1.83,1.87,1.79,1.86,1.83,0.03,1.64,16331.26,3009.608
3547,600173.SH,20050804,1.82,1.87,1.79,1.83,1.86,-0.03,-1.61,20925.73,3831.287
3548,600173.SH,20050803,1.76,1.9,1.76,1.86,1.78,0.08,4.49,32193.97,5932.844
3549,600173.SH,20050802,1.72,1.78,1.7,1.78,1.74,0.04,2.3,11625.04,2032.105
3550,600173.SH,20050801,1.69,1.74,1.66,1.74,1.73,0.01,0.58,12204.24,2078.069
3551,600173.SH,20050729,1.78,1.78,1.71,1.73,1.79,-0.06,-3.35,9378.45,1630.187
3552,600173.SH,20050728,1.75,1.8,1.75,1.79,1.76,0.03,1.7,23164.76,4097.672
3553,600173.SH,20050727,1.71,1.76,1.68,1.76,1.72,0.04,2.33,14200.27,2435.938
3554,600173.SH,20050726,1.68,1.74,1.67,1.72,1.69,0.03,1.78,14069.44,2400.65
3555,600173.SH,20050725,1.66,1.7,1.64,1.69,1.69,0.0,0.0,8888.29,1484.119
3556,600173.SH,20050722,1.7,1.77,1.63,1.69,1.69,0.0,0.0,16907.99,2900.994
3557,600173.SH,20050721,1.73,1.73,1.63,1.69,1.79,-0.1,-5.59,17590.0,2964.099
3558,600173.SH,20050720,1.74,1.82,1.68,1.79,1.73,0.06,3.47,35610.38,6236.31
3559,600173.SH,20050719,1.73,1.73,1.67,1.73,1.57,0.16,10.19,23544.81,4068.156
3560,600173.SH,20050718,1.57,1.58,1.51,1.57,1.6,-0.03,-1.88,5738.99,889.526
3561,600173.SH,20050715,1.6,1.63,1.59,1.6,1.63,-0.03,-1.84,4151.67,668.78
3562,600173.SH,20050714,1.63,1.66,1.57,1.63,1.69,-0.06,-3.55,8255.99,1332.786
3563,600173.SH,20050713,1.68,1.73,1.66,1.69,1.72,-0.03,-1.74,3721.39,629.573
3564,600173.SH,20050712,1.67,1.73,1.63,1.72,1.69,0.03,1.78,3950.88,667.748
3565,600173.SH,20050711,1.73,1.73,1.66,1.69,1.67,0.02,1.2,3901.11,658.889
3566,600173.SH,20050708,1.72,1.72,1.64,1.67,1.72,-0.05,-2.91,3812.89,634.749
3567,600173.SH,20050707,1.7,1.74,1.66,1.72,1.67,0.05,2.99,5214.1,891.795
3568,600173.SH,20050706,1.63,1.73,1.63,1.67,1.68,-0.01,-0.6,3582.1,607.207
3569,600173.SH,20050705,1.63,1.7,1.63,1.68,1.7,-0.02,-1.18,2670.86,446.032
3570,600173.SH,20050704,1.76,1.76,1.6,1.7,1.78,-0.08,-4.49,7265.13,1200.128
3571,600173.SH,20050701,1.83,1.85,1.76,1.78,1.87,-0.09,-4.81,7588.23,1364.908
3572,600173.SH,20050630,1.97,1.97,1.86,1.87,1.97,-0.1,-5.08,4918.14,930.328
3573,600173.SH,20050629,2.01,2.01,1.97,1.97,2.05,-0.08,-3.9,3988.95,791.825
3574,600173.SH,20050627,2.02,2.05,2.02,2.05,2.01,0.04,1.99,7114.12,1449.746
3575,600173.SH,20050624,1.98,2.01,1.95,2.01,1.98,0.03,1.52,3338.24,663.54
3576,600173.SH,20050623,2.0,2.03,1.98,1.98,2.02,-0.04,-1.98,3051.0,610.176
3577,600173.SH,20050622,1.95,2.03,1.95,2.02,1.97,0.05,2.54,6943.24,1392.493
3578,600173.SH,20050621,1.96,1.99,1.93,1.97,1.97,0.0,0.0,5658.6,1114.948
3579,600173.SH,20050620,1.91,1.97,1.88,1.97,1.93,0.04,2.07,6453.21,1242.863
3580,600173.SH,20050617,1.99,1.99,1.91,1.93,1.97,-0.04,-2.03,6540.0,1266.302
3581,600173.SH,20050616,2.0,2.04,1.94,1.97,2.0,-0.03,-1.5,6502.0,1279.149
3582,600173.SH,20050615,2.06,2.1,1.99,2.0,2.11,-0.11,-5.21,6509.9,1323.496
3583,600173.SH,20050614,2.15,2.18,2.11,2.11,2.16,-0.05,-2.31,7016.0,1499.561
3584,600173.SH,20050613,2.13,2.17,2.1,2.16,2.15,0.01,0.47,5523.0,1180.254
3585,600173.SH,20050610,2.2,2.2,2.09,2.15,2.2,-0.05,-2.27,11892.33,2538.846
3586,600173.SH,20050609,2.25,2.26,2.15,2.2,2.24,-0.04,-1.79,21587.93,4743.638
3587,600173.SH,20050608,2.08,2.26,2.05,2.24,2.06,0.18,8.74,27787.36,5987.314
3588,600173.SH,20050607,2.06,2.09,2.02,2.06,2.06,0.0,0.0,8529.19,1758.274
3589,600173.SH,20050606,2.06,2.08,2.0,2.06,2.08,-0.02,-0.96,7207.38,1473.591
3590,600173.SH,20050603,2.06,2.11,2.02,2.08,2.09,-0.01,-0.48,10632.83,2189.659
3591,600173.SH,20050602,2.11,2.14,2.07,2.09,2.11,-0.02,-0.95,11860.52,2488.723
3592,600173.SH,20050601,2.02,2.14,2.0,2.11,2.06,0.05,2.43,18647.43,3883.35
3593,600173.SH,20050531,2.06,2.1,2.03,2.06,2.07,-0.01,-0.48,7809.54,1606.878
3594,600173.SH,20050530,1.99,2.07,1.96,2.07,2.01,0.06,2.99,12047.91,2442.265
3595,600173.SH,20050527,2.06,2.08,2.0,2.01,2.11,-0.1,-4.74,18112.4,3673.069
3596,600173.SH,20050526,2.0,2.15,2.0,2.11,1.96,0.15,7.65,53891.09,11231.709
3597,600173.SH,20050525,1.88,1.96,1.85,1.96,1.78,0.18,10.11,12333.82,2400.321
3598,600173.SH,20050523,1.8,1.87,1.78,1.78,1.88,-0.1,-5.32,3060.87,550.883
3599,600173.SH,20050520,1.88,1.94,1.85,1.88,1.92,-0.04,-2.08,3800.0,719.19
3600,600173.SH,20050519,1.92,1.94,1.89,1.92,1.94,-0.02,-1.03,4097.0,782.42
3601,600173.SH,20050518,1.88,1.94,1.86,1.94,1.89,0.05,2.65,5209.7,989.48
3602,600173.SH,20050517,1.91,1.93,1.87,1.89,1.91,-0.02,-1.05,4735.54,898.048
3603,600173.SH,20050516,1.86,1.91,1.82,1.91,1.86,0.05,2.69,4926.83,923.933
3604,600173.SH,20050513,1.8,1.87,1.8,1.86,1.83,0.03,1.64,4970.66,912.74
3605,600173.SH,20050512,1.82,1.83,1.76,1.83,1.82,0.01,0.55,4927.96,885.014
3606,600173.SH,20050511,1.84,1.85,1.78,1.82,1.84,-0.02,-1.09,2880.87,520.071
3607,600173.SH,20050510,1.81,1.85,1.75,1.84,1.84,0.0,0.0,5137.1,923.182
3608,600173.SH,20050509,1.95,1.95,1.8,1.84,1.9,-0.06,-3.16,5205.0,972.993
3609,600173.SH,20050429,1.93,1.94,1.85,1.9,1.94,-0.04,-2.06,5595.16,1064.361
3610,600173.SH,20050428,1.87,1.95,1.79,1.94,1.88,0.06,3.19,6923.65,1305.572
3611,600173.SH,20050427,1.96,1.98,1.88,1.88,1.98,-0.1,-5.05,7361.7,1410.057
3612,600173.SH,20050426,1.89,1.99,1.88,1.98,1.9,0.08,4.21,6751.34,1308.352
3613,600173.SH,20050425,1.92,2.0,1.85,1.9,1.98,-0.08,-4.04,5215.09,1001.346
3614,600173.SH,20050422,2.06,2.09,1.91,1.98,2.06,-0.08,-3.88,6653.58,1322.88
3615,600173.SH,20050421,2.16,2.16,2.0,2.06,2.16,-0.1,-4.63,6740.99,1407.946
3616,600173.SH,20050420,2.25,2.25,2.13,2.16,2.26,-0.1,-4.42,7513.46,1633.498
3617,600173.SH,20050419,2.23,2.3,2.17,2.26,2.23,0.03,1.35,6011.52,1341.085
3618,600173.SH,20050418,2.13,2.32,2.13,2.23,2.31,-0.08,-3.46,7220.0,1610.643
3619,600173.SH,20050415,2.48,2.5,2.29,2.31,2.53,-0.22,-8.7,14204.61,3334.045
3620,600173.SH,20050414,2.52,2.62,2.47,2.53,2.52,0.01,0.4,17772.04,4558.443
3621,600173.SH,20050413,2.45,2.53,2.45,2.52,2.46,0.06,2.44,7967.98,1978.792
3622,600173.SH,20050412,2.54,2.55,2.43,2.46,2.54,-0.08,-3.15,4770.0,1196.8
3623,600173.SH,20050411,2.5,2.57,2.49,2.54,2.54,0.0,0.0,4994.02,1259.057
3624,600173.SH,20050408,2.51,2.56,2.43,2.54,2.5,0.04,1.6,7115.66,1776.333
3625,600173.SH,20050407,2.46,2.58,2.45,2.5,2.46,0.04,1.63,10094.05,2530.21
3626,600173.SH,20050406,2.44,2.47,2.38,2.46,2.43,0.03,1.23,3511.99,852.515
3627,600173.SH,20050405,2.41,2.47,2.38,2.43,2.44,-0.01,-0.41,4772.76,1158.603
3628,600173.SH,20050404,2.45,2.53,2.38,2.44,2.45,-0.01,-0.41,4996.56,1225.096
3629,600173.SH,20050401,2.4,2.5,2.34,2.45,2.42,0.03,1.24,7160.26,1731.611
3630,600173.SH,20050331,2.36,2.42,2.31,2.42,2.38,0.04,1.68,4601.8,1090.441
3631,600173.SH,20050330,2.48,2.48,2.37,2.38,2.48,-0.1,-4.03,5058.65,1214.786
3632,600173.SH,20050329,2.54,2.54,2.45,2.48,2.51,-0.03,-1.2,3399.0,843.273
3633,600173.SH,20050328,2.58,2.59,2.42,2.51,2.58,-0.07,-2.71,3327.99,829.367
3634,600173.SH,20050325,2.56,2.61,2.53,2.58,2.59,-0.01,-0.39,2540.15,652.228
3635,600173.SH,20050324,2.52,2.6,2.5,2.59,2.56,0.03,1.17,3478.68,887.104
3636,600173.SH,20050323,2.51,2.67,2.48,2.56,2.52,0.04,1.59,2840.03,722.943
3637,600173.SH,20050322,2.7,2.7,2.51,2.52,2.7,-0.18,-6.67,3782.0,973.174
3638,600173.SH,20050321,2.71,2.71,2.63,2.7,2.73,-0.03,-1.1,3492.85,932.738
3639,600173.SH,20050318,2.9,2.9,2.71,2.73,2.88,-0.15,-5.21,4092.0,1144.454
3640,600173.SH,20050317,2.94,2.94,2.86,2.88,2.91,-0.03,-1.03,2148.84,620.303
3641,600173.SH,20050316,2.93,2.94,2.88,2.91,2.94,-0.03,-1.02,2614.85,760.549
3642,600173.SH,20050315,2.94,2.96,2.87,2.94,2.93,0.01,0.34,4892.3,1423.996
3643,600173.SH,20050314,2.96,2.96,2.89,2.93,2.96,-0.03,-1.01,5306.9,1548.219
3644,600173.SH,20050311,3.0,3.02,2.95,2.96,3.0,-0.04,-1.33,4142.71,1234.154
3645,600173.SH,20050310,3.04,3.07,2.98,3.0,3.04,-0.04,-1.32,4913.21,1484.139
3646,600173.SH,20050309,3.07,3.07,2.98,3.04,3.05,-0.01,-0.33,5447.36,1652.024
3647,600173.SH,20050308,3.0,3.05,3.0,3.05,2.99,0.06,2.01,3597.61,1086.654
3648,600173.SH,20050307,3.03,3.07,2.96,2.99,3.03,-0.04,-1.32,3915.01,1176.453
3649,600173.SH,20050304,3.05,3.1,3.02,3.03,3.07,-0.04,-1.3,2233.99,679.434
3650,600173.SH,20050303,3.08,3.08,3.02,3.07,3.09,-0.02,-0.65,3264.69,993.618
3651,600173.SH,20050302,3.11,3.19,3.08,3.09,3.1,-0.01,-0.32,6172.0,1930.343
3652,600173.SH,20050301,3.08,3.13,3.07,3.1,3.09,0.01,0.32,3034.03,939.075
3653,600173.SH,20050228,3.12,3.12,3.07,3.09,3.14,-0.05,-1.59,3757.1,1162.35
3654,600173.SH,20050225,3.22,3.22,3.12,3.14,3.19,-0.05,-1.57,6201.0,1962.667
3655,600173.SH,20050224,3.13,3.2,3.1,3.19,3.13,0.06,1.92,6789.77,2141.678
3656,600173.SH,20050223,3.1,3.16,3.08,3.13,3.1,0.03,0.97,6634.39,2072.982
3657,600173.SH,20050222,3.04,3.12,3.02,3.1,3.04,0.06,1.97,6683.38,2048.255
3658,600173.SH,20050221,3.01,3.04,2.94,3.04,3.01,0.03,1.0,3189.99,961.368
3659,600173.SH,20050218,3.04,3.07,3.0,3.01,3.04,-0.03,-0.99,1374.0,415.726
3660,600173.SH,20050217,3.07,3.07,3.0,3.04,3.05,-0.01,-0.33,1478.97,447.143
3661,600173.SH,20050216,3.0,3.08,2.98,3.05,2.97,0.08,2.69,3954.07,1198.312
3662,600173.SH,20050204,2.95,2.98,2.9,2.97,2.94,0.03,1.02,3607.41,1059.288
3663,600173.SH,20050203,3.07,3.07,2.93,2.94,3.05,-0.11,-3.61,3799.99,1131.973
3664,600173.SH,20050202,2.91,3.05,2.88,3.05,2.9,0.15,5.17,3720.17,1109.78
3665,600173.SH,20050201,2.86,2.95,2.86,2.9,2.9,0.0,0.0,1518.0,442.81
3666,600173.SH,20050131,2.98,2.99,2.9,2.9,3.0,-0.1,-3.33,2891.0,846.531
3667,600173.SH,20050128,3.04,3.08,2.98,3.0,3.08,-0.08,-2.6,3987.18,1202.889
3668,600173.SH,20050127,3.14,3.17,3.08,3.08,3.17,-0.09,-2.84,2851.0,892.193
3669,600173.SH,20050126,3.23,3.23,3.11,3.17,3.23,-0.06,-1.86,3569.81,1128.736
3670,600173.SH,20050125,3.29,3.3,3.2,3.23,3.32,-0.09,-2.71,5410.18,1748.977
3671,600173.SH,20050124,3.46,3.5,3.28,3.32,3.27,0.05,1.53,21598.88,7223.441
3672,600173.SH,20050121,3.05,3.32,3.02,3.27,3.06,0.21,6.86,15688.21,5053.618
3673,600173.SH,20050120,3.05,3.1,3.02,3.06,3.1,-0.04,-1.29,5054.2,1540.169
3674,600173.SH,20050119,3.0,3.19,2.98,3.1,3.02,0.08,2.65,9551.94,2968.869
3675,600173.SH,20050118,2.96,3.03,2.9,3.02,2.95,0.07,2.37,3190.05,941.887
3676,600173.SH,20050117,2.95,2.99,2.93,2.95,3.0,-0.05,-1.67,2255.77,666.15
3677,600173.SH,20050114,2.98,3.06,2.98,3.0,3.01,-0.01,-0.33,2830.95,855.623
3678,600173.SH,20050113,3.0,3.03,2.95,3.01,3.02,-0.01,-0.33,2990.97,894.807
3679,600173.SH,20050112,3.03,3.04,2.99,3.02,3.05,-0.03,-0.98,2585.1,778.194
3680,600173.SH,20050111,3.01,3.05,3.01,3.05,3.03,0.02,0.66,1680.01,508.504
3681,600173.SH,20050110,3.01,3.05,2.97,3.03,3.0,0.03,1.0,1760.78,530.555
3682,600173.SH,20050107,2.95,3.05,2.9,3.0,2.97,0.03,1.01,2070.72,615.658
3683,600173.SH,20050106,3.0,3.01,2.87,2.97,3.0,-0.03,-1.0,2055.06,605.029
3684,600173.SH,20050105,2.97,3.04,2.9,3.0,2.87,0.13,4.53,2398.0,713.578
3685,600173.SH,20050104,2.86,2.9,2.84,2.87,2.91,-0.04,-1.37,2191.79,628.802
3686,600173.SH,20041231,3.03,3.08,2.9,2.91,3.03,-0.12,-3.96,2954.99,878.964
3687,600173.SH,20041230,3.07,3.07,3.02,3.03,3.07,-0.04,-1.3,1973.0,600.139
3688,600173.SH,20041229,3.08,3.11,3.06,3.07,3.08,-0.01,-0.32,2095.0,645.648
3689,600173.SH,20041228,3.14,3.15,3.07,3.08,3.14,-0.06,-1.91,2919.21,903.182
3690,600173.SH,20041227,3.17,3.2,3.09,3.14,3.17,-0.03,-0.95,2310.0,727.451
3691,600173.SH,20041224,3.23,3.23,3.16,3.17,3.24,-0.07,-2.16,2001.0,638.287
3692,600173.SH,20041223,3.35,3.4,3.18,3.24,3.35,-0.11,-3.28,2614.1,850.584
3693,600173.SH,20041222,3.3,3.35,3.26,3.35,3.25,0.1,3.08,4323.31,1433.827
3694,600173.SH,20041221,3.22,3.28,3.22,3.25,3.24,0.01,0.31,1298.5,421.622
3695,600173.SH,20041220,3.2,3.28,3.2,3.24,3.23,0.01,0.31,2127.0,689.277
3696,600173.SH,20041217,3.25,3.33,3.22,3.23,3.23,0.0,0.0,7199.17,2352.176
3697,600173.SH,20041216,3.15,3.27,3.15,3.23,3.24,-0.01,-0.31,2364.51,763.433
3698,600173.SH,20041215,3.31,3.31,3.1,3.24,3.28,-0.04,-1.22,6323.4,2012.635
3699,600173.SH,20041214,3.38,3.38,3.26,3.28,3.33,-0.05,-1.5,5299.19,1761.357
3700,600173.SH,20041213,3.23,3.34,3.23,3.33,3.34,-0.01,-0.3,3794.47,1248.428
3701,600173.SH,20041210,3.46,3.47,3.27,3.34,3.47,-0.13,-3.75,8755.79,2925.934
3702,600173.SH,20041209,3.45,3.53,3.43,3.47,3.49,-0.02,-0.57,4962.17,1722.463
3703,600173.SH,20041208,3.45,3.55,3.42,3.49,3.45,0.04,1.16,4046.38,1405.145
3704,600173.SH,20041207,3.61,3.62,3.45,3.45,3.6,-0.15,-4.17,6594.0,2311.99
3705,600173.SH,20041206,3.63,3.63,3.52,3.6,3.63,-0.03,-0.83,8673.38,3092.024
3706,600173.SH,20041203,3.58,3.76,3.54,3.63,3.53,0.1,2.83,33048.47,12013.678
3707,600173.SH,20041202,3.34,3.53,3.34,3.53,3.38,0.15,4.44,17540.33,6097.788
3708,600173.SH,20041201,3.39,3.44,3.32,3.38,3.41,-0.03,-0.88,4512.41,1515.556
3709,600173.SH,20041130,3.3,3.42,3.3,3.41,3.34,0.07,2.1,5134.54,1725.283
3710,600173.SH,20041129,3.36,3.39,3.3,3.34,3.42,-0.08,-2.34,4608.34,1538.21
3711,600173.SH,20041126,3.36,3.49,3.33,3.42,3.37,0.05,1.48,7677.0,2632.245
3712,600173.SH,20041125,3.32,3.38,3.32,3.37,3.36,0.01,0.3,4714.87,1583.095
3713,600173.SH,20041124,3.45,3.5,3.34,3.36,3.47,-0.11,-3.17,7237.4,2467.674
3714,600173.SH,20041123,3.5,3.5,3.4,3.47,3.53,-0.06,-1.7,9274.98,3204.404
3715,600173.SH,20041122,3.37,3.6,3.32,3.53,3.37,0.16,4.75,14993.8,5213.075
3716,600173.SH,20041119,3.3,3.37,3.24,3.37,3.27,0.1,3.06,6559.98,2176.636
3717,600173.SH,20041118,3.22,3.28,3.22,3.27,3.22,0.05,1.55,3741.4,1218.031
3718,600173.SH,20041117,3.3,3.31,3.2,3.22,3.34,-0.12,-3.59,7099.95,2292.189
3719,600173.SH,20041116,3.3,3.38,3.3,3.34,3.3,0.04,1.21,5348.0,1785.771
3720,600173.SH,20041115,3.25,3.34,3.25,3.3,3.32,-0.02,-0.6,6221.7,2046.243
3721,600173.SH,20041112,3.36,3.39,3.28,3.32,3.39,-0.07,-2.06,8822.64,2929.801
3722,600173.SH,20041111,3.44,3.5,3.28,3.39,3.44,-0.05,-1.45,16935.76,5774.351
3723,600173.SH,20041110,3.36,3.49,3.28,3.44,3.37,0.07,2.08,13844.94,4701.986
3724,600173.SH,20041109,3.38,3.39,3.28,3.37,3.45,-0.08,-2.32,8300.69,2774.668
3725,600173.SH,20041108,3.3,3.47,3.3,3.45,3.15,0.3,9.52,32577.44,11162.832
3726,600173.SH,20041105,3.08,3.15,3.08,3.15,3.09,0.06,1.94,2743.0,857.581
3727,600173.SH,20041104,3.22,3.3,3.09,3.09,3.22,-0.13,-4.04,4005.0,1273.224
3728,600173.SH,20041103,3.09,3.22,3.09,3.22,3.07,0.15,4.89,5701.23,1802.534
3729,600173.SH,20041102,3.15,3.15,3.06,3.07,3.14,-0.07,-2.23,1525.39,471.811
3730,600173.SH,20041101,3.04,3.17,3.03,3.14,3.06,0.08,2.61,3070.4,956.414
3731,600173.SH,20041029,3.1,3.2,3.0,3.06,3.23,-0.17,-5.26,4392.37,1355.742
3732,600173.SH,20041028,3.23,3.34,3.2,3.23,3.23,0.0,0.0,7652.64,2499.414
3733,600173.SH,20041027,3.09,3.27,2.98,3.23,3.09,0.14,4.53,7410.86,2334.765
3734,600173.SH,20041026,2.96,3.09,2.96,3.09,2.98,0.11,3.69,4358.79,1320.376
3735,600173.SH,20041025,3.12,3.13,2.97,2.98,3.12,-0.14,-4.49,4214.0,1277.593
3736,600173.SH,20041022,3.0,3.15,2.81,3.12,3.05,0.07,2.3,6792.11,2070.35
3737,600173.SH,20041021,3.3,3.34,2.97,3.05,3.27,-0.22,-6.73,7386.49,2299.632
3738,600173.SH,20041020,3.42,3.5,3.2,3.27,3.48,-0.21,-6.03,4371.24,1454.856
3739,600173.SH,20041019,3.5,3.58,3.45,3.48,3.52,-0.04,-1.14,2698.0,946.891
3740,600173.SH,20041018,3.5,3.53,3.42,3.52,3.48,0.04,1.15,2529.04,880.708
3741,600173.SH,20041015,3.51,3.53,3.41,3.48,3.52,-0.04,-1.14,4429.37,1540.018
3742,600173.SH,20041014,3.7,3.71,3.44,3.52,3.69,-0.17,-4.61,7223.21,2560.783
3743,600173.SH,20041013,3.68,3.79,3.68,3.69,3.71,-0.02,-0.54,5859.0,2173.863
3744,600173.SH,20041012,3.78,3.83,3.67,3.71,3.81,-0.1,-2.62,8658.17,3246.399
3745,600173.SH,20041011,4.02,4.06,3.66,3.81,4.07,-0.26,-6.39,21985.56,8400.56
3746,600173.SH,20041008,4.14,4.19,3.86,4.07,4.09,-0.02,-0.49,4397.17,1761.37
3747,600173.SH,20040930,4.34,4.34,4.02,4.09,4.34,-0.25,-5.76,7833.15,3236.525
3748,600173.SH,20040929,4.49,4.52,4.28,4.34,4.48,-0.14,-3.13,11558.61,5056.591
3749,600173.SH,20040928,4.37,4.5,4.27,4.48,4.39,0.09,2.05,27408.79,12037.693
3750,600173.SH,20040927,4.16,4.4,4.07,4.39,4.16,0.23,5.53,24475.24,10447.091
3751,600173.SH,20040924,4.25,4.27,4.05,4.16,4.23,-0.07,-1.65,13385.51,5574.815
3752,600173.SH,20040923,4.12,4.24,4.08,4.23,4.12,0.11,2.67,5851.28,2427.358
3753,600173.SH,20040922,4.25,4.25,4.06,4.12,4.28,-0.16,-3.74,11073.63,4579.179
3754,600173.SH,20040921,4.4,4.4,4.26,4.28,4.41,-0.13,-2.95,10251.91,4406.705
3755,600173.SH,20040920,4.25,4.49,4.19,4.41,4.19,0.22,5.25,17474.45,7515.54
3756,600173.SH,20040917,4.12,4.19,4.0,4.19,4.07,0.12,2.95,9326.04,3827.105
3757,600173.SH,20040916,4.06,4.11,3.97,4.07,4.11,-0.04,-0.97,9517.47,3843.784
3758,600173.SH,20040915,3.74,4.22,3.74,4.11,3.84,0.27,7.03,19377.16,7737.946
3759,600173.SH,20040914,3.74,3.89,3.74,3.84,3.75,0.09,2.4,10843.28,4155.808
3760,600173.SH,20040913,3.78,3.79,3.73,3.75,3.78,-0.03,-0.79,2877.0,1081.228
3761,600173.SH,20040910,3.74,3.79,3.7,3.78,3.79,-0.01,-0.26,1021.0,381.102
3762,600173.SH,20040909,3.82,3.84,3.75,3.79,3.86,-0.07,-1.81,2906.99,1097.87
3763,600173.SH,20040908,3.83,3.88,3.8,3.86,3.83,0.03,0.78,1310.5,503.987
3764,600173.SH,20040907,3.82,3.85,3.78,3.83,3.81,0.02,0.52,1243.63,474.106
3765,600173.SH,20040906,3.84,3.84,3.78,3.81,3.84,-0.03,-0.78,1106.5,420.439
3766,600173.SH,20040903,3.72,3.87,3.72,3.84,3.76,0.08,2.13,3967.68,1517.23
3767,600173.SH,20040902,3.62,3.76,3.62,3.76,3.7,0.06,1.62,2912.05,1069.741
3768,600173.SH,20040901,3.74,3.74,3.63,3.7,3.73,-0.03,-0.8,1771.0,651.754
3769,600173.SH,20040831,3.8,3.85,3.68,3.73,3.67,0.06,1.63,2993.7,1121.415
3770,600173.SH,20040830,3.72,3.72,3.58,3.67,3.72,-0.05,-1.34,933.0,338.497
3771,600173.SH,20040827,3.7,3.76,3.63,3.72,3.72,0.0,0.0,2870.0,1065.148
3772,600173.SH,20040826,3.8,3.8,3.61,3.72,3.77,-0.05,-1.33,1236.0,457.349
3773,600173.SH,20040825,3.73,3.79,3.68,3.77,3.74,0.03,0.8,2056.99,770.446
3774,600173.SH,20040824,3.7,3.8,3.66,3.74,3.63,0.11,3.03,2356.83,877.641
3775,600173.SH,20040823,3.69,3.69,3.6,3.63,3.72,-0.09,-2.42,1530.17,555.466
3776,600173.SH,20040820,3.6,3.78,3.5,3.72,3.59,0.13,3.62,4718.15,1725.558
3777,600173.SH,20040819,3.54,3.61,3.45,3.59,3.55,0.04,1.13,3073.4,1084.998
3778,600173.SH,20040818,3.53,3.6,3.46,3.55,3.52,0.03,0.85,2751.64,967.428
3779,600173.SH,20040817,3.72,3.72,3.5,3.52,3.7,-0.18,-4.86,2641.71,948.486
3780,600173.SH,20040816,3.8,3.87,3.7,3.7,3.8,-0.1,-2.63,1672.0,628.722
3781,600173.SH,20040813,3.82,3.86,3.78,3.8,3.82,-0.02,-0.52,2534.53,964.236
3782,600173.SH,20040812,4.0,4.0,3.81,3.82,4.02,-0.2,-4.98,2979.99,1155.414
3783,600173.SH,20040811,4.06,4.12,4.0,4.02,4.06,-0.04,-0.99,1191.01,479.387
3784,600173.SH,20040810,4.03,4.09,4.0,4.06,4.09,-0.03,-0.73,1260.85,508.366
3785,600173.SH,20040809,4.1,4.1,4.0,4.09,4.1,-0.01,-0.24,1139.99,461.165
3786,600173.SH,20040806,4.12,4.12,4.01,4.1,4.13,-0.03,-0.73,2120.0,861.764
3787,600173.SH,20040805,4.16,4.16,4.06,4.13,4.17,-0.04,-0.96,1400.49,573.526
3788,600173.SH,20040804,4.07,4.18,4.02,4.17,4.07,0.1,2.46,2471.97,1021.54
3789,600173.SH,20040803,4.12,4.18,4.05,4.07,4.12,-0.05,-1.21,2603.01,1057.899
3790,600173.SH,20040802,4.08,4.35,4.06,4.12,4.12,0.0,0.0,1488.99,609.768
3791,600173.SH,20040730,4.21,4.21,4.03,4.12,4.21,-0.09,-2.14,2037.02,847.903
3792,600173.SH,20040729,4.1,4.22,4.1,4.21,4.14,0.07,1.69,3346.09,1398.405
3793,600173.SH,20040728,4.1,4.14,4.08,4.14,4.08,0.06,1.47,1811.96,743.887
3794,600173.SH,20040727,4.05,4.09,4.03,4.08,4.02,0.06,1.49,1537.51,624.771
3795,600173.SH,20040726,4.08,4.08,4.0,4.02,4.08,-0.06,-1.47,2577.2,1035.611
3796,600173.SH,20040723,4.08,4.08,4.01,4.08,4.09,-0.01,-0.24,2377.0,963.908
3797,600173.SH,20040722,4.15,4.19,4.07,4.09,4.19,-0.1,-2.39,4818.25,1975.417
3798,600173.SH,20040721,4.23,4.23,4.13,4.19,4.23,-0.04,-0.95,3167.09,1327.014
3799,600173.SH,20040720,4.3,4.3,4.22,4.23,4.3,-0.07,-1.63,2627.08,1117.369
3800,600173.SH,20040719,4.34,4.4,4.18,4.3,4.39,-0.09,-2.05,6837.73,2932.583
3801,600173.SH,20040716,4.3,4.43,4.05,4.39,4.33,0.06,1.39,11524.09,4878.11
3802,600173.SH,20040715,4.43,4.43,4.3,4.33,4.38,-0.05,-1.14,1913.73,834.186
3803,600173.SH,20040714,4.35,4.43,4.32,4.38,4.35,0.03,0.69,2990.28,1302.468
3804,600173.SH,20040713,4.56,4.56,4.31,4.35,4.65,-0.3,-6.45,4705.99,2063.778
3805,600173.SH,20040712,4.88,4.88,4.56,4.65,4.88,-0.23,-4.71,1599.0,750.771
3806,600173.SH,20040709,5.0,5.0,4.85,4.88,4.94,-0.06,-1.21,1775.0,869.023
3807,600173.SH,20040708,4.96,5.0,4.85,4.94,4.95,-0.01,-0.2,2146.99,1051.115
3808,600173.SH,20040707,4.98,5.01,4.9,4.95,5.0,-0.05,-1.0,2627.0,1296.813
3809,600173.SH,20040706,4.96,5.07,4.95,5.0,4.96,0.04,0.81,1975.26,991.253
3810,600173.SH,20040705,5.0,5.01,4.92,4.96,5.03,-0.07,-1.39,1064.09,527.17
3811,600173.SH,20040702,5.08,5.09,4.98,5.03,5.08,-0.05,-0.98,1817.34,911.729
3812,600173.SH,20040701,4.92,5.14,4.87,5.08,4.92,0.16,3.25,3354.51,1689.115
3813,600173.SH,20040630,4.93,5.05,4.9,4.92,5.01,-0.09,-1.8,1584.0,783.068
3814,600173.SH,20040629,4.99,5.04,4.9,5.01,4.96,0.05,1.01,1923.63,955.308
3815,600173.SH,20040628,5.14,5.19,4.85,4.96,5.13,-0.17,-3.31,3082.0,1525.323
3816,600173.SH,20040625,5.19,5.2,5.01,5.13,5.13,0.0,0.0,2738.0,1389.611
3817,600173.SH,20040624,5.25,5.25,5.1,5.13,5.18,-0.05,-0.97,1230.53,631.298
3818,600173.SH,20040623,5.22,5.22,5.15,5.18,5.26,-0.08,-1.52,1105.92,573.095
3819,600173.SH,20040622,5.13,5.3,5.13,5.26,5.09,0.17,3.34,3002.84,1574.412
3820,600173.SH,20040618,5.11,5.15,5.01,5.09,5.13,-0.04,-0.78,2473.8,1255.205
3821,600173.SH,20040617,5.32,5.32,5.1,5.13,5.27,-0.14,-2.66,2456.0,1271.914
3822,600173.SH,20040616,5.34,5.34,5.23,5.27,5.3,-0.03,-0.57,2019.5,1067.102
3823,600173.SH,20040615,5.21,5.31,5.15,5.3,5.2,0.1,1.92,3443.13,1801.749
3824,600173.SH,20040614,5.52,5.56,5.2,5.2,5.52,-0.32,-5.8,5298.4,2789.689
3825,600173.SH,20040611,5.48,5.65,5.48,5.52,5.48,0.04,0.73,3578.92,1992.225
3826,600173.SH,20040610,5.58,5.6,5.4,5.48,5.56,-0.08,-1.44,3548.3,1939.382
3827,600173.SH,20040609,5.5,5.76,5.47,5.56,5.55,0.01,0.18,8253.94,4644.379
3828,600173.SH,20040608,5.65,5.68,5.46,5.55,5.63,-0.08,-1.42,5308.56,2943.784
3829,600173.SH,20040607,5.78,5.8,5.55,5.63,5.8,-0.17,-2.93,5758.09,3238.295
3830,600173.SH,20040604,5.85,5.9,5.63,5.8,5.85,-0.05,-0.85,9371.3,5396.698
3831,600173.SH,20040603,6.05,6.21,5.8,5.85,6.08,-0.23,-3.78,16797.8,10017.089
3832,600173.SH,20040602,5.88,6.11,5.75,6.08,5.93,0.15,2.53,17793.24,10559.696
3833,600173.SH,20040601,5.9,5.95,5.78,5.93,5.9,0.03,0.51,12817.07,7531.412
3834,600173.SH,20040531,5.46,5.91,5.46,5.9,5.45,0.45,8.26,22345.13,12815.67
3835,600173.SH,20040528,5.43,5.45,5.34,5.45,5.37,0.08,1.49,2968.4,1605.893
3836,600173.SH,20040527,5.28,5.42,5.15,5.37,5.18,0.19,3.67,4544.2,2414.36
3837,600173.SH,20040526,5.23,5.35,5.15,5.18,5.23,-0.05,-0.96,4321.0,2261.965
3838,600173.SH,20040525,5.36,5.43,5.2,5.23,5.37,-0.14,-2.61,4157.0,2220.34
3839,600173.SH,20040524,5.36,5.46,5.32,5.37,5.39,-0.02,-0.37,2907.48,1561.857
3840,600173.SH,20040520,5.5,5.55,5.38,5.39,5.49,-0.1,-1.82,5040.84,2739.762
3841,600173.SH,20040519,5.55,5.58,5.48,5.49,5.5,-0.01,-0.18,6665.08,3664.252
3842,600173.SH,20040518,5.4,5.51,5.4,5.5,5.4,0.1,1.85,5985.04,3265.663
3843,600173.SH,20040517,5.3,5.46,5.28,5.4,5.35,0.05,0.93,4780.05,2573.624
3844,600173.SH,20040514,5.35,5.54,5.27,5.35,5.34,0.01,0.19,12979.6,7039.325
3845,600173.SH,20040513,5.2,5.4,5.18,5.34,5.18,0.16,3.09,7163.31,3805.317
3846,600173.SH,20040512,5.05,5.2,5.03,5.18,5.02,0.16,3.19,5113.29,2630.639
3847,600173.SH,20040511,4.91,5.04,4.9,5.02,4.9,0.12,2.45,3644.78,1823.326
3848,600173.SH,20040510,4.9,5.03,4.88,4.9,4.87,0.03,0.62,6359.53,3150.38
3849,600173.SH,20040430,4.93,4.98,4.8,4.87,4.94,-0.07,-1.42,9206.95,4481.431
3850,600173.SH,20040429,5.0,5.3,4.83,4.94,5.16,-0.22,-4.26,7641.0,3859.988
3851,600173.SH,20040428,5.34,5.37,5.02,5.16,5.35,-0.19,-3.55,6865.75,3566.438
3852,600173.SH,20040427,5.38,5.43,5.33,5.35,5.38,-0.03,-0.56,3770.62,2022.58
3853,600173.SH,20040426,5.35,5.4,5.33,5.38,5.38,0.0,0.0,2932.74,1570.2
3854,600173.SH,20040423,5.4,5.43,5.35,5.38,5.43,-0.05,-0.92,4487.11,2414.397
3855,600173.SH,20040422,5.45,5.45,5.3,5.43,5.5,-0.07,-1.27,8404.87,4502.62
3856,600173.SH,20040421,5.64,5.64,5.5,5.5,5.65,-0.15,-2.65,7013.4,3917.038
3857,600173.SH,20040420,5.76,5.76,5.58,5.65,5.76,-0.11,-1.91,6608.66,3737.982
3858,600173.SH,20040419,5.75,5.8,5.62,5.76,5.79,-0.03,-0.52,6648.38,3792.384
3859,600173.SH,20040416,5.81,5.87,5.58,5.79,5.84,-0.05,-0.86,13033.07,7395.791
3860,600173.SH,20040415,6.07,6.1,5.82,5.84,6.06,-0.22,-3.63,11155.78,6683.634
3861,600173.SH,20040414,5.8,6.41,5.61,6.06,5.85,0.21,3.59,20417.68,12233.176
3862,600173.SH,20040413,5.96,5.97,5.8,5.85,5.92,-0.07,-1.18,10845.65,6364.279
3863,600173.SH,20040412,6.0,6.08,5.8,5.92,6.04,-0.12,-1.99,10297.5,6087.502
3864,600173.SH,20040409,6.15,6.22,5.97,6.04,6.15,-0.11,-1.79,12903.64,7815.66
3865,600173.SH,20040408,6.13,6.28,6.11,6.15,6.09,0.06,0.99,11088.78,6851.485
3866,600173.SH,20040407,6.19,6.19,6.08,6.09,6.19,-0.1,-1.62,14043.62,8581.221
3867,600173.SH,20040406,6.28,6.29,6.1,6.19,6.28,-0.09,-1.43,8001.6,4941.942
3868,600173.SH,20040405,6.08,6.29,6.07,6.28,6.08,0.2,3.29,12807.14,7908.869
3869,600173.SH,20040402,6.06,6.15,6.06,6.08,6.08,0.0,0.0,7710.7,4699.009
3870,600173.SH,20040401,6.08,6.11,5.96,6.08,6.08,0.0,0.0,10377.02,6276.182
3871,600173.SH,20040331,6.01,6.12,5.95,6.08,5.98,0.1,1.67,10849.92,6569.038
3872,600173.SH,20040330,6.03,6.1,5.92,5.98,6.04,-0.06,-0.99,13022.87,7783.788
3873,600173.SH,20040329,6.23,6.29,6.03,6.04,6.23,-0.19,-3.05,14542.09,8953.483
3874,600173.SH,20040326,6.35,6.45,6.2,6.23,6.34,-0.11,-1.74,11527.37,7240.642
3875,600173.SH,20040325,6.15,6.34,6.14,6.34,6.19,0.15,2.42,15431.93,9599.991
3876,600173.SH,20040324,6.19,6.3,6.13,6.19,6.2,-0.01,-0.16,12764.69,7916.038
3877,600173.SH,20040323,6.27,6.37,6.18,6.2,6.35,-0.15,-2.36,21153.06,13185.842
3878,600173.SH,20040322,6.33,6.45,6.25,6.35,6.3,0.05,0.79,18497.4,11703.438
3879,600173.SH,20040319,6.22,6.35,6.11,6.3,6.26,0.04,0.64,31062.93,19405.011
3880,600173.SH,20040318,6.32,6.55,6.23,6.26,6.31,-0.05,-0.79,56519.27,36047.029
3881,600173.SH,20040317,6.14,6.43,6.06,6.31,6.14,0.17,2.77,65964.84,41630.765
3882,600173.SH,20040316,5.96,6.24,5.85,6.14,5.94,0.2,3.37,40329.74,24337.422
3883,600173.SH,20040315,5.9,6.0,5.83,5.94,5.91,0.03,0.51,44056.37,26075.39
3884,600173.SH,20040312,5.5,6.09,5.5,5.91,5.59,0.32,5.72,80455.91,46946.527
3885,600173.SH,20040311,5.41,5.72,5.31,5.59,5.38,0.21,3.9,27106.27,15145.028
3886,600173.SH,20040310,5.25,5.39,5.25,5.38,5.29,0.09,1.7,7187.55,3820.137
3887,600173.SH,20040309,5.4,5.47,5.28,5.29,5.43,-0.14,-2.58,9321.7,5011.836
3888,600173.SH,20040308,5.58,5.63,5.4,5.43,5.59,-0.16,-2.86,13357.4,7329.334
3889,600173.SH,20040305,5.47,5.8,5.45,5.59,5.5,0.09,1.64,37568.65,21322.445
3890,600173.SH,20040304,5.29,5.56,5.25,5.5,5.32,0.18,3.38,13591.42,7392.465
3891,600173.SH,20040303,5.5,5.5,5.25,5.32,5.5,-0.18,-3.27,11076.24,5935.213
3892,600173.SH,20040302,5.48,5.55,5.37,5.5,5.48,0.02,0.37,13079.01,7150.976
3893,600173.SH,20040301,5.31,5.49,5.25,5.48,5.31,0.17,3.2,15528.93,8429.903
3894,600173.SH,20040227,5.28,5.35,5.18,5.31,5.28,0.03,0.57,11880.5,6270.105
3895,600173.SH,20040226,5.52,5.58,5.21,5.28,5.46,-0.18,-3.3,24470.27,13213.979
3896,600173.SH,20040225,5.36,5.77,5.36,5.46,5.36,0.1,1.87,45388.8,25380.85
3897,600173.SH,20040224,5.43,5.46,5.31,5.36,5.45,-0.09,-1.65,12927.96,6940.08
3898,600173.SH,20040223,5.52,5.57,5.45,5.45,5.52,-0.07,-1.27,13692.03,7526.132
3899,600173.SH,20040220,5.52,5.56,5.4,5.52,5.52,0.0,0.0,10167.44,5548.341
3900,600173.SH,20040219,5.5,5.6,5.49,5.52,5.51,0.01,0.18,15329.1,8495.646
3901,600173.SH,20040218,5.49,5.52,5.41,5.51,5.49,0.02,0.36,11657.89,6381.7
3902,600173.SH,20040217,5.39,5.5,5.31,5.49,5.39,0.1,1.86,17261.52,9366.814
3903,600173.SH,20040216,5.22,5.4,5.15,5.39,5.16,0.23,4.46,11597.24,6095.674
3904,600173.SH,20040213,5.35,5.4,5.16,5.16,5.35,-0.19,-3.55,10935.25,5767.816
3905,600173.SH,20040212,5.4,5.44,5.31,5.35,5.38,-0.03,-0.56,11327.58,6087.82
3906,600173.SH,20040211,5.3,5.46,5.29,5.38,5.32,0.06,1.13,11249.58,6034.177
3907,600173.SH,20040210,5.31,5.4,5.26,5.32,5.31,0.01,0.19,10112.96,5387.569
3908,600173.SH,20040209,5.28,5.35,5.22,5.31,5.28,0.03,0.57,12111.69,6392.772
3909,600173.SH,20040206,5.29,5.49,5.2,5.28,5.3,-0.02,-0.38,22286.33,11906.809
3910,600173.SH,20040205,5.18,5.3,5.11,5.3,5.16,0.14,2.71,20675.1,10796.599
3911,600173.SH,20040204,5.16,5.16,5.05,5.16,5.13,0.03,0.58,12516.54,6396.168
3912,600173.SH,20040203,5.08,5.19,5.07,5.13,5.06,0.07,1.38,11446.68,5864.693
3913,600173.SH,20040202,5.02,5.18,4.9,5.06,4.93,0.13,2.64,16207.28,8124.842
3914,600173.SH,20040130,4.89,5.04,4.77,4.93,4.84,0.09,1.86,18287.95,9058.946
3915,600173.SH,20040129,4.66,4.88,4.66,4.84,4.65,0.19,4.09,10556.01,5097.774
3916,600173.SH,20040116,4.65,4.75,4.6,4.65,4.64,0.01,0.22,5933.64,2775.599
3917,600173.SH,20040115,4.68,4.71,4.6,4.64,4.66,-0.02,-0.43,6361.43,2964.009
3918,600173.SH,20040114,4.63,4.68,4.55,4.66,4.63,0.03,0.65,6078.38,2800.477
3919,600173.SH,20040113,4.5,4.63,4.5,4.63,4.52,0.11,2.43,8106.7,3696.481
3920,600173.SH,20040112,4.54,4.56,4.41,4.52,4.56,-0.04,-0.88,5189.07,2333.565
3921,600173.SH,20040109,4.61,4.71,4.55,4.56,4.59,-0.03,-0.65,9999.29,4635.924
3922,600173.SH,20040108,4.5,4.6,4.44,4.59,4.46,0.13,2.91,8649.14,3895.111
3923,600173.SH,20040107,4.41,4.59,4.41,4.46,4.41,0.05,1.13,8141.58,3653.711
3924,600173.SH,20040106,4.55,4.56,4.36,4.41,4.55,-0.14,-3.08,8667.89,3826.584
3925,600173.SH,20040105,4.5,4.6,4.43,4.55,4.54,0.01,0.22,6654.49,2984.017
3926,600173.SH,20040102,4.45,4.57,4.45,4.54,4.45,0.09,2.02,2481.95,1122.768
3927,600173.SH,20031231,4.6,4.6,4.45,4.45,4.56,-0.11,-2.41,3613.72,1620.768
3928,600173.SH,20031230,4.56,4.62,4.52,4.56,4.56,0.0,0.0,2918.05,1330.794
3929,600173.SH,20031229,4.73,4.73,4.56,4.56,4.77,-0.21,-4.4,5624.0,2591.091
3930,600173.SH,20031226,4.74,4.89,4.72,4.77,4.74,0.03,0.63,2929.53,1393.186
3931,600173.SH,20031225,4.83,4.92,4.72,4.74,4.81,-0.07,-1.46,6025.92,2884.547
3932,600173.SH,20031224,4.88,4.95,4.7,4.81,4.88,-0.07,-1.43,9512.85,4579.268
3933,600173.SH,20031223,4.52,4.94,4.51,4.88,4.56,0.32,7.02,13526.99,6396.774
3934,600173.SH,20031222,4.65,4.65,4.29,4.56,4.69,-0.13,-2.77,10547.18,4653.453
3935,600173.SH,20031219,4.86,4.87,4.64,4.69,4.84,-0.15,-3.1,6929.55,3265.191
3936,600173.SH,20031218,4.91,4.94,4.78,4.84,4.91,-0.07,-1.43,3994.98,1935.601
3937,600173.SH,20031217,4.95,5.05,4.9,4.91,4.99,-0.08,-1.6,5693.23,2833.776
3938,600173.SH,20031216,5.08,5.08,4.92,4.99,5.09,-0.1,-1.96,4585.0,2277.456
3939,600173.SH,20031215,5.09,5.13,5.06,5.09,5.1,-0.01,-0.2,3166.18,1611.375
3940,600173.SH,20031212,5.09,5.13,5.06,5.1,5.13,-0.03,-0.58,3060.4,1557.982
3941,600173.SH,20031211,5.15,5.17,5.08,5.13,5.15,-0.02,-0.39,5190.96,2656.739
3942,600173.SH,20031210,5.1,5.15,5.05,5.15,5.13,0.02,0.39,4515.59,2305.978
3943,600173.SH,20031209,5.12,5.14,5.0,5.13,5.14,-0.01,-0.19,5401.4,2735.156
3944,600173.SH,20031208,5.24,5.3,5.12,5.14,5.24,-0.1,-1.91,4473.0,2331.179
3945,600173.SH,20031205,5.35,5.35,5.18,5.24,5.28,-0.04,-0.76,5558.53,2910.472
3946,600173.SH,20031204,5.12,5.28,5.12,5.28,5.11,0.17,3.33,15301.13,7971.766
3947,600173.SH,20031203,5.16,5.18,5.07,5.11,5.16,-0.05,-0.97,6704.68,3442.497
3948,600173.SH,20031202,5.1,5.19,5.04,5.16,5.1,0.06,1.18,9275.49,4743.893
3949,600173.SH,20031201,4.98,5.1,4.98,5.1,4.98,0.12,2.41,5431.93,2740.267
3950,600173.SH,20031128,4.9,5.1,4.9,4.98,4.95,0.03,0.61,2855.5,1429.534
3951,600173.SH,20031127,5.11,5.11,4.95,4.95,5.12,-0.17,-3.32,5281.98,2643.672
3952,600173.SH,20031126,5.1,5.15,5.05,5.12,5.1,0.02,0.39,5277.12,2690.35
3953,600173.SH,20031125,5.1,5.19,5.03,5.1,5.08,0.02,0.39,11875.58,6057.621
3954,600173.SH,20031124,4.93,5.1,4.93,5.08,4.98,0.1,2.01,6944.19,3486.108
3955,600173.SH,20031121,5.0,5.28,4.95,4.98,4.97,0.01,0.2,18064.67,9175.303
3956,600173.SH,20031120,4.7,4.98,4.7,4.97,4.76,0.21,4.41,8121.56,3960.309
3957,600173.SH,20031119,4.7,4.77,4.62,4.76,4.7,0.06,1.28,2373.4,1121.925
3958,600173.SH,20031118,4.78,4.8,4.7,4.7,4.8,-0.1,-2.08,1151.0,544.307
3959,600173.SH,20031117,4.8,4.86,4.73,4.8,4.77,0.03,0.63,1519.5,730.669
3960,600173.SH,20031114,4.76,4.79,4.7,4.77,4.76,0.01,0.21,1808.5,858.596
3961,600173.SH,20031113,4.7,4.78,4.7,4.76,4.73,0.03,0.63,1973.79,932.852
3962,600173.SH,20031112,4.8,4.96,4.7,4.73,4.8,-0.07,-1.46,2610.0,1241.19
3963,600173.SH,20031111,4.8,4.85,4.7,4.8,4.78,0.02,0.42,2049.99,980.988
3964,600173.SH,20031110,4.8,4.8,4.68,4.78,4.8,-0.02,-0.42,1966.63,931.102
3965,600173.SH,20031107,4.97,5.0,4.66,4.8,4.97,-0.17,-3.42,6171.22,2994.719
3966,600173.SH,20031106,5.1,5.1,4.96,4.97,5.12,-0.15,-2.93,5813.25,2904.236
3967,600173.SH,20031105,5.24,5.24,5.12,5.12,5.22,-0.1,-1.92,3708.48,1919.193
3968,600173.SH,20031104,5.16,5.3,5.16,5.22,5.18,0.04,0.77,5773.62,3025.327
3969,600173.SH,20031103,5.07,5.25,5.0,5.18,5.07,0.11,2.17,4107.01,2118.919
3970,600173.SH,20031031,4.99,5.1,4.96,5.07,4.98,0.09,1.81,3723.0,1876.507
3971,600173.SH,20031030,5.07,5.1,4.92,4.98,5.07,-0.09,-1.78,4267.25,2125.561
3972,600173.SH,20031029,5.4,5.46,4.9,5.07,5.42,-0.35,-6.46,12369.56,6386.149
3973,600173.SH,20031028,5.5,5.51,5.3,5.42,5.5,-0.08,-1.45,9620.19,5213.836
3974,600173.SH,20031027,5.36,5.52,5.32,5.5,5.37,0.13,2.42,14405.32,7818.69
3975,600173.SH,20031024,5.2,5.38,5.18,5.37,5.25,0.12,2.29,5410.4,2871.397
3976,600173.SH,20031023,5.4,5.4,5.24,5.25,5.34,-0.09,-1.69,4380.97,2329.574
3977,600173.SH,20031022,5.2,5.39,5.19,5.34,5.19,0.15,2.89,6579.2,3491.807
3978,600173.SH,20031021,5.18,5.19,5.08,5.19,5.19,0.0,0.0,1656.1,850.473
3979,600173.SH,20031020,5.15,5.25,5.08,5.19,5.14,0.05,0.97,2497.79,1292.175
3980,600173.SH,20031017,5.15,5.21,5.12,5.14,5.21,-0.07,-1.34,2620.19,1350.836
3981,600173.SH,20031016,5.24,5.37,5.2,5.21,5.25,-0.04,-0.76,1946.5,1024.355
3982,600173.SH,20031015,5.31,5.34,5.2,5.25,5.3,-0.05,-0.94,3664.0,1939.863
3983,600173.SH,20031014,5.39,5.42,5.25,5.3,5.4,-0.1,-1.85,3675.79,1953.229
3984,600173.SH,20031013,5.32,5.43,5.31,5.4,5.33,0.07,1.31,6960.59,3746.673
3985,600173.SH,20031010,5.22,5.39,5.2,5.33,5.22,0.11,2.11,6078.36,3231.267
3986,600173.SH,20031009,5.3,5.32,5.2,5.22,5.29,-0.07,-1.32,4330.22,2271.633
3987,600173.SH,20031008,5.11,5.36,5.02,5.29,5.11,0.18,3.52,10255.5,5398.837
3988,600173.SH,20030930,5.0,5.12,4.9,5.11,4.98,0.13,2.61,2552.05,1281.887
3989,600173.SH,20030926,5.03,5.03,4.95,4.98,4.99,-0.01,-0.2,761.28,378.017
3990,600173.SH,20030925,5.1,5.1,4.98,4.99,5.1,-0.11,-2.16,981.0,493.868
3991,600173.SH,20030924,5.07,5.12,5.02,5.1,5.06,0.04,0.79,1450.53,734.814
3992,600173.SH,20030923,5.02,5.07,4.97,5.06,5.01,0.05,1.0,1230.99,619.195
3993,600173.SH,20030922,5.09,5.09,5.0,5.01,5.01,0.0,0.0,604.0,302.958
3994,600173.SH,20030919,5.0,5.04,4.95,5.01,4.98,0.03,0.6,757.24,377.75
3995,600173.SH,20030918,4.91,5.0,4.91,4.98,4.99,-0.01,-0.2,1619.05,804.821
3996,600173.SH,20030917,5.01,5.01,4.96,4.99,5.04,-0.05,-0.99,857.0,427.523
3997,600173.SH,20030916,5.03,5.06,4.95,5.04,5.02,0.02,0.4,1604.51,803.893
3998,600173.SH,20030915,5.05,5.08,5.02,5.02,5.09,-0.07,-1.38,1469.16,741.447
3999,600173.SH,20030912,5.13,5.13,5.08,5.09,5.11,-0.02,-0.39,1061.03,539.855
4000,600173.SH,20030911,5.15,5.18,5.1,5.11,5.15,-0.04,-0.78,1039.0,533.148
4001,600173.SH,20030910,5.15,5.2,5.15,5.15,5.15,0.0,0.0,530.09,273.273
4002,600173.SH,20030909,5.12,5.18,5.11,5.15,5.11,0.04,0.78,1118.37,574.885
4003,600173.SH,20030908,5.14,5.2,5.1,5.11,5.15,-0.04,-0.78,1739.0,893.22
4004,600173.SH,20030905,5.25,5.25,5.13,5.15,5.25,-0.1,-1.9,1449.01,749.355
4005,600173.SH,20030904,5.32,5.34,5.25,5.25,5.34,-0.09,-1.69,2027.99,1074.596
4006,600173.SH,20030903,5.21,5.34,5.12,5.34,5.22,0.12,2.3,2966.85,1551.958
4007,600173.SH,20030902,5.26,5.3,5.21,5.22,5.24,-0.02,-0.38,1312.0,685.73
4008,600173.SH,20030901,5.13,5.25,5.12,5.24,5.12,0.12,2.34,2017.49,1051.917
4009,600173.SH,20030829,5.08,5.2,5.02,5.12,5.1,0.02,0.39,1342.49,682.222
4010,600173.SH,20030828,5.08,5.18,5.08,5.1,5.1,0.0,0.0,1377.0,704.657
4011,600173.SH,20030827,5.13,5.15,5.08,5.1,5.13,-0.03,-0.58,1155.0,589.733
4012,600173.SH,20030826,5.13,5.15,5.1,5.13,5.13,0.0,0.0,1090.0,557.791
4013,600173.SH,20030825,5.2,5.2,5.12,5.13,5.21,-0.08,-1.54,1454.69,752.639
4014,600173.SH,20030822,5.28,5.28,5.19,5.21,5.19,0.02,0.39,705.41,367.234
4015,600173.SH,20030821,5.2,5.2,5.15,5.19,5.19,0.0,0.0,1051.0,544.252
4016,600173.SH,20030820,5.23,5.27,5.16,5.19,5.23,-0.04,-0.76,1063.0,551.643
4017,600173.SH,20030819,5.2,5.28,5.2,5.23,5.19,0.04,0.77,958.0,500.588
4018,600173.SH,20030818,5.14,5.24,5.14,5.19,5.24,-0.05,-0.95,1375.0,712.428
4019,600173.SH,20030815,5.31,5.38,5.2,5.24,5.34,-0.1,-1.87,1931.0,1016.76
4020,600173.SH,20030814,5.32,5.43,5.32,5.34,5.38,-0.04,-0.74,1292.94,690.619
4021,600173.SH,20030813,5.49,5.49,5.36,5.38,5.45,-0.07,-1.28,1513.0,815.335
4022,600173.SH,20030812,5.38,5.52,5.38,5.45,5.41,0.04,0.74,1533.7,837.0
4023,600173.SH,20030811,5.33,5.42,5.32,5.41,5.37,0.04,0.74,1604.28,860.011
4024,600173.SH,20030808,5.38,5.4,5.36,5.37,5.43,-0.06,-1.11,2364.0,1271.058
4025,600173.SH,20030807,5.32,5.45,5.32,5.43,5.41,0.02,0.37,1792.59,970.873
4026,600173.SH,20030806,5.47,5.47,5.32,5.41,5.47,-0.06,-1.1,2793.63,1502.358
4027,600173.SH,20030805,5.29,5.54,5.26,5.47,5.26,0.21,3.99,7028.76,3824.971
4028,600173.SH,20030804,5.19,5.27,5.11,5.26,5.19,0.07,1.35,1878.88,980.463
4029,600173.SH,20030801,5.19,5.21,5.15,5.19,5.19,0.0,0.0,1106.0,572.673
4030,600173.SH,20030731,5.09,5.21,5.07,5.19,5.14,0.05,0.97,1116.7,575.711
4031,600173.SH,20030730,5.18,5.18,5.08,5.14,5.18,-0.04,-0.77,1604.0,821.446
4032,600173.SH,20030729,5.28,5.28,5.05,5.18,5.15,0.03,0.58,2092.49,1080.948
4033,600173.SH,20030728,5.22,5.22,5.15,5.15,5.27,-0.12,-2.28,2196.0,1134.731
4034,600173.SH,20030725,5.35,5.4,5.26,5.27,5.41,-0.14,-2.59,2244.99,1194.421
4035,600173.SH,20030724,5.42,5.44,5.38,5.41,5.44,-0.03,-0.55,877.19,473.165
4036,600173.SH,20030723,5.38,5.45,5.33,5.44,5.38,0.06,1.12,1937.6,1040.593
4037,600173.SH,20030722,5.43,5.44,5.31,5.38,5.38,0.0,0.0,2595.35,1389.266
4038,600173.SH,20030721,5.58,5.58,5.37,5.38,5.58,-0.2,-3.58,3609.57,1960.066
4039,600173.SH,20030718,5.66,5.68,5.58,5.58,5.66,-0.08,-1.41,2586.99,1449.976
4040,600173.SH,20030717,5.7,5.74,5.63,5.66,5.7,-0.04,-0.7,3487.0,1984.725
4041,600173.SH,20030716,5.6,5.7,5.57,5.7,5.58,0.12,2.15,2240.1,1264.855
4042,600173.SH,20030715,5.64,5.67,5.56,5.58,5.64,-0.06,-1.06,2736.29,1532.769
4043,600173.SH,20030714,5.67,5.68,5.6,5.64,5.66,-0.02,-0.35,2493.64,1406.494
4044,600173.SH,20030711,5.69,5.74,5.64,5.66,5.7,-0.04,-0.7,2508.72,1423.181
4045,600173.SH,20030710,5.65,5.72,5.6,5.7,5.66,0.04,0.71,7147.52,4035.913
4046,600173.SH,20030709,5.66,5.69,5.63,5.66,5.65,0.01,0.18,1556.37,881.217
4047,600173.SH,20030708,5.57,5.67,5.56,5.65,5.61,0.04,0.71,3062.5,1725.439
4048,600173.SH,20030707,5.82,5.82,5.6,5.61,5.82,-0.21,-3.61,5171.02,2912.77
4049,600173.SH,20030704,5.85,5.87,5.8,5.82,5.87,-0.05,-0.85,1721.57,1004.176
4050,600173.SH,20030703,5.87,5.92,5.82,5.87,5.87,0.0,0.0,1861.09,1089.926
4051,600173.SH,20030702,5.84,5.89,5.8,5.87,5.81,0.06,1.03,1658.99,969.183
4052,600173.SH,20030701,5.83,5.91,5.81,5.81,5.81,0.0,0.0,2887.0,1688.659
4053,600173.SH,20030630,5.9,5.94,5.8,5.81,5.87,-0.06,-1.02,2637.75,1546.347
4054,600173.SH,20030627,6.0,6.04,5.85,5.87,6.0,-0.13,-2.17,4932.0,2936.576
4055,600173.SH,20030626,6.04,6.07,5.97,6.0,6.07,-0.07,-1.15,3971.17,2387.979
4056,600173.SH,20030625,6.1,6.15,6.06,6.07,6.1,-0.03,-0.49,2057.05,1255.797
4057,600173.SH,20030624,6.05,6.13,6.05,6.1,6.05,0.05,0.83,1821.66,1110.581
4058,600173.SH,20030623,6.05,6.12,5.98,6.05,6.04,0.01,0.17,3663.35,2211.723
4059,600173.SH,20030620,6.08,6.08,6.0,6.04,6.08,-0.04,-0.66,3024.02,1825.743
4060,600173.SH,20030619,6.1,6.1,6.04,6.08,6.09,-0.01,-0.16,3331.05,2019.641
4061,600173.SH,20030618,6.08,6.15,6.08,6.09,6.08,0.01,0.16,2416.0,1477.026
4062,600173.SH,20030617,6.15,6.19,6.08,6.08,6.18,-0.1,-1.62,4320.82,2645.69
4063,600173.SH,20030616,6.22,6.22,6.15,6.18,6.23,-0.05,-0.8,3084.3,1903.114
4064,600173.SH,20030613,6.21,6.25,6.17,6.23,6.17,0.06,0.97,3067.65,1900.996
4065,600173.SH,20030612,6.24,6.24,6.15,6.17,6.24,-0.07,-1.12,2472.0,1526.073
4066,600173.SH,20030611,6.15,6.24,6.14,6.24,6.15,0.09,1.46,2699.49,1670.707
4067,600173.SH,20030610,6.05,6.18,6.05,6.15,6.06,0.09,1.49,2256.0,1383.078
4068,600173.SH,20030609,6.15,6.15,6.05,6.06,6.15,-0.09,-1.46,4416.35,2689.916
4069,600173.SH,20030606,6.26,6.28,6.13,6.15,6.28,-0.13,-2.07,4664.0,2891.513
4070,600173.SH,20030605,6.3,6.34,6.23,6.28,6.3,-0.02,-0.32,3152.93,1975.733
4071,600173.SH,20030604,6.33,6.34,6.2,6.3,6.35,-0.05,-0.79,6473.13,4055.404
4072,600173.SH,20030603,6.49,6.49,6.35,6.35,6.49,-0.14,-2.16,4367.5,2790.359
4073,600173.SH,20030602,6.43,6.51,6.31,6.49,6.43,0.06,0.93,7944.37,5094.305
4074,600173.SH,20030530,6.37,6.47,6.28,6.43,6.36,0.07,1.1,8420.0,5384.489
4075,600173.SH,20030529,6.27,6.38,6.22,6.36,6.29,0.07,1.11,5311.09,3329.737
4076,600173.SH,20030528,6.42,6.45,6.28,6.29,6.4,-0.11,-1.72,6246.0,3960.236
4077,600173.SH,20030527,6.45,6.45,6.34,6.4,6.47,-0.07,-1.08,6007.6,3830.304
4078,600173.SH,20030526,6.3,6.48,6.25,6.47,6.3,0.17,2.7,9858.58,6251.605
4079,600173.SH,20030523,6.25,6.36,6.25,6.3,6.2,0.1,1.61,7992.03,5041.503
4080,600173.SH,20030522,6.16,6.2,6.05,6.2,6.16,0.04,0.65,4435.02,2711.469
4081,600173.SH,20030521,6.2,6.29,6.14,6.16,6.2,-0.04,-0.65,5754.99,3564.18
4082,600173.SH,20030520,6.36,6.36,6.19,6.2,6.35,-0.15,-2.36,5745.25,3576.55
4083,600173.SH,20030519,6.35,6.4,6.24,6.35,6.32,0.03,0.47,5895.62,3728.57
4084,600173.SH,20030516,6.45,6.45,6.26,6.32,6.45,-0.13,-2.02,7290.0,4596.418
4085,600173.SH,20030515,6.24,6.5,6.2,6.45,6.27,0.18,2.87,11558.09,7388.249
4086,600173.SH,20030514,6.18,6.29,6.1,6.27,6.22,0.05,0.8,8816.88,5463.809
4087,600173.SH,20030513,6.01,6.25,5.85,6.22,6.02,0.2,3.32,13128.41,7890.343
4088,600173.SH,20030512,6.2,6.24,5.82,6.02,6.24,-0.22,-3.53,10898.86,6553.059
4089,600173.SH,20030430,6.38,6.52,6.18,6.24,6.42,-0.18,-2.8,19008.38,11971.229
4090,600173.SH,20030429,6.82,6.88,6.38,6.42,6.98,-0.56,-8.02,18999.03,12328.25
4091,600173.SH,20030428,6.71,7.0,6.35,6.98,6.85,0.13,1.9,28776.09,18839.724
4092,600173.SH,20030425,7.1,7.28,6.78,6.85,7.16,-0.31,-4.33,25026.09,17348.2
4093,600173.SH,20030424,7.58,7.58,7.1,7.16,7.67,-0.51,-6.65,41453.7,30391.966
4094,600173.SH,20030423,7.45,8.13,7.45,7.67,7.4,0.27,3.65,160003.17,123175.586
4095,600173.SH,20030422,7.28,7.54,7.08,7.4,7.41,-0.01,-0.14,79149.15,58068.023
4096,600173.SH,20030418,6.75,7.41,6.72,7.41,6.74,0.67,9.94,72304.85,52693.282
4097,600173.SH,20030417,6.78,6.88,6.67,6.74,6.8,-0.06,-0.88,10212.07,6892.115
4098,600173.SH,20030416,7.07,7.07,6.75,6.8,7.08,-0.28,-3.95,15818.5,10942.138
4099,600173.SH,20030415,7.2,7.25,6.94,7.08,7.18,-0.1,-1.39,26609.58,18721.501
4100,600173.SH,20030414,7.2,7.22,7.01,7.18,7.14,0.04,0.56,20867.89,14876.785
4101,600173.SH,20030411,7.0,7.15,6.91,7.14,6.91,0.23,3.33,33219.34,23352.374
4102,600173.SH,20030410,6.8,6.98,6.8,6.91,6.82,0.09,1.32,15957.63,11018.037
4103,600173.SH,20030409,6.76,6.84,6.66,6.82,6.85,-0.03,-0.44,4473.22,3014.579
4104,600173.SH,20030408,6.75,6.89,6.66,6.85,6.78,0.07,1.03,6950.89,4664.964
4105,600173.SH,20030407,6.84,6.84,6.73,6.78,6.86,-0.08,-1.17,5233.96,3543.129
4106,600173.SH,20030404,6.83,6.91,6.8,6.86,6.86,0.0,0.0,2697.0,1845.827
4107,600173.SH,20030403,6.86,6.9,6.82,6.86,6.88,-0.02,-0.29,2586.1,1772.026
4108,600173.SH,20030402,6.94,6.94,6.81,6.88,6.95,-0.07,-1.01,3527.38,2426.878
4109,600173.SH,20030401,6.97,6.99,6.9,6.95,6.97,-0.02,-0.29,7383.42,5119.197
4110,600173.SH,20030331,7.03,7.04,6.92,6.97,6.98,-0.01,-0.14,7726.11,5383.995
4111,600173.SH,20030328,6.85,7.02,6.8,6.98,6.84,0.14,2.05,32108.89,22218.772
4112,600173.SH,20030327,6.7,6.86,6.57,6.84,6.68,0.16,2.4,6941.1,4687.912
4113,600173.SH,20030326,6.56,6.75,6.53,6.68,6.63,0.05,0.75,2690.26,1780.258
4114,600173.SH,20030325,6.64,6.64,6.54,6.63,6.62,0.01,0.15,3073.62,2028.804
4115,600173.SH,20030324,6.61,6.65,6.57,6.62,6.64,-0.02,-0.3,2016.51,1332.391
4116,600173.SH,20030321,6.68,6.69,6.63,6.64,6.68,-0.04,-0.6,1673.0,1113.176
4117,600173.SH,20030320,6.71,6.73,6.65,6.68,6.72,-0.04,-0.6,2099.77,1402.894
4118,600173.SH,20030319,6.52,6.79,6.46,6.72,6.63,0.09,1.36,3344.8,2212.782
4119,600173.SH,20030318,6.8,6.8,6.61,6.63,6.79,-0.16,-2.36,3729.0,2506.954
4120,600173.SH,20030317,6.75,6.81,6.71,6.79,6.82,-0.03,-0.44,6542.8,4422.811
4121,600173.SH,20030314,6.54,6.85,6.54,6.82,6.6,0.22,3.33,7986.32,5361.508
4122,600173.SH,20030313,6.52,6.68,6.48,6.6,6.52,0.08,1.23,4388.5,2899.01
4123,600173.SH,20030312,6.5,6.52,6.42,6.52,6.51,0.01,0.15,2159.2,1398.396
4124,600173.SH,20030311,6.5,6.53,6.45,6.51,6.49,0.02,0.31,2528.0,1642.943
4125,600173.SH,20030310,6.73,6.75,6.45,6.49,6.75,-0.26,-3.85,4394.19,2888.617
4126,600173.SH,20030307,6.63,6.85,6.62,6.75,6.68,0.07,1.05,8068.94,5459.706
4127,600173.SH,20030306,6.75,6.79,6.66,6.68,6.78,-0.1,-1.47,3422.52,2290.887
4128,600173.SH,20030305,6.9,6.9,6.76,6.78,6.9,-0.12,-1.74,4969.29,3372.252
4129,600173.SH,20030304,6.87,6.96,6.8,6.9,6.88,0.02,0.29,11239.63,7740.421
4130,600173.SH,20030303,6.7,6.9,6.65,6.88,6.67,0.21,3.15,14211.61,9642.341
4131,600173.SH,20030228,6.7,6.72,6.65,6.67,6.73,-0.06,-0.89,2456.9,1639.613
4132,600173.SH,20030227,6.8,6.82,6.7,6.73,6.8,-0.07,-1.03,3944.5,2664.461
4133,600173.SH,20030226,6.85,6.85,6.71,6.8,6.81,-0.01,-0.15,4888.13,3324.237
4134,600173.SH,20030225,6.63,6.82,6.62,6.81,6.65,0.16,2.41,5509.5,3717.151
4135,600173.SH,20030224,6.55,6.66,6.55,6.65,6.6,0.05,0.76,3226.42,2135.495
4136,600173.SH,20030221,6.73,6.73,6.58,6.6,6.75,-0.15,-2.22,7888.43,5236.132
4137,600173.SH,20030220,6.83,6.85,6.74,6.75,6.82,-0.07,-1.03,4686.0,3177.53
4138,600173.SH,20030219,6.81,6.85,6.71,6.82,6.81,0.01,0.15,7529.98,5119.17
4139,600173.SH,20030218,6.64,6.82,6.6,6.81,6.64,0.17,2.56,9321.93,6251.697
4140,600173.SH,20030217,6.76,6.79,6.6,6.64,6.71,-0.07,-1.04,7096.6,4756.163
4141,600173.SH,20030214,6.62,6.76,6.6,6.71,6.64,0.07,1.05,7405.21,4961.814
4142,600173.SH,20030213,6.6,6.74,6.6,6.64,6.65,-0.01,-0.15,9139.4,6090.475
4143,600173.SH,20030212,6.5,6.66,6.42,6.65,6.47,0.18,2.78,10108.36,6665.366
4144,600173.SH,20030211,6.33,6.48,6.31,6.47,6.35,0.12,1.89,2233.45,1433.896
4145,600173.SH,20030210,6.46,6.46,6.34,6.35,6.46,-0.11,-1.7,2116.34,1351.04
4146,600173.SH,20030129,6.55,6.55,6.46,6.46,6.52,-0.06,-0.92,3094.08,2012.722
4147,600173.SH,20030128,6.51,6.55,6.45,6.52,6.49,0.03,0.46,3345.5,2175.084
4148,600173.SH,20030127,6.37,6.52,6.37,6.49,6.38,0.11,1.72,5506.29,3559.781
4149,600173.SH,20030124,6.3,6.39,6.23,6.38,6.3,0.08,1.27,3465.42,2191.22
4150,600173.SH,20030123,6.38,6.4,6.29,6.3,6.38,-0.08,-1.25,2626.91,1666.93
4151,600173.SH,20030122,6.3,6.4,6.3,6.38,6.33,0.05,0.79,3474.49,2198.892
4152,600173.SH,20030121,6.55,6.56,6.32,6.33,6.52,-0.19,-2.91,4473.0,2874.136
4153,600173.SH,20030120,6.44,6.55,6.33,6.52,6.44,0.08,1.24,5403.91,3485.74
4154,600173.SH,20030117,6.57,6.6,6.4,6.44,6.57,-0.13,-1.98,6566.02,4251.512
4155,600173.SH,20030116,6.4,6.57,6.37,6.57,6.46,0.11,1.7,9182.52,5931.559
4156,600173.SH,20030115,6.6,6.65,6.4,6.46,6.57,-0.11,-1.67,10810.32,7053.882
4157,600173.SH,20030114,6.34,6.67,6.3,6.57,6.3,0.27,4.29,25388.77,16438.407
4158,600173.SH,20030113,6.21,6.32,6.18,6.3,6.27,0.03,0.48,8559.18,5362.155
4159,600173.SH,20030110,6.28,6.4,6.18,6.27,6.21,0.06,0.97,13213.5,8326.206
4160,600173.SH,20030109,6.08,6.26,6.02,6.21,6.08,0.13,2.14,7953.32,4883.994
4161,600173.SH,20030108,5.9,6.09,5.88,6.08,5.91,0.17,2.88,3009.94,1806.049
4162,600173.SH,20030107,6.0,6.03,5.86,5.91,5.99,-0.08,-1.34,3253.99,1939.824
4163,600173.SH,20030106,5.8,6.0,5.75,5.99,5.75,0.24,4.17,3108.59,1833.982
4164,600173.SH,20030103,5.71,5.8,5.7,5.75,5.75,0.0,0.0,1766.0,1015.788
4165,600173.SH,20030102,5.86,5.91,5.72,5.75,5.87,-0.12,-2.04,2647.0,1535.097
4166,600173.SH,20021231,5.96,6.02,5.86,5.87,5.96,-0.09,-1.51,5238.12,3095.4
4167,600173.SH,20021230,6.05,6.05,5.95,5.96,6.06,-0.1,-1.65,3383.51,2027.309
4168,600173.SH,20021227,6.0,6.13,5.97,6.06,6.03,0.03,0.5,4122.39,2493.2
4169,600173.SH,20021226,6.3,6.31,6.01,6.03,6.31,-0.28,-4.44,5265.12,3236.249
4170,600173.SH,20021225,6.42,6.44,6.31,6.31,6.42,-0.11,-1.71,2083.5,1325.653
4171,600173.SH,20021224,6.39,6.44,6.3,6.42,6.39,0.03,0.47,2414.08,1529.65
4172,600173.SH,20021223,6.4,6.52,6.38,6.39,6.39,0.0,0.0,5392.75,3472.608
4173,600173.SH,20021220,6.34,6.42,6.25,6.39,6.33,0.06,0.95,3763.42,2387.489
4174,600173.SH,20021219,6.27,6.45,6.25,6.33,6.27,0.06,0.96,5158.79,3276.608
4175,600173.SH,20021218,6.35,6.41,6.24,6.27,6.34,-0.07,-1.1,3447.07,2178.68
4176,600173.SH,20021217,6.26,6.39,6.22,6.34,6.27,0.07,1.12,4479.9,2826.474
4177,600173.SH,20021216,6.15,6.3,6.07,6.27,6.17,0.1,1.62,5591.92,3489.572
4178,600173.SH,20021213,6.0,6.25,5.9,6.17,6.04,0.13,2.15,4068.0,2473.871
4179,600173.SH,20021212,5.98,6.18,5.98,6.04,6.0,0.04,0.67,2488.49,1510.894
4180,600173.SH,20021211,6.13,6.13,5.92,6.0,6.13,-0.13,-2.12,4471.25,2677.441
4181,600173.SH,20021210,6.22,6.25,6.12,6.13,6.22,-0.09,-1.45,1427.0,882.408
4182,600173.SH,20021209,6.19,6.28,6.19,6.22,6.19,0.03,0.48,1240.01,771.412
4183,600173.SH,20021206,6.22,6.27,6.15,6.19,6.19,0.0,0.0,1615.11,1002.806
4184,600173.SH,20021205,6.25,6.26,6.15,6.19,6.28,-0.09,-1.43,2423.89,1503.499
4185,600173.SH,20021204,6.24,6.4,6.24,6.28,6.24,0.04,0.64,3221.0,2036.322
4186,600173.SH,20021203,6.13,6.25,6.13,6.24,6.16,0.08,1.3,3068.3,1898.909
4187,600173.SH,20021202,6.42,6.42,6.16,6.16,6.42,-0.26,-4.05,3448.0,2169.552
4188,600173.SH,20021129,6.39,6.56,6.28,6.42,6.3,0.12,1.9,8219.45,5303.585
4189,600173.SH,20021128,6.1,6.33,6.09,6.3,6.1,0.2,3.28,3911.47,2431.757
4190,600173.SH,20021127,6.03,6.15,6.0,6.1,6.11,-0.01,-0.16,4008.26,2429.688
4191,600173.SH,20021126,6.26,6.35,6.1,6.11,6.24,-0.13,-2.08,2685.48,1668.554
4192,600173.SH,20021125,6.2,6.3,6.1,6.24,6.29,-0.05,-0.79,1781.35,1112.979
4193,600173.SH,20021122,6.31,6.5,6.19,6.29,6.33,-0.04,-0.63,4908.72,3107.038
4194,600173.SH,20021121,6.56,6.6,6.31,6.33,6.56,-0.23,-3.51,4341.98,2802.586
4195,600173.SH,20021120,6.74,6.74,6.55,6.56,6.79,-0.23,-3.39,3490.8,2308.986
4196,600173.SH,20021119,6.7,6.82,6.66,6.79,6.7,0.09,1.34,2062.37,1388.803
4197,600173.SH,20021118,6.75,6.8,6.66,6.7,6.78,-0.08,-1.18,2917.6,1961.875
4198,600173.SH,20021115,6.71,6.96,6.65,6.78,6.8,-0.02,-0.29,4037.5,2755.855
4199,600173.SH,20021114,7.1,7.1,6.8,6.8,7.15,-0.35,-4.9,7051.0,4862.828
4200,600173.SH,20021113,7.52,7.53,6.8,7.15,7.52,-0.37,-4.92,13432.74,9549.682
4201,600173.SH,20021112,7.5,7.65,7.41,7.52,7.48,0.04,0.53,17834.2,13416.713
4202,600173.SH,20021111,7.44,7.51,7.35,7.48,7.45,0.03,0.4,4837.92,3600.345
4203,600173.SH,20021108,7.53,7.58,7.27,7.45,7.5,-0.05,-0.67,6594.42,4898.346
4204,600173.SH,20021107,7.5,7.56,7.43,7.5,7.5,0.0,0.0,3744.9,2807.494
4205,600173.SH,20021106,7.5,7.57,7.44,7.5,7.51,-0.01,-0.13,2433.02,1820.221
4206,600173.SH,20021105,7.37,7.55,7.35,7.51,7.36,0.15,2.04,5110.37,3824.768
4207,600173.SH,20021104,7.34,7.38,7.27,7.36,7.26,0.1,1.38,2119.02,1553.902
4208,600173.SH,20021101,7.25,7.28,7.17,7.26,7.25,0.01,0.14,1192.83,859.187
4209,600173.SH,20021031,7.2,7.31,7.16,7.25,7.23,0.02,0.28,1211.12,878.72
4210,600173.SH,20021030,7.2,7.27,7.15,7.23,7.25,-0.02,-0.28,1526.0,1101.635
4211,600173.SH,20021029,7.18,7.29,7.13,7.25,7.18,0.07,0.97,2317.92,1666.114
4212,600173.SH,20021028,7.3,7.34,7.15,7.18,7.31,-0.13,-1.78,3461.21,2503.922
4213,600173.SH,20021025,7.59,7.6,7.3,7.31,7.53,-0.22,-2.92,4691.71,3451.647
4214,600173.SH,20021024,7.66,7.69,7.51,7.53,7.66,-0.13,-1.7,1891.49,1430.535
4215,600173.SH,20021023,7.69,7.69,7.6,7.66,7.69,-0.03,-0.39,2441.77,1864.012
4216,600173.SH,20021022,7.62,7.75,7.6,7.69,7.57,0.12,1.59,4275.73,3282.807
4217,600173.SH,20021021,7.49,7.58,7.44,7.57,7.53,0.04,0.53,1059.0,795.926
4218,600173.SH,20021018,7.45,7.6,7.41,7.53,7.45,0.08,1.07,2997.0,2247.505
4219,600173.SH,20021017,7.62,7.63,7.43,7.45,7.63,-0.18,-2.36,3078.0,2311.635
4220,600173.SH,20021016,7.46,7.75,7.46,7.63,7.39,0.24,3.25,8275.73,6332.708
4221,600173.SH,20021015,7.44,7.46,7.35,7.39,7.44,-0.05,-0.67,1906.7,1413.338
4222,600173.SH,20021014,7.4,7.47,7.25,7.44,7.38,0.06,0.81,2747.62,2013.569
4223,600173.SH,20021011,7.34,7.42,7.34,7.38,7.34,0.04,0.55,1881.4,1389.836
4224,600173.SH,20021010,7.37,7.46,7.33,7.34,7.38,-0.04,-0.54,1879.0,1389.222
4225,600173.SH,20021009,7.56,7.56,7.36,7.38,7.54,-0.16,-2.12,2283.76,1696.027
4226,600173.SH,20021008,7.5,7.58,7.45,7.54,7.59,-0.05,-0.66,1985.04,1491.497
4227,600173.SH,20020927,7.66,7.7,7.55,7.59,7.6,-0.01,-0.13,3317.61,2523.613
4228,600173.SH,20020926,7.86,7.89,7.6,7.6,7.85,-0.25,-3.18,6317.0,4878.019
4229,600173.SH,20020925,7.84,7.92,7.81,7.85,7.85,0.0,0.0,1985.2,1560.448
4230,600173.SH,20020924,7.95,7.95,7.82,7.85,7.85,0.0,0.0,1868.58,1465.789
4231,600173.SH,20020923,7.79,7.91,7.79,7.85,7.86,-0.01,-0.13,1967.35,1544.795
4232,600173.SH,20020920,8.04,8.05,7.83,7.86,8.06,-0.2,-2.48,3767.93,2993.665
4233,600173.SH,20020919,7.89,8.14,7.8,8.06,7.9,0.16,2.03,4803.04,3797.945
4234,600173.SH,20020918,7.95,7.98,7.89,7.9,7.95,-0.05,-0.63,2973.34,2356.965
4235,600173.SH,20020917,8.01,8.1,7.88,7.95,8.0,-0.05,-0.63,4412.12,3512.078
4236,600173.SH,20020916,8.21,8.22,8.0,8.0,8.2,-0.2,-2.44,6924.63,5573.059
4237,600173.SH,20020913,8.2,8.26,8.18,8.2,8.19,0.01,0.12,2264.34,1862.33
4238,600173.SH,20020912,8.16,8.25,8.13,8.19,8.2,-0.01,-0.12,2545.51,2081.468
4239,600173.SH,20020911,8.23,8.25,8.1,8.2,8.24,-0.04,-0.49,4527.46,3690.015
4240,600173.SH,20020910,8.2,8.26,8.18,8.24,8.2,0.04,0.49,2656.89,2184.191
4241,600173.SH,20020909,8.15,8.25,8.12,8.2,8.22,-0.02,-0.24,3798.99,3109.263
4242,600173.SH,20020906,8.27,8.3,8.16,8.22,8.27,-0.05,-0.6,5669.84,4665.435
4243,600173.SH,20020905,8.38,8.38,8.22,8.27,8.38,-0.11,-1.31,9976.82,8246.525
4244,600173.SH,20020904,8.54,8.56,8.35,8.38,8.58,-0.2,-2.33,12629.5,10663.056
4245,600173.SH,20020903,8.61,8.68,8.55,8.58,8.6,-0.02,-0.23,5412.84,4663.067
4246,600173.SH,20020902,8.55,8.62,8.53,8.6,8.54,0.06,0.7,4422.0,3789.566
4247,600173.SH,20020830,8.65,8.68,8.53,8.54,8.65,-0.11,-1.27,7194.26,6174.924
4248,600173.SH,20020829,8.69,8.77,8.61,8.65,8.69,-0.04,-0.46,12626.2,10968.333
4249,600173.SH,20020828,8.89,8.99,8.61,8.69,8.87,-0.18,-2.03,37792.05,32937.257
4250,600173.SH,20020827,9.1,9.1,8.81,8.87,9.22,-0.35,-3.8,99152.75,88503.472
4251,600173.SH,20020826,8.65,9.26,8.52,9.22,8.67,0.55,6.34,59050.18,52561.257
4252,600173.SH,20020823,8.75,8.75,8.5,8.67,8.69,-0.02,-0.23,8775.36,7554.715
4253,600173.SH,20020822,8.29,8.9,8.27,8.69,8.34,0.35,4.2,20081.46,17194.099
4254,600173.SH,20020821,8.35,8.35,8.15,8.34,8.27,0.07,0.85,7476.69,6203.485
4255,600173.SH,20020820,8.17,8.33,8.08,8.27,8.1,0.17,2.1,3661.41,3001.621
4256,600173.SH,20020819,8.1,8.17,8.06,8.1,8.2,-0.1,-1.22,2348.0,1901.895
4257,600173.SH,20020816,8.06,8.23,7.98,8.2,8.11,0.09,1.11,3939.59,3182.527
4258,600173.SH,20020815,8.22,8.22,8.1,8.11,8.22,-0.11,-1.34,1762.0,1431.122
4259,600173.SH,20020814,8.3,8.35,8.1,8.22,8.17,0.05,0.61,1556.0,1275.446
4260,600173.SH,20020813,8.19,8.25,8.16,8.17,8.25,-0.08,-0.97,1247.0,1020.67
4261,600173.SH,20020812,8.27,8.27,8.16,8.25,8.27,-0.02,-0.24,1171.95,960.118
4262,600173.SH,20020809,8.24,8.3,8.16,8.27,8.24,0.03,0.36,2750.99,2251.986
4263,600173.SH,20020808,8.4,8.42,8.24,8.24,8.32,-0.08,-0.96,2175.26,1802.959
4264,600173.SH,20020807,8.4,8.44,8.3,8.32,8.34,-0.02,-0.24,1144.95,953.854
4265,600173.SH,20020806,8.21,8.39,8.13,8.34,8.21,0.13,1.58,3526.65,2924.077
4266,600173.SH,20020805,8.31,8.35,8.18,8.21,8.3,-0.09,-1.08,3582.54,2953.157
4267,600173.SH,20020802,8.28,8.37,8.28,8.3,8.35,-0.05,-0.6,1642.93,1366.986
4268,600173.SH,20020801,8.4,8.41,8.2,8.35,8.46,-0.11,-1.3,3392.48,2818.664
4269,600173.SH,20020731,8.6,8.6,8.45,8.46,8.62,-0.16,-1.86,3190.09,2707.742
4270,600173.SH,20020730,8.64,8.65,8.5,8.62,8.64,-0.02,-0.23,2367.0,2026.78
4271,600173.SH,20020729,8.51,8.66,8.43,8.64,8.66,-0.02,-0.23,3495.08,2978.106
4272,600173.SH,20020726,8.68,8.7,8.56,8.66,8.69,-0.03,-0.35,2814.73,2428.372
4273,600173.SH,20020725,8.67,8.85,8.61,8.69,8.72,-0.03,-0.34,4162.03,3624.119
4274,600173.SH,20020724,8.8,8.8,8.5,8.72,8.69,0.03,0.35,6466.88,5602.554
4275,600173.SH,20020723,8.57,8.97,8.57,8.69,8.68,0.01,0.12,8699.23,7566.773
4276,600173.SH,20020722,8.63,8.7,8.5,8.68,8.68,0.0,0.0,5922.54,5082.322
4277,600173.SH,20020719,8.58,8.72,8.45,8.68,8.58,0.1,1.17,6839.39,5861.953
4278,600173.SH,20020718,8.58,8.65,8.5,8.58,8.61,-0.03,-0.35,3228.56,2771.927
4279,600173.SH,20020717,8.49,8.68,8.42,8.61,8.49,0.12,1.41,2910.09,2480.551
4280,600173.SH,20020716,8.5,8.6,8.45,8.49,8.54,-0.05,-0.59,6646.67,5667.675
4281,600173.SH,20020715,8.82,8.82,8.52,8.54,8.81,-0.27,-3.06,6161.87,5296.011
4282,600173.SH,20020712,8.9,8.9,8.68,8.81,8.94,-0.13,-1.45,18154.97,15898.262
4283,600173.SH,20020711,8.8,9.1,8.66,8.94,8.86,0.08,0.9,26452.88,23576.662
4284,600173.SH,20020710,8.99,8.99,8.69,8.86,8.95,-0.09,-1.01,16949.32,14889.53
4285,600173.SH,20020709,8.94,9.02,8.78,8.95,8.94,0.01,0.11,26740.41,23870.664
4286,600173.SH,20020708,8.82,8.95,8.73,8.94,8.86,0.08,0.9,14881.14,13154.006
4287,600173.SH,20020705,8.9,8.9,8.68,8.86,8.93,-0.07,-0.78,27123.96,23835.426
4288,600173.SH,20020704,8.52,8.96,8.41,8.93,8.53,0.4,4.69,27705.25,24042.922
4289,600173.SH,20020703,8.43,8.53,8.3,8.53,8.33,0.2,2.4,9384.08,7891.621
4290,600173.SH,20020702,8.35,8.49,8.25,8.43,8.36,0.07,0.84,8323.08,6982.773
4291,600173.SH,20020701,8.58,8.58,8.29,8.36,8.61,-0.25,-2.9,19020.61,15948.122
4292,600173.SH,20020628,8.61,8.81,8.48,8.61,8.68,-0.07,-0.81,16744.85,14462.312
4293,600173.SH,20020627,8.7,8.8,8.6,8.68,8.74,-0.06,-0.69,10289.24,8934.06
4294,600173.SH,20020626,8.79,8.79,8.48,8.74,8.89,-0.15,-1.69,18269.75,15772.248
4295,600173.SH,20020624,8.89,8.89,8.48,8.89,8.08,0.81,10.02,47122.95,41469.285
4296,600173.SH,20020621,7.79,8.18,7.78,8.08,7.82,0.26,3.32,14313.09,11486.008
4297,600173.SH,20020620,7.86,7.97,7.7,7.82,7.78,0.04,0.51,7080.21,5554.528
4298,600173.SH,20020619,7.97,7.97,7.77,7.78,7.97,-0.19,-2.38,5503.13,4311.876
4299,600173.SH,20020618,7.54,8.1,7.54,7.97,7.46,0.51,6.84,21458.68,16984.465
4300,600173.SH,20020617,7.45,7.48,7.38,7.46,7.51,-0.05,-0.67,1243.0,922.618
4301,600173.SH,20020614,7.51,7.68,7.45,7.51,7.59,-0.08,-1.05,1310.0,989.134
4302,600173.SH,20020613,7.58,7.75,7.58,7.59,7.7,-0.11,-1.43,1268.0,969.177
4303,600173.SH,20020612,7.72,7.74,7.61,7.7,7.74,-0.04,-0.52,1498.5,1148.957
4304,600173.SH,20020611,7.65,7.77,7.58,7.74,7.61,0.13,1.71,1867.24,1437.102
4305,600173.SH,20020610,7.7,7.7,7.54,7.61,7.73,-0.12,-1.55,2303.5,1753.974
4306,600173.SH,20020607,7.74,7.89,7.61,7.73,7.67,0.06,0.78,5526.92,4283.752
4307,600173.SH,20020606,7.3,7.8,7.15,7.67,7.32,0.35,4.78,6225.4,4641.323
4308,600173.SH,20020605,7.66,7.66,7.31,7.32,7.63,-0.31,-4.06,2026.0,1503.059
4309,600173.SH,20020604,7.5,7.65,7.48,7.63,7.59,0.04,0.53,2306.1,1745.126
4310,600173.SH,20020603,7.85,7.89,7.5,7.59,7.89,-0.3,-3.8,4640.2,3512.983
4311,600173.SH,20020531,7.95,8.03,7.84,7.89,7.93,-0.04,-0.5,2288.31,1812.235
4312,600173.SH,20020530,8.01,8.03,7.82,7.93,7.96,-0.03,-0.38,2634.0,2088.926
4313,600173.SH,20020529,8.05,8.1,7.94,7.96,8.16,-0.2,-2.45,3298.05,2635.043
4314,600173.SH,20020528,8.0,8.22,8.0,8.16,7.98,0.18,2.26,3591.95,2917.284
4315,600173.SH,20020527,8.0,8.06,7.9,7.98,7.95,0.03,0.38,1899.75,1512.244
4316,600173.SH,20020524,8.1,8.1,7.85,7.95,8.09,-0.14,-1.73,3794.48,3016.606
4317,600173.SH,20020523,8.05,8.2,8.05,8.09,8.02,0.07,0.87,2718.08,2205.57
4318,600173.SH,20020522,8.29,8.29,8.0,8.02,8.25,-0.23,-2.79,3695.0,2997.214
4319,600173.SH,20020521,8.17,8.37,8.11,8.25,7.91,0.34,4.3,6421.55,5288.959
4320,600173.SH,20020520,8.2,8.2,7.81,7.91,8.16,-0.25,-3.06,4099.59,3246.959
4321,600173.SH,20020517,8.06,8.21,8.02,8.16,8.06,0.1,1.24,5331.3,4316.941
4322,600173.SH,20020516,8.35,8.35,8.05,8.06,8.4,-0.34,-4.05,6373.5,5230.296
4323,600173.SH,20020515,8.5,8.58,8.38,8.4,8.54,-0.14,-1.64,4998.0,4239.691
4324,600173.SH,20020514,8.61,8.63,8.51,8.54,8.61,-0.07,-0.81,3066.18,2625.578
4325,600173.SH,20020513,8.6,8.65,8.52,8.61,8.7,-0.09,-1.03,2975.93,2556.668
4326,600173.SH,20020509,8.74,8.82,8.66,8.7,8.77,-0.07,-0.8,3948.94,3447.373
4327,600173.SH,20020508,8.95,9.0,8.77,8.77,8.95,-0.18,-2.01,3126.99,2759.6
4328,600173.SH,20020430,9.0,9.08,8.9,8.95,8.99,-0.04,-0.44,6076.32,5443.726
4329,600173.SH,20020429,8.8,9.1,8.76,8.99,8.76,0.23,2.63,6969.37,6233.941
4330,600173.SH,20020426,8.61,8.82,8.58,8.76,8.61,0.15,1.74,4472.29,3903.24
4331,600173.SH,20020425,8.64,8.64,8.52,8.61,8.65,-0.04,-0.46,3540.53,3037.797
4332,600173.SH,20020424,8.62,8.75,8.58,8.65,8.66,-0.01,-0.12,2551.85,2201.972
4333,600173.SH,20020423,8.62,8.75,8.58,8.66,8.69,-0.03,-0.35,2338.95,2023.63
4334,600173.SH,20020422,8.8,8.82,8.56,8.69,8.82,-0.13,-1.47,3932.08,3407.205
4335,600173.SH,20020419,8.7,8.9,8.61,8.82,8.78,0.04,0.46,5210.22,4533.101
4336,600173.SH,20020418,8.99,8.99,8.76,8.78,8.97,-0.19,-2.12,4151.0,3671.742
4337,600173.SH,20020417,8.93,8.99,8.82,8.97,8.87,0.1,1.13,3129.08,2783.992
4338,600173.SH,20020416,8.98,9.07,8.8,8.87,8.98,-0.11,-1.22,3680.88,3290.425
4339,600173.SH,20020415,9.06,9.06,8.87,8.98,8.98,0.0,0.0,3676.9,3285.128
4340,600173.SH,20020412,8.88,9.08,8.87,8.98,8.9,0.08,0.9,6693.36,6024.777
4341,600173.SH,20020411,9.16,9.18,8.9,8.9,9.16,-0.26,-2.84,10300.36,9304.888
4342,600173.SH,20020410,9.2,9.27,9.11,9.16,9.26,-0.1,-1.08,12245.6,11217.249
4343,600173.SH,20020409,9.2,9.3,9.1,9.26,9.12,0.14,1.54,26423.08,24264.848
4344,600173.SH,20020408,8.78,9.14,8.72,9.12,8.78,0.34,3.87,11355.22,10171.29
4345,600173.SH,20020405,8.79,8.93,8.66,8.78,8.7,0.08,0.92,9514.69,8378.466
4346,600173.SH,20020404,8.42,8.75,8.3,8.7,8.4,0.3,3.57,7094.73,6048.92
4347,600173.SH,20020403,8.4,8.51,8.3,8.4,8.4,0.0,0.0,5793.89,4876.442
4348,600173.SH,20020402,8.71,8.74,8.3,8.4,8.71,-0.31,-3.56,7165.1,6069.06
4349,600173.SH,20020401,8.6,8.73,8.55,8.71,8.62,0.09,1.04,5138.25,4450.355
4350,600173.SH,20020329,8.94,8.94,8.57,8.62,9.01,-0.39,-4.33,13915.01,12104.372
4351,600173.SH,20020328,9.0,9.08,8.9,9.01,9.0,0.01,0.11,6680.38,6009.193
4352,600173.SH,20020327,8.9,9.05,8.85,9.0,9.02,-0.02,-0.22,5408.86,4834.661
4353,600173.SH,20020326,9.18,9.2,8.92,9.02,9.18,-0.16,-1.74,10210.52,9229.596
4354,600173.SH,20020325,9.1,9.27,8.98,9.18,9.14,0.04,0.44,9975.76,9100.119
4355,600173.SH,20020322,9.3,9.3,9.0,9.14,9.29,-0.15,-1.61,23842.91,21621.432
4356,600173.SH,20020321,9.25,9.64,9.22,9.29,9.19,0.1,1.09,54302.38,51050.599
4357,600173.SH,20020320,8.91,9.47,8.9,9.19,8.88,0.31,3.49,39388.06,36160.603
4358,600173.SH,20020319,8.63,8.92,8.52,8.88,8.65,0.23,2.66,13346.72,11673.737
4359,600173.SH,20020318,8.68,8.9,8.51,8.65,8.58,0.07,0.82,8049.5,6970.771
4360,600173.SH,20020315,9.05,9.09,8.5,8.58,9.01,-0.43,-4.77,9869.0,8772.719
4361,600173.SH,20020314,8.63,9.03,8.61,9.01,8.66,0.35,4.04,8355.48,7362.86
4362,600173.SH,20020313,8.8,8.98,8.65,8.66,8.87,-0.21,-2.37,13505.54,11871.301
4363,600173.SH,20020312,9.17,9.2,8.85,8.87,9.18,-0.31,-3.38,17657.68,15960.802
4364,600173.SH,20020311,8.98,9.19,8.8,9.18,8.98,0.2,2.23,18668.18,16844.557
4365,600173.SH,20020308,9.05,9.11,8.74,8.98,9.04,-0.06,-0.66,27465.56,24524.51
4366,600173.SH,20020307,8.38,9.05,8.38,9.04,8.37,0.67,8.0,34439.65,30183.467
4367,600173.SH,20020306,8.36,8.6,8.3,8.37,8.29,0.08,0.97,17190.44,14527.491
4368,600173.SH,20020305,8.12,8.34,8.12,8.29,8.14,0.15,1.84,7685.37,6366.31
4369,600173.SH,20020304,7.9,8.15,7.8,8.14,7.94,0.2,2.52,3575.09,2853.748
4370,600173.SH,20020301,8.18,8.18,7.9,7.94,8.18,-0.24,-2.93,6269.98,5029.302
4371,600173.SH,20020228,8.31,8.36,8.17,8.18,8.31,-0.13,-1.56,4562.17,3762.249
4372,600173.SH,20020227,8.38,8.38,8.25,8.31,8.31,0.0,0.0,4246.5,3531.518
4373,600173.SH,20020226,8.36,8.38,8.15,8.31,8.36,-0.05,-0.6,4728.0,3913.749
4374,600173.SH,20020225,8.33,8.46,8.22,8.36,8.13,0.23,2.83,9125.86,7615.09
4375,600173.SH,20020208,8.23,8.32,8.1,8.13,8.17,-0.04,-0.49,4970.93,4089.333
4376,600173.SH,20020207,7.97,8.28,7.95,8.17,8.03,0.14,1.74,6527.7,5345.295
4377,600173.SH,20020206,8.28,8.28,8.03,8.03,8.31,-0.28,-3.37,10974.64,8924.412
4378,600173.SH,20020205,8.3,8.38,8.21,8.31,8.34,-0.03,-0.36,14293.0,11850.227
4379,600173.SH,20020204,7.95,8.42,7.95,8.34,7.8,0.54,6.92,39172.2,32335.7
4380,600173.SH,20020201,7.87,7.95,7.69,7.8,7.8,0.0,0.0,13784.52,10774.345
4381,600173.SH,20020131,7.23,7.91,7.23,7.8,7.19,0.61,8.48,19564.75,14935.771
4382,600173.SH,20020130,7.07,7.33,7.05,7.19,7.13,0.06,0.84,4231.68,3040.795
4383,600173.SH,20020129,6.68,7.2,6.65,7.13,6.8,0.33,4.85,6140.63,4317.307
4384,600173.SH,20020128,7.3,7.46,6.75,6.8,7.4,-0.6,-8.11,10639.95,7540.639
4385,600173.SH,20020125,7.4,7.5,7.28,7.4,7.46,-0.06,-0.8,8093.39,5994.386
4386,600173.SH,20020124,7.2,7.63,6.92,7.46,7.24,0.22,3.04,21023.3,15596.116
4387,600173.SH,20020123,6.55,7.24,6.53,7.24,6.58,0.66,10.03,8995.51,6187.872
4388,600173.SH,20020122,6.52,6.83,6.45,6.58,6.6,-0.02,-0.3,5216.89,3470.987
4389,600173.SH,20020121,6.85,7.0,6.5,6.6,7.0,-0.4,-5.71,4729.27,3183.916
4390,600173.SH,20020118,7.05,7.18,6.7,7.0,7.07,-0.07,-0.99,8176.99,5728.306
4391,600173.SH,20020117,7.78,7.78,7.04,7.07,7.82,-0.75,-9.59,8383.49,6115.209
4392,600173.SH,20020116,7.7,7.84,7.56,7.82,7.62,0.2,2.62,4237.15,3266.334
4393,600173.SH,20020115,7.66,7.86,7.59,7.62,7.7,-0.08,-1.04,3388.0,2609.352
4394,600173.SH,20020114,7.8,7.9,7.65,7.7,7.92,-0.22,-2.78,4154.37,3225.83
4395,600173.SH,20020111,8.28,8.35,7.9,7.92,8.34,-0.42,-5.04,3824.73,3108.841
4396,600173.SH,20020110,8.14,8.39,7.98,8.34,8.24,0.1,1.21,5596.81,4544.553
4397,600173.SH,20020109,8.31,8.43,8.14,8.24,8.38,-0.14,-1.67,3472.24,2869.322
4398,600173.SH,20020108,8.5,8.65,8.36,8.38,8.55,-0.17,-1.99,2301.57,1960.372
4399,600173.SH,20020107,8.88,8.88,8.45,8.55,8.86,-0.31,-3.5,4660.66,4007.284
4400,600173.SH,20020104,8.88,9.0,8.84,8.86,8.81,0.05,0.57,10259.3,9135.959
4401,600173.SH,20011231,8.86,8.9,8.75,8.81,8.85,-0.04,-0.45,3828.2,3371.135
4402,600173.SH,20011228,8.79,8.93,8.69,8.85,8.85,0.0,0.0,5017.61,4405.514
4403,600173.SH,20011227,8.93,8.97,8.82,8.85,8.94,-0.09,-1.01,4725.4,4198.837
4404,600173.SH,20011226,8.75,8.95,8.68,8.94,8.85,0.09,1.02,3336.58,2961.601
4405,600173.SH,20011225,8.7,8.86,8.65,8.85,8.71,0.14,1.61,2127.13,1858.858
4406,600173.SH,20011224,8.85,8.92,8.67,8.71,8.95,-0.24,-2.68,2458.0,2152.154
4407,600173.SH,20011221,8.73,8.99,8.7,8.95,8.76,0.19,2.17,1689.43,1486.545
4408,600173.SH,20011220,9.0,9.0,8.73,8.76,9.03,-0.27,-2.99,4292.61,3783.826
4409,600173.SH,20011219,9.09,9.16,8.95,9.03,9.09,-0.06,-0.66,5259.37,4765.051
4410,600173.SH,20011218,8.9,9.1,8.82,9.09,8.9,0.19,2.13,4929.6,4417.03
4411,600173.SH,20011217,9.1,9.16,8.88,8.9,9.17,-0.27,-2.94,4893.8,4394.975
4412,600173.SH,20011214,9.3,9.37,9.15,9.17,9.33,-0.16,-1.71,4271.46,3955.873
4413,600173.SH,20011213,9.33,9.43,9.27,9.33,9.33,0.0,0.0,8163.43,7642.605
4414,600173.SH,20011212,9.35,9.43,9.22,9.33,9.36,-0.03,-0.32,5458.26,5083.793
4415,600173.SH,20011211,9.45,9.55,9.33,9.36,9.53,-0.17,-1.78,3206.16,3018.678
4416,600173.SH,20011210,9.3,9.54,9.3,9.53,9.39,0.14,1.49,4611.28,4319.62
4417,600173.SH,20011207,9.55,9.57,9.3,9.39,9.55,-0.16,-1.68,8653.0,8161.661
4418,600173.SH,20011206,9.4,9.61,9.4,9.55,9.5,0.05,0.53,7473.1,7102.711
4419,600173.SH,20011205,9.75,9.84,9.49,9.5,9.79,-0.29,-2.96,11960.27,11542.688
4420,600173.SH,20011204,9.84,9.84,9.65,9.79,9.82,-0.03,-0.31,9294.77,9039.147
4421,600173.SH,20011203,9.89,9.9,9.72,9.82,9.79,0.03,0.31,13707.0,13452.198
4422,600173.SH,20011130,9.6,9.8,9.6,9.79,9.59,0.2,2.09,9987.33,9727.526
4423,600173.SH,20011129,9.51,9.6,9.45,9.59,9.52,0.07,0.74,7157.21,6823.685
4424,600173.SH,20011128,9.39,9.61,9.34,9.52,9.39,0.13,1.38,13025.39,12379.09
4425,600173.SH,20011127,9.15,9.4,9.15,9.39,9.2,0.19,2.07,4981.6,4638.72
4426,600173.SH,20011126,9.21,9.25,9.1,9.2,9.28,-0.08,-0.86,4155.05,3812.751
4427,600173.SH,20011123,9.45,9.45,9.25,9.28,9.43,-0.15,-1.59,4830.0,4509.111
4428,600173.SH,20011122,9.3,9.45,9.25,9.43,9.31,0.12,1.29,7684.48,7179.801
4429,600173.SH,20011121,9.41,9.42,9.15,9.31,9.36,-0.05,-0.53,9598.08,8912.94
4430,600173.SH,20011120,9.18,9.5,9.16,9.36,9.15,0.21,2.3,20074.51,18825.759
4431,600173.SH,20011119,8.73,9.19,8.73,9.15,8.81,0.34,3.86,11373.09,10294.317
4432,600173.SH,20011116,9.43,9.44,8.8,8.81,8.58,0.23,2.68,23313.07,21203.828
4433,600173.SH,20011115,8.35,8.58,8.32,8.58,8.35,0.23,2.75,3579.05,3019.686
4434,600173.SH,20011114,8.35,8.43,8.25,8.35,8.28,0.07,0.85,3774.3,3146.25
4435,600173.SH,20011113,8.2,8.39,8.12,8.28,8.4,-0.12,-1.43,10572.69,8700.103
4436,600173.SH,20011112,8.28,8.65,8.28,8.4,8.62,-0.22,-2.55,2044.0,1738.752
4437,600173.SH,20011109,8.43,8.71,8.26,8.62,8.39,0.23,2.74,6004.97,5118.83
4438,600173.SH,20011108,8.19,8.49,7.97,8.39,8.32,0.07,0.84,4430.45,3636.309
4439,600173.SH,20011107,8.95,9.0,8.31,8.32,8.99,-0.67,-7.45,5169.1,4443.547
4440,600173.SH,20011106,9.04,9.25,8.99,8.99,9.07,-0.08,-0.88,2481.7,2241.848
4441,600173.SH,20011105,9.05,9.18,8.91,9.07,9.07,0.0,0.0,2167.89,1960.081
4442,600173.SH,20011102,9.1,9.2,9.05,9.07,9.18,-0.11,-1.2,4434.24,4037.001
4443,600173.SH,20011101,8.93,9.37,8.88,9.18,8.92,0.26,2.91,8540.67,7857.224
4444,600173.SH,20011031,8.81,8.95,8.75,8.92,8.95,-0.03,-0.34,2493.92,2197.375
4445,600173.SH,20011030,9.07,9.1,8.92,8.95,9.07,-0.12,-1.32,2175.0,1958.523
4446,600173.SH,20011029,9.02,9.15,8.98,9.07,8.95,0.12,1.34,3980.49,3602.598
4447,600173.SH,20011026,8.88,8.99,8.72,8.95,8.93,0.02,0.22,6214.83,5500.699
4448,600173.SH,20011025,9.2,9.32,8.91,8.93,9.24,-0.31,-3.36,17110.52,15584.386
4449,600173.SH,20011024,8.75,9.26,8.75,9.24,8.42,0.82,9.74,33542.96,30531.772
4450,600173.SH,20011023,8.42,8.42,8.19,8.42,7.65,0.77,10.07,11802.11,9905.553
4451,600173.SH,20011022,7.8,8.0,7.56,7.65,7.97,-0.32,-4.02,4387.97,3430.182
4452,600173.SH,20011019,8.2,8.3,7.8,7.97,8.3,-0.33,-3.98,7429.17,5924.451
4453,600173.SH,20011018,8.6,8.77,8.0,8.3,8.61,-0.31,-3.6,5349.93,4497.743
4454,600173.SH,20011017,8.78,8.93,8.55,8.61,8.78,-0.17,-1.94,3242.21,2810.342
4455,600173.SH,20011016,9.0,9.1,8.65,8.78,9.1,-0.32,-3.52,3608.45,3204.837
4456,600173.SH,20011015,9.12,9.2,8.9,9.1,9.2,-0.1,-1.09,3522.3,3201.997
4457,600173.SH,20011012,8.99,9.4,8.51,9.2,9.0,0.2,2.22,10836.97,9724.156
4458,600173.SH,20011011,9.0,9.52,9.0,9.0,10.0,-1.0,-10.0,10714.85,9747.545
4459,600173.SH,20011009,9.94,10.14,9.85,10.0,9.94,0.06,0.6,3183.5,3187.752
4460,600173.SH,20011008,10.3,10.32,9.9,9.94,10.24,-0.3,-2.93,3492.39,3497.191
4461,600173.SH,20010928,10.5,10.56,10.22,10.24,10.5,-0.26,-2.48,3818.77,3952.99
4462,600173.SH,20010927,10.51,10.6,10.38,10.5,10.51,-0.01,-0.1,2404.45,2527.107
4463,600173.SH,20010926,10.68,10.79,10.48,10.51,10.66,-0.15,-1.41,2164.35,2281.505
4464,600173.SH,20010925,10.72,10.99,10.62,10.66,10.64,0.02,0.19,1501.0,1603.642
4465,600173.SH,20010924,10.66,10.8,10.55,10.64,10.75,-0.11,-1.02,1544.81,1642.232
4466,600173.SH,20010921,11.0,11.15,10.7,10.75,10.93,-0.18,-1.65,10249.36,11162.132
4467,600173.SH,20010920,10.83,11.01,10.6,10.93,10.82,0.11,1.02,7706.76,8404.456
4468,600173.SH,20010919,10.6,10.84,10.3,10.82,10.65,0.17,1.6,2202.35,2332.354
4469,600173.SH,20010918,10.43,10.9,10.43,10.65,10.41,0.24,2.31,2181.84,2314.002
4470,600173.SH,20010917,10.66,10.66,10.4,10.41,10.66,-0.25,-2.35,4423.98,4642.06
4471,600173.SH,20010914,11.04,11.15,10.52,10.66,11.04,-0.38,-3.44,6704.82,7202.181
4472,600173.SH,20010913,11.2,11.2,11.01,11.04,11.2,-0.16,-1.43,3511.82,3895.059
4473,600173.SH,20010912,10.9,11.23,10.7,11.2,11.25,-0.05,-0.44,13619.02,15017.146
4474,600173.SH,20010911,11.01,11.47,11.0,11.25,10.52,0.73,6.94,36493.23,40952.453
4475,600173.SH,20010910,10.0,10.57,9.89,10.52,10.18,0.34,3.34,6746.99,6899.207
4476,600173.SH,20010907,10.57,10.65,10.18,10.18,10.71,-0.53,-4.95,8802.99,9133.191
4477,600173.SH,20010906,10.89,10.94,10.68,10.71,10.89,-0.18,-1.65,4113.44,4440.044
4478,600173.SH,20010905,11.0,11.15,10.83,10.89,10.83,0.06,0.55,6518.75,7167.09
4479,600173.SH,20010904,10.53,10.88,10.43,10.83,10.56,0.27,2.56,7381.56,7870.319
4480,600173.SH,20010903,10.68,10.8,10.5,10.56,10.68,-0.12,-1.12,2739.54,2913.876
4481,600173.SH,20010831,10.85,10.99,10.66,10.68,10.82,-0.14,-1.29,2985.0,3218.309
4482,600173.SH,20010830,10.9,11.01,10.81,10.82,10.99,-0.17,-1.55,3281.9,3572.393
4483,600173.SH,20010829,11.0,11.2,10.69,10.99,11.05,-0.06,-0.54,7013.68,7698.071
4484,600173.SH,20010828,11.14,11.14,10.5,11.05,11.14,-0.09,-0.81,7445.34,8070.345
4485,600173.SH,20010827,11.85,11.85,11.01,11.14,11.94,-0.8,-6.7,6764.4,7733.703
4486,600173.SH,20010824,12.0,12.17,11.88,11.94,12.04,-0.1,-0.83,1940.4,2319.508
4487,600173.SH,20010823,11.9,12.1,11.85,12.04,12.09,-0.05,-0.41,2556.91,3059.178
4488,600173.SH,20010822,12.27,12.29,11.9,12.09,12.27,-0.18,-1.47,6152.14,7384.287
4489,600173.SH,20010821,12.32,12.4,12.21,12.27,12.26,0.01,0.08,3260.7,4013.851
4490,600173.SH,20010820,12.23,12.29,12.04,12.26,12.23,0.03,0.25,5035.21,6104.255
4491,600173.SH,20010817,12.2,12.35,12.08,12.23,12.17,0.06,0.49,2675.35,3273.753
4492,600173.SH,20010816,12.2,12.46,12.14,12.17,12.13,0.04,0.33,6499.7,8003.857
4493,600173.SH,20010815,11.91,12.18,11.9,12.13,12.12,0.01,0.08,3640.48,4393.129
4494,600173.SH,20010814,12.2,12.22,12.02,12.12,12.42,-0.3,-2.42,3535.54,4272.566
4495,600173.SH,20010813,12.6,12.6,12.35,12.42,12.43,-0.01,-0.08,3315.38,4116.256
4496,600173.SH,20010810,12.35,12.43,12.29,12.43,12.29,0.14,1.14,5799.04,7176.508
4497,600173.SH,20010809,12.0,12.29,12.0,12.29,11.98,0.31,2.59,3655.39,4462.805
4498,600173.SH,20010808,12.05,12.1,11.95,11.98,12.03,-0.05,-0.42,2558.42,3074.0
4499,600173.SH,20010807,11.7,12.17,11.6,12.03,11.73,0.3,2.56,3915.4,4649.203
4500,600173.SH,20010806,12.19,12.22,11.68,11.73,12.17,-0.44,-3.62,5160.7,6103.702
4501,600173.SH,20010803,12.2,12.41,11.98,12.17,12.2,-0.03,-0.25,4599.5,5564.696
4502,600173.SH,20010802,12.42,12.48,11.8,12.2,12.42,-0.22,-1.77,4758.92,5758.786
4503,600173.SH,20010801,11.88,12.45,11.88,12.42,11.85,0.57,4.81,5688.84,6934.606
4504,600173.SH,20010731,11.9,12.2,11.7,11.85,11.9,-0.05,-0.42,7449.21,8903.291
4505,600173.SH,20010730,12.7,12.78,11.9,11.9,12.84,-0.94,-7.32,9257.3,11381.074
4506,600173.SH,20010727,12.8,13.08,12.75,12.84,12.83,0.01,0.08,4582.4,5917.368
4507,600173.SH,20010726,12.92,13.05,12.7,12.83,12.94,-0.11,-0.85,4544.98,5815.855
4508,600173.SH,20010725,13.16,13.28,12.8,12.94,13.2,-0.26,-1.97,8594.46,11194.458
4509,600173.SH,20010724,13.56,13.59,13.15,13.2,13.56,-0.36,-2.65,14713.42,19542.702
4510,600173.SH,20010723,13.38,13.77,13.35,13.56,13.33,0.23,1.73,19989.84,27206.612
4511,600173.SH,20010720,13.3,13.54,13.1,13.33,13.28,0.05,0.38,21845.24,29246.728
4512,600173.SH,20010719,13.32,13.32,13.06,13.28,13.34,-0.06,-0.45,16768.24,22120.303
4513,600173.SH,20010718,12.85,13.35,12.75,13.34,12.49,0.85,6.81,60097.55,77959.532
4514,600173.SH,20010717,12.48,12.55,12.13,12.49,12.54,-0.05,-0.4,7484.53,9219.433
4515,600173.SH,20010716,12.61,12.78,12.29,12.54,12.6,-0.06,-0.48,6985.0,8757.921
4516,600173.SH,20010713,12.6,12.75,12.57,12.6,12.59,0.01,0.08,7996.0,10122.063
4517,600173.SH,20010712,12.3,12.6,12.2,12.59,12.35,0.24,1.94,7202.13,8969.891
4518,600173.SH,20010711,12.65,12.65,12.31,12.35,12.67,-0.32,-2.53,6975.0,8691.989
4519,600173.SH,20010710,12.48,12.7,12.33,12.67,12.48,0.19,1.52,10841.34,13619.377
4520,600173.SH,20010709,12.16,12.49,12.1,12.48,12.19,0.29,2.38,8532.55,10493.931
4521,600173.SH,20010706,12.39,12.39,12.14,12.19,12.39,-0.2,-1.61,14908.4,18210.938
4522,600173.SH,20010705,12.59,12.6,12.28,12.39,12.59,-0.2,-1.59,18138.0,22498.471
4523,600173.SH,20010704,12.82,12.83,12.45,12.59,12.86,-0.27,-2.1,24799.44,31250.467
4524,600173.SH,20010703,13.2,13.2,12.82,12.86,13.28,-0.42,-3.16,15913.3,20650.792
4525,600173.SH,20010702,13.5,13.5,13.15,13.28,13.5,-0.22,-1.63,6495.61,8606.635
4526,600173.SH,20010629,13.48,13.58,13.37,13.5,13.49,0.01,0.07,4864.35,6537.867
4527,600173.SH,20010628,13.68,13.8,13.56,13.67,13.67,0.0,0.0,9715.78,13256.301
4528,600173.SH,20010627,13.48,13.68,13.4,13.67,13.45,0.22,1.64,15025.44,20374.751
4529,600173.SH,20010625,13.55,13.59,13.05,13.45,13.52,-0.07,-0.52,19836.05,26251.557
4530,600173.SH,20010622,13.64,13.75,13.48,13.52,13.63,-0.11,-0.81,10600.02,14432.703
4531,600173.SH,20010621,13.4,13.65,13.3,13.63,13.4,0.23,1.72,15660.24,21216.601
4532,600173.SH,20010620,13.04,13.4,12.95,13.4,13.03,0.37,2.84,15693.5,20729.273
4533,600173.SH,20010619,13.33,13.5,12.88,13.03,13.33,-0.3,-2.25,25377.38,33124.483
4534,600173.SH,20010618,13.66,13.66,13.25,13.33,13.7,-0.37,-2.7,19401.29,25963.976
4535,600173.SH,20010615,14.4,14.5,13.22,13.7,14.6,-0.9,-6.16,74751.89,103347.439
4536,600173.SH,20010614,15.4,15.7,14.58,14.6,15.42,-0.82,-5.32,76655.14,114488.425
4537,600173.SH,20010613,15.65,15.7,15.39,15.42,15.6,-0.18,-1.15,26507.99,41030.742
4538,600173.SH,20010612,15.45,15.72,15.3,15.6,15.49,0.11,0.71,19910.93,30966.668
4539,600173.SH,20010611,15.6,16.0,15.45,15.49,15.71,-0.22,-1.4,24368.0,38105.693
4540,600173.SH,20010608,15.96,15.98,15.6,15.71,15.9,-0.19,-1.2,10511.54,16561.83
4541,600173.SH,20010607,15.99,16.25,15.71,15.9,15.99,-0.09,-0.56,22686.49,36088.282
4542,600173.SH,20010606,16.48,16.48,15.88,15.99,16.49,-0.5,-3.03,27530.34,44327.18
4543,600173.SH,20010605,16.45,16.65,16.32,16.49,16.45,0.04,0.24,14784.99,24347.353
4544,600173.SH,20010604,16.5,16.66,16.15,16.45,16.5,-0.05,-0.3,25713.76,41996.458
4545,600173.SH,20010601,16.78,17.09,16.25,16.5,16.78,-0.28,-1.67,39057.3,65145.259
4546,600173.SH,20010531,16.33,16.85,16.29,16.78,16.33,0.45,2.76,28619.69,47469.418
4547,600173.SH,20010530,15.9,16.5,15.89,16.33,15.96,0.37,2.32,40826.61,66159.488
4548,600173.SH,20010529,16.78,16.98,15.81,15.96,16.72,-0.76,-4.55,64189.21,106387.832
4549,600173.SH,20010528,15.94,16.8,15.8,16.72,15.93,0.79,4.96,50785.35,84063.402
4550,600173.SH,20010525,15.45,16.2,15.4,15.93,15.4,0.53,3.44,36998.38,58909.046
4551,600173.SH,20010524,15.5,15.61,15.25,15.4,15.31,0.09,0.59,10886.9,16750.898
4552,600173.SH,20010522,15.65,15.68,15.21,15.31,15.58,-0.27,-1.73,16386.8,25185.44
4553,600173.SH,20010521,15.7,15.73,15.35,15.58,15.59,-0.01,-0.06,20941.96,32568.747
4554,600173.SH,20010518,15.11,15.74,15.1,15.59,15.2,0.39,2.57,55694.54,86559.932
4555,600173.SH,20010517,15.0,15.38,15.0,15.2,15.19,0.01,0.07,16834.53,25604.057
4556,600173.SH,20010516,15.07,15.75,14.91,15.19,15.07,0.12,0.8,49419.11,75684.03
4557,600173.SH,20010515,15.17,15.2,14.7,15.07,15.16,-0.09,-0.59,22527.63,33723.309
4558,600173.SH,20010514,15.05,15.24,14.8,15.16,14.93,0.23,1.54,19498.5,29339.744
4559,600173.SH,20010511,14.14,15.0,14.14,14.93,14.1,0.83,5.89,18229.82,26976.04
4560,600173.SH,20010510,14.2,14.3,14.05,14.1,14.18,-0.08,-0.56,7556.61,10705.662
4561,600173.SH,20010509,14.4,14.41,14.02,14.18,14.39,-0.21,-1.46,13071.18,18525.836
4562,600173.SH,20010508,14.51,14.78,14.35,14.39,14.48,-0.09,-0.62,7669.3,11175.334
4563,600173.SH,20010430,14.5,14.8,14.48,14.48,14.47,0.01,0.07,7921.8,11557.082
4564,600173.SH,20010427,14.45,14.63,14.3,14.47,14.39,0.08,0.56,10448.53,15065.588
4565,600173.SH,20010426,14.55,14.83,14.3,14.39,14.55,-0.16,-1.1,14651.86,21319.103
4566,600173.SH,20010425,14.9,15.35,14.43,14.55,14.9,-0.35,-2.35,29114.21,43481.534
4567,600173.SH,20010424,14.48,14.96,14.15,14.9,14.4,0.5,3.47,20095.85,29472.618
4568,600173.SH,20010423,14.0,14.5,13.91,14.4,14.08,0.32,2.27,27453.07,38853.331
4569,600173.SH,20010420,14.38,14.65,14.06,14.08,14.4,-0.32,-2.22,31825.95,45664.787
4570,600173.SH,20010419,14.75,15.0,14.4,14.4,14.78,-0.38,-2.57,23894.74,34914.838
4571,600173.SH,20010418,15.35,15.35,14.73,14.78,15.38,-0.6,-3.9,16784.57,25163.844
4572,600173.SH,20010417,15.1,15.5,14.58,15.38,15.1,0.28,1.85,39711.32,59371.256
4573,600173.SH,20010416,15.42,15.66,14.9,15.1,15.41,-0.31,-2.01,28344.78,42969.028
4574,600173.SH,20010413,15.35,15.74,15.35,15.41,15.29,0.12,0.78,25293.25,39347.244
4575,600173.SH,20010412,15.1,15.3,14.8,15.29,15.05,0.24,1.59,27457.75,41190.042
4576,600173.SH,20010411,15.0,15.75,14.75,15.05,15.2,-0.15,-0.99,46967.4,71341.117
4577,600173.SH,20010409,14.9,16.09,14.9,15.2,14.88,0.32,2.15,67301.36,104769.287
4578,600173.SH,20010406,14.05,15.0,14.05,14.88,14.04,0.84,5.98,48066.61,70412.682
4579,600173.SH,20010405,13.98,14.15,13.82,14.04,14.01,0.03,0.21,26556.87,37085.37
4580,600173.SH,20010404,14.88,14.88,13.78,14.01,14.28,-0.27,-1.89,32871.5,46725.575
4581,600173.SH,20010403,13.73,14.36,13.68,14.28,13.67,0.61,4.46,34967.0,48999.4
4582,600173.SH,20010402,13.3,13.9,13.22,13.67,13.37,0.3,2.24,20977.5,28860.337
4583,600173.SH,20010330,13.38,13.48,13.11,13.37,13.4,-0.03,-0.22,16078.82,21319.829
4584,600173.SH,20010329,13.5,13.6,13.3,13.4,13.49,-0.09,-0.67,19208.08,25867.328
4585,600173.SH,20010328,13.45,13.6,13.22,13.49,13.45,0.04,0.3,22973.02,30781.35
4586,600173.SH,20010327,13.25,13.59,13.1,13.45,13.18,0.27,2.05,44942.15,60225.433
4587,600173.SH,20010326,12.1,13.29,12.08,13.18,12.1,1.08,8.93,52205.13,66723.239
4588,600173.SH,20010323,12.45,12.65,12.09,12.1,12.42,-0.32,-2.58,37281.15,45990.288
4589,600173.SH,20010322,12.68,12.75,12.34,12.42,12.67,-0.25,-1.97,33907.74,42406.983
4590,600173.SH,20010321,12.51,12.78,12.45,12.67,12.51,0.16,1.28,27463.89,34837.072
4591,600173.SH,20010320,12.6,12.78,12.32,12.51,12.6,-0.09,-0.71,32857.57,41208.49
4592,600173.SH,20010319,12.36,12.63,12.3,12.6,12.3,0.3,2.44,71642.49,89562.573
4593,600173.SH,20010316,12.08,12.36,11.91,12.3,11.99,0.31,2.59,75122.01,91706.598
4594,600173.SH,20010315,11.55,11.99,11.55,11.99,11.54,0.45,3.9,55793.32,65827.422
4595,600173.SH,20010314,11.37,11.56,11.3,11.54,11.36,0.18,1.58,33364.97,38208.023
4596,600173.SH,20010313,11.35,11.75,11.34,11.36,11.34,0.02,0.18,55452.07,63725.396
4597,600173.SH,20010312,11.16,11.35,11.16,11.34,11.16,0.18,1.61,16602.52,18742.115
4598,600173.SH,20010309,11.05,11.25,11.05,11.16,11.05,0.11,1.0,14357.96,16032.884
4599,600173.SH,20010308,11.06,11.11,11.04,11.05,11.11,-0.06,-0.54,13295.48,14720.854
4600,600173.SH,20010307,11.11,11.2,11.08,11.11,11.07,0.04,0.36,21013.16,23404.756
4601,600173.SH,20010306,10.7,11.15,10.7,11.07,10.79,0.28,2.6,18281.82,20157.581
4602,600173.SH,20010305,10.95,10.95,10.79,10.79,10.9,-0.11,-1.01,6963.4,7540.105
4603,600173.SH,20010302,10.85,10.95,10.85,10.9,10.9,0.0,0.0,8063.43,8784.238
4604,600173.SH,20010301,10.8,10.98,10.8,10.9,10.83,0.07,0.65,9161.86,9978.525
4605,600173.SH,20010228,10.95,11.01,10.5,10.83,10.83,0.0,0.0,15528.65,16774.532
4606,600173.SH,20010227,10.76,10.92,10.75,10.83,10.74,0.09,0.84,19551.98,21192.986
4607,600173.SH,20010226,10.46,10.83,10.44,10.74,10.4,0.34,3.27,19938.59,21339.407
4608,600173.SH,20010223,10.18,10.43,10.15,10.4,10.15,0.25,2.46,9161.48,9473.733
4609,600173.SH,20010222,9.85,10.5,9.69,10.15,9.87,0.28,2.84,6736.71,6810.012
4610,600173.SH,20010221,10.15,10.16,9.85,9.87,10.19,-0.32,-3.14,5144.0,5137.078
4611,600173.SH,20010220,10.25,10.32,10.18,10.19,10.23,-0.04,-0.39,1921.0,1971.654
4612,600173.SH,20010219,10.13,10.26,10.05,10.23,10.11,0.12,1.19,1326.1,1351.168
4613,600173.SH,20010216,10.06,10.14,10.01,10.11,10.09,0.02,0.2,3312.63,3331.375
4614,600173.SH,20010215,10.28,10.28,10.08,10.09,10.26,-0.17,-1.66,1950.0,1979.776
4615,600173.SH,20010214,10.3,10.3,10.2,10.26,10.22,0.04,0.39,1262.0,1292.504
4616,600173.SH,20010213,10.3,10.33,10.2,10.22,10.29,-0.07,-0.68,1851.0,1899.7
4617,600173.SH,20010212,10.2,10.29,10.03,10.29,10.2,0.09,0.88,3482.1,3523.194
4618,600173.SH,20010209,10.15,10.3,10.1,10.2,10.05,0.15,1.49,3639.0,3706.203
4619,600173.SH,20010208,10.28,10.39,10.03,10.05,10.28,-0.23,-2.24,3886.0,3961.38
4620,600173.SH,20010207,10.4,10.4,10.22,10.28,10.4,-0.12,-1.15,1910.0,1966.594
4621,600173.SH,20010206,10.45,10.45,10.16,10.4,10.53,-0.13,-1.23,4820.31,4963.287
4622,600173.SH,20010205,10.85,10.94,10.52,10.53,10.79,-0.26,-2.41,4296.43,4564.794
4623,600173.SH,20010119,10.58,10.81,10.56,10.79,10.58,0.21,1.98,6747.96,7241.677
4624,600173.SH,20010118,10.51,10.7,10.51,10.58,10.58,0.0,0.0,4027.86,4274.785
4625,600173.SH,20010117,10.66,10.78,10.55,10.58,10.73,-0.15,-1.4,3704.0,3947.352
4626,600173.SH,20010116,10.5,10.77,10.5,10.73,10.66,0.07,0.66,5703.96,6054.872
4627,600173.SH,20010115,10.98,10.98,10.64,10.66,11.02,-0.36,-3.27,10687.39,11508.819
4628,600173.SH,20010112,11.25,11.28,11.0,11.02,11.25,-0.23,-2.04,13102.95,14525.213
4629,600173.SH,20010111,11.24,11.38,11.18,11.25,11.2,0.05,0.45,15842.71,17876.43
4630,600173.SH,20010110,11.01,11.2,11.0,11.2,11.02,0.18,1.63,10818.97,12049.686
4631,600173.SH,20010109,11.05,11.25,10.88,11.02,11.05,-0.03,-0.27,12962.62,14322.94
4632,600173.SH,20010108,11.18,11.46,10.98,11.05,11.13,-0.08,-0.72,25483.0,28636.521
4633,600173.SH,20010105,10.83,11.18,10.83,11.13,10.83,0.3,2.77,17527.34,19331.398
4634,600173.SH,20010104,10.86,10.99,10.82,10.83,10.97,-0.14,-1.28,14459.79,15737.704
4635,600173.SH,20010103,10.95,11.03,10.82,10.97,10.95,0.02,0.18,24789.46,27173.388
4636,600173.SH,20010102,10.7,10.95,10.69,10.95,10.65,0.3,2.82,24042.26,25929.768
4637,600173.SH,20001229,10.8,10.8,10.6,10.65,10.6,0.05,0.47,6637.0,7069.417
4638,600173.SH,20001227,10.62,10.71,10.52,10.6,10.62,-0.02,-0.19,13015.9,13826.714
4639,600173.SH,20001226,10.6,10.67,10.52,10.62,10.59,0.03,0.28,7798.0,8260.916
4640,600173.SH,20001225,10.5,10.65,10.4,10.59,10.44,0.15,1.44,14400.97,15263.193
4641,600173.SH,20001222,10.32,10.52,10.22,10.44,10.32,0.12,1.16,7031.09,7314.663
4642,600173.SH,20001221,10.23,10.4,10.16,10.32,10.23,0.09,0.88,5244.59,5402.07
4643,600173.SH,20001220,10.2,10.24,10.01,10.23,10.2,0.03,0.29,4181.78,4247.577
4644,600173.SH,20001219,10.16,10.25,10.13,10.2,10.15,0.05,0.49,3146.1,3202.777
4645,600173.SH,20001218,10.3,10.3,10.0,10.15,10.15,0.0,0.0,3182.57,3211.903
4646,600173.SH,20001215,10.2,10.25,10.09,10.15,10.2,-0.05,-0.49,3530.2,3578.124
4647,600173.SH,20001214,10.3,10.39,10.17,10.2,10.3,-0.1,-0.97,3438.5,3532.457
4648,600173.SH,20001213,10.36,10.36,10.26,10.3,10.37,-0.07,-0.68,3548.62,3652.775
4649,600173.SH,20001212,10.13,10.43,10.13,10.37,10.13,0.24,2.37,4530.17,4623.601
4650,600173.SH,20001211,10.35,10.35,10.11,10.13,10.36,-0.23,-2.22,5037.09,5141.31
4651,600173.SH,20001208,10.52,10.52,10.35,10.36,10.41,-0.05,-0.48,6676.86,6980.487
4652,600173.SH,20001207,10.38,10.5,10.19,10.41,10.38,0.03,0.29,8819.98,9112.384
4653,600173.SH,20001206,10.51,10.66,10.37,10.38,10.51,-0.13,-1.24,11474.0,12053.615
4654,600173.SH,20001205,10.72,10.75,10.49,10.51,10.7,-0.19,-1.78,15377.06,16238.419
4655,600173.SH,20001204,10.4,10.73,10.4,10.7,10.34,0.36,3.48,20927.5,22092.299
4656,600173.SH,20001201,10.0,10.4,10.0,10.34,9.98,0.36,3.61,12580.62,12914.112
4657,600173.SH,20001130,10.08,10.08,9.9,9.98,10.07,-0.09,-0.89,11420.5,11359.735
4658,600173.SH,20001129,10.23,10.25,9.98,10.07,10.23,-0.16,-1.56,9584.56,9652.189
4659,600173.SH,20001128,10.2,10.26,10.16,10.23,10.09,0.14,1.39,3682.6,3759.523
4660,600173.SH,20001127,9.95,10.2,9.9,10.09,10.05,0.04,0.4,8107.76,8142.805
4661,600173.SH,20001124,10.59,10.63,10.0,10.05,10.55,-0.5,-4.74,11904.0,12332.919
4662,600173.SH,20001123,10.42,10.59,10.36,10.55,10.34,0.21,2.03,13228.28,13876.838
4663,600173.SH,20001122,10.29,10.35,10.19,10.34,10.27,0.07,0.68,7113.85,7287.374
4664,600173.SH,20001121,10.32,10.45,10.26,10.27,10.3,-0.03,-0.29,7385.11,7620.738
4665,600173.SH,20001120,10.3,10.3,10.13,10.3,10.32,-0.02,-0.19,9362.8,9548.829
4666,600173.SH,20001117,10.46,10.56,10.31,10.32,10.45,-0.13,-1.24,8614.0,9002.062
4667,600173.SH,20001116,10.35,10.48,10.31,10.45,10.33,0.12,1.16,9156.0,9522.87
4668,600173.SH,20001115,10.35,10.4,10.26,10.33,10.34,-0.01,-0.1,8080.0,8349.08
4669,600173.SH,20001114,10.31,10.38,10.21,10.34,10.3,0.04,0.39,7439.0,7632.59
4670,600173.SH,20001113,10.38,10.38,10.21,10.3,10.32,-0.02,-0.19,8144.0,8364.473
4671,600173.SH,20001110,10.38,10.47,10.25,10.32,10.26,0.06,0.58,15130.0,15697.199
4672,600173.SH,20001109,10.16,10.3,10.05,10.26,10.15,0.11,1.08,9661.0,9876.898
4673,600173.SH,20001108,10.03,10.2,10.03,10.15,10.05,0.1,1.0,6258.0,6342.333
4674,600173.SH,20001107,10.1,10.1,10.01,10.05,10.01,0.04,0.4,3212.0,3229.483
4675,600173.SH,20001106,9.88,10.05,9.88,10.01,9.88,0.13,1.32,4005.0,3988.689
4676,600173.SH,20001103,9.98,9.99,9.82,9.88,9.83,0.05,0.51,2710.0,2672.882
4677,600173.SH,20001102,9.88,10.05,9.81,9.83,9.88,-0.05,-0.51,3436.0,3419.911
4678,600173.SH,20001101,9.88,9.9,9.78,9.88,9.86,0.02,0.2,3288.0,3230.192
4679,600173.SH,20001031,9.99,10.15,9.85,9.86,9.9,-0.04,-0.4,4420.0,4419.507
4680,600173.SH,20001030,9.85,10.15,9.76,9.9,9.88,0.02,0.2,5595.0,5520.707
4681,600173.SH,20001027,10.01,10.05,9.81,9.88,10.0,-0.12,-1.2,3692.0,3651.999
4682,600173.SH,20001026,10.12,10.15,9.99,10.0,10.1,-0.1,-0.99,3496.0,3505.209
4683,600173.SH,20001025,9.97,10.15,9.89,10.1,9.98,0.12,1.2,5966.0,6002.122
4684,600173.SH,20001024,9.93,10.01,9.89,9.98,9.92,0.06,0.6,4098.0,4083.667
4685,600173.SH,20001023,10.1,10.1,9.88,9.92,9.97,-0.05,-0.5,4961.0,4946.55
4686,600173.SH,20001020,9.9,10.05,9.84,9.97,9.85,0.12,1.22,5456.0,5422.044
4687,600173.SH,20001019,10.19,10.2,9.83,9.85,10.16,-0.31,-3.05,5216.0,5213.48
4688,600173.SH,20001018,10.25,10.26,9.9,10.16,10.17,-0.01,-0.1,5313.0,5350.865
4689,600173.SH,20001017,9.9,10.3,9.9,10.17,9.83,0.34,3.46,18296.0,18602.699
4690,600173.SH,20001016,9.79,9.9,9.67,9.83,9.56,0.27,2.82,9644.0,9469.866
4691,600173.SH,20001013,9.4,9.62,9.4,9.56,9.39,0.17,1.81,4345.0,4130.6
4692,600173.SH,20001012,9.64,9.64,9.39,9.39,9.59,-0.2,-2.09,4025.0,3804.074
4693,600173.SH,20001011,9.69,9.81,9.5,9.59,9.59,0.0,0.0,3876.0,3739.941
4694,600173.SH,20001010,9.42,9.6,9.42,9.59,9.4,0.19,2.02,3126.0,2975.786
4695,600173.SH,20001009,9.6,9.65,9.39,9.4,9.52,-0.12,-1.26,3511.0,3320.882
4696,600173.SH,20000929,9.6,9.6,9.45,9.52,9.42,0.1,1.06,1530.0,1455.862
4697,600173.SH,20000928,9.65,9.7,9.38,9.42,9.7,-0.28,-2.89,2374.0,2254.71
4698,600173.SH,20000927,9.45,9.77,9.45,9.7,9.4,0.3,3.19,3860.0,3732.778
4699,600173.SH,20000926,9.35,9.49,9.35,9.4,9.4,0.0,0.0,1053.0,992.32
4700,600173.SH,20000925,9.24,9.43,9.21,9.4,9.27,0.13,1.4,1886.0,1758.475
4701,600173.SH,20000922,9.25,9.35,9.25,9.27,9.4,-0.13,-1.38,1834.0,1705.046
4702,600173.SH,20000921,9.38,9.54,9.34,9.4,9.35,0.05,0.53,2568.0,2418.041
4703,600173.SH,20000920,9.32,9.4,9.2,9.35,9.27,0.08,0.86,2686.0,2500.534
4704,600173.SH,20000919,9.5,9.51,9.2,9.27,9.55,-0.28,-2.93,4624.0,4320.64
4705,600173.SH,20000918,9.81,9.81,9.45,9.55,9.81,-0.26,-2.65,5390.0,5157.57
4706,600173.SH,20000915,9.78,9.98,9.75,9.81,9.77,0.04,0.41,2545.0,2494.953
4707,600173.SH,20000914,9.99,9.99,9.73,9.77,9.97,-0.2,-2.01,3786.0,3722.34
4708,600173.SH,20000913,10.06,10.07,9.95,9.97,10.07,-0.1,-0.99,3484.0,3486.218
4709,600173.SH,20000912,9.85,10.09,9.85,10.07,9.89,0.18,1.82,3127.0,3127.0
4710,600173.SH,20000911,9.85,9.9,9.75,9.89,9.9,-0.01,-0.1,3571.0,3517.875
4711,600173.SH,20000908,9.85,9.9,9.65,9.9,9.73,0.17,1.75,7312.0,7157.778
4712,600173.SH,20000907,9.51,9.79,9.5,9.73,9.5,0.23,2.42,6731.0,6473.165
4713,600173.SH,20000906,9.8,9.8,9.5,9.5,9.81,-0.31,-3.16,5659.36,5457.355
4714,600173.SH,20000905,10.15,10.19,9.8,9.81,10.08,-0.27,-2.68,5300.0,5304.3
4715,600173.SH,20000904,10.01,10.2,9.86,10.08,10.01,0.07,0.7,6090.0,6101.675
4716,600173.SH,20000901,10.12,10.4,9.9,10.01,10.2,-0.19,-1.86,11087.0,11295.86
4717,600173.SH,20000831,10.45,10.45,10.2,10.2,10.5,-0.3,-2.86,11713.0,12055.628
4718,600173.SH,20000830,10.84,10.84,10.45,10.5,10.84,-0.34,-3.14,10221.0,10837.941
4719,600173.SH,20000829,10.95,10.97,10.74,10.84,10.93,-0.09,-0.82,6031.0,6522.596
4720,600173.SH,20000828,10.75,10.95,10.68,10.93,10.7,0.23,2.15,9686.0,10438.647
4721,600173.SH,20000825,10.7,10.78,10.5,10.7,10.6,0.1,0.94,9056.0,9625.136
4722,600173.SH,20000824,10.65,10.8,10.5,10.6,10.66,-0.06,-0.56,11173.0,11878.116
4723,600173.SH,20000823,10.8,10.86,10.08,10.66,10.8,-0.14,-1.3,28152.0,29779.54
4724,600173.SH,20000822,11.46,11.49,10.78,10.8,11.4,-0.6,-5.26,14569.0,16418.821
4725,600173.SH,20000821,11.08,11.5,11.08,11.4,10.99,0.41,3.73,24688.0,28033.126
4726,600173.SH,20000818,10.9,11.15,10.88,10.99,10.9,0.09,0.83,16807.0,18507.343
4727,600173.SH,20000817,11.24,11.25,10.85,10.9,11.14,-0.24,-2.15,21552.0,23791.033
4728,600173.SH,20000816,10.7,11.25,10.7,11.14,10.69,0.45,4.21,56307.0,62412.222
4729,600173.SH,20000815,10.6,10.75,10.4,10.69,10.6,0.09,0.85,15633.0,16525.654
4730,600173.SH,20000814,10.52,10.65,10.43,10.6,10.52,0.08,0.76,10794.0,11365.319
4731,600173.SH,20000811,10.66,10.8,10.5,10.52,10.66,-0.14,-1.31,14391.0,15335.833
4732,600173.SH,20000810,10.6,10.8,10.58,10.66,10.6,0.06,0.57,14423.0,15432.427
4733,600173.SH,20000809,10.72,10.8,10.54,10.6,10.67,-0.07,-0.66,14859.0,15837.353
4734,600173.SH,20000808,10.85,10.94,10.63,10.67,10.78,-0.11,-1.02,17674.0,19095.58
4735,600173.SH,20000807,10.57,10.9,10.55,10.78,10.55,0.23,2.18,31439.0,33941.489
4736,600173.SH,20000804,10.6,10.65,10.45,10.55,10.54,0.01,0.09,16163.0,17061.01
4737,600173.SH,20000803,10.5,10.57,10.46,10.54,10.5,0.04,0.38,11887.0,12502.054
4738,600173.SH,20000802,10.38,10.5,10.3,10.5,10.39,0.11,1.06,8365.0,8698.602
4739,600173.SH,20000801,10.38,10.5,10.19,10.39,10.37,0.02,0.19,7621.0,7924.688
4740,600173.SH,20000731,10.21,10.45,10.1,10.37,10.21,0.16,1.57,8261.0,8488.016
4741,600173.SH,20000728,10.3,10.39,10.2,10.21,10.33,-0.12,-1.16,8222.0,8415.311
4742,600173.SH,20000727,10.46,10.58,10.3,10.33,10.46,-0.13,-1.24,8881.0,9205.789
4743,600173.SH,20000726,10.41,10.5,10.36,10.46,10.39,0.07,0.67,8090.0,8439.465
4744,600173.SH,20000725,10.3,10.58,10.28,10.39,10.27,0.12,1.17,6160.0,6404.148
4745,600173.SH,20000724,10.42,10.43,10.21,10.27,10.38,-0.11,-1.06,8394.0,8648.742
4746,600173.SH,20000721,10.48,10.8,10.35,10.38,10.48,-0.1,-0.95,13141.0,13887.254
4747,600173.SH,20000720,10.1,10.5,10.1,10.48,10.12,0.36,3.56,13289.0,13670.902
4748,600173.SH,20000719,10.39,10.5,10.1,10.12,10.39,-0.27,-2.6,10612.0,10825.883
4749,600173.SH,20000718,10.39,10.53,10.38,10.39,10.38,0.01,0.1,8253.0,8598.733
4750,600173.SH,20000717,10.41,10.55,10.32,10.38,10.44,-0.06,-0.57,14495.0,15147.785
4751,600173.SH,20000714,10.6,10.65,10.3,10.44,10.65,-0.21,-1.97,18725.0,19525.852
4752,600173.SH,20000713,10.91,10.95,10.62,10.65,10.87,-0.22,-2.02,29144.0,31335.777
4753,600173.SH,20000712,10.92,11.05,10.7,10.87,10.9,-0.03,-0.28,38887.0,42315.605
4754,600173.SH,20000711,10.4,10.9,10.36,10.9,10.37,0.53,5.11,48556.0,51396.759
4755,600173.SH,20000710,10.4,10.56,10.3,10.37,10.12,0.25,2.47,63133.0,65895.141
4756,600173.SH,20000707,9.89,10.3,9.82,10.3,9.86,0.44,4.46,40236.0,40867.279
4757,600173.SH,20000706,9.55,9.88,9.48,9.86,9.6,0.26,2.71,11963.0,11640.788
4758,600173.SH,20000705,9.52,9.65,9.41,9.6,9.5,0.1,1.05,3971.0,3781.161
4759,600173.SH,20000704,9.36,9.5,9.36,9.5,9.36,0.14,1.5,3265.0,3077.858
4760,600173.SH,20000703,9.6,9.6,9.35,9.36,9.67,-0.31,-3.21,6833.0,6441.793
4761,600173.SH,20000630,9.6,9.68,9.5,9.67,9.59,0.08,0.83,5635.0,5410.072
4762,600173.SH,20000629,9.71,9.73,9.5,9.59,9.73,-0.14,-1.44,6867.0,6592.262
4763,600173.SH,20000628,9.74,9.82,9.68,9.73,9.73,0.0,0.0,5926.0,5778.082
4764,600173.SH,20000627,9.7,9.79,9.65,9.73,9.68,0.05,0.52,5604.0,5450.399
4765,600173.SH,20000626,9.68,9.79,9.55,9.68,9.66,0.02,0.21,7330.0,7098.889
4766,600173.SH,20000623,9.49,9.68,9.4,9.66,9.49,0.17,1.79,5970.0,5688.152
4767,600173.SH,20000622,9.68,9.68,9.46,9.49,9.6,-0.11,-1.15,6203.0,5913.661
4768,600173.SH,20000621,9.55,9.67,9.51,9.6,9.51,0.09,0.95,3759.0,3598.297
4769,600173.SH,20000620,9.68,9.82,9.48,9.51,9.69,-0.18,-1.86,6609.0,6333.732
4770,600173.SH,20000619,9.6,9.85,9.56,9.69,9.71,-0.02,-0.21,5396.0,5246.647
4771,600173.SH,20000616,9.72,9.85,9.7,9.71,9.7,0.01,0.1,7515.0,7324.254
4772,600173.SH,20000615,9.77,9.8,9.65,9.7,9.77,-0.07,-0.72,8404.0,8135.253
4773,600173.SH,20000614,9.8,9.9,9.66,9.77,9.78,-0.01,-0.1,7016.0,6818.575
4774,600173.SH,20000613,9.7,9.88,9.62,9.78,9.61,0.17,1.77,7111.0,6908.58
4775,600173.SH,20000612,9.75,9.75,9.45,9.61,9.79,-0.18,-1.84,8558.0,8180.429
4776,600173.SH,20000609,10.16,10.2,9.79,9.79,10.18,-0.39,-3.83,9281.0,9201.858
4777,600173.SH,20000608,10.2,10.2,10.02,10.18,10.01,0.17,1.7,11696.0,11826.808
4778,600173.SH,20000607,10.0,10.2,9.96,10.01,9.94,0.07,0.7,9770.0,9816.794
4779,600173.SH,20000606,9.9,10.1,9.87,9.94,9.9,0.04,0.4,6916.0,6881.841
4780,600173.SH,20000605,10.3,10.45,9.88,9.9,10.25,-0.35,-3.41,16959.0,17260.203
4781,600173.SH,20000602,9.87,10.3,9.8,10.25,9.87,0.38,3.85,21534.0,21784.955
4782,600173.SH,20000601,10.1,10.16,9.8,9.87,10.05,-0.18,-1.79,8430.0,8361.391
4783,600173.SH,20000531,9.6,10.23,9.41,10.05,9.6,0.45,4.69,21607.0,21601.561
4784,600173.SH,20000530,9.81,9.93,9.57,9.6,9.78,-0.18,-1.84,7172.0,7004.887
4785,600173.SH,20000529,9.7,9.85,9.55,9.78,9.68,0.1,1.03,9431.0,9136.794
4786,600173.SH,20000526,9.9,9.9,9.67,9.68,9.83,-0.15,-1.53,12249.0,11947.587
4787,600173.SH,20000525,9.87,9.93,9.68,9.83,9.82,0.01,0.1,10747.0,10539.296
4788,600173.SH,20000524,9.48,9.95,9.35,9.82,9.45,0.37,3.92,13841.0,13396.916
4789,600173.SH,20000523,9.6,9.75,9.38,9.45,9.58,-0.13,-1.36,6837.0,6497.78
4790,600173.SH,20000522,9.4,9.74,9.4,9.58,9.4,0.18,1.91,8596.0,8243.615
4791,600173.SH,20000519,9.34,9.41,9.18,9.4,9.34,0.06,0.64,5916.0,5518.046
4792,600173.SH,20000518,9.25,9.34,9.0,9.34,9.19,0.15,1.63,3350.0,3081.617
4793,600173.SH,20000517,9.12,9.35,9.1,9.19,9.08,0.11,1.21,3842.0,3556.451
4794,600173.SH,20000516,8.95,9.14,8.95,9.08,8.94,0.14,1.57,3722.0,3377.23
4795,600173.SH,20000515,9.1,9.14,8.91,8.94,9.1,-0.16,-1.76,5448.0,4912.434
4796,600173.SH,20000512,9.1,9.3,9.05,9.1,9.05,0.05,0.55,7078.0,6487.127
4797,600173.SH,20000511,9.3,9.47,9.02,9.05,9.31,-0.26,-2.79,5931.0,5488.152
4798,600173.SH,20000510,9.5,9.65,9.31,9.31,9.5,-0.19,-2.0,6997.0,6604.916
4799,600173.SH,20000509,9.79,9.97,9.4,9.5,9.97,-0.47,-4.71,8363.0,8000.497
4800,600173.SH,20000428,10.0,10.06,9.7,9.97,9.98,-0.01,-0.1,13468.0,13272.993
4801,600173.SH,20000427,10.2,10.2,9.92,9.98,10.16,-0.18,-1.77,11145.0,11164.208
4802,600173.SH,20000426,10.3,10.37,10.14,10.16,10.25,-0.09,-0.88,9660.0,9860.42
4803,600173.SH,20000425,10.23,10.49,10.2,10.25,10.23,0.02,0.2,7857.0,8098.212
4804,600173.SH,20000424,10.53,10.62,10.18,10.23,10.47,-0.24,-2.29,10885.0,11228.896
4805,600173.SH,20000421,10.52,10.75,10.32,10.47,10.48,-0.01,-0.1,21166.0,22322.999
4806,600173.SH,20000420,10.62,10.75,10.41,10.48,10.6,-0.12,-1.13,16353.0,17302.298
4807,600173.SH,20000419,10.5,10.88,10.3,10.6,10.38,0.22,2.12,43853.0,46762.832
4808,600173.SH,20000418,10.28,10.45,10.06,10.38,10.29,0.09,0.87,10551.0,10834.627
4809,600173.SH,20000417,10.12,10.6,9.99,10.29,10.15,0.14,1.38,17885.0,18321.785
4810,600173.SH,20000414,10.22,10.38,10.0,10.15,10.22,-0.07,-0.68,13632.0,13781.651
4811,600173.SH,20000413,10.2,10.4,10.15,10.22,10.23,-0.01,-0.1,10691.0,10960.251
4812,600173.SH,20000412,10.6,10.66,10.1,10.23,10.55,-0.32,-3.03,15752.0,16281.049
4813,600173.SH,20000411,10.39,10.6,10.3,10.55,10.38,0.17,1.64,22381.0,23440.217
4814,600173.SH,20000410,10.4,10.55,10.15,10.38,10.4,-0.02,-0.19,19710.0,20399.236
4815,600173.SH,20000407,10.7,10.7,10.38,10.4,10.7,-0.3,-2.8,36713.0,38507.32
4816,600173.SH,20000406,9.8,10.71,9.8,10.7,9.75,0.95,9.74,36863.0,37687.734
4817,600173.SH,20000405,9.65,9.8,9.58,9.75,9.65,0.1,1.04,11467.0,11117.178
4818,600173.SH,20000404,9.45,9.8,9.32,9.65,9.46,0.19,2.01,14097.0,13537.939
4819,600173.SH,20000403,9.68,9.68,9.36,9.46,9.7,-0.24,-2.47,26230.0,24803.794
4820,600173.SH,20000331,9.9,9.94,9.59,9.7,9.94,-0.24,-2.41,23388.0,22675.155
4821,600173.SH,20000330,10.04,10.05,9.8,9.94,10.05,-0.11,-1.09,21084.0,20864.775
4822,600173.SH,20000329,10.2,10.38,9.9,10.05,10.2,-0.15,-1.47,10562.0,10563.649
4823,600173.SH,20000328,10.02,10.33,9.9,10.2,9.99,0.21,2.1,19333.0,19564.764
4824,600173.SH,20000327,9.8,10.06,9.68,9.99,9.8,0.19,1.94,18178.0,17981.26
4825,600173.SH,20000324,10.5,10.6,9.8,9.8,10.34,-0.54,-5.22,43427.0,44346.184
4826,600173.SH,20000323,9.58,10.34,9.58,10.34,9.4,0.94,10.0,50643.0,50413.837
4827,600173.SH,20000322,9.23,9.6,9.1,9.4,9.23,0.17,1.84,21819.0,20503.165
4828,600173.SH,20000321,9.32,9.38,9.08,9.23,9.31,-0.08,-0.86,17023.0,15610.495
4829,600173.SH,20000320,9.15,9.39,8.8,9.31,9.26,0.05,0.54,21112.0,19431.223
4830,600173.SH,20000317,8.9,9.35,8.9,9.26,8.73,0.53,6.07,29082.0,26689.824
4831,600173.SH,20000316,9.2,9.2,8.51,8.73,9.29,-0.56,-6.03,28734.0,25380.45
4832,600173.SH,20000315,9.38,9.5,9.22,9.29,9.47,-0.18,-1.9,21917.0,20452.269
4833,600173.SH,20000314,9.5,9.8,9.0,9.47,9.85,-0.38,-3.86,41668.0,38967.591
4834,600173.SH,20000313,10.25,10.3,9.76,9.85,10.35,-0.5,-4.83,41852.0,41567.719
4835,600173.SH,20000310,10.4,10.8,10.3,10.35,10.45,-0.1,-0.96,17594.0,18420.883
4836,600173.SH,20000309,10.65,10.8,10.34,10.45,10.63,-0.18,-1.69,18093.0,19058.438
4837,600173.SH,20000308,10.6,10.68,10.32,10.63,10.64,-0.01,-0.09,16380.0,17249.589
4838,600173.SH,20000307,10.2,10.7,10.1,10.64,10.4,0.24,2.31,20709.0,21564.904
4839,600173.SH,20000306,11.6,11.8,10.4,10.4,11.36,-0.96,-8.45,44400.0,49738.084
4840,600173.SH,20000303,11.1,11.37,10.8,11.36,10.95,0.41,3.74,38214.0,42562.583
4841,600173.SH,20000302,10.7,11.25,10.6,10.95,10.75,0.2,1.86,25253.0,27682.596
4842,600173.SH,20000301,10.7,11.2,10.5,10.75,10.7,0.05,0.47,26242.0,28471.174
4843,600173.SH,20000229,11.4,11.5,10.5,10.7,11.38,-0.68,-5.98,43221.0,46957.595
4844,600173.SH,20000228,10.55,11.5,10.23,11.38,10.62,0.76,7.16,59342.0,65168.813
4845,600173.SH,20000225,10.9,11.11,10.48,10.62,10.9,-0.28,-2.57,35125.0,37658.794
4846,600173.SH,20000224,10.3,10.9,10.2,10.9,10.48,0.42,4.01,39222.0,41668.255
4847,600173.SH,20000223,11.4,11.62,10.48,10.48,11.64,-1.16,-9.97,67666.0,73420.615
4848,600173.SH,20000222,11.98,12.5,11.17,11.64,12.1,-0.46,-3.8,65846.0,77888.657
4849,600173.SH,20000221,13.8,13.85,12.08,12.1,13.4,-1.3,-9.7,123434.0,157834.532
4850,600173.SH,20000218,12.3,13.4,11.82,13.4,12.18,1.22,10.02,105348.0,131239.188
4851,600173.SH,20000217,14.12,14.14,11.8,12.18,12.85,-0.67,-5.21,215643.0,289527.956
4852,600173.SH,20000216,12.85,12.85,12.02,12.85,11.68,1.17,10.02,188605.0,240168.432
4853,600173.SH,20000215,11.68,11.68,11.68,11.68,10.62,1.06,9.98,7393.0,8635.152
4854,600173.SH,20000214,10.49,10.62,10.4,10.62,9.65,0.97,10.05,42665.0,45178.0
4855,600173.SH,20000128,8.8,9.65,8.67,9.65,8.77,0.88,10.03,164833.0,156681.832
4856,600173.SH,20000127,8.3,9.02,8.24,8.77,8.2,0.57,6.95,91521.0,80783.928
4857,600173.SH,20000126,7.8,8.25,7.78,8.2,7.81,0.39,4.99,30088.0,24471.38
4858,600173.SH,20000125,7.99,8.05,7.71,7.81,7.96,-0.15,-1.88,15599.0,12240.217
4859,600173.SH,20000124,8.01,8.1,7.68,7.96,8.01,-0.05,-0.62,35524.0,27865.594
4860,600173.SH,20000121,8.33,8.38,8.01,8.01,8.3,-0.29,-3.49,30490.0,24924.451
4861,600173.SH,20000120,8.0,8.48,7.9,8.3,8.01,0.29,3.62,41532.0,34002.18
4862,600173.SH,20000119,8.17,8.24,7.95,8.01,8.18,-0.17,-2.08,31947.0,25898.369
4863,600173.SH,20000118,8.3,8.35,8.05,8.18,8.28,-0.1,-1.21,41989.0,34449.408
4864,600173.SH,20000117,7.7,8.3,7.7,8.28,7.7,0.58,7.53,47168.0,37959.931
4865,600173.SH,20000114,8.0,8.1,7.58,7.7,8.0,-0.3,-3.75,31662.0,24782.971
4866,600173.SH,20000113,7.75,8.15,7.61,8.0,7.73,0.27,3.49,56121.0,44517.865
4867,600173.SH,20000112,7.28,8.01,7.28,7.73,7.28,0.45,6.18,80398.0,62832.397
4868,600173.SH,20000111,7.74,7.8,7.2,7.28,7.75,-0.47,-6.06,15852.0,11926.484
4869,600173.SH,20000110,7.52,7.83,7.37,7.75,7.48,0.27,3.61,29771.0,22623.411
4870,600173.SH,20000107,7.4,7.63,7.31,7.48,7.3,0.18,2.47,38189.0,28592.591
4871,600173.SH,20000106,7.05,7.3,7.0,7.3,7.07,0.23,3.25,10106.0,7282.116
4872,600173.SH,20000105,7.11,7.38,6.96,7.07,7.06,0.01,0.14,18728.0,13571.272
4873,600173.SH,20000104,7.05,7.15,6.88,7.06,7.0,0.06,0.86,6606.0,4665.345
4874,600173.SH,19991230,6.8,7.06,6.65,7.0,6.8,0.2,2.94,19000.0,13186.575
4875,600173.SH,19991229,6.69,6.8,6.6,6.8,6.71,0.09,1.34,7798.0,5200.64
4876,600173.SH,19991228,6.69,6.75,6.52,6.71,6.49,0.22,3.39,9043.0,6034.194
4877,600173.SH,19991227,6.58,6.7,6.48,6.49,6.59,-0.1,-1.52,6084.0,3993.0
4878,600173.SH,19991224,6.95,7.02,6.55,6.59,6.99,-0.4,-5.72,14360.0,9613.594
4879,600173.SH,19991223,7.3,7.3,6.95,6.99,7.29,-0.3,-4.12,8054.5,5697.419
4880,600173.SH,19991222,7.4,7.45,7.28,7.29,7.28,0.01,0.14,4905.0,3591.493
4881,600173.SH,19991221,7.5,7.5,7.28,7.28,7.6,-0.32,-4.21,3764.0,2768.897
4882,600173.SH,19991217,7.48,7.64,7.4,7.6,7.59,0.01,0.13,19596.0,14767.951
4883,600173.SH,19991216,7.7,7.7,7.42,7.59,7.67,-0.08,-1.04,6987.0,5233.05
4884,600173.SH,19991215,7.7,7.75,7.6,7.67,7.62,0.05,0.66,12455.0,9568.673
4885,600173.SH,19991214,7.45,7.63,7.45,7.62,7.5,0.12,1.6,21167.0,15997.004
4886,600173.SH,19991213,7.54,7.66,7.48,7.5,7.55,-0.05,-0.66,6747.0,5117.536
4887,600173.SH,19991210,7.4,7.58,7.35,7.55,7.4,0.15,2.03,14269.9,10721.575
4888,600173.SH,19991209,7.46,7.51,7.35,7.4,7.51,-0.11,-1.46,1668.0,1236.632
4889,600173.SH,19991208,7.25,7.65,7.25,7.51,7.31,0.2,2.74,12875.0,9678.036
4890,600173.SH,19991207,7.3,7.4,7.29,7.31,7.27,0.04,0.55,1341.0,982.083
4891,600173.SH,19991206,7.35,7.36,7.23,7.27,7.39,-0.12,-1.62,2184.0,1585.875
4892,600173.SH,19991203,7.3,7.4,7.29,7.39,7.3,0.09,1.23,1541.0,1127.911
4893,600173.SH,19991202,7.41,7.5,7.27,7.3,7.45,-0.15,-2.01,2396.0,1763.842
4894,600173.SH,19991201,7.39,7.45,7.27,7.45,7.34,0.11,1.5,2116.0,1559.153
4895,600173.SH,19991130,7.24,7.58,7.22,7.34,7.26,0.08,1.1,1626.0,1191.21
4896,600173.SH,19991129,7.37,7.39,7.24,7.26,7.39,-0.13,-1.76,3981.0,2902.565
4897,600173.SH,19991126,7.41,7.48,7.35,7.39,7.4,-0.01,-0.14,4068.0,3005.962
4898,600173.SH,19991125,7.5,7.5,7.37,7.4,7.51,-0.11,-1.46,3222.0,2386.081
4899,600173.SH,19991124,7.48,7.56,7.45,7.51,7.48,0.03,0.4,1696.0,1269.692
4900,600173.SH,19991123,7.5,7.57,7.46,7.48,7.51,-0.03,-0.4,2805.0,2101.586
4901,600173.SH,19991122,7.55,7.65,7.45,7.51,7.59,-0.08,-1.05,4320.0,3249.31
4902,600173.SH,19991119,7.7,7.8,7.57,7.59,7.7,-0.11,-1.43,3626.0,2783.322
4903,600173.SH,19991118,7.68,7.93,7.5,7.7,7.7,0.0,0.0,9230.0,7159.241
4904,600173.SH,19991117,7.46,7.74,7.46,7.7,7.49,0.21,2.8,5724.0,4309.902
4905,600173.SH,19991116,7.49,7.59,7.38,7.49,7.46,0.03,0.4,3961.0,2962.717
4906,600173.SH,19991115,7.6,7.6,7.44,7.46,7.5,-0.04,-0.53,2292.0,1715.424
4907,600173.SH,19991112,7.46,7.54,7.46,7.5,7.46,0.04,0.54,1861.0,1393.703
4908,600173.SH,19991111,7.5,7.61,7.43,7.46,7.48,-0.02,-0.27,2818.0,2111.258
4909,600173.SH,19991110,7.58,7.58,7.42,7.48,7.6,-0.12,-1.58,4457.0,3330.46
4910,600173.SH,19991109,7.66,7.7,7.55,7.6,7.65,-0.05,-0.65,2882.0,2190.038
4911,600173.SH,19991108,7.56,7.73,7.54,7.65,7.54,0.11,1.46,2962.0,2256.254
4912,600173.SH,19991105,7.59,7.7,7.51,7.54,7.59,-0.05,-0.66,4946.0,3755.266
4913,600173.SH,19991104,7.75,7.75,7.5,7.59,7.75,-0.16,-2.06,6385.0,4840.347
4914,600173.SH,19991103,7.87,7.88,7.7,7.75,7.8,-0.05,-0.64,2800.0,2164.147
4915,600173.SH,19991102,7.72,7.9,7.71,7.8,7.77,0.03,0.39,2491.0,1927.754
4916,600173.SH,19991101,7.85,7.88,7.75,7.77,7.87,-0.1,-1.27,3795.0,2957.084
4917,600173.SH,19991029,8.0,8.08,7.82,7.87,8.0,-0.13,-1.63,6387.0,5070.02
4918,600173.SH,19991028,8.21,8.23,7.95,8.0,8.21,-0.21,-2.56,10419.0,8407.835
4919,600173.SH,19991027,8.23,8.33,8.12,8.21,8.1,0.11,1.36,15797.0,12981.418
4920,600173.SH,19991026,8.04,8.2,8.0,8.1,8.06,0.04,0.5,9749.0,7901.24
4921,600173.SH,19991025,7.93,8.14,7.78,8.06,7.94,0.12,1.51,13693.0,10964.053
4922,600173.SH,19991022,7.49,8.09,7.49,7.94,7.49,0.45,6.01,31730.0,25230.772
4923,600173.SH,19991021,7.8,7.88,7.48,7.49,7.8,-0.31,-3.97,5237.0,3973.708
4924,600173.SH,19991020,7.4,7.92,7.28,7.8,7.4,0.4,5.41,16354.0,12512.745
4925,600173.SH,19991019,7.6,7.65,7.4,7.4,7.66,-0.26,-3.39,5032.0,3769.495
4926,600173.SH,19991018,7.95,7.99,7.6,7.66,7.92,-0.26,-3.28,3337.0,2584.147
4927,600173.SH,19991015,7.8,8.05,7.75,7.92,7.7,0.22,2.86,4793.0,3793.243
4928,600173.SH,19991014,7.61,7.88,7.6,7.7,7.7,0.0,0.0,3059.0,2359.003
4929,600173.SH,19991013,8.0,8.04,7.66,7.7,7.97,-0.27,-3.39,5497.0,4261.215
4930,600173.SH,19991012,7.71,7.97,7.71,7.97,7.81,0.16,2.05,2797.0,2208.076
4931,600173.SH,19991011,7.7,7.9,7.59,7.81,7.74,0.07,0.9,4595.0,3568.112
4932,600173.SH,19991008,7.98,7.98,7.68,7.74,7.98,-0.24,-3.01,6692.0,5233.892
4933,600173.SH,19990930,8.25,8.3,7.98,7.98,8.25,-0.27,-3.27,12237.0,9893.15
4934,600173.SH,19990929,8.38,8.48,8.2,8.25,8.36,-0.11,-1.32,6652.0,5537.106
4935,600173.SH,19990928,8.4,8.5,8.32,8.36,8.43,-0.07,-0.83,5323.0,4461.557
4936,600173.SH,19990927,8.6,8.68,8.42,8.43,8.58,-0.15,-1.75,3894.0,3317.443
4937,600173.SH,19990924,8.58,8.79,8.55,8.58,8.5,0.08,0.94,4012.0,3450.667
4938,600173.SH,19990923,8.52,8.65,8.45,8.5,8.48,0.02,0.24,9130.0,7825.734
4939,600173.SH,19990922,8.4,8.55,8.4,8.48,8.39,0.09,1.07,5656.0,4785.0
4940,600173.SH,19990921,8.59,8.59,8.35,8.39,8.63,-0.24,-2.78,10451.0,8833.835
4941,600173.SH,19990920,8.76,8.85,8.6,8.63,8.76,-0.13,-1.48,8202.0,7127.544
4942,600173.SH,19990917,8.68,8.93,8.65,8.76,8.67,0.09,1.04,11072.0,9696.935
4943,600173.SH,19990916,8.68,8.8,8.65,8.67,8.68,-0.01,-0.12,18197.0,15836.438
4944,600173.SH,19990915,8.91,9.05,8.6,8.68,8.91,-0.23,-2.58,25323.0,22546.745
4945,600173.SH,19990914,8.95,9.05,8.78,8.91,8.88,0.03,0.34,22257.0,19821.308
4946,600173.SH,19990913,8.9,9.18,8.7,8.88,8.89,-0.01,-0.11,36279.0,32330.206
4947,600173.SH,19990910,8.8,9.28,8.61,8.89,8.69,0.2,2.3,78437.0,69899.714
4948,600173.SH,19990909,8.35,8.79,8.25,8.69,8.2,0.49,5.98,53318.0,45674.59
4949,600173.SH,19990908,8.11,8.35,8.1,8.2,8.12,0.08,0.99,15209.0,12531.154
4950,600173.SH,19990907,8.15,8.36,8.06,8.12,8.15,-0.03,-0.37,21826.0,17987.934
4951,600173.SH,19990906,7.96,8.28,7.91,8.15,8.0,0.15,1.88,23502.0,19216.088
4952,600173.SH,19990903,7.92,8.18,7.88,8.0,7.96,0.04,0.5,19856.0,15981.778
4953,600173.SH,19990902,7.7,8.06,7.2,7.96,7.75,0.21,2.71,16335.0,12568.885
4954,600173.SH,19990901,7.91,7.91,7.75,7.75,7.91,-0.16,-2.02,7210.0,5625.721
4955,600173.SH,19990831,7.8,7.98,7.7,7.91,7.78,0.13,1.67,9526.0,7492.0
4956,600173.SH,19990830,7.9,7.92,7.76,7.78,7.93,-0.15,-1.89,13671.0,10681.869
4957,600173.SH,19990827,8.0,8.0,7.89,7.93,8.02,-0.09,-1.12,10118.0,8025.107
4958,600173.SH,19990826,7.95,8.05,7.84,8.02,8.0,0.02,0.25,12108.0,9650.068
4959,600173.SH,19990825,8.3,8.33,7.97,8.0,8.28,-0.28,-3.38,16730.0,13530.105
4960,600173.SH,19990824,8.2,8.38,8.1,8.28,8.17,0.11,1.35,24747.0,20468.422
4961,600173.SH,19990823,8.06,8.18,7.89,8.17,8.09,0.08,0.99,16201.0,12992.067
4962,600173.SH,19990820,8.28,8.38,8.07,8.09,8.25,-0.16,-1.94,21952.0,17936.096
4963,600173.SH,19990819,8.0,8.36,7.9,8.25,7.98,0.27,3.38,39060.0,31936.48
4964,600173.SH,19990818,7.75,8.0,7.65,7.98,7.72,0.26,3.37,13335.0,10394.311
4965,600173.SH,19990817,7.85,8.06,7.7,7.72,7.8,-0.08,-1.03,20573.0,16280.343
4966,600173.SH,19990816,7.56,7.96,7.55,7.8,7.65,0.15,1.96,21889.0,17074.322
4967,600173.SH,19990813,7.6,7.75,7.53,7.65,7.56,0.09,1.19,14069.0,10750.35
4968,600173.SH,19990812,7.55,7.67,7.45,7.56,7.58,-0.02,-0.26,20878.0,15804.976
4969,600173.SH,19990811,7.5,8.16,7.46,7.58,7.91,-0.33,-4.17,32516.0,25111.099
4970,600173.SH,19990810,8.2,8.38,7.8,7.91,8.3,-0.39,-4.7,44415.0,35773.033
4971,600173.SH,19990809,8.4,8.5,8.15,8.3,8.4,-0.1,-1.19,42762.0,35460.818
4972,600173.SH,19990806,7.91,8.67,7.91,8.4,7.88,0.52,6.6,156586.0,132704.29
4973,600173.SH,19990805,7.75,7.98,7.65,7.88,7.69,0.19,2.47,56037.0,44058.205
4974,600173.SH,19990804,7.5,7.75,7.49,7.69,7.5,0.19,2.53,44266.0,33868.262
4975,600173.SH,19990803,7.5,7.52,7.36,7.5,7.46,0.04,0.54,15168.0,11276.862
4976,600173.SH,19990802,7.25,7.49,7.22,7.46,7.2,0.26,3.61,29048.0,21532.421
4977,600173.SH,19990730,7.2,7.24,7.1,7.2,7.2,0.0,0.0,8643.0,6196.873
4978,600173.SH,19990729,7.35,7.4,7.18,7.2,7.27,-0.07,-0.96,10102.0,7335.329
4979,600173.SH,19990728,7.2,7.4,7.15,7.27,7.15,0.12,1.68,25125.0,18388.703
4980,600173.SH,19990727,7.1,7.19,7.05,7.15,7.1,0.05,0.7,8664.0,6154.936
4981,600173.SH,19990726,7.11,7.22,7.03,7.1,7.1,0.0,0.0,10652.0,7591.313
4982,600173.SH,19990723,7.0,7.16,7.0,7.1,6.99,0.11,1.57,9562.0,6754.147
4983,600173.SH,19990722,7.22,7.32,6.96,6.99,7.2,-0.21,-2.92,20540.0,14606.32
4984,600173.SH,19990721,7.2,7.28,7.06,7.2,7.18,0.02,0.28,21549.0,15464.668
4985,600173.SH,19990720,6.68,7.2,6.65,7.18,6.73,0.45,6.69,23783.0,16412.949
4986,600173.SH,19990719,6.98,7.0,6.7,6.73,7.08,-0.35,-4.94,20748.79,14144.028
4987,600173.SH,19990716,7.15,7.38,7.03,7.08,7.2,-0.12,-1.67,21847.0,15687.044
4988,600173.SH,19990715,7.37,7.41,7.15,7.2,7.35,-0.15,-2.04,11617.0,8427.026
4989,600173.SH,19990714,7.18,7.4,7.13,7.35,7.2,0.15,2.08,14851.0,10785.307
4990,600173.SH,19990713,7.5,7.52,7.09,7.2,7.53,-0.33,-4.38,23900.0,17333.814
4991,600173.SH,19990712,7.45,7.75,7.35,7.53,7.45,0.08,1.07,40103.0,30589.476
4992,600173.SH,19990709,7.32,7.58,7.2,7.45,7.3,0.15,2.05,29164.0,21687.821
4993,600173.SH,19990708,7.21,7.47,7.15,7.3,7.18,0.12,1.67,37417.0,27499.008
4994,600173.SH,19990707,6.95,7.18,6.88,7.18,6.95,0.23,3.31,17598.0,12379.901
4995,600173.SH,19990706,7.11,7.3,6.91,6.95,7.16,-0.21,-2.93,26391.0,18772.277
4996,600173.SH,19990705,7.28,7.32,7.0,7.16,7.17,-0.01,-0.14,33031.0,23665.14
4997,600173.SH,19990702,6.81,7.24,6.6,7.17,6.77,0.4,5.91,37733.0,26292.887
4998,600173.SH,19990701,7.44,7.44,6.77,6.77,7.52,-0.75,-9.97,40200.0,28282.533
4999,600173.SH,19990630,7.5,7.92,7.28,7.52,7.44,0.08,1.08,69279.0,52344.528
