,ts_code,trade_date,open,high,low,close,pre_close,change,pct_chg,vol,amount
0,600188.SH,20210901,26.8,26.8,24.26,25.18,25.53,-0.35,-1.3709,524847.92,1340380.664
1,600188.SH,20210831,23.09,25.53,22.71,25.53,23.21,2.32,9.9957,453482.47,1110024.13
2,600188.SH,20210830,21.01,23.48,20.81,23.21,21.37,1.84,8.6102,446575.03,995275.042
3,600188.SH,20210827,18.83,21.39,18.55,21.37,19.49,1.88,9.646,678226.08,1382727.166
4,600188.SH,20210826,17.66,19.49,17.6,19.49,17.72,1.77,9.9887,643522.06,1225560.932
5,600188.SH,20210825,17.1,17.91,16.92,17.72,17.1,0.62,3.6257,311577.83,547108.975
6,600188.SH,20210824,17.56,17.66,16.77,17.1,17.23,-0.13,-0.7545,255060.95,434558.56
7,600188.SH,20210823,16.98,17.75,16.98,17.23,16.76,0.47,2.8043,302675.78,525272.032
8,600188.SH,20210820,16.36,16.83,15.9,16.76,16.66,0.1,0.6002,186044.65,304874.351
9,600188.SH,20210819,16.28,16.79,15.95,16.66,16.29,0.37,2.2713,318757.08,525576.697
10,600188.SH,20210818,16.57,16.89,16.07,16.29,16.53,-0.24,-1.4519,280473.41,459885.986
11,600188.SH,20210817,16.94,17.09,16.4,16.53,16.94,-0.41,-2.4203,304248.38,508857.559
12,600188.SH,20210816,18.34,18.39,16.92,16.94,18.4,-1.46,-7.9348,346961.64,604758.883
13,600188.SH,20210813,18.68,18.68,17.7,18.4,18.76,-0.36,-1.919,310071.19,566213.195
14,600188.SH,20210812,17.2,19.05,16.78,18.76,17.47,1.29,7.3841,534584.89,973770.078
15,600188.SH,20210811,16.61,17.66,16.56,17.47,16.5,0.97,5.8788,330203.31,567542.303
16,600188.SH,20210810,17.12,17.34,16.3,16.5,17.28,-0.78,-4.5139,350239.24,584018.871
17,600188.SH,20210809,17.4,17.79,16.92,17.28,17.55,-0.27,-1.5385,233704.8,405687.01
18,600188.SH,20210806,16.7,17.72,16.41,17.55,16.7,0.85,5.0898,270048.58,461464.342
19,600188.SH,20210805,16.87,17.35,16.5,16.7,17.07,-0.37,-2.1675,200453.5,336981.873
20,600188.SH,20210804,16.72,17.16,16.38,17.07,16.3,0.77,4.7239,361740.38,607968.193
21,600188.SH,20210803,16.85,17.56,16.19,16.3,16.94,-0.64,-3.778,367009.07,614799.248
22,600188.SH,20210802,17.7,17.78,16.92,16.94,18.8,-1.86,-9.8936,461123.81,786594.856
23,600188.SH,20210730,19.2,19.31,18.22,18.8,18.61,0.19,1.021,402529.49,758089.208
24,600188.SH,20210729,18.68,19.16,18.13,18.61,18.33,0.28,1.5276,340188.64,631162.831
25,600188.SH,20210728,16.8,18.76,16.8,18.33,17.93,0.4,2.2309,469711.88,840479.008
26,600188.SH,20210727,17.1,18.74,17.1,17.93,17.04,0.89,5.223,493322.71,907779.486
27,600188.SH,20210726,17.26,17.57,16.6,17.04,17.1,-0.06,-0.3509,263232.59,447210.816
28,600188.SH,20210723,17.0,18.06,16.88,17.1,17.0,0.1,0.5882,399567.92,697990.745
29,600188.SH,20210722,17.41,18.15,16.75,18.0,17.24,0.76,4.4084,514447.17,903752.972
30,600188.SH,20210721,18.05,18.29,17.16,17.24,17.81,-0.57,-3.2004,427526.07,747492.142
31,600188.SH,20210720,18.85,18.99,17.65,17.81,18.32,-0.51,-2.7838,293956.77,528963.206
32,600188.SH,20210719,18.45,19.4,18.12,18.32,17.9,0.42,2.3464,436311.94,818985.706
33,600188.SH,20210716,17.25,18.18,17.25,17.9,17.14,0.76,4.4341,396489.19,710163.318
34,600188.SH,20210715,17.4,17.4,16.47,17.14,16.93,0.21,1.2404,465733.37,791063.094
35,600188.SH,20210714,15.44,16.93,15.41,16.93,15.39,1.54,10.0065,361908.04,602749.991
36,600188.SH,20210713,14.28,15.59,14.02,15.39,14.27,1.12,7.8486,351255.19,527840.171
37,600188.SH,20210712,14.55,14.61,14.15,14.27,14.65,-0.38,-2.5939,268513.37,385083.172
38,600188.SH,20210709,13.71,14.65,13.7,14.65,13.61,1.04,7.6414,254114.59,361556.306
39,600188.SH,20210708,14.36,14.53,13.45,13.61,14.64,-1.03,-7.0355,344983.56,477619.489
40,600188.SH,20210707,14.77,14.92,14.32,14.64,14.96,-0.32,-2.139,231917.14,336737.883
41,600188.SH,20210706,15.07,15.23,14.76,14.96,15.05,-0.09,-0.598,162145.96,243256.295
42,600188.SH,20210705,14.89,15.24,14.79,15.05,14.73,0.32,2.1724,184762.59,276786.099
43,600188.SH,20210702,14.82,15.0,14.67,14.73,14.85,-0.12,-0.8081,102617.22,151499.099
44,600188.SH,20210701,15.3,15.53,14.8,14.85,15.36,-0.51,-3.3203,132676.04,201104.409
45,600188.SH,20210630,14.84,15.88,14.84,15.36,14.78,0.58,3.9242,241027.37,372544.22
46,600188.SH,20210629,15.03,15.11,14.76,14.78,15.0,-0.22,-1.4667,174537.24,259730.125
47,600188.SH,20210628,15.43,15.5,14.8,15.0,16.06,-1.06,-6.6002,333917.58,504555.675
48,600188.SH,20210625,16.09,16.29,15.77,16.06,15.64,0.42,2.6854,239529.79,384074.15
49,600188.SH,20210624,15.61,16.28,15.22,15.64,15.56,0.08,0.5141,307460.69,485886.503
50,600188.SH,20210623,14.64,15.69,14.52,15.56,14.5,1.06,7.3103,306027.6,464774.248
51,600188.SH,20210622,14.87,14.87,14.33,14.5,14.64,-0.14,-0.9563,148924.62,217196.036
52,600188.SH,20210621,14.5,14.86,14.18,14.64,14.8,-0.16,-1.0811,192766.46,279927.621
53,600188.SH,20210618,15.25,15.25,14.7,14.8,15.2,-0.4,-2.6316,212899.19,317096.552
54,600188.SH,20210617,14.84,15.46,14.6,15.2,15.23,-0.03,-0.197,237242.3,359453.828
55,600188.SH,20210616,15.12,15.73,15.03,15.23,15.2,0.03,0.1974,239584.21,367283.15
56,600188.SH,20210615,15.2,15.44,14.79,15.2,14.93,0.27,1.8084,220276.18,332915.34
57,600188.SH,20210611,15.08,15.32,14.89,14.93,14.96,-0.03,-0.2005,196138.35,295247.589
58,600188.SH,20210610,15.27,15.34,14.85,14.96,15.44,-0.48,-3.1088,300634.19,452672.768
59,600188.SH,20210609,14.57,15.75,14.35,15.44,14.46,0.98,6.7773,347803.0,531428.459
60,600188.SH,20210608,14.48,14.65,14.24,14.46,14.58,-0.12,-0.823,160786.78,231971.988
61,600188.SH,20210607,14.59,15.05,14.51,14.58,14.5,0.08,0.5517,252607.48,373237.293
62,600188.SH,20210604,14.1,14.63,13.81,14.5,14.55,-0.05,-0.3436,240871.96,342616.407
63,600188.SH,20210603,14.15,14.88,14.15,14.55,13.93,0.62,4.4508,314838.77,460825.249
64,600188.SH,20210602,13.99,14.47,13.89,13.93,14.1,-0.17,-1.2057,290093.23,410861.034
65,600188.SH,20210601,13.54,14.21,13.2,14.1,13.54,0.56,4.1359,255085.34,350534.547
66,600188.SH,20210531,13.47,13.6,13.25,13.54,13.34,0.2,1.4993,167517.99,225611.466
67,600188.SH,20210528,13.47,13.78,13.25,13.34,13.46,-0.12,-0.8915,149240.02,201832.84
68,600188.SH,20210527,13.19,13.67,13.19,13.46,13.28,0.18,1.3554,179704.59,242090.963
69,600188.SH,20210526,13.18,13.38,13.02,13.28,13.17,0.11,0.8352,121053.72,160181.91
70,600188.SH,20210525,13.27,13.43,12.68,13.17,13.14,0.03,0.2283,230055.07,300743.587
71,600188.SH,20210524,13.28,13.45,12.98,13.14,13.28,-0.14,-1.0542,167312.48,221691.928
72,600188.SH,20210521,12.53,13.34,12.42,13.28,12.54,0.74,5.9011,360084.6,467133.669
73,600188.SH,20210520,12.96,12.96,12.26,12.54,13.62,-1.08,-7.9295,433205.63,540482.915
74,600188.SH,20210519,13.9,13.95,13.4,13.62,14.04,-0.42,-2.9915,165150.57,224125.982
75,600188.SH,20210518,13.72,14.21,13.66,14.04,13.51,0.53,3.923,233091.38,325480.817
76,600188.SH,20210517,13.62,13.97,13.47,13.51,13.62,-0.11,-0.8076,274167.35,374293.136
77,600188.SH,20210514,14.2,14.2,13.35,13.62,14.13,-0.51,-3.6093,307910.14,420306.583
78,600188.SH,20210513,14.55,14.69,14.0,14.13,14.95,-0.82,-5.4849,233140.34,333072.403
79,600188.SH,20210512,14.91,15.17,14.51,14.95,14.83,0.12,0.8092,257145.04,381552.084
80,600188.SH,20210511,14.93,15.01,14.3,14.83,15.38,-0.55,-3.5761,523219.63,768696.871
81,600188.SH,20210510,14.89,15.6,14.68,15.38,14.89,0.49,3.2908,544377.18,820352.556
82,600188.SH,20210507,14.0,15.0,13.6,14.89,13.87,1.02,7.354,644194.1,934359.442
83,600188.SH,20210506,12.95,14.09,12.95,13.87,12.99,0.88,6.7744,401359.18,549866.697
84,600188.SH,20210430,13.21,13.56,12.98,12.99,14.42,-1.43,-9.9168,621421.52,811916.491
85,600188.SH,20210429,14.07,14.61,13.83,14.42,14.2,0.22,1.5493,224683.29,320520.238
86,600188.SH,20210428,13.57,14.24,13.5,14.2,13.65,0.55,4.0293,235165.99,329070.752
87,600188.SH,20210427,13.94,14.04,13.25,13.65,14.0,-0.35,-2.5,200624.68,272798.44
88,600188.SH,20210426,13.94,14.12,13.81,14.0,13.78,0.22,1.5965,235422.52,328775.51
89,600188.SH,20210423,13.7,13.95,13.45,13.78,13.92,-0.14,-1.0057,206717.95,283537.46
90,600188.SH,20210422,14.19,14.53,13.88,13.92,14.04,-0.12,-0.8547,280995.98,398886.78
91,600188.SH,20210421,13.94,14.24,13.65,14.04,14.08,-0.04,-0.2841,260754.15,363758.42
92,600188.SH,20210420,14.24,14.46,14.02,14.08,14.34,-0.26,-1.8131,249867.36,355269.252
93,600188.SH,20210419,14.7,14.95,14.3,14.34,14.97,-0.63,-4.2084,299330.82,435568.161
94,600188.SH,20210416,13.95,15.05,13.95,14.97,13.68,1.29,9.4298,498541.55,738489.89
95,600188.SH,20210415,13.48,14.05,13.29,13.68,13.48,0.2,1.4837,226860.78,311441.359
96,600188.SH,20210414,13.3,13.55,12.93,13.48,13.24,0.24,1.8127,188073.1,248912.778
97,600188.SH,20210413,13.34,13.45,13.15,13.24,13.43,-0.19,-1.4147,109811.9,146006.663
98,600188.SH,20210412,13.56,13.73,13.25,13.43,13.58,-0.15,-1.1046,178206.66,239875.451
99,600188.SH,20210409,13.31,13.72,13.25,13.58,13.68,-0.1,-0.731,175482.28,237242.217
100,600188.SH,20210408,14.0,14.2,13.3,13.68,13.55,0.13,0.9594,349003.71,477760.826
101,600188.SH,20210407,13.17,13.67,12.78,13.55,13.18,0.37,2.8073,349480.06,464706.089
102,600188.SH,20210406,13.25,13.38,13.01,13.18,13.39,-0.21,-1.5683,176664.0,232651.93
103,600188.SH,20210402,13.48,13.57,13.2,13.39,13.51,-0.12,-0.8882,198452.01,265180.251
104,600188.SH,20210401,13.2,13.69,12.88,13.51,13.23,0.28,2.1164,284620.13,379084.812
105,600188.SH,20210331,13.45,13.58,13.13,13.23,13.5,-0.27,-2.0,307296.42,409519.525
106,600188.SH,20210330,13.94,13.94,13.25,13.5,14.45,-0.95,-6.5744,584520.46,792079.708
107,600188.SH,20210329,13.6,14.5,13.47,14.45,13.18,1.27,9.6358,657345.97,932002.332
108,600188.SH,20210326,12.82,13.31,12.51,13.18,12.87,0.31,2.4087,392422.95,507682.183
109,600188.SH,20210325,12.14,13.09,12.08,12.87,12.08,0.79,6.5397,496796.02,632285.558
110,600188.SH,20210324,12.42,12.53,11.87,12.08,12.54,-0.46,-3.6683,369184.56,447034.636
111,600188.SH,20210323,12.81,12.96,12.2,12.54,12.87,-0.33,-2.5641,319788.1,400411.809
112,600188.SH,20210322,12.83,13.18,12.53,12.87,12.84,0.03,0.2336,271171.37,347620.508
113,600188.SH,20210319,12.25,13.18,12.13,12.84,12.66,0.18,1.4218,413229.36,527718.042
114,600188.SH,20210318,12.47,12.77,12.0,12.66,12.7,-0.04,-0.315,477558.66,592821.534
115,600188.SH,20210317,12.52,12.78,12.22,12.7,12.59,0.11,0.8737,453790.35,567716.319
116,600188.SH,20210316,13.36,13.44,12.41,12.59,13.39,-0.8,-5.9746,581249.07,743750.227
117,600188.SH,20210315,13.01,13.81,12.9,13.39,13.29,0.1,0.7524,676932.3,899972.446
118,600188.SH,20210312,12.21,13.29,12.08,13.29,12.08,1.21,10.0166,835622.37,1075252.379
119,600188.SH,20210311,11.68,12.26,11.6,12.08,11.75,0.33,2.8085,483377.31,578350.372
120,600188.SH,20210310,11.69,12.05,11.62,11.75,11.68,0.07,0.5993,408016.25,482760.279
121,600188.SH,20210309,11.85,12.04,11.33,11.68,11.75,-0.07,-0.5957,557182.19,654539.932
122,600188.SH,20210308,11.98,12.2,11.69,11.75,11.88,-0.13,-1.0943,599394.64,717060.74
123,600188.SH,20210305,12.28,12.38,11.65,11.88,12.71,-0.83,-6.5303,771589.33,918097.281
124,600188.SH,20210304,12.56,13.06,12.47,12.71,12.2,0.51,4.1803,1057897.96,1345692.926
125,600188.SH,20210303,11.2,12.49,11.0,12.2,11.39,0.81,7.1115,1208909.28,1427176.025
126,600188.SH,20210302,10.98,11.5,10.71,11.39,10.45,0.94,8.9952,1343127.77,1522703.89
127,600188.SH,20210301,9.61,10.6,9.54,10.45,9.64,0.81,8.4025,872212.87,895538.76
128,600188.SH,20210226,9.61,9.84,9.54,9.64,9.84,-0.2,-2.0325,209587.95,203402.897
129,600188.SH,20210225,9.64,9.9,9.64,9.84,9.51,0.33,3.47,316223.92,309522.639
130,600188.SH,20210224,9.51,9.72,9.38,9.51,9.52,-0.01,-0.105,231044.31,220520.786
131,600188.SH,20210223,9.75,9.76,9.41,9.52,9.84,-0.32,-3.252,371175.02,354564.864
132,600188.SH,20210222,9.5,10.25,9.5,9.84,9.5,0.34,3.5789,541104.25,534346.826
133,600188.SH,20210219,9.28,9.56,9.17,9.5,9.27,0.23,2.4811,336454.92,316018.905
134,600188.SH,20210218,9.01,9.35,9.01,9.27,8.88,0.39,4.3919,342908.1,315390.978
135,600188.SH,20210210,8.73,8.96,8.69,8.88,8.75,0.13,1.4857,188435.05,166381.348
136,600188.SH,20210209,8.67,8.79,8.63,8.75,8.65,0.1,1.1561,177811.65,154896.825
137,600188.SH,20210208,8.52,8.69,8.47,8.65,8.53,0.12,1.4068,131112.88,112963.669
138,600188.SH,20210205,8.54,8.62,8.45,8.53,8.54,-0.01,-0.1171,127390.41,108372.247
139,600188.SH,20210204,8.64,8.75,8.43,8.54,8.6,-0.06,-0.6977,181204.48,155425.087
140,600188.SH,20210203,8.63,8.72,8.51,8.6,8.65,-0.05,-0.578,122819.97,105792.069
141,600188.SH,20210202,8.77,8.78,8.61,8.65,8.75,-0.1,-1.1429,138692.05,119901.5
142,600188.SH,20210201,8.71,8.82,8.59,8.75,8.69,0.06,0.6904,162246.0,141288.15
143,600188.SH,20210129,8.97,9.06,8.63,8.69,8.96,-0.27,-3.0134,249147.0,219050.16
144,600188.SH,20210128,9.1,9.14,8.96,8.96,9.2,-0.24,-2.6087,195254.66,176264.429
145,600188.SH,20210127,9.28,9.42,9.17,9.2,9.3,-0.1,-1.0753,190117.32,175847.64
146,600188.SH,20210126,9.33,9.45,9.24,9.3,9.29,0.01,0.1076,201603.95,188097.385
147,600188.SH,20210125,9.85,9.88,9.21,9.29,9.89,-0.6,-6.0667,441366.68,414848.949
148,600188.SH,20210122,10.2,10.2,9.86,9.89,10.25,-0.36,-3.5122,384419.07,383544.643
149,600188.SH,20210121,10.09,10.41,10.04,10.25,10.02,0.23,2.2954,415978.33,425607.917
150,600188.SH,20210120,10.15,10.15,9.97,10.02,10.16,-0.14,-1.378,245803.6,246438.705
151,600188.SH,20210119,10.09,10.5,10.07,10.16,10.16,0.0,0.0,377927.42,388876.794
152,600188.SH,20210118,10.04,10.26,9.99,10.16,10.0,0.16,1.6,297359.06,302140.885
153,600188.SH,20210115,10.0,10.12,9.95,10.0,9.89,0.11,1.1122,230080.23,231045.583
154,600188.SH,20210114,10.12,10.13,9.89,9.89,10.07,-0.18,-1.7875,262548.5,261657.947
155,600188.SH,20210113,10.0,10.23,9.91,10.07,10.0,0.07,0.7,299246.76,300757.191
156,600188.SH,20210112,9.88,10.05,9.83,10.0,9.92,0.08,0.8065,256464.05,254626.606
157,600188.SH,20210111,10.24,10.25,9.86,9.92,10.32,-0.4,-3.876,387742.87,387167.685
158,600188.SH,20210108,10.21,10.51,10.1,10.32,10.19,0.13,1.2758,438017.28,450899.435
159,600188.SH,20210107,10.04,10.38,9.98,10.19,9.99,0.2,2.002,529184.32,539866.144
160,600188.SH,20210106,10.06,10.17,9.93,9.99,10.05,-0.06,-0.597,300644.13,301109.69
161,600188.SH,20210105,10.15,10.15,9.86,10.05,10.19,-0.14,-1.3739,418225.26,417276.76
162,600188.SH,20210104,10.06,10.25,9.95,10.19,10.07,0.12,1.1917,364928.81,369989.705
163,600188.SH,20201231,10.15,10.2,9.89,10.07,10.12,-0.05,-0.4941,330913.5,332262.309
164,600188.SH,20201230,10.02,10.32,9.9,10.12,10.03,0.09,0.8973,298123.99,302709.117
165,600188.SH,20201229,10.54,10.62,9.96,10.03,10.53,-0.5,-4.7483,419272.02,425762.368
166,600188.SH,20201228,10.55,10.79,10.38,10.53,10.5,0.03,0.2857,422903.13,446702.107
167,600188.SH,20201225,10.25,10.6,10.1,10.5,10.22,0.28,2.7397,317136.05,329333.567
168,600188.SH,20201224,10.2,10.33,10.08,10.22,10.17,0.05,0.4916,272437.88,277783.609
169,600188.SH,20201223,9.9,10.28,9.9,10.17,9.99,0.18,1.8018,326359.69,331733.855
170,600188.SH,20201222,10.54,10.56,9.96,9.99,10.68,-0.69,-6.4607,547565.0,559338.436
171,600188.SH,20201221,10.79,10.85,10.51,10.68,10.79,-0.11,-1.0195,424600.72,451908.169
172,600188.SH,20201218,10.45,10.99,10.38,10.79,10.16,0.63,6.2008,660227.44,707694.406
173,600188.SH,20201217,9.79,10.3,9.71,10.16,10.18,-0.02,-0.1965,488386.79,490510.374
174,600188.SH,20201216,10.24,10.38,10.14,10.18,10.14,0.04,0.3945,260425.48,266486.699
175,600188.SH,20201215,10.22,10.25,10.04,10.14,10.21,-0.07,-0.6856,321038.26,325478.641
176,600188.SH,20201214,10.51,10.52,10.07,10.21,10.7,-0.49,-4.5794,649512.6,665145.974
177,600188.SH,20201211,11.2,11.33,10.65,10.7,10.91,-0.21,-1.9248,763614.65,835330.142
178,600188.SH,20201210,10.99,11.12,10.8,10.91,10.89,0.02,0.1837,497710.42,546233.438
179,600188.SH,20201209,11.03,11.28,10.89,10.89,10.87,0.02,0.184,573670.38,635859.351
180,600188.SH,20201208,11.06,11.19,10.82,10.87,11.05,-0.18,-1.629,358484.19,392972.859
181,600188.SH,20201207,11.17,11.45,11.05,11.05,11.14,-0.09,-0.8079,406401.16,455829.946
182,600188.SH,20201204,11.12,11.18,10.85,11.14,11.07,0.07,0.6323,328187.1,362620.882
183,600188.SH,20201203,11.36,11.38,10.91,11.07,11.57,-0.5,-4.3215,599331.46,665646.561
184,600188.SH,20201202,11.53,11.84,11.38,11.57,11.5,0.07,0.6087,642356.96,745056.652
185,600188.SH,20201201,11.4,11.53,11.14,11.5,11.36,0.14,1.2324,510493.45,579531.503
186,600188.SH,20201130,11.4,11.69,11.23,11.36,11.36,0.0,0.0,763949.7,875655.237
187,600188.SH,20201127,11.44,11.54,10.83,11.36,11.3,0.06,0.531,796218.36,891857.258
188,600188.SH,20201126,11.2,11.43,11.01,11.3,11.25,0.05,0.4444,663586.7,745693.064
189,600188.SH,20201125,11.33,11.88,11.12,11.25,11.35,-0.1,-0.8811,1148809.5,1315809.659
190,600188.SH,20201124,11.26,11.6,10.91,11.35,11.04,0.31,2.808,1323183.43,1492342.032
191,600188.SH,20201123,10.07,11.04,10.07,11.04,10.04,1.0,9.9602,1180159.42,1263909.644
192,600188.SH,20201120,9.84,10.08,9.72,10.04,9.87,0.17,1.7224,480113.99,477231.062
193,600188.SH,20201119,9.88,10.02,9.71,9.87,9.9,-0.03,-0.303,273916.21,269145.531
194,600188.SH,20201118,9.77,9.99,9.68,9.9,9.78,0.12,1.227,374106.8,368959.915
195,600188.SH,20201117,9.82,10.03,9.73,9.78,9.82,-0.04,-0.4073,627916.76,620074.466
196,600188.SH,20201116,9.42,9.9,9.41,9.82,9.44,0.38,4.0254,550797.42,536944.687
197,600188.SH,20201113,9.54,9.6,9.39,9.44,9.58,-0.14,-1.4614,210037.98,198851.384
198,600188.SH,20201112,9.55,9.64,9.48,9.58,9.6,-0.02,-0.2083,258672.72,246864.672
199,600188.SH,20201111,9.26,9.74,9.26,9.6,9.32,0.28,3.0043,571991.57,547770.757
200,600188.SH,20201110,9.49,9.54,9.26,9.32,9.44,-0.12,-1.2712,238383.49,224126.733
201,600188.SH,20201109,9.36,9.48,9.33,9.44,9.3,0.14,1.5054,285894.15,269196.983
202,600188.SH,20201106,9.25,9.36,9.23,9.3,9.26,0.04,0.432,197832.46,184004.835
203,600188.SH,20201105,9.27,9.3,9.18,9.26,9.23,0.03,0.325,191528.58,176711.52
204,600188.SH,20201104,9.25,9.31,9.16,9.23,9.21,0.02,0.2172,164573.48,151952.31
205,600188.SH,20201103,9.09,9.22,9.09,9.21,9.07,0.14,1.5436,159915.02,146660.43
206,600188.SH,20201102,9.03,9.11,8.99,9.07,9.01,0.06,0.6659,166246.53,150455.661
207,600188.SH,20201030,9.27,9.32,9.0,9.01,9.25,-0.24,-2.5946,277934.31,254175.181
208,600188.SH,20201029,9.2,9.31,9.18,9.25,9.36,-0.11,-1.1752,175921.43,162682.54
209,600188.SH,20201028,9.43,9.44,9.27,9.36,9.45,-0.09,-0.9524,168213.71,157344.24
210,600188.SH,20201027,9.41,9.52,9.36,9.45,9.48,-0.03,-0.3165,166469.52,156998.632
211,600188.SH,20201026,9.35,9.49,9.22,9.48,9.38,0.1,1.0661,213377.51,199340.057
212,600188.SH,20201023,9.4,9.48,9.34,9.38,9.46,-0.08,-0.8457,178232.5,167709.157
213,600188.SH,20201022,9.41,9.55,9.37,9.46,9.43,0.03,0.3181,190958.88,180660.75
214,600188.SH,20201021,9.51,9.51,9.36,9.43,9.52,-0.09,-0.9454,207680.56,195395.886
215,600188.SH,20201020,9.48,9.52,9.35,9.52,9.53,-0.01,-0.1049,269959.57,254601.807
216,600188.SH,20201019,9.92,9.92,9.48,9.53,9.99,-0.46,-4.6046,716915.95,691999.846
217,600188.SH,20201016,9.85,10.2,9.73,9.99,9.85,0.14,1.4213,737071.03,740253.279
218,600188.SH,20201015,9.58,10.06,9.5,9.85,9.57,0.28,2.9258,527111.16,517093.235
219,600188.SH,20201014,9.72,9.72,9.53,9.57,9.75,-0.18,-1.8462,241505.48,231620.665
220,600188.SH,20201013,9.73,9.83,9.61,9.75,9.71,0.04,0.4119,297546.75,289233.539
221,600188.SH,20201012,9.57,9.77,9.51,9.71,9.58,0.13,1.357,401299.84,386966.804
222,600188.SH,20201009,9.26,9.66,9.22,9.58,9.26,0.32,3.4557,371332.42,351671.436
223,600188.SH,20200930,9.53,9.53,9.21,9.26,9.56,-0.3,-3.1381,305460.78,285043.417
224,600188.SH,20200929,9.69,9.7,9.48,9.56,9.64,-0.08,-0.8299,252639.34,241393.781
225,600188.SH,20200928,9.58,9.88,9.51,9.64,9.42,0.22,2.3355,358164.62,346908.068
226,600188.SH,20200925,9.63,9.74,9.35,9.42,9.53,-0.11,-1.1542,304316.42,289517.697
227,600188.SH,20200924,9.64,9.67,9.45,9.53,9.69,-0.16,-1.6512,256561.71,244602.534
228,600188.SH,20200923,9.91,9.95,9.62,9.69,9.84,-0.15,-1.5244,279712.71,272240.829
229,600188.SH,20200922,10.07,10.1,9.8,9.84,10.16,-0.32,-3.1496,391134.69,388004.332
230,600188.SH,20200921,9.87,10.28,9.75,10.16,9.84,0.32,3.252,796023.78,796427.962
231,600188.SH,20200918,9.1,9.99,9.08,9.84,9.1,0.74,8.1319,789943.65,754328.111
232,600188.SH,20200917,9.06,9.18,9.05,9.1,9.07,0.03,0.3308,148068.29,134996.303
233,600188.SH,20200916,9.07,9.16,9.01,9.07,9.07,0.0,0.0,118740.59,107794.316
234,600188.SH,20200915,9.13,9.15,9.02,9.07,9.12,-0.05,-0.5482,111514.55,101090.823
235,600188.SH,20200914,9.12,9.15,9.05,9.12,9.14,-0.02,-0.2188,142678.09,129570.346
236,600188.SH,20200911,9.4,9.4,9.02,9.14,9.43,-0.29,-3.0753,287542.89,263670.879
237,600188.SH,20200910,9.38,9.5,9.32,9.43,9.31,0.12,1.2889,302690.38,284919.578
238,600188.SH,20200909,9.3,9.47,9.26,9.31,9.38,-0.07,-0.7463,242887.91,227684.419
239,600188.SH,20200908,9.17,9.39,9.16,9.38,9.2,0.18,1.9565,230907.87,214804.08
240,600188.SH,20200907,9.2,9.38,9.16,9.2,9.19,0.01,0.1088,179920.08,166932.462
241,600188.SH,20200904,9.2,9.26,9.12,9.19,9.33,-0.14,-1.5005,160477.1,147487.834
242,600188.SH,20200903,9.27,9.41,9.27,9.33,9.27,0.06,0.6472,167072.46,156280.335
243,600188.SH,20200902,9.39,9.39,9.22,9.27,9.37,-0.1,-1.0672,133933.45,124399.496
244,600188.SH,20200901,9.25,9.37,9.22,9.37,9.28,0.09,0.9698,167810.38,156577.232
245,600188.SH,20200831,9.3,9.41,9.24,9.28,9.22,0.06,0.6508,235943.03,220181.205
246,600188.SH,20200828,9.12,9.22,9.07,9.22,9.11,0.11,1.2075,112877.66,103195.815
247,600188.SH,20200827,9.04,9.11,9.03,9.11,9.03,0.08,0.8859,76768.93,69670.773
248,600188.SH,20200826,9.08,9.15,8.98,9.03,9.08,-0.05,-0.5507,118569.76,107117.153
249,600188.SH,20200825,9.18,9.23,9.06,9.08,9.21,-0.13,-1.4115,127113.71,116132.413
250,600188.SH,20200824,9.21,9.28,9.17,9.21,9.26,-0.05,-0.54,109063.46,100555.317
251,600188.SH,20200821,9.27,9.3,9.18,9.26,9.27,-0.01,-0.1079,153477.95,141790.419
252,600188.SH,20200820,9.44,9.6,9.22,9.27,9.42,-0.15,-1.5924,203631.02,190832.814
253,600188.SH,20200819,9.34,9.51,9.25,9.42,9.37,0.05,0.5336,269447.33,253781.668
254,600188.SH,20200818,9.33,9.54,9.28,9.37,9.33,0.04,0.4287,292916.29,275959.053
255,600188.SH,20200817,9.17,9.36,9.16,9.33,9.13,0.2,2.1906,254062.78,235949.189
256,600188.SH,20200814,9.05,9.14,8.99,9.13,9.05,0.08,0.884,115444.05,104790.497
257,600188.SH,20200813,8.99,9.14,8.99,9.05,8.96,0.09,1.0045,130202.68,118174.326
258,600188.SH,20200812,8.95,9.01,8.84,8.96,9.0,-0.04,-0.4444,170053.45,151500.482
259,600188.SH,20200811,9.15,9.2,8.98,9.0,9.12,-0.12,-1.3158,166526.76,151606.68
260,600188.SH,20200810,9.05,9.17,9.05,9.12,9.06,0.06,0.6623,127630.88,116243.179
261,600188.SH,20200807,9.21,9.25,9.03,9.06,9.2,-0.14,-1.5217,229335.09,209189.664
262,600188.SH,20200806,9.27,9.31,9.12,9.2,9.26,-0.06,-0.6479,200602.02,184500.752
263,600188.SH,20200805,9.36,9.36,9.17,9.26,9.36,-0.1,-1.0684,178866.8,165501.38
264,600188.SH,20200804,9.39,9.44,9.29,9.36,9.37,-0.01,-0.1067,202069.38,189022.23
265,600188.SH,20200803,9.24,9.37,9.22,9.37,9.2,0.17,1.8478,247445.23,230623.241
266,600188.SH,20200731,9.17,9.31,9.11,9.2,9.2,0.0,0.0,144170.17,132808.439
267,600188.SH,20200730,9.32,9.37,9.2,9.2,9.27,-0.07,-0.7551,132832.3,123100.079
268,600188.SH,20200729,9.12,9.27,9.0,9.27,9.22,0.05,0.5423,180719.27,166095.278
269,600188.SH,20200728,9.17,9.36,9.14,9.22,9.15,0.07,0.765,170097.09,157387.207
270,600188.SH,20200727,9.08,9.16,8.91,9.15,9.1,0.05,0.5495,151011.62,137120.925
271,600188.SH,20200724,9.34,9.48,9.0,9.1,9.35,-0.25,-2.6738,251545.35,232723.532
272,600188.SH,20200723,9.36,9.42,9.13,9.35,9.45,-0.1,-1.0582,235114.48,218311.066
273,600188.SH,20200722,9.49,9.59,9.41,9.45,9.45,0.0,0.0,254643.36,242022.21
274,600188.SH,20200721,9.65,9.66,9.38,9.45,9.65,-0.2,-2.0725,292321.04,277237.541
275,600188.SH,20200720,9.29,9.7,9.21,9.65,9.23,0.42,4.5504,437654.95,415210.949
276,600188.SH,20200717,9.46,9.5,9.17,9.23,9.47,-0.24,-2.5343,318384.6,296926.991
277,600188.SH,20200716,9.93,9.95,9.43,9.47,9.91,-0.44,-4.44,358377.15,348055.203
278,600188.SH,20200715,10.23,10.29,9.87,9.91,10.22,-0.31,-3.0333,366822.33,367581.455
279,600188.SH,20200714,10.13,10.34,9.85,10.22,10.1,0.12,1.1881,582291.76,586740.535
280,600188.SH,20200713,10.0,10.38,9.83,10.1,9.62,0.48,4.9896,762758.57,770157.338
281,600188.SH,20200710,9.9,9.9,9.55,9.62,10.09,-0.47,-4.6581,486340.16,472703.141
282,600188.SH,20200709,9.74,10.43,9.5,10.09,9.74,0.35,3.5934,659118.8,648685.483
283,600188.SH,20200708,9.49,9.88,9.4,9.74,9.61,0.13,1.3528,509019.2,491433.069
284,600188.SH,20200707,10.3,10.3,9.5,9.61,9.92,-0.31,-3.125,710637.3,691800.422
285,600188.SH,20200706,9.86,10.5,9.86,10.5,9.66,0.84,8.6957,767874.73,779439.515
286,600188.SH,20200703,9.38,9.86,9.36,9.66,9.27,0.39,4.2071,550093.45,529568.117
287,600188.SH,20200702,8.95,9.29,8.91,9.27,8.93,0.34,3.8074,302015.01,275427.436
288,600188.SH,20200701,8.83,8.94,8.79,8.93,8.76,0.17,1.9406,153306.46,135786.153
289,600188.SH,20200630,8.65,8.76,8.65,8.76,8.64,0.12,1.3889,102368.69,89182.568
290,600188.SH,20200629,8.76,8.79,8.62,8.64,8.8,-0.16,-1.8182,118851.42,103146.666
291,600188.SH,20200624,8.83,8.86,8.76,8.8,8.81,-0.01,-0.1135,83464.98,73506.616
292,600188.SH,20200623,8.87,8.92,8.78,8.81,8.88,-0.07,-0.7883,94357.81,83393.29
293,600188.SH,20200622,8.91,8.94,8.86,8.88,8.9,-0.02,-0.2247,135447.07,120497.135
294,600188.SH,20200619,8.94,8.97,8.81,8.9,8.95,-0.05,-0.5587,169975.54,150766.666
295,600188.SH,20200618,8.62,9.0,8.62,8.95,8.66,0.29,3.3487,319931.33,284399.04
296,600188.SH,20200617,8.67,8.71,8.61,8.66,8.66,0.0,0.0,79541.85,68827.423
297,600188.SH,20200616,8.59,8.67,8.58,8.66,8.56,0.1,1.1682,95174.67,82121.38
298,600188.SH,20200615,8.6,8.66,8.55,8.56,8.65,-0.09,-1.0405,88063.2,75699.291
299,600188.SH,20200612,8.5,8.65,8.46,8.65,8.62,0.03,0.348,113832.23,97663.192
300,600188.SH,20200611,8.68,8.7,8.6,8.62,8.69,-0.07,-0.8055,92928.18,80203.496
301,600188.SH,20200610,8.8,8.82,8.67,8.69,8.78,-0.09,-1.0251,116786.28,101726.982
302,600188.SH,20200609,8.76,8.82,8.71,8.78,8.7,0.08,0.9195,161113.01,141304.999
303,600188.SH,20200608,8.61,8.71,8.61,8.7,8.58,0.12,1.3986,140968.55,122248.389
304,600188.SH,20200605,8.65,8.67,8.52,8.58,8.63,-0.05,-0.5794,90837.27,77877.886
305,600188.SH,20200604,8.65,8.66,8.55,8.63,8.61,0.02,0.2323,136595.52,117307.712
306,600188.SH,20200603,8.75,8.78,8.6,8.61,8.74,-0.13,-1.4874,214963.53,186649.025
307,600188.SH,20200602,8.56,8.74,8.51,8.74,8.55,0.19,2.2222,284631.6,246430.074
308,600188.SH,20200601,8.47,8.55,8.44,8.55,8.45,0.1,1.1834,187304.54,159248.735
309,600188.SH,20200529,8.48,8.49,8.4,8.45,8.49,-0.04,-0.4711,136388.65,115009.676
310,600188.SH,20200528,8.49,8.53,8.4,8.49,8.5,-0.01,-0.1176,150508.74,127391.954
311,600188.SH,20200527,8.38,8.52,8.35,8.5,8.41,0.09,1.0702,165399.73,140036.476
312,600188.SH,20200526,8.45,8.45,8.35,8.41,8.41,0.0,0.0,109065.19,91533.578
313,600188.SH,20200525,8.31,8.45,8.29,8.41,8.32,0.09,1.0817,90294.63,75645.966
314,600188.SH,20200522,8.44,8.49,8.3,8.32,8.49,-0.17,-2.0024,127365.31,106549.767
315,600188.SH,20200521,8.55,8.55,8.4,8.49,8.48,0.01,0.1179,141408.95,119738.246
316,600188.SH,20200520,8.48,8.64,8.44,8.48,8.48,0.0,0.0,186120.18,159068.992
317,600188.SH,20200519,8.41,8.53,8.4,8.48,8.32,0.16,1.9231,198304.77,167952.253
318,600188.SH,20200518,8.22,8.42,8.16,8.32,8.22,0.1,1.2165,151406.2,125816.476
319,600188.SH,20200515,8.22,8.27,8.18,8.22,8.22,0.0,0.0,64430.51,52935.277
320,600188.SH,20200514,8.29,8.3,8.2,8.22,8.32,-0.1,-1.2019,81802.09,67450.387
321,600188.SH,20200513,8.31,8.33,8.27,8.32,8.33,-0.01,-0.12,56719.84,47097.987
322,600188.SH,20200512,8.37,8.38,8.29,8.33,8.36,-0.03,-0.3589,92517.46,77097.501
323,600188.SH,20200511,8.41,8.45,8.36,8.36,8.38,-0.02,-0.2387,103521.11,86964.29
324,600188.SH,20200508,8.31,8.39,8.3,8.38,8.3,0.08,0.9639,117927.03,98419.101
325,600188.SH,20200507,8.32,8.35,8.26,8.3,8.33,-0.03,-0.3601,90383.45,74959.608
326,600188.SH,20200506,8.18,8.33,8.16,8.33,8.29,0.04,0.4825,124376.14,103063.328
327,600188.SH,20200430,8.18,8.32,8.16,8.29,8.15,0.14,1.7178,128740.44,106510.203
328,600188.SH,20200429,8.1,8.19,8.07,8.15,8.19,-0.04,-0.4884,131959.57,107355.092
329,600188.SH,20200428,8.27,8.28,8.07,8.19,8.26,-0.07,-0.8475,124653.79,101805.867
330,600188.SH,20200427,8.23,8.33,8.21,8.26,8.26,0.0,0.0,88960.36,73572.659
331,600188.SH,20200424,8.35,8.37,8.25,8.26,8.37,-0.11,-1.3142,132138.69,109834.242
332,600188.SH,20200423,8.48,8.51,8.35,8.37,8.44,-0.07,-0.8294,175385.56,147603.444
333,600188.SH,20200422,8.29,8.46,8.27,8.44,8.39,0.05,0.5959,100225.5,84020.397
334,600188.SH,20200421,8.55,8.57,8.33,8.39,8.62,-0.23,-2.6682,180230.22,151842.61
335,600188.SH,20200420,8.64,8.66,8.57,8.62,8.62,0.0,0.0,92745.13,79836.83
336,600188.SH,20200417,8.62,8.69,8.58,8.62,8.6,0.02,0.2326,104152.64,89943.456
337,600188.SH,20200416,8.57,8.62,8.55,8.6,8.61,-0.01,-0.1161,66169.67,56767.145
338,600188.SH,20200415,8.69,8.69,8.6,8.61,8.69,-0.08,-0.9206,77010.21,66474.517
339,600188.SH,20200414,8.6,8.69,8.59,8.69,8.59,0.1,1.1641,100253.05,86642.597
340,600188.SH,20200413,8.58,8.62,8.54,8.59,8.59,0.0,0.0,41862.41,35942.169
341,600188.SH,20200410,8.68,8.69,8.58,8.59,8.67,-0.08,-0.9227,66129.0,57039.397
342,600188.SH,20200409,8.7,8.72,8.66,8.67,8.68,-0.01,-0.1152,74379.13,64618.527
343,600188.SH,20200408,8.63,8.74,8.59,8.68,8.67,0.01,0.1153,133685.85,115549.549
344,600188.SH,20200407,8.64,8.68,8.61,8.67,8.55,0.12,1.4035,132687.25,114840.222
345,600188.SH,20200403,8.63,8.63,8.5,8.55,8.62,-0.07,-0.8121,93093.99,79622.831
346,600188.SH,20200402,8.45,8.62,8.43,8.62,8.52,0.1,1.1737,100401.33,85607.512
347,600188.SH,20200401,8.58,8.68,8.5,8.52,8.64,-0.12,-1.3889,121407.18,104187.469
348,600188.SH,20200331,8.76,8.76,8.6,8.64,8.69,-0.05,-0.5754,110246.9,95595.356
349,600188.SH,20200330,8.59,8.74,8.52,8.69,8.63,0.06,0.6952,185551.25,160488.936
350,600188.SH,20200327,8.61,8.68,8.54,8.63,8.55,0.08,0.9357,156583.33,134906.962
351,600188.SH,20200326,8.57,8.63,8.5,8.55,8.57,-0.02,-0.2334,101692.82,86993.326
352,600188.SH,20200325,8.55,8.6,8.5,8.57,8.42,0.15,1.7815,146270.71,125139.042
353,600188.SH,20200324,8.43,8.48,8.26,8.42,8.31,0.11,1.3237,154977.8,129520.33
354,600188.SH,20200323,8.41,8.43,8.3,8.31,8.56,-0.25,-2.9206,99719.12,83203.844
355,600188.SH,20200320,8.5,8.57,8.45,8.56,8.49,0.07,0.8245,110755.41,94206.989
356,600188.SH,20200319,8.57,8.6,8.15,8.49,8.57,-0.08,-0.9335,174999.09,147308.668
357,600188.SH,20200318,8.84,8.88,8.55,8.57,8.78,-0.21,-2.3918,180747.04,157778.05
358,600188.SH,20200317,8.86,8.95,8.62,8.78,8.83,-0.05,-0.5663,149311.7,130874.723
359,600188.SH,20200316,9.11,9.12,8.83,8.83,9.0,-0.17,-1.8889,176530.94,158206.091
360,600188.SH,20200313,8.83,9.07,8.75,9.0,9.11,-0.11,-1.2075,189047.0,168178.107
361,600188.SH,20200312,9.12,9.14,9.01,9.11,9.18,-0.07,-0.7625,152090.0,137859.883
362,600188.SH,20200311,9.34,9.37,9.16,9.18,9.35,-0.17,-1.8182,135226.17,125280.596
363,600188.SH,20200310,9.04,9.4,9.02,9.35,9.12,0.23,2.5219,226017.37,208073.66
364,600188.SH,20200309,9.15,9.25,9.11,9.12,9.46,-0.34,-3.5941,249321.13,228441.651
365,600188.SH,20200306,9.63,9.63,9.43,9.46,9.73,-0.27,-2.7749,291250.77,276882.187
366,600188.SH,20200305,9.56,9.82,9.49,9.73,9.49,0.24,2.529,394738.07,382202.28
367,600188.SH,20200304,9.31,9.54,9.27,9.49,9.35,0.14,1.4973,274117.57,257951.083
368,600188.SH,20200303,9.51,9.67,9.29,9.35,9.37,-0.02,-0.2134,360570.77,340674.294
369,600188.SH,20200302,8.91,9.38,8.91,9.37,8.87,0.5,5.637,417166.7,384655.327
370,600188.SH,20200228,9.05,9.16,8.84,8.87,9.23,-0.36,-3.9003,286970.34,257397.145
371,600188.SH,20200227,9.2,9.33,9.2,9.23,9.25,-0.02,-0.2162,198100.04,183191.852
372,600188.SH,20200226,9.05,9.39,9.03,9.25,9.15,0.1,1.0929,378327.67,350774.79
373,600188.SH,20200225,9.1,9.22,9.03,9.15,9.31,-0.16,-1.7186,249590.27,227679.026
374,600188.SH,20200224,9.39,9.41,9.27,9.31,9.44,-0.13,-1.3771,266706.23,248731.339
375,600188.SH,20200221,9.41,9.45,9.34,9.44,9.41,0.03,0.3188,242552.49,227885.79
376,600188.SH,20200220,9.29,9.41,9.24,9.41,9.28,0.13,1.4009,233051.46,217591.735
377,600188.SH,20200219,9.32,9.37,9.28,9.28,9.32,-0.04,-0.4292,155413.25,144699.437
378,600188.SH,20200218,9.45,9.46,9.27,9.32,9.45,-0.13,-1.3757,221750.02,207286.189
379,600188.SH,20200217,9.24,9.45,9.23,9.45,9.23,0.22,2.3835,223178.95,208751.64
380,600188.SH,20200214,9.13,9.25,9.11,9.23,9.17,0.06,0.6543,141384.54,129975.575
381,600188.SH,20200213,9.33,9.33,9.13,9.17,9.3,-0.13,-1.3978,198660.73,183111.064
382,600188.SH,20200212,9.21,9.34,9.17,9.3,9.27,0.03,0.3236,148858.37,137840.589
383,600188.SH,20200211,9.28,9.54,9.23,9.27,9.26,0.01,0.108,302280.08,283550.278
384,600188.SH,20200210,8.89,9.27,8.87,9.26,8.99,0.27,3.0033,240014.36,219183.371
385,600188.SH,20200207,8.98,9.04,8.83,8.99,9.07,-0.08,-0.882,231079.9,206384.604
386,600188.SH,20200206,9.02,9.07,8.88,9.07,8.93,0.14,1.5677,204032.7,182895.721
387,600188.SH,20200205,8.8,9.03,8.75,8.93,8.83,0.1,1.1325,220713.67,197062.514
388,600188.SH,20200204,8.42,8.86,8.42,8.83,8.71,0.12,1.3777,254899.04,223424.574
389,600188.SH,20200203,8.71,8.86,8.71,8.71,9.68,-0.97,-10.0207,226579.06,197835.086
390,600188.SH,20200123,9.9,9.96,9.54,9.68,9.96,-0.28,-2.8112,213068.44,207102.937
391,600188.SH,20200122,9.95,10.03,9.76,9.96,9.97,-0.01,-0.1003,153936.95,152316.991
392,600188.SH,20200121,10.16,10.16,9.93,9.97,10.2,-0.23,-2.2549,206438.12,206225.191
393,600188.SH,20200120,10.12,10.22,10.02,10.2,10.09,0.11,1.0902,135107.81,136878.417
394,600188.SH,20200117,10.18,10.23,10.06,10.09,10.14,-0.05,-0.4931,132858.39,134632.437
395,600188.SH,20200116,10.3,10.33,10.1,10.14,10.27,-0.13,-1.2658,203511.42,207538.104
396,600188.SH,20200115,10.43,10.46,10.23,10.27,10.42,-0.15,-1.4395,170809.21,175631.547
397,600188.SH,20200114,10.4,10.61,10.38,10.42,10.41,0.01,0.0961,201859.18,211764.25
398,600188.SH,20200113,10.44,10.46,10.21,10.41,10.52,-0.11,-1.0456,259635.11,267930.82
399,600188.SH,20200110,10.58,10.7,10.49,10.52,10.54,-0.02,-0.1898,199123.8,210423.163
400,600188.SH,20200109,10.57,10.69,10.49,10.54,10.43,0.11,1.0547,200810.3,212281.53
401,600188.SH,20200108,10.85,10.85,10.4,10.43,10.82,-0.39,-3.6044,378788.17,401090.393
402,600188.SH,20200107,10.48,11.06,10.46,10.82,10.48,0.34,3.2443,554606.54,601935.559
403,600188.SH,20200106,10.51,10.65,10.37,10.48,10.57,-0.09,-0.8515,371557.51,391260.71
404,600188.SH,20200103,10.6,10.7,10.51,10.57,10.6,-0.03,-0.283,260479.88,276215.653
405,600188.SH,20200102,10.63,10.81,10.55,10.6,10.56,0.04,0.3788,420019.44,447804.104
406,600188.SH,20191231,10.38,10.59,10.34,10.56,10.43,0.13,1.2464,437175.03,458072.234
407,600188.SH,20191230,9.95,10.56,9.91,10.43,9.99,0.44,4.4044,509815.9,523967.839
408,600188.SH,20191227,9.86,10.23,9.86,9.99,9.85,0.14,1.4213,357410.27,358650.009
409,600188.SH,20191226,9.77,9.85,9.73,9.85,9.76,0.09,0.9221,122435.74,120001.127
410,600188.SH,20191225,9.85,9.85,9.72,9.76,9.85,-0.09,-0.9137,121631.64,118817.304
411,600188.SH,20191224,9.63,9.87,9.61,9.85,9.63,0.22,2.2845,185959.15,181494.912
412,600188.SH,20191223,9.84,9.88,9.62,9.63,9.83,-0.2,-2.0346,181121.14,176740.712
413,600188.SH,20191220,9.81,9.94,9.74,9.83,9.8,0.03,0.3061,223758.68,220288.222
414,600188.SH,20191219,9.7,9.82,9.69,9.8,9.7,0.1,1.0309,155468.19,152009.154
415,600188.SH,20191218,9.7,9.85,9.68,9.7,9.73,-0.03,-0.3083,211891.89,206788.173
416,600188.SH,20191217,9.5,9.87,9.47,9.73,9.51,0.22,2.3134,377310.9,365791.237
417,600188.SH,20191216,9.53,9.53,9.4,9.51,9.46,0.05,0.5285,214651.05,203483.924
418,600188.SH,20191213,9.35,9.47,9.31,9.46,9.31,0.15,1.6112,198265.94,186441.303
419,600188.SH,20191212,9.46,9.47,9.28,9.31,9.43,-0.12,-1.2725,164304.22,153293.663
420,600188.SH,20191211,9.42,9.49,9.41,9.43,9.42,0.01,0.1062,116707.61,110239.505
421,600188.SH,20191210,9.46,9.5,9.35,9.42,9.51,-0.09,-0.9464,135895.83,127941.885
422,600188.SH,20191209,9.33,9.53,9.31,9.51,9.31,0.2,2.1482,214586.58,202537.179
423,600188.SH,20191206,9.29,9.34,9.24,9.31,9.3,0.01,0.1075,128223.52,119016.281
424,600188.SH,20191205,9.28,9.32,9.2,9.3,9.24,0.06,0.6494,146442.38,135742.029
425,600188.SH,20191204,9.27,9.28,9.21,9.24,9.33,-0.09,-0.9646,125345.21,115836.992
426,600188.SH,20191203,9.26,9.33,9.21,9.33,9.31,0.02,0.2148,117371.56,108718.091
427,600188.SH,20191202,9.42,9.49,9.29,9.31,9.39,-0.08,-0.852,163887.08,153772.442
428,600188.SH,20191129,9.4,9.45,9.31,9.39,9.38,0.01,0.1066,128313.77,120378.831
429,600188.SH,20191128,9.6,9.6,9.35,9.38,9.59,-0.21,-2.1898,215080.05,202920.736
430,600188.SH,20191127,9.77,9.81,9.54,9.59,9.83,-0.24,-2.4415,308888.88,297187.236
431,600188.SH,20191126,9.93,9.94,9.64,9.83,9.92,-0.09,-0.9073,388009.96,379842.214
432,600188.SH,20191125,9.27,10.02,9.27,9.92,9.21,0.71,7.709,608486.03,589896.62
433,600188.SH,20191122,9.18,9.28,9.12,9.21,9.15,0.06,0.6557,141288.69,129895.119
434,600188.SH,20191121,9.1,9.17,9.07,9.15,9.14,0.01,0.1094,82303.84,75151.316
435,600188.SH,20191120,9.17,9.29,9.09,9.14,9.17,-0.03,-0.3272,178823.98,164148.428
436,600188.SH,20191119,9.1,9.23,9.1,9.17,9.23,-0.06,-0.6501,267954.93,245316.998
437,600188.SH,20191118,10.14,10.31,10.11,10.23,10.19,0.04,0.3925,241319.85,246340.459
438,600188.SH,20191115,10.35,10.36,10.09,10.19,10.34,-0.15,-1.4507,229113.53,233490.312
439,600188.SH,20191114,10.63,10.63,10.3,10.34,10.55,-0.21,-1.9905,274387.52,284774.116
440,600188.SH,20191113,10.76,10.76,10.52,10.55,10.68,-0.13,-1.2172,267956.64,283878.184
441,600188.SH,20191112,10.36,10.81,10.36,10.68,10.31,0.37,3.5887,539288.4,572600.859
442,600188.SH,20191111,10.54,10.56,10.24,10.31,10.57,-0.26,-2.4598,153110.4,158761.785
443,600188.SH,20191108,10.62,10.67,10.56,10.57,10.61,-0.04,-0.377,112238.43,119042.431
444,600188.SH,20191107,10.63,10.67,10.52,10.61,10.63,-0.02,-0.1881,119886.06,126881.741
445,600188.SH,20191106,10.55,10.74,10.55,10.63,10.61,0.02,0.1885,150792.84,160235.574
446,600188.SH,20191105,10.48,10.65,10.41,10.61,10.48,0.13,1.2405,198333.87,209169.11
447,600188.SH,20191104,10.49,10.5,10.41,10.48,10.44,0.04,0.3831,159960.68,167218.849
448,600188.SH,20191101,10.33,10.44,10.2,10.44,10.39,0.05,0.4812,210654.11,217556.732
449,600188.SH,20191031,10.49,10.52,10.33,10.39,10.51,-0.12,-1.1418,175553.0,182709.108
450,600188.SH,20191030,10.6,10.6,10.43,10.51,10.59,-0.08,-0.7554,161195.94,169153.517
451,600188.SH,20191029,10.76,10.77,10.55,10.59,10.77,-0.18,-1.6713,181157.18,192339.75
452,600188.SH,20191028,10.85,10.94,10.73,10.77,10.93,-0.16,-1.4639,208942.86,225370.215
453,600188.SH,20191025,10.87,10.97,10.79,10.93,10.83,0.1,0.9234,91315.16,99440.822
454,600188.SH,20191024,10.82,10.86,10.72,10.83,10.85,-0.02,-0.1843,86593.85,93462.348
455,600188.SH,20191023,10.77,10.94,10.75,10.85,10.8,0.05,0.463,98122.35,106418.651
456,600188.SH,20191022,10.78,10.82,10.68,10.8,10.75,0.05,0.4651,95707.25,102953.416
457,600188.SH,20191021,10.57,10.78,10.42,10.75,10.57,0.18,1.7029,131116.39,140004.732
458,600188.SH,20191018,10.79,10.85,10.53,10.57,10.8,-0.23,-2.1296,129540.39,137913.771
459,600188.SH,20191017,10.88,10.92,10.76,10.8,10.85,-0.05,-0.4608,77194.34,83586.593
460,600188.SH,20191016,11.07,11.1,10.81,10.85,11.02,-0.17,-1.5426,124226.37,135745.586
461,600188.SH,20191015,11.13,11.18,10.99,11.02,11.11,-0.09,-0.8101,113237.13,125112.459
462,600188.SH,20191014,10.95,11.15,10.95,11.11,10.87,0.24,2.2079,163748.46,181512.368
463,600188.SH,20191011,10.79,10.93,10.79,10.87,10.77,0.1,0.9285,130100.4,141247.437
464,600188.SH,20191010,10.79,10.84,10.71,10.77,10.77,0.0,0.0,104654.99,112580.746
465,600188.SH,20191009,10.61,10.78,10.59,10.77,10.68,0.09,0.8427,107675.22,115164.815
466,600188.SH,20191008,10.65,10.78,10.58,10.68,10.65,0.03,0.2817,134614.1,143754.676
467,600188.SH,20190930,10.65,10.72,10.58,10.65,10.69,-0.04,-0.3742,108899.59,115908.057
468,600188.SH,20190927,10.78,10.78,10.6,10.69,10.7,-0.01,-0.0935,130061.22,138593.838
469,600188.SH,20190926,10.87,10.93,10.65,10.7,10.77,-0.07,-0.65,134583.17,145039.073
470,600188.SH,20190925,10.97,11.03,10.73,10.77,10.94,-0.17,-1.5539,181107.98,196424.304
471,600188.SH,20190924,10.89,11.17,10.89,10.94,10.98,-0.04,-0.3643,203311.61,224286.141
472,600188.SH,20190923,11.12,11.14,10.92,10.98,11.08,-0.1,-0.9025,184590.24,203206.292
473,600188.SH,20190920,11.28,11.31,11.08,11.08,11.3,-0.22,-1.9469,153035.82,170621.382
474,600188.SH,20190919,11.27,11.32,11.07,11.3,11.32,-0.02,-0.1767,134959.95,151503.239
475,600188.SH,20190918,11.35,11.38,11.19,11.32,11.29,0.03,0.2657,123652.07,139576.449
476,600188.SH,20190917,11.29,11.44,11.27,11.29,11.35,-0.06,-0.5286,194068.17,220182.694
477,600188.SH,20190916,11.56,11.65,11.28,11.35,11.42,-0.07,-0.613,218828.64,250578.917
478,600188.SH,20190912,11.4,11.54,11.35,11.42,11.4,0.02,0.1754,181254.84,206981.129
479,600188.SH,20190911,11.52,11.55,11.37,11.4,11.43,-0.03,-0.2625,213930.94,244852.775
480,600188.SH,20190910,11.39,11.53,11.26,11.43,11.39,0.04,0.3512,187848.58,214442.006
481,600188.SH,20190909,11.25,11.42,11.15,11.39,11.19,0.2,1.7873,320122.78,362366.737
482,600188.SH,20190906,11.14,11.35,11.05,11.19,11.03,0.16,1.4506,304053.93,340776.554
483,600188.SH,20190905,11.13,11.33,11.02,11.03,11.14,-0.11,-0.9874,342054.3,382120.3
484,600188.SH,20190904,10.85,11.18,10.74,11.14,10.8,0.34,3.1481,471422.18,516191.128
485,600188.SH,20190903,10.9,10.97,10.68,10.8,10.53,0.27,2.5641,591135.46,639916.901
486,600188.SH,20190902,10.53,10.53,10.43,10.53,9.57,0.96,10.0313,170092.79,179062.568
487,600188.SH,20190830,9.65,9.69,9.48,9.57,9.6,-0.03,-0.3125,90305.92,86473.157
488,600188.SH,20190829,9.5,9.62,9.47,9.6,9.55,0.05,0.5236,83706.92,80013.361
489,600188.SH,20190828,9.55,9.62,9.47,9.55,9.46,0.09,0.9514,71095.21,67726.448
490,600188.SH,20190827,9.44,9.69,9.44,9.46,9.39,0.07,0.7455,129501.04,124191.367
491,600188.SH,20190826,9.27,9.45,9.23,9.39,9.47,-0.08,-0.8448,91289.72,85332.085
492,600188.SH,20190823,9.55,9.57,9.41,9.47,9.56,-0.09,-0.9414,81548.54,77232.955
493,600188.SH,20190822,9.59,9.68,9.51,9.56,9.51,0.05,0.5258,82057.59,78679.639
494,600188.SH,20190821,9.47,9.58,9.43,9.51,9.54,-0.03,-0.3145,64287.41,61102.252
495,600188.SH,20190820,9.47,9.64,9.46,9.54,9.46,0.08,0.8457,125979.11,120547.969
496,600188.SH,20190819,9.22,9.47,9.22,9.46,9.22,0.24,2.603,96638.36,90653.316
497,600188.SH,20190816,9.25,9.31,9.19,9.22,9.22,0.0,0.0,65156.56,60274.839
498,600188.SH,20190815,9.07,9.26,8.98,9.22,9.24,-0.02,-0.2165,91074.96,82964.661
499,600188.SH,20190814,9.31,9.38,9.23,9.24,9.21,0.03,0.3257,77886.31,72485.1
500,600188.SH,20190813,9.25,9.3,9.19,9.21,9.35,-0.14,-1.4973,55696.63,51436.01
501,600188.SH,20190812,9.23,9.35,9.2,9.35,9.16,0.19,2.0742,81369.88,75604.249
502,600188.SH,20190809,9.42,9.42,9.14,9.16,9.34,-0.18,-1.9272,77473.0,71699.279
503,600188.SH,20190808,9.36,9.44,9.29,9.34,9.29,0.05,0.5382,68725.88,64269.149
504,600188.SH,20190807,9.38,9.42,9.29,9.29,9.37,-0.08,-0.8538,89303.37,83588.964
505,600188.SH,20190806,9.61,9.61,9.16,9.37,9.71,-0.34,-3.5015,189227.41,176663.087
506,600188.SH,20190805,10.1,10.13,9.7,9.71,10.13,-0.42,-4.1461,153796.42,152335.139
507,600188.SH,20190802,10.08,10.2,10.01,10.13,10.25,-0.12,-1.1707,102093.99,103244.321
508,600188.SH,20190801,10.32,10.37,10.2,10.25,10.29,-0.04,-0.3887,88236.48,90700.962
509,600188.SH,20190731,10.31,10.37,10.24,10.29,10.35,-0.06,-0.5797,85209.69,87739.275
510,600188.SH,20190730,10.34,10.43,10.33,10.35,10.34,0.01,0.0967,92918.76,96323.384
511,600188.SH,20190729,10.44,10.44,10.32,10.34,10.38,-0.04,-0.3854,69334.65,71832.465
512,600188.SH,20190726,10.31,10.42,10.28,10.38,10.31,0.07,0.679,91197.94,94574.338
513,600188.SH,20190725,10.27,10.37,10.24,10.31,10.25,0.06,0.5854,65731.54,67686.991
514,600188.SH,20190724,10.36,10.42,10.21,10.25,10.27,-0.02,-0.1947,103349.37,106594.787
515,600188.SH,20190723,10.12,10.31,10.12,10.27,10.18,0.09,0.8841,62255.81,63789.968
516,600188.SH,20190722,10.33,10.35,10.08,10.18,10.32,-0.14,-1.3566,75621.76,77000.199
517,600188.SH,20190719,10.24,10.39,10.2,10.32,10.14,0.18,1.7751,88128.28,90997.491
518,600188.SH,20190718,10.25,10.26,10.14,10.14,10.29,-0.15,-1.4577,64832.27,66098.424
519,600188.SH,20190717,10.34,10.37,10.26,10.29,10.34,-0.05,-0.4836,66182.0,68276.374
520,600188.SH,20190716,10.3,10.41,10.3,10.34,10.36,-0.02,-0.1931,54422.92,56385.898
521,600188.SH,20190715,10.31,10.38,10.12,10.36,10.26,0.1,0.9747,99253.81,102133.629
522,600188.SH,20190712,10.19,10.32,10.12,10.26,10.15,0.11,1.0837,99449.12,101781.789
523,600188.SH,20190711,10.3,10.31,10.08,10.15,10.21,-0.06,-0.5877,100005.24,102010.648
524,600188.SH,20190710,10.26,10.32,10.15,10.21,10.24,-0.03,-0.293,91562.95,93476.288
525,600188.SH,20190709,10.36,10.39,10.2,10.24,10.32,-0.08,-0.7752,103838.88,106551.06
526,600188.SH,20190708,10.61,10.67,10.27,10.32,10.67,-0.35,-3.2802,144071.0,150200.511
527,600188.SH,20190705,10.77,10.78,10.62,10.67,10.7,-0.03,-0.2804,96950.36,103320.446
528,600188.SH,20190704,10.81,10.92,10.63,10.7,10.75,-0.05,-0.4651,120369.84,129515.708
529,600188.SH,20190703,10.87,10.89,10.69,10.75,10.92,-0.17,-1.5568,156779.54,168689.338
530,600188.SH,20190702,10.97,11.01,10.84,10.92,10.97,-0.05,-0.4558,115399.71,125944.684
531,600188.SH,20190701,11.02,11.08,10.92,10.97,10.87,0.1,0.92,141241.95,155070.543
532,600188.SH,20190628,10.95,10.99,10.83,10.87,10.96,-0.09,-0.8212,111211.71,121019.561
533,600188.SH,20190627,10.91,11.05,10.86,10.96,10.91,0.05,0.4583,172845.09,189856.31
534,600188.SH,20190626,10.75,10.92,10.68,10.91,10.78,0.13,1.2059,157931.19,171302.55
535,600188.SH,20190625,10.67,10.82,10.56,10.78,10.68,0.1,0.9363,226682.45,242466.635
536,600188.SH,20190624,10.54,10.78,10.46,10.68,10.55,0.13,1.2322,136989.09,146028.951
537,600188.SH,20190621,10.52,10.64,10.46,10.55,10.48,0.07,0.6679,158875.06,167700.262
538,600188.SH,20190620,10.27,10.55,10.22,10.48,10.26,0.22,2.1442,169995.71,177104.255
539,600188.SH,20190619,10.42,10.5,10.24,10.26,10.24,0.02,0.1953,134053.98,138501.51
540,600188.SH,20190618,10.24,10.27,10.15,10.24,10.19,0.05,0.4907,56342.86,57528.948
541,600188.SH,20190617,10.11,10.23,10.1,10.19,10.12,0.07,0.6917,69124.51,70410.042
542,600188.SH,20190614,10.2,10.26,10.11,10.12,10.18,-0.06,-0.5894,106882.32,108796.363
543,600188.SH,20190613,10.19,10.24,10.09,10.18,10.22,-0.04,-0.3914,108020.75,109737.229
544,600188.SH,20190612,10.32,10.32,10.16,10.22,10.35,-0.13,-1.256,125987.65,128937.263
545,600188.SH,20190611,10.11,10.35,10.11,10.35,10.19,0.16,1.5702,229002.77,234706.291
546,600188.SH,20190610,10.58,10.74,10.53,10.73,10.57,0.16,1.5137,140540.51,149695.758
547,600188.SH,20190606,10.54,10.65,10.53,10.57,10.57,0.0,0.0,82290.95,87122.4
548,600188.SH,20190605,10.59,10.69,10.53,10.57,10.49,0.08,0.7626,95992.32,101989.61
549,600188.SH,20190604,10.41,10.57,10.37,10.49,10.33,0.16,1.5489,138193.85,145005.751
550,600188.SH,20190603,10.61,10.65,10.29,10.33,10.66,-0.33,-3.0957,215136.26,223999.386
551,600188.SH,20190531,10.79,10.81,10.66,10.66,10.78,-0.12,-1.1132,92896.72,99542.649
552,600188.SH,20190530,10.76,10.82,10.66,10.78,10.78,0.0,0.0,103483.54,111163.084
553,600188.SH,20190529,10.77,10.85,10.71,10.78,10.91,-0.13,-1.1916,103892.25,111919.481
554,600188.SH,20190528,10.77,10.91,10.62,10.91,10.76,0.15,1.3941,170836.46,183552.297
555,600188.SH,20190527,10.62,10.82,10.55,10.76,10.62,0.14,1.3183,111759.65,119711.267
556,600188.SH,20190524,10.7,10.78,10.58,10.62,10.74,-0.12,-1.1173,93980.3,100177.329
557,600188.SH,20190523,10.68,10.96,10.55,10.74,10.69,0.05,0.4677,159913.75,172136.271
558,600188.SH,20190522,10.83,10.88,10.58,10.69,10.74,-0.05,-0.4655,109439.64,117713.259
559,600188.SH,20190521,10.49,10.77,10.47,10.74,10.49,0.25,2.3832,108833.99,116066.259
560,600188.SH,20190520,10.63,10.72,10.39,10.49,10.64,-0.15,-1.4098,136269.91,143031.092
561,600188.SH,20190517,11.04,11.06,10.61,10.64,11.02,-0.38,-3.4483,168099.15,180602.785
562,600188.SH,20190516,10.85,11.04,10.8,11.02,10.83,0.19,1.7544,146262.57,160497.098
563,600188.SH,20190515,10.74,10.86,10.71,10.83,10.66,0.17,1.5947,116153.59,125319.423
564,600188.SH,20190514,10.67,10.77,10.62,10.66,10.74,-0.08,-0.7449,112992.54,120850.364
565,600188.SH,20190513,10.56,10.91,10.5,10.74,10.78,-0.04,-0.3711,127961.03,137326.141
566,600188.SH,20190510,10.6,10.82,10.31,10.78,10.47,0.31,2.9608,178135.36,190153.023
567,600188.SH,20190509,10.65,10.77,10.44,10.47,10.72,-0.25,-2.3321,136000.66,143641.098
568,600188.SH,20190508,10.74,10.94,10.66,10.72,10.94,-0.22,-2.011,134684.06,145352.914
569,600188.SH,20190507,10.8,11.03,10.8,10.94,10.77,0.17,1.5785,215259.27,235332.436
570,600188.SH,20190506,11.0,11.04,10.5,10.77,11.45,-0.68,-5.9389,323188.9,350367.101
571,600188.SH,20190430,11.25,11.55,11.23,11.45,11.28,0.17,1.5071,155607.48,178273.414
572,600188.SH,20190429,11.29,11.59,11.26,11.28,11.18,0.1,0.8945,235330.03,268383.776
573,600188.SH,20190426,11.2,11.38,11.06,11.18,11.2,-0.02,-0.1786,146395.17,164476.16
574,600188.SH,20190425,11.66,11.7,11.2,11.2,11.73,-0.53,-4.5183,207773.17,238046.993
575,600188.SH,20190424,11.62,11.81,11.55,11.73,11.62,0.11,0.9466,166226.11,194056.22
576,600188.SH,20190423,11.73,11.96,11.56,11.62,11.83,-0.21,-1.7751,215572.89,253590.237
577,600188.SH,20190422,12.26,12.26,11.75,11.83,12.18,-0.35,-2.8736,261751.81,312621.963
578,600188.SH,20190419,11.87,12.35,11.59,12.18,11.96,0.22,1.8395,431999.24,515385.672
579,600188.SH,20190418,12.17,12.31,11.96,11.96,12.19,-0.23,-1.8868,240714.86,291597.188
580,600188.SH,20190417,12.22,12.37,12.07,12.19,12.14,0.05,0.4119,291506.72,355920.307
581,600188.SH,20190416,11.64,12.15,11.55,12.14,11.77,0.37,3.1436,299358.41,357325.564
582,600188.SH,20190415,12.22,12.28,11.76,11.77,11.98,-0.21,-1.7529,302105.81,363693.14
583,600188.SH,20190412,11.88,12.08,11.8,11.98,11.88,0.1,0.8418,243751.96,291790.402
584,600188.SH,20190411,12.03,12.32,11.81,11.88,12.15,-0.27,-2.2222,400062.86,483864.105
585,600188.SH,20190410,12.11,12.36,11.79,12.15,12.11,0.04,0.3303,485018.13,586945.09
586,600188.SH,20190409,12.27,12.28,12.01,12.11,12.42,-0.31,-2.496,390750.7,473698.163
587,600188.SH,20190408,12.36,12.75,12.05,12.42,12.06,0.36,2.9851,700289.67,866467.694
588,600188.SH,20190404,11.63,12.14,11.62,12.06,11.51,0.55,4.7785,710499.8,845944.362
589,600188.SH,20190403,11.12,11.64,11.07,11.51,11.14,0.37,3.3214,539495.97,617387.938
590,600188.SH,20190402,11.21,11.23,10.99,11.14,11.11,0.03,0.27,435608.7,484051.943
591,600188.SH,20190401,10.96,11.17,10.78,11.11,10.61,0.5,4.7125,616424.83,678743.474
592,600188.SH,20190329,10.22,10.62,10.18,10.61,10.16,0.45,4.4291,327311.39,343160.336
593,600188.SH,20190328,10.2,10.32,10.15,10.16,10.29,-0.13,-1.2634,124995.56,128022.888
594,600188.SH,20190327,10.17,10.3,10.08,10.29,10.14,0.15,1.4793,142536.81,145020.776
595,600188.SH,20190326,10.43,10.48,10.12,10.14,10.38,-0.24,-2.3121,185642.42,190953.69
596,600188.SH,20190325,10.4,10.53,10.32,10.38,10.64,-0.26,-2.4436,232012.07,241958.175
597,600188.SH,20190322,10.69,10.7,10.49,10.64,10.7,-0.06,-0.5607,234304.66,248140.309
598,600188.SH,20190321,10.75,10.78,10.59,10.7,10.72,-0.02,-0.1866,289323.3,309153.584
599,600188.SH,20190320,10.77,10.87,10.53,10.72,10.68,0.04,0.3745,327824.18,351468.574
600,600188.SH,20190319,10.81,10.88,10.6,10.68,10.87,-0.19,-1.7479,327280.44,350950.897
601,600188.SH,20190318,10.61,10.96,10.48,10.87,10.56,0.31,2.9356,460760.25,493613.406
602,600188.SH,20190315,10.43,10.62,10.33,10.56,10.4,0.16,1.5385,302545.33,317091.332
603,600188.SH,20190314,10.35,10.58,10.27,10.4,10.33,0.07,0.6776,281140.25,293129.582
604,600188.SH,20190313,10.45,10.47,10.28,10.33,10.47,-0.14,-1.3372,226828.49,234940.462
605,600188.SH,20190312,10.59,10.63,10.34,10.47,10.49,-0.02,-0.1907,331291.69,348154.923
606,600188.SH,20190311,10.2,10.54,10.18,10.49,10.29,0.2,1.9436,257248.08,266722.965
607,600188.SH,20190308,10.76,10.76,10.24,10.29,11.01,-0.72,-6.5395,519381.3,546465.056
608,600188.SH,20190307,10.9,11.2,10.75,11.01,10.94,0.07,0.6399,525779.57,578107.892
609,600188.SH,20190306,10.84,11.03,10.7,10.94,10.82,0.12,1.1091,500591.54,544979.472
610,600188.SH,20190305,10.8,10.88,10.64,10.82,10.84,-0.02,-0.1845,408962.73,438963.234
611,600188.SH,20190304,10.99,11.22,10.72,10.84,10.83,0.01,0.0923,668428.54,735187.763
612,600188.SH,20190301,10.61,10.83,10.48,10.83,10.56,0.27,2.5568,409609.22,437071.606
613,600188.SH,20190228,10.53,10.62,10.41,10.56,10.52,0.04,0.3802,327600.15,344485.902
614,600188.SH,20190227,10.51,10.76,10.33,10.52,10.42,0.1,0.9597,525271.17,553195.749
615,600188.SH,20190226,10.3,10.89,10.11,10.42,10.21,0.21,2.0568,829786.78,876147.297
616,600188.SH,20190225,9.6,10.21,9.6,10.21,9.54,0.67,7.0231,688039.09,682339.988
617,600188.SH,20190222,9.39,9.55,9.3,9.54,9.42,0.12,1.2739,275994.79,259964.759
618,600188.SH,20190221,9.61,9.71,9.41,9.42,9.57,-0.15,-1.5674,452980.7,433434.232
619,600188.SH,20190220,9.33,9.58,9.31,9.57,9.34,0.23,2.4625,403160.82,382303.554
620,600188.SH,20190219,9.42,9.47,9.25,9.34,9.42,-0.08,-0.8493,293769.32,274778.556
621,600188.SH,20190218,9.17,9.44,9.17,9.42,9.12,0.3,3.2895,333899.96,311157.525
622,600188.SH,20190215,9.32,9.35,9.1,9.12,9.32,-0.2,-2.1459,283054.84,260257.711
623,600188.SH,20190214,9.41,9.48,9.31,9.32,9.44,-0.12,-1.2712,263021.77,246197.716
624,600188.SH,20190213,9.4,9.47,9.28,9.44,9.37,0.07,0.7471,286111.28,268685.429
625,600188.SH,20190212,9.15,9.37,9.15,9.37,9.2,0.17,1.8478,310316.94,288088.605
626,600188.SH,20190211,9.05,9.21,9.04,9.2,9.09,0.11,1.2101,259990.38,236962.129
627,600188.SH,20190201,8.9,9.11,8.9,9.09,8.84,0.25,2.8281,228785.82,206591.508
628,600188.SH,20190131,8.78,8.91,8.78,8.84,8.77,0.07,0.7982,166275.41,147059.195
629,600188.SH,20190130,8.79,8.91,8.75,8.77,8.85,-0.08,-0.904,115323.3,101843.399
630,600188.SH,20190129,8.9,8.94,8.67,8.85,8.94,-0.09,-1.0067,179469.9,157795.108
631,600188.SH,20190128,8.88,9.01,8.83,8.94,8.82,0.12,1.3605,178959.85,159659.222
632,600188.SH,20190125,8.84,8.91,8.8,8.82,8.83,-0.01,-0.1133,134245.28,118928.06
633,600188.SH,20190124,8.9,8.9,8.67,8.83,8.86,-0.03,-0.3386,155720.04,136891.793
634,600188.SH,20190123,8.92,8.99,8.81,8.86,8.95,-0.09,-1.0056,169167.84,150343.304
635,600188.SH,20190122,9.12,9.14,8.94,8.95,9.17,-0.22,-2.3991,179545.3,161815.914
636,600188.SH,20190121,9.16,9.23,9.05,9.17,9.12,0.05,0.5482,274618.49,251337.595
637,600188.SH,20190118,8.95,9.23,8.95,9.12,9.0,0.12,1.3333,394647.44,359856.054
638,600188.SH,20190117,8.84,9.09,8.78,9.0,8.85,0.15,1.6949,476125.47,426988.003
639,600188.SH,20190116,8.78,8.9,8.76,8.85,8.79,0.06,0.6826,247919.81,219071.113
640,600188.SH,20190115,8.74,8.8,8.62,8.79,8.77,0.02,0.2281,165271.77,144157.516
641,600188.SH,20190114,8.66,8.9,8.66,8.77,8.64,0.13,1.5046,312697.24,275164.963
642,600188.SH,20190111,8.59,8.65,8.54,8.64,8.61,0.03,0.3484,167840.65,144294.883
643,600188.SH,20190110,8.72,8.73,8.58,8.61,8.73,-0.12,-1.3746,205894.88,178107.397
644,600188.SH,20190109,8.66,8.87,8.65,8.73,8.63,0.1,1.1587,247460.2,217261.288
645,600188.SH,20190108,8.75,8.77,8.61,8.63,8.79,-0.16,-1.8203,162235.11,140825.597
646,600188.SH,20190107,8.77,8.82,8.68,8.79,8.73,0.06,0.6873,184573.05,161544.5
647,600188.SH,20190104,8.41,8.74,8.36,8.73,8.52,0.21,2.4648,174228.12,149699.902
648,600188.SH,20190103,8.64,8.78,8.47,8.52,8.64,-0.12,-1.3889,145154.67,124455.883
649,600188.SH,20190102,8.83,8.87,8.63,8.64,8.78,-0.14,-1.5945,91479.38,79552.147
650,600188.SH,20181228,8.83,8.9,8.77,8.78,8.75,0.03,0.3429,80206.67,70844.624
651,600188.SH,20181227,9.0,9.04,8.74,8.75,8.84,-0.09,-1.0181,83916.51,74775.836
652,600188.SH,20181226,8.95,9.0,8.82,8.84,8.97,-0.13,-1.4493,74328.94,66039.328
653,600188.SH,20181225,9.07,9.08,8.77,8.97,9.16,-0.19,-2.0742,138381.2,123106.55
654,600188.SH,20181224,9.08,9.17,9.05,9.16,9.12,0.04,0.4386,49740.33,45439.886
655,600188.SH,20181221,9.25,9.27,9.06,9.12,9.28,-0.16,-1.7241,103827.23,94740.54
656,600188.SH,20181220,9.25,9.34,9.23,9.28,9.29,-0.01,-0.1076,91146.57,84655.967
657,600188.SH,20181219,9.48,9.49,9.29,9.29,9.47,-0.18,-1.9007,101805.65,95406.2
658,600188.SH,20181218,9.52,9.62,9.39,9.47,9.6,-0.13,-1.3542,72222.72,68552.495
659,600188.SH,20181217,9.45,9.66,9.45,9.6,9.59,0.01,0.1043,74695.93,71341.709
660,600188.SH,20181214,9.78,9.78,9.56,9.59,9.78,-0.19,-1.9427,89409.27,86521.89
661,600188.SH,20181213,9.71,9.88,9.63,9.78,9.69,0.09,0.9288,120737.14,118030.025
662,600188.SH,20181212,9.76,9.78,9.68,9.69,9.69,0.0,0.0,53530.51,51980.792
663,600188.SH,20181211,9.71,9.76,9.64,9.69,9.72,-0.03,-0.3086,65490.86,63447.857
664,600188.SH,20181210,9.78,9.85,9.68,9.72,9.87,-0.15,-1.5198,77603.96,75679.167
665,600188.SH,20181207,9.78,9.93,9.71,9.87,9.73,0.14,1.4388,129800.41,127496.267
666,600188.SH,20181206,9.87,9.94,9.72,9.73,9.93,-0.2,-2.0141,114391.9,112163.487
667,600188.SH,20181205,9.86,9.97,9.82,9.93,10.04,-0.11,-1.0956,128193.96,126966.598
668,600188.SH,20181204,9.97,10.06,9.87,10.04,9.98,0.06,0.6012,146706.9,146472.721
669,600188.SH,20181203,9.78,10.3,9.69,9.98,9.54,0.44,4.6122,286204.02,284441.151
670,600188.SH,20181130,9.39,9.54,9.39,9.54,9.39,0.15,1.5974,94837.01,89895.378
671,600188.SH,20181129,9.59,9.62,9.38,9.39,9.56,-0.17,-1.7782,105561.28,100384.014
672,600188.SH,20181128,9.44,9.57,9.35,9.56,9.45,0.11,1.164,119625.92,113318.978
673,600188.SH,20181127,9.62,9.66,9.39,9.45,9.56,-0.11,-1.1506,143723.27,136680.873
674,600188.SH,20181126,9.81,9.88,9.49,9.56,9.86,-0.3,-3.0426,177415.3,171929.782
675,600188.SH,20181123,10.1,10.14,9.85,9.86,10.13,-0.27,-2.6654,174173.44,173531.278
676,600188.SH,20181122,10.11,10.19,10.05,10.13,10.09,0.04,0.3964,113738.8,115009.978
677,600188.SH,20181121,10.0,10.14,9.95,10.09,10.18,-0.09,-0.8841,178186.09,179121.85
678,600188.SH,20181120,10.39,10.4,10.17,10.18,10.45,-0.27,-2.5837,205345.28,211166.573
679,600188.SH,20181119,10.39,10.45,10.28,10.45,10.39,0.06,0.5775,223523.99,231921.653
680,600188.SH,20181116,10.45,10.48,10.36,10.39,10.43,-0.04,-0.3835,258421.48,269422.414
681,600188.SH,20181115,10.28,10.45,10.24,10.43,10.36,0.07,0.6757,263126.12,271595.71
682,600188.SH,20181114,10.24,10.48,10.2,10.36,10.32,0.04,0.3876,275681.04,284828.437
683,600188.SH,20181113,10.11,10.35,10.08,10.32,10.23,0.09,0.8798,236890.35,242898.415
684,600188.SH,20181112,10.09,10.24,10.07,10.23,10.11,0.12,1.1869,141088.2,143553.519
685,600188.SH,20181109,10.22,10.23,10.09,10.11,10.24,-0.13,-1.2695,162394.17,164900.548
686,600188.SH,20181108,10.28,10.36,10.2,10.24,10.2,0.04,0.3922,169050.16,173744.291
687,600188.SH,20181107,10.32,10.42,10.2,10.2,10.41,-0.21,-2.0173,215503.9,221868.415
688,600188.SH,20181106,10.44,10.52,10.29,10.41,10.45,-0.04,-0.3828,201598.52,209479.35
689,600188.SH,20181105,10.38,10.46,10.32,10.45,10.51,-0.06,-0.5709,261404.38,271300.561
690,600188.SH,20181102,10.33,10.51,10.21,10.51,10.23,0.28,2.737,361277.3,375557.464
691,600188.SH,20181101,10.27,10.38,10.21,10.23,10.27,-0.04,-0.3895,275748.9,283831.572
692,600188.SH,20181031,10.08,10.34,10.07,10.27,10.06,0.21,2.0875,271041.8,276784.24
693,600188.SH,20181030,10.02,10.28,9.85,10.06,10.15,-0.09,-0.8867,346078.31,348816.619
694,600188.SH,20181029,10.7,10.79,10.15,10.15,11.28,-1.13,-10.0177,666836.16,693998.713
695,600188.SH,20181026,11.26,11.55,11.14,11.28,11.15,0.13,1.1659,328262.68,371767.111
696,600188.SH,20181025,10.63,11.16,10.6,11.15,11.0,0.15,1.3636,221715.85,240431.994
697,600188.SH,20181024,10.75,11.15,10.68,11.0,10.75,0.25,2.3256,247910.3,270836.634
698,600188.SH,20181023,11.16,11.42,10.74,10.75,11.27,-0.52,-4.614,324706.73,359363.449
699,600188.SH,20181022,10.82,11.4,10.72,11.27,10.71,0.56,5.2288,358016.38,396207.098
700,600188.SH,20181019,10.37,10.83,10.22,10.71,10.56,0.15,1.4205,271866.59,285516.716
701,600188.SH,20181018,11.08,11.08,10.56,10.56,11.25,-0.69,-6.1333,218857.74,236487.818
702,600188.SH,20181017,11.15,11.29,10.83,11.25,10.92,0.33,3.022,217365.82,241173.449
703,600188.SH,20181016,11.14,11.43,10.77,10.92,11.21,-0.29,-2.587,277164.5,308962.892
704,600188.SH,20181015,11.8,11.85,11.16,11.21,11.82,-0.61,-5.1607,297080.28,339013.117
705,600188.SH,20181012,11.5,11.86,11.05,11.82,11.64,0.18,1.5464,407805.73,467938.069
706,600188.SH,20181011,11.42,11.88,11.42,11.64,11.84,-0.2,-1.6892,412541.23,478829.185
707,600188.SH,20181010,11.73,12.11,11.6,11.84,11.63,0.21,1.8057,508509.49,604289.321
708,600188.SH,20181009,11.24,11.71,11.16,11.63,11.16,0.47,4.2115,359976.96,415360.617
709,600188.SH,20181008,11.34,11.43,11.15,11.16,11.52,-0.36,-3.125,239098.48,270305.387
710,600188.SH,20180928,11.26,11.6,11.26,11.52,11.35,0.17,1.4978,223366.22,256684.956
711,600188.SH,20180927,11.25,11.45,11.2,11.35,11.27,0.08,0.7098,198773.51,225651.678
712,600188.SH,20180926,11.22,11.51,11.22,11.27,11.22,0.05,0.4456,262226.37,297820.501
713,600188.SH,20180925,11.25,11.36,11.13,11.22,11.42,-0.2,-1.7513,220643.97,247858.958
714,600188.SH,20180921,10.95,11.43,10.88,11.42,10.89,0.53,4.8669,378964.5,423384.857
715,600188.SH,20180920,10.87,10.93,10.81,10.89,10.87,0.02,0.184,119635.56,130053.72
716,600188.SH,20180919,10.62,11.0,10.6,10.87,10.69,0.18,1.6838,235310.15,254840.585
717,600188.SH,20180918,10.4,10.72,10.31,10.69,10.37,0.32,3.0858,164609.69,173732.288
718,600188.SH,20180917,10.52,10.52,10.3,10.37,10.58,-0.21,-1.9849,120815.23,125672.816
719,600188.SH,20180914,10.72,10.72,10.55,10.58,10.65,-0.07,-0.6573,128610.11,136647.721
720,600188.SH,20180913,10.66,10.72,10.51,10.65,10.53,0.12,1.1396,135480.04,143769.847
721,600188.SH,20180912,10.47,10.61,10.41,10.53,10.5,0.03,0.2857,123019.02,129244.658
722,600188.SH,20180911,10.69,10.74,10.37,10.5,10.7,-0.2,-1.8692,211314.75,222036.954
723,600188.SH,20180910,10.91,10.91,10.7,10.7,10.91,-0.21,-1.9248,145984.55,157238.125
724,600188.SH,20180907,10.82,11.09,10.81,10.91,10.66,0.25,2.3452,253822.76,277507.735
725,600188.SH,20180906,10.81,10.93,10.66,10.66,10.85,-0.19,-1.7512,164271.75,177081.683
726,600188.SH,20180905,11.11,11.11,10.84,10.85,11.1,-0.25,-2.2523,167575.2,183511.418
727,600188.SH,20180904,11.02,11.14,10.9,11.1,11.01,0.09,0.8174,154003.4,170195.967
728,600188.SH,20180903,11.18,11.18,10.91,11.01,11.18,-0.17,-1.5206,169118.85,186307.279
729,600188.SH,20180831,11.23,11.33,11.17,11.18,11.26,-0.08,-0.7105,97165.18,109118.682
730,600188.SH,20180830,11.42,11.54,11.21,11.26,11.46,-0.2,-1.7452,142410.88,161532.901
731,600188.SH,20180829,11.52,11.59,11.44,11.46,11.61,-0.15,-1.292,131397.55,151114.947
732,600188.SH,20180828,11.54,11.69,11.49,11.61,11.57,0.04,0.3457,256354.71,297118.538
733,600188.SH,20180827,11.45,11.59,11.36,11.57,11.35,0.22,1.9383,259317.7,298084.375
734,600188.SH,20180824,11.27,11.36,11.14,11.35,11.34,0.01,0.0882,143314.77,161495.172
735,600188.SH,20180823,11.4,11.5,11.23,11.34,11.42,-0.08,-0.7005,170108.54,192974.911
736,600188.SH,20180822,11.43,11.62,11.35,11.42,11.39,0.03,0.2634,190323.93,218784.88
737,600188.SH,20180821,11.42,11.46,11.24,11.39,11.42,-0.03,-0.2627,202111.42,230054.9
738,600188.SH,20180820,11.24,11.43,11.12,11.42,11.23,0.19,1.6919,137811.77,155363.034
739,600188.SH,20180817,11.38,11.45,11.2,11.23,11.26,-0.03,-0.2664,194201.99,220233.241
740,600188.SH,20180816,11.15,11.38,11.0,11.26,11.31,-0.05,-0.4421,154721.33,173529.191
741,600188.SH,20180815,11.79,11.8,11.3,11.31,11.79,-0.48,-4.0712,275442.83,317276.616
742,600188.SH,20180814,11.71,11.87,11.65,11.79,11.71,0.08,0.6832,333301.63,392017.345
743,600188.SH,20180813,11.53,11.75,11.44,11.71,11.7,0.01,0.0855,202811.69,234640.481
744,600188.SH,20180810,11.73,11.76,11.52,11.7,11.79,-0.09,-0.7634,263334.26,306809.352
745,600188.SH,20180809,11.42,11.82,11.3,11.79,11.54,0.25,2.1664,368879.74,429642.92
746,600188.SH,20180808,11.75,11.79,11.5,11.54,11.86,-0.32,-2.6981,349105.36,405873.156
747,600188.SH,20180807,11.75,11.88,11.44,11.86,11.5,0.36,3.1304,356186.52,416453.742
748,600188.SH,20180806,11.5,11.65,11.3,11.5,11.44,0.06,0.5245,225477.15,258363.081
749,600188.SH,20180803,11.4,11.82,11.33,11.44,11.38,0.06,0.5272,330458.07,382526.48
750,600188.SH,20180802,11.41,11.55,11.1,11.38,11.46,-0.08,-0.6981,361241.67,409108.267
751,600188.SH,20180801,12.16,12.29,11.37,11.46,12.1,-0.64,-5.2893,369664.77,441172.895
752,600188.SH,20180731,12.25,12.25,11.94,12.1,12.19,-0.09,-0.7383,228731.12,276289.702
753,600188.SH,20180730,12.05,12.35,12.04,12.19,12.14,0.05,0.4119,273144.7,332855.693
754,600188.SH,20180727,12.28,12.32,12.02,12.14,12.15,-0.01,-0.0823,269553.15,327237.637
755,600188.SH,20180726,12.3,12.46,12.06,12.15,12.24,-0.09,-0.7353,314097.26,384871.319
756,600188.SH,20180725,12.32,12.5,12.07,12.24,12.34,-0.1,-0.8104,423449.24,519094.713
757,600188.SH,20180724,11.83,12.45,11.83,12.34,11.82,0.52,4.3993,686631.89,836493.944
758,600188.SH,20180723,11.25,11.88,11.19,11.82,11.43,0.39,3.4121,515367.26,597190.869
759,600188.SH,20180720,11.27,11.47,10.83,11.43,11.32,0.11,0.9717,377725.14,421635.733
760,600188.SH,20180719,11.31,11.44,11.19,11.32,11.25,0.07,0.62,253036.65,285696.531
761,600188.SH,20180718,11.46,11.59,11.21,11.25,11.5,-0.25,-2.17,326198.99,372278.474
762,600188.SH,20180717,11.8,11.81,11.32,11.5,11.89,-0.39,-3.28,409184.66,468761.206
763,600188.SH,20180716,11.75,11.96,11.73,11.89,11.69,0.2,1.71,412666.27,489589.377
764,600188.SH,20180713,11.76,11.79,11.58,11.69,11.81,-0.12,-1.02,257518.89,300327.257
765,600188.SH,20180712,11.49,11.85,11.44,11.81,11.37,0.44,3.87,302376.99,353698.012
766,600188.SH,20180711,11.45,11.53,11.24,11.37,11.82,-0.45,-3.81,256147.46,291853.672
767,600188.SH,20180710,11.67,11.92,11.59,11.82,11.71,0.11,0.94,305693.72,359809.953
768,600188.SH,20180709,11.4,11.76,11.35,11.71,11.33,0.38,3.35,374647.81,432133.476
769,600188.SH,20180706,11.56,11.72,10.89,11.33,11.58,-0.25,-2.16,416967.09,471438.853
770,600188.SH,20180705,12.09,12.16,11.54,11.58,12.15,-0.57,-4.69,298262.72,352417.695
771,600188.SH,20180704,12.11,12.41,12.1,12.15,12.22,-0.07,-0.57,223875.01,274266.992
772,600188.SH,20180703,12.32,12.39,11.75,12.22,12.3,-0.08,-0.65,312704.82,377725.845
773,600188.SH,20180702,12.86,12.95,12.17,12.3,13.04,-0.74,-5.67,332836.48,418524.035
774,600188.SH,20180629,12.77,13.07,12.31,13.04,12.77,0.27,2.11,334275.92,425018.321
775,600188.SH,20180628,13.15,13.2,12.75,12.77,13.09,-0.32,-2.44,212146.24,276046.091
776,600188.SH,20180627,13.45,13.54,13.0,13.09,13.41,-0.32,-2.39,228563.63,302277.969
777,600188.SH,20180626,13.68,13.76,12.9,13.41,14.01,-0.6,-4.28,362233.58,483589.513
778,600188.SH,20180625,14.58,14.67,13.94,14.01,14.48,-0.47,-3.25,287195.08,409352.874
779,600188.SH,20180622,14.1,14.55,13.65,14.48,14.36,0.12,0.84,361828.11,510903.702
780,600188.SH,20180621,14.15,14.77,14.08,14.36,14.19,0.17,1.2,421731.86,609947.112
781,600188.SH,20180620,14.07,14.2,13.6,14.19,14.01,0.18,1.28,315642.4,439635.812
782,600188.SH,20180619,14.43,14.68,13.5,14.01,14.72,-0.71,-4.82,389487.83,551391.989
783,600188.SH,20180615,14.47,14.93,14.41,14.72,14.53,0.19,1.31,399415.08,588924.333
784,600188.SH,20180614,14.14,14.55,14.08,14.53,14.17,0.36,2.54,317078.41,456589.185
785,600188.SH,20180613,14.4,14.52,14.15,14.17,14.39,-0.22,-1.53,250991.04,359367.349
786,600188.SH,20180612,13.99,14.55,13.92,14.39,14.01,0.38,2.71,344301.06,492739.002
787,600188.SH,20180611,13.55,14.2,13.46,14.01,13.82,0.19,1.37,313114.99,435555.345
788,600188.SH,20180608,14.57,14.69,14.13,14.3,14.64,-0.34,-2.32,298061.86,426789.724
789,600188.SH,20180607,14.67,14.98,14.57,14.64,14.51,0.13,0.9,306413.65,451881.325
790,600188.SH,20180606,14.23,14.53,14.22,14.51,14.35,0.16,1.12,251260.83,361598.125
791,600188.SH,20180605,14.36,14.43,13.99,14.35,14.25,0.1,0.7,298978.28,425942.621
792,600188.SH,20180604,14.14,14.61,14.09,14.25,13.89,0.36,2.59,348397.87,499607.926
793,600188.SH,20180601,13.68,14.17,13.68,13.89,13.53,0.36,2.66,455877.21,639010.924
794,600188.SH,20180531,13.46,13.69,13.28,13.53,13.22,0.31,2.34,229790.53,310552.857
795,600188.SH,20180530,13.41,13.58,13.08,13.22,13.79,-0.57,-4.13,258854.06,345670.545
796,600188.SH,20180529,13.71,13.95,13.71,13.79,13.53,0.26,1.92,312630.26,432332.982
797,600188.SH,20180528,13.47,13.71,13.44,13.53,13.4,0.13,0.97,216074.14,293442.772
798,600188.SH,20180525,13.72,13.74,13.35,13.4,13.7,-0.3,-2.19,251703.15,340136.205
799,600188.SH,20180524,13.58,13.78,13.33,13.7,13.67,0.03,0.22,433256.86,589762.802
800,600188.SH,20180523,14.65,14.65,13.66,13.67,15.18,-1.51,-9.95,960446.36,1346935.528
801,600188.SH,20180522,15.33,15.51,14.95,15.18,15.38,-0.2,-1.3,375197.0,571328.338
802,600188.SH,20180521,15.29,15.4,15.08,15.38,15.59,-0.21,-1.35,430578.9,656690.282
803,600188.SH,20180518,14.97,15.6,14.91,15.59,15.0,0.59,3.93,496250.3,762800.001
804,600188.SH,20180517,14.81,15.06,14.76,15.0,14.81,0.19,1.28,272508.4,406603.202
805,600188.SH,20180516,14.88,15.21,14.69,14.81,15.07,-0.26,-1.73,368001.78,547924.264
806,600188.SH,20180515,15.24,15.3,14.57,15.07,15.18,-0.11,-0.72,326977.59,486559.144
807,600188.SH,20180514,15.33,15.63,15.0,15.18,15.33,-0.15,-0.98,392748.25,600242.164
808,600188.SH,20180511,14.87,15.49,14.65,15.33,14.87,0.46,3.09,504329.35,761187.865
809,600188.SH,20180510,14.68,15.05,14.61,14.87,14.46,0.41,2.84,436343.31,649326.662
810,600188.SH,20180509,14.39,14.7,14.29,14.46,14.38,0.08,0.56,276349.51,400800.232
811,600188.SH,20180508,14.42,14.54,14.16,14.38,14.33,0.05,0.35,248098.56,355204.01
812,600188.SH,20180507,13.52,14.5,13.47,14.33,13.45,0.88,6.54,496620.86,698262.068
813,600188.SH,20180504,13.6,13.65,13.38,13.45,13.6,-0.15,-1.1,194516.98,262332.764
814,600188.SH,20180503,13.52,13.67,13.33,13.6,13.46,0.14,1.04,248835.82,336039.358
815,600188.SH,20180502,13.8,13.89,13.3,13.46,14.43,-0.97,-6.72,401802.21,543239.206
816,600188.SH,20180427,14.18,14.44,14.03,14.43,14.05,0.38,2.7,264084.41,377126.044
817,600188.SH,20180426,14.2,14.42,13.85,14.05,14.2,-0.15,-1.06,300066.48,424147.591
818,600188.SH,20180425,14.38,14.44,13.97,14.2,14.65,-0.45,-3.07,325085.76,461865.211
819,600188.SH,20180424,14.46,15.05,14.46,14.65,14.3,0.35,2.45,594518.52,880295.39
820,600188.SH,20180423,14.06,14.45,13.9,14.3,13.88,0.42,3.03,313864.74,446181.9
821,600188.SH,20180420,13.83,14.27,13.79,13.88,13.94,-0.06,-0.43,374879.66,525366.415
822,600188.SH,20180419,13.21,14.05,13.2,13.94,13.22,0.72,5.45,442548.17,609546.192
823,600188.SH,20180418,13.29,13.53,13.12,13.22,12.93,0.29,2.24,299085.38,397437.35
824,600188.SH,20180417,12.93,13.25,12.8,12.93,12.89,0.04,0.31,242473.58,316515.761
825,600188.SH,20180416,13.74,13.74,12.79,12.89,13.77,-0.88,-6.39,380782.46,498184.239
826,600188.SH,20180413,13.57,13.95,13.57,13.77,13.55,0.22,1.62,276743.36,381567.443
827,600188.SH,20180412,13.5,13.69,13.4,13.55,13.54,0.01,0.07,232244.34,313985.161
828,600188.SH,20180411,13.8,14.06,13.47,13.54,13.72,-0.18,-1.31,329405.33,451480.118
829,600188.SH,20180410,13.0,13.75,12.93,13.72,12.91,0.81,6.27,382888.4,511982.13
830,600188.SH,20180409,13.01,13.26,12.82,12.91,13.12,-0.21,-1.6,246161.52,320160.7
831,600188.SH,20180404,13.36,13.6,13.1,13.12,13.35,-0.23,-1.72,185799.91,248394.859
832,600188.SH,20180403,13.34,13.44,13.05,13.35,13.61,-0.26,-1.91,231176.67,306131.51
833,600188.SH,20180402,13.78,14.27,13.6,13.61,13.77,-0.16,-1.16,360606.17,501347.283
834,600188.SH,20180330,13.41,13.84,13.33,13.77,13.47,0.3,2.23,345301.7,468067.382
835,600188.SH,20180329,12.86,13.65,12.64,13.47,12.79,0.68,5.32,410824.12,540646.889
836,600188.SH,20180328,12.84,13.12,12.73,12.79,13.01,-0.22,-1.69,244186.31,314517.474
837,600188.SH,20180327,12.99,13.07,12.84,13.01,12.73,0.28,2.2,297935.48,385574.983
838,600188.SH,20180326,12.51,12.76,12.35,12.73,12.44,0.29,2.33,293355.63,370027.003
839,600188.SH,20180323,12.88,13.15,12.32,12.44,13.69,-1.25,-9.13,457897.82,580068.543
840,600188.SH,20180322,13.61,13.8,13.53,13.69,13.57,0.12,0.88,219450.23,299852.958
841,600188.SH,20180321,13.82,13.85,13.42,13.57,13.67,-0.1,-0.73,252748.61,345654.841
842,600188.SH,20180320,13.3,13.7,13.25,13.67,13.51,0.16,1.18,259108.01,351564.107
843,600188.SH,20180319,14.02,14.03,13.41,13.51,14.18,-0.67,-4.73,433421.37,589055.725
844,600188.SH,20180316,14.82,14.82,14.16,14.18,14.82,-0.64,-4.32,342444.6,496594.965
845,600188.SH,20180315,14.78,14.94,14.65,14.82,14.94,-0.12,-0.8,253283.08,374356.558
846,600188.SH,20180314,14.65,15.08,14.41,14.94,14.75,0.19,1.29,371272.13,549480.32
847,600188.SH,20180313,14.81,15.14,14.72,14.75,14.98,-0.23,-1.54,307105.98,456470.631
848,600188.SH,20180312,14.75,15.09,14.57,14.98,14.7,0.28,1.9,461884.89,687084.963
849,600188.SH,20180309,14.84,14.95,14.57,14.7,14.88,-0.18,-1.21,325860.72,478963.127
850,600188.SH,20180308,14.77,14.98,14.53,14.88,14.73,0.15,1.02,300676.49,443378.32
851,600188.SH,20180307,15.3,15.4,14.64,14.73,15.46,-0.73,-4.72,387936.16,581920.99
852,600188.SH,20180306,14.65,15.48,14.32,15.46,14.49,0.97,6.69,549244.05,815335.902
853,600188.SH,20180305,15.15,15.3,14.19,14.49,15.07,-0.58,-3.85,417827.63,615992.24
854,600188.SH,20180302,15.35,15.42,15.01,15.07,15.59,-0.52,-3.34,310197.75,470706.687
855,600188.SH,20180301,15.4,15.92,15.32,15.59,15.74,-0.15,-0.95,362904.56,567096.952
856,600188.SH,20180228,15.74,16.0,15.2,15.74,15.94,-0.2,-1.25,387339.15,603412.556
857,600188.SH,20180227,17.0,17.13,15.72,15.94,17.16,-1.22,-7.11,521816.12,846989.14
858,600188.SH,20180226,17.2,17.4,16.61,17.16,17.13,0.03,0.18,387119.83,657638.052
859,600188.SH,20180223,16.66,17.44,16.46,17.13,16.7,0.43,2.57,351647.12,593270.626
860,600188.SH,20180222,16.41,16.8,16.3,16.7,16.25,0.45,2.77,424876.67,703113.43
861,600188.SH,20180214,15.45,16.4,15.03,16.25,15.5,0.75,4.84,409371.55,641737.892
862,600188.SH,20180213,15.56,15.92,15.37,15.5,15.38,0.12,0.78,397027.09,621448.678
863,600188.SH,20180212,15.15,15.56,14.8,15.38,15.15,0.23,1.52,414242.63,631764.753
864,600188.SH,20180209,15.8,15.95,14.75,15.15,16.39,-1.24,-7.57,619806.66,941813.22
865,600188.SH,20180208,17.06,17.37,15.75,16.39,17.46,-1.07,-6.13,560055.35,932552.632
866,600188.SH,20180207,19.22,20.0,17.4,17.46,18.59,-1.13,-6.08,644429.32,1203252.47
867,600188.SH,20180206,18.85,19.56,18.09,18.59,19.67,-1.08,-5.49,524154.63,993223.577
868,600188.SH,20180205,18.86,20.64,18.7,19.67,19.25,0.42,2.18,701968.34,1383312.573
869,600188.SH,20180202,17.68,19.58,17.55,19.25,18.0,1.25,6.94,662652.78,1235164.041
870,600188.SH,20180201,18.01,18.83,17.5,18.0,18.0,0.0,0.0,412530.56,752748.477
871,600188.SH,20180131,17.91,18.19,17.35,18.0,18.19,-0.19,-1.04,414272.75,739346.763
872,600188.SH,20180130,18.09,18.68,17.61,18.19,18.3,-0.11,-0.6,589870.74,1070502.374
873,600188.SH,20180129,17.68,18.9,17.68,18.3,17.26,1.04,6.03,727751.42,1343182.63
874,600188.SH,20180126,17.1,17.5,16.84,17.26,17.23,0.03,0.17,319697.11,546436.901
875,600188.SH,20180125,16.68,17.83,16.68,17.23,16.48,0.75,4.55,511793.02,885390.631
876,600188.SH,20180124,16.63,16.66,16.07,16.48,16.63,-0.15,-0.9,274477.41,448880.093
877,600188.SH,20180123,16.59,16.78,16.18,16.63,16.77,-0.14,-0.83,330859.61,543309.456
878,600188.SH,20180122,16.7,17.35,16.4,16.77,16.58,0.19,1.15,362596.84,612462.862
879,600188.SH,20180119,16.12,17.02,16.01,16.58,16.18,0.4,2.47,406622.78,673063.852
880,600188.SH,20180118,15.71,16.3,15.6,16.18,15.87,0.31,1.95,324225.54,521497.178
881,600188.SH,20180117,15.57,16.16,15.22,15.87,15.57,0.3,1.93,417258.4,655567.241
882,600188.SH,20180116,15.43,15.75,15.3,15.57,15.36,0.21,1.37,392422.58,609865.529
883,600188.SH,20180115,16.31,16.31,15.19,15.36,16.48,-1.12,-6.8,504909.27,789514.275
884,600188.SH,20180112,16.06,16.89,16.01,16.48,16.36,0.12,0.73,371386.57,611294.755
885,600188.SH,20180111,16.88,16.91,16.16,16.36,17.09,-0.73,-4.27,451501.45,743112.688
886,600188.SH,20180110,16.8,17.41,16.65,17.09,17.07,0.02,0.12,476601.5,811751.574
887,600188.SH,20180109,17.05,17.13,16.6,17.07,17.39,-0.32,-1.84,561034.72,946247.082
888,600188.SH,20180108,15.9,17.45,15.9,17.39,15.86,1.53,9.65,800476.15,1347507.417
889,600188.SH,20180105,15.94,16.23,15.75,15.86,16.16,-0.3,-1.86,452724.77,721411.193
890,600188.SH,20180104,16.2,16.2,15.79,16.16,16.3,-0.14,-0.86,468512.9,749039.255
891,600188.SH,20180103,15.95,16.35,15.73,16.3,15.97,0.33,2.07,460668.41,736726.383
892,600188.SH,20180102,14.58,15.97,14.47,15.97,14.52,1.45,9.99,466797.65,711956.083
893,600188.SH,20171229,14.79,14.79,14.43,14.52,14.85,-0.33,-2.22,226443.11,330152.851
894,600188.SH,20171228,14.85,15.3,14.65,14.85,14.96,-0.11,-0.74,537842.94,802882.47
895,600188.SH,20171227,14.49,15.15,14.4,14.96,14.48,0.48,3.31,452749.22,673249.228
896,600188.SH,20171226,14.13,14.49,13.7,14.48,14.04,0.44,3.13,284319.31,400457.603
897,600188.SH,20171225,14.16,14.64,13.91,14.04,14.21,-0.17,-1.2,310096.17,444736.681
898,600188.SH,20171222,14.22,14.45,14.14,14.21,14.29,-0.08,-0.56,169896.76,242695.487
899,600188.SH,20171221,13.95,14.35,13.85,14.29,14.04,0.25,1.78,189579.94,268139.548
900,600188.SH,20171220,14.2,14.27,13.92,14.04,14.34,-0.3,-2.09,246737.23,348247.505
901,600188.SH,20171219,14.12,14.57,14.0,14.34,14.17,0.17,1.2,434750.84,621093.172
902,600188.SH,20171218,13.46,14.2,13.27,14.17,13.34,0.83,6.22,331426.4,458274.593
903,600188.SH,20171215,13.48,13.48,13.0,13.34,13.49,-0.15,-1.11,143002.01,188503.687
904,600188.SH,20171214,13.48,13.59,13.33,13.49,13.55,-0.06,-0.44,114463.66,154178.159
905,600188.SH,20171213,12.93,13.56,12.89,13.55,13.04,0.51,3.91,155186.53,206613.76
906,600188.SH,20171212,13.18,13.36,13.02,13.04,13.35,-0.31,-2.32,152729.31,201625.705
907,600188.SH,20171211,13.13,13.37,12.86,13.35,13.13,0.22,1.68,198536.58,258737.967
908,600188.SH,20171208,12.63,13.2,12.38,13.13,12.62,0.51,4.04,234493.08,299374.341
909,600188.SH,20171207,13.1,13.35,12.59,12.62,13.29,-0.67,-5.04,156774.64,204231.971
910,600188.SH,20171206,13.12,13.36,12.84,13.29,13.29,0.0,0.0,198436.76,259687.213
911,600188.SH,20171205,13.67,13.67,13.15,13.29,13.74,-0.45,-3.28,209960.88,282152.335
912,600188.SH,20171204,13.97,14.19,13.67,13.74,13.89,-0.15,-1.08,255343.16,356278.472
913,600188.SH,20171201,13.96,13.99,13.54,13.89,13.94,-0.05,-0.36,258741.94,354327.689
914,600188.SH,20171130,14.09,14.35,13.8,13.94,14.09,-0.15,-1.06,238194.1,334062.468
915,600188.SH,20171129,13.7,14.23,13.66,14.09,13.81,0.28,2.03,395533.85,553399.055
916,600188.SH,20171128,13.07,13.87,12.86,13.81,13.0,0.81,6.23,243479.23,327376.813
917,600188.SH,20171127,13.56,13.85,12.97,13.0,13.48,-0.48,-3.56,204592.4,273975.614
918,600188.SH,20171124,13.21,13.6,12.83,13.48,13.31,0.17,1.28,175346.73,231411.128
919,600188.SH,20171123,13.49,13.94,13.28,13.31,13.44,-0.13,-0.97,293196.36,400462.162
920,600188.SH,20171122,13.45,13.59,13.08,13.44,13.38,0.06,0.45,170967.18,227550.604
921,600188.SH,20171121,13.29,13.45,13.16,13.38,13.32,0.06,0.45,247885.67,329123.651
922,600188.SH,20171120,12.51,13.34,12.42,13.32,12.5,0.82,6.56,222902.3,289297.931
923,600188.SH,20171117,12.8,13.08,12.45,12.5,12.85,-0.35,-2.72,134491.2,169605.613
924,600188.SH,20171116,12.96,13.12,12.84,12.85,13.02,-0.17,-1.31,104546.69,135670.504
925,600188.SH,20171115,12.89,13.25,12.81,13.02,13.0,0.02,0.15,201375.65,263598.569
926,600188.SH,20171114,12.76,13.21,12.68,13.0,12.74,0.26,2.04,252140.37,327363.262
927,600188.SH,20171113,12.47,12.78,12.47,12.74,12.46,0.28,2.25,134560.67,170056.519
928,600188.SH,20171110,12.63,12.63,12.35,12.46,12.66,-0.2,-1.58,96052.68,119592.553
929,600188.SH,20171109,12.7,12.97,12.55,12.66,12.61,0.05,0.4,149634.57,191436.132
930,600188.SH,20171108,12.45,12.67,12.42,12.61,12.5,0.11,0.88,141272.44,177631.484
931,600188.SH,20171107,12.2,12.58,12.07,12.5,12.19,0.31,2.54,183931.33,227933.894
932,600188.SH,20171106,11.96,12.2,11.7,12.19,11.96,0.23,1.92,84946.19,101636.558
933,600188.SH,20171103,12.25,12.28,11.83,11.96,12.25,-0.29,-2.37,86989.75,104320.156
934,600188.SH,20171102,12.06,12.3,12.06,12.25,11.97,0.28,2.34,110791.66,135238.026
935,600188.SH,20171101,11.99,12.07,11.93,11.97,11.95,0.02,0.17,82271.95,98671.583
936,600188.SH,20171031,11.97,12.12,11.81,11.95,11.95,0.0,0.0,84966.56,101465.304
937,600188.SH,20171030,12.35,12.38,11.89,11.95,12.32,-0.37,-3.0,80211.37,96155.943
938,600188.SH,20171027,12.45,12.52,12.27,12.32,12.4,-0.08,-0.65,71075.9,87969.569
939,600188.SH,20171026,12.4,12.5,12.32,12.4,12.31,0.09,0.73,75823.57,94147.305
940,600188.SH,20171025,12.23,12.36,12.19,12.31,12.21,0.1,0.82,43112.35,53066.341
941,600188.SH,20171024,12.17,12.31,12.09,12.21,12.23,-0.02,-0.16,39000.14,47598.902
942,600188.SH,20171023,12.17,12.28,12.08,12.23,12.16,0.07,0.58,70102.63,85347.022
943,600188.SH,20171020,11.9,12.19,11.9,12.16,11.95,0.21,1.76,57799.25,69904.789
944,600188.SH,20171019,12.06,12.23,11.93,11.95,12.25,-0.3,-2.45,76969.72,92735.948
945,600188.SH,20171018,12.5,12.55,12.22,12.25,12.48,-0.23,-1.84,63320.53,78354.28
946,600188.SH,20171017,12.43,12.55,12.42,12.48,12.6,-0.12,-0.95,51402.88,64216.951
947,600188.SH,20171016,12.68,12.69,12.45,12.6,12.58,0.02,0.16,96917.78,121737.555
948,600188.SH,20171013,12.54,12.65,12.43,12.58,12.55,0.03,0.24,86068.77,108063.29
949,600188.SH,20171012,12.86,12.87,12.24,12.55,12.86,-0.31,-2.41,165438.43,206368.278
950,600188.SH,20171011,12.81,12.93,12.71,12.86,12.79,0.07,0.55,64753.36,83073.459
951,600188.SH,20171010,12.97,13.0,12.62,12.79,13.06,-0.27,-2.07,91308.93,116596.8
952,600188.SH,20171009,13.2,13.29,13.03,13.06,13.04,0.02,0.15,103010.54,135736.586
953,600188.SH,20170929,13.0,13.18,12.88,13.04,13.03,0.01,0.08,74738.28,97142.001
954,600188.SH,20170928,13.13,13.18,12.89,13.03,13.17,-0.14,-1.06,83450.95,108713.469
955,600188.SH,20170927,13.13,13.36,13.04,13.17,13.08,0.09,0.69,90657.72,119734.316
956,600188.SH,20170926,12.8,13.1,12.8,13.08,12.75,0.33,2.59,93367.23,121572.787
957,600188.SH,20170925,12.73,12.86,12.65,12.75,12.82,-0.07,-0.55,76745.2,97810.003
958,600188.SH,20170922,12.81,12.96,12.61,12.82,12.91,-0.09,-0.7,119403.44,152689.709
959,600188.SH,20170921,13.26,13.26,12.9,12.91,13.29,-0.38,-2.86,97383.54,127448.05
960,600188.SH,20170920,12.97,13.31,12.87,13.29,12.95,0.34,2.63,139216.9,183155.077
961,600188.SH,20170919,12.98,13.09,12.84,12.95,12.93,0.02,0.15,100365.62,130055.611
962,600188.SH,20170918,12.86,13.1,12.75,12.93,12.91,0.02,0.15,112628.81,145436.947
963,600188.SH,20170915,13.41,13.46,12.78,12.91,13.48,-0.57,-4.23,221130.35,287927.221
964,600188.SH,20170914,13.82,13.94,13.38,13.48,13.82,-0.34,-2.46,197764.0,267705.718
965,600188.SH,20170913,13.74,14.04,13.68,13.82,13.81,0.01,0.07,141470.19,196090.596
966,600188.SH,20170912,13.98,14.3,13.76,13.81,13.97,-0.16,-1.15,289343.21,406522.894
967,600188.SH,20170911,13.33,13.98,13.27,13.97,13.48,0.49,3.64,207304.9,284131.61
968,600188.SH,20170908,13.56,13.78,13.4,13.48,13.38,0.1,0.75,177007.77,240321.437
969,600188.SH,20170907,13.58,13.75,13.32,13.38,13.64,-0.26,-1.91,157722.61,212592.694
970,600188.SH,20170906,13.67,13.91,13.61,13.64,13.8,-0.16,-1.16,147845.25,203022.887
971,600188.SH,20170905,13.67,13.93,13.53,13.8,13.85,-0.05,-0.36,180544.99,247820.104
972,600188.SH,20170904,14.11,14.3,13.59,13.85,13.95,-0.1,-0.72,267659.53,370265.214
973,600188.SH,20170901,13.68,14.44,13.68,13.95,13.49,0.46,3.41,532192.94,747353.206
974,600188.SH,20170831,13.3,13.53,13.13,13.49,13.31,0.18,1.35,243193.16,324310.188
975,600188.SH,20170830,12.86,13.45,12.71,13.31,12.89,0.42,3.26,297334.29,392583.826
976,600188.SH,20170829,12.92,13.24,12.8,12.89,12.99,-0.1,-0.77,183067.01,237899.579
977,600188.SH,20170828,12.78,13.05,12.69,12.99,12.75,0.24,1.88,245729.14,316363.655
978,600188.SH,20170825,12.43,12.83,12.37,12.75,12.24,0.51,4.17,256344.48,323918.031
979,600188.SH,20170824,12.28,12.45,12.2,12.24,12.25,-0.01,-0.08,95304.4,117252.067
980,600188.SH,20170823,12.51,12.58,12.12,12.25,12.68,-0.43,-3.39,170917.39,210287.233
981,600188.SH,20170822,12.72,12.8,12.53,12.68,12.8,-0.12,-0.94,135749.86,171587.308
982,600188.SH,20170821,12.64,12.92,12.63,12.8,12.69,0.11,0.87,147053.71,187940.614
983,600188.SH,20170818,12.62,12.78,12.52,12.69,12.74,-0.05,-0.39,117122.56,148511.558
984,600188.SH,20170817,12.6,12.79,12.56,12.74,12.4,0.34,2.74,207877.48,263388.032
985,600188.SH,20170816,12.52,12.63,12.21,12.4,12.5,-0.1,-0.8,151425.28,187524.031
986,600188.SH,20170815,12.59,12.65,12.38,12.5,12.61,-0.11,-0.87,154898.42,193613.702
987,600188.SH,20170814,12.46,12.75,12.38,12.61,12.54,0.07,0.56,189844.77,238943.49
988,600188.SH,20170811,13.52,13.75,12.44,12.54,13.77,-1.23,-8.93,386084.37,502011.901
989,600188.SH,20170810,14.06,14.08,13.55,13.77,14.22,-0.45,-3.16,331857.08,456644.355
990,600188.SH,20170809,13.62,14.28,13.4,14.22,13.57,0.65,4.79,489769.6,681930.622
991,600188.SH,20170808,13.87,14.09,13.51,13.57,13.84,-0.27,-1.95,307373.1,426019.515
992,600188.SH,20170807,13.8,13.9,13.09,13.84,13.77,0.07,0.51,339636.32,458195.944
993,600188.SH,20170804,13.72,14.48,13.7,13.77,13.79,-0.02,-0.15,460547.69,649191.515
994,600188.SH,20170803,13.56,13.82,13.36,13.79,13.71,0.08,0.58,254720.36,346141.428
995,600188.SH,20170802,13.75,14.39,13.6,13.71,13.77,-0.06,-0.44,419683.78,585929.639
996,600188.SH,20170801,14.21,14.24,13.55,13.77,14.26,-0.49,-3.44,327408.46,450308.588
997,600188.SH,20170731,13.36,14.55,13.36,14.26,13.35,0.91,6.82,472040.32,658962.69
998,600188.SH,20170728,13.2,13.45,13.03,13.35,13.22,0.13,0.98,204645.73,272513.084
999,600188.SH,20170727,13.94,13.95,13.01,13.22,13.95,-0.73,-5.23,379618.52,509968.383
1000,600188.SH,20170726,14.08,14.1,13.85,13.95,14.06,-0.11,-0.78,219446.23,306489.564
1001,600188.SH,20170725,14.01,14.19,13.76,14.06,14.01,0.05,0.36,203786.13,284387.164
1002,600188.SH,20170724,14.42,14.69,13.85,14.01,14.56,-0.55,-3.78,346155.01,489401.686
1003,600188.SH,20170721,14.17,14.96,14.17,14.56,14.34,0.22,1.53,291693.15,424739.83
1004,600188.SH,20170720,14.35,14.4,14.02,14.34,14.43,-0.09,-0.62,246891.36,350960.558
1005,600188.SH,20170719,13.66,14.55,13.6,14.43,13.67,0.76,5.56,465657.17,660441.883
1006,600188.SH,20170718,13.02,13.79,13.02,13.67,13.21,0.46,3.48,262124.11,352610.84
1007,600188.SH,20170717,12.99,13.56,12.35,13.21,13.02,0.19,1.46,333556.71,439881.117
1008,600188.SH,20170714,12.83,13.11,12.67,13.02,12.88,0.14,1.09,119536.83,155098.754
1009,600188.SH,20170713,12.9,13.31,12.9,13.0,13.04,-0.04,-0.31,187727.46,246029.804
1010,600188.SH,20170712,12.68,13.08,12.44,13.04,12.68,0.36,2.84,167540.8,213604.907
1011,600188.SH,20170711,13.18,13.21,12.67,12.68,13.12,-0.44,-3.35,175123.61,225203.658
1012,600188.SH,20170710,13.05,13.53,13.02,13.12,13.25,-0.13,-0.98,216462.45,286289.737
1013,600188.SH,20170707,12.95,13.32,12.66,13.25,13.0,0.25,1.92,242746.22,315931.009
1014,600188.SH,20170706,12.79,13.31,12.73,13.0,12.58,0.42,3.34,314784.17,408133.895
1015,600188.SH,20170705,12.37,12.74,12.3,12.58,12.29,0.29,2.36,169599.95,212714.83
1016,600188.SH,20170704,12.49,12.51,12.14,12.29,12.52,-0.23,-1.84,117438.2,144363.809
1017,600188.SH,20170703,12.23,12.62,12.15,12.52,12.24,0.28,2.29,158726.94,197402.465
1018,600188.SH,20170630,12.42,12.42,12.11,12.24,12.38,-0.14,-1.13,94776.29,116060.755
1019,600188.SH,20170629,12.31,12.7,12.31,12.38,12.33,0.05,0.41,128036.12,160104.277
1020,600188.SH,20170628,12.22,12.41,12.16,12.33,12.3,0.03,0.24,95144.57,116855.213
1021,600188.SH,20170627,12.34,12.47,12.2,12.3,12.33,-0.03,-0.24,159683.58,197121.676
1022,600188.SH,20170626,11.89,12.42,11.77,12.33,11.87,0.46,3.88,225052.33,272987.276
1023,600188.SH,20170623,11.55,11.92,11.45,11.87,11.61,0.26,2.24,93876.34,110013.053
1024,600188.SH,20170622,11.8,12.05,11.56,11.61,11.74,-0.13,-1.11,107370.85,127511.098
1025,600188.SH,20170621,11.81,11.81,11.61,11.74,11.78,-0.04,-0.34,44382.92,51877.55
1026,600188.SH,20170620,11.76,11.85,11.6,11.78,11.77,0.01,0.09,69554.19,81667.599
1027,600188.SH,20170619,11.64,11.94,11.55,11.77,11.6,0.17,1.47,105674.5,124438.809
1028,600188.SH,20170616,11.66,11.85,11.59,11.6,11.63,-0.03,-0.26,65151.01,76371.528
1029,600188.SH,20170615,11.62,11.75,11.58,11.63,11.7,-0.07,-0.6,49925.83,58170.095
1030,600188.SH,20170614,11.7,11.85,11.51,11.7,11.72,-0.02,-0.17,103778.56,121191.269
1031,600188.SH,20170613,11.14,11.97,11.1,11.72,11.14,0.58,5.21,192171.95,223476.323
1032,600188.SH,20170612,10.92,11.28,10.91,11.14,10.95,0.19,1.74,83262.69,92444.961
1033,600188.SH,20170609,11.0,11.04,10.85,10.95,11.01,-0.06,-0.55,57559.36,63010.71
1034,600188.SH,20170608,11.1,11.11,10.87,11.01,11.08,-0.07,-0.63,52173.88,57374.268
1035,600188.SH,20170607,10.96,11.14,10.92,11.08,10.97,0.11,1.0,74502.87,82319.387
1036,600188.SH,20170606,10.9,11.03,10.8,10.97,10.91,0.06,0.55,54692.72,59848.601
1037,600188.SH,20170605,10.76,11.05,10.74,10.91,10.8,0.11,1.02,73112.25,79961.883
1038,600188.SH,20170602,10.35,10.88,10.3,10.8,10.4,0.4,3.85,92011.94,98297.778
1039,600188.SH,20170601,10.42,10.57,10.36,10.4,10.47,-0.07,-0.67,56241.84,58872.818
1040,600188.SH,20170531,10.76,10.8,10.46,10.47,10.6,-0.13,-1.23,64268.0,68350.976
1041,600188.SH,20170526,10.65,10.77,10.57,10.6,10.64,-0.04,-0.38,66398.7,70929.269
1042,600188.SH,20170525,10.27,10.64,10.24,10.64,10.32,0.32,3.1,90051.62,94438.222
1043,600188.SH,20170524,10.23,10.34,10.08,10.32,10.27,0.05,0.49,58223.14,59384.34
1044,600188.SH,20170523,10.46,10.54,10.23,10.27,10.46,-0.19,-1.82,67005.1,69396.273
1045,600188.SH,20170522,10.38,10.67,10.34,10.46,10.38,0.08,0.77,69630.89,73184.382
1046,600188.SH,20170519,10.47,10.52,10.33,10.38,10.47,-0.09,-0.86,33602.61,34983.881
1047,600188.SH,20170518,10.32,10.62,10.31,10.47,10.41,0.06,0.58,61094.73,64155.34
1048,600188.SH,20170517,10.51,10.63,10.37,10.41,10.51,-0.1,-0.95,73195.84,76693.767
1049,600188.SH,20170516,10.35,10.52,10.22,10.51,10.35,0.16,1.55,57921.97,60239.942
1050,600188.SH,20170515,10.25,10.39,10.23,10.35,10.29,0.06,0.58,43301.1,44701.126
1051,600188.SH,20170512,10.08,10.39,10.06,10.29,10.1,0.19,1.88,50009.67,51216.782
1052,600188.SH,20170511,10.03,10.17,9.95,10.1,10.2,-0.1,-0.98,63122.8,63686.017
1053,600188.SH,20170510,10.4,10.45,10.14,10.2,10.39,-0.19,-1.83,49456.13,51092.631
1054,600188.SH,20170509,10.12,10.47,10.12,10.39,10.3,0.09,0.87,66718.34,69027.163
1055,600188.SH,20170508,11.07,11.11,10.24,10.3,11.23,-0.93,-8.28,190850.45,202694.579
1056,600188.SH,20170505,11.8,11.81,11.2,11.23,11.92,-0.69,-5.79,158319.28,182340.79
1057,600188.SH,20170504,11.67,11.95,11.45,11.92,11.79,0.13,1.1,160067.74,187231.381
1058,600188.SH,20170503,11.85,11.92,11.65,11.79,11.97,-0.18,-1.5,86670.41,102129.682
1059,600188.SH,20170502,11.88,11.99,11.76,11.97,11.81,0.16,1.35,162625.34,193457.655
1060,600188.SH,20170428,11.5,11.93,11.48,11.81,11.55,0.26,2.25,157939.49,186214.732
1061,600188.SH,20170427,11.58,11.64,11.2,11.55,11.64,-0.09,-0.77,78692.54,90237.487
1062,600188.SH,20170426,11.62,11.86,11.48,11.64,11.68,-0.04,-0.34,114243.43,133283.969
1063,600188.SH,20170425,11.23,11.79,11.22,11.68,11.41,0.27,2.37,110810.24,127441.941
1064,600188.SH,20170424,11.8,11.93,11.31,11.41,11.72,-0.31,-2.65,146694.41,170824.206
1065,600188.SH,20170421,11.51,11.95,11.48,11.72,11.44,0.28,2.45,156177.08,183942.177
1066,600188.SH,20170420,11.39,11.59,11.32,11.44,11.24,0.2,1.78,121052.5,138251.3
1067,600188.SH,20170419,11.47,11.56,11.05,11.24,11.55,-0.31,-2.68,80369.67,90472.634
1068,600188.SH,20170418,11.36,11.74,11.26,11.55,11.26,0.29,2.58,98817.96,114066.528
1069,600188.SH,20170417,11.63,11.65,11.16,11.26,11.67,-0.41,-3.51,94964.89,108300.738
1070,600188.SH,20170414,11.93,12.05,11.66,11.67,11.97,-0.3,-2.51,104801.15,123955.298
1071,600188.SH,20170413,11.85,12.08,11.75,11.97,11.83,0.14,1.18,162300.24,193991.693
1072,600188.SH,20170412,11.68,11.94,11.46,11.83,11.76,0.07,0.6,152528.06,179146.061
1073,600188.SH,20170411,11.7,11.83,11.35,11.76,11.78,-0.02,-0.17,168495.07,194784.327
1074,600188.SH,20170410,11.8,11.92,11.65,11.78,11.8,-0.02,-0.17,101060.88,119003.8
1075,600188.SH,20170407,11.78,11.92,11.6,11.8,11.8,0.0,0.0,147000.76,172868.176
1076,600188.SH,20170406,11.36,11.82,11.3,11.8,11.37,0.43,3.78,227372.05,263242.656
1077,600188.SH,20170405,11.5,11.74,11.36,11.37,11.4,-0.03,-0.26,261707.42,301964.685
1078,600188.SH,20170331,11.08,11.46,11.03,11.4,11.15,0.25,2.24,203098.87,228774.873
1079,600188.SH,20170330,10.9,11.35,10.9,11.15,10.99,0.16,1.46,259042.52,288665.617
1080,600188.SH,20170329,10.78,11.11,10.77,10.99,10.73,0.26,2.42,229253.96,252166.355
1081,600188.SH,20170328,10.9,10.91,10.69,10.73,10.84,-0.11,-1.01,66161.07,71445.703
1082,600188.SH,20170327,10.81,10.96,10.78,10.84,10.78,0.06,0.56,122852.89,133367.618
1083,600188.SH,20170324,10.75,10.84,10.66,10.78,10.78,0.0,0.0,72942.08,78253.634
1084,600188.SH,20170323,10.55,10.86,10.55,10.78,10.57,0.21,1.99,131134.74,140652.537
1085,600188.SH,20170322,10.64,10.66,10.46,10.57,10.78,-0.21,-1.95,144734.95,152998.134
1086,600188.SH,20170321,10.9,10.99,10.75,10.78,11.06,-0.28,-2.53,200227.2,216770.42
1087,600188.SH,20170320,11.49,11.67,10.88,11.06,10.69,0.37,3.46,375734.37,417465.645
1088,600188.SH,20170317,10.85,10.99,10.67,10.69,10.88,-0.19,-1.75,133262.5,143740.631
1089,600188.SH,20170316,10.84,11.11,10.77,10.88,10.8,0.08,0.74,214775.34,234499.523
1090,600188.SH,20170315,10.59,10.85,10.55,10.8,10.54,0.26,2.47,203171.42,218620.098
1091,600188.SH,20170314,10.43,10.68,10.38,10.54,10.42,0.12,1.15,124933.02,132022.283
1092,600188.SH,20170313,10.26,10.47,10.16,10.42,10.26,0.16,1.56,86118.57,89231.686
1093,600188.SH,20170310,10.31,10.36,10.22,10.26,10.29,-0.03,-0.29,52282.02,53830.228
1094,600188.SH,20170309,10.43,10.43,10.15,10.29,10.5,-0.21,-2.0,113735.97,116818.505
1095,600188.SH,20170308,10.62,10.64,10.43,10.5,10.65,-0.15,-1.41,78818.68,82937.356
1096,600188.SH,20170307,10.71,10.73,10.59,10.65,10.7,-0.05,-0.47,71701.51,76311.942
1097,600188.SH,20170306,10.55,10.78,10.55,10.7,10.54,0.16,1.52,110182.72,117701.238
1098,600188.SH,20170303,10.67,10.67,10.42,10.54,10.75,-0.21,-1.95,118871.54,124997.599
1099,600188.SH,20170302,10.83,10.9,10.72,10.75,10.83,-0.08,-0.74,65029.6,70220.804
1100,600188.SH,20170301,10.82,10.92,10.75,10.83,10.82,0.01,0.09,97235.29,105497.944
1101,600188.SH,20170228,10.73,10.85,10.71,10.82,10.73,0.09,0.84,86051.9,92749.38
1102,600188.SH,20170227,10.88,10.94,10.69,10.73,10.88,-0.15,-1.38,101741.36,110121.306
1103,600188.SH,20170224,11.12,11.14,10.78,10.88,11.15,-0.27,-2.42,154817.86,168759.717
1104,600188.SH,20170223,11.2,11.28,11.06,11.15,11.19,-0.04,-0.36,93071.63,103941.885
1105,600188.SH,20170222,11.2,11.26,11.1,11.19,11.22,-0.03,-0.27,121760.82,136124.173
1106,600188.SH,20170221,11.15,11.58,11.03,11.22,11.11,0.11,0.99,190165.64,213493.051
1107,600188.SH,20170220,11.03,11.12,10.94,11.11,10.97,0.14,1.28,97860.44,107956.188
1108,600188.SH,20170217,11.25,11.28,10.97,10.97,11.25,-0.28,-2.49,99968.6,110807.048
1109,600188.SH,20170216,11.07,11.38,11.07,11.25,11.06,0.19,1.72,147058.98,165562.17
1110,600188.SH,20170215,11.19,11.24,11.04,11.06,11.26,-0.2,-1.78,106121.83,117984.81
1111,600188.SH,20170214,11.16,11.28,11.08,11.26,11.23,0.03,0.27,94798.94,105868.791
1112,600188.SH,20170213,11.29,11.55,11.14,11.23,11.18,0.05,0.45,197740.08,223865.863
1113,600188.SH,20170210,10.92,11.33,10.88,11.18,10.9,0.28,2.57,176636.19,195513.643
1114,600188.SH,20170209,10.92,10.93,10.81,10.9,10.93,-0.03,-0.27,83192.49,90467.773
1115,600188.SH,20170208,10.75,10.94,10.66,10.93,10.75,0.18,1.67,52673.68,56888.153
1116,600188.SH,20170207,10.76,10.82,10.68,10.75,10.8,-0.05,-0.46,42697.02,45904.323
1117,600188.SH,20170206,10.8,10.85,10.65,10.8,10.8,0.0,0.0,41421.88,44581.752
1118,600188.SH,20170203,10.97,10.99,10.73,10.8,10.9,-0.1,-0.92,47840.51,51855.95
1119,600188.SH,20170126,10.81,10.93,10.8,10.9,10.78,0.12,1.11,54228.06,58964.884
1120,600188.SH,20170125,10.83,10.94,10.74,10.78,10.82,-0.04,-0.37,41071.77,44392.029
1121,600188.SH,20170124,10.82,10.94,10.72,10.82,10.83,-0.01,-0.09,60953.61,66029.9
1122,600188.SH,20170123,10.65,10.86,10.62,10.83,10.64,0.19,1.79,50048.93,53854.011
1123,600188.SH,20170120,10.54,10.65,10.5,10.64,10.52,0.12,1.14,37933.49,40182.393
1124,600188.SH,20170119,10.49,10.62,10.43,10.52,10.54,-0.02,-0.19,39760.48,41984.407
1125,600188.SH,20170118,10.43,10.59,10.35,10.54,10.39,0.15,1.44,43517.33,45760.654
1126,600188.SH,20170117,10.32,10.44,10.2,10.39,10.32,0.07,0.68,41391.89,42819.244
1127,600188.SH,20170116,10.61,10.76,9.92,10.32,10.56,-0.24,-2.27,83271.14,87034.728
1128,600188.SH,20170113,10.6,10.68,10.46,10.56,10.6,-0.04,-0.38,39753.33,42078.083
1129,600188.SH,20170112,10.8,10.88,10.58,10.6,10.81,-0.21,-1.94,47173.5,50581.42
1130,600188.SH,20170111,10.89,11.15,10.78,10.81,10.95,-0.14,-1.28,70458.98,77505.532
1131,600188.SH,20170110,10.79,11.07,10.79,10.95,10.8,0.15,1.39,69564.25,76041.161
1132,600188.SH,20170109,10.68,10.84,10.67,10.8,10.73,0.07,0.65,56345.81,60812.27
1133,600188.SH,20170106,11.0,11.04,10.69,10.73,11.04,-0.31,-2.81,87334.67,94321.781
1134,600188.SH,20170105,10.9,11.11,10.89,11.04,10.9,0.14,1.28,72000.79,79285.231
1135,600188.SH,20170104,10.88,10.93,10.75,10.9,10.88,0.02,0.18,68352.94,74005.777
1136,600188.SH,20170103,10.8,10.93,10.78,10.88,10.86,0.02,0.18,48971.05,53216.061
1137,600188.SH,20161230,10.76,10.95,10.7,10.86,10.78,0.08,0.74,35316.23,38222.71
1138,600188.SH,20161229,10.71,10.96,10.71,10.78,10.63,0.15,1.41,68798.28,74479.599
1139,600188.SH,20161228,10.75,10.85,10.62,10.63,10.78,-0.15,-1.39,71301.55,76585.574
1140,600188.SH,20161227,10.5,10.81,10.44,10.78,10.52,0.26,2.47,78047.09,82847.2
1141,600188.SH,20161226,10.68,10.68,10.21,10.52,10.7,-0.18,-1.68,76445.51,79451.065
1142,600188.SH,20161223,11.01,11.05,10.67,10.7,11.05,-0.35,-3.17,67093.88,72567.913
1143,600188.SH,20161222,11.14,11.15,10.99,11.05,11.13,-0.08,-0.72,43572.53,48084.202
1144,600188.SH,20161221,11.04,11.18,11.0,11.13,11.02,0.11,1.0,82189.39,91153.35
1145,600188.SH,20161220,11.18,11.18,10.92,11.02,11.18,-0.16,-1.43,56581.55,62222.842
1146,600188.SH,20161219,11.18,11.24,11.11,11.18,11.14,0.04,0.36,37789.18,42261.42
1147,600188.SH,20161216,11.13,11.18,11.08,11.14,11.11,0.03,0.27,28071.0,31236.702
1148,600188.SH,20161215,10.99,11.2,10.96,11.11,11.02,0.09,0.82,47981.04,53285.495
1149,600188.SH,20161214,11.07,11.16,10.94,11.02,11.08,-0.06,-0.54,60876.76,67247.245
1150,600188.SH,20161213,11.12,11.15,10.86,11.08,11.19,-0.11,-0.98,72508.12,79953.046
1151,600188.SH,20161212,11.8,11.86,11.18,11.19,11.76,-0.57,-4.85,83061.36,95141.794
1152,600188.SH,20161209,11.75,11.8,11.69,11.76,11.79,-0.03,-0.25,40535.43,47572.153
1153,600188.SH,20161208,11.94,11.94,11.7,11.79,11.94,-0.15,-1.26,61733.55,72982.747
1154,600188.SH,20161207,11.65,11.95,11.65,11.94,11.67,0.27,2.31,83520.16,98999.94
1155,600188.SH,20161206,11.7,11.78,11.64,11.67,11.69,-0.02,-0.17,66383.32,77706.996
1156,600188.SH,20161205,11.48,11.74,11.42,11.69,11.58,0.11,0.95,79253.58,92390.773
1157,600188.SH,20161202,11.81,11.89,11.46,11.58,11.79,-0.21,-1.78,126928.22,148208.534
1158,600188.SH,20161201,11.83,11.96,11.7,11.79,11.79,0.0,0.0,123032.48,145166.358
1159,600188.SH,20161130,12.22,12.26,11.7,11.79,12.28,-0.49,-3.99,161793.49,192969.065
1160,600188.SH,20161129,12.5,12.58,12.27,12.28,12.66,-0.38,-3.0,125610.82,155704.47
1161,600188.SH,20161128,12.64,12.75,12.37,12.66,12.66,0.0,0.0,141940.31,178710.534
1162,600188.SH,20161125,12.6,12.67,12.15,12.66,12.61,0.05,0.4,134322.98,167031.174
1163,600188.SH,20161124,13.18,13.7,12.55,12.61,12.99,-0.38,-2.93,224915.28,291500.553
1164,600188.SH,20161123,13.23,13.24,12.98,12.99,13.29,-0.3,-2.26,132328.68,173161.117
1165,600188.SH,20161122,13.16,13.44,13.07,13.29,13.09,0.2,1.53,187201.07,247683.015
1166,600188.SH,20161121,12.96,13.26,12.96,13.09,13.01,0.08,0.61,74036.08,96882.684
1167,600188.SH,20161118,13.26,13.27,12.95,13.01,13.27,-0.26,-1.96,90441.79,118335.683
1168,600188.SH,20161117,13.15,13.35,13.06,13.27,13.23,0.04,0.3,90356.28,119503.507
1169,600188.SH,20161116,13.3,13.44,13.1,13.23,13.35,-0.12,-0.9,109693.61,144952.619
1170,600188.SH,20161115,13.65,13.88,13.25,13.35,13.8,-0.45,-3.26,189793.5,256863.356
1171,600188.SH,20161114,13.08,14.2,13.03,13.8,13.38,0.42,3.14,339851.06,465932.097
1172,600188.SH,20161111,12.9,13.65,12.67,13.38,12.85,0.53,4.12,343236.29,454146.332
1173,600188.SH,20161110,12.82,13.04,12.71,12.85,12.72,0.13,1.02,143010.08,184013.119
1174,600188.SH,20161109,12.68,12.95,12.45,12.72,12.73,-0.01,-0.08,158871.8,201685.67
1175,600188.SH,20161108,12.8,12.96,12.65,12.73,12.91,-0.18,-1.39,164078.74,209729.883
1176,600188.SH,20161107,12.74,13.28,12.74,12.91,12.63,0.28,2.22,224521.41,290800.849
1177,600188.SH,20161104,12.63,12.79,12.43,12.63,12.59,0.04,0.32,155508.94,196132.983
1178,600188.SH,20161103,12.42,12.67,12.36,12.59,12.46,0.13,1.04,118542.35,148459.952
1179,600188.SH,20161102,12.6,12.84,12.41,12.46,12.56,-0.1,-0.8,121659.51,153189.699
1180,600188.SH,20161101,12.58,12.88,12.47,12.56,12.64,-0.08,-0.63,111543.15,140891.835
1181,600188.SH,20161031,12.6,12.74,12.46,12.64,12.81,-0.17,-1.33,81314.51,102364.385
1182,600188.SH,20161028,12.8,12.97,12.7,12.81,12.86,-0.05,-0.39,98530.66,126271.736
1183,600188.SH,20161027,12.92,13.21,12.65,12.86,13.1,-0.24,-1.83,132261.32,170631.182
1184,600188.SH,20161026,13.28,13.28,12.98,13.1,13.47,-0.37,-2.75,141766.4,185855.025
1185,600188.SH,20161025,13.2,13.65,12.98,13.47,13.2,0.27,2.05,335495.83,446759.824
1186,600188.SH,20161024,12.55,13.58,12.49,13.2,12.44,0.76,6.11,292117.98,382413.258
1187,600188.SH,20161021,12.45,12.58,12.3,12.44,12.5,-0.06,-0.48,57729.59,71866.539
1188,600188.SH,20161020,12.66,12.7,12.44,12.5,12.65,-0.15,-1.19,58953.61,73698.16
1189,600188.SH,20161019,12.91,13.09,12.55,12.65,12.65,0.0,0.0,126492.79,162220.955
1190,600188.SH,20161018,12.43,12.66,12.3,12.65,12.5,0.15,1.2,99090.73,123957.879
1191,600188.SH,20161017,12.8,12.94,12.4,12.5,12.66,-0.16,-1.26,93632.02,118615.812
1192,600188.SH,20161014,12.69,12.74,12.44,12.66,12.62,0.04,0.32,61437.49,77052.689
1193,600188.SH,20161013,12.83,13.07,12.57,12.62,12.75,-0.13,-1.02,103243.25,132195.074
1194,600188.SH,20161012,12.73,12.79,12.6,12.75,12.85,-0.1,-0.78,65541.7,83237.013
1195,600188.SH,20161011,12.83,12.85,12.55,12.85,12.68,0.17,1.34,124494.69,158296.244
1196,600188.SH,20161010,12.7,13.1,12.56,12.68,12.45,0.23,1.85,132048.83,168717.277
1197,600188.SH,20160930,12.12,12.5,12.05,12.45,12.25,0.2,1.63,113532.63,140267.79
1198,600188.SH,20160929,11.88,12.47,11.88,12.25,11.73,0.52,4.43,165216.13,202586.74
1199,600188.SH,20160928,11.83,11.83,11.67,11.73,11.72,0.01,0.09,41943.68,49182.181
1200,600188.SH,20160927,11.64,11.83,11.49,11.72,11.59,0.13,1.12,69653.71,81165.311
1201,600188.SH,20160926,11.54,12.0,11.42,11.59,11.54,0.05,0.43,137181.47,161134.556
1202,600188.SH,20160923,11.5,11.63,11.42,11.54,11.55,-0.01,-0.09,58717.79,67760.178
1203,600188.SH,20160922,11.55,11.78,11.51,11.55,11.47,0.08,0.7,87568.01,101748.809
1204,600188.SH,20160921,11.54,11.57,11.37,11.47,11.61,-0.14,-1.21,59981.44,68622.583
1205,600188.SH,20160920,11.51,11.65,11.38,11.61,11.44,0.17,1.49,79973.47,92309.815
1206,600188.SH,20160919,11.31,11.48,11.3,11.44,11.27,0.17,1.51,52377.68,59776.434
1207,600188.SH,20160914,11.23,11.47,11.16,11.27,11.35,-0.08,-0.7,51431.67,58098.488
1208,600188.SH,20160913,11.44,11.52,11.23,11.35,11.38,-0.03,-0.26,76280.23,86688.137
1209,600188.SH,20160912,11.96,11.96,11.31,11.38,12.23,-0.85,-6.95,126988.09,147128.061
1210,600188.SH,20160909,12.49,12.65,12.17,12.23,12.49,-0.26,-2.08,114322.02,141610.333
1211,600188.SH,20160908,12.11,12.5,12.06,12.49,12.27,0.22,1.79,122519.8,151903.55
1212,600188.SH,20160907,12.44,12.44,12.1,12.27,12.52,-0.25,-2.0,127985.16,157369.404
1213,600188.SH,20160906,12.35,12.62,12.24,12.52,12.35,0.17,1.38,113259.55,140943.125
1214,600188.SH,20160905,12.26,12.66,12.22,12.35,12.14,0.21,1.73,165546.96,206490.755
1215,600188.SH,20160902,12.03,12.21,11.95,12.14,12.1,0.04,0.33,69627.56,84249.097
1216,600188.SH,20160901,12.39,12.42,12.09,12.1,12.44,-0.34,-2.73,104119.1,126879.562
1217,600188.SH,20160831,12.31,12.47,12.25,12.44,12.29,0.15,1.22,88772.24,109839.266
1218,600188.SH,20160830,12.32,12.42,12.23,12.29,12.29,0.0,0.0,62425.15,77023.981
1219,600188.SH,20160829,12.18,12.44,12.18,12.29,12.24,0.05,0.41,62878.0,77280.197
1220,600188.SH,20160826,12.4,12.49,12.2,12.24,12.35,-0.11,-0.89,100676.72,124234.701
1221,600188.SH,20160825,12.13,12.56,11.91,12.35,12.28,0.07,0.57,135442.74,166889.498
1222,600188.SH,20160824,12.33,12.45,12.21,12.28,12.34,-0.06,-0.49,67768.69,83492.246
1223,600188.SH,20160823,12.3,12.39,12.15,12.34,12.42,-0.08,-0.64,96310.89,118148.829
1224,600188.SH,20160822,12.39,12.54,12.1,12.42,12.41,0.01,0.08,172773.46,212994.383
1225,600188.SH,20160819,12.56,12.68,12.22,12.41,12.57,-0.16,-1.27,192237.77,237578.245
1226,600188.SH,20160818,13.03,13.48,12.51,12.57,13.08,-0.51,-3.9,262776.03,339873.966
1227,600188.SH,20160817,13.39,13.39,13.02,13.08,13.52,-0.44,-3.25,152703.31,201341.757
1228,600188.SH,20160816,13.03,13.95,13.03,13.52,13.27,0.25,1.88,293022.77,397778.671
1229,600188.SH,20160815,13.2,13.63,12.61,13.27,13.28,-0.01,-0.08,260905.69,343994.157
1230,600188.SH,20160812,12.98,13.38,12.78,13.28,13.12,0.16,1.22,161814.58,211893.584
1231,600188.SH,20160811,13.25,13.33,12.8,13.12,13.21,-0.09,-0.68,176846.87,230057.38
1232,600188.SH,20160810,12.99,13.99,12.81,13.21,12.99,0.22,1.69,285884.01,384396.244
1233,600188.SH,20160809,12.73,13.25,12.57,12.99,12.76,0.23,1.8,281624.32,364537.684
1234,600188.SH,20160808,11.64,12.76,11.64,12.76,11.6,1.16,10.0,282687.42,349202.972
1235,600188.SH,20160805,11.58,11.67,11.48,11.6,11.62,-0.02,-0.17,74942.16,86893.71
1236,600188.SH,20160804,11.72,11.78,11.32,11.62,11.71,-0.09,-0.77,93357.15,107375.236
1237,600188.SH,20160803,11.68,11.87,11.63,11.71,11.88,-0.17,-1.43,89406.04,105031.182
1238,600188.SH,20160802,12.0,12.04,11.62,11.88,11.77,0.11,0.93,112266.47,132730.309
1239,600188.SH,20160801,11.23,11.78,11.2,11.77,11.26,0.51,4.53,159428.23,183506.684
1240,600188.SH,20160729,11.7,11.84,11.15,11.26,11.75,-0.49,-4.17,116500.27,134819.826
1241,600188.SH,20160728,11.74,12.0,11.47,11.75,11.84,-0.09,-0.76,112234.34,131778.969
1242,600188.SH,20160727,12.5,12.69,11.43,11.84,12.59,-0.75,-5.96,170098.6,204676.278
1243,600188.SH,20160726,12.36,12.75,12.32,12.59,12.33,0.26,2.11,138356.98,173533.946
1244,600188.SH,20160725,12.48,12.73,12.2,12.33,12.45,-0.12,-0.96,130606.3,162828.412
1245,600188.SH,20160722,12.55,12.66,12.3,12.45,12.66,-0.21,-1.66,114962.17,142884.982
1246,600188.SH,20160721,12.3,12.85,12.25,12.66,12.27,0.39,3.18,238006.86,298639.68
1247,600188.SH,20160720,12.48,12.49,12.2,12.27,12.48,-0.21,-1.68,122143.14,150414.686
1248,600188.SH,20160719,12.48,12.55,12.2,12.48,12.41,0.07,0.56,127587.06,158391.681
1249,600188.SH,20160718,12.68,12.7,12.21,12.41,12.82,-0.41,-3.2,226242.82,281644.053
1250,600188.SH,20160715,13.28,13.78,12.55,12.82,13.29,-0.47,-3.54,249766.14,324521.99
1251,600188.SH,20160714,13.38,13.38,13.0,13.29,13.41,-0.12,-0.89,109905.34,144436.351
1252,600188.SH,20160713,13.61,13.7,12.96,13.41,13.57,-0.16,-1.18,181414.52,240318.827
1253,600188.SH,20160712,12.7,13.9,12.52,13.57,12.73,0.84,6.6,322820.38,435501.606
1254,600188.SH,20160711,12.05,12.9,11.95,12.73,12.01,0.72,6.0,294176.34,366521.709
1255,600188.SH,20160708,12.28,12.36,11.88,12.01,12.4,-0.39,-3.15,155485.6,186603.169
1256,600188.SH,20160707,12.41,12.85,12.16,12.4,12.58,-0.18,-1.43,173532.39,215915.498
1257,600188.SH,20160706,12.5,12.9,12.04,12.58,12.38,0.2,1.62,177941.88,220430.195
1258,600188.SH,20160705,12.3,12.87,12.15,12.38,12.39,-0.01,-0.08,209428.24,262078.458
1259,600188.SH,20160704,11.3,12.39,11.25,12.39,11.26,1.13,10.04,224597.53,270551.109
1260,600188.SH,20160701,10.86,11.38,10.86,11.26,10.94,0.32,2.93,125399.08,140185.534
1261,600188.SH,20160630,10.84,11.12,10.71,10.94,10.95,-0.01,-0.09,104037.05,113840.1
1262,600188.SH,20160629,11.27,11.64,10.78,10.96,11.27,-0.31,-2.75,148497.48,163892.43
1263,600188.SH,20160628,10.98,11.74,10.84,11.27,11.27,0.0,0.0,151153.67,170319.594
1264,600188.SH,20160627,10.4,11.58,10.4,11.27,10.53,0.74,7.03,258288.55,290569.547
1265,600188.SH,20160624,10.6,10.87,10.11,10.53,10.72,-0.19,-1.77,248158.21,259089.853
1266,600188.SH,20160623,10.5,11.01,10.11,10.72,10.23,0.49,4.79,233386.36,247039.187
1267,600188.SH,20160622,9.27,10.23,9.25,10.23,9.3,0.93,10.0,147274.93,148327.681
1268,600188.SH,20160621,9.27,9.68,9.25,9.3,9.22,0.08,0.87,117359.94,111344.691
1269,600188.SH,20160620,9.16,9.32,9.15,9.22,9.28,-0.06,-0.65,66253.22,61213.483
1270,600188.SH,20160617,8.95,9.4,8.94,9.28,8.84,0.44,4.98,108547.02,99705.195
1271,600188.SH,20160616,9.0,9.0,8.8,8.84,8.99,-0.15,-1.67,44813.78,39761.514
1272,600188.SH,20160615,8.66,9.0,8.65,8.99,8.83,0.16,1.81,64795.3,57600.466
1273,600188.SH,20160614,9.0,9.02,8.78,8.83,8.89,-0.06,-0.67,38966.35,34539.798
1274,600188.SH,20160613,9.25,9.28,8.88,8.89,9.35,-0.46,-4.92,50768.84,46351.664
1275,600188.SH,20160608,9.38,9.44,9.3,9.35,9.43,-0.08,-0.85,49774.66,46531.199
1276,600188.SH,20160607,9.48,9.5,9.38,9.43,9.5,-0.07,-0.74,55889.88,52643.231
1277,600188.SH,20160606,9.53,9.55,9.35,9.5,9.5,0.0,0.0,60797.45,57374.385
1278,600188.SH,20160603,9.6,9.6,9.38,9.5,9.57,-0.07,-0.73,62537.48,59102.844
1279,600188.SH,20160602,9.4,9.74,9.38,9.57,9.38,0.19,2.03,105822.44,101597.146
1280,600188.SH,20160601,9.26,9.52,9.26,9.38,9.31,0.07,0.75,97545.61,91844.602
1281,600188.SH,20160531,9.01,9.33,9.01,9.31,9.02,0.29,3.22,94722.19,87668.195
1282,600188.SH,20160530,9.16,9.17,8.9,9.02,9.21,-0.19,-2.06,41710.63,37735.194
1283,600188.SH,20160527,9.28,9.31,9.11,9.21,9.3,-0.09,-0.97,50009.77,46048.884
1284,600188.SH,20160526,9.19,9.34,9.09,9.3,9.19,0.11,1.2,88046.29,81260.181
1285,600188.SH,20160525,9.06,9.29,9.0,9.19,8.99,0.2,2.22,74488.85,68054.285
1286,600188.SH,20160524,9.19,9.2,8.8,8.99,9.28,-0.29,-3.13,66372.6,59865.896
1287,600188.SH,20160523,9.2,9.35,9.11,9.28,9.25,0.03,0.32,44343.79,40928.914
1288,600188.SH,20160520,9.08,9.27,8.88,9.25,9.19,0.06,0.65,42753.06,38970.311
1289,600188.SH,20160519,9.45,9.55,9.13,9.19,9.28,-0.09,-0.97,68697.47,64185.469
1290,600188.SH,20160518,9.1,9.55,9.01,9.28,9.22,0.06,0.65,104747.49,97265.158
1291,600188.SH,20160517,9.0,9.35,9.0,9.22,8.93,0.29,3.25,132138.24,121913.528
1292,600188.SH,20160516,8.9,8.94,8.71,8.93,8.91,0.02,0.22,54797.51,48436.642
1293,600188.SH,20160513,8.89,9.05,8.85,8.91,8.92,-0.01,-0.11,56176.84,50252.15
1294,600188.SH,20160512,8.78,8.95,8.65,8.92,9.0,-0.08,-0.89,52398.34,46267.655
1295,600188.SH,20160511,9.05,9.09,8.81,9.0,8.99,0.01,0.11,81433.6,73360.955
1296,600188.SH,20160510,8.93,9.05,8.85,8.99,9.01,-0.02,-0.22,68796.71,61620.351
1297,600188.SH,20160509,9.9,9.98,9.01,9.01,10.01,-1.0,-9.99,178708.45,164896.357
1298,600188.SH,20160506,10.54,10.6,9.98,10.01,10.57,-0.56,-5.3,105930.78,108949.658
1299,600188.SH,20160505,10.52,10.64,10.4,10.57,10.56,0.01,0.09,73624.91,77366.56
1300,600188.SH,20160504,10.64,10.7,10.5,10.56,10.81,-0.25,-2.31,91678.09,97127.888
1301,600188.SH,20160503,10.54,10.84,10.35,10.81,10.56,0.25,2.37,144950.28,152637.068
1302,600188.SH,20160429,10.41,10.63,10.35,10.56,10.52,0.04,0.38,63645.71,66945.578
1303,600188.SH,20160428,10.31,10.57,10.23,10.52,10.58,-0.06,-0.57,72769.82,75628.457
1304,600188.SH,20160427,10.84,10.93,10.47,10.58,10.87,-0.29,-2.67,123111.18,130799.073
1305,600188.SH,20160426,11.03,11.08,10.62,10.87,10.95,-0.08,-0.73,71444.33,77376.252
1306,600188.SH,20160425,10.58,10.97,10.33,10.95,10.53,0.42,3.99,123075.81,132300.94
1307,600188.SH,20160422,10.58,10.83,10.3,10.53,10.8,-0.27,-2.5,105621.13,110812.297
1308,600188.SH,20160421,10.71,11.1,10.69,10.8,10.66,0.14,1.31,171667.51,186991.929
1309,600188.SH,20160420,11.29,11.48,10.37,10.66,11.18,-0.52,-4.65,197658.2,215136.325
1310,600188.SH,20160419,11.19,11.32,10.94,11.18,11.09,0.09,0.81,106297.1,118652.069
1311,600188.SH,20160418,11.2,11.24,10.78,11.09,11.32,-0.23,-2.03,152104.27,167025.124
1312,600188.SH,20160415,11.35,11.53,11.15,11.32,11.47,-0.15,-1.31,166990.86,189920.198
1313,600188.SH,20160414,11.58,11.68,11.29,11.47,11.81,-0.34,-2.88,224157.17,256937.383
1314,600188.SH,20160413,11.33,12.01,11.33,11.81,10.92,0.89,8.15,548883.4,647793.186
1315,600188.SH,20160412,10.94,10.99,10.45,10.92,10.8,0.12,1.11,157894.06,169280.642
1316,600188.SH,20160411,10.55,11.29,10.55,10.8,10.27,0.53,5.16,219644.24,240240.484
1317,600188.SH,20160408,10.3,10.54,10.1,10.27,10.5,-0.23,-2.19,118771.48,121809.711
1318,600188.SH,20160407,10.64,10.92,10.38,10.5,10.67,-0.17,-1.59,152216.59,163408.069
1319,600188.SH,20160406,10.72,10.81,10.49,10.67,10.82,-0.15,-1.39,114393.34,121255.255
1320,600188.SH,20160405,10.66,11.1,10.61,10.82,10.77,0.05,0.46,193391.9,209867.317
1321,600188.SH,20160401,10.55,11.0,10.52,10.77,10.62,0.15,1.41,256937.69,277329.549
1322,600188.SH,20160331,10.27,10.67,10.12,10.62,10.27,0.35,3.41,250712.47,261436.129
1323,600188.SH,20160330,10.22,10.29,10.03,10.27,10.01,0.26,2.6,99918.73,101635.018
1324,600188.SH,20160329,10.11,10.29,9.95,10.01,10.1,-0.09,-0.89,143331.99,144838.209
1325,600188.SH,20160328,10.4,10.42,10.04,10.1,10.4,-0.3,-2.88,132051.1,135069.857
1326,600188.SH,20160325,10.23,10.49,10.1,10.4,10.29,0.11,1.07,112733.28,116099.267
1327,600188.SH,20160324,10.85,10.85,10.23,10.29,11.08,-0.79,-7.13,223184.58,232721.429
1328,600188.SH,20160323,11.0,11.28,10.85,11.08,10.99,0.09,0.82,206842.06,229384.69
1329,600188.SH,20160322,10.94,11.07,10.71,10.99,11.13,-0.14,-1.26,174842.86,190860.616
1330,600188.SH,20160321,11.15,11.18,10.67,11.13,11.03,0.1,0.91,279999.35,307123.766
1331,600188.SH,20160318,11.18,11.35,10.98,11.03,11.02,0.01,0.09,237840.33,264932.244
1332,600188.SH,20160317,10.57,11.25,10.49,11.02,10.48,0.54,5.15,219476.36,238812.866
1333,600188.SH,20160316,10.58,10.8,10.11,10.48,10.38,0.1,0.96,140870.48,147436.445
1334,600188.SH,20160315,10.55,10.77,10.3,10.38,10.86,-0.48,-4.42,128667.63,134698.299
1335,600188.SH,20160314,10.43,11.23,10.01,10.86,10.31,0.55,5.33,296362.39,314392.997
1336,600188.SH,20160311,9.75,10.34,9.66,10.31,9.77,0.54,5.53,241814.93,244403.574
1337,600188.SH,20160310,9.98,10.15,9.7,9.77,9.94,-0.17,-1.71,150829.3,150332.472
1338,600188.SH,20160309,10.18,10.44,9.85,9.94,10.94,-1.0,-9.14,220347.68,222752.18
1339,600188.SH,20160308,11.54,11.56,10.6,10.94,11.29,-0.35,-3.1,216233.08,237944.073
1340,600188.SH,20160307,11.29,11.32,10.79,11.29,11.04,0.25,2.26,331387.61,365102.494
1341,600188.SH,20160304,11.31,11.5,10.82,11.04,11.44,-0.4,-3.5,330088.23,369598.493
1342,600188.SH,20160303,11.61,12.1,11.21,11.44,11.54,-0.1,-0.87,349071.18,403878.762
1343,600188.SH,20160302,10.12,11.54,10.03,11.54,10.49,1.05,10.01,390093.36,429180.057
1344,600188.SH,20160229,9.69,10.77,9.07,10.49,9.79,0.7,7.15,446132.85,453516.631
1345,600188.SH,20160226,9.15,9.79,9.0,9.79,8.9,0.89,10.0,268764.86,257943.269
1346,600188.SH,20160225,9.27,9.44,8.81,8.9,9.32,-0.42,-4.51,165153.53,150580.009
1347,600188.SH,20160224,9.1,9.58,8.91,9.32,9.17,0.15,1.64,154769.45,143063.304
1348,600188.SH,20160223,8.7,9.2,8.7,9.17,8.87,0.3,3.38,179153.49,161526.396
1349,600188.SH,20160222,8.67,9.3,8.6,8.87,8.58,0.29,3.38,182087.52,163096.472
1350,600188.SH,20160219,8.62,8.7,8.49,8.58,8.69,-0.11,-1.27,58076.36,49917.416
1351,600188.SH,20160218,8.68,9.13,8.58,8.69,8.52,0.17,2.0,113242.93,99554.491
1352,600188.SH,20160217,8.41,8.59,8.35,8.52,8.42,0.1,1.19,68134.13,57664.942
1353,600188.SH,20160216,8.18,8.52,8.18,8.42,8.18,0.24,2.93,75684.63,63404.204
1354,600188.SH,20160215,8.0,8.26,7.9,8.18,8.22,-0.04,-0.49,56794.23,45960.259
1355,600188.SH,20160205,8.36,8.45,8.2,8.22,8.42,-0.2,-2.38,58379.9,48663.375
1356,600188.SH,20160204,8.43,8.47,8.21,8.42,8.32,0.1,1.2,124173.64,103773.795
1357,600188.SH,20160203,8.41,8.43,8.13,8.32,8.59,-0.27,-3.14,73098.75,60334.247
1358,600188.SH,20160202,8.42,8.68,8.31,8.59,8.56,0.03,0.35,100227.03,85136.751
1359,600188.SH,20160201,9.02,9.02,8.32,8.56,9.18,-0.62,-6.75,84634.17,73239.544
1360,600188.SH,20160129,9.0,9.37,8.28,9.18,9.09,0.09,0.99,118045.38,104019.039
1361,600188.SH,20160128,9.21,9.65,9.08,9.09,9.49,-0.4,-4.22,174509.76,162915.006
1362,600188.SH,20160127,8.82,9.51,8.81,9.49,8.87,0.62,6.99,184778.17,171291.618
1363,600188.SH,20160126,8.89,9.2,8.7,8.87,9.01,-0.14,-1.55,141385.75,126788.269
1364,600188.SH,20160125,8.7,9.21,8.6,9.01,8.51,0.5,5.88,145035.55,130049.206
1365,600188.SH,20160122,8.3,8.81,8.3,8.51,8.17,0.34,4.16,107410.28,92040.817
1366,600188.SH,20160121,8.31,8.75,8.09,8.17,8.51,-0.34,-4.0,103058.92,87695.062
1367,600188.SH,20160120,8.65,8.76,8.25,8.51,8.52,-0.01,-0.12,96918.29,82780.286
1368,600188.SH,20160119,8.34,8.7,8.23,8.52,8.4,0.12,1.43,99957.7,85293.527
1369,600188.SH,20160118,8.2,8.5,7.9,8.4,8.43,-0.03,-0.36,88752.62,72917.534
1370,600188.SH,20160115,8.7,8.93,8.26,8.43,8.99,-0.56,-6.23,96071.15,81875.283
1371,600188.SH,20160114,8.23,9.19,8.23,8.99,8.75,0.24,2.74,90749.85,79584.324
1372,600188.SH,20160113,8.79,9.37,8.6,8.75,8.85,-0.1,-1.13,128818.48,116697.216
1373,600188.SH,20160112,8.73,8.99,8.21,8.85,8.93,-0.08,-0.9,128882.37,110590.981
1374,600188.SH,20160111,9.5,9.65,8.89,8.93,9.5,-0.57,-6.0,214537.01,198274.78
1375,600188.SH,20160108,9.13,9.5,8.88,9.5,8.64,0.86,9.95,205739.88,192623.209
1376,600188.SH,20160107,9.49,9.6,8.61,8.64,9.57,-0.93,-9.72,56669.65,52643.026
1377,600188.SH,20160106,8.75,9.57,8.63,9.57,8.7,0.87,10.0,232716.59,217842.14
1378,600188.SH,20160105,8.34,8.78,8.21,8.7,8.56,0.14,1.64,89734.01,76572.258
1379,600188.SH,20160104,9.32,9.58,8.54,8.56,9.45,-0.89,-9.42,67224.7,62323.035
1380,600188.SH,20151231,9.68,9.9,9.4,9.45,9.65,-0.2,-2.07,62488.18,60284.051
1381,600188.SH,20151230,9.69,9.77,9.6,9.65,9.69,-0.04,-0.41,48898.33,47354.762
1382,600188.SH,20151229,9.38,9.79,9.38,9.69,9.53,0.16,1.68,57635.97,55121.676
1383,600188.SH,20151228,9.98,10.0,9.51,9.53,9.99,-0.46,-4.6,93576.85,91250.051
1384,600188.SH,20151225,9.83,10.01,9.76,9.99,9.83,0.16,1.63,62123.22,61507.184
1385,600188.SH,20151224,9.98,10.1,9.73,9.83,9.93,-0.1,-1.01,80663.68,79677.06
1386,600188.SH,20151223,10.08,10.16,9.88,9.93,10.07,-0.14,-1.39,103223.22,103378.183
1387,600188.SH,20151222,10.23,10.35,9.97,10.07,10.25,-0.18,-1.76,139498.67,140992.526
1388,600188.SH,20151221,9.68,10.4,9.62,10.25,9.71,0.54,5.56,203771.9,206265.678
1389,600188.SH,20151218,9.65,9.75,9.54,9.71,9.73,-0.02,-0.21,76442.04,73654.944
1390,600188.SH,20151217,9.5,9.87,9.5,9.73,9.46,0.27,2.85,99828.29,96957.931
1391,600188.SH,20151216,9.36,9.6,9.36,9.46,9.37,0.09,0.96,74854.39,71195.151
1392,600188.SH,20151215,9.5,9.56,9.31,9.37,9.58,-0.21,-2.19,79845.09,75312.902
1393,600188.SH,20151214,9.14,9.89,9.13,9.58,9.26,0.32,3.46,141150.28,134549.962
1394,600188.SH,20151211,9.2,9.39,9.03,9.26,9.26,0.0,0.0,50814.22,46691.69
1395,600188.SH,20151210,9.21,9.42,9.21,9.26,9.31,-0.05,-0.54,61872.23,57609.176
1396,600188.SH,20151209,9.2,9.35,9.17,9.31,9.25,0.06,0.65,46005.1,42654.1
1397,600188.SH,20151208,9.54,9.54,9.24,9.25,9.58,-0.33,-3.44,56655.82,52855.79
1398,600188.SH,20151207,9.73,9.79,9.51,9.58,9.75,-0.17,-1.74,83410.62,80039.883
1399,600188.SH,20151204,9.9,10.06,9.57,9.75,9.97,-0.22,-2.21,69386.54,68161.667
1400,600188.SH,20151203,9.74,10.3,9.5,9.97,9.77,0.2,2.05,97989.08,97737.066
1401,600188.SH,20151202,9.4,9.81,9.3,9.77,9.46,0.31,3.28,71842.15,68595.215
1402,600188.SH,20151201,9.35,9.49,9.21,9.46,9.35,0.11,1.18,52907.15,49575.68
1403,600188.SH,20151130,9.32,9.5,9.0,9.35,9.4,-0.05,-0.53,68036.41,62984.933
1404,600188.SH,20151127,10.32,10.5,9.35,9.4,10.37,-0.97,-9.35,118007.94,118428.521
1405,600188.SH,20151126,10.1,10.51,10.1,10.37,10.07,0.3,2.98,138608.34,143952.917
1406,600188.SH,20151125,9.94,10.1,9.91,10.07,9.95,0.12,1.21,57022.69,57144.751
1407,600188.SH,20151124,10.04,10.1,9.8,9.95,10.08,-0.13,-1.29,75796.34,75119.885
1408,600188.SH,20151123,10.25,10.46,10.07,10.08,10.25,-0.17,-1.66,75393.53,77432.156
1409,600188.SH,20151120,10.2,10.29,10.13,10.25,10.2,0.05,0.49,69981.0,71498.406
1410,600188.SH,20151119,10.0,10.21,9.99,10.2,10.08,0.12,1.19,61633.88,62383.577
1411,600188.SH,20151118,10.14,10.33,10.04,10.08,10.18,-0.1,-0.98,70359.01,71471.961
1412,600188.SH,20151117,10.27,10.75,10.13,10.18,10.25,-0.07,-0.68,140600.67,146943.529
1413,600188.SH,20151116,10.0,10.26,9.8,10.25,10.12,0.13,1.28,88716.9,89256.746
1414,600188.SH,20151113,10.29,10.44,10.01,10.12,10.47,-0.35,-3.34,82947.17,84714.219
1415,600188.SH,20151112,10.5,10.79,10.41,10.47,10.52,-0.05,-0.48,105893.3,112012.683
1416,600188.SH,20151111,10.67,10.83,10.45,10.52,10.7,-0.18,-1.68,139198.5,147825.479
1417,600188.SH,20151110,10.42,10.82,10.18,10.7,10.48,0.22,2.1,207723.23,217990.406
1418,600188.SH,20151109,9.87,10.85,9.83,10.48,10.02,0.46,4.59,251465.17,262602.453
1419,600188.SH,20151106,9.79,10.05,9.67,10.02,9.76,0.26,2.66,157937.43,155137.515
1420,600188.SH,20151105,9.41,10.23,9.4,9.76,9.47,0.29,3.06,247103.85,242141.975
1421,600188.SH,20151104,9.03,9.48,9.03,9.47,9.02,0.45,4.99,130596.82,120845.088
1422,600188.SH,20151103,8.98,9.1,8.96,9.02,8.97,0.05,0.56,63020.68,56888.119
1423,600188.SH,20151102,9.05,9.19,8.95,8.97,9.2,-0.23,-2.5,62376.19,56468.196
1424,600188.SH,20151030,9.48,9.48,9.02,9.2,9.57,-0.37,-3.87,124981.68,115063.659
1425,600188.SH,20151029,9.65,9.7,9.52,9.57,9.59,-0.02,-0.21,68472.43,65816.73
1426,600188.SH,20151028,9.65,9.83,9.5,9.59,9.65,-0.06,-0.62,110286.53,106812.407
1427,600188.SH,20151027,9.77,9.84,9.3,9.65,9.85,-0.2,-2.03,98191.66,93356.021
1428,600188.SH,20151026,9.89,9.98,9.71,9.85,9.71,0.14,1.44,86329.89,85044.004
1429,600188.SH,20151023,9.3,9.82,9.3,9.71,9.55,0.16,1.68,87014.9,83572.45
1430,600188.SH,20151022,9.29,9.64,9.08,9.55,9.18,0.37,4.03,89204.94,83583.962
1431,600188.SH,20151021,10.02,10.05,9.1,9.18,10.05,-0.87,-8.66,99989.12,96586.01
1432,600188.SH,20151020,9.9,10.08,9.81,10.05,9.84,0.21,2.13,91554.33,90977.431
1433,600188.SH,20151019,10.08,10.14,9.75,9.84,10.12,-0.28,-2.77,107610.79,107026.081
1434,600188.SH,20151016,10.05,10.2,9.82,10.12,10.0,0.12,1.2,152677.1,152623.028
1435,600188.SH,20151015,9.76,10.01,9.68,10.0,9.8,0.2,2.04,125402.43,123639.926
1436,600188.SH,20151014,9.65,10.1,9.58,9.8,9.7,0.1,1.03,178690.65,177391.767
1437,600188.SH,20151013,9.51,9.77,9.46,9.7,9.79,-0.09,-0.92,108490.9,104167.351
1438,600188.SH,20151012,9.53,9.96,9.32,9.79,9.55,0.24,2.51,195454.58,189861.424
1439,600188.SH,20151009,8.71,9.55,8.6,9.55,8.68,0.87,10.02,152797.37,141608.339
1440,600188.SH,20151008,8.77,8.88,8.6,8.68,8.4,0.28,3.33,56891.33,49731.449
1441,600188.SH,20150930,8.38,8.5,8.37,8.4,8.38,0.02,0.24,30754.18,25922.984
1442,600188.SH,20150929,8.67,8.67,8.32,8.38,8.87,-0.49,-5.52,60267.95,50902.648
1443,600188.SH,20150928,8.89,9.0,8.6,8.87,8.88,-0.01,-0.11,34780.19,30608.209
1444,600188.SH,20150925,9.14,9.21,8.68,8.88,9.21,-0.33,-3.58,51807.42,46388.125
1445,600188.SH,20150924,9.04,9.35,9.02,9.21,9.01,0.2,2.22,44300.28,40545.584
1446,600188.SH,20150923,9.15,9.32,8.88,9.01,9.39,-0.38,-4.05,60935.68,55291.85
1447,600188.SH,20150922,9.3,9.65,9.2,9.39,9.27,0.12,1.29,77497.88,73181.515
1448,600188.SH,20150921,8.9,9.36,8.71,9.27,8.93,0.34,3.81,59463.45,54254.935
1449,600188.SH,20150918,8.64,9.15,8.64,8.93,8.69,0.24,2.76,55637.06,49726.447
1450,600188.SH,20150917,8.9,9.26,8.67,8.69,8.98,-0.29,-3.23,73093.96,65813.29
1451,600188.SH,20150916,8.28,8.98,8.18,8.98,8.16,0.82,10.05,62073.61,53241.774
1452,600188.SH,20150915,8.38,8.82,8.12,8.16,8.68,-0.52,-5.99,61804.56,51996.845
1453,600188.SH,20150914,9.68,9.89,8.66,8.68,9.62,-0.94,-9.77,95051.43,87354.816
1454,600188.SH,20150911,9.6,9.79,9.4,9.62,9.69,-0.07,-0.72,57723.58,55358.777
1455,600188.SH,20150910,9.66,10.15,9.65,9.69,9.91,-0.22,-2.22,69195.5,68346.467
1456,600188.SH,20150909,9.72,9.97,9.66,9.91,9.66,0.25,2.59,86005.69,84693.473
1457,600188.SH,20150908,9.27,9.83,9.05,9.66,9.45,0.21,2.22,70104.26,65960.33
1458,600188.SH,20150907,9.94,10.4,9.4,9.45,10.03,-0.58,-5.78,119452.31,118471.089
1459,600188.SH,20150902,8.57,10.03,8.46,10.03,9.12,0.91,9.98,350067.9,335058.382
1460,600188.SH,20150901,8.5,9.22,7.93,9.12,8.7,0.42,4.83,257505.16,226042.945
1461,600188.SH,20150831,8.56,8.73,8.0,8.7,8.66,0.04,0.46,184173.56,154442.797
1462,600188.SH,20150828,8.14,8.67,8.14,8.66,8.03,0.63,7.85,142533.36,119506.479
1463,600188.SH,20150827,7.9,8.09,7.38,8.03,7.68,0.35,4.56,114191.95,89672.957
1464,600188.SH,20150826,8.4,8.82,7.67,7.68,8.52,-0.84,-9.86,216165.93,174690.765
1465,600188.SH,20150825,8.57,9.1,8.52,8.52,9.47,-0.95,-10.03,80202.0,69034.901
1466,600188.SH,20150824,10.01,10.47,9.47,9.47,10.52,-1.05,-9.98,80728.29,77595.599
1467,600188.SH,20150821,11.35,11.62,10.5,10.52,11.42,-0.9,-7.88,107025.22,118623.161
1468,600188.SH,20150820,11.68,11.95,11.37,11.42,11.82,-0.4,-3.38,99289.82,115557.487
1469,600188.SH,20150819,11.09,11.96,10.98,11.82,11.71,0.11,0.94,129741.48,149167.914
1470,600188.SH,20150818,12.8,13.09,11.6,11.71,12.74,-1.03,-8.08,245703.99,307686.755
1471,600188.SH,20150817,12.5,12.77,12.36,12.74,12.67,0.07,0.55,144015.03,181168.642
1472,600188.SH,20150814,12.94,13.26,12.46,12.67,12.91,-0.24,-1.86,187880.16,242644.181
1473,600188.SH,20150813,12.6,13.04,12.3,12.91,12.83,0.08,0.62,159442.01,203468.196
1474,600188.SH,20150812,12.3,13.15,12.25,12.83,12.63,0.2,1.58,197478.97,252699.806
1475,600188.SH,20150811,13.05,13.19,12.58,12.63,13.04,-0.41,-3.14,209215.04,269223.533
1476,600188.SH,20150810,12.64,13.2,12.5,13.04,12.68,0.36,2.84,254302.78,327675.392
1477,600188.SH,20150807,12.2,13.08,12.04,12.68,12.29,0.39,3.17,325901.7,409971.579
1478,600188.SH,20150806,11.5,12.72,11.23,12.29,11.56,0.73,6.31,277169.56,338190.904
1479,600188.SH,20150805,11.8,12.04,11.5,11.56,12.09,-0.53,-4.38,144723.82,170467.647
1480,600188.SH,20150804,11.19,12.28,10.8,12.09,11.27,0.82,7.28,308789.86,354940.122
1481,600188.SH,20150803,10.59,11.3,10.38,11.27,10.52,0.75,7.13,168060.15,179664.14
1482,600188.SH,20150731,10.18,10.55,10.18,10.52,10.39,0.13,1.25,117914.07,122180.139
1483,600188.SH,20150730,10.75,11.27,10.3,10.39,10.92,-0.53,-4.85,150577.66,163225.942
1484,600188.SH,20150729,10.75,10.98,10.35,10.92,10.37,0.55,5.3,129592.45,137139.386
1485,600188.SH,20150728,10.05,10.8,9.8,10.37,10.85,-0.48,-4.42,236301.71,242063.472
1486,600188.SH,20150727,11.4,11.8,10.85,10.85,12.06,-1.21,-10.03,260128.54,295900.414
1487,600188.SH,20150724,11.85,12.99,11.7,12.06,11.84,0.22,1.86,405151.72,497447.597
1488,600188.SH,20150723,11.49,11.89,11.33,11.84,11.44,0.4,3.5,242126.1,282298.943
1489,600188.SH,20150722,11.24,11.55,10.91,11.44,11.45,-0.01,-0.09,198291.79,223750.336
1490,600188.SH,20150721,11.19,11.74,11.05,11.45,11.45,0.0,0.0,188370.64,215923.221
1491,600188.SH,20150720,11.5,11.99,11.15,11.45,11.54,-0.09,-0.78,216536.51,250652.057
1492,600188.SH,20150717,10.81,11.58,10.78,11.54,10.77,0.77,7.15,183525.56,205213.25
1493,600188.SH,20150716,10.59,11.2,10.03,10.77,10.59,0.18,1.7,197448.22,212243.328
1494,600188.SH,20150715,11.79,11.8,10.59,10.59,11.77,-1.18,-10.03,249942.18,276123.826
1495,600188.SH,20150714,12.4,12.88,11.7,11.77,12.96,-1.19,-9.18,392217.38,481990.252
1496,600188.SH,20150713,11.95,12.96,11.38,12.96,11.78,1.18,10.02,497355.24,611345.91
1497,600188.SH,20150710,10.8,11.78,10.8,11.78,10.71,1.07,9.99,348094.76,402797.398
1498,600188.SH,20150709,9.74,10.71,8.78,10.71,9.74,0.97,9.96,275409.51,280334.097
1499,600188.SH,20150708,9.82,10.39,9.74,9.74,10.82,-1.08,-9.98,318301.85,317185.067
1500,600188.SH,20150707,9.41,10.82,8.86,10.82,9.84,0.98,9.96,597510.88,593531.929
1501,600188.SH,20150706,11.0,11.0,9.2,9.84,10.15,-0.31,-3.05,326213.9,325651.737
1502,600188.SH,20150703,10.95,11.2,10.15,10.15,11.28,-1.13,-10.02,255780.6,268482.96
1503,600188.SH,20150702,12.39,12.55,11.14,11.28,12.38,-1.1,-8.89,248946.44,293520.171
1504,600188.SH,20150701,13.5,13.86,12.38,12.38,13.75,-1.37,-9.96,263622.65,351829.791
1505,600188.SH,20150630,12.82,13.9,11.66,13.75,12.81,0.94,7.34,280738.76,361803.275
1506,600188.SH,20150629,14.1,14.3,12.42,12.81,13.8,-0.99,-7.17,318558.4,425402.811
1507,600188.SH,20150626,14.8,15.22,13.8,13.8,15.33,-1.53,-9.98,300052.34,430121.158
1508,600188.SH,20150625,16.6,16.67,15.08,15.33,16.64,-1.31,-7.87,322974.84,518304.011
1509,600188.SH,20150624,16.13,16.76,15.7,16.64,15.99,0.65,4.07,376604.45,613600.021
1510,600188.SH,20150623,15.35,16.0,14.23,15.99,15.72,0.27,1.72,290650.92,443041.929
1511,600188.SH,20150619,17.48,17.65,15.72,15.72,17.47,-1.75,-10.02,327808.46,546236.461
1512,600188.SH,20150618,19.1,19.44,17.3,17.47,19.03,-1.56,-8.2,507896.3,952715.932
1513,600188.SH,20150617,18.18,19.08,17.46,19.05,18.16,0.89,4.9,659344.92,1216487.187
1514,600188.SH,20150616,17.79,18.8,17.51,18.16,17.87,0.29,1.62,562377.22,1030700.335
1515,600188.SH,20150615,17.73,18.27,17.25,17.87,17.6,0.27,1.53,418131.58,745498.932
1516,600188.SH,20150612,17.37,18.01,17.35,17.6,17.31,0.29,1.68,397305.81,705413.333
1517,600188.SH,20150611,17.5,17.63,17.0,17.31,17.66,-0.35,-1.98,335367.45,577889.966
1518,600188.SH,20150610,17.6,18.36,17.3,17.66,18.31,-0.65,-3.55,420652.29,750881.388
1519,600188.SH,20150609,17.8,19.0,17.07,18.31,17.72,0.59,3.33,659218.53,1190923.314
1520,600188.SH,20150608,17.29,17.98,16.88,17.72,17.43,0.29,1.66,595067.46,1041813.369
1521,600188.SH,20150605,17.12,17.66,16.62,17.43,16.9,0.53,3.14,891361.75,1541153.011
1522,600188.SH,20150604,15.52,16.94,14.34,16.9,15.52,1.38,8.89,670008.59,1065578.688
1523,600188.SH,20150603,15.93,15.95,15.3,15.52,15.93,-0.41,-2.57,349693.24,545750.432
1524,600188.SH,20150602,16.08,16.27,15.5,15.93,15.92,0.01,0.06,486683.27,772044.5
1525,600188.SH,20150601,14.58,15.92,14.3,15.92,14.47,1.45,10.02,472556.65,724662.025
1526,600188.SH,20150529,14.8,15.05,14.0,14.47,14.95,-0.48,-3.21,326103.71,475227.84
1527,600188.SH,20150528,16.35,16.5,14.95,14.95,16.61,-1.66,-9.99,519060.58,824479.101
1528,600188.SH,20150527,15.9,16.8,15.68,16.61,16.05,0.56,3.49,650500.02,1057512.489
1529,600188.SH,20150526,15.99,16.07,15.61,16.05,15.94,0.11,0.69,468336.34,743270.499
1530,600188.SH,20150525,15.51,15.95,15.35,15.94,15.55,0.39,2.51,364116.41,573117.43
1531,600188.SH,20150522,15.17,15.59,14.88,15.55,15.13,0.42,2.78,403392.99,618133.832
1532,600188.SH,20150521,14.72,15.17,14.41,15.13,14.72,0.41,2.79,324076.09,478873.457
1533,600188.SH,20150520,14.79,15.09,14.7,14.72,14.79,-0.07,-0.47,238296.1,355350.59
1534,600188.SH,20150519,14.3,14.82,14.3,14.79,14.3,0.49,3.43,171496.52,251260.374
1535,600188.SH,20150518,14.13,14.58,14.05,14.3,14.43,-0.13,-0.9,132411.01,189598.158
1536,600188.SH,20150515,14.85,14.98,14.38,14.43,14.98,-0.55,-3.67,191961.72,280983.614
1537,600188.SH,20150514,14.72,14.99,14.43,14.98,14.84,0.14,0.94,243316.85,357633.613
1538,600188.SH,20150513,14.99,15.09,14.71,14.84,15.0,-0.16,-1.07,222319.29,329815.188
1539,600188.SH,20150512,14.87,15.15,14.77,15.0,14.99,0.01,0.07,279541.01,417492.221
1540,600188.SH,20150511,14.69,15.0,14.38,14.99,14.55,0.44,3.02,346640.73,507491.556
1541,600188.SH,20150508,14.4,14.6,14.01,14.55,14.24,0.31,2.18,185212.87,266341.626
1542,600188.SH,20150507,14.55,14.8,14.11,14.24,14.69,-0.45,-3.06,185406.96,267289.091
1543,600188.SH,20150506,15.22,15.5,14.51,14.69,15.2,-0.51,-3.36,178264.46,268910.865
1544,600188.SH,20150505,16.1,16.38,15.08,15.2,16.07,-0.87,-5.41,205273.75,323065.649
1545,600188.SH,20150504,16.2,16.32,15.78,16.07,16.16,-0.09,-0.56,179393.3,287673.866
1546,600188.SH,20150430,16.74,16.96,16.14,16.16,16.79,-0.63,-3.75,271811.72,447799.752
1547,600188.SH,20150429,16.38,17.0,16.1,16.79,16.56,0.23,1.39,247169.32,413036.449
1548,600188.SH,20150428,17.46,17.68,16.13,16.56,17.62,-1.06,-6.02,390749.44,661125.891
1549,600188.SH,20150427,17.29,17.97,17.15,17.62,17.29,0.33,1.91,461656.71,811293.32
1550,600188.SH,20150424,16.9,18.1,16.6,17.29,17.05,0.24,1.41,597395.94,1045289.907
1551,600188.SH,20150423,16.35,17.5,16.03,17.05,16.35,0.7,4.28,666864.23,1119508.688
1552,600188.SH,20150422,15.9,16.69,15.76,16.35,15.84,0.51,3.22,502398.72,815343.408
1553,600188.SH,20150421,15.19,15.91,15.1,15.84,15.38,0.46,2.99,372160.6,579779.785
1554,600188.SH,20150420,15.28,16.19,14.97,15.38,15.51,-0.13,-0.84,443545.21,695553.214
1555,600188.SH,20150417,15.19,15.8,15.13,15.51,15.1,0.41,2.72,325594.8,506250.832
1556,600188.SH,20150416,14.76,15.17,14.58,15.1,14.77,0.33,2.23,212070.46,317066.529
1557,600188.SH,20150415,15.57,15.78,14.63,14.77,15.62,-0.85,-5.44,272890.61,416001.26
1558,600188.SH,20150414,15.85,15.94,15.47,15.62,16.0,-0.38,-2.38,278776.74,437604.617
1559,600188.SH,20150413,15.95,16.23,15.62,16.0,15.96,0.04,0.25,261442.3,415929.495
1560,600188.SH,20150410,15.54,16.1,15.45,15.96,15.77,0.19,1.2,247142.96,393033.238
1561,600188.SH,20150409,16.14,16.37,15.2,15.77,16.05,-0.28,-1.74,306139.93,483616.127
1562,600188.SH,20150408,16.7,16.76,15.51,16.05,16.75,-0.7,-4.18,374197.55,604671.97
1563,600188.SH,20150407,16.09,17.25,16.09,16.75,16.09,0.66,4.1,421016.4,702839.771
1564,600188.SH,20150403,15.87,16.25,15.65,16.09,15.91,0.18,1.13,349168.0,557748.151
1565,600188.SH,20150402,15.51,16.09,15.46,15.91,15.59,0.32,2.05,372371.99,589590.143
1566,600188.SH,20150401,15.06,15.8,15.05,15.59,15.35,0.24,1.56,311060.73,481256.633
1567,600188.SH,20150331,15.71,16.25,15.32,15.35,15.62,-0.27,-1.73,594025.01,938711.463
1568,600188.SH,20150330,14.79,15.66,14.71,15.62,14.94,0.68,4.55,550499.08,842958.148
1569,600188.SH,20150327,15.13,15.6,14.87,14.94,15.01,-0.07,-0.47,425170.16,647825.106
1570,600188.SH,20150326,14.75,15.27,14.6,15.01,14.87,0.14,0.94,457680.56,684763.34
1571,600188.SH,20150325,14.58,15.15,14.35,14.87,14.73,0.14,0.95,530649.41,785741.25
1572,600188.SH,20150324,14.48,14.79,14.0,14.73,14.49,0.24,1.66,443004.56,637900.138
1573,600188.SH,20150323,14.35,14.71,14.2,14.49,14.31,0.18,1.26,337557.71,489098.022
1574,600188.SH,20150320,14.53,14.56,14.18,14.31,14.62,-0.31,-2.12,307960.49,441455.418
1575,600188.SH,20150319,14.65,14.96,14.4,14.62,14.61,0.01,0.07,411262.19,602091.408
1576,600188.SH,20150318,14.33,14.95,14.21,14.61,14.41,0.2,1.39,440110.88,640356.321
1577,600188.SH,20150317,14.24,14.44,13.93,14.41,14.3,0.11,0.77,450752.37,637676.101
1578,600188.SH,20150316,14.1,14.5,13.62,14.3,13.83,0.47,3.4,675086.89,949723.602
1579,600188.SH,20150313,12.7,13.83,12.6,13.83,12.57,1.26,10.02,399437.05,534921.286
1580,600188.SH,20150312,12.35,12.89,12.13,12.57,12.32,0.25,2.03,226203.24,281752.809
1581,600188.SH,20150311,12.68,12.7,12.22,12.32,12.64,-0.32,-2.53,202607.75,251900.431
1582,600188.SH,20150310,12.68,12.76,12.55,12.64,12.68,-0.04,-0.32,105318.06,133399.637
1583,600188.SH,20150309,12.6,12.69,12.21,12.68,12.74,-0.06,-0.47,152500.79,189522.209
1584,600188.SH,20150306,12.58,13.0,12.58,12.74,12.57,0.17,1.35,135146.21,173165.071
1585,600188.SH,20150305,13.03,13.08,12.51,12.57,13.01,-0.44,-3.38,133140.22,169059.354
1586,600188.SH,20150304,12.8,13.2,12.8,13.01,12.9,0.11,0.85,128324.11,166860.864
1587,600188.SH,20150303,13.18,13.24,12.85,12.9,13.34,-0.44,-3.3,181863.66,237588.776
1588,600188.SH,20150302,13.09,13.55,12.91,13.34,13.12,0.22,1.68,205990.84,272817.759
1589,600188.SH,20150227,12.95,13.21,12.9,13.12,13.04,0.08,0.61,167034.89,218329.036
1590,600188.SH,20150226,12.68,13.11,12.33,13.04,12.63,0.41,3.25,216263.03,276237.366
1591,600188.SH,20150225,12.88,12.88,12.58,12.63,12.85,-0.22,-1.71,81583.42,103408.951
1592,600188.SH,20150217,12.81,12.99,12.76,12.85,12.76,0.09,0.71,87156.57,112197.094
1593,600188.SH,20150216,12.78,12.88,12.68,12.76,12.75,0.01,0.08,90267.68,115258.454
1594,600188.SH,20150213,12.66,12.98,12.66,12.75,12.59,0.16,1.27,102618.49,131779.82
1595,600188.SH,20150212,12.71,12.8,12.37,12.59,12.68,-0.09,-0.71,65184.92,81828.509
1596,600188.SH,20150211,12.61,13.01,12.55,12.68,12.58,0.1,0.79,80677.55,103042.866
1597,600188.SH,20150210,12.36,12.68,12.28,12.58,12.38,0.2,1.62,92080.4,115433.12
1598,600188.SH,20150209,12.51,12.67,12.1,12.38,12.61,-0.23,-1.82,128308.5,158451.843
1599,600188.SH,20150206,13.1,13.15,12.58,12.61,13.18,-0.57,-4.32,137101.86,175377.576
1600,600188.SH,20150205,13.99,14.1,13.15,13.18,13.75,-0.57,-4.15,164532.37,222649.856
1601,600188.SH,20150204,14.0,14.25,13.72,13.75,13.75,0.0,0.0,198888.23,278915.614
1602,600188.SH,20150203,13.55,13.95,13.52,13.75,13.22,0.53,4.01,148664.9,203471.946
1603,600188.SH,20150202,13.33,13.55,13.17,13.22,13.34,-0.12,-0.9,83183.82,111030.051
1604,600188.SH,20150130,13.66,13.85,13.33,13.34,13.47,-0.13,-0.97,119795.44,162979.714
1605,600188.SH,20150129,13.3,13.8,13.21,13.47,13.6,-0.13,-0.96,135636.36,183576.964
1606,600188.SH,20150128,14.07,14.07,13.51,13.6,14.2,-0.6,-4.23,224755.62,309448.436
1607,600188.SH,20150127,14.36,14.68,13.87,14.2,14.35,-0.15,-1.05,222718.21,318732.735
1608,600188.SH,20150126,14.19,14.5,13.82,14.35,14.2,0.15,1.06,223255.18,318307.435
1609,600188.SH,20150123,14.48,14.57,14.04,14.2,14.35,-0.15,-1.05,229222.33,327132.518
1610,600188.SH,20150122,13.81,14.7,13.6,14.35,13.85,0.5,3.61,346425.21,494064.811
1611,600188.SH,20150121,13.09,13.87,12.93,13.85,13.09,0.76,5.81,311760.37,419594.681
1612,600188.SH,20150120,13.0,13.28,12.77,13.09,13.02,0.07,0.54,217310.9,283734.422
1613,600188.SH,20150119,13.54,13.9,13.02,13.02,14.47,-1.45,-10.02,287449.46,384447.746
1614,600188.SH,20150116,14.3,14.68,14.2,14.47,14.39,0.08,0.56,246118.98,356337.973
1615,600188.SH,20150115,13.88,14.41,13.4,14.39,13.86,0.53,3.82,243010.74,336902.187
1616,600188.SH,20150114,14.7,14.89,13.5,13.86,14.74,-0.88,-5.97,334627.05,472394.361
1617,600188.SH,20150113,14.67,15.07,14.58,14.74,14.89,-0.15,-1.01,198798.83,294828.523
1618,600188.SH,20150112,14.5,15.18,14.17,14.89,14.73,0.16,1.09,321582.0,474162.544
1619,600188.SH,20150109,14.96,15.5,14.66,14.73,15.45,-0.72,-4.66,397560.84,597567.131
1620,600188.SH,20150108,15.18,16.43,14.73,15.45,15.29,0.16,1.05,637915.37,998694.341
1621,600188.SH,20150107,14.8,15.56,14.67,15.29,15.45,-0.16,-1.04,468833.71,708557.746
1622,600188.SH,20150106,15.6,15.95,15.12,15.45,14.5,0.95,6.55,950755.61,1483127.851
1623,600188.SH,20150105,13.36,14.5,13.36,14.5,13.18,1.32,10.02,364983.36,516776.5
1624,600188.SH,20141231,12.75,13.29,12.57,13.18,12.62,0.56,4.44,254854.96,331026.147
1625,600188.SH,20141230,13.03,13.05,12.45,12.62,13.03,-0.41,-3.15,208741.98,264933.01
1626,600188.SH,20141229,12.7,13.7,12.7,13.03,12.65,0.38,3.0,368786.6,488625.113
1627,600188.SH,20141226,12.27,12.7,12.22,12.65,12.41,0.24,1.93,198380.61,248451.359
1628,600188.SH,20141225,12.25,12.42,12.0,12.41,12.05,0.36,2.99,162811.89,198281.203
1629,600188.SH,20141224,12.59,12.75,11.71,12.05,12.58,-0.53,-4.21,218161.84,265542.695
1630,600188.SH,20141223,13.6,13.6,12.3,12.58,13.67,-1.09,-7.97,265442.03,339771.191
1631,600188.SH,20141222,13.27,13.97,12.99,13.67,12.99,0.68,5.23,522759.61,709768.987
1632,600188.SH,20141219,12.55,13.2,12.25,12.99,12.75,0.24,1.88,336965.75,433676.127
1633,600188.SH,20141218,12.61,13.35,12.38,12.75,12.69,0.06,0.47,272776.96,353217.532
1634,600188.SH,20141217,13.1,13.1,12.45,12.69,13.2,-0.51,-3.86,341024.51,436021.586
1635,600188.SH,20141216,12.07,13.24,11.9,13.2,12.07,1.13,9.36,441216.6,559610.129
1636,600188.SH,20141215,12.16,12.17,11.72,12.07,12.11,-0.04,-0.33,156293.53,186554.348
1637,600188.SH,20141212,12.04,12.26,11.85,12.11,11.97,0.14,1.17,190236.86,229832.652
1638,600188.SH,20141211,12.02,12.28,11.8,11.97,12.19,-0.22,-1.8,195455.29,235057.249
1639,600188.SH,20141210,11.72,12.25,11.53,12.19,11.96,0.23,1.92,277549.9,330812.778
1640,600188.SH,20141209,13.0,13.67,11.96,11.96,13.29,-1.33,-10.01,518681.63,667388.248
1641,600188.SH,20141208,13.06,13.69,12.73,13.29,13.41,-0.12,-0.89,422755.7,557316.435
1642,600188.SH,20141205,13.1,14.0,12.62,13.41,13.17,0.24,1.82,615286.63,818591.405
1643,600188.SH,20141204,12.17,13.19,12.16,13.17,12.08,1.09,9.02,520685.99,658096.468
1644,600188.SH,20141203,11.7,12.62,11.6,12.08,11.87,0.21,1.77,518147.18,632780.137
1645,600188.SH,20141202,11.69,12.49,11.17,11.87,11.62,0.25,2.15,590445.45,686228.521
1646,600188.SH,20141201,10.48,11.64,10.15,11.62,10.58,1.04,9.83,649275.02,736902.762
1647,600188.SH,20141128,10.25,10.63,9.78,10.58,10.2,0.38,3.73,405398.01,408528.159
1648,600188.SH,20141127,9.81,10.48,9.71,10.2,9.79,0.41,4.19,404605.43,409851.073
1649,600188.SH,20141126,9.57,9.85,9.33,9.79,9.55,0.24,2.51,342899.39,330035.92
1650,600188.SH,20141125,9.3,9.57,9.16,9.55,8.94,0.61,6.82,335343.48,312338.33
1651,600188.SH,20141121,8.83,8.96,8.7,8.94,8.85,0.09,1.02,76533.37,67764.761
1652,600188.SH,20141120,8.83,8.95,8.79,8.85,8.85,0.0,0.0,78222.09,69375.769
1653,600188.SH,20141119,8.96,8.96,8.78,8.85,8.96,-0.11,-1.23,90122.78,79682.845
1654,600188.SH,20141118,9.33,9.33,8.86,8.96,9.3,-0.34,-3.66,188700.97,169533.059
1655,600188.SH,20141117,9.49,9.49,9.24,9.3,9.45,-0.15,-1.59,168531.09,157588.633
1656,600188.SH,20141114,9.18,9.47,9.1,9.45,9.23,0.22,2.38,232231.74,216542.777
1657,600188.SH,20141113,9.42,9.48,9.04,9.23,9.43,-0.2,-2.12,238729.4,220815.269
1658,600188.SH,20141112,9.14,9.47,9.06,9.43,9.13,0.3,3.29,273112.48,254237.477
1659,600188.SH,20141111,9.14,9.5,9.0,9.13,9.02,0.11,1.22,341970.14,316257.836
1660,600188.SH,20141110,8.83,9.05,8.83,9.02,8.88,0.14,1.58,146653.77,131238.602
1661,600188.SH,20141107,8.84,9.05,8.78,8.88,8.82,0.06,0.68,113493.33,100880.3
1662,600188.SH,20141106,8.9,8.91,8.7,8.82,8.92,-0.1,-1.12,94975.86,83580.151
1663,600188.SH,20141105,9.18,9.2,8.9,8.92,9.13,-0.21,-2.3,133412.68,120222.815
1664,600188.SH,20141104,8.92,9.25,8.84,9.13,8.99,0.14,1.56,223875.55,203923.785
1665,600188.SH,20141103,9.0,9.15,8.86,8.99,8.97,0.02,0.22,160522.52,144388.207
1666,600188.SH,20141031,8.61,9.07,8.55,8.97,8.63,0.34,3.94,202884.26,179992.313
1667,600188.SH,20141030,8.53,8.66,8.42,8.63,8.56,0.07,0.82,110381.53,94509.421
1668,600188.SH,20141029,8.4,8.59,8.35,8.56,8.38,0.18,2.15,98419.25,83574.562
1669,600188.SH,20141028,8.11,8.39,8.1,8.38,8.11,0.27,3.33,88918.41,73365.121
1670,600188.SH,20141027,8.36,8.36,8.05,8.11,8.29,-0.18,-2.17,85629.93,69482.771
1671,600188.SH,20141024,8.26,8.34,8.2,8.29,8.2,0.09,1.1,48903.79,40433.677
1672,600188.SH,20141023,8.5,8.5,8.16,8.2,8.5,-0.3,-3.53,113234.72,93860.051
1673,600188.SH,20141022,8.71,8.8,8.5,8.5,8.73,-0.23,-2.63,73654.86,63719.851
1674,600188.SH,20141021,8.77,8.86,8.72,8.73,8.76,-0.03,-0.34,49140.6,43221.101
1675,600188.SH,20141020,8.73,8.87,8.68,8.76,8.69,0.07,0.81,58068.95,50949.283
1676,600188.SH,20141017,8.89,8.99,8.67,8.69,8.93,-0.24,-2.69,100120.5,87940.195
1677,600188.SH,20141016,9.11,9.3,8.9,8.93,9.14,-0.21,-2.3,104692.53,95324.358
1678,600188.SH,20141015,9.28,9.29,9.12,9.14,9.3,-0.16,-1.72,94375.01,86628.67
1679,600188.SH,20141014,9.3,9.36,9.15,9.3,9.38,-0.08,-0.85,137412.29,127132.162
1680,600188.SH,20141013,8.96,9.4,8.83,9.38,8.92,0.46,5.16,249875.87,228686.028
1681,600188.SH,20141010,8.92,9.14,8.91,8.92,8.88,0.04,0.45,164172.35,147906.507
1682,600188.SH,20141009,8.82,8.93,8.68,8.88,8.82,0.06,0.68,144350.13,127398.256
1683,600188.SH,20141008,8.89,8.93,8.74,8.82,8.88,-0.06,-0.68,111498.14,98075.486
1684,600188.SH,20140930,9.05,9.14,8.87,8.88,8.82,0.06,0.68,230668.37,207992.37
1685,600188.SH,20140929,8.63,8.84,8.58,8.82,8.62,0.2,2.32,155898.67,136066.437
1686,600188.SH,20140926,8.55,8.69,8.5,8.62,8.57,0.05,0.58,73596.35,63427.969
1687,600188.SH,20140925,8.67,8.73,8.54,8.57,8.67,-0.1,-1.15,118758.25,102646.62
1688,600188.SH,20140924,8.46,8.73,8.38,8.67,8.44,0.23,2.73,154871.11,132869.121
1689,600188.SH,20140923,8.41,8.55,8.34,8.44,8.41,0.03,0.36,65803.1,55537.48
1690,600188.SH,20140922,8.45,8.63,8.35,8.41,8.46,-0.05,-0.59,101578.41,86034.648
1691,600188.SH,20140919,8.4,8.51,8.28,8.46,8.41,0.05,0.59,89909.14,75555.794
1692,600188.SH,20140918,8.25,8.58,8.25,8.41,8.32,0.09,1.08,89955.73,75883.516
1693,600188.SH,20140917,8.24,8.39,8.2,8.32,8.24,0.08,0.97,68428.88,56780.754
1694,600188.SH,20140916,8.75,8.75,8.21,8.24,8.69,-0.45,-5.18,137457.88,117107.774
1695,600188.SH,20140915,8.53,8.77,8.45,8.69,8.55,0.14,1.64,143189.76,124318.008
1696,600188.SH,20140912,8.4,8.57,8.36,8.55,8.44,0.11,1.3,76798.56,65075.526
1697,600188.SH,20140911,8.67,8.75,8.43,8.44,8.66,-0.22,-2.54,158795.34,136235.236
1698,600188.SH,20140910,8.65,8.75,8.48,8.66,8.73,-0.07,-0.8,172802.43,148588.794
1699,600188.SH,20140909,8.38,9.06,8.33,8.73,8.39,0.34,4.05,250277.75,217912.164
1700,600188.SH,20140905,8.34,8.5,8.3,8.39,8.4,-0.01,-0.12,141228.29,118602.328
1701,600188.SH,20140904,8.53,8.53,8.23,8.4,8.49,-0.09,-1.06,207986.46,173722.88
1702,600188.SH,20140903,7.98,8.59,7.97,8.49,7.92,0.57,7.2,385461.95,321822.509
1703,600188.SH,20140902,7.71,7.93,7.67,7.92,7.7,0.22,2.86,163382.38,127780.343
1704,600188.SH,20140901,7.65,7.71,7.58,7.7,7.65,0.05,0.65,69634.61,53421.22
1705,600188.SH,20140829,7.5,7.65,7.4,7.65,7.51,0.14,1.86,54209.82,41013.679
1706,600188.SH,20140828,7.48,7.7,7.42,7.51,7.48,0.03,0.4,66247.14,50152.687
1707,600188.SH,20140827,7.5,7.55,7.38,7.48,7.49,-0.01,-0.13,52352.84,39066.247
1708,600188.SH,20140826,7.62,7.7,7.48,7.49,7.68,-0.19,-2.47,81204.6,61604.322
1709,600188.SH,20140825,7.73,7.78,7.62,7.68,7.67,0.01,0.13,76865.15,59193.944
1710,600188.SH,20140822,7.66,7.73,7.61,7.67,7.67,0.0,0.0,70295.15,53884.933
1711,600188.SH,20140821,7.77,7.78,7.62,7.67,7.79,-0.12,-1.54,82487.92,63423.766
1712,600188.SH,20140820,7.8,7.88,7.73,7.79,7.87,-0.08,-1.02,84614.19,65835.954
1713,600188.SH,20140819,7.77,8.0,7.72,7.87,7.77,0.1,1.29,177354.77,139746.589
1714,600188.SH,20140818,7.75,7.79,7.67,7.77,7.7,0.07,0.91,96748.51,74806.711
1715,600188.SH,20140815,7.62,7.79,7.6,7.7,7.64,0.06,0.79,102009.98,78605.506
1716,600188.SH,20140814,7.81,7.84,7.62,7.64,7.89,-0.25,-3.17,130709.57,101062.261
1717,600188.SH,20140813,7.68,7.96,7.57,7.89,7.73,0.16,2.07,262557.84,204244.998
1718,600188.SH,20140812,7.83,7.87,7.68,7.73,7.88,-0.15,-1.9,129256.54,100050.461
1719,600188.SH,20140811,7.68,7.89,7.65,7.88,7.68,0.2,2.6,121688.46,94987.1
1720,600188.SH,20140808,7.72,7.77,7.62,7.68,7.74,-0.06,-0.78,72974.87,56009.813
1721,600188.SH,20140807,7.72,7.9,7.55,7.74,7.81,-0.07,-0.9,202672.26,157526.402
1722,600188.SH,20140806,7.77,7.85,7.61,7.81,7.83,-0.02,-0.26,145848.77,112793.553
1723,600188.SH,20140805,7.7,8.15,7.7,7.83,7.73,0.1,1.29,331779.72,263041.852
1724,600188.SH,20140804,7.41,7.76,7.38,7.73,7.47,0.26,3.48,260820.97,198928.134
1725,600188.SH,20140801,7.48,7.8,7.43,7.47,7.52,-0.05,-0.66,308866.33,233883.924
1726,600188.SH,20140731,7.29,7.53,7.25,7.52,7.31,0.21,2.87,180525.37,133496.285
1727,600188.SH,20140730,7.35,7.52,7.3,7.31,7.4,-0.09,-1.22,178109.68,131620.911
1728,600188.SH,20140729,7.5,7.51,7.35,7.4,7.52,-0.12,-1.6,238027.64,176319.629
1729,600188.SH,20140728,7.36,7.85,7.28,7.52,7.35,0.17,2.31,334940.41,251870.638
1730,600188.SH,20140725,7.25,7.47,7.19,7.35,7.3,0.05,0.68,269945.18,197782.873
1731,600188.SH,20140724,7.02,7.37,6.98,7.3,7.02,0.28,3.99,338849.62,243179.974
1732,600188.SH,20140723,6.87,7.17,6.81,7.02,6.82,0.2,2.93,255361.99,179375.172
1733,600188.SH,20140722,6.67,6.88,6.62,6.82,6.68,0.14,2.1,122679.13,83440.277
1734,600188.SH,20140721,6.72,6.78,6.67,6.68,6.74,-0.06,-0.89,55792.29,37477.634
1735,600188.SH,20140718,6.7,6.84,6.66,6.74,6.73,0.01,0.15,51196.27,34596.87
1736,600188.SH,20140717,6.79,6.81,6.64,6.73,6.79,-0.06,-0.88,61480.96,41412.266
1737,600188.SH,20140716,6.86,6.93,6.78,6.79,6.88,-0.09,-1.31,80537.15,55092.077
1738,600188.SH,20140715,6.74,6.88,6.68,6.88,6.73,0.15,2.23,119259.18,81126.015
1739,600188.SH,20140714,6.65,6.74,6.59,6.73,6.64,0.09,1.36,72228.65,48173.625
1740,600188.SH,20140711,6.63,6.7,6.61,6.64,6.62,0.02,0.3,62588.93,41642.06
1741,600188.SH,20140710,6.6,6.78,6.58,6.62,6.63,-0.01,-0.15,90336.19,60142.065
1742,600188.SH,20140709,6.87,6.96,6.62,6.63,6.88,-0.25,-3.63,118481.82,80912.683
1743,600188.SH,20140708,6.93,6.96,6.82,6.88,6.97,-0.09,-1.29,67093.34,46118.94
1744,600188.SH,20140707,6.98,7.04,6.83,6.97,7.0,-0.03,-0.43,100364.05,69642.593
1745,600188.SH,20140704,7.01,7.09,6.95,7.0,7.0,0.0,0.0,84364.16,59146.344
1746,600188.SH,20140703,7.0,7.11,6.97,7.0,7.06,-0.06,-0.85,121487.83,85535.279
1747,600188.SH,20140702,6.91,7.22,6.83,7.06,6.91,0.15,2.17,206402.25,145576.549
1748,600188.SH,20140701,6.91,7.11,6.82,6.91,6.92,-0.01,-0.14,100233.12,69638.058
1749,600188.SH,20140630,6.87,6.98,6.76,6.92,6.85,0.07,1.02,80268.98,55265.827
1750,600188.SH,20140627,6.95,6.95,6.83,6.85,6.95,-0.1,-1.44,86475.33,59482.612
1751,600188.SH,20140626,6.96,6.99,6.86,6.95,7.01,-0.06,-0.86,120251.26,83315.437
1752,600188.SH,20140625,6.96,7.29,6.83,7.01,6.92,0.09,1.3,249935.43,177108.288
1753,600188.SH,20140624,6.68,6.97,6.65,6.92,6.72,0.2,2.98,134501.29,92014.702
1754,600188.SH,20140623,6.65,6.82,6.54,6.72,6.66,0.06,0.9,96849.05,64742.014
1755,600188.SH,20140620,6.54,6.67,6.5,6.66,6.55,0.11,1.68,65342.0,43151.112
1756,600188.SH,20140619,6.86,6.86,6.53,6.55,6.85,-0.3,-4.38,105282.69,70366.337
1757,600188.SH,20140618,6.64,7.08,6.59,6.87,6.64,0.23,3.46,163785.33,112398.14
1758,600188.SH,20140617,6.75,6.75,6.61,6.64,6.75,-0.11,-1.63,49450.54,32996.35
1759,600188.SH,20140616,6.66,6.76,6.65,6.75,6.63,0.12,1.81,84186.96,56501.608
1760,600188.SH,20140613,6.55,6.72,6.53,6.63,6.56,0.07,1.07,88951.76,59151.671
1761,600188.SH,20140612,6.64,6.69,6.5,6.56,6.67,-0.11,-1.65,84300.43,55522.899
1762,600188.SH,20140611,6.66,6.69,6.6,6.67,6.69,-0.02,-0.3,59662.93,39654.843
1763,600188.SH,20140610,6.61,6.72,6.58,6.69,6.59,0.1,1.52,67939.13,45252.031
1764,600188.SH,20140609,6.69,6.7,6.57,6.59,6.71,-0.12,-1.79,88915.94,58896.223
1765,600188.SH,20140606,6.83,6.85,6.66,6.71,6.84,-0.13,-1.9,62392.46,42063.898
1766,600188.SH,20140605,6.89,6.89,6.65,6.84,6.84,0.0,0.0,79422.44,53557.986
1767,600188.SH,20140604,6.89,6.96,6.76,6.84,6.83,0.01,0.15,88612.27,60885.883
1768,600188.SH,20140603,6.82,7.01,6.79,6.83,6.8,0.03,0.44,109708.07,75799.655
1769,600188.SH,20140530,6.74,6.95,6.73,6.8,6.79,0.01,0.15,83266.89,56883.331
1770,600188.SH,20140529,6.96,6.98,6.72,6.79,7.06,-0.27,-3.82,177951.06,121609.1
1771,600188.SH,20140528,7.1,7.18,7.0,7.06,7.04,0.02,0.28,158833.04,112524.446
1772,600188.SH,20140527,6.99,7.11,6.91,7.04,7.05,-0.01,-0.14,125773.05,88238.107
1773,600188.SH,20140526,6.92,7.12,6.92,7.05,6.96,0.09,1.29,133891.15,94084.244
1774,600188.SH,20140523,7.07,7.11,6.76,6.96,6.94,0.02,0.29,128133.99,88850.202
1775,600188.SH,20140522,7.0,7.12,6.89,6.94,7.08,-0.14,-1.98,205133.3,143103.716
1776,600188.SH,20140521,6.86,7.3,6.81,7.08,6.91,0.17,2.46,321837.04,229058.052
1777,600188.SH,20140520,7.25,7.29,6.89,6.91,7.23,-0.32,-4.43,243796.19,172432.476
1778,600188.SH,20140519,7.19,7.25,7.05,7.23,7.24,-0.01,-0.14,215949.18,154591.091
1779,600188.SH,20140516,7.32,7.4,7.04,7.24,7.39,-0.15,-2.03,329555.69,237054.437
1780,600188.SH,20140515,7.67,7.77,7.24,7.39,7.77,-0.38,-4.89,419360.66,310516.555
1781,600188.SH,20140514,7.8,8.03,7.72,7.77,7.94,-0.17,-2.14,469400.63,368217.558
1782,600188.SH,20140513,7.94,7.94,7.62,7.94,7.22,0.72,9.97,677752.18,533505.406
1783,600188.SH,20140512,6.62,7.22,6.48,7.22,6.56,0.66,10.06,188315.66,132009.1
1784,600188.SH,20140509,6.27,6.62,6.23,6.56,6.29,0.27,4.29,159827.24,103588.549
1785,600188.SH,20140508,6.08,6.35,6.05,6.29,6.09,0.2,3.28,79737.53,49711.672
1786,600188.SH,20140507,6.1,6.14,6.07,6.09,6.15,-0.06,-0.98,22710.43,13846.724
1787,600188.SH,20140506,6.14,6.2,6.08,6.15,6.14,0.01,0.16,36556.33,22443.311
1788,600188.SH,20140505,6.04,6.14,6.0,6.14,6.09,0.05,0.82,32292.35,19580.66
1789,600188.SH,20140430,6.13,6.17,6.06,6.09,6.11,-0.02,-0.33,32672.04,19923.186
1790,600188.SH,20140429,5.95,6.11,5.95,6.11,5.94,0.17,2.86,39600.52,23979.742
1791,600188.SH,20140428,6.06,6.07,5.93,5.94,6.07,-0.13,-2.14,39950.92,23974.792
1792,600188.SH,20140425,6.18,6.23,6.07,6.07,6.18,-0.11,-1.78,31413.62,19254.54
1793,600188.SH,20140424,6.19,6.26,6.14,6.18,6.19,-0.01,-0.16,32895.14,20407.306
1794,600188.SH,20140423,6.18,6.24,6.16,6.19,6.2,-0.01,-0.16,26133.0,16216.011
1795,600188.SH,20140422,6.21,6.26,6.14,6.2,6.22,-0.02,-0.32,34023.57,21052.258
1796,600188.SH,20140421,6.35,6.39,6.21,6.22,6.39,-0.17,-2.66,42517.03,26791.458
1797,600188.SH,20140418,6.36,6.45,6.29,6.39,6.4,-0.01,-0.16,36445.82,23331.516
1798,600188.SH,20140417,6.47,6.48,6.39,6.4,6.46,-0.06,-0.93,35445.58,22772.125
1799,600188.SH,20140416,6.49,6.59,6.44,6.46,6.5,-0.04,-0.62,41292.95,26790.671
1800,600188.SH,20140415,6.64,6.64,6.48,6.5,6.64,-0.14,-2.11,45289.26,29638.942
1801,600188.SH,20140414,6.56,6.72,6.51,6.64,6.56,0.08,1.22,64945.79,43010.544
1802,600188.SH,20140411,6.55,6.6,6.51,6.56,6.61,-0.05,-0.76,82982.97,54345.794
1803,600188.SH,20140410,6.55,6.74,6.46,6.61,6.53,0.08,1.23,135827.93,89613.005
1804,600188.SH,20140409,6.57,6.57,6.49,6.53,6.57,-0.04,-0.61,67514.1,44071.061
1805,600188.SH,20140408,6.38,6.58,6.34,6.57,6.38,0.19,2.98,94731.78,61733.647
1806,600188.SH,20140404,6.37,6.44,6.32,6.38,6.35,0.03,0.47,40308.16,25702.061
1807,600188.SH,20140403,6.49,6.5,6.33,6.35,6.44,-0.09,-1.4,55440.45,35400.799
1808,600188.SH,20140402,6.38,6.47,6.34,6.44,6.36,0.08,1.26,51027.36,32777.374
1809,600188.SH,20140401,6.43,6.49,6.32,6.36,6.41,-0.05,-0.78,60965.27,38776.594
1810,600188.SH,20140331,6.39,6.57,6.36,6.41,6.39,0.02,0.31,46891.37,30191.687
1811,600188.SH,20140328,6.31,6.58,6.31,6.39,6.34,0.05,0.79,65821.3,42421.865
1812,600188.SH,20140327,6.4,6.45,6.33,6.34,6.4,-0.06,-0.94,58082.47,37183.476
1813,600188.SH,20140326,6.57,6.6,6.37,6.4,6.52,-0.12,-1.84,73322.1,47223.308
1814,600188.SH,20140325,6.5,6.61,6.43,6.52,6.51,0.01,0.15,89508.72,58267.807
1815,600188.SH,20140324,6.43,6.63,6.36,6.51,6.33,0.18,2.84,130381.74,84412.8
1816,600188.SH,20140321,6.05,6.39,6.04,6.33,6.07,0.26,4.28,130205.36,81556.378
1817,600188.SH,20140320,6.21,6.24,6.06,6.07,6.22,-0.15,-2.41,52036.18,32027.162
1818,600188.SH,20140319,6.15,6.25,6.1,6.22,6.16,0.06,0.97,49626.92,30687.05
1819,600188.SH,20140318,6.19,6.26,6.12,6.16,6.2,-0.04,-0.65,37790.38,23367.55
1820,600188.SH,20140317,6.09,6.25,6.07,6.2,6.06,0.14,2.31,54254.11,33554.428
1821,600188.SH,20140314,6.11,6.18,6.02,6.06,6.16,-0.1,-1.62,48658.84,29680.429
1822,600188.SH,20140313,6.12,6.27,6.03,6.16,6.1,0.06,0.98,84829.04,52307.111
1823,600188.SH,20140312,6.0,6.2,5.99,6.1,6.09,0.01,0.16,57771.06,35243.923
1824,600188.SH,20140311,5.98,6.23,5.91,6.09,5.99,0.1,1.67,68886.41,41645.55
1825,600188.SH,20140310,6.36,6.36,5.97,5.99,6.43,-0.44,-6.84,88820.21,54067.44
1826,600188.SH,20140307,6.41,6.5,6.37,6.43,6.42,0.01,0.16,43558.07,28002.673
1827,600188.SH,20140306,6.5,6.5,6.34,6.42,6.56,-0.14,-2.13,65066.03,41645.219
1828,600188.SH,20140305,6.43,6.77,6.37,6.56,6.43,0.13,2.02,103261.9,67710.152
1829,600188.SH,20140304,6.45,6.45,6.33,6.43,6.49,-0.06,-0.92,56741.44,36261.563
1830,600188.SH,20140303,6.57,6.59,6.43,6.49,6.55,-0.06,-0.92,60022.25,39006.207
1831,600188.SH,20140228,6.57,6.6,6.4,6.55,6.57,-0.02,-0.3,62437.23,40509.578
1832,600188.SH,20140227,6.82,6.82,6.55,6.57,6.84,-0.27,-3.95,76752.98,51078.249
1833,600188.SH,20140226,6.8,6.85,6.7,6.84,6.79,0.05,0.74,41741.4,28310.189
1834,600188.SH,20140225,7.09,7.13,6.72,6.79,7.09,-0.3,-4.23,58320.44,40666.689
1835,600188.SH,20140224,7.4,7.4,7.0,7.09,7.47,-0.38,-5.09,73155.48,52254.305
1836,600188.SH,20140221,7.6,7.7,7.4,7.47,7.63,-0.16,-2.1,45737.92,34481.18
1837,600188.SH,20140220,7.61,7.75,7.58,7.63,7.61,0.02,0.26,69239.44,53135.049
1838,600188.SH,20140219,7.55,7.66,7.52,7.61,7.54,0.07,0.93,50307.36,38146.766
1839,600188.SH,20140218,7.72,7.72,7.5,7.54,7.75,-0.21,-2.71,71115.55,53998.297
1840,600188.SH,20140217,7.67,7.82,7.61,7.75,7.65,0.1,1.31,81708.43,62953.673
1841,600188.SH,20140214,7.6,7.71,7.56,7.65,7.63,0.02,0.26,39722.15,30325.464
1842,600188.SH,20140213,7.58,7.73,7.57,7.63,7.58,0.05,0.66,71496.29,54715.989
1843,600188.SH,20140212,7.69,7.69,7.54,7.58,7.7,-0.12,-1.56,70878.68,53729.953
1844,600188.SH,20140211,7.41,7.76,7.34,7.7,7.43,0.27,3.63,103697.63,78482.505
1845,600188.SH,20140210,7.3,7.47,7.28,7.43,7.28,0.15,2.06,55163.48,40820.617
1846,600188.SH,20140207,7.3,7.35,7.19,7.28,7.33,-0.05,-0.68,36900.45,26723.065
1847,600188.SH,20140130,7.52,7.55,7.3,7.33,7.54,-0.21,-2.79,24707.61,18222.517
1848,600188.SH,20140129,7.65,7.67,7.51,7.54,7.61,-0.07,-0.92,19569.28,14805.638
1849,600188.SH,20140128,7.6,7.65,7.55,7.61,7.6,0.01,0.13,25112.45,19094.928
1850,600188.SH,20140127,7.61,7.75,7.53,7.6,7.68,-0.08,-1.04,39202.35,29863.067
1851,600188.SH,20140124,7.54,7.75,7.51,7.68,7.56,0.12,1.59,31704.83,24330.841
1852,600188.SH,20140123,7.64,7.64,7.54,7.56,7.64,-0.08,-1.05,25511.64,19358.15
1853,600188.SH,20140122,7.48,7.66,7.46,7.64,7.49,0.15,2.0,31457.63,23922.541
1854,600188.SH,20140121,7.36,7.54,7.36,7.49,7.33,0.16,2.18,26687.41,19875.495
1855,600188.SH,20140120,7.32,7.4,7.3,7.33,7.37,-0.04,-0.54,21917.32,16119.413
1856,600188.SH,20140117,7.63,7.63,7.36,7.37,7.67,-0.3,-3.91,49846.59,37180.051
1857,600188.SH,20140116,7.56,7.8,7.5,7.67,7.59,0.08,1.05,42302.45,32383.3
1858,600188.SH,20140115,7.8,7.84,7.57,7.59,7.76,-0.17,-2.19,34122.97,26121.682
1859,600188.SH,20140114,7.79,7.88,7.68,7.76,7.79,-0.03,-0.39,25393.35,19699.597
1860,600188.SH,20140113,7.76,7.88,7.7,7.79,7.74,0.05,0.65,23520.91,18269.802
1861,600188.SH,20140110,7.67,7.78,7.59,7.74,7.7,0.04,0.52,41780.75,32195.835
1862,600188.SH,20140109,7.93,7.95,7.69,7.7,7.95,-0.25,-3.14,55584.29,43393.833
1863,600188.SH,20140108,8.04,8.2,7.94,7.95,8.08,-0.13,-1.61,39136.1,31487.895
1864,600188.SH,20140107,8.3,8.36,7.99,8.08,8.35,-0.27,-3.23,43820.48,35852.066
1865,600188.SH,20140106,8.68,8.68,8.32,8.35,8.69,-0.34,-3.91,41017.94,34538.706
1866,600188.SH,20140103,8.62,8.71,8.5,8.69,8.65,0.04,0.46,44143.34,37901.383
1867,600188.SH,20140102,8.85,8.86,8.55,8.65,8.88,-0.23,-2.59,51122.23,44387.032
1868,600188.SH,20131231,8.72,9.1,8.69,8.88,8.74,0.14,1.6,31886.32,28358.149
1869,600188.SH,20131230,8.82,8.86,8.73,8.74,8.81,-0.07,-0.79,20577.82,18078.744
1870,600188.SH,20131227,8.75,8.88,8.67,8.81,8.75,0.06,0.69,33975.68,29817.072
1871,600188.SH,20131226,9.06,9.06,8.66,8.75,9.03,-0.28,-3.1,49910.67,43742.05
1872,600188.SH,20131225,9.15,9.17,8.91,9.03,9.16,-0.13,-1.42,33393.15,29997.312
1873,600188.SH,20131224,9.11,9.18,8.99,9.16,9.07,0.09,0.99,35163.07,31993.597
1874,600188.SH,20131223,9.19,9.23,8.96,9.07,9.24,-0.17,-1.84,22977.36,20833.469
1875,600188.SH,20131220,9.55,9.55,9.1,9.24,9.45,-0.21,-2.22,32377.85,30014.164
1876,600188.SH,20131219,9.51,9.69,9.43,9.45,9.49,-0.04,-0.42,28977.46,27650.34
1877,600188.SH,20131218,9.6,9.6,9.43,9.49,9.53,-0.04,-0.42,23660.81,22433.05
1878,600188.SH,20131217,9.55,9.61,9.51,9.53,9.53,0.0,0.0,24043.4,22928.879
1879,600188.SH,20131216,9.8,9.8,9.5,9.53,9.73,-0.2,-2.06,35953.14,34573.278
1880,600188.SH,20131213,9.78,9.79,9.71,9.73,9.82,-0.09,-0.92,25474.15,24815.308
1881,600188.SH,20131212,9.83,9.97,9.82,9.82,9.82,0.0,0.0,21510.69,21271.998
1882,600188.SH,20131211,10.0,10.09,9.8,9.82,10.01,-0.19,-1.9,34726.57,34198.848
1883,600188.SH,20131210,10.15,10.2,10.0,10.01,10.1,-0.09,-0.89,29005.5,29183.818
1884,600188.SH,20131209,10.08,10.2,10.07,10.1,10.1,0.0,0.0,23847.03,24141.727
1885,600188.SH,20131206,10.21,10.25,10.03,10.1,10.2,-0.1,-0.98,40884.25,41287.262
1886,600188.SH,20131205,10.2,10.38,10.14,10.2,10.2,0.0,0.0,47572.01,48772.845
1887,600188.SH,20131204,10.17,10.27,10.08,10.2,10.07,0.13,1.29,39922.54,40681.23
1888,600188.SH,20131203,9.94,10.14,9.9,10.07,9.94,0.13,1.31,33620.62,33812.585
1889,600188.SH,20131202,10.16,10.28,9.81,9.94,10.27,-0.33,-3.21,52798.31,53071.409
1890,600188.SH,20131129,10.4,10.4,10.2,10.27,10.42,-0.15,-1.44,51866.97,53387.987
1891,600188.SH,20131128,10.3,10.59,10.3,10.42,10.12,0.3,2.96,130699.95,136697.097
1892,600188.SH,20131127,9.97,10.14,9.89,10.12,9.96,0.16,1.61,58774.68,59139.168
1893,600188.SH,20131126,10.14,10.14,9.92,9.96,10.06,-0.1,-0.99,31839.25,31846.716
1894,600188.SH,20131125,10.01,10.16,10.01,10.06,10.15,-0.09,-0.89,32424.4,32667.55
1895,600188.SH,20131122,10.2,10.37,10.1,10.15,10.17,-0.02,-0.2,46404.9,47390.82
1896,600188.SH,20131121,9.81,10.35,9.8,10.17,9.87,0.3,3.04,99232.76,101107.593
1897,600188.SH,20131120,9.9,9.96,9.79,9.87,9.8,0.07,0.71,34303.04,33833.05
1898,600188.SH,20131119,9.86,9.86,9.71,9.8,9.82,-0.02,-0.2,37004.62,36145.514
1899,600188.SH,20131118,9.51,9.84,9.51,9.82,9.58,0.24,2.51,59849.16,58238.901
1900,600188.SH,20131115,9.38,9.67,9.38,9.58,9.41,0.17,1.81,40491.58,38786.472
1901,600188.SH,20131114,9.38,9.55,9.36,9.41,9.34,0.07,0.7495,36023.13,33937.403
1902,600188.SH,20131113,9.7,9.7,9.32,9.34,9.7,-0.36,-3.71,32997.57,31352.043
1903,600188.SH,20131112,9.57,9.79,9.46,9.7,9.56,0.14,1.46,32712.83,31591.32
1904,600188.SH,20131111,9.69,9.69,9.38,9.56,9.68,-0.12,-1.24,40072.36,38092.216
1905,600188.SH,20131108,10.09,10.12,9.65,9.68,10.12,-0.44,-4.35,46724.51,46098.905
1906,600188.SH,20131107,10.09,10.3,10.09,10.12,10.17,-0.05,-0.49,38203.78,38947.089
1907,600188.SH,20131106,10.06,10.4,10.03,10.17,10.13,0.04,0.39,50521.13,51661.395
1908,600188.SH,20131105,10.09,10.15,9.93,10.13,10.17,-0.04,-0.39,42743.49,42923.969
1909,600188.SH,20131104,10.24,10.34,10.1,10.17,10.24,-0.07,-0.68,31951.3,32469.433
1910,600188.SH,20131101,10.19,10.29,10.1,10.24,10.12,0.12,1.19,35325.93,36065.602
1911,600188.SH,20131031,10.25,10.32,10.08,10.12,10.33,-0.21,-2.03,43963.03,44767.718
1912,600188.SH,20131030,10.23,10.38,10.02,10.33,10.2,0.13,1.27,53460.24,54713.967
1913,600188.SH,20131029,10.3,10.52,10.0,10.2,10.31,-0.11,-1.07,61983.48,63434.268
1914,600188.SH,20131028,10.54,10.75,10.19,10.31,10.57,-0.26,-2.46,67747.89,70777.086
1915,600188.SH,20131025,10.71,10.83,10.44,10.57,10.76,-0.19,-1.77,65717.4,69922.915
1916,600188.SH,20131024,11.18,11.19,10.73,10.76,11.25,-0.49,-4.36,87052.32,95015.077
1917,600188.SH,20131023,11.28,11.56,11.12,11.25,11.37,-0.12,-1.06,147722.64,167254.103
1918,600188.SH,20131022,10.79,11.5,10.79,11.37,10.9,0.47,4.31,206669.31,231761.493
1919,600188.SH,20131021,10.73,11.18,10.6,10.9,10.74,0.16,1.49,89819.0,97813.204
1920,600188.SH,20131018,10.82,11.07,10.63,10.74,10.87,-0.13,-1.2,71488.13,77169.956
1921,600188.SH,20131017,10.46,11.39,10.42,10.87,10.39,0.48,4.62,159139.69,174424.466
1922,600188.SH,20131016,10.71,10.71,10.36,10.39,10.72,-0.33,-3.08,48351.59,50712.996
1923,600188.SH,20131015,10.66,10.82,10.55,10.72,10.66,0.06,0.56,83914.41,89996.142
1924,600188.SH,20131014,10.46,10.68,10.45,10.66,10.46,0.2,1.91,76639.68,81244.908
1925,600188.SH,20131011,10.37,10.5,10.35,10.46,10.33,0.13,1.26,50520.4,52757.233
1926,600188.SH,20131010,10.45,10.5,10.22,10.33,10.43,-0.1,-0.96,72055.4,74597.141
1927,600188.SH,20131009,10.58,10.64,10.38,10.43,10.64,-0.21,-1.97,73650.04,76984.727
1928,600188.SH,20131008,10.54,10.66,10.28,10.64,10.6,0.04,0.38,53244.33,55648.362
1929,600188.SH,20130930,10.75,10.85,10.5,10.6,10.72,-0.12,-1.12,53554.75,56906.415
1930,600188.SH,20130927,10.33,10.88,10.3,10.72,10.29,0.43,4.18,105604.0,112930.531
1931,600188.SH,20130926,10.36,10.48,10.27,10.29,10.36,-0.07,-0.68,42827.24,44300.53
1932,600188.SH,20130925,10.42,10.55,10.3,10.36,10.39,-0.03,-0.29,39203.41,40853.805
1933,600188.SH,20130924,10.58,10.58,10.31,10.39,10.58,-0.19,-1.8,46417.93,48323.822
1934,600188.SH,20130923,10.48,10.64,10.47,10.58,10.41,0.17,1.63,37821.18,39963.151
1935,600188.SH,20130918,10.35,10.5,10.34,10.41,10.4,0.01,0.1,35629.51,37060.39
1936,600188.SH,20130917,10.77,10.77,10.36,10.4,10.75,-0.35,-3.26,56771.44,59808.649
1937,600188.SH,20130916,10.91,11.07,10.7,10.75,10.91,-0.16,-1.47,64221.39,69225.864
1938,600188.SH,20130913,10.96,11.15,10.9,10.91,11.02,-0.11,-1.0,88168.57,97344.139
1939,600188.SH,20130912,11.0,11.09,10.86,11.02,11.09,-0.07,-0.63,101096.25,110990.02
1940,600188.SH,20130911,10.98,11.29,10.85,11.09,10.94,0.15,1.37,203206.5,226321.349
1941,600188.SH,20130910,10.71,11.05,10.58,10.94,10.5,0.44,4.19,185203.66,200768.542
1942,600188.SH,20130909,10.3,10.55,10.24,10.5,10.29,0.21,2.04,80237.8,83912.007
1943,600188.SH,20130906,10.21,10.41,10.18,10.29,10.28,0.01,0.1,45940.78,47447.372
1944,600188.SH,20130905,10.48,10.48,10.27,10.28,10.52,-0.24,-2.28,65796.33,68100.434
1945,600188.SH,20130904,10.54,10.75,10.35,10.52,10.57,-0.05,-0.47,89501.18,94036.868
1946,600188.SH,20130903,10.5,10.72,10.44,10.57,10.5,0.07,0.67,85484.07,90287.242
1947,600188.SH,20130902,10.31,10.58,10.25,10.5,10.32,0.18,1.74,74886.72,77947.406
1948,600188.SH,20130830,10.44,10.56,10.26,10.32,10.44,-0.12,-1.15,78351.8,81462.502
1949,600188.SH,20130829,10.58,10.68,10.37,10.44,10.69,-0.25,-2.34,73590.87,77288.926
1950,600188.SH,20130828,10.53,10.9,10.44,10.69,10.62,0.07,0.66,131216.87,140239.909
1951,600188.SH,20130827,10.55,10.64,10.37,10.62,10.5,0.12,1.14,71395.61,75042.375
1952,600188.SH,20130826,10.22,10.55,10.22,10.5,10.22,0.28,2.74,80432.85,83988.803
1953,600188.SH,20130823,10.6,10.7,10.0,10.22,10.48,-0.26,-2.48,107375.61,110872.9
1954,600188.SH,20130822,10.56,10.7,10.42,10.48,10.7,-0.22,-2.06,80683.12,84837.122
1955,600188.SH,20130821,10.36,11.0,10.3,10.7,10.43,0.27,2.59,133042.26,142360.863
1956,600188.SH,20130820,10.4,10.61,10.33,10.43,10.69,-0.26,-2.43,87613.9,91639.175
1957,600188.SH,20130819,10.49,10.75,10.36,10.69,10.55,0.14,1.33,88073.95,92988.218
1958,600188.SH,20130816,10.66,11.59,10.53,10.55,10.77,-0.22,-2.04,170714.75,184926.977
1959,600188.SH,20130815,10.88,11.02,10.75,10.77,10.94,-0.17,-1.55,99025.78,107765.309
1960,600188.SH,20130814,11.02,11.42,10.87,10.94,11.08,-0.14,-1.26,207666.89,231127.209
1961,600188.SH,20130813,11.25,11.36,10.9,11.08,11.3,-0.22,-1.95,232909.77,257936.339
1962,600188.SH,20130812,10.27,11.3,10.25,11.3,10.27,1.03,10.03,394908.9,430825.742
1963,600188.SH,20130809,10.02,10.44,9.98,10.27,9.98,0.29,2.91,157818.67,161399.571
1964,600188.SH,20130808,10.02,10.22,9.91,9.98,10.09,-0.11,-1.09,85084.91,85397.246
1965,600188.SH,20130807,10.01,10.37,9.93,10.09,10.13,-0.04,-0.39,144405.31,146554.68
1966,600188.SH,20130806,9.96,10.25,9.77,10.13,10.03,0.1,1.0,125785.75,126262.217
1967,600188.SH,20130805,9.75,10.35,9.67,10.03,9.81,0.22,2.24,115553.13,115478.879
1968,600188.SH,20130802,9.61,9.97,9.5,9.81,9.61,0.2,2.08,134497.2,131532.909
1969,600188.SH,20130801,9.31,9.99,9.22,9.61,9.31,0.3,3.22,109625.55,105182.691
1970,600188.SH,20130731,9.21,9.44,9.21,9.31,9.27,0.04,0.43,59702.39,55625.277
1971,600188.SH,20130730,9.2,9.58,9.13,9.27,9.58,-0.31,-3.24,110221.03,102859.279
1972,600188.SH,20130729,9.73,9.75,9.51,9.58,9.87,-0.29,-2.94,59748.8,57446.776
1973,600188.SH,20130726,9.99,10.02,9.75,9.87,10.1,-0.23,-2.28,81990.72,81154.22
1974,600188.SH,20130725,9.74,10.5,9.69,10.1,9.8,0.3,3.06,151660.18,153173.059
1975,600188.SH,20130724,9.82,9.99,9.43,9.8,9.92,-0.12,-1.21,94861.07,91700.111
1976,600188.SH,20130723,9.38,10.33,9.35,9.92,9.41,0.51,5.42,119137.12,118070.523
1977,600188.SH,20130722,9.14,9.42,9.06,9.41,9.29,0.12,1.29,63561.12,58792.149
1978,600188.SH,20130719,9.77,10.01,9.26,9.29,9.73,-0.44,-4.52,95513.99,92159.669
1979,600188.SH,20130718,9.99,10.05,9.72,9.73,10.11,-0.38,-3.76,103892.85,102139.526
1980,600188.SH,20130717,10.27,10.57,10.05,10.11,10.29,-0.18,-1.75,130989.11,135394.949
1981,600188.SH,20130716,10.2,10.34,10.12,10.29,10.26,0.03,0.29,96292.47,98435.161
1982,600188.SH,20130715,10.27,10.5,10.04,10.26,10.23,0.03,0.29,124887.09,128238.821
1983,600188.SH,20130712,10.6,10.6,10.21,10.23,10.76,-0.53,-4.93,187559.77,194415.697
1984,600188.SH,20130711,10.01,10.79,9.95,10.76,9.88,0.88,8.91,313943.05,326376.882
1985,600188.SH,20130710,8.99,9.88,8.92,9.88,8.98,0.9,10.02,176832.84,171643.657
1986,600188.SH,20130709,8.8,9.13,8.76,8.98,8.83,0.15,1.7,46404.65,41519.095
1987,600188.SH,20130708,9.21,9.21,8.82,8.83,9.4,-0.57,-6.06,73120.88,65966.181
1988,600188.SH,20130705,9.41,9.67,9.28,9.4,9.44,-0.04,-0.42,109916.34,103996.571
1989,600188.SH,20130704,9.1,9.65,8.84,9.44,9.17,0.27,2.94,158136.24,147208.23
1990,600188.SH,20130703,9.39,9.39,9.04,9.17,9.41,-0.24,-2.55,79835.06,73468.227
1991,600188.SH,20130702,9.53,9.56,9.24,9.41,9.49,-0.08,-0.84,56288.47,52675.561
1992,600188.SH,20130701,9.31,9.51,9.19,9.49,9.4,0.09,0.96,65198.87,61160.138
1993,600188.SH,20130628,9.26,9.85,9.06,9.4,9.39,0.01,0.11,115077.93,108774.086
1994,600188.SH,20130627,9.53,9.82,9.31,9.39,9.51,-0.12,-1.26,111367.32,106300.778
1995,600188.SH,20130626,9.69,9.72,9.31,9.51,9.69,-0.18,-1.86,94455.46,89598.545
1996,600188.SH,20130625,9.68,9.95,9.01,9.69,9.74,-0.05,-0.51,129674.45,124007.699
1997,600188.SH,20130624,10.66,10.66,9.73,9.74,10.71,-0.97,-9.06,103441.91,104905.349
1998,600188.SH,20130621,11.2,11.2,10.13,10.71,11.26,-0.55,-4.88,141105.12,151592.51
1999,600188.SH,20130620,12.36,12.36,11.6,11.62,12.5,-0.88,-7.04,74958.42,89785.45
2000,600188.SH,20130619,12.35,12.66,11.92,12.5,12.37,0.13,1.05,66549.05,81429.288
2001,600188.SH,20130618,12.54,12.63,12.21,12.37,12.48,-0.11,-0.88,34227.75,42433.319
2002,600188.SH,20130617,12.68,12.73,12.38,12.48,12.57,-0.09,-0.72,44891.72,56110.923
2003,600188.SH,20130614,12.74,12.81,12.47,12.57,12.74,-0.17,-1.33,49667.78,62569.304
2004,600188.SH,20130613,13.54,13.54,12.41,12.74,13.61,-0.87,-6.39,50403.72,64322.469
2005,600188.SH,20130607,14.06,14.17,13.6,13.61,14.07,-0.46,-3.27,51860.0,71591.243
2006,600188.SH,20130606,14.12,14.29,14.06,14.07,14.15,-0.08,-0.57,29333.94,41573.888
2007,600188.SH,20130605,14.14,14.29,14.11,14.15,14.14,0.01,0.07,24557.06,34783.139
2008,600188.SH,20130604,14.5,14.5,14.13,14.14,14.55,-0.41,-2.82,41192.3,58742.928
2009,600188.SH,20130603,14.43,14.74,14.36,14.55,14.47,0.08,0.55,40402.07,58764.8
2010,600188.SH,20130531,14.6,14.83,14.41,14.47,14.57,-0.1,-0.69,46506.71,68104.935
2011,600188.SH,20130530,14.6,14.75,14.55,14.57,14.64,-0.07,-0.48,35567.64,52027.16
2012,600188.SH,20130529,14.77,14.85,14.62,14.64,14.77,-0.13,-0.88,49930.16,73659.624
2013,600188.SH,20130528,14.38,14.87,14.34,14.77,14.38,0.39,2.71,70677.27,103490.437
2014,600188.SH,20130527,14.7,14.75,14.37,14.38,14.68,-0.3,-2.04,46118.86,67108.036
2015,600188.SH,20130524,14.59,14.8,14.53,14.68,14.59,0.09,0.62,35762.79,52446.898
2016,600188.SH,20130523,14.97,14.97,14.56,14.59,14.97,-0.38,-2.54,55552.45,81902.32
2017,600188.SH,20130522,14.91,15.13,14.75,14.97,14.93,0.04,0.27,66121.75,98758.279
2018,600188.SH,20130521,14.85,15.11,14.8,14.93,14.88,0.05,0.34,58942.81,88126.437
2019,600188.SH,20130520,14.99,15.06,14.75,14.88,15.12,-0.24,-1.59,95113.88,141721.856
2020,600188.SH,20130517,14.4,15.49,14.2,15.12,14.39,0.73,5.07,158594.16,233488.174
2021,600188.SH,20130516,14.03,14.4,13.79,14.39,14.03,0.36,2.57,70416.61,99350.53
2022,600188.SH,20130515,14.1,14.25,13.9,14.03,14.09,-0.06,-0.43,41155.16,57800.151
2023,600188.SH,20130514,14.35,14.35,14.05,14.09,14.36,-0.27,-1.88,35422.26,50063.752
2024,600188.SH,20130513,14.44,14.49,14.26,14.36,14.4,-0.04,-0.28,30391.33,43608.537
2025,600188.SH,20130510,14.16,14.47,14.09,14.4,14.24,0.16,1.12,37578.66,53906.327
2026,600188.SH,20130509,14.56,14.59,14.08,14.24,14.53,-0.29,-2.0,52736.75,75332.887
2027,600188.SH,20130508,14.66,14.79,14.47,14.53,14.61,-0.08,-0.55,44607.79,65118.925
2028,600188.SH,20130507,14.37,14.77,14.15,14.61,14.35,0.26,1.81,63804.65,92777.647
2029,600188.SH,20130506,14.31,14.51,14.29,14.35,14.23,0.12,0.84,44343.83,63794.851
2030,600188.SH,20130503,14.1,14.45,14.09,14.23,14.1,0.13,0.92,65250.88,92970.619
2031,600188.SH,20130502,15.1,15.13,13.96,14.1,15.17,-1.07,-7.05,88941.12,128186.396
2032,600188.SH,20130426,15.55,15.63,15.12,15.17,15.63,-0.46,-2.94,59201.72,90467.195
2033,600188.SH,20130425,15.77,15.98,15.61,15.63,15.9,-0.27,-1.7,38648.85,60847.474
2034,600188.SH,20130424,15.75,16.06,15.68,15.9,15.65,0.25,1.6,29847.53,47344.106
2035,600188.SH,20130423,16.15,16.21,15.64,15.65,16.15,-0.5,-3.1,40274.1,63556.637
2036,600188.SH,20130422,16.2,16.3,16.0,16.15,16.3,-0.15,-0.92,40785.47,65697.574
2037,600188.SH,20130419,15.86,16.36,15.83,16.3,15.86,0.44,2.77,56008.01,90596.317
2038,600188.SH,20130418,15.76,16.29,15.64,15.86,15.9,-0.04,-0.25,32415.17,51484.62
2039,600188.SH,20130417,16.1,16.13,15.64,15.9,16.01,-0.11,-0.69,32317.7,51228.228
2040,600188.SH,20130416,15.68,16.15,15.5,16.01,15.84,0.17,1.07,38891.23,61536.545
2041,600188.SH,20130415,16.16,16.37,15.75,15.84,16.37,-0.53,-3.24,44576.69,71348.523
2042,600188.SH,20130412,16.52,16.65,16.34,16.37,16.51,-0.14,-0.85,23427.48,38634.415
2043,600188.SH,20130411,16.97,17.07,16.5,16.51,16.9,-0.39,-2.31,35314.75,59116.82
2044,600188.SH,20130410,16.68,16.93,16.61,16.9,16.63,0.27,1.62,42739.7,71639.825
2045,600188.SH,20130409,16.49,16.75,16.45,16.63,16.42,0.21,1.28,36876.12,61330.597
2046,600188.SH,20130408,16.49,16.53,16.08,16.42,16.85,-0.43,-2.55,55944.22,91439.031
2047,600188.SH,20130403,17.18,17.23,16.78,16.85,17.06,-0.21,-1.23,50941.5,86544.103
2048,600188.SH,20130402,16.95,17.25,16.85,17.06,16.94,0.12,0.71,39556.98,67450.143
2049,600188.SH,20130401,16.88,17.21,16.75,16.94,17.02,-0.08,-0.47,41670.22,70852.588
2050,600188.SH,20130329,17.37,17.49,17.0,17.02,17.37,-0.35,-2.02,61750.17,106678.061
2051,600188.SH,20130328,17.18,17.6,16.73,17.37,17.4,-0.03,-0.17,106106.91,181551.451
2052,600188.SH,20130327,17.54,17.7,17.29,17.4,17.54,-0.14,-0.8,93813.54,164158.033
2053,600188.SH,20130326,18.35,18.37,17.53,17.54,18.5,-0.96,-5.19,170901.16,303713.706
2054,600188.SH,20130325,18.67,19.1,18.48,18.5,18.91,-0.41,-2.17,167857.42,314097.845
2055,600188.SH,20130322,18.59,19.25,18.41,18.91,18.72,0.19,1.02,218367.62,412833.773
2056,600188.SH,20130321,19.13,19.13,18.55,18.72,19.26,-0.54,-2.8,215065.44,404339.724
2057,600188.SH,20130320,18.99,19.35,18.73,19.26,19.11,0.15,0.78,346856.31,660892.545
2058,600188.SH,20130319,18.75,19.15,18.51,19.11,18.86,0.25,1.33,266154.22,503374.499
2059,600188.SH,20130318,18.7,19.36,18.6,18.86,18.85,0.01,0.05,307831.87,584434.57
2060,600188.SH,20130315,19.2,19.51,18.56,18.85,19.46,-0.61,-3.13,357727.52,679606.113
2061,600188.SH,20130314,17.53,19.46,17.17,19.46,17.69,1.77,10.01,381336.85,705826.818
2062,600188.SH,20130313,17.84,18.07,17.53,17.69,17.79,-0.1,-0.56,59975.52,106738.44
2063,600188.SH,20130312,17.76,18.23,17.69,17.79,17.87,-0.08,-0.45,135120.19,242156.672
2064,600188.SH,20130311,17.75,18.18,17.45,17.87,17.75,0.12,0.68,76014.16,135815.025
2065,600188.SH,20130308,17.36,18.46,17.1,17.75,17.42,0.33,1.89,138680.76,248374.833
2066,600188.SH,20130307,16.82,17.7,16.62,17.42,16.97,0.45,2.65,110297.54,191746.674
2067,600188.SH,20130306,16.99,17.01,16.77,16.97,16.76,0.21,1.25,46589.79,78564.793
2068,600188.SH,20130305,16.6,16.85,16.6,16.76,16.59,0.17,1.02,45967.62,76767.371
2069,600188.SH,20130304,17.14,17.5,16.47,16.59,17.48,-0.89,-5.09,80847.06,136512.583
2070,600188.SH,20130301,17.72,17.73,17.2,17.48,17.7,-0.22,-1.24,62292.19,108611.121
2071,600188.SH,20130228,17.38,17.75,17.26,17.7,17.3,0.4,2.31,62599.57,109946.665
2072,600188.SH,20130227,17.18,17.5,17.08,17.3,17.18,0.12,0.7,40942.74,70682.635
2073,600188.SH,20130226,17.7,17.7,17.1,17.18,17.78,-0.6,-3.37,88026.25,152890.572
2074,600188.SH,20130225,17.9,18.03,17.71,17.78,17.79,-0.01,-0.06,35620.77,63496.233
2075,600188.SH,20130222,17.7,17.84,17.67,17.79,17.72,0.07,0.4,37626.37,66803.163
2076,600188.SH,20130221,18.32,18.32,17.67,17.72,18.44,-0.72,-3.9,80717.4,144081.419
2077,600188.SH,20130220,18.31,18.47,18.2,18.44,18.23,0.21,1.15,58721.76,107840.973
2078,600188.SH,20130219,18.8,18.9,18.12,18.23,18.8,-0.57,-3.03,74595.38,138141.452
2079,600188.SH,20130218,19.37,19.44,18.77,18.8,19.37,-0.57,-2.94,84519.34,160558.589
2080,600188.SH,20130208,19.45,19.57,19.35,19.37,19.38,-0.01,-0.05,64982.35,126343.578
2081,600188.SH,20130207,19.35,19.58,19.18,19.38,19.38,0.0,0.0,75319.09,145821.309
2082,600188.SH,20130206,19.6,19.6,19.14,19.38,19.61,-0.23,-1.17,101684.18,196315.323
2083,600188.SH,20130205,19.6,20.18,19.39,19.61,19.66,-0.05,-0.25,263687.46,521840.002
2084,600188.SH,20130204,18.54,20.05,18.42,19.66,18.43,1.23,6.67,264158.68,511712.956
2085,600188.SH,20130201,18.42,18.5,18.17,18.43,18.41,0.02,0.11,72161.27,132047.87
2086,600188.SH,20130131,18.16,18.8,18.02,18.41,18.27,0.14,0.77,102050.94,188730.824
2087,600188.SH,20130130,18.26,18.54,18.16,18.27,18.23,0.04,0.22,63407.28,116260.029
2088,600188.SH,20130129,17.98,18.47,17.95,18.23,17.98,0.25,1.39,86998.79,159180.438
2089,600188.SH,20130128,17.63,17.99,17.62,17.98,17.63,0.35,1.99,49606.6,88570.614
2090,600188.SH,20130125,17.77,17.83,17.54,17.63,17.64,-0.01,-0.06,35859.12,63384.8
2091,600188.SH,20130124,18.25,18.37,17.58,17.64,18.19,-0.55,-3.02,88815.97,159683.57
2092,600188.SH,20130123,18.21,18.39,17.8,18.19,18.35,-0.16,-0.87,66677.22,120850.296
2093,600188.SH,20130122,18.73,18.74,18.25,18.35,18.86,-0.51,-2.7,107616.16,198981.11
2094,600188.SH,20130121,18.22,18.99,18.13,18.86,18.23,0.63,3.46,189766.14,354168.619
2095,600188.SH,20130118,18.2,18.35,17.99,18.23,17.98,0.25,1.39,72417.64,131987.617
2096,600188.SH,20130117,18.26,18.35,17.93,17.98,18.34,-0.36,-1.96,63874.64,115591.315
2097,600188.SH,20130116,18.19,18.66,18.06,18.34,18.13,0.21,1.16,136520.35,250121.832
2098,600188.SH,20130115,18.02,18.23,17.91,18.13,17.91,0.22,1.23,83278.77,150473.109
2099,600188.SH,20130114,17.53,18.04,17.4,17.91,17.54,0.37,2.11,66904.46,119133.986
2100,600188.SH,20130111,18.12,18.2,17.47,17.54,18.09,-0.55,-3.04,81404.47,144444.103
2101,600188.SH,20130110,18.28,18.42,18.0,18.09,18.35,-0.26,-1.42,76570.6,139563.72
2102,600188.SH,20130109,17.76,18.37,17.68,18.35,17.84,0.51,2.86,75287.51,135520.818
2103,600188.SH,20130108,18.05,18.15,17.63,17.84,18.05,-0.21,-1.16,67034.9,119267.085
2104,600188.SH,20130107,18.07,18.32,17.95,18.05,18.14,-0.09,-0.5,53865.46,97413.757
2105,600188.SH,20130104,18.58,18.68,17.97,18.14,18.23,-0.09,-0.49,74967.38,137442.727
2106,600188.SH,20121231,18.0,18.4,17.92,18.23,18.0,0.23,1.28,70116.67,127314.613
2107,600188.SH,20121228,17.88,18.14,17.76,18.0,17.85,0.15,0.84,60281.15,108110.663
2108,600188.SH,20121227,18.15,18.48,17.8,17.85,18.05,-0.2,-1.11,88392.04,160699.968
2109,600188.SH,20121226,18.0,18.1,17.88,18.05,17.98,0.07,0.39,58655.35,105531.595
2110,600188.SH,20121225,17.65,18.1,17.41,17.98,17.67,0.31,1.75,90629.94,162183.551
2111,600188.SH,20121224,17.7,18.09,17.54,17.67,17.65,0.02,0.11,50046.52,88782.743
2112,600188.SH,20121221,17.61,18.42,17.59,17.65,17.59,0.06,0.34,106842.46,192355.746
2113,600188.SH,20121220,17.32,17.62,17.17,17.59,17.37,0.22,1.27,51888.89,90101.145
2114,600188.SH,20121219,17.27,17.67,17.27,17.37,17.31,0.06,0.35,53054.84,92814.447
2115,600188.SH,20121218,17.4,17.75,17.1,17.31,17.53,-0.22,-1.26,82213.54,142922.464
2116,600188.SH,20121217,17.09,18.14,17.01,17.53,17.07,0.46,2.69,98579.69,174042.14
2117,600188.SH,20121214,16.41,17.08,16.29,17.07,16.25,0.82,5.05,98625.1,166097.454
2118,600188.SH,20121213,16.53,16.65,16.23,16.25,16.6,-0.35,-2.11,27448.33,45188.046
2119,600188.SH,20121212,16.58,16.79,16.43,16.6,16.74,-0.14,-0.84,32414.17,53719.966
2120,600188.SH,20121211,16.6,17.1,16.35,16.74,16.66,0.08,0.48,61074.22,101979.852
2121,600188.SH,20121210,16.6,16.71,16.36,16.66,16.54,0.12,0.73,57425.22,95244.841
2122,600188.SH,20121207,16.15,16.86,16.06,16.54,16.15,0.39,2.41,63988.33,105582.11
2123,600188.SH,20121206,16.25,16.46,16.08,16.15,16.25,-0.1,-0.62,22133.5,35916.007
2124,600188.SH,20121205,15.5,16.53,15.31,16.25,15.53,0.72,4.64,43212.97,69570.099
2125,600188.SH,20121204,15.38,15.64,15.08,15.53,15.43,0.1,0.65,22704.97,34870.614
2126,600188.SH,20121203,16.19,16.26,15.42,15.43,16.2,-0.77,-4.75,25268.16,40138.479
2127,600188.SH,20121130,16.03,16.21,16.0,16.2,16.02,0.18,1.12,16162.28,26071.893
2128,600188.SH,20121129,16.14,16.29,15.96,16.02,16.12,-0.1,-0.62,14665.71,23574.77
2129,600188.SH,20121128,16.03,16.29,15.99,16.12,16.06,0.06,0.37,21799.54,35207.997
2130,600188.SH,20121127,16.59,16.59,16.0,16.06,16.72,-0.66,-3.95,19937.12,32725.007
2131,600188.SH,20121126,16.68,16.83,16.55,16.72,16.71,0.01,0.06,12764.05,21309.858
2132,600188.SH,20121123,16.79,16.84,16.5,16.71,16.5,0.21,1.27,20196.48,33805.871
2133,600188.SH,20121122,16.85,16.9,16.47,16.5,16.92,-0.42,-2.48,20718.02,34593.563
2134,600188.SH,20121121,16.68,16.97,16.65,16.92,16.54,0.38,2.3,22155.12,37244.053
2135,600188.SH,20121120,16.62,16.76,16.51,16.54,16.54,0.0,0.0,16962.02,28198.439
2136,600188.SH,20121119,16.56,16.62,16.36,16.54,16.48,0.06,0.36,14842.0,24443.964
2137,600188.SH,20121116,16.98,17.0,16.25,16.48,16.98,-0.5,-2.94,36358.81,59888.273
2138,600188.SH,20121115,17.3,17.37,16.95,16.98,17.38,-0.4,-2.3,22322.55,38298.242
2139,600188.SH,20121114,17.28,17.45,17.2,17.38,17.3,0.08,0.46,14005.32,24349.179
2140,600188.SH,20121113,17.63,17.68,17.29,17.3,17.58,-0.28,-1.59,22096.28,38431.842
2141,600188.SH,20121112,17.68,17.88,17.42,17.58,17.79,-0.21,-1.18,29540.07,51963.487
2142,600188.SH,20121109,17.49,17.83,17.41,17.79,17.48,0.31,1.77,19808.79,34848.332
2143,600188.SH,20121108,17.89,17.89,17.45,17.48,18.07,-0.59,-3.27,29204.35,51601.957
2144,600188.SH,20121107,18.08,18.29,17.92,18.07,18.07,0.0,0.0,18435.36,33341.579
2145,600188.SH,20121106,18.39,18.39,17.78,18.07,18.33,-0.26,-1.42,30278.89,54546.79
2146,600188.SH,20121105,18.27,18.59,18.11,18.33,18.16,0.17,0.94,39374.86,72582.499
2147,600188.SH,20121102,18.23,18.29,18.0,18.16,18.17,-0.01,-0.06,28121.49,51027.221
2148,600188.SH,20121101,18.0,18.32,17.86,18.17,17.96,0.21,1.17,28848.55,52265.245
2149,600188.SH,20121031,17.66,17.97,17.66,17.96,17.73,0.23,1.3,20778.44,37058.341
2150,600188.SH,20121030,17.53,17.97,17.53,17.73,17.53,0.2,1.14,25170.87,44615.998
2151,600188.SH,20121029,17.43,17.64,17.38,17.53,17.71,-0.18,-1.02,25913.54,45408.21
2152,600188.SH,20121026,17.98,18.18,17.55,17.71,18.0,-0.29,-1.61,35719.1,63680.729
2153,600188.SH,20121025,18.38,18.61,17.95,18.0,18.38,-0.38,-2.07,38656.55,70625.452
2154,600188.SH,20121024,18.58,18.67,18.33,18.38,18.67,-0.29,-1.55,36727.21,67927.352
2155,600188.SH,20121023,19.0,19.03,18.64,18.67,18.97,-0.3,-1.58,28016.97,52644.991
2156,600188.SH,20121022,18.78,19.05,18.66,18.97,18.85,0.12,0.64,29426.84,55472.695
2157,600188.SH,20121019,19.15,19.19,18.83,18.85,19.13,-0.28,-1.46,50045.9,95088.512
2158,600188.SH,20121018,18.74,19.18,18.74,19.13,18.67,0.46,2.46,56299.8,106891.544
2159,600188.SH,20121017,18.84,18.9,18.57,18.67,18.72,-0.05,-0.27,26485.3,49615.702
2160,600188.SH,20121016,18.7,18.95,18.62,18.72,18.7,0.02,0.11,26437.29,49683.893
2161,600188.SH,20121015,18.89,18.89,18.53,18.7,18.92,-0.22,-1.16,24068.1,44930.48
2162,600188.SH,20121012,18.81,19.15,18.63,18.92,18.72,0.2,1.07,34281.86,64765.0
2163,600188.SH,20121011,19.01,19.05,18.71,18.72,19.15,-0.43,-2.25,40731.73,76765.82
2164,600188.SH,20121010,19.06,19.27,19.01,19.15,19.05,0.1,0.52,46731.23,89364.688
2165,600188.SH,20121009,18.75,19.3,18.73,19.05,18.69,0.36,1.93,67536.84,129143.115
2166,600188.SH,20121008,18.9,19.0,18.57,18.69,18.97,-0.28,-1.48,40550.14,75935.482
2167,600188.SH,20120928,18.3,18.98,18.21,18.97,18.45,0.52,2.82,91940.75,172202.173
2168,600188.SH,20120927,17.7,18.65,17.61,18.45,17.69,0.76,4.3,71448.33,130866.652
2169,600188.SH,20120926,17.79,18.03,17.64,17.69,17.79,-0.1,-0.56,24374.43,43343.588
2170,600188.SH,20120925,17.9,18.13,17.71,17.79,17.99,-0.2,-1.11,24756.2,44240.093
2171,600188.SH,20120924,17.56,18.2,17.26,17.99,17.58,0.41,2.33,47808.74,84845.128
2172,600188.SH,20120921,17.49,18.15,17.45,17.58,17.46,0.12,0.69,40548.04,72476.631
2173,600188.SH,20120920,18.1,18.1,17.42,17.46,18.11,-0.65,-3.59,30345.08,53662.22
2174,600188.SH,20120919,17.82,18.12,17.81,18.11,17.8,0.31,1.74,27496.43,49323.007
2175,600188.SH,20120918,18.08,18.17,17.78,17.8,18.19,-0.39,-2.14,27973.4,50207.886
2176,600188.SH,20120917,18.85,18.85,18.18,18.19,18.86,-0.67,-3.55,40495.97,74947.571
2177,600188.SH,20120914,19.2,19.5,18.71,18.86,18.64,0.22,1.18,75371.73,143412.728
2178,600188.SH,20120913,19.0,19.05,18.63,18.64,18.89,-0.25,-1.32,54498.74,102571.33
2179,600188.SH,20120912,18.43,18.9,18.43,18.89,18.23,0.66,3.62,94796.84,176946.138
2180,600188.SH,20120911,18.31,18.31,18.09,18.23,18.48,-0.25,-1.35,40475.08,73535.906
2181,600188.SH,20120910,18.2,18.68,18.12,18.48,18.41,0.07,0.38,74752.29,137706.93
2182,600188.SH,20120907,17.18,18.67,17.18,18.41,17.08,1.33,7.79,112245.5,203349.955
2183,600188.SH,20120906,17.03,17.16,16.93,17.08,16.94,0.14,0.83,21911.44,37309.464
2184,600188.SH,20120905,17.05,17.2,16.91,16.94,17.2,-0.26,-1.51,27363.71,46538.015
2185,600188.SH,20120904,17.29,17.44,17.05,17.2,17.3,-0.1,-0.58,39747.67,68511.037
2186,600188.SH,20120903,17.2,17.38,17.01,17.3,17.19,0.11,0.64,35428.47,61168.099
2187,600188.SH,20120831,17.26,17.38,17.16,17.19,17.29,-0.1,-0.58,17086.8,29441.57
2188,600188.SH,20120830,17.49,17.64,17.21,17.29,17.5,-0.21,-1.2,21631.13,37665.998
2189,600188.SH,20120829,17.98,18.0,17.5,17.5,18.03,-0.53,-2.94,18650.63,33037.467
2190,600188.SH,20120828,17.88,18.24,17.8,18.03,17.88,0.15,0.84,16836.9,30311.516
2191,600188.SH,20120827,18.2,18.26,17.86,17.88,18.22,-0.34,-1.87,24971.39,45074.103
2192,600188.SH,20120824,18.7,18.7,18.2,18.22,18.67,-0.45,-2.41,22323.36,41070.229
2193,600188.SH,20120823,18.5,18.68,18.41,18.67,18.44,0.23,1.25,20031.22,37233.447
2194,600188.SH,20120822,18.7,18.73,18.39,18.44,18.67,-0.23,-1.23,17708.37,32825.507
2195,600188.SH,20120821,18.56,18.8,18.4,18.67,18.57,0.1,0.54,20623.68,38522.025
2196,600188.SH,20120820,18.4,18.62,18.35,18.57,18.59,-0.02,-0.11,16289.98,30050.217
2197,600188.SH,20120817,18.56,18.67,18.49,18.59,18.56,0.03,0.16,13893.36,25787.94
2198,600188.SH,20120816,18.57,18.75,18.53,18.56,18.59,-0.03,-0.16,13516.56,25124.166
2199,600188.SH,20120815,18.78,18.87,18.58,18.59,18.87,-0.28,-1.48,15412.24,28762.273
2200,600188.SH,20120814,18.66,18.9,18.56,18.87,18.69,0.18,0.96,24662.28,46230.587
2201,600188.SH,20120813,19.1,19.1,18.68,18.69,19.1,-0.41,-2.15,31234.55,58853.825
2202,600188.SH,20120810,19.4,19.44,19.08,19.1,19.36,-0.26,-1.34,29230.9,56029.541
2203,600188.SH,20120809,19.45,19.49,19.05,19.36,19.46,-0.1,-0.51,36957.83,71304.653
2204,600188.SH,20120808,19.25,19.76,19.21,19.46,19.26,0.2,1.04,64751.61,126187.999
2205,600188.SH,20120807,19.34,19.45,19.11,19.26,19.38,-0.12,-0.62,37562.89,72236.759
2206,600188.SH,20120806,19.02,19.4,19.02,19.38,18.97,0.41,2.16,54067.1,104006.077
2207,600188.SH,20120803,18.7,18.98,18.62,18.97,18.69,0.28,1.5,35454.68,66777.541
2208,600188.SH,20120802,18.53,18.8,18.53,18.69,18.68,0.01,0.05,26599.24,49728.626
2209,600188.SH,20120801,18.28,18.82,18.28,18.68,18.26,0.42,2.3,24060.15,44804.429
2210,600188.SH,20120731,18.68,18.78,18.19,18.26,18.67,-0.41,-2.2,22965.84,42217.395
2211,600188.SH,20120730,18.61,18.91,18.61,18.67,18.69,-0.02,-0.11,21263.86,39881.848
2212,600188.SH,20120727,18.63,18.88,18.53,18.69,18.45,0.24,1.3,31702.26,59270.79
2213,600188.SH,20120726,18.5,18.77,18.44,18.45,18.46,-0.01,-0.05,19557.95,36360.136
2214,600188.SH,20120725,18.65,18.79,18.44,18.46,18.68,-0.22,-1.18,20224.01,37627.499
2215,600188.SH,20120724,18.43,18.95,18.36,18.68,18.73,-0.05,-0.27,28607.62,53525.33
2216,600188.SH,20120723,18.82,18.97,18.35,18.73,19.0,-0.27,-1.42,33230.57,61900.319
2217,600188.SH,20120720,19.36,19.47,18.88,19.0,19.3,-0.3,-1.55,36012.49,68911.884
2218,600188.SH,20120719,19.3,19.5,19.12,19.3,19.3,0.0,0.0,49846.66,96431.198
2219,600188.SH,20120718,19.15,19.32,18.9,19.3,19.16,0.14,0.73,26284.07,50297.767
2220,600188.SH,20120717,18.96,19.4,18.9,19.16,18.99,0.17,0.9,34292.44,65777.686
2221,600188.SH,20120716,19.3,19.3,18.98,18.99,19.22,-0.23,-1.2,36140.28,69250.681
2222,600188.SH,20120713,19.2,19.74,19.01,19.22,19.46,-0.24,-1.23,51334.0,99750.635
2223,600188.SH,20120712,18.6,19.76,18.27,19.46,18.48,0.98,5.3,95215.35,182762.299
2224,600188.SH,20120711,18.5,19.16,18.5,19.05,18.65,0.4,2.14,46335.08,88028.691
2225,600188.SH,20120710,18.5,18.69,18.42,18.65,18.5,0.15,0.81,26440.95,49115.747
2226,600188.SH,20120709,19.17,19.17,18.48,18.5,19.25,-0.75,-3.9,43712.93,81775.716
2227,600188.SH,20120706,19.02,19.38,18.7,19.25,18.92,0.33,1.74,42125.89,80170.527
2228,600188.SH,20120705,19.4,19.4,18.83,18.92,19.4,-0.48,-2.47,27742.51,52631.18
2229,600188.SH,20120704,19.6,19.74,19.14,19.4,19.28,0.12,0.62,50504.71,98257.598
2230,600188.SH,20120703,19.08,19.44,18.83,19.28,19.07,0.21,1.1,33528.72,64389.408
2231,600188.SH,20120702,19.3,19.6,19.0,19.07,18.98,0.09,0.47,49094.42,94801.145
2232,600188.SH,20120629,19.11,19.12,18.38,18.98,19.28,-0.3,-1.56,66529.27,125227.352
2233,600188.SH,20120628,19.45,19.59,19.27,19.28,19.38,-0.1,-0.52,25762.76,50054.682
2234,600188.SH,20120627,19.54,19.69,19.33,19.38,19.61,-0.23,-1.17,32662.45,63765.96
2235,600188.SH,20120626,19.93,19.93,19.2,19.61,20.72,-1.11,-5.36,57443.6,112016.891
2236,600188.SH,20120621,21.3,21.3,20.66,20.72,21.44,-0.72,-3.36,51796.15,108268.716
2237,600188.SH,20120620,21.42,21.62,21.41,21.44,21.42,0.02,0.09,25049.41,53870.609
2238,600188.SH,20120619,21.62,21.73,21.4,21.42,21.73,-0.31,-1.43,24379.73,52469.503
2239,600188.SH,20120618,21.95,21.97,21.56,21.73,21.72,0.01,0.05,45658.46,99604.533
2240,600188.SH,20120615,21.72,21.78,21.31,21.72,21.55,0.17,0.79,37129.09,80107.293
2241,600188.SH,20120614,21.4,22.14,21.33,21.55,21.32,0.23,1.08,73769.91,160839.177
2242,600188.SH,20120613,21.3,21.32,20.99,21.32,21.16,0.16,0.76,30936.26,65612.305
2243,600188.SH,20120612,21.31,21.4,21.08,21.16,21.51,-0.35,-1.63,27815.34,58929.928
2244,600188.SH,20120611,21.21,21.57,21.04,21.51,21.02,0.49,2.33,32612.14,69620.016
2245,600188.SH,20120608,21.44,21.45,21.0,21.02,21.16,-0.14,-0.66,33936.37,71845.515
2246,600188.SH,20120607,21.7,21.84,21.11,21.16,21.46,-0.3,-1.4,35651.55,76477.189
2247,600188.SH,20120606,21.85,21.88,21.24,21.46,21.68,-0.22,-1.01,35262.26,76061.527
2248,600188.SH,20120605,21.85,22.11,21.56,21.68,21.91,-0.23,-1.05,48035.82,104556.666
2249,600188.SH,20120604,22.3,22.34,21.88,21.91,22.79,-0.88,-3.86,73868.53,163454.568
2250,600188.SH,20120601,22.76,22.97,22.66,22.79,22.76,0.03,0.13,34760.93,79228.49
2251,600188.SH,20120531,22.75,22.88,22.59,22.76,23.0,-0.24,-1.04,33792.93,76787.622
2252,600188.SH,20120530,23.28,23.3,22.96,23.0,23.27,-0.27,-1.16,47761.82,110219.523
2253,600188.SH,20120529,22.85,23.4,22.85,23.27,22.82,0.45,1.97,74509.83,172504.658
2254,600188.SH,20120528,22.25,22.85,22.01,22.82,22.34,0.48,2.15,51003.97,114450.529
2255,600188.SH,20120525,22.75,22.83,22.24,22.34,22.69,-0.35,-1.54,40896.91,91874.118
2256,600188.SH,20120524,22.7,22.99,22.64,22.69,22.79,-0.1,-0.44,34527.52,78721.349
2257,600188.SH,20120523,22.96,23.05,22.6,22.79,23.09,-0.3,-1.3,43901.4,100240.21
2258,600188.SH,20120522,22.96,23.15,22.9,23.09,22.84,0.25,1.09,56519.16,130026.971
2259,600188.SH,20120521,22.58,23.09,22.35,22.84,22.67,0.17,0.75,63347.5,144158.114
2260,600188.SH,20120518,23.0,23.04,22.51,22.67,23.23,-0.56,-2.41,63276.63,143917.971
2261,600188.SH,20120517,22.88,23.28,22.82,23.23,22.88,0.35,1.53,39978.97,92498.955
2262,600188.SH,20120516,23.18,23.3,22.86,22.88,23.26,-0.38,-1.63,46534.06,107094.002
2263,600188.SH,20120515,23.4,23.4,22.95,23.26,23.6,-0.34,-1.44,54723.72,126496.41
2264,600188.SH,20120514,24.28,24.35,23.6,23.6,24.0,-0.4,-1.67,58511.38,140041.716
2265,600188.SH,20120511,24.0,24.46,23.8,24.0,24.0,0.0,0.0,55428.23,133563.513
2266,600188.SH,20120510,23.8,24.16,23.8,24.0,23.88,0.12,0.5,46922.78,112721.268
2267,600188.SH,20120509,24.19,24.19,23.8,23.88,24.46,-0.58,-2.37,77458.87,185800.751
2268,600188.SH,20120508,24.76,24.79,24.25,24.46,24.76,-0.3,-1.21,85039.5,207615.588
2269,600188.SH,20120507,24.9,24.9,24.45,24.76,25.14,-0.38,-1.51,108998.11,268748.149
2270,600188.SH,20120504,25.18,25.35,24.93,25.14,25.23,-0.09,-0.36,90904.85,228805.286
2271,600188.SH,20120503,25.0,25.48,25.0,25.23,25.21,0.02,0.08,83240.84,210160.503
2272,600188.SH,20120502,24.28,25.66,23.95,25.21,23.8,1.41,5.92,148104.84,368797.991
2273,600188.SH,20120427,23.68,23.83,23.51,23.8,23.66,0.14,0.59,52528.07,124595.582
2274,600188.SH,20120426,23.35,23.95,23.15,23.66,23.24,0.42,1.81,78409.63,185321.968
2275,600188.SH,20120425,23.1,23.28,22.83,23.24,23.09,0.15,0.65,64192.97,148020.899
2276,600188.SH,20120424,23.3,23.52,22.55,23.09,23.71,-0.62,-2.61,94251.21,217579.462
2277,600188.SH,20120420,23.55,23.74,23.35,23.71,23.55,0.16,0.68,50091.29,118242.826
2278,600188.SH,20120419,23.71,23.72,23.42,23.55,23.73,-0.18,-0.76,39760.42,93776.611
2279,600188.SH,20120418,23.17,23.78,23.1,23.73,23.02,0.71,3.08,64464.52,151660.124
2280,600188.SH,20120417,23.33,23.48,23.01,23.02,23.32,-0.3,-1.29,36221.84,84199.114
2281,600188.SH,20120416,23.19,23.55,23.1,23.32,23.41,-0.09,-0.38,32918.46,76791.665
2282,600188.SH,20120413,23.35,23.65,23.11,23.41,23.32,0.09,0.39,76492.96,179232.981
2283,600188.SH,20120412,22.8,23.51,22.8,23.32,22.4,0.92,4.11,107875.65,250083.593
2284,600188.SH,20120411,22.15,22.6,22.07,22.4,22.45,-0.05,-0.22,31783.44,71050.35
2285,600188.SH,20120410,22.2,22.51,22.01,22.45,22.25,0.2,0.9,45003.82,100172.645
2286,600188.SH,20120409,22.59,22.59,22.21,22.25,22.64,-0.39,-1.72,34708.4,77546.818
2287,600188.SH,20120406,22.83,22.85,22.41,22.64,22.75,-0.11,-0.48,52637.74,119069.575
2288,600188.SH,20120405,22.48,22.9,22.12,22.75,22.21,0.54,2.43,62876.88,141562.654
2289,600188.SH,20120330,22.19,22.39,22.06,22.21,22.19,0.02,0.09,40744.27,90422.459
2290,600188.SH,20120329,23.21,23.21,22.06,22.19,23.21,-1.02,-4.39,61864.37,139534.352
2291,600188.SH,20120328,24.59,24.59,23.13,23.21,24.59,-1.38,-5.61,65573.96,155681.87
2292,600188.SH,20120327,24.63,24.93,24.5,24.59,24.5,0.09,0.37,28337.81,69896.09
2293,600188.SH,20120326,24.75,24.99,24.38,24.5,24.75,-0.25,-1.01,41212.32,101204.542
2294,600188.SH,20120323,25.59,25.63,24.61,24.75,25.53,-0.78,-3.06,57491.53,144000.535
2295,600188.SH,20120322,25.61,25.89,25.3,25.53,25.59,-0.06,-0.23,61725.47,157984.553
2296,600188.SH,20120321,25.15,25.91,24.82,25.59,25.05,0.54,2.16,96221.58,245304.794
2297,600188.SH,20120320,25.24,25.78,25.01,25.05,25.23,-0.18,-0.71,79398.56,201558.968
2298,600188.SH,20120319,24.78,25.26,24.67,25.23,24.95,0.28,1.12,49785.4,124231.363
2299,600188.SH,20120316,24.75,25.1,24.45,24.95,24.71,0.24,0.97,43736.06,108559.086
2300,600188.SH,20120315,24.59,24.99,24.3,24.71,24.75,-0.04,-0.16,63651.09,157025.707
2301,600188.SH,20120314,26.12,26.28,24.6,24.75,25.92,-1.17,-4.51,104232.12,266147.348
2302,600188.SH,20120313,25.79,26.1,25.42,25.92,25.71,0.21,0.82,59644.28,153909.475
2303,600188.SH,20120312,25.9,26.15,25.53,25.71,25.55,0.16,0.63,79187.68,204534.73
2304,600188.SH,20120309,24.78,25.73,24.78,25.55,24.75,0.8,3.23,89402.39,226629.168
2305,600188.SH,20120308,24.59,24.92,24.55,24.75,24.44,0.31,1.27,53333.61,131856.468
2306,600188.SH,20120307,24.79,24.96,24.43,24.44,25.02,-0.58,-2.32,69209.97,170508.794
2307,600188.SH,20120306,25.81,25.81,25.0,25.02,25.82,-0.8,-3.1,90199.39,227300.556
2308,600188.SH,20120305,25.91,26.4,25.72,25.82,26.0,-0.18,-0.69,85293.75,222238.313
2309,600188.SH,20120302,25.69,26.26,25.66,26.0,25.55,0.45,1.76,78536.87,204178.049
2310,600188.SH,20120301,25.52,25.75,25.45,25.55,25.58,-0.03,-0.12,47575.71,121845.913
2311,600188.SH,20120229,25.81,26.02,25.52,25.58,25.98,-0.4,-1.54,61180.17,157547.338
2312,600188.SH,20120228,26.2,26.23,25.73,25.98,26.36,-0.38,-1.44,91485.07,237404.918
2313,600188.SH,20120227,26.29,26.54,26.06,26.36,26.16,0.2,0.76,130718.66,343898.83
2314,600188.SH,20120224,25.55,26.41,25.45,26.16,25.42,0.74,2.91,182207.46,475245.373
2315,600188.SH,20120223,25.27,25.5,25.05,25.42,25.26,0.16,0.63,103849.73,263181.157
2316,600188.SH,20120222,25.02,25.44,24.86,25.26,25.02,0.24,0.96,89111.13,224092.116
2317,600188.SH,20120221,24.8,25.08,24.37,25.02,24.84,0.18,0.72,81340.61,201363.897
2318,600188.SH,20120220,25.49,25.5,24.8,24.84,25.0,-0.16,-0.64,65770.48,165402.43
2319,600188.SH,20120217,25.48,25.62,24.86,25.0,25.3,-0.3,-1.19,56175.55,141000.27
2320,600188.SH,20120216,25.34,25.57,25.05,25.3,25.57,-0.27,-1.06,79455.38,200963.258
2321,600188.SH,20120215,24.99,25.82,24.8,25.57,25.14,0.43,1.71,126622.15,320857.588
2322,600188.SH,20120214,24.67,25.15,24.37,25.14,24.67,0.47,1.91,121403.06,302149.765
2323,600188.SH,20120213,24.5,24.93,24.35,24.67,24.71,-0.04,-0.16,61736.19,152169.541
2324,600188.SH,20120210,24.51,24.79,24.45,24.71,24.66,0.05,0.2,97210.52,239436.975
2325,600188.SH,20120209,24.8,24.87,24.36,24.66,23.62,1.04,4.4,179839.04,443129.448
2326,600188.SH,20120207,24.01,24.03,23.32,23.62,24.16,-0.54,-2.24,63791.4,150513.205
2327,600188.SH,20120206,24.3,24.72,23.98,24.16,24.15,0.01,0.04,62181.9,151443.858
2328,600188.SH,20120203,23.96,24.24,23.75,24.15,24.13,0.02,0.08,57709.87,138553.508
2329,600188.SH,20120202,23.56,24.4,23.35,24.13,23.49,0.64,2.72,57444.61,137718.869
2330,600188.SH,20120201,24.15,24.34,23.46,23.49,24.17,-0.68,-2.81,40587.21,96655.672
2331,600188.SH,20120131,23.9,24.35,23.71,24.17,24.05,0.12,0.5,37236.35,89326.599
2332,600188.SH,20120130,24.74,24.83,24.0,24.05,24.61,-0.56,-2.28,52102.68,126985.26
2333,600188.SH,20120120,24.73,24.85,24.37,24.61,24.61,0.0,0.0,51419.41,126291.276
2334,600188.SH,20120119,24.37,24.95,24.16,24.61,24.35,0.26,1.07,64191.34,158040.845
2335,600188.SH,20120118,25.09,25.29,24.23,24.35,25.09,-0.74,-2.95,104343.39,257957.904
2336,600188.SH,20120117,23.19,25.1,22.88,25.09,23.13,1.96,8.47,124039.23,299776.499
2337,600188.SH,20120116,23.3,24.45,23.1,23.13,23.7,-0.57,-2.41,71984.98,170677.363
2338,600188.SH,20120113,24.26,24.7,23.46,23.7,24.22,-0.52,-2.15,102568.06,246432.322
2339,600188.SH,20120112,24.3,24.9,24.09,24.22,24.55,-0.33,-1.34,86049.36,210113.683
2340,600188.SH,20120111,24.66,25.0,24.31,24.55,24.9,-0.35,-1.41,132830.79,328318.822
2341,600188.SH,20120110,23.47,24.95,23.05,24.9,23.26,1.64,7.05,185553.61,446287.69
2342,600188.SH,20120109,21.4,23.35,21.05,23.26,21.49,1.77,8.24,131029.63,297569.122
2343,600188.SH,20120106,21.14,21.5,20.61,21.49,21.08,0.41,1.95,41716.41,87923.838
2344,600188.SH,20120105,21.51,22.07,21.02,21.08,21.63,-0.55,-2.54,49219.53,106291.418
2345,600188.SH,20120104,22.69,22.88,21.6,21.63,22.39,-0.76,-3.39,49620.32,110589.538
2346,600188.SH,20111230,21.38,22.6,21.33,22.39,21.33,1.06,4.97,79890.62,176319.288
2347,600188.SH,20111229,20.74,21.55,20.58,21.33,20.76,0.57,2.75,49041.45,103271.482
2348,600188.SH,20111228,20.51,20.98,20.38,20.76,20.7,0.06,0.29,34453.3,71144.088
2349,600188.SH,20111227,21.13,21.3,20.6,20.7,21.13,-0.43,-2.04,29099.79,61033.17
2350,600188.SH,20111226,21.5,21.78,21.0,21.13,21.58,-0.45,-2.09,35624.91,76143.859
2351,600188.SH,20111223,21.7,21.94,21.21,21.58,21.28,0.3,1.41,78899.57,170540.303
2352,600188.SH,20111219,21.44,21.44,20.39,21.28,21.75,-0.47,-2.16,54856.76,114959.79
2353,600188.SH,20111216,20.82,21.88,20.56,21.75,20.99,0.76,3.62,59771.94,125970.432
2354,600188.SH,20111215,22.29,22.29,20.98,20.99,22.63,-1.64,-7.25,69008.45,147892.586
2355,600188.SH,20111214,23.3,23.68,22.5,22.63,23.45,-0.82,-3.5,40768.4,94044.78
2356,600188.SH,20111213,24.57,24.57,23.4,23.45,24.58,-1.13,-4.6,47824.96,113774.433
2357,600188.SH,20111212,24.73,25.0,24.55,24.58,24.92,-0.34,-1.36,23905.29,59168.691
2358,600188.SH,20111209,24.85,25.19,24.82,24.92,25.14,-0.22,-0.88,24678.29,61746.704
2359,600188.SH,20111208,25.08,25.36,24.63,25.14,25.03,0.11,0.44,30308.45,75892.992
2360,600188.SH,20111207,24.83,25.14,24.83,25.03,24.97,0.06,0.24,21662.6,54180.497
2361,600188.SH,20111206,25.06,25.18,24.7,24.97,25.06,-0.09,-0.36,35825.83,89470.05
2362,600188.SH,20111205,25.57,25.57,24.99,25.06,25.58,-0.52,-2.03,37798.06,95039.249
2363,600188.SH,20111202,26.0,26.0,25.4,25.58,26.24,-0.66,-2.52,53348.44,136548.51
2364,600188.SH,20111201,27.0,27.24,26.23,26.24,25.66,0.58,2.26,87582.81,233540.016
2365,600188.SH,20111130,27.0,27.03,25.6,25.66,27.03,-1.37,-5.07,64509.13,168466.705
2366,600188.SH,20111129,26.95,27.15,26.69,27.03,26.49,0.54,2.04,49687.26,133835.467
2367,600188.SH,20111128,26.58,26.67,26.15,26.49,26.33,0.16,0.61,30311.04,80200.129
2368,600188.SH,20111125,26.3,26.66,26.1,26.33,26.49,-0.16,-0.6,30184.33,79703.253
2369,600188.SH,20111124,26.36,26.85,25.85,26.49,26.72,-0.23,-0.86,49434.49,129868.764
2370,600188.SH,20111123,27.15,27.38,26.68,26.72,27.09,-0.37,-1.37,46534.43,125638.513
2371,600188.SH,20111122,27.02,27.47,26.85,27.09,27.39,-0.3,-1.1,58891.05,159262.119
2372,600188.SH,20111121,28.2,28.45,26.82,27.39,28.29,-0.9,-3.18,92841.79,253455.619
2373,600188.SH,20111118,28.81,28.81,28.16,28.29,29.26,-0.97,-3.32,59992.49,170648.255
2374,600188.SH,20111117,28.87,29.55,28.4,29.26,28.66,0.6,2.09,99291.82,288168.247
2375,600188.SH,20111116,29.76,29.88,28.48,28.66,29.76,-1.1,-3.7,92994.09,269835.659
2376,600188.SH,20111115,29.66,30.1,29.4,29.76,29.68,0.08,0.27,90147.88,268552.6
2377,600188.SH,20111114,28.87,29.75,28.66,29.68,28.45,1.23,4.32,162310.52,477348.357
2378,600188.SH,20111111,28.9,29.0,28.24,28.45,28.53,-0.08,-0.28,62492.57,179327.597
2379,600188.SH,20111110,28.71,28.81,28.41,28.53,28.97,-0.44,-1.52,66453.84,189977.819
2380,600188.SH,20111109,28.99,29.19,28.39,28.97,28.7,0.27,0.94,78776.27,226933.864
2381,600188.SH,20111108,28.39,29.18,28.39,28.7,28.43,0.27,0.95,103569.74,299241.601
2382,600188.SH,20111107,28.56,29.22,28.13,28.43,28.56,-0.13,-0.46,85615.75,246135.765
2383,600188.SH,20111104,28.91,28.98,28.41,28.56,28.41,0.15,0.53,84760.84,243291.905
2384,600188.SH,20111103,28.7,29.0,28.25,28.41,28.49,-0.08,-0.28,124009.39,355147.95
2385,600188.SH,20111102,27.74,28.57,27.2,28.49,28.26,0.23,0.81,111949.51,310730.833
2386,600188.SH,20111101,28.0,28.78,27.92,28.26,28.41,-0.15,-0.53,107761.21,305504.895
2387,600188.SH,20111031,28.49,28.89,28.12,28.41,28.73,-0.32,-1.11,110942.92,315937.772
2388,600188.SH,20111028,26.81,28.97,26.81,28.73,26.34,2.39,9.07,281146.05,793337.979
2389,600188.SH,20111027,26.14,26.62,26.11,26.34,26.3,0.04,0.15,77526.44,204139.841
2390,600188.SH,20111026,25.88,26.68,25.76,26.3,26.18,0.12,0.46,116047.96,304916.203
2391,600188.SH,20111025,25.2,26.34,24.9,26.18,25.18,1.0,3.97,117137.54,301270.818
2392,600188.SH,20111024,25.2,25.6,24.3,25.18,25.51,-0.33,-1.29,120227.75,299224.317
2393,600188.SH,20111021,26.19,26.2,25.26,25.51,26.0,-0.49,-1.88,50671.38,130419.773
2394,600188.SH,20111020,26.88,27.27,25.78,26.0,27.14,-1.14,-4.2,94057.28,247990.594
2395,600188.SH,20111019,27.41,27.68,26.98,27.14,27.29,-0.15,-0.55,53996.86,146843.941
2396,600188.SH,20111018,28.27,28.27,27.27,27.29,28.5,-1.21,-4.25,85717.68,236498.379
2397,600188.SH,20111017,28.9,28.98,28.3,28.5,28.78,-0.28,-0.97,87393.5,250271.443
2398,600188.SH,20111014,28.53,29.1,28.0,28.78,28.41,0.37,1.3,119165.88,341600.807
2399,600188.SH,20111013,28.29,28.48,28.09,28.41,28.36,0.05,0.18,92913.97,262795.554
2400,600188.SH,20111012,27.78,28.45,26.68,28.36,27.83,0.53,1.9,122276.02,339660.996
2401,600188.SH,20111011,30.2,30.44,27.0,27.83,29.26,-1.43,-4.89,158477.95,450519.3
2402,600188.SH,20111010,29.4,29.88,29.17,29.26,29.07,0.19,0.65,95965.64,283300.308
2403,600188.SH,20110930,29.1,29.44,28.9,29.07,28.99,0.08,0.28,75364.61,219262.154
2404,600188.SH,20110929,28.77,29.58,28.7,28.99,29.16,-0.17,-0.58,100341.7,293167.075
2405,600188.SH,20110928,29.88,29.98,28.98,29.16,29.34,-0.18,-0.61,105868.95,311748.085
2406,600188.SH,20110927,29.0,29.47,28.75,29.34,28.51,0.83,2.91,143501.89,419585.997
2407,600188.SH,20110926,28.51,29.4,28.3,28.51,28.69,-0.18,-0.63,142574.42,410437.598
2408,600188.SH,20110923,27.6,28.78,27.3,28.69,28.12,0.57,2.03,127819.4,358979.746
2409,600188.SH,20110922,28.1,28.47,27.77,28.12,28.59,-0.47,-1.64,124174.96,349829.966
2410,600188.SH,20110921,26.96,28.7,26.62,28.59,26.91,1.68,6.24,119339.28,334902.395
2411,600188.SH,20110920,26.81,27.13,26.5,26.91,26.82,0.09,0.34,49013.89,131260.194
2412,600188.SH,20110919,27.7,27.7,26.8,26.82,27.92,-1.1,-3.94,70578.95,192022.651
2413,600188.SH,20110916,27.9,28.22,27.81,27.92,27.79,0.13,0.47,35437.44,99365.887
2414,600188.SH,20110915,28.07,28.43,27.78,27.79,28.05,-0.26,-0.93,50823.02,142838.943
2415,600188.SH,20110914,27.89,28.09,27.3,28.05,27.83,0.22,0.79,50639.13,140613.779
2416,600188.SH,20110913,27.47,27.99,27.27,27.83,28.2,-0.37,-1.31,46385.98,127971.905
2417,600188.SH,20110909,28.44,28.75,28.08,28.2,28.21,-0.01,-0.04,39151.85,110872.346
2418,600188.SH,20110908,28.59,28.8,28.2,28.21,28.34,-0.13,-0.46,51304.78,146373.791
2419,600188.SH,20110907,28.14,28.5,27.81,28.34,27.77,0.57,2.05,65625.06,185058.552
2420,600188.SH,20110906,27.86,28.2,27.45,27.77,28.26,-0.49,-1.73,62903.51,174548.493
2421,600188.SH,20110905,29.08,29.12,28.2,28.26,29.6,-1.34,-4.53,85275.17,243332.1
2422,600188.SH,20110902,30.0,30.19,29.18,29.6,30.1,-0.5,-1.66,71871.93,212240.069
2423,600188.SH,20110901,30.38,30.71,29.91,30.1,30.21,-0.11,-0.36,69846.03,211715.144
2424,600188.SH,20110831,30.01,30.39,29.7,30.21,30.18,0.03,0.1,52060.26,156397.382
2425,600188.SH,20110830,30.5,30.78,30.15,30.18,30.15,0.03,0.1,134725.05,410445.657
2426,600188.SH,20110829,30.59,30.65,30.13,30.15,30.85,-0.7,-2.27,77183.92,233685.418
2427,600188.SH,20110826,30.9,31.05,30.62,30.85,31.12,-0.27,-0.87,75016.19,231197.783
2428,600188.SH,20110825,30.05,31.22,29.81,31.12,29.95,1.17,3.91,137321.22,420802.487
2429,600188.SH,20110824,30.52,30.67,29.77,29.95,30.27,-0.32,-1.06,77288.46,233232.32
2430,600188.SH,20110823,30.41,30.41,29.63,30.27,29.91,0.36,1.2,53172.11,159616.1
2431,600188.SH,20110822,29.9,31.0,29.63,29.91,29.82,0.09,0.3,116627.23,352829.353
2432,600188.SH,20110819,29.5,29.88,29.33,29.82,30.09,-0.27,-0.9,61864.93,182926.999
2433,600188.SH,20110818,30.8,30.97,30.01,30.09,30.88,-0.79,-2.56,63186.9,191725.623
2434,600188.SH,20110817,31.0,31.27,30.8,30.88,31.19,-0.31,-0.99,46438.89,143774.962
2435,600188.SH,20110816,31.4,31.57,31.05,31.19,31.24,-0.05,-0.16,87623.87,274268.393
2436,600188.SH,20110815,30.75,31.25,30.45,31.24,30.63,0.61,1.99,78379.96,242136.309
2437,600188.SH,20110812,31.0,31.34,30.6,30.63,30.68,-0.05,-0.16,97536.83,301943.437
2438,600188.SH,20110811,29.72,30.8,29.52,30.68,30.4,0.28,0.92,117599.6,355683.344
2439,600188.SH,20110810,30.91,31.08,30.3,30.4,30.15,0.25,0.83,116929.11,358962.049
2440,600188.SH,20110809,29.49,30.59,28.91,30.15,30.79,-0.64,-2.08,178467.59,531409.785
2441,600188.SH,20110808,32.35,32.45,29.7,30.79,32.74,-1.95,-5.96,152549.66,475814.94
2442,600188.SH,20110805,32.58,33.05,32.25,32.74,33.66,-0.92,-2.73,92399.79,303018.602
2443,600188.SH,20110804,33.88,34.34,33.62,33.66,33.81,-0.15,-0.44,87169.15,296029.298
2444,600188.SH,20110803,33.0,34.1,32.88,33.81,33.49,0.32,0.96,156281.0,526774.307
2445,600188.SH,20110802,33.39,33.55,32.74,33.49,33.02,0.47,1.42,119737.7,397245.286
2446,600188.SH,20110801,32.68,33.32,32.6,33.02,32.55,0.47,1.44,66136.96,218820.509
2447,600188.SH,20110729,33.29,33.58,32.5,32.55,33.5,-0.95,-2.84,78192.47,256750.504
2448,600188.SH,20110728,33.0,33.95,32.63,33.5,33.44,0.06,0.18,93483.02,311840.015
2449,600188.SH,20110727,32.83,33.5,32.63,33.44,32.98,0.46,1.39,54305.81,180451.742
2450,600188.SH,20110726,32.7,33.17,32.7,32.98,32.83,0.15,0.46,37609.37,123958.718
2451,600188.SH,20110725,33.81,34.24,32.67,32.83,34.06,-1.23,-3.61,88387.6,295542.523
2452,600188.SH,20110722,34.06,34.3,33.95,34.06,33.86,0.2,0.59,41087.32,140268.18
2453,600188.SH,20110721,34.16,34.47,33.84,33.86,34.32,-0.46,-1.34,53573.72,182506.793
2454,600188.SH,20110720,34.7,34.82,34.1,34.32,34.29,0.03,0.09,49895.77,171560.477
2455,600188.SH,20110719,34.15,34.9,34.01,34.29,34.34,-0.05,-0.15,89556.45,307981.978
2456,600188.SH,20110718,34.95,34.95,34.16,34.34,34.97,-0.63,-1.8,120201.18,414302.578
2457,600188.SH,20110715,34.99,35.25,34.6,34.97,35.19,-0.22,-0.63,102402.89,357033.022
2458,600188.SH,20110714,34.98,35.64,34.74,35.19,34.66,0.53,1.53,110431.77,388935.034
2459,600188.SH,20110713,34.0,34.87,34.0,34.66,34.01,0.65,1.91,87886.14,303578.118
2460,600188.SH,20110712,34.76,34.76,33.94,34.01,35.23,-1.22,-3.46,156328.31,534444.207
2461,600188.SH,20110711,35.55,35.61,34.9,35.23,35.81,-0.58,-1.62,121246.26,426004.487
2462,600188.SH,20110708,35.72,35.98,35.47,35.81,35.72,0.09,0.25,83144.98,296780.493
2463,600188.SH,20110707,35.75,36.42,35.36,35.72,35.73,-0.01,-0.03,122690.93,441306.094
2464,600188.SH,20110706,35.98,36.5,35.38,35.73,36.08,-0.35,-0.97,109305.35,390389.154
2465,600188.SH,20110705,36.0,36.2,35.6,36.08,36.26,-0.18,-0.5,114231.19,409675.468
2466,600188.SH,20110704,36.08,36.98,35.78,36.26,35.87,0.39,1.09,208614.95,756676.01
2467,600188.SH,20110701,35.5,36.5,35.11,35.87,35.3,0.57,1.61,198617.01,713106.273
2468,600188.SH,20110630,34.3,35.31,34.24,35.3,34.23,1.07,3.13,162974.34,571220.195
2469,600188.SH,20110629,34.97,35.29,34.2,34.23,34.97,-0.74,-2.12,100936.47,350671.868
2470,600188.SH,20110628,34.91,35.22,34.48,34.97,34.91,0.06,0.17,120322.35,419439.521
2471,600188.SH,20110627,33.89,35.42,33.8,34.91,34.17,0.74,2.17,185049.14,643205.45
2472,600188.SH,20110624,34.3,35.6,33.94,34.17,34.41,-0.24,-0.7,240152.04,831863.121
2473,600188.SH,20110623,33.49,34.6,33.46,34.41,33.79,0.62,1.83,121858.62,416975.353
2474,600188.SH,20110622,33.69,34.27,33.36,33.79,33.77,0.02,0.06,123186.99,416084.311
2475,600188.SH,20110621,33.55,34.57,32.95,34.36,33.28,1.08,3.25,180893.6,611576.873
2476,600188.SH,20110620,32.14,33.36,32.0,33.28,32.18,1.1,3.42,171622.83,565002.471
2477,600188.SH,20110617,32.53,33.25,32.15,32.18,32.42,-0.24,-0.74,77987.16,254573.034
2478,600188.SH,20110616,32.4,33.12,32.24,32.42,33.0,-0.58,-1.76,74821.32,244617.482
2479,600188.SH,20110615,33.06,33.9,32.9,33.0,33.14,-0.14,-0.42,115315.07,384828.034
2480,600188.SH,20110614,31.85,33.34,31.68,33.14,31.94,1.2,3.76,136662.5,446632.834
2481,600188.SH,20110613,31.46,32.13,31.24,31.94,32.13,-0.19,-0.59,61414.92,194966.319
2482,600188.SH,20110610,32.69,32.92,31.33,32.13,32.6,-0.47,-1.44,130340.51,415868.927
2483,600188.SH,20110609,33.55,34.33,32.57,32.6,33.56,-0.96,-2.86,153333.82,514248.084
2484,600188.SH,20110608,34.01,34.14,33.34,33.56,34.24,-0.68,-1.99,127813.91,430175.101
2485,600188.SH,20110607,33.78,34.47,33.2,34.24,34.09,0.15,0.44,123429.35,418141.284
2486,600188.SH,20110603,34.0,34.76,33.82,34.09,34.38,-0.29,-0.84,176016.04,604044.557
2487,600188.SH,20110602,32.51,34.8,32.28,34.38,33.22,1.16,3.49,291355.75,980978.79
2488,600188.SH,20110601,32.2,33.3,32.05,33.22,32.47,0.75,2.31,170969.9,564446.028
2489,600188.SH,20110531,31.45,32.68,30.76,32.47,31.57,0.9,2.85,126330.11,400124.687
2490,600188.SH,20110530,32.1,32.93,31.43,31.57,32.49,-0.92,-2.83,131284.7,422166.224
2491,600188.SH,20110527,32.7,33.3,32.11,32.49,31.94,0.55,1.72,182992.15,598494.037
2492,600188.SH,20110526,32.9,33.14,31.9,31.94,32.22,-0.28,-0.87,77259.58,251203.746
2493,600188.SH,20110525,32.11,32.97,31.7,32.22,32.11,0.11,0.34,126349.26,411334.753
2494,600188.SH,20110524,31.58,32.23,31.19,32.11,31.68,0.43,1.36,91382.99,290282.325
2495,600188.SH,20110523,32.63,33.0,31.65,31.68,32.63,-0.95,-2.91,107093.62,347451.66
2496,600188.SH,20110519,33.3,33.49,32.51,32.63,32.99,-0.36,-1.09,84473.66,277604.605
2497,600188.SH,20110518,32.0,33.78,31.9,32.99,32.7,0.29,0.89,166092.06,547579.71
2498,600188.SH,20110517,30.71,33.8,30.5,32.7,30.96,1.74,5.62,245601.56,802092.053
2499,600188.SH,20110516,31.47,31.87,30.88,30.96,31.62,-0.66,-2.09,74811.62,234289.447
2500,600188.SH,20110513,30.97,31.65,30.82,31.62,30.91,0.71,2.3,97274.26,303800.059
2501,600188.SH,20110512,31.28,31.79,30.8,30.91,32.04,-1.13,-3.53,130769.25,406519.249
2502,600188.SH,20110511,32.69,32.77,31.7,32.04,32.51,-0.47,-1.45,91521.31,295361.483
2503,600188.SH,20110510,32.25,32.55,31.9,32.51,31.83,0.68,2.14,102094.77,330283.374
2504,600188.SH,20110509,31.6,32.35,31.6,31.83,31.59,0.24,0.76,112302.05,359122.404
2505,600188.SH,20110506,31.5,32.2,29.92,31.59,32.52,-0.93,-2.86,183935.16,573528.317
2506,600188.SH,20110505,32.6,32.98,32.5,32.52,33.14,-0.62,-1.87,136125.8,445724.57
2507,600188.SH,20110504,35.2,35.2,32.63,33.14,35.68,-2.54,-7.12,223722.05,753718.465
2508,600188.SH,20110503,35.4,35.75,34.85,35.68,35.4,0.28,0.79,111287.89,392161.142
2509,600188.SH,20110429,33.88,35.56,33.79,35.4,33.99,1.41,4.15,148371.75,516373.429
2510,600188.SH,20110428,34.55,34.8,33.91,33.99,34.26,-0.27,-0.79,129043.11,443354.276
2511,600188.SH,20110427,34.1,34.85,33.6,34.26,33.85,0.41,1.21,129695.47,444964.699
2512,600188.SH,20110426,33.4,34.08,33.28,33.85,33.79,0.06,0.18,121690.67,409191.835
2513,600188.SH,20110425,35.63,35.73,33.4,33.79,35.51,-1.72,-4.84,192993.35,656795.134
2514,600188.SH,20110422,36.15,36.38,35.26,35.51,36.4,-0.89,-2.45,115617.19,413043.533
2515,600188.SH,20110421,35.5,36.72,35.23,36.4,35.0,1.4,4.0,187239.47,675395.063
2516,600188.SH,20110420,35.16,35.44,34.9,35.0,34.9,0.1,0.29,93528.68,328205.736
2517,600188.SH,20110419,35.45,35.8,34.85,34.9,36.14,-1.24,-3.43,156507.46,551432.651
2518,600188.SH,20110418,35.88,36.95,35.56,36.14,36.39,-0.25,-0.69,131029.63,472927.935
2519,600188.SH,20110415,36.93,37.66,35.82,36.39,37.0,-0.61,-1.65,176774.94,643827.266
2520,600188.SH,20110414,37.43,37.95,36.72,37.0,37.79,-0.79,-2.09,168469.4,630525.444
2521,600188.SH,20110413,35.51,37.88,34.82,37.79,36.04,1.75,4.86,250836.25,906620.994
2522,600188.SH,20110412,36.6,37.18,35.9,36.04,37.17,-1.13,-3.04,229277.0,836393.79
2523,600188.SH,20110411,37.9,39.5,37.0,37.17,37.68,-0.51,-1.35,369542.3,1419587.06
2524,600188.SH,20110408,37.24,38.1,36.85,37.68,37.24,0.44,1.18,172173.21,647147.441
2525,600188.SH,20110407,37.31,37.8,36.5,37.24,37.11,0.13,0.35,197134.89,731574.654
2526,600188.SH,20110406,36.49,38.7,36.36,37.11,36.97,0.14,0.38,374350.79,1398939.805
2527,600188.SH,20110401,34.79,37.2,34.05,36.97,34.5,2.47,7.16,334542.97,1198808.158
2528,600188.SH,20110331,34.51,35.38,33.97,34.5,34.94,-0.44,-1.26,186790.64,650159.897
2529,600188.SH,20110330,35.08,35.87,34.15,34.94,35.31,-0.37,-1.05,207351.91,722091.752
2530,600188.SH,20110329,34.48,36.4,34.25,35.31,34.94,0.37,1.06,306548.52,1087656.449
2531,600188.SH,20110328,33.45,36.45,33.45,34.94,33.18,1.76,5.3,351664.54,1239762.63
2532,600188.SH,20110325,32.44,33.7,32.03,33.18,32.44,0.74,2.28,261278.47,862091.555
2533,600188.SH,20110324,33.15,33.25,32.35,32.44,33.0,-0.56,-1.7,179073.99,586293.902
2534,600188.SH,20110323,31.71,33.05,31.53,33.0,31.52,1.48,4.7,281581.81,915397.141
2535,600188.SH,20110322,31.88,31.98,30.7,31.52,31.63,-0.11,-0.35,151721.23,475432.409
2536,600188.SH,20110321,32.5,32.72,31.53,31.63,31.69,-0.06,-0.19,194457.23,623863.039
2537,600188.SH,20110318,32.25,32.82,31.54,31.69,31.33,0.36,1.15,242756.0,780391.737
2538,600188.SH,20110317,30.51,32.73,30.38,31.33,31.25,0.08,0.26,371599.58,1180681.967
2539,600188.SH,20110316,30.01,31.58,29.92,31.25,30.02,1.23,4.1,330307.24,1016257.668
2540,600188.SH,20110315,31.25,31.25,29.34,30.02,31.62,-1.6,-5.06,349793.78,1047745.416
2541,600188.SH,20110314,31.11,31.99,30.68,31.62,31.06,0.56,1.8,284067.22,889833.328
2542,600188.SH,20110311,31.4,32.47,30.89,31.06,31.87,-0.81,-2.54,357062.83,1130209.583
2543,600188.SH,20110310,33.25,33.66,31.3,31.87,33.59,-1.72,-5.12,419946.95,1347065.426
2544,600188.SH,20110309,33.21,34.1,32.91,33.59,33.57,0.02,0.06,429580.46,1438783.923
2545,600188.SH,20110308,33.37,34.0,32.14,33.57,32.56,1.01,3.1,599989.8,1991280.855
2546,600188.SH,20110307,30.09,32.56,29.9,32.56,29.6,2.96,10.0,578337.21,1828806.592
2547,600188.SH,20110304,27.82,30.36,27.4,29.6,27.64,1.96,7.09,358037.23,1045564.904
2548,600188.SH,20110303,28.2,28.6,27.6,27.64,27.83,-0.19,-0.68,121509.67,342200.826
2549,600188.SH,20110302,27.81,28.3,27.6,27.83,28.03,-0.2,-0.71,74545.59,207738.544
2550,600188.SH,20110301,27.8,28.3,27.5,28.03,27.83,0.2,0.72,128944.52,360510.242
2551,600188.SH,20110228,27.3,27.86,27.1,27.83,27.26,0.57,2.09,77881.29,214520.154
2552,600188.SH,20110225,27.48,27.69,27.0,27.26,27.48,-0.22,-0.8,71839.75,195701.493
2553,600188.SH,20110224,27.32,28.08,27.22,27.48,27.19,0.29,1.07,90312.44,249549.224
2554,600188.SH,20110223,27.03,27.38,26.95,27.19,27.11,0.08,0.3,74596.93,202357.215
2555,600188.SH,20110222,28.7,28.96,27.01,27.11,28.26,-1.15,-4.07,147762.02,410180.689
2556,600188.SH,20110221,27.51,28.43,27.4,28.26,28.07,0.19,0.68,121106.22,338863.12
2557,600188.SH,20110217,28.22,28.5,27.71,28.07,28.42,-0.35,-1.23,141266.21,395810.223
2558,600188.SH,20110216,27.4,28.56,27.32,28.42,27.6,0.82,2.97,155594.17,437352.878
2559,600188.SH,20110215,27.67,28.16,27.2,27.6,27.65,-0.05,-0.18,182849.74,507148.728
2560,600188.SH,20110214,26.46,28.05,26.46,27.65,26.19,1.46,5.57,198077.04,544915.186
2561,600188.SH,20110211,25.9,26.3,25.73,26.19,25.93,0.26,1.0,103363.93,269917.26
2562,600188.SH,20110210,24.85,26.1,24.37,25.93,24.89,1.04,4.18,92503.44,233602.098
2563,600188.SH,20110209,25.78,25.88,24.7,24.89,26.15,-1.26,-4.82,76620.52,194017.013
2564,600188.SH,20110201,25.56,26.28,25.55,26.15,25.28,0.87,3.44,95886.52,249165.532
2565,600188.SH,20110131,24.99,25.29,24.7,25.28,24.63,0.65,2.64,68126.4,170771.994
2566,600188.SH,20110128,24.62,24.85,24.26,24.63,24.6,0.03,0.12,56240.8,137978.503
2567,600188.SH,20110127,23.76,24.8,23.45,24.6,23.89,0.71,2.97,101403.32,247408.855
2568,600188.SH,20110126,23.3,24.35,23.3,23.89,23.4,0.49,2.09,85347.29,204486.243
2569,600188.SH,20110125,23.98,24.05,23.29,23.4,24.07,-0.67,-2.78,79507.1,186794.989
2570,600188.SH,20110124,25.61,25.79,24.03,24.07,25.52,-1.45,-5.68,85206.54,210015.463
2571,600188.SH,20110121,25.4,25.92,25.2,25.52,25.48,0.04,0.16,61377.27,156942.133
2572,600188.SH,20110120,26.94,26.94,25.47,25.48,26.94,-1.46,-5.42,82808.51,215101.36
2573,600188.SH,20110119,26.01,26.97,25.88,26.94,25.9,1.04,4.02,87273.47,230277.529
2574,600188.SH,20110118,26.37,26.6,25.2,25.9,26.61,-0.71,-2.67,95354.59,244885.986
2575,600188.SH,20110117,27.2,27.99,26.55,26.61,27.75,-1.14,-4.11,91528.17,247439.837
2576,600188.SH,20110114,29.12,29.17,27.6,27.75,28.81,-1.06,-3.68,98537.79,279129.823
2577,600188.SH,20110113,28.85,29.0,28.03,28.81,28.67,0.14,0.49,85649.43,244234.859
2578,600188.SH,20110112,28.2,29.25,28.16,28.67,27.94,0.73,2.61,138070.74,397116.202
2579,600188.SH,20110111,27.49,28.03,27.43,27.94,27.47,0.47,1.71,94760.61,263314.26
2580,600188.SH,20110110,28.0,28.36,27.35,27.47,28.17,-0.7,-2.48,87133.5,242667.65
2581,600188.SH,20110107,28.94,28.94,27.81,28.17,28.87,-0.7,-2.42,119977.18,341833.962
2582,600188.SH,20110106,29.39,29.55,28.75,28.87,29.46,-0.59,-2.0,113479.94,329045.352
2583,600188.SH,20110105,28.5,29.48,28.21,29.46,28.96,0.5,1.73,167269.24,486984.561
2584,600188.SH,20110104,29.2,30.0,28.82,28.96,28.39,0.57,2.01,203254.15,596174.815
2585,600188.SH,20101231,27.45,28.46,27.45,28.39,27.2,1.19,4.38,130157.92,365273.836
2586,600188.SH,20101230,26.82,27.47,26.6,27.2,26.81,0.39,1.45,85048.34,230522.025
2587,600188.SH,20101229,27.36,27.53,26.29,26.81,27.26,-0.45,-1.65,107586.25,287761.344
2588,600188.SH,20101228,27.79,27.86,26.85,27.26,28.11,-0.85,-3.02,134410.48,366482.245
2589,600188.SH,20101227,28.19,29.98,27.78,28.11,28.09,0.02,0.07,247376.6,719470.856
2590,600188.SH,20101224,28.49,29.31,27.67,28.09,28.63,-0.54,-1.89,86135.46,242873.779
2591,600188.SH,20101223,28.94,29.4,28.56,28.63,28.95,-0.32,-1.11,87958.67,255000.965
2592,600188.SH,20101222,29.52,29.93,28.93,28.95,29.34,-0.39,-1.33,163946.45,483673.361
2593,600188.SH,20101221,28.62,29.59,28.4,29.34,28.55,0.79,2.77,146613.93,426831.287
2594,600188.SH,20101220,29.48,29.68,26.73,28.55,29.13,-0.58,-1.99,140130.13,401644.85
2595,600188.SH,20101217,29.52,29.55,28.99,29.13,29.55,-0.42,-1.42,103258.45,300849.887
2596,600188.SH,20101216,29.78,30.5,29.35,29.55,29.75,-0.2,-0.67,178025.39,533921.713
2597,600188.SH,20101215,29.28,30.74,29.09,29.75,29.23,0.52,1.78,260458.64,779228.547
2598,600188.SH,20101214,29.46,29.46,29.0,29.23,29.42,-0.19,-0.65,188568.61,550542.336
2599,600188.SH,20101213,28.0,29.48,27.8,29.42,27.78,1.64,5.9,296556.94,848352.464
2600,600188.SH,20101210,27.0,28.24,26.65,27.78,27.2,0.58,2.13,152047.03,419394.033
2601,600188.SH,20101209,27.3,28.06,27.15,27.2,27.52,-0.32,-1.16,113695.07,313607.442
2602,600188.SH,20101208,28.0,28.17,27.41,27.52,28.1,-0.58,-2.06,161446.68,449371.05
2603,600188.SH,20101207,26.2,28.8,26.01,28.1,26.58,1.52,5.72,228222.14,628567.951
2604,600188.SH,20101206,26.7,26.87,26.05,26.58,26.25,0.33,1.26,81851.93,217028.107
2605,600188.SH,20101203,26.51,26.51,25.9,26.25,26.61,-0.36,-1.35,83915.07,219885.078
2606,600188.SH,20101202,26.92,27.45,26.5,26.61,26.32,0.29,1.1,172222.97,465299.075
2607,600188.SH,20101201,25.95,26.6,25.77,26.32,26.26,0.06,0.23,89278.45,233503.069
2608,600188.SH,20101130,26.62,27.15,25.31,26.26,26.67,-0.41,-1.54,155325.97,407190.65
2609,600188.SH,20101129,27.18,27.19,26.5,26.67,27.49,-0.82,-2.98,136010.35,363908.963
2610,600188.SH,20101126,27.2,28.27,26.8,27.49,27.18,0.31,1.14,257140.46,709313.311
2611,600188.SH,20101125,27.22,27.45,26.42,27.18,26.9,0.28,1.04,209579.24,564784.347
2612,600188.SH,20101124,26.0,26.98,25.9,26.9,26.49,0.41,1.55,167222.26,446100.768
2613,600188.SH,20101123,26.3,26.87,25.26,26.49,26.7,-0.21,-0.79,208359.73,541262.057
2614,600188.SH,20101122,26.16,27.34,26.0,26.7,26.47,0.23,0.87,208504.6,556865.674
2615,600188.SH,20101119,26.88,26.94,25.21,26.47,26.5,-0.03,-0.11,187474.59,488554.931
2616,600188.SH,20101118,26.36,26.79,25.75,26.5,25.78,0.72,2.79,217234.39,573679.889
2617,600188.SH,20101117,25.5,26.49,25.18,25.78,26.28,-0.5,-1.9,216373.62,557946.082
2618,600188.SH,20101116,28.5,28.64,26.26,26.28,28.95,-2.67,-9.22,314301.12,858985.165
2619,600188.SH,20101115,29.91,30.2,27.71,28.95,29.86,-0.91,-3.05,239844.36,688869.322
2620,600188.SH,20101112,31.4,32.37,29.33,29.86,31.54,-1.68,-5.33,399748.17,1228783.272
2621,600188.SH,20101111,30.7,33.65,30.7,31.54,30.95,0.59,1.91,497011.2,1608101.698
2622,600188.SH,20101110,30.98,31.2,30.25,30.95,31.15,-0.2,-0.64,208926.32,641071.534
2623,600188.SH,20101109,30.6,31.18,29.95,31.15,30.51,0.64,2.1,266806.33,818548.914
2624,600188.SH,20101108,30.85,31.25,29.77,30.51,30.85,-0.34,-1.1,229734.08,697141.426
2625,600188.SH,20101105,32.0,32.5,30.62,30.85,30.67,0.18,0.59,283569.11,890190.964
2626,600188.SH,20101104,29.68,31.15,29.68,30.67,29.33,1.34,4.57,266284.16,810871.802
2627,600188.SH,20101103,31.0,31.33,29.11,29.33,31.52,-2.19,-6.95,310798.53,935307.161
2628,600188.SH,20101102,32.45,33.15,31.5,31.52,32.33,-0.81,-2.51,581956.58,1870477.803
2629,600188.SH,20101101,29.36,32.33,29.32,32.33,29.39,2.94,10.0,537704.56,1687062.3
2630,600188.SH,20101029,30.13,30.48,29.03,29.39,30.27,-0.88,-2.91,324195.9,962420.127
2631,600188.SH,20101028,30.21,31.3,29.89,30.27,30.7,-0.43,-1.4,263951.75,806170.906
2632,600188.SH,20101027,31.41,31.85,29.92,30.7,31.5,-0.8,-2.54,393107.67,1209057.453
2633,600188.SH,20101026,32.5,32.7,31.2,31.5,31.33,0.17,0.54,585340.85,1867106.88
2634,600188.SH,20101025,28.91,31.33,28.0,31.33,28.48,2.85,10.01,542895.13,1635884.481
2635,600188.SH,20101022,28.4,29.65,27.99,28.48,28.4,0.08,0.28,378308.2,1084775.827
2636,600188.SH,20101021,28.9,29.01,27.83,28.4,29.0,-0.6,-2.07,381689.25,1085585.245
2637,600188.SH,20101020,27.12,30.5,26.81,29.0,28.52,0.48,1.68,708623.01,2037018.441
2638,600188.SH,20101019,26.48,28.6,26.23,28.52,26.45,2.07,7.83,480525.96,1327777.368
2639,600188.SH,20101018,27.51,28.64,26.4,26.45,28.18,-1.73,-6.14,611550.85,1673458.864
2640,600188.SH,20101015,26.2,29.32,25.55,28.18,26.65,1.53,5.74,735518.04,2002458.023
2641,600188.SH,20101014,25.79,27.2,25.36,26.65,25.56,1.09,4.26,795245.58,2101130.399
2642,600188.SH,20101013,25.0,26.33,24.73,25.56,24.43,1.13,4.63,778180.25,1977740.771
2643,600188.SH,20101012,23.3,24.43,23.03,24.43,22.21,2.22,10.0,886289.36,2109104.972
2644,600188.SH,20101011,22.21,22.21,22.21,22.21,20.19,2.02,10.01,108246.44,240415.343
2645,600188.SH,20101008,18.98,20.19,18.98,20.19,18.35,1.84,10.03,288420.78,574440.085
2646,600188.SH,20100930,17.95,18.39,17.88,18.35,17.9,0.45,2.51,85492.76,155772.881
2647,600188.SH,20100929,17.52,18.4,17.51,17.9,17.55,0.35,1.99,89154.25,160947.236
2648,600188.SH,20100928,17.63,17.64,17.44,17.55,17.63,-0.08,-0.45,35913.36,62918.449
2649,600188.SH,20100927,17.3,17.65,17.3,17.63,17.25,0.38,2.2,37124.55,65129.742
2650,600188.SH,20100921,17.28,17.39,17.1,17.25,17.19,0.06,0.35,23004.71,39668.357
2651,600188.SH,20100920,17.48,17.59,17.1,17.19,17.48,-0.29,-1.66,46800.51,80872.971
2652,600188.SH,20100917,17.32,17.68,17.24,17.48,17.39,0.09,0.52,56582.65,98764.616
2653,600188.SH,20100916,18.01,18.16,17.1,17.39,18.01,-0.62,-3.44,120320.72,210418.142
2654,600188.SH,20100915,18.5,18.56,17.91,18.01,18.5,-0.49,-2.65,85529.67,155318.189
2655,600188.SH,20100914,18.85,18.9,18.4,18.5,18.77,-0.27,-1.44,90552.77,168550.425
2656,600188.SH,20100913,18.5,18.85,18.4,18.77,18.48,0.29,1.57,88204.75,164440.255
2657,600188.SH,20100910,18.45,18.77,18.08,18.48,18.52,-0.04,-0.22,72726.06,134017.747
2658,600188.SH,20100909,19.02,19.13,18.48,18.52,18.97,-0.45,-2.37,108163.48,202565.236
2659,600188.SH,20100908,18.95,18.98,18.6,18.97,19.02,-0.05,-0.26,158929.97,298250.645
2660,600188.SH,20100907,18.9,19.5,18.9,19.02,18.67,0.35,1.87,271782.77,521100.255
2661,600188.SH,20100906,18.2,18.78,18.17,18.67,18.15,0.52,2.87,169458.89,313137.921
2662,600188.SH,20100903,18.57,18.6,18.0,18.15,18.5,-0.35,-1.89,132518.18,240527.904
2663,600188.SH,20100902,18.86,18.93,18.35,18.5,18.61,-0.11,-0.59,160805.45,297973.25
2664,600188.SH,20100901,18.12,18.69,18.1,18.61,18.2,0.41,2.25,183420.98,337220.775
2665,600188.SH,20100831,18.04,18.33,17.82,18.2,18.13,0.07,0.39,84859.11,153279.068
2666,600188.SH,20100830,18.0,18.23,17.96,18.13,17.8,0.33,1.85,79630.59,144254.274
2667,600188.SH,20100827,17.8,17.87,17.52,17.8,17.89,-0.09,-0.5,43968.12,77737.17
2668,600188.SH,20100826,18.0,18.4,17.73,17.89,17.67,0.22,1.25,88070.6,159351.963
2669,600188.SH,20100825,18.05,18.07,17.62,17.67,18.21,-0.54,-2.97,66799.92,119016.391
2670,600188.SH,20100824,18.15,18.37,17.84,18.21,18.14,0.07,0.39,71866.98,130279.997
2671,600188.SH,20100823,18.39,18.4,18.01,18.14,18.27,-0.13,-0.71,54665.1,99354.416
2672,600188.SH,20100820,18.8,18.81,18.2,18.27,18.87,-0.6,-3.18,103638.16,191394.276
2673,600188.SH,20100819,18.45,19.09,18.45,18.87,18.43,0.44,2.39,207152.48,390369.61
2674,600188.SH,20100818,18.41,18.55,18.15,18.43,18.39,0.04,0.22,97264.45,178858.827
2675,600188.SH,20100817,18.24,18.55,18.2,18.39,18.29,0.1,0.55,97621.37,179546.13
2676,600188.SH,20100816,17.77,18.36,17.6,18.29,17.79,0.5,2.81,128906.44,233829.034
2677,600188.SH,20100813,17.51,17.8,17.39,17.79,17.48,0.31,1.77,50313.08,88850.028
2678,600188.SH,20100812,17.6,17.86,17.43,17.48,17.87,-0.39,-2.18,65010.22,114356.058
2679,600188.SH,20100811,17.6,17.95,17.6,17.87,17.71,0.16,0.9,57710.36,102679.403
2680,600188.SH,20100810,18.57,18.6,17.7,17.71,18.52,-0.81,-4.37,126444.87,229042.6
2681,600188.SH,20100809,18.07,18.6,18.05,18.52,18.07,0.45,2.49,143795.12,264626.238
2682,600188.SH,20100806,17.87,18.12,17.66,18.07,17.84,0.23,1.29,77167.61,138537.57
2683,600188.SH,20100805,18.14,18.17,17.71,17.84,18.13,-0.29,-1.6,71603.18,128019.334
2684,600188.SH,20100804,18.13,18.3,17.6,18.13,18.14,-0.01,-0.06,133725.02,239150.231
2685,600188.SH,20100803,18.16,18.7,18.12,18.14,18.1,0.04,0.22,220228.73,405816.016
2686,600188.SH,20100802,17.77,18.11,17.71,18.1,17.84,0.26,1.46,118912.38,213737.609
2687,600188.SH,20100730,17.88,17.95,17.64,17.84,18.4,-0.56,-3.04,220444.57,392085.331
2688,600188.SH,20100729,18.43,18.48,18.01,18.4,18.42,-0.02,-0.11,150876.63,275794.412
2689,600188.SH,20100728,17.88,18.57,17.72,18.42,17.9,0.52,2.91,176335.32,321554.737
2690,600188.SH,20100727,17.9,18.29,17.8,17.9,18.17,-0.27,-1.49,89414.94,161144.126
2691,600188.SH,20100726,18.18,18.3,17.7,18.17,18.01,0.16,0.89,112912.79,203078.602
2692,600188.SH,20100723,18.19,18.3,17.7,18.01,18.1,-0.09,-0.5,87844.01,158068.21
2693,600188.SH,20100722,17.8,18.14,17.7,18.1,17.82,0.28,1.57,86845.86,156352.515
2694,600188.SH,20100721,18.0,18.15,17.61,17.82,18.05,-0.23,-1.27,112928.42,202011.284
2695,600188.SH,20100720,17.78,18.23,17.7,18.05,17.65,0.4,2.27,132406.31,238708.771
2696,600188.SH,20100719,16.73,18.0,16.68,17.9,17.02,0.88,5.17,152110.72,268546.868
2697,600188.SH,20100716,16.55,17.05,16.4,17.02,16.55,0.47,2.84,44824.34,74896.98
2698,600188.SH,20100715,16.98,17.16,16.5,16.55,17.0,-0.45,-2.65,44557.23,74797.899
2699,600188.SH,20100714,16.8,17.42,16.78,17.0,16.8,0.2,1.19,78886.16,134851.309
2700,600188.SH,20100713,16.86,16.98,16.42,16.8,17.15,-0.35,-2.04,61294.59,102673.988
2701,600188.SH,20100712,17.0,17.35,16.75,17.15,16.93,0.22,1.3,84405.02,144354.398
2702,600188.SH,20100709,15.95,17.37,15.7,16.93,15.9,1.03,6.48,106989.26,178871.038
2703,600188.SH,20100708,16.25,16.27,15.75,15.9,16.11,-0.21,-1.3,47648.75,76196.537
2704,600188.SH,20100707,15.71,16.18,15.61,16.11,15.79,0.32,2.03,70103.01,111005.859
2705,600188.SH,20100706,15.15,15.82,15.11,15.79,15.24,0.55,3.61,92575.74,144424.242
2706,600188.SH,20100705,15.31,15.36,14.88,15.24,15.53,-0.29,-1.87,66319.39,100367.715
2707,600188.SH,20100702,15.64,15.87,14.93,15.53,15.8,-0.27,-1.71,82207.33,125872.554
2708,600188.SH,20100701,16.38,16.58,15.71,15.8,16.42,-0.62,-3.78,52956.43,85169.155
2709,600188.SH,20100630,16.83,16.83,16.27,16.42,16.89,-0.47,-2.78,41616.67,68380.105
2710,600188.SH,20100629,17.85,17.99,16.87,16.89,17.83,-0.94,-5.27,74126.54,127892.103
2711,600188.SH,20100628,18.05,18.36,17.8,17.83,18.3,-0.47,-2.57,48960.97,88027.129
2712,600188.SH,20100624,18.4,18.55,18.01,18.3,18.36,-0.06,-0.33,29451.84,53906.581
2713,600188.SH,20100623,18.53,18.58,18.18,18.36,18.74,-0.38,-2.03,60647.87,111348.132
2714,600188.SH,20100622,18.75,18.95,18.6,18.74,18.9,-0.16,-0.85,62297.74,117137.526
2715,600188.SH,20100621,18.26,19.03,17.95,18.9,18.22,0.68,3.73,113135.25,211132.842
2716,600188.SH,20100618,18.29,18.46,18.02,18.22,18.27,-0.05,-0.27,53133.6,97066.258
2717,600188.SH,20100617,18.84,18.92,18.23,18.27,18.59,-0.32,-1.72,57364.18,106549.225
2718,600188.SH,20100611,18.66,18.96,18.49,18.59,18.47,0.12,0.65,112141.21,209177.397
2719,600188.SH,20100610,18.2,18.7,18.0,18.47,18.42,0.05,0.27,136517.43,249653.07
2720,600188.SH,20100609,17.89,18.47,17.5,18.42,17.77,0.65,3.66,151712.74,273394.744
2721,600188.SH,20100608,18.0,18.3,17.42,17.77,18.05,-0.28,-1.55,93286.99,166442.285
2722,600188.SH,20100607,18.3,18.35,17.89,18.05,18.68,-0.63,-3.37,80968.37,146700.231
2723,600188.SH,20100604,18.5,18.77,18.41,18.68,18.66,0.02,0.11,39481.75,73562.398
2724,600188.SH,20100603,19.21,19.36,18.55,18.66,19.11,-0.45,-2.35,87840.49,165841.821
2725,600188.SH,20100602,18.8,19.15,18.68,19.11,19.0,0.11,0.58,48462.53,91689.047
2726,600188.SH,20100601,19.24,19.49,18.5,19.0,19.41,-0.41,-2.11,76090.29,144256.734
2727,600188.SH,20100531,19.76,20.05,19.4,19.41,20.04,-0.63,-3.14,70612.58,139083.759
2728,600188.SH,20100528,20.4,20.47,19.68,20.04,20.0,0.04,0.2,111640.6,224237.363
2729,600188.SH,20100527,19.58,20.22,19.2,20.0,19.43,0.57,2.93,121909.02,242187.416
2730,600188.SH,20100526,19.55,19.78,19.28,19.43,19.49,-0.06,-0.31,52644.07,102666.879
2731,600188.SH,20100525,19.84,19.98,19.26,19.49,20.11,-0.62,-3.08,100561.18,197506.774
2732,600188.SH,20100524,19.22,20.33,19.2,20.11,19.15,0.96,5.01,154865.52,307556.577
2733,600188.SH,20100521,18.55,19.18,18.25,19.15,19.11,0.04,0.21,112433.24,211241.802
2734,600188.SH,20100520,19.61,20.13,18.96,19.11,19.77,-0.66,-3.34,121914.73,237957.519
2735,600188.SH,20100519,19.75,20.25,19.5,19.77,19.94,-0.17,-0.85,100849.38,200148.356
2736,600188.SH,20100518,19.29,20.1,18.91,19.94,19.27,0.67,3.48,106682.64,207777.495
2737,600188.SH,20100517,20.13,20.35,19.12,19.27,20.7,-1.43,-6.91,116127.01,229562.179
2738,600188.SH,20100514,20.7,20.94,20.44,20.7,21.1,-0.4,-1.9,101929.85,210931.806
2739,600188.SH,20100513,20.47,21.2,20.36,21.1,20.41,0.69,3.38,124447.2,259271.562
2740,600188.SH,20100512,19.74,20.6,19.45,20.41,20.17,0.24,1.19,80838.87,162375.142
2741,600188.SH,20100511,21.02,21.44,20.01,20.17,20.57,-0.4,-1.94,142372.56,296412.779
2742,600188.SH,20100510,19.96,20.75,19.61,20.57,19.75,0.82,4.15,125936.43,254289.064
2743,600188.SH,20100507,19.7,20.32,19.4,19.75,20.75,-1.0,-4.82,149763.32,297210.94
2744,600188.SH,20100506,22.63,22.63,20.75,20.75,23.05,-2.3,-9.98,295406.77,634950.24
2745,600188.SH,20100505,22.67,23.1,21.98,23.05,23.26,-0.21,-0.9,222053.97,499185.72
2746,600188.SH,20100504,23.0,23.48,22.89,23.26,23.73,-0.47,-1.98,282971.03,655095.666
2747,600188.SH,20100430,22.28,23.76,22.03,23.73,22.24,1.49,6.7,335886.65,774690.619
2748,600188.SH,20100429,23.01,23.15,22.12,22.24,22.89,-0.65,-2.84,159044.85,361027.558
2749,600188.SH,20100428,22.58,23.1,22.26,22.89,22.85,0.04,0.18,222823.76,506975.308
2750,600188.SH,20100427,21.94,22.88,21.45,22.85,21.73,1.12,5.15,276328.3,614397.227
2751,600188.SH,20100426,22.03,22.6,21.6,21.73,21.3,0.43,2.02,144622.57,320289.607
2752,600188.SH,20100423,21.0,21.85,20.85,21.3,21.0,0.3,1.43,94638.46,202985.893
2753,600188.SH,20100422,20.54,21.5,20.26,21.0,20.86,0.14,0.67,83791.56,174546.028
2754,600188.SH,20100421,20.15,20.9,20.1,20.86,20.03,0.83,4.14,77743.54,159610.337
2755,600188.SH,20100420,20.16,20.49,19.55,20.03,20.22,-0.19,-0.94,124033.39,246669.41
2756,600188.SH,20100419,21.58,21.58,20.2,20.22,21.93,-1.71,-7.8,120600.58,251116.528
2757,600188.SH,20100416,22.69,22.69,21.9,21.93,22.74,-0.81,-3.56,69189.91,153085.422
2758,600188.SH,20100415,22.7,22.94,22.49,22.74,22.64,0.1,0.44,87329.41,198356.799
2759,600188.SH,20100414,22.8,22.98,22.4,22.64,22.6,0.04,0.18,81195.35,184068.78
2760,600188.SH,20100413,21.91,22.7,21.6,22.6,22.09,0.51,2.31,129756.0,290044.123
2761,600188.SH,20100412,22.36,22.55,21.83,22.09,22.21,-0.12,-0.54,83391.58,185295.051
2762,600188.SH,20100409,21.51,22.22,21.5,22.21,21.68,0.53,2.44,101626.58,222569.005
2763,600188.SH,20100408,22.31,22.6,21.59,21.68,22.56,-0.88,-3.9,105384.21,232970.406
2764,600188.SH,20100407,22.88,22.88,22.3,22.56,22.87,-0.31,-1.36,125334.27,282939.471
2765,600188.SH,20100406,22.2,23.2,22.2,22.87,21.98,0.89,4.05,251301.7,574699.104
2766,600188.SH,20100402,21.43,22.21,21.43,21.98,21.22,0.76,3.58,167711.33,367659.336
2767,600188.SH,20100401,20.85,21.6,20.85,21.22,20.8,0.42,2.02,107691.89,229386.544
2768,600188.SH,20100331,20.89,21.28,20.71,20.8,20.89,-0.09,-0.43,123738.41,260094.942
2769,600188.SH,20100330,20.8,20.96,20.51,20.89,20.65,0.24,1.16,139980.25,291117.568
2770,600188.SH,20100329,19.54,20.78,19.54,20.65,19.55,1.1,5.63,205781.16,421419.761
2771,600188.SH,20100326,19.3,19.65,19.12,19.55,19.3,0.25,1.3,59235.71,115368.918
2772,600188.SH,20100325,19.83,19.87,19.21,19.3,19.82,-0.52,-2.62,51108.46,98889.159
2773,600188.SH,20100324,19.9,20.11,19.77,19.82,19.84,-0.02,-0.1,37931.71,75456.803
2774,600188.SH,20100323,20.0,20.24,19.82,19.84,19.94,-0.1,-0.5,85793.47,172198.264
2775,600188.SH,20100322,19.78,20.05,19.7,19.94,19.85,0.09,0.45,62517.95,124717.236
2776,600188.SH,20100319,19.44,19.93,19.38,19.85,19.49,0.36,1.85,73312.71,144416.843
2777,600188.SH,20100318,19.27,19.71,19.11,19.49,19.2,0.29,1.51,69140.8,134062.542
2778,600188.SH,20100317,18.73,19.25,18.73,19.2,18.66,0.54,2.89,54297.24,103561.398
2779,600188.SH,20100316,18.89,19.0,18.47,18.66,18.89,-0.23,-1.22,49071.83,91912.534
2780,600188.SH,20100315,19.35,19.4,18.8,18.89,19.34,-0.45,-2.33,47376.12,90113.45
2781,600188.SH,20100312,19.8,19.8,19.3,19.34,19.71,-0.37,-1.88,42986.87,83983.144
2782,600188.SH,20100311,19.7,19.89,19.51,19.71,19.77,-0.06,-0.3,35482.76,69793.862
2783,600188.SH,20100310,20.15,20.2,19.63,19.77,20.16,-0.39,-1.93,73879.13,146402.289
2784,600188.SH,20100309,19.77,20.48,19.56,20.16,19.75,0.41,2.08,107733.86,216502.68
2785,600188.SH,20100308,20.05,20.15,19.7,19.75,19.67,0.08,0.41,48365.14,96244.999
2786,600188.SH,20100305,19.8,20.09,19.64,19.67,19.81,-0.14,-0.71,54798.33,108305.744
2787,600188.SH,20100304,20.58,20.64,19.8,19.81,20.53,-0.72,-3.51,74473.92,150982.098
2788,600188.SH,20100303,20.3,20.6,20.03,20.53,20.39,0.14,0.69,66021.93,134000.663
2789,600188.SH,20100302,20.65,21.26,20.3,20.39,20.81,-0.42,-2.02,83447.22,172478.559
2790,600188.SH,20100301,20.49,20.88,20.2,20.81,20.54,0.27,1.31,75032.08,154403.638
2791,600188.SH,20100225,20.22,20.55,20.15,20.54,20.18,0.36,1.78,64261.08,131137.075
2792,600188.SH,20100224,19.73,20.2,19.54,20.18,19.97,0.21,1.05,54537.94,108550.874
2793,600188.SH,20100223,20.46,20.46,19.75,19.97,20.54,-0.57,-2.78,52015.03,103703.356
2794,600188.SH,20100222,20.67,20.83,20.51,20.54,20.67,-0.13,-0.63,41316.81,85231.064
2795,600188.SH,20100212,20.35,20.8,20.32,20.67,20.17,0.5,2.48,54913.06,113344.562
2796,600188.SH,20100211,20.34,20.38,20.06,20.17,20.21,-0.04,-0.2,23522.99,47569.199
2797,600188.SH,20100210,20.28,20.45,19.99,20.21,19.87,0.34,1.71,44751.36,90727.287
2798,600188.SH,20100209,19.69,20.13,19.6,19.87,19.71,0.16,0.81,31640.8,62952.814
2799,600188.SH,20100208,19.4,20.08,19.27,19.71,19.4,0.31,1.6,40078.62,78694.103
2800,600188.SH,20100205,19.4,19.68,19.2,19.4,20.15,-0.75,-3.72,60519.98,117349.32
2801,600188.SH,20100204,20.44,20.49,20.0,20.15,20.69,-0.54,-2.61,68392.59,138414.089
2802,600188.SH,20100203,19.35,21.0,18.87,20.69,19.14,1.55,8.1,127168.82,253002.724
2803,600188.SH,20100202,19.55,19.7,19.05,19.14,19.11,0.03,0.16,61726.74,119581.217
2804,600188.SH,20100201,20.1,20.38,18.98,19.11,20.5,-1.39,-6.78,78048.65,152380.592
2805,600188.SH,20100129,20.45,20.96,20.3,20.5,20.67,-0.17,-0.82,45722.98,94581.043
2806,600188.SH,20100128,20.69,20.88,20.29,20.67,20.6,0.07,0.34,55238.32,113732.289
2807,600188.SH,20100127,20.08,20.97,19.71,20.6,20.04,0.56,2.79,111424.53,228432.15
2808,600188.SH,20100126,21.1,21.29,19.89,20.04,20.89,-0.85,-4.07,55074.27,112435.477
2809,600188.SH,20100125,20.89,21.23,20.58,20.89,20.88,0.01,0.05,43067.5,90357.832
2810,600188.SH,20100122,21.48,21.48,20.16,20.88,21.75,-0.87,-4.0,115736.57,240611.967
2811,600188.SH,20100121,22.1,22.45,21.41,21.75,22.14,-0.39,-1.76,104864.05,228153.632
2812,600188.SH,20100120,23.24,23.45,21.95,22.14,23.23,-1.09,-4.69,152007.79,340941.643
2813,600188.SH,20100119,23.12,23.69,23.08,23.23,23.02,0.21,0.91,106911.28,249828.179
2814,600188.SH,20100118,23.29,23.3,22.75,23.02,23.29,-0.27,-1.16,88589.84,203135.203
2815,600188.SH,20100115,22.95,23.5,22.73,23.29,23.07,0.22,0.95,108191.62,251043.88
2816,600188.SH,20100114,22.85,23.1,22.6,23.07,22.81,0.26,1.14,82243.25,188283.729
2817,600188.SH,20100113,22.8,23.3,22.68,22.81,23.65,-0.84,-3.55,109132.64,250244.513
2818,600188.SH,20100112,23.42,23.68,22.45,23.65,23.42,0.23,0.98,161134.57,370927.999
2819,600188.SH,20100111,24.1,24.5,23.18,23.42,23.75,-0.33,-1.39,116172.21,274472.119
2820,600188.SH,20100108,24.3,24.3,23.0,23.75,24.28,-0.53,-2.18,148593.45,350310.293
2821,600188.SH,20100107,24.7,25.18,24.0,24.28,24.46,-0.18,-0.74,220928.32,544189.783
2822,600188.SH,20100106,24.3,25.66,24.3,24.46,24.21,0.25,1.03,271105.7,676162.018
2823,600188.SH,20100105,23.41,24.38,23.41,24.21,23.22,0.99,4.26,222892.57,535550.99
2824,600188.SH,20100104,23.2,23.33,22.93,23.22,23.04,0.18,0.78,95547.46,221295.477
2825,600188.SH,20091231,23.11,23.2,22.77,23.04,23.07,-0.03,-0.13,67923.42,156150.062
2826,600188.SH,20091230,23.16,23.28,22.9,23.07,22.96,0.11,0.48,91732.91,211309.499
2827,600188.SH,20091229,23.3,23.37,22.6,22.96,23.07,-0.11,-0.48,79590.99,182300.253
2828,600188.SH,20091228,22.99,23.3,22.86,23.07,22.85,0.22,0.96,113975.51,262674.588
2829,600188.SH,20091225,23.2,23.21,22.69,22.85,23.08,-0.23,-1.0,77419.84,177117.76
2830,600188.SH,20091224,21.98,23.09,21.98,23.08,21.74,1.34,6.16,145069.56,328865.217
2831,600188.SH,20091223,21.66,22.09,21.48,21.74,21.65,0.09,0.42,75917.88,165106.602
2832,600188.SH,20091222,23.03,23.18,21.39,21.65,22.99,-1.34,-5.83,98310.01,217482.341
2833,600188.SH,20091221,23.2,23.56,22.81,22.99,23.33,-0.34,-1.46,80677.01,186419.015
2834,600188.SH,20091218,23.58,23.68,23.0,23.33,23.63,-0.3,-1.27,111851.38,260186.144
2835,600188.SH,20091217,24.46,24.67,23.59,23.63,24.2,-0.57,-2.36,135608.69,327329.497
2836,600188.SH,20091216,24.07,24.75,23.98,24.2,24.07,0.13,0.54,131719.04,321718.287
2837,600188.SH,20091215,23.86,24.38,23.61,24.07,23.88,0.19,0.8,116757.55,282462.631
2838,600188.SH,20091214,23.85,23.89,23.09,23.88,23.75,0.13,0.55,105849.62,249276.965
2839,600188.SH,20091211,23.94,24.09,23.71,23.75,23.77,-0.02,-0.08,73958.73,176676.46
2840,600188.SH,20091210,23.55,23.96,23.48,23.77,23.49,0.28,1.19,80472.32,190601.584
2841,600188.SH,20091209,23.78,23.9,23.38,23.49,24.09,-0.6,-2.49,126116.88,297620.697
2842,600188.SH,20091208,24.5,24.5,23.7,24.09,24.63,-0.54,-2.19,201199.38,483285.814
2843,600188.SH,20091207,25.0,26.15,24.5,24.63,24.07,0.56,2.33,432840.38,1088738.714
2844,600188.SH,20091204,24.3,25.06,23.55,24.07,24.56,-0.49,-2.0,299229.24,730555.593
2845,600188.SH,20091203,24.52,24.6,23.71,24.56,24.41,0.15,0.61,270266.31,653198.461
2846,600188.SH,20091202,24.7,24.88,24.13,24.41,24.64,-0.23,-0.93,286453.86,699817.047
2847,600188.SH,20091201,24.5,24.84,24.0,24.64,24.91,-0.27,-1.08,389824.95,951980.604
2848,600188.SH,20091130,23.28,24.96,22.6,24.91,22.77,2.14,9.4,509467.84,1207254.529
2849,600188.SH,20091127,22.22,23.25,21.75,22.77,22.76,0.01,0.04,392863.96,892036.927
2850,600188.SH,20091126,22.68,23.25,22.32,22.76,22.49,0.27,1.2,477337.98,1089025.982
2851,600188.SH,20091125,21.08,22.51,21.0,22.49,21.32,1.17,5.49,292798.43,641817.553
2852,600188.SH,20091124,22.2,22.98,21.2,21.32,22.08,-0.76,-3.44,313281.76,695439.47
2853,600188.SH,20091123,21.8,22.12,21.7,22.08,21.87,0.21,0.96,169349.81,372099.53
2854,600188.SH,20091120,22.02,22.02,21.68,21.87,22.17,-0.3,-1.35,136749.98,298967.922
2855,600188.SH,20091119,21.83,22.35,21.61,22.17,21.78,0.39,1.79,242096.84,532785.62
2856,600188.SH,20091118,21.42,22.48,21.3,21.78,21.26,0.52,2.45,326291.38,716596.957
2857,600188.SH,20091117,21.87,21.87,21.1,21.26,21.4,-0.14,-0.65,224167.03,477839.662
2858,600188.SH,20091116,20.01,21.55,20.01,21.4,20.08,1.32,6.57,412598.71,870903.627
2859,600188.SH,20091113,19.99,20.1,19.75,20.08,20.11,-0.03,-0.15,120573.74,240100.047
2860,600188.SH,20091112,20.16,20.33,20.05,20.11,20.19,-0.08,-0.4,135248.98,272420.287
2861,600188.SH,20091111,20.5,20.59,20.0,20.19,20.46,-0.27,-1.32,141782.28,286853.373
2862,600188.SH,20091110,20.81,20.98,20.42,20.46,20.39,0.07,0.34,227234.17,470639.47
2863,600188.SH,20091109,20.49,20.49,19.9,20.39,20.49,-0.1,-0.49,182856.28,368083.704
2864,600188.SH,20091106,20.39,20.7,20.27,20.49,20.3,0.19,0.94,221606.5,453848.388
2865,600188.SH,20091105,20.37,20.45,19.9,20.3,20.23,0.07,0.35,150135.35,302753.265
2866,600188.SH,20091104,20.36,20.39,19.85,20.23,20.09,0.14,0.7,157656.96,317414.712
2867,600188.SH,20091103,20.25,20.8,19.88,20.09,20.11,-0.02,-0.1,233279.73,472052.584
2868,600188.SH,20091102,19.43,20.18,18.68,20.11,19.13,0.98,5.12,248641.96,490159.744
2869,600188.SH,20091029,19.5,19.78,19.0,19.13,20.02,-0.89,-4.45,172698.27,333873.437
2870,600188.SH,20091028,19.38,20.18,19.29,20.02,19.39,0.63,3.25,229604.46,456694.376
2871,600188.SH,20091027,20.1,20.1,19.36,19.39,20.36,-0.97,-4.76,226811.45,446202.715
2872,600188.SH,20091026,20.52,21.6,20.3,20.36,19.71,0.65,3.3,456589.06,951953.397
2873,600188.SH,20091023,18.98,20.01,18.98,19.71,18.94,0.77,4.07,287065.63,563086.639
2874,600188.SH,20091022,19.1,19.3,18.9,18.94,18.97,-0.03,-0.16,116713.97,222784.216
2875,600188.SH,20091021,19.45,19.49,18.88,18.97,19.45,-0.48,-2.47,182995.51,350708.509
2876,600188.SH,20091020,19.6,19.87,19.13,19.45,19.44,0.01,0.05,220628.16,431427.394
2877,600188.SH,20091019,18.75,19.49,18.61,19.44,18.74,0.7,3.74,239288.83,458594.208
2878,600188.SH,20091016,18.75,18.97,18.3,18.74,18.51,0.23,1.24,156713.77,292105.404
2879,600188.SH,20091015,18.85,19.02,18.38,18.51,18.5,0.01,0.05,147887.06,276722.542
2880,600188.SH,20091014,18.42,19.18,18.4,18.5,18.32,0.18,0.98,234474.24,438864.55
2881,600188.SH,20091013,17.68,18.8,17.68,18.32,17.63,0.69,3.91,182299.15,334320.116
2882,600188.SH,20091012,18.2,18.2,17.59,17.63,18.0,-0.37,-2.06,118367.02,210323.328
2883,600188.SH,20091009,16.95,18.0,16.95,18.0,16.36,1.64,10.02,177533.59,313576.782
2884,600188.SH,20090930,16.08,16.62,16.08,16.36,16.01,0.35,2.19,66183.45,108398.194
2885,600188.SH,20090929,16.11,16.3,15.6,16.01,16.11,-0.1,-0.62,73549.12,117349.02
2886,600188.SH,20090928,17.01,17.2,15.93,16.11,16.92,-0.81,-4.79,81901.07,136361.234
2887,600188.SH,20090925,16.9,17.25,16.65,16.92,17.08,-0.16,-0.94,64804.83,109520.941
2888,600188.SH,20090924,17.08,17.5,16.4,17.08,17.13,-0.05,-0.29,106266.42,180000.031
2889,600188.SH,20090923,17.91,18.3,16.91,17.13,17.91,-0.78,-4.36,116648.1,204049.715
2890,600188.SH,20090922,18.7,18.9,17.81,17.91,18.91,-1.0,-5.29,145338.76,266038.261
2891,600188.SH,20090921,18.48,18.98,17.52,18.91,18.65,0.26,1.39,179316.86,327609.321
2892,600188.SH,20090918,19.55,19.85,18.2,18.65,19.52,-0.87,-4.46,201349.49,385998.59
2893,600188.SH,20090917,19.39,19.78,19.28,19.52,19.4,0.12,0.62,266218.61,518766.293
2894,600188.SH,20090916,19.5,19.85,18.53,19.4,19.21,0.19,0.99,470910.06,905885.236
2895,600188.SH,20090915,17.55,19.21,17.55,19.21,17.46,1.75,10.02,336724.44,631127.654
2896,600188.SH,20090914,17.07,17.5,17.07,17.46,17.26,0.2,1.16,151924.18,263409.052
2897,600188.SH,20090911,16.85,17.47,16.78,17.26,16.91,0.35,2.07,137156.06,236515.791
2898,600188.SH,20090910,17.31,17.32,16.8,16.91,17.31,-0.4,-2.31,117717.49,200853.16
2899,600188.SH,20090909,17.29,17.47,17.0,17.31,17.08,0.23,1.35,186636.75,322344.978
2900,600188.SH,20090908,16.39,17.19,15.91,17.08,16.52,0.56,3.39,192595.82,321922.646
2901,600188.SH,20090907,16.65,16.95,16.26,16.52,16.48,0.04,0.24,117613.68,196286.017
2902,600188.SH,20090904,16.38,17.06,16.08,16.48,16.48,0.0,0.0,172297.21,286775.334
2903,600188.SH,20090903,15.41,16.62,15.15,16.48,15.35,1.13,7.36,173191.9,276940.921
2904,600188.SH,20090902,15.02,15.59,15.0,15.35,14.93,0.42,2.81,113392.83,173587.149
2905,600188.SH,20090901,15.0,15.45,14.6,14.93,15.27,-0.34,-2.23,118164.71,177557.612
2906,600188.SH,20090831,16.8,16.8,15.27,15.27,16.97,-1.7,-10.02,175741.02,272975.156
2907,600188.SH,20090828,17.54,17.8,16.88,16.97,17.52,-0.55,-3.14,113217.57,194142.96
2908,600188.SH,20090827,17.58,17.98,17.2,17.52,17.66,-0.14,-0.79,113721.01,199648.895
2909,600188.SH,20090826,17.35,18.1,16.88,17.66,17.61,0.05,0.28,135030.46,238466.558
2910,600188.SH,20090825,18.2,18.2,16.7,17.61,18.54,-0.93,-5.02,200637.84,350314.399
2911,600188.SH,20090824,18.25,18.83,17.85,18.54,18.18,0.36,1.98,233343.84,428564.576
2912,600188.SH,20090821,17.58,18.35,17.17,18.18,17.61,0.57,3.24,224899.85,400228.063
2913,600188.SH,20090820,16.6,17.98,16.6,17.61,16.55,1.06,6.4,269071.98,467775.206
2914,600188.SH,20090819,18.25,18.25,16.37,16.55,18.19,-1.64,-9.02,200519.38,344876.618
2915,600188.SH,20090818,17.58,18.45,17.0,18.19,18.65,-0.46,-2.47,317274.98,563157.726
2916,600188.SH,20090817,19.7,19.89,18.65,18.65,20.72,-2.07,-9.99,155293.29,295271.509
2917,600188.SH,20090814,21.98,21.98,20.55,20.72,19.98,0.74,3.7,476630.51,1012712.7
2918,600188.SH,20090807,20.59,21.45,19.61,19.98,20.87,-0.89,-4.26,176469.05,360917.579
2919,600188.SH,20090806,21.8,21.8,20.5,20.87,22.22,-1.35,-6.08,239285.57,505558.631
2920,600188.SH,20090805,23.15,23.15,21.9,22.22,23.29,-1.07,-4.59,252634.16,567116.566
2921,600188.SH,20090804,22.35,23.7,21.6,23.29,22.39,0.9,4.02,438915.98,991298.353
2922,600188.SH,20090803,21.25,23.01,20.8,22.39,21.12,1.27,6.01,378915.42,830945.216
2923,600188.SH,20090731,20.18,21.2,19.81,21.12,19.91,1.21,6.08,266275.16,545827.64
2924,600188.SH,20090730,20.0,20.28,18.6,19.91,19.99,-0.08,-0.4,241477.01,471907.152
2925,600188.SH,20090729,21.01,21.02,19.14,19.99,21.27,-1.28,-6.02,326220.2,659772.483
2926,600188.SH,20090728,21.8,22.25,21.06,21.27,22.12,-0.85,-3.84,346294.27,741560.714
2927,600188.SH,20090727,21.82,22.52,21.2,22.12,21.76,0.36,1.65,361023.79,792607.478
2928,600188.SH,20090724,20.33,22.3,20.0,21.76,20.33,1.43,7.03,540316.12,1161468.392
2929,600188.SH,20090723,20.0,20.77,19.6,20.33,20.15,0.18,0.89,342617.6,693089.747
2930,600188.SH,20090722,18.83,20.7,18.82,20.15,18.96,1.19,6.28,518784.43,1037967.921
2931,600188.SH,20090721,19.88,19.88,18.6,18.96,19.63,-0.67,-3.41,394420.75,753980.247
2932,600188.SH,20090720,18.8,20.03,18.6,20.03,18.21,1.82,9.99,650248.87,1253762.103
2933,600188.SH,20090717,16.6,18.21,16.6,18.21,16.55,1.66,10.03,753147.38,1331977.826
2934,600188.SH,20090716,16.83,17.25,16.47,16.55,16.72,-0.17,-1.02,360158.45,609504.895
2935,600188.SH,20090715,16.34,16.88,16.11,16.72,16.24,0.48,2.96,372310.83,615605.701
2936,600188.SH,20090714,16.0,16.43,16.0,16.24,15.99,0.25,1.56,157067.41,254508.993
2937,600188.SH,20090713,16.18,16.19,15.91,15.99,16.33,-0.34,-2.08,175808.46,281743.519
2938,600188.SH,20090710,16.62,16.69,16.31,16.33,16.62,-0.29,-1.74,190386.53,312342.35
2939,600188.SH,20090709,16.72,16.85,16.4,16.62,16.79,-0.17,-1.01,231441.86,385033.14
2940,600188.SH,20090708,16.2,16.8,15.98,16.79,16.44,0.35,2.13,263837.7,432335.028
2941,600188.SH,20090707,16.2,16.7,15.83,16.44,16.27,0.17,1.04,321213.75,521067.782
2942,600188.SH,20090706,16.5,16.99,16.11,16.27,16.43,-0.16,-0.97,304792.89,501609.278
2943,600188.SH,20090703,16.1,16.48,15.92,16.43,16.21,0.22,1.36,404359.33,658668.37
2944,600188.SH,20090702,15.62,16.27,15.62,16.21,15.59,0.62,3.98,403285.14,645327.947
2945,600188.SH,20090701,15.55,15.73,15.41,15.59,15.6,-0.01,-0.06,170765.38,265764.438
2946,600188.SH,20090630,16.06,16.15,15.5,15.6,15.93,-0.33,-2.07,250858.51,397116.446
2947,600188.SH,20090629,15.5,16.15,15.31,15.93,15.4,0.53,3.44,321483.73,506885.435
2948,600188.SH,20090625,15.5,15.76,15.26,15.4,15.43,-0.03,-0.19,214954.11,333393.403
2949,600188.SH,20090624,14.96,15.49,14.95,15.43,14.98,0.45,3.0,202706.1,310610.494
2950,600188.SH,20090623,15.0,15.17,14.82,14.98,15.25,-0.27,-1.77,90629.71,135843.294
2951,600188.SH,20090622,15.2,15.45,14.94,15.25,15.14,0.11,0.73,152137.69,231302.188
2952,600188.SH,20090619,15.43,15.44,15.05,15.14,15.4,-0.26,-1.69,110789.89,167868.635
2953,600188.SH,20090618,15.0,15.66,14.98,15.4,14.94,0.46,3.08,211065.41,325388.049
2954,600188.SH,20090617,14.81,14.96,14.65,14.94,14.86,0.08,0.54,86965.89,128747.153
2955,600188.SH,20090616,14.78,15.08,14.62,14.86,14.9,-0.04,-0.27,67602.57,100553.708
2956,600188.SH,20090615,14.9,14.98,14.61,14.9,14.95,-0.05,-0.33,77646.97,114752.552
2957,600188.SH,20090612,15.33,15.46,14.85,14.95,15.33,-0.38,-2.48,125245.47,189384.437
2958,600188.SH,20090611,15.41,15.51,15.26,15.33,15.39,-0.06,-0.39,135786.85,209114.597
2959,600188.SH,20090610,15.35,15.45,15.16,15.39,15.2,0.19,1.25,116954.71,179140.038
2960,600188.SH,20090609,15.22,15.49,14.88,15.2,15.26,-0.06,-0.39,113870.97,172394.936
2961,600188.SH,20090608,15.51,15.57,15.13,15.26,15.34,-0.08,-0.52,130804.6,200796.939
2962,600188.SH,20090605,15.46,15.57,15.3,15.34,15.31,0.03,0.2,200126.63,309201.724
2963,600188.SH,20090604,15.29,15.37,14.95,15.31,15.41,-0.1,-0.65,136652.13,207255.611
2964,600188.SH,20090603,15.26,15.58,15.19,15.41,15.25,0.16,1.05,135775.91,208295.434
2965,600188.SH,20090602,15.5,15.77,15.14,15.25,15.34,-0.09,-0.59,205736.85,318400.24
2966,600188.SH,20090601,14.86,15.45,14.86,15.34,14.67,0.67,4.57,178738.56,272409.331
2967,600188.SH,20090527,14.56,14.94,14.54,14.67,14.55,0.12,0.82,75611.25,111145.095
2968,600188.SH,20090526,15.0,15.1,14.5,14.55,15.09,-0.54,-3.58,148384.07,219436.179
2969,600188.SH,20090525,14.5,15.23,14.36,15.09,15.01,0.08,0.53,153702.01,226241.75
2970,600188.SH,20090522,15.25,15.37,14.82,15.01,15.39,-0.38,-2.47,153762.8,231455.168
2971,600188.SH,20090521,16.1,16.34,15.31,15.39,16.19,-0.8,-4.94,336978.55,528907.722
2972,600188.SH,20090520,15.92,16.69,15.88,16.19,16.0,0.19,1.19,434887.64,711669.085
2973,600188.SH,20090519,16.3,16.5,15.89,16.0,16.19,-0.19,-1.17,396607.63,641527.402
2974,600188.SH,20090518,15.1,16.32,14.81,16.19,15.33,0.86,5.61,396127.18,619113.542
2975,600188.SH,20090515,15.35,15.59,15.05,15.33,15.23,0.1,0.66,222214.51,340973.943
2976,600188.SH,20090514,15.0,15.42,14.8,15.23,15.09,0.14,0.93,226240.65,343200.296
2977,600188.SH,20090513,14.82,15.43,14.72,15.09,14.72,0.37,2.51,219657.36,332485.663
2978,600188.SH,20090512,14.3,14.8,14.17,14.72,14.45,0.27,1.87,128401.6,186903.336
2979,600188.SH,20090511,15.36,15.45,14.4,14.45,15.36,-0.91,-5.92,269893.99,400046.744
2980,600188.SH,20090508,15.3,15.79,15.15,15.36,15.5,-0.14,-0.9,295584.12,459334.581
2981,600188.SH,20090507,15.46,15.6,14.85,15.5,15.38,0.12,0.78,269091.01,409478.788
2982,600188.SH,20090506,15.13,15.79,15.0,15.38,15.12,0.26,1.72,245733.96,380805.786
2983,600188.SH,20090505,15.48,15.58,15.0,15.12,15.35,-0.23,-1.5,180590.95,274006.421
2984,600188.SH,20090504,14.33,15.49,14.33,15.35,14.21,1.14,8.02,233094.21,348066.647
2985,600188.SH,20090430,14.4,14.51,14.05,14.21,14.33,-0.12,-0.84,133239.05,189458.862
2986,600188.SH,20090429,13.96,14.5,13.71,14.33,13.89,0.44,3.17,171133.03,243969.64
2987,600188.SH,20090428,13.5,14.1,13.46,13.89,13.73,0.16,1.17,139010.69,192131.088
2988,600188.SH,20090427,14.1,14.25,13.62,13.73,14.43,-0.7,-4.85,191966.13,265566.947
2989,600188.SH,20090424,14.88,15.2,14.32,14.43,14.83,-0.4,-2.7,147033.23,214214.291
2990,600188.SH,20090423,14.13,14.95,14.06,14.83,14.35,0.48,3.34,182596.16,267224.722
2991,600188.SH,20090422,15.35,15.55,14.23,14.35,15.34,-0.99,-6.45,259178.85,384086.924
2992,600188.SH,20090421,15.48,15.72,14.96,15.34,15.83,-0.49,-3.1,226453.84,345562.768
2993,600188.SH,20090420,15.19,16.0,15.08,15.83,15.37,0.46,2.99,184876.13,290517.102
2994,600188.SH,20090417,15.9,15.98,15.0,15.37,16.16,-0.79,-4.89,291899.1,450909.072
2995,600188.SH,20090416,16.5,16.59,15.84,16.16,16.59,-0.43,-2.59,263436.2,425335.603
2996,600188.SH,20090415,15.6,16.81,15.42,16.59,15.83,0.76,4.8,359858.17,587505.405
2997,600188.SH,20090414,16.1,16.1,15.52,15.83,15.97,-0.14,-0.88,317830.38,502982.547
2998,600188.SH,20090413,14.68,15.97,14.52,15.97,14.52,1.45,9.99,487560.68,756313.107
2999,600188.SH,20090410,14.05,14.59,13.75,14.52,13.94,0.58,4.16,364811.6,520041.004
3000,600188.SH,20090409,14.0,14.19,13.26,13.94,14.07,-0.13,-0.92,254697.89,349567.399
3001,600188.SH,20090408,14.18,14.61,13.82,14.07,14.15,-0.08,-0.57,349017.74,493227.763
3002,600188.SH,20090407,13.71,14.28,13.7,14.15,13.71,0.44,3.21,308231.48,433070.343
3003,600188.SH,20090403,13.9,14.32,13.56,13.71,13.69,0.02,0.15,438060.25,612348.105
3004,600188.SH,20090402,13.5,14.0,13.28,13.69,13.36,0.33,2.47,403239.28,548652.144
3005,600188.SH,20090401,12.62,13.66,12.6,13.36,12.58,0.78,6.2,379866.24,501606.848
3006,600188.SH,20090331,12.1,12.68,11.98,12.58,12.41,0.17,1.37,156211.35,192558.462
3007,600188.SH,20090330,12.73,12.79,12.3,12.41,12.71,-0.3,-2.36,157556.56,197205.217
3008,600188.SH,20090327,12.97,13.21,12.62,12.71,12.95,-0.24,-1.85,259426.1,335396.68
3009,600188.SH,20090326,12.5,12.97,12.01,12.95,12.57,0.38,3.02,302811.19,379435.221
3010,600188.SH,20090325,13.0,13.35,12.5,12.57,12.99,-0.42,-3.23,327228.61,425240.757
3011,600188.SH,20090324,12.75,13.19,12.75,12.99,12.53,0.46,3.67,477254.48,619079.507
3012,600188.SH,20090323,12.36,12.8,12.1,12.53,12.37,0.16,1.29,398739.61,496759.778
3013,600188.SH,20090320,12.22,12.56,12.0,12.37,12.06,0.31,2.57,462844.19,569720.882
3014,600188.SH,20090319,11.21,12.33,11.21,12.06,11.21,0.85,7.58,427520.28,504905.757
3015,600188.SH,20090318,11.15,11.49,11.06,11.21,11.0,0.21,1.91,289316.81,327675.856
3016,600188.SH,20090317,10.62,11.08,10.58,11.0,10.54,0.46,4.36,172166.79,187282.236
3017,600188.SH,20090316,10.38,10.55,10.26,10.54,10.49,0.05,0.48,55886.63,58265.994
3018,600188.SH,20090313,10.7,10.83,10.45,10.49,10.55,-0.06,-0.57,76382.78,81190.472
3019,600188.SH,20090312,10.59,10.66,10.25,10.55,10.7,-0.15,-1.4,89576.15,93709.264
3020,600188.SH,20090311,11.27,11.3,10.68,10.7,10.99,-0.29,-2.64,173095.78,190002.393
3021,600188.SH,20090310,10.5,11.0,10.35,10.99,10.7,0.29,2.71,141613.36,151308.533
3022,600188.SH,20090309,11.02,11.28,10.57,10.7,10.63,0.07,0.66,270659.58,296202.996
3023,600188.SH,20090306,10.35,10.88,10.2,10.63,10.59,0.04,0.38,154255.79,164413.938
3024,600188.SH,20090305,10.75,10.98,10.38,10.59,10.63,-0.04,-0.38,210316.4,225501.012
3025,600188.SH,20090304,9.76,10.65,9.76,10.63,9.73,0.9,9.25,191846.61,197454.317
3026,600188.SH,20090303,9.72,9.88,9.5,9.73,9.95,-0.22,-2.21,106741.71,103356.485
3027,600188.SH,20090302,9.84,10.01,9.68,9.95,9.9,0.05,0.51,89531.77,88754.137
3028,600188.SH,20090227,10.22,10.44,9.81,9.9,10.27,-0.37,-3.6,139496.3,139965.033
3029,600188.SH,20090226,10.77,11.15,10.15,10.27,10.82,-0.55,-5.08,155834.02,166935.017
3030,600188.SH,20090225,11.14,11.24,10.51,10.82,11.01,-0.19,-1.73,172088.61,186666.813
3031,600188.SH,20090224,11.4,11.6,11.0,11.01,11.66,-0.65,-5.57,219924.1,247572.262
3032,600188.SH,20090223,11.3,11.79,11.1,11.66,11.45,0.21,1.83,203982.85,233780.871
3033,600188.SH,20090220,11.2,11.45,11.03,11.45,11.19,0.26,2.32,182958.13,205635.033
3034,600188.SH,20090219,11.08,11.41,10.95,11.19,11.02,0.17,1.54,172438.02,192669.771
3035,600188.SH,20090218,11.59,11.85,11.0,11.02,11.9,-0.88,-7.4,312787.69,356649.262
3036,600188.SH,20090217,12.26,12.72,11.49,11.9,12.1,-0.2,-1.65,508833.56,629791.875
3037,600188.SH,20090216,11.54,12.12,11.42,12.1,11.37,0.73,6.42,412930.02,483728.507
3038,600188.SH,20090213,11.14,11.47,10.86,11.37,11.09,0.28,2.52,297348.86,333930.912
3039,600188.SH,20090212,11.4,11.48,10.69,11.09,11.43,-0.34,-2.97,280554.51,309273.394
3040,600188.SH,20090211,11.45,11.84,11.2,11.43,11.69,-0.26,-2.22,322713.93,370183.505
3041,600188.SH,20090210,11.5,11.7,11.28,11.69,11.6,0.09,0.78,297504.04,341682.268
3042,600188.SH,20090209,11.22,11.76,11.13,11.6,11.03,0.57,5.17,343119.88,392050.495
3043,600188.SH,20090206,10.71,11.1,10.63,11.03,10.62,0.41,3.86,321365.58,349161.282
3044,600188.SH,20090205,10.43,11.14,10.29,10.62,10.4,0.22,2.12,418037.06,447273.989
3045,600188.SH,20090204,10.26,10.45,10.23,10.4,10.19,0.21,2.06,252278.26,260575.356
3046,600188.SH,20090203,9.91,10.24,9.89,10.19,10.02,0.17,1.7,233393.5,235552.1
3047,600188.SH,20090202,10.1,10.15,9.75,10.02,10.21,-0.19,-1.86,222415.96,220834.801
3048,600188.SH,20090122,9.83,10.35,9.71,10.21,9.69,0.52,5.37,261691.89,262519.911
3049,600188.SH,20090121,9.64,9.86,9.58,9.69,9.75,-0.06,-0.62,118294.87,115196.294
3050,600188.SH,20090120,9.57,9.83,9.52,9.75,9.66,0.09,0.93,114375.58,111102.491
3051,600188.SH,20090119,9.83,9.95,9.5,9.66,9.68,-0.02,-0.21,169380.64,165102.274
3052,600188.SH,20090116,9.42,9.85,9.42,9.68,9.3,0.38,4.09,283435.3,275527.152
3053,600188.SH,20090115,9.24,9.45,9.15,9.3,9.38,-0.08,-0.85,187274.0,174110.448
3054,600188.SH,20090114,8.73,9.45,8.73,9.38,8.83,0.55,6.23,153898.24,141204.613
3055,600188.SH,20090113,9.02,9.06,8.8,8.83,9.18,-0.35,-3.81,84687.75,75614.895
3056,600188.SH,20090112,9.12,9.43,8.96,9.18,9.14,0.04,0.44,146405.52,134865.521
3057,600188.SH,20090109,8.9,9.25,8.83,9.14,8.91,0.23,2.58,114137.59,103996.81
3058,600188.SH,20090108,8.8,9.08,8.67,8.91,9.09,-0.18,-1.98,103697.5,92103.747
3059,600188.SH,20090107,9.33,9.33,9.04,9.09,9.27,-0.18,-1.94,120404.85,110064.867
3060,600188.SH,20090106,8.65,9.33,8.59,9.27,8.65,0.62,7.17,176247.35,159766.668
3061,600188.SH,20090105,8.45,8.66,8.4,8.65,8.24,0.41,4.98,86394.37,73858.262
3062,600188.SH,20081231,8.42,8.46,8.23,8.24,8.41,-0.17,-2.02,45286.93,37651.098
3063,600188.SH,20081230,8.62,8.72,8.3,8.41,8.55,-0.14,-1.64,69885.29,59136.02
3064,600188.SH,20081229,8.7,8.74,8.33,8.55,8.69,-0.14,-1.61,46025.65,38976.418
3065,600188.SH,20081226,8.74,8.82,8.65,8.69,8.7,-0.01,-0.11,60735.6,53036.149
3066,600188.SH,20081225,9.05,9.14,8.5,8.7,9.05,-0.35,-3.87,98291.64,86404.093
3067,600188.SH,20081224,8.99,9.3,8.91,9.05,9.78,-0.73,-7.46,104275.55,94683.882
3068,600188.SH,20081222,10.04,10.05,9.65,9.78,10.08,-0.3,-2.98,98698.25,97024.938
3069,600188.SH,20081219,10.05,10.27,9.95,10.08,10.12,-0.04,-0.4,145780.54,147435.869
3070,600188.SH,20081218,9.67,10.22,9.6,10.12,9.79,0.33,3.37,145854.03,144954.545
3071,600188.SH,20081217,9.94,10.09,9.65,9.79,9.92,-0.13,-1.31,122578.9,121097.545
3072,600188.SH,20081216,9.52,9.95,9.12,9.92,9.64,0.28,2.9,97733.72,92900.517
3073,600188.SH,20081215,9.7,9.85,9.4,9.64,9.57,0.07,0.73,91404.23,88227.243
3074,600188.SH,20081212,10.11,10.24,9.3,9.57,10.11,-0.54,-5.34,140515.7,138205.602
3075,600188.SH,20081211,10.4,10.68,10.1,10.11,10.33,-0.22,-2.13,189828.03,198145.846
3076,600188.SH,20081210,10.17,10.35,9.8,10.33,10.28,0.05,0.49,197904.85,200341.397
3077,600188.SH,20081209,10.4,10.77,10.2,10.28,10.27,0.01,0.1,279621.44,292190.954
3078,600188.SH,20081208,10.0,10.31,9.95,10.27,9.83,0.44,4.48,224170.75,227209.106
3079,600188.SH,20081205,9.55,9.98,9.47,9.83,9.64,0.19,1.97,168145.96,164014.447
3080,600188.SH,20081204,9.69,10.5,9.6,9.64,9.59,0.05,0.52,382026.23,378627.417
3081,600188.SH,20081203,8.73,9.59,8.71,9.59,8.72,0.87,9.98,260544.47,242068.891
3082,600188.SH,20081202,8.38,8.84,8.31,8.72,8.68,0.04,0.46,113330.76,97293.257
3083,600188.SH,20081201,8.55,8.68,8.33,8.68,8.48,0.2,2.36,59762.68,51007.226
3084,600188.SH,20081128,8.71,8.8,8.44,8.48,8.79,-0.31,-3.53,53782.94,45920.331
3085,600188.SH,20081127,9.27,9.43,8.78,8.79,8.7,0.09,1.03,124363.7,113143.816
3086,600188.SH,20081126,8.66,8.88,8.48,8.7,8.75,-0.05,-0.57,66568.4,57720.949
3087,600188.SH,20081125,8.96,9.09,8.61,8.75,8.7,0.05,0.57,63453.29,56075.229
3088,600188.SH,20081124,9.18,9.18,8.68,8.7,9.05,-0.35,-3.87,72367.41,64820.361
3089,600188.SH,20081121,8.86,9.35,8.68,9.05,9.29,-0.24,-2.58,122152.88,109444.502
3090,600188.SH,20081120,9.42,9.62,9.14,9.29,9.64,-0.35,-3.63,136589.44,128023.109
3091,600188.SH,20081119,8.9,9.68,8.83,9.64,9.01,0.63,6.99,186918.56,173436.433
3092,600188.SH,20081118,9.9,9.9,9.01,9.01,10.01,-1.0,-9.99,169737.93,159138.731
3093,600188.SH,20081117,9.83,10.03,9.5,10.01,9.84,0.17,1.73,215803.81,210251.037
3094,600188.SH,20081114,9.53,9.97,9.31,9.84,9.45,0.39,4.13,236666.78,228756.979
3095,600188.SH,20081113,8.57,9.59,8.51,9.45,8.75,0.7,8.0,237241.15,217724.531
3096,600188.SH,20081112,8.54,8.78,8.48,8.75,8.73,0.02,0.23,95323.74,82328.395
3097,600188.SH,20081111,8.78,9.15,8.65,8.73,8.89,-0.16,-1.8,139445.45,124319.39
3098,600188.SH,20081110,8.29,8.89,8.25,8.89,8.08,0.81,10.02,140624.96,121179.832
3099,600188.SH,20081107,7.9,8.18,7.82,8.08,8.1,-0.02,-0.25,39984.98,32166.842
3100,600188.SH,20081106,8.04,8.14,7.95,8.1,8.39,-0.29,-3.46,62351.12,50070.865
3101,600188.SH,20081105,8.31,8.57,8.23,8.39,8.1,0.29,3.58,70214.12,59028.665
3102,600188.SH,20081104,8.3,8.34,7.9,8.1,8.46,-0.36,-4.26,66227.81,53636.035
3103,600188.SH,20081103,8.6,8.7,8.42,8.46,8.6,-0.14,-1.63,41803.4,35737.802
3104,600188.SH,20081031,8.66,8.8,8.52,8.6,8.77,-0.17,-1.94,56429.45,48698.289
3105,600188.SH,20081030,8.45,8.95,8.24,8.77,8.23,0.54,6.56,129439.99,112334.038
3106,600188.SH,20081029,8.85,8.89,8.22,8.23,8.61,-0.38,-4.41,96595.11,83105.169
3107,600188.SH,20081028,7.8,8.65,7.6,8.61,7.91,0.7,8.85,102464.66,84462.424
3108,600188.SH,20081027,8.45,8.59,7.9,7.91,8.76,-0.85,-9.7,78116.12,64119.391
3109,600188.SH,20081024,8.84,9.05,8.6,8.76,8.85,-0.09,-1.02,64708.31,57250.953
3110,600188.SH,20081023,8.17,8.86,8.12,8.85,8.52,0.33,3.87,62395.34,53382.722
3111,600188.SH,20081022,8.65,8.95,8.5,8.52,8.88,-0.36,-4.05,59034.44,51428.753
3112,600188.SH,20081021,8.9,9.37,8.8,8.88,8.9,-0.02,-0.22,104470.46,95028.557
3113,600188.SH,20081020,8.36,9.0,8.16,8.9,8.27,0.63,7.62,81143.09,69885.05
3114,600188.SH,20081017,8.03,8.34,8.03,8.27,8.01,0.26,3.25,52841.68,43359.612
3115,600188.SH,20081016,8.3,8.4,8.0,8.01,8.89,-0.88,-9.9,72700.08,59725.997
3116,600188.SH,20081015,9.01,9.1,8.65,8.89,9.24,-0.35,-3.79,55399.95,48891.673
3117,600188.SH,20081014,10.02,10.16,9.2,9.24,9.59,-0.35,-3.65,115909.37,114336.792
3118,600188.SH,20081013,8.89,9.61,8.39,9.59,9.25,0.34,3.68,91999.12,82185.293
3119,600188.SH,20081010,9.8,9.8,9.25,9.25,10.28,-1.03,-10.02,129589.4,121250.861
3120,600188.SH,20081009,10.9,10.94,10.26,10.28,10.5,-0.22,-2.1,53544.26,56600.344
3121,600188.SH,20081008,10.87,11.09,10.41,10.5,11.18,-0.68,-6.08,55483.94,59475.787
3122,600188.SH,20081007,10.68,11.57,10.45,11.18,11.59,-0.41,-3.54,79530.22,86693.866
3123,600188.SH,20081006,11.99,12.29,11.59,11.59,12.88,-1.29,-10.02,110910.05,131331.785
3124,600188.SH,20080926,13.1,13.28,12.66,12.88,12.9,-0.02,-0.16,118543.13,153568.64
3125,600188.SH,20080925,12.49,13.19,12.2,12.9,12.47,0.43,3.45,169890.94,218831.539
3126,600188.SH,20080924,11.9,12.5,11.55,12.47,12.36,0.11,0.89,111479.0,132891.357
3127,600188.SH,20080923,12.2,13.15,11.92,12.36,12.35,0.01,0.08,286568.97,361114.648
3128,600188.SH,20080922,12.35,12.35,11.58,12.35,11.23,1.12,9.97,256336.95,313297.762
3129,600188.SH,20080919,11.23,11.23,10.98,11.23,10.21,1.02,9.99,75155.67,84142.758
3130,600188.SH,20080918,9.7,10.5,9.5,10.21,9.85,0.36,3.65,101145.69,100941.212
3131,600188.SH,20080917,9.82,10.0,9.79,9.85,9.84,0.01,0.1,43311.47,42811.896
3132,600188.SH,20080916,10.0,10.24,9.83,9.84,10.57,-0.73,-6.91,67825.73,67827.025
3133,600188.SH,20080912,10.45,10.75,10.32,10.57,10.62,-0.05,-0.47,47424.69,50101.013
3134,600188.SH,20080911,11.06,11.29,10.58,10.62,11.06,-0.44,-3.98,54830.5,59714.418
3135,600188.SH,20080910,11.28,11.6,10.8,11.06,11.49,-0.43,-3.74,80944.99,90591.077
3136,600188.SH,20080909,12.02,12.17,11.28,11.49,11.96,-0.47,-3.93,87819.05,101634.828
3137,600188.SH,20080908,12.8,12.93,11.84,11.96,12.71,-0.75,-5.9,40034.04,49351.251
3138,600188.SH,20080905,12.86,13.1,12.69,12.71,13.28,-0.57,-4.29,31762.12,40777.156
3139,600188.SH,20080904,13.03,13.58,12.91,13.28,13.08,0.2,1.53,31095.82,41235.088
3140,600188.SH,20080903,13.55,13.63,12.95,13.08,13.88,-0.8,-5.76,63027.26,83143.004
3141,600188.SH,20080902,13.98,14.06,13.61,13.88,14.15,-0.27,-1.91,39520.14,54700.314
3142,600188.SH,20080901,14.38,14.55,14.0,14.15,14.39,-0.24,-1.67,51663.24,73661.016
3143,600188.SH,20080829,13.9,14.75,13.71,14.39,13.79,0.6,4.35,76714.94,109809.158
3144,600188.SH,20080828,13.37,14.0,13.35,13.79,13.34,0.45,3.37,62172.29,85441.93
3145,600188.SH,20080827,13.4,13.79,13.01,13.34,13.41,-0.07,-0.52,39209.97,52357.879
3146,600188.SH,20080826,14.0,14.15,13.31,13.41,14.15,-0.74,-5.23,45599.41,62303.709
3147,600188.SH,20080825,14.6,14.63,14.06,14.15,14.43,-0.28,-1.94,51461.04,73844.987
3148,600188.SH,20080822,14.14,14.5,13.63,14.43,13.94,0.49,3.52,62723.65,88977.022
3149,600188.SH,20080821,14.44,14.96,13.9,13.94,14.68,-0.74,-5.04,69631.51,100116.862
3150,600188.SH,20080820,13.44,14.75,13.2,14.68,13.44,1.24,9.23,92155.19,131668.129
3151,600188.SH,20080819,12.89,13.58,12.64,13.44,13.04,0.4,3.07,61748.3,81653.634
3152,600188.SH,20080818,14.39,14.4,13.04,13.04,14.49,-1.45,-10.01,79692.76,108827.421
3153,600188.SH,20080815,14.5,14.8,14.12,14.49,14.7,-0.21,-1.43,37121.71,53902.586
3154,600188.SH,20080814,14.67,15.15,14.35,14.7,14.65,0.05,0.34,69948.64,103615.891
3155,600188.SH,20080813,14.59,14.98,13.82,14.65,14.61,0.04,0.27,60352.21,86452.427
3156,600188.SH,20080812,14.05,14.77,13.8,14.61,14.47,0.14,0.97,86989.11,125259.086
3157,600188.SH,20080811,15.8,16.0,14.47,14.47,16.08,-1.61,-10.01,90951.05,135760.662
3158,600188.SH,20080808,16.6,17.0,16.06,16.08,16.62,-0.54,-3.25,82082.26,136340.209
3159,600188.SH,20080807,16.4,16.78,16.19,16.62,16.64,-0.02,-0.12,70047.54,115234.694
3160,600188.SH,20080806,17.06,17.18,16.34,16.64,16.99,-0.35,-2.06,65140.11,108965.382
3161,600188.SH,20080805,18.48,18.6,16.85,16.99,18.53,-1.54,-8.31,105987.78,185239.511
3162,600188.SH,20080804,18.91,19.1,18.5,18.53,19.12,-0.59,-3.09,37051.3,69692.299
3163,600188.SH,20080801,18.9,19.33,18.35,19.12,19.18,-0.06,-0.31,85235.34,160194.348
3164,600188.SH,20080731,20.11,20.33,19.15,19.18,19.76,-0.58,-2.94,87127.61,172622.617
3165,600188.SH,20080730,20.35,20.59,19.6,19.76,20.57,-0.81,-3.94,124411.04,249701.778
3166,600188.SH,20080729,19.6,20.65,19.36,20.57,19.61,0.96,4.9,238399.39,481359.005
3167,600188.SH,20080728,19.25,19.75,19.25,19.61,18.91,0.7,3.7,124059.03,242347.626
3168,600188.SH,20080725,19.0,19.1,18.65,18.91,19.47,-0.56,-2.88,82727.75,156001.135
3169,600188.SH,20080724,19.0,19.52,18.81,19.47,18.99,0.48,2.53,107206.71,205195.516
3170,600188.SH,20080723,19.53,19.72,18.91,18.99,19.59,-0.6,-3.06,84935.05,162844.755
3171,600188.SH,20080722,19.89,19.89,19.52,19.59,19.71,-0.12,-0.61,79343.56,156265.232
3172,600188.SH,20080721,18.99,19.91,18.41,19.88,19.16,0.72,3.76,117779.24,226743.834
3173,600188.SH,20080718,19.51,19.62,17.8,19.16,19.22,-0.06,-0.31,166911.71,311127.362
3174,600188.SH,20080717,20.1,20.27,19.21,19.22,19.81,-0.59,-2.98,77162.58,151920.277
3175,600188.SH,20080716,20.38,20.48,19.51,19.81,20.8,-0.99,-4.76,124293.24,248201.065
3176,600188.SH,20080715,21.89,22.0,20.4,20.8,21.77,-0.97,-4.46,152426.14,321456.612
3177,600188.SH,20080714,21.69,22.09,21.28,21.77,21.37,0.4,1.87,177036.97,384310.517
3178,600188.SH,20080711,21.12,21.59,20.81,21.37,21.12,0.25,1.18,133964.04,283156.432
3179,600188.SH,20080710,20.78,21.91,20.51,21.12,21.14,-0.02,-0.09,227821.21,487645.114
3180,600188.SH,20080709,20.53,21.15,19.9,21.14,20.53,0.61,2.97,229402.89,470484.845
3181,600188.SH,20080708,19.86,21.15,19.86,20.53,19.44,1.09,5.61,244257.66,502126.542
3182,600188.SH,20080707,18.91,19.65,18.8,19.44,19.02,0.42,2.21,171098.47,330698.974
3183,600188.SH,20080704,20.0,20.2,18.44,19.02,20.39,-1.37,-6.72,248460.83,474503.529
3184,600188.SH,20080703,19.4,20.8,18.75,20.39,19.86,0.53,2.67,232529.89,460531.064
3185,600188.SH,20080702,19.57,20.18,19.3,19.86,19.47,0.39,2.0,90885.28,179938.049
3186,600188.SH,20080701,19.9,20.3,19.2,19.47,19.82,-0.35,-1.77,69054.46,135265.897
3187,600188.SH,20080630,19.22,20.2,19.0,19.82,20.68,-0.86,-4.16,119588.94,234638.898
3188,600188.SH,20080626,20.68,21.25,20.08,20.68,20.55,0.13,0.63,161407.62,334035.16
3189,600188.SH,20080625,19.25,20.79,18.85,20.55,19.23,1.32,6.86,159544.14,319310.066
3190,600188.SH,20080624,18.83,19.5,18.3,19.23,18.79,0.44,2.34,106471.12,202300.626
3191,600188.SH,20080623,19.1,19.98,18.61,18.79,20.27,-1.48,-7.3,151208.57,290861.141
3192,600188.SH,20080620,20.03,21.3,18.0,20.27,19.9,0.37,1.86,280832.15,557737.417
3193,600188.SH,20080619,20.65,21.78,19.62,19.9,20.59,-0.69,-3.35,259652.48,542339.435
3194,600188.SH,20080618,18.5,20.59,18.2,20.59,18.72,1.87,9.99,169012.0,333556.536
3195,600188.SH,20080617,19.88,20.5,18.5,18.72,20.09,-1.37,-6.82,126790.74,246271.037
3196,600188.SH,20080616,20.91,21.3,20.05,20.09,20.93,-0.84,-4.01,93842.05,191550.637
3197,600188.SH,20080613,22.01,22.39,20.8,20.93,21.96,-1.03,-4.69,98459.01,211399.112
3198,600188.SH,20080612,22.0,22.6,21.36,21.96,21.84,0.12,0.55,141598.26,310669.327
3199,600188.SH,20080611,20.86,22.2,20.81,21.84,20.84,1.0,4.8,214711.9,463987.458
3200,600188.SH,20080610,20.68,21.98,20.1,20.84,21.4,-0.56,-2.62,162961.92,343414.055
3201,600188.SH,20080606,21.76,22.01,21.14,21.4,21.35,0.05,0.23,110964.76,239352.451
3202,600188.SH,20080605,23.0,23.0,21.24,21.35,23.53,-2.18,-9.26,219575.23,480826.27
3203,600188.SH,20080604,24.4,24.4,23.12,23.53,24.32,-0.79,-3.25,105020.64,248332.474
3204,600188.SH,20080603,24.08,24.61,23.7,24.32,23.84,0.48,2.01,108792.07,263204.714
3205,600188.SH,20080602,23.58,24.35,23.43,23.84,23.43,0.41,1.75,101181.33,242907.423
3206,600188.SH,20080530,23.84,24.28,22.88,23.43,23.84,-0.41,-1.72,133031.42,310040.339
3207,600188.SH,20080529,24.18,25.0,23.8,23.84,24.34,-0.5,-2.05,130682.26,320203.589
3208,600188.SH,20080528,23.53,24.65,23.23,24.34,23.52,0.82,3.49,129005.67,308293.559
3209,600188.SH,20080527,23.98,24.26,23.05,23.52,24.04,-0.52,-2.16,168698.17,398506.311
3210,600188.SH,20080526,25.24,25.27,24.01,24.04,25.28,-1.24,-4.91,137566.08,337789.323
3211,600188.SH,20080523,25.42,25.95,24.58,25.28,25.4,-0.12,-0.47,166096.49,417776.127
3212,600188.SH,20080522,24.98,26.28,24.71,25.4,25.13,0.27,1.07,330124.86,852114.584
3213,600188.SH,20080521,24.11,25.29,23.5,25.13,24.24,0.89,3.67,211375.18,513543.374
3214,600188.SH,20080520,26.14,26.22,24.0,24.24,26.04,-1.8,-6.91,212782.56,535062.298
3215,600188.SH,20080519,24.9,26.13,24.51,26.04,24.78,1.26,5.08,196406.11,500059.211
3216,600188.SH,20080516,25.29,25.7,24.11,24.78,25.32,-0.54,-2.13,177084.57,439642.593
3217,600188.SH,20080515,26.3,26.3,25.25,25.32,26.0,-0.68,-2.62,190666.3,488949.49
3218,600188.SH,20080514,24.8,26.58,24.61,26.0,24.99,1.01,4.04,335981.15,869909.148
3219,600188.SH,20080513,24.49,25.68,24.0,24.99,25.12,-0.13,-0.52,265106.74,658183.584
3220,600188.SH,20080512,24.9,26.5,24.6,25.12,25.46,-0.34,-1.34,360060.73,924040.81
3221,600188.SH,20080509,26.12,26.99,24.68,25.46,25.76,-0.3,-1.16,461267.41,1192808.549
3222,600188.SH,20080508,23.4,25.79,23.21,25.76,23.45,2.31,9.85,403957.95,999105.505
3223,600188.SH,20080507,23.88,24.76,23.35,23.45,24.09,-0.64,-2.66,280042.89,676463.811
3224,600188.SH,20080506,23.45,25.7,23.1,24.09,23.5,0.59,2.51,417910.72,1024738.046
3225,600188.SH,20080505,22.78,23.5,22.69,23.5,22.09,1.41,6.38,278406.39,642268.175
3226,600188.SH,20080430,21.6,22.45,21.6,22.09,21.3,0.79,3.71,250116.48,551715.785
3227,600188.SH,20080429,20.25,21.7,20.25,21.3,19.73,1.57,7.96,289480.61,616101.882
3228,600188.SH,20080428,19.5,20.18,19.11,19.73,19.85,-0.12,-0.6,85157.56,168200.584
3229,600188.SH,20080425,19.85,20.5,19.3,19.85,19.5,0.35,1.79,141622.98,281405.509
3230,600188.SH,20080424,19.5,19.5,18.81,19.5,17.73,1.77,9.98,176962.81,341587.668
3231,600188.SH,20080423,16.83,18.0,16.41,17.73,16.83,0.9,5.35,120053.63,209694.855
3232,600188.SH,20080422,16.08,16.85,15.6,16.83,16.0,0.83,5.19,73953.02,120876.402
3233,600188.SH,20080421,16.0,16.4,15.64,16.0,15.51,0.49,3.16,46919.64,74841.013
3234,600188.SH,20080418,16.3,16.5,15.28,15.51,16.56,-1.05,-6.34,54112.51,86172.908
3235,600188.SH,20080417,17.11,17.55,16.3,16.56,17.26,-0.7,-4.06,47486.2,79864.379
3236,600188.SH,20080416,17.38,17.9,17.02,17.26,17.09,0.17,0.99,80345.12,140728.76
3237,600188.SH,20080415,16.18,17.1,16.0,17.09,16.31,0.78,4.78,46568.81,77139.649
3238,600188.SH,20080414,16.7,17.45,16.25,16.31,17.27,-0.96,-5.56,56114.35,94033.716
3239,600188.SH,20080411,17.55,17.94,17.0,17.27,17.3,-0.03,-0.17,66190.56,115498.761
3240,600188.SH,20080410,15.8,17.36,15.65,17.3,16.16,1.14,7.05,85379.87,143639.627
3241,600188.SH,20080409,17.35,17.55,16.0,16.16,17.25,-1.09,-6.32,78339.31,131835.71
3242,600188.SH,20080408,16.48,17.48,16.48,17.25,16.32,0.93,5.7,101359.75,173980.275
3243,600188.SH,20080407,14.99,16.45,14.71,16.32,15.24,1.08,7.09,74459.24,118341.8
3244,600188.SH,20080403,14.8,15.49,13.75,15.24,14.73,0.51,3.46,73737.17,108031.009
3245,600188.SH,20080402,16.47,16.86,14.7,14.73,16.33,-1.6,-9.8,133211.18,203014.947
3246,600188.SH,20080401,18.0,18.3,16.28,16.33,18.09,-1.76,-9.73,72695.75,124555.331
3247,600188.SH,20080331,18.28,19.24,18.01,18.09,19.04,-0.95,-4.99,47922.07,88482.999
3248,600188.SH,20080328,18.43,19.12,17.32,19.04,18.58,0.46,2.48,72917.68,134523.265
3249,600188.SH,20080327,19.1,19.55,18.5,18.58,19.68,-1.1,-5.59,53341.29,101043.512
3250,600188.SH,20080326,19.22,20.1,19.03,19.68,19.1,0.58,3.04,62300.1,122511.009
3251,600188.SH,20080325,18.5,19.43,18.35,19.1,19.04,0.06,0.32,53784.55,102059.067
3252,600188.SH,20080324,20.43,20.85,19.0,19.04,20.28,-1.24,-6.11,71738.24,143002.344
3253,600188.SH,20080321,20.04,20.5,19.5,20.28,20.03,0.25,1.25,90357.57,182312.334
3254,600188.SH,20080320,19.45,20.4,18.27,20.03,19.64,0.39,1.99,132490.07,255927.606
3255,600188.SH,20080319,19.25,19.96,18.51,19.64,18.69,0.95,5.08,103536.0,200313.521
3256,600188.SH,20080318,19.85,20.75,18.21,18.69,20.23,-1.54,-7.61,118353.63,228621.409
3257,600188.SH,20080317,22.15,22.6,20.0,20.23,21.98,-1.75,-7.96,147457.14,317979.62
3258,600188.SH,20080314,22.25,23.0,21.6,21.98,22.13,-0.15,-0.68,205267.44,458391.117
3259,600188.SH,20080313,21.08,22.73,20.58,22.13,21.32,0.81,3.8,282088.37,623759.423
3260,600188.SH,20080312,22.01,22.35,20.95,21.32,21.38,-0.06,-0.28,189536.58,412608.484
3261,600188.SH,20080311,19.88,21.56,19.7,21.38,20.01,1.37,6.85,156321.32,328262.778
3262,600188.SH,20080310,20.89,20.9,19.89,20.01,20.82,-0.81,-3.89,58644.93,119033.324
3263,600188.SH,20080307,20.48,21.44,20.2,20.82,20.38,0.44,2.16,108016.95,226711.96
3264,600188.SH,20080306,20.76,20.86,20.06,20.38,20.75,-0.37,-1.78,93246.64,191562.949
3265,600188.SH,20080305,19.25,21.08,19.25,20.75,19.16,1.59,8.3,217613.45,445838.926
3266,600188.SH,20080304,19.7,19.92,19.01,19.16,19.64,-0.48,-2.44,51472.12,100548.576
3267,600188.SH,20080303,19.12,19.65,18.61,19.64,19.17,0.47,2.45,55132.84,106182.582
3268,600188.SH,20080229,19.1,19.32,19.01,19.17,19.12,0.05,0.26,32265.58,61840.625
3269,600188.SH,20080228,19.21,19.45,18.86,19.12,19.17,-0.05,-0.26,45626.72,86731.135
3270,600188.SH,20080227,19.25,19.35,18.79,19.17,18.92,0.25,1.32,38877.74,74450.197
3271,600188.SH,20080226,19.35,19.6,18.17,18.92,18.8,0.12,0.64,44543.21,83442.287
3272,600188.SH,20080225,19.91,20.2,18.75,18.8,19.87,-1.07,-5.39,48897.58,93297.225
3273,600188.SH,20080222,20.5,20.59,19.66,19.87,20.7,-0.83,-4.01,48040.92,96112.677
3274,600188.SH,20080221,20.55,20.99,20.0,20.7,20.63,0.07,0.34,50829.7,104459.729
3275,600188.SH,20080220,20.86,21.45,20.56,20.63,20.6,0.03,0.15,76090.34,159576.448
3276,600188.SH,20080219,19.99,20.6,19.82,20.6,19.92,0.68,3.41,62310.35,126825.815
3277,600188.SH,20080218,19.74,20.09,19.7,19.92,19.6,0.32,1.63,39166.56,78050.439
3278,600188.SH,20080215,20.0,20.0,19.01,19.6,20.13,-0.53,-2.63,41734.67,81029.088
3279,600188.SH,20080214,20.2,20.47,19.85,20.13,20.01,0.12,0.6,41540.66,83624.519
3280,600188.SH,20080213,19.72,20.39,19.52,20.01,20.26,-0.25,-1.23,32416.49,64954.634
3281,600188.SH,20080205,20.5,21.0,19.9,20.26,20.2,0.06,0.3,62567.94,127859.7
3282,600188.SH,20080204,19.0,20.2,18.99,20.2,18.36,1.84,10.02,84191.37,165493.381
3283,600188.SH,20080201,19.88,20.21,17.88,18.36,19.61,-1.25,-6.37,94568.64,176729.585
3284,600188.SH,20080131,20.05,20.71,19.58,19.61,21.7,-2.09,-9.63,102875.59,206907.286
3285,600188.SH,20080129,22.41,23.0,21.25,21.7,22.08,-0.38,-1.72,88326.8,194466.568
3286,600188.SH,20080128,22.22,23.01,21.22,22.08,22.01,0.07,0.32,174309.48,387363.706
3287,600188.SH,20080125,21.8,22.58,21.26,22.01,21.03,0.98,4.66,224891.1,499481.809
3288,600188.SH,20080124,19.99,21.12,19.95,21.03,19.57,1.46,7.46,134920.95,280304.237
3289,600188.SH,20080123,18.65,19.58,18.51,19.57,18.69,0.88,4.71,80635.69,154929.744
3290,600188.SH,20080122,20.15,20.15,18.69,18.69,20.77,-2.08,-10.01,100684.15,193492.615
3291,600188.SH,20080121,22.41,22.42,20.55,20.77,22.42,-1.65,-7.36,74215.98,159984.977
3292,600188.SH,20080118,21.8,22.75,21.5,22.42,21.78,0.64,2.94,79498.16,176978.682
3293,600188.SH,20080117,22.38,22.97,21.31,21.78,22.71,-0.93,-4.1,104238.06,229065.334
3294,600188.SH,20080116,23.51,23.51,22.5,22.71,23.64,-0.93,-3.93,129202.47,295646.344
3295,600188.SH,20080115,23.8,24.1,23.39,23.64,23.91,-0.27,-1.13,97062.71,230021.596
3296,600188.SH,20080114,24.12,24.39,23.81,23.91,24.09,-0.18,-0.75,86755.91,207752.43
3297,600188.SH,20080111,24.33,24.4,23.68,24.09,24.18,-0.09,-0.37,115909.46,278941.714
3298,600188.SH,20080110,23.8,24.68,23.58,24.18,23.67,0.51,2.15,173238.09,419796.417
3299,600188.SH,20080109,22.99,23.7,22.8,23.67,23.24,0.43,1.85,121264.82,283171.976
3300,600188.SH,20080108,23.96,24.6,22.95,23.24,23.88,-0.64,-2.68,155390.9,368710.566
3301,600188.SH,20080107,23.15,24.19,22.8,23.88,23.15,0.73,3.15,149605.02,352390.569
3302,600188.SH,20080104,23.46,23.67,23.0,23.15,23.08,0.07,0.3,189979.54,442640.086
3303,600188.SH,20080103,21.82,23.2,21.77,23.08,21.85,1.23,5.63,160039.82,359988.053
3304,600188.SH,20080102,22.1,22.19,21.41,21.85,22.04,-0.19,-0.86,87250.71,189372.302
3305,600188.SH,20071228,22.16,22.48,22.0,22.04,22.09,-0.05,-0.23,80360.55,178860.034
3306,600188.SH,20071227,22.1,22.35,21.8,22.09,22.07,0.02,0.09,107914.47,238970.394
3307,600188.SH,20071226,21.88,22.2,21.7,22.07,21.88,0.19,0.87,72215.87,158601.199
3308,600188.SH,20071225,21.93,22.1,21.65,21.88,21.91,-0.03,-0.14,80949.91,177100.337
3309,600188.SH,20071224,21.8,22.05,21.4,21.91,21.34,0.57,2.67,213695.05,465934.01
3310,600188.SH,20071221,20.41,21.38,20.41,21.34,20.62,0.72,3.49,146570.27,308874.299
3311,600188.SH,20071220,20.38,20.75,20.0,20.62,20.37,0.25,1.23,84047.35,171970.063
3312,600188.SH,20071219,20.35,20.55,20.12,20.37,20.1,0.27,1.34,61989.51,125912.26
3313,600188.SH,20071218,19.31,20.34,19.31,20.1,19.31,0.79,4.09,80745.24,162513.44
3314,600188.SH,20071217,19.98,20.25,19.2,19.31,19.95,-0.64,-3.21,71877.57,140776.769
3315,600188.SH,20071214,19.3,19.99,18.98,19.95,19.67,0.28,1.42,71359.08,138353.855
3316,600188.SH,20071213,20.7,20.85,19.6,19.67,20.73,-1.06,-5.11,82139.88,165719.517
3317,600188.SH,20071212,20.76,21.18,20.51,20.73,20.9,-0.17,-0.81,64375.48,134023.158
3318,600188.SH,20071211,21.14,21.24,20.42,20.9,21.13,-0.23,-1.09,85188.53,177781.01
3319,600188.SH,20071210,20.2,21.37,20.05,21.13,20.65,0.48,2.32,108793.3,227282.137
3320,600188.SH,20071207,20.42,20.78,20.18,20.65,20.42,0.23,1.13,63562.42,130175.341
3321,600188.SH,20071206,20.55,20.92,20.3,20.42,20.4,0.02,0.1,95611.02,197252.226
3322,600188.SH,20071205,20.0,20.5,19.8,20.4,19.65,0.75,3.82,93556.12,188096.158
3323,600188.SH,20071204,19.9,20.1,19.6,19.65,19.68,-0.03,-0.15,41445.71,81847.588
3324,600188.SH,20071203,19.53,20.0,19.52,19.68,19.87,-0.19,-0.96,40799.75,80514.261
3325,600188.SH,20071130,20.53,20.55,19.81,19.87,20.27,-0.4,-1.97,101263.83,204435.14
3326,600188.SH,20071129,19.51,20.4,19.33,20.27,19.24,1.03,5.35,118128.03,235304.235
3327,600188.SH,20071128,19.18,19.67,18.98,19.24,19.11,0.13,0.68,48859.75,94757.321
3328,600188.SH,20071127,18.97,19.28,18.8,19.11,19.06,0.05,0.26,35481.31,67675.903
3329,600188.SH,20071126,19.61,19.86,19.0,19.06,19.0,0.06,0.32,66805.62,129867.297
3330,600188.SH,20071123,18.0,19.0,18.0,19.0,18.42,0.58,3.15,34218.49,63760.031
3331,600188.SH,20071122,19.1,19.35,18.35,18.42,19.51,-1.09,-5.59,48173.36,90757.756
3332,600188.SH,20071121,19.75,20.33,19.45,19.51,19.49,0.02,0.1,75972.76,151475.843
3333,600188.SH,20071120,19.0,19.64,18.8,19.49,19.1,0.39,2.04,61761.62,119607.615
3334,600188.SH,20071119,18.9,19.45,18.8,19.1,18.86,0.24,1.27,43074.05,82571.523
3335,600188.SH,20071116,18.64,19.0,18.18,18.86,18.89,-0.03,-0.16,49419.2,91713.762
3336,600188.SH,20071115,19.38,19.65,18.75,18.89,19.39,-0.5,-2.58,96646.62,185631.824
3337,600188.SH,20071114,18.3,19.4,17.82,19.39,17.87,1.52,8.51,99734.09,186204.301
3338,600188.SH,20071113,17.99,18.48,17.21,17.87,17.68,0.19,1.07,75117.88,135404.889
3339,600188.SH,20071112,18.3,18.5,17.15,17.68,19.02,-1.34,-7.05,101306.01,178744.769
3340,600188.SH,20071109,20.0,20.0,18.31,19.02,20.06,-1.04,-5.18,88575.59,169405.873
3341,600188.SH,20071108,21.74,21.74,20.0,20.06,21.7,-1.64,-7.56,72659.12,150788.609
3342,600188.SH,20071107,21.4,21.78,21.15,21.7,21.25,0.45,2.12,52584.77,112917.254
3343,600188.SH,20071106,21.01,21.74,21.01,21.25,21.14,0.11,0.52,46895.22,100165.42
3344,600188.SH,20071105,21.88,22.38,21.0,21.14,22.01,-0.87,-3.95,86391.8,185126.955
3345,600188.SH,20071102,22.69,22.91,22.0,22.01,23.36,-1.35,-5.78,109511.73,243806.321
3346,600188.SH,20071101,23.6,24.25,23.23,23.36,23.2,0.16,0.69,142911.51,339457.424
3347,600188.SH,20071031,23.5,23.69,22.65,23.2,23.16,0.04,0.17,111315.39,256063.829
3348,600188.SH,20071030,23.23,23.77,22.9,23.16,22.99,0.17,0.74,96044.21,223339.89
3349,600188.SH,20071029,21.7,23.0,21.53,22.99,21.2,1.79,8.44,92076.47,204081.437
3350,600188.SH,20071026,20.32,21.5,20.03,21.2,20.98,0.22,1.05,87960.56,183822.659
3351,600188.SH,20071025,22.68,22.9,20.89,20.98,23.13,-2.15,-9.3,141058.62,305869.551
3352,600188.SH,20071024,23.6,23.88,23.05,23.13,23.5,-0.37,-1.57,113272.95,265157.026
3353,600188.SH,20071023,22.7,23.52,21.6,23.5,22.9,0.6,2.62,133240.43,300807.784
3354,600188.SH,20071022,24.0,24.3,22.77,22.9,24.64,-1.74,-7.06,121486.71,286935.687
3355,600188.SH,20071019,25.0,25.67,24.38,24.64,24.89,-0.25,-1.0,131816.23,328314.194
3356,600188.SH,20071018,26.7,26.7,24.88,24.89,26.7,-1.81,-6.78,200802.8,509777.417
3357,600188.SH,20071017,26.95,27.68,26.05,26.7,26.95,-0.25,-0.93,208433.69,558902.627
3358,600188.SH,20071016,25.4,27.49,24.68,26.95,25.62,1.33,5.19,359113.3,949371.065
3359,600188.SH,20071015,26.12,27.49,25.45,25.62,25.82,-0.2,-0.77,460410.47,1217432.773
3360,600188.SH,20071012,24.95,26.3,24.0,25.82,23.94,1.88,7.85,757759.83,1929512.507
3361,600188.SH,20071011,22.76,24.3,22.02,23.94,22.68,1.26,5.56,385616.85,897233.45
3362,600188.SH,20071010,22.47,23.69,22.3,22.68,22.37,0.31,1.39,183085.52,420236.891
3363,600188.SH,20071009,23.1,23.19,22.0,22.37,23.04,-0.67,-2.91,128938.75,288531.877
3364,600188.SH,20071008,23.58,23.77,22.33,23.04,22.92,0.12,0.52,200665.41,458563.606
3365,600188.SH,20070928,22.55,23.35,22.5,22.92,22.31,0.61,2.73,204961.65,470978.52
3366,600188.SH,20070927,21.3,22.35,20.96,22.31,21.39,0.92,4.3,123881.58,268600.316
3367,600188.SH,20070926,22.05,22.68,20.9,21.39,22.22,-0.83,-3.74,175080.13,378437.833
3368,600188.SH,20070925,23.76,23.76,22.0,22.22,23.77,-1.55,-6.52,244196.69,549830.419
3369,600188.SH,20070924,24.05,24.96,23.5,23.77,23.81,-0.04,-0.17,415149.68,1011011.334
3370,600188.SH,20070921,22.36,23.9,22.3,23.81,22.27,1.54,6.92,430459.22,995547.64
3371,600188.SH,20070920,22.41,22.78,21.72,22.27,22.34,-0.07,-0.31,227337.1,504682.056
3372,600188.SH,20070919,22.6,23.59,22.12,22.34,22.19,0.15,0.68,395990.63,908855.834
3373,600188.SH,20070918,21.48,22.4,21.14,22.19,21.04,1.15,5.47,283637.93,614225.355
3374,600188.SH,20070917,20.73,21.56,20.56,21.04,20.81,0.23,1.11,171496.37,362313.173
3375,600188.SH,20070914,21.06,21.3,20.56,20.81,20.89,-0.08,-0.38,200400.52,419006.848
3376,600188.SH,20070913,19.7,21.13,19.62,20.89,19.64,1.25,6.36,253597.24,521399.109
3377,600188.SH,20070912,19.39,19.98,19.0,19.64,19.41,0.23,1.19,154081.85,299852.915
3378,600188.SH,20070911,20.7,21.75,18.9,19.41,20.87,-1.46,-7.0,161505.01,334427.385
3379,600188.SH,20070910,20.49,20.93,19.88,20.87,20.99,-0.12,-0.57,149827.44,304010.672
3380,600188.SH,20070907,21.7,21.7,20.98,20.99,21.91,-0.92,-4.2,231124.65,487917.832
3381,600188.SH,20070906,22.26,22.5,21.75,21.91,22.22,-0.31,-1.4,175529.96,384531.448
3382,600188.SH,20070905,21.7,22.89,21.33,22.22,21.75,0.47,2.16,254875.52,567581.771
3383,600188.SH,20070904,23.01,23.3,21.46,21.75,22.66,-0.91,-4.02,361625.88,807011.748
3384,600188.SH,20070903,21.02,22.66,21.02,22.66,20.6,2.06,10.0,539331.56,1200558.806
3385,600188.SH,20070831,19.81,20.87,19.81,20.6,19.79,0.81,4.09,374196.35,764751.229
3386,600188.SH,20070830,19.3,20.0,19.18,19.79,19.45,0.34,1.75,156606.17,307727.07
3387,600188.SH,20070829,19.5,20.2,19.3,19.45,19.88,-0.43,-2.16,157883.48,311318.447
3388,600188.SH,20070828,19.39,20.25,19.1,19.88,19.37,0.51,2.63,229230.71,455541.339
3389,600188.SH,20070827,20.0,20.17,19.14,19.37,19.89,-0.52,-2.61,267078.2,524302.588
3390,600188.SH,20070824,20.16,20.8,19.8,19.89,19.95,-0.06,-0.3,307610.41,623162.273
3391,600188.SH,20070823,19.2,20.0,18.8,19.95,19.07,0.88,4.61,282867.19,551816.53
3392,600188.SH,20070822,18.88,19.39,18.6,19.07,19.15,-0.08,-0.42,182346.18,347229.091
3393,600188.SH,20070821,19.5,19.62,18.88,19.15,19.44,-0.29,-1.49,198167.22,378286.937
3394,600188.SH,20070820,19.06,19.49,18.7,19.44,18.77,0.67,3.57,265547.2,507427.991
3395,600188.SH,20070817,19.02,19.48,18.75,18.77,19.18,-0.41,-2.14,88588.25,168156.442
3396,600188.SH,20070816,19.2,19.49,18.65,19.18,19.45,-0.27,-1.39,98620.68,186906.732
3397,600188.SH,20070815,20.05,20.18,19.0,19.45,19.88,-0.43,-2.16,91810.95,179013.376
3398,600188.SH,20070814,18.59,19.92,18.59,19.88,18.47,1.41,7.63,138264.14,267636.033
3399,600188.SH,20070813,18.9,18.95,18.26,18.47,19.01,-0.54,-2.84,127068.29,235157.464
3400,600188.SH,20070810,19.77,19.77,18.6,19.01,19.77,-0.76,-3.84,146727.7,279972.638
3401,600188.SH,20070809,19.72,20.0,19.51,19.77,19.77,0.0,0.0,113489.15,223994.877
3402,600188.SH,20070808,20.18,20.19,19.5,19.77,20.57,-0.8,-3.89,146909.91,290723.052
3403,600188.SH,20070807,20.25,21.38,19.51,20.57,20.24,0.33,1.63,292077.46,600816.745
3404,600188.SH,20070806,20.43,20.58,19.88,20.24,20.25,-0.01,-0.05,214309.48,431404.753
3405,600188.SH,20070803,19.9,20.8,19.85,20.25,19.69,0.56,2.84,255675.37,520005.941
3406,600188.SH,20070802,18.82,19.84,18.82,19.69,18.94,0.75,3.96,201513.28,391433.326
3407,600188.SH,20070801,20.02,20.25,18.33,18.94,19.95,-1.01,-5.06,255961.26,495416.502
3408,600188.SH,20070731,20.03,20.98,19.8,19.95,20.01,-0.06,-0.3,325866.91,659889.823
3409,600188.SH,20070730,18.88,20.42,18.76,20.01,19.11,0.9,4.71,299435.56,589267.596
3410,600188.SH,20070727,18.2,19.92,18.0,19.11,18.55,0.56,3.02,268143.17,513039.896
3411,600188.SH,20070726,18.98,19.1,18.33,18.55,18.49,0.06,0.32,379452.93,706775.395
3412,600188.SH,20070725,16.96,18.49,16.95,18.49,16.81,1.68,9.99,402031.91,728571.321
3413,600188.SH,20070724,17.2,17.35,16.8,16.81,17.09,-0.28,-1.64,235197.67,399413.024
3414,600188.SH,20070723,15.97,17.1,15.97,17.09,15.98,1.11,6.95,255753.97,428335.994
3415,600188.SH,20070720,15.31,16.06,15.31,15.98,15.38,0.6,3.9,125655.29,199553.659
3416,600188.SH,20070719,15.65,15.7,15.3,15.38,15.7,-0.32,-2.04,96424.76,149051.037
3417,600188.SH,20070718,16.1,16.15,15.57,15.7,16.2,-0.5,-3.09,132491.32,209177.622
3418,600188.SH,20070717,16.0,16.45,15.55,16.2,16.08,0.12,0.75,97568.21,156688.263
3419,600188.SH,20070716,16.0,16.59,15.88,16.08,15.99,0.09,0.56,117174.0,190501.757
3420,600188.SH,20070713,15.85,16.2,15.78,15.99,15.79,0.2,1.27,82623.8,132124.675
3421,600188.SH,20070712,16.37,16.5,15.64,15.79,16.37,-0.58,-3.54,147343.53,234533.604
3422,600188.SH,20070711,16.0,16.61,15.88,16.37,16.24,0.13,0.8,139780.11,228316.451
3423,600188.SH,20070710,16.9,17.2,16.2,16.24,16.83,-0.59,-3.51,275351.69,459501.704
3424,600188.SH,20070709,16.51,17.33,16.08,16.83,16.38,0.45,2.75,456302.24,768553.481
3425,600188.SH,20070706,15.2,16.74,15.0,16.38,15.22,1.16,7.62,452412.55,719945.771
3426,600188.SH,20070705,14.78,15.5,14.34,15.22,15.0,0.22,1.47,329458.48,500387.572
3427,600188.SH,20070704,14.99,15.46,14.69,15.0,14.8,0.2,1.35,198915.84,301710.711
3428,600188.SH,20070703,15.05,15.15,14.51,15.0,14.9,0.1,0.67,122453.84,182269.57
3429,600188.SH,20070702,14.1,15.1,14.1,14.9,14.2,0.7,4.93,202711.17,299308.865
3430,600188.SH,20070629,13.45,14.4,13.03,14.2,13.9,0.3,2.16,148643.45,206486.423
3431,600188.SH,20070628,14.79,15.15,13.72,13.9,14.83,-0.93,-6.27,176647.89,256870.217
3432,600188.SH,20070627,13.8,14.88,13.72,14.83,13.78,1.05,7.62,220602.41,316902.111
3433,600188.SH,20070626,12.79,13.8,12.4,13.78,12.98,0.8,6.16,159729.39,209195.987
3434,600188.SH,20070625,14.43,14.5,12.65,12.98,14.0,-1.02,-7.29,150277.04,203790.95
3435,600188.SH,20070622,15.11,15.25,13.71,14.0,15.11,-1.11,-7.35,221175.29,316443.424
3436,600188.SH,20070621,15.25,15.55,14.91,15.11,15.33,-0.22,-1.44,137126.82,207757.963
3437,600188.SH,20070620,15.5,16.23,15.0,15.33,15.46,-0.13,-0.84,233284.87,369490.803
3438,600188.SH,20070619,15.38,15.58,15.01,15.46,15.37,0.09,0.59,172714.85,264268.484
3439,600188.SH,20070618,15.52,15.68,15.27,15.37,15.27,0.1,0.65,171823.94,265267.263
3440,600188.SH,20070614,15.7,15.7,15.18,15.27,15.77,-0.5,-3.17,210341.65,323425.065
3441,600188.SH,20070613,15.99,16.2,15.71,15.77,15.71,0.06,0.38,288030.42,458335.284
3442,600188.SH,20070612,15.45,15.87,14.9,15.71,15.39,0.32,2.08,361943.73,561717.422
3443,600188.SH,20070611,14.62,15.58,14.62,15.39,14.58,0.81,5.56,319264.49,485500.206
3444,600188.SH,20070608,14.66,14.78,14.4,14.58,14.59,-0.01,-0.07,218287.76,317895.822
3445,600188.SH,20070607,14.35,14.98,14.35,14.59,14.25,0.34,2.39,252475.49,370685.381
3446,600188.SH,20070606,13.81,14.56,13.0,14.25,13.58,0.67,4.93,311908.51,440104.805
3447,600188.SH,20070605,12.33,13.7,11.5,13.58,12.67,0.91,7.18,369559.52,464272.504
3448,600188.SH,20070604,14.2,14.5,12.67,12.67,14.08,-1.41,-10.01,302214.03,397194.654
3449,600188.SH,20070601,15.3,15.7,13.87,14.08,15.41,-1.33,-8.63,282254.32,419529.819
3450,600188.SH,20070531,15.0,15.89,13.82,15.41,15.36,0.05,0.33,356812.81,526187.615
3451,600188.SH,20070530,15.8,16.8,15.36,15.36,17.07,-1.71,-10.02,398160.17,639380.768
3452,600188.SH,20070529,16.3,17.1,16.01,17.07,16.26,0.81,4.98,425193.97,709289.299
3453,600188.SH,20070528,16.5,16.6,16.2,16.26,16.24,0.02,0.12,251049.68,410526.844
3454,600188.SH,20070525,16.15,16.66,15.81,16.24,16.32,-0.08,-0.49,234650.33,382799.125
3455,600188.SH,20070524,16.12,16.69,15.3,16.32,16.12,0.2,1.24,350470.49,554091.123
3456,600188.SH,20070523,16.23,16.25,15.8,16.12,16.23,-0.11,-0.68,305900.57,489425.235
3457,600188.SH,20070522,16.1,17.29,16.1,16.23,16.03,0.2,1.25,422986.07,699685.549
3458,600188.SH,20070521,14.4,16.26,14.2,16.03,15.06,0.97,6.44,421013.44,657287.407
3459,600188.SH,20070518,14.81,15.5,14.5,15.06,14.81,0.25,1.69,357995.59,542013.278
3460,600188.SH,20070517,14.76,15.38,14.69,14.81,14.64,0.17,1.16,370726.75,556709.169
3461,600188.SH,20070516,13.6,14.75,13.28,14.64,13.67,0.97,7.1,341287.51,476467.368
3462,600188.SH,20070515,14.59,14.63,13.6,13.67,14.48,-0.81,-5.59,389198.65,546223.223
3463,600188.SH,20070514,14.13,15.48,14.0,14.48,14.73,-0.25,-1.7,556823.63,827306.02
3464,600188.SH,20070511,13.49,14.73,12.9,14.73,13.39,1.34,10.01,773504.73,1093543.18
3465,600188.SH,20070510,12.2,13.39,12.2,13.39,12.17,1.22,10.02,485239.07,623930.036
3466,600188.SH,20070509,12.35,12.56,11.75,12.17,12.32,-0.15,-1.22,277351.05,339369.422
3467,600188.SH,20070508,11.97,12.48,11.8,12.32,11.67,0.65,5.57,318351.35,387244.384
3468,600188.SH,20070430,11.8,11.9,11.61,11.67,11.9,-0.23,-1.93,212816.94,249398.743
3469,600188.SH,20070427,12.18,12.28,11.8,11.9,12.18,-0.28,-2.3,212264.56,254593.99
3470,600188.SH,20070426,12.0,12.31,12.0,12.18,11.81,0.37,3.13,367938.82,448448.166
3471,600188.SH,20070425,11.34,11.86,10.82,11.81,11.36,0.45,3.96,378472.42,427057.066
3472,600188.SH,20070424,11.68,11.7,11.3,11.36,11.54,-0.18,-1.56,349903.19,399919.768
3473,600188.SH,20070423,12.32,12.32,11.25,11.54,11.2,0.34,3.04,364035.51,421320.694
3474,600188.SH,20070420,10.5,11.25,10.5,11.2,10.48,0.72,6.87,285782.53,314977.587
3475,600188.SH,20070419,11.25,11.3,10.11,10.48,11.23,-0.75,-6.68,302227.34,322779.078
3476,600188.SH,20070418,10.88,11.63,10.8,11.23,10.8,0.43,3.98,301458.95,339524.667
3477,600188.SH,20070417,10.5,10.87,10.4,10.8,10.39,0.41,3.95,309290.1,329498.895
3478,600188.SH,20070416,10.2,10.49,10.17,10.39,10.18,0.21,2.06,213549.92,221082.159
3479,600188.SH,20070413,10.32,10.49,10.1,10.18,10.31,-0.13,-1.26,227823.84,234527.792
3480,600188.SH,20070412,10.1,10.39,10.1,10.31,10.1,0.21,2.08,214496.24,220523.047
3481,600188.SH,20070411,10.21,10.28,9.94,10.1,10.19,-0.09,-0.88,183653.93,185866.1
3482,600188.SH,20070410,10.05,10.27,9.85,10.19,10.02,0.17,1.7,227605.91,230030.874
3483,600188.SH,20070409,10.05,10.28,9.92,10.02,10.0,0.02,0.2,240028.88,242090.305
3484,600188.SH,20070406,9.63,10.05,9.5,10.0,9.68,0.32,3.31,277985.93,274519.993
3485,600188.SH,20070405,9.58,9.74,9.46,9.68,9.55,0.13,1.36,158225.1,151957.313
3486,600188.SH,20070404,9.7,9.76,9.46,9.55,9.63,-0.08,-0.83,163879.54,157596.639
3487,600188.SH,20070403,9.47,9.67,9.43,9.63,9.4,0.23,2.45,219880.84,210416.243
3488,600188.SH,20070402,9.36,9.42,9.23,9.4,9.23,0.17,1.84,121281.11,113336.542
3489,600188.SH,20070330,9.16,9.31,9.12,9.23,9.22,0.01,0.11,100939.51,93010.097
3490,600188.SH,20070329,9.42,9.55,9.2,9.22,9.43,-0.21,-2.23,184860.41,173168.663
3491,600188.SH,20070328,9.5,9.7,9.09,9.43,9.47,-0.04,-0.42,247934.4,233857.35
3492,600188.SH,20070327,9.5,9.53,9.35,9.47,9.46,0.01,0.11,178193.26,168184.926
3493,600188.SH,20070326,9.2,9.48,9.17,9.46,9.18,0.28,3.05,217229.75,203012.711
3494,600188.SH,20070323,9.2,9.26,8.98,9.18,9.22,-0.04,-0.43,168439.71,153692.975
3495,600188.SH,20070322,9.32,9.38,9.18,9.22,9.29,-0.07,-0.75,199491.76,185551.839
3496,600188.SH,20070321,9.4,9.45,9.16,9.29,9.2,0.09,0.98,279108.9,259761.1
3497,600188.SH,20070320,9.02,9.23,8.95,9.2,8.99,0.21,2.34,204049.86,185993.444
3498,600188.SH,20070319,8.5,9.04,8.36,8.99,8.72,0.27,3.1,193125.47,167825.992
3499,600188.SH,20070316,9.0,9.06,8.66,8.72,8.96,-0.24,-2.68,141366.74,124886.764
3500,600188.SH,20070315,8.9,9.08,8.85,8.96,8.93,0.03,0.34,135786.73,121731.367
3501,600188.SH,20070314,9.2,9.2,8.55,8.93,9.29,-0.36,-3.88,142566.23,127877.436
3502,600188.SH,20070313,9.18,9.33,9.05,9.29,9.15,0.14,1.53,164719.02,151649.163
3503,600188.SH,20070312,9.01,9.18,8.92,9.15,9.0,0.15,1.67,132773.79,120439.283
3504,600188.SH,20070309,9.18,9.22,8.9,9.0,9.18,-0.18,-1.96,115377.95,104306.512
3505,600188.SH,20070308,9.04,9.23,8.94,9.18,8.99,0.19,2.11,126549.45,114667.233
3506,600188.SH,20070307,8.91,9.1,8.91,8.99,8.8,0.19,2.16,143931.1,129597.534
3507,600188.SH,20070306,8.6,8.83,8.49,8.8,8.76,0.04,0.46,112075.48,97372.902
3508,600188.SH,20070305,9.0,9.09,8.54,8.76,9.01,-0.25,-2.77,155314.5,136648.749
3509,600188.SH,20070302,9.07,9.2,8.91,9.01,9.07,-0.06,-0.66,122002.16,110245.065
3510,600188.SH,20070301,9.35,9.47,8.88,9.07,9.3,-0.23,-2.47,243701.98,222176.452
3511,600188.SH,20070228,8.53,9.3,8.52,9.3,8.45,0.85,10.06,279780.77,249234.562
3512,600188.SH,20070227,9.69,9.95,8.44,8.45,9.38,-0.93,-9.91,413937.76,383769.052
3513,600188.SH,20070226,8.68,9.38,8.68,9.38,8.53,0.85,9.96,263146.11,241192.78
3514,600188.SH,20070216,8.61,8.68,8.46,8.53,8.51,0.02,0.24,165971.59,142470.773
3515,600188.SH,20070215,8.45,8.55,8.31,8.51,8.39,0.12,1.43,178709.5,150934.52
3516,600188.SH,20070214,8.34,8.45,8.28,8.39,8.29,0.1,1.21,161719.58,135435.506
3517,600188.SH,20070213,8.18,8.38,8.18,8.29,8.18,0.11,1.34,144584.85,119872.241
3518,600188.SH,20070212,8.07,8.23,8.05,8.18,8.07,0.11,1.36,89871.2,73314.902
3519,600188.SH,20070209,8.25,8.28,8.0,8.07,8.23,-0.16,-1.94,81434.55,65938.614
3520,600188.SH,20070208,8.09,8.28,7.96,8.23,8.07,0.16,1.98,124017.64,100916.327
3521,600188.SH,20070207,8.05,8.1,7.91,8.07,7.99,0.08,1.0,111801.94,89573.139
3522,600188.SH,20070206,7.95,8.06,7.79,7.99,7.92,0.07,0.88,114335.58,90275.251
3523,600188.SH,20070205,7.88,8.07,7.83,7.92,7.91,0.01,0.13,92641.47,73847.85
3524,600188.SH,20070202,8.06,8.12,7.75,7.91,8.09,-0.18,-2.23,104086.81,82362.482
3525,600188.SH,20070201,7.9,8.25,7.71,8.09,7.89,0.2,2.53,167203.68,133720.912
3526,600188.SH,20070131,8.58,8.6,7.7,7.89,8.56,-0.67,-7.83,204958.28,168240.396
3527,600188.SH,20070130,8.23,8.57,8.23,8.56,8.2,0.36,4.39,289444.59,244389.917
3528,600188.SH,20070129,8.3,8.4,8.15,8.2,8.17,0.03,0.37,176455.02,146068.118
3529,600188.SH,20070126,7.78,8.2,7.48,8.17,7.85,0.32,4.08,184621.06,143983.907
3530,600188.SH,20070125,8.27,8.29,7.82,7.85,8.33,-0.48,-5.76,141659.14,114361.431
3531,600188.SH,20070124,8.38,8.41,8.22,8.33,8.39,-0.06,-0.72,126755.28,105332.967
3532,600188.SH,20070123,8.52,8.53,8.17,8.39,8.4,-0.01,-0.12,218104.9,182300.841
3533,600188.SH,20070122,8.2,8.61,8.2,8.4,8.04,0.36,4.48,328836.04,277079.002
3534,600188.SH,20070119,7.85,8.06,7.82,8.04,7.6,0.44,5.79,395385.62,314923.597
3535,600188.SH,20070118,7.27,7.6,7.26,7.6,7.26,0.34,4.68,215962.22,161291.207
3536,600188.SH,20070117,7.36,7.55,7.16,7.26,7.35,-0.09,-1.22,146545.28,108041.313
3537,600188.SH,20070116,7.38,7.45,7.24,7.35,7.35,0.0,0.0,123769.46,90565.478
3538,600188.SH,20070115,7.1,7.36,7.07,7.35,7.12,0.23,3.23,129307.19,93383.376
3539,600188.SH,20070112,7.5,7.58,7.11,7.12,7.58,-0.46,-6.07,156251.92,114625.73
3540,600188.SH,20070111,7.73,7.79,7.54,7.58,7.73,-0.15,-1.94,174024.65,133780.751
3541,600188.SH,20070110,7.64,7.77,7.44,7.73,7.64,0.09,1.18,210743.06,160393.456
3542,600188.SH,20070109,7.66,7.7,7.5,7.64,7.62,0.02,0.26,155889.12,118507.634
3543,600188.SH,20070108,7.57,7.74,7.42,7.62,7.55,0.07,0.93,202160.15,153482.622
3544,600188.SH,20070105,7.19,7.6,7.08,7.55,7.18,0.37,5.15,258361.14,191934.734
3545,600188.SH,20070104,7.2,7.44,7.11,7.18,7.07,0.11,1.56,220774.02,160922.826
3546,600188.SH,20061229,7.11,7.19,7.0,7.07,7.04,0.03,0.43,111217.88,78924.41
3547,600188.SH,20061228,7.0,7.2,6.92,7.04,6.86,0.18,2.62,143902.32,102226.83
3548,600188.SH,20061227,6.9,7.0,6.84,6.86,6.9,-0.04,-0.58,74270.0,51238.228
3549,600188.SH,20061226,7.06,7.12,6.81,6.9,7.02,-0.12,-1.71,75710.22,52642.622
3550,600188.SH,20061225,7.07,7.2,7.0,7.02,7.06,-0.04,-0.57,90720.43,64026.578
3551,600188.SH,20061222,7.1,7.25,7.05,7.06,7.14,-0.08,-1.12,107594.05,76643.251
3552,600188.SH,20061221,7.11,7.48,7.06,7.14,7.07,0.07,0.99,234558.6,171632.744
3553,600188.SH,20061220,7.06,7.13,6.88,7.07,7.06,0.01,0.14,86719.47,60830.023
3554,600188.SH,20061219,7.2,7.25,6.93,7.06,7.14,-0.08,-1.12,127980.91,90178.693
3555,600188.SH,20061218,7.1,7.34,7.05,7.14,6.98,0.16,2.29,212722.01,152928.796
3556,600188.SH,20061215,6.9,7.08,6.9,6.98,6.88,0.1,1.45,160652.37,112649.209
3557,600188.SH,20061214,6.8,6.98,6.8,6.88,6.77,0.11,1.62,141225.82,97081.815
3558,600188.SH,20061213,6.58,6.9,6.54,6.77,6.58,0.19,2.89,113535.54,76544.545
3559,600188.SH,20061212,6.67,6.7,6.51,6.58,6.64,-0.06,-0.9,64221.0,42262.248
3560,600188.SH,20061211,6.46,6.65,6.45,6.64,6.48,0.16,2.47,72272.41,47516.582
3561,600188.SH,20061208,6.8,6.89,6.45,6.48,6.9,-0.42,-6.09,135260.71,90175.398
3562,600188.SH,20061207,6.6,7.18,6.55,6.9,6.64,0.26,3.92,347682.62,238729.797
3563,600188.SH,20061206,6.68,6.77,6.35,6.64,6.7,-0.06,-0.9,207231.85,136730.791
3564,600188.SH,20061205,6.63,6.72,6.55,6.7,6.59,0.11,1.67,195763.37,130220.678
3565,600188.SH,20061204,6.51,6.65,6.51,6.59,6.49,0.1,1.54,200150.76,131844.304
3566,600188.SH,20061201,6.36,6.59,6.28,6.49,6.34,0.15,2.37,244413.41,157995.12
3567,600188.SH,20061130,6.23,6.34,6.23,6.34,6.23,0.11,1.77,108585.6,68560.797
3568,600188.SH,20061129,6.22,6.27,6.1,6.23,6.26,-0.03,-0.48,50418.21,31257.085
3569,600188.SH,20061128,6.3,6.38,6.23,6.26,6.3,-0.04,-0.63,63788.6,40179.561
3570,600188.SH,20061127,6.2,6.32,6.18,6.3,6.21,0.09,1.45,59943.33,37632.555
3571,600188.SH,20061124,6.25,6.27,6.14,6.21,6.24,-0.03,-0.48,58134.52,35990.132
3572,600188.SH,20061123,6.26,6.34,6.19,6.24,6.27,-0.03,-0.48,71539.86,44791.732
3573,600188.SH,20061122,6.32,6.35,6.22,6.27,6.29,-0.02,-0.32,83300.65,52359.029
3574,600188.SH,20061121,6.11,6.31,6.05,6.29,6.09,0.2,3.28,95948.14,59446.35
3575,600188.SH,20061120,6.05,6.09,5.98,6.09,6.05,0.04,0.66,58408.53,35130.083
3576,600188.SH,20061117,6.0,6.08,5.95,6.05,6.04,0.01,0.17,48570.62,29207.04
3577,600188.SH,20061116,6.13,6.18,6.02,6.04,6.11,-0.07,-1.15,63493.18,38486.909
3578,600188.SH,20061115,6.03,6.12,5.95,6.11,6.06,0.05,0.83,63695.12,38380.307
3579,600188.SH,20061114,6.0,6.08,5.9,6.06,6.0,0.06,1.0,45109.61,27102.34
3580,600188.SH,20061113,6.19,6.25,5.98,6.0,6.38,-0.38,-5.96,109060.62,66074.744
3581,600188.SH,20061109,6.35,6.4,6.28,6.38,6.35,0.03,0.47,59716.78,37839.884
3582,600188.SH,20061108,6.52,6.52,6.34,6.35,6.53,-0.18,-2.76,75750.7,48615.284
3583,600188.SH,20061107,6.27,6.65,6.26,6.53,6.28,0.25,3.98,241680.16,157847.492
3584,600188.SH,20061106,6.29,6.3,6.22,6.28,6.32,-0.04,-0.63,43123.25,26987.667
3585,600188.SH,20061103,6.35,6.35,6.24,6.32,6.29,0.03,0.48,57310.59,36047.987
3586,600188.SH,20061102,6.3,6.42,6.2,6.29,6.3,-0.01,-0.16,70887.22,44889.855
3587,600188.SH,20061101,6.21,6.3,6.17,6.3,6.21,0.09,1.45,58704.72,36689.006
3588,600188.SH,20061031,6.13,6.23,6.09,6.21,6.12,0.09,1.47,40432.11,24946.119
3589,600188.SH,20061030,6.04,6.13,5.99,6.12,6.06,0.06,0.99,39859.6,24099.517
3590,600188.SH,20061027,6.2,6.21,6.0,6.06,6.2,-0.14,-2.26,64492.62,39238.24
3591,600188.SH,20061026,6.2,6.22,6.15,6.2,6.23,-0.03,-0.48,41876.07,25846.982
3592,600188.SH,20061025,6.31,6.33,6.19,6.23,6.3,-0.07,-1.11,38491.85,24058.097
3593,600188.SH,20061024,6.16,6.31,6.16,6.3,6.16,0.14,2.27,36364.4,22698.233
3594,600188.SH,20061023,6.27,6.39,6.13,6.16,6.26,-0.1,-1.6,56197.32,35227.258
3595,600188.SH,20061020,6.38,6.41,6.24,6.26,6.37,-0.11,-1.73,49711.5,31331.799
3596,600188.SH,20061019,6.42,6.45,6.35,6.37,6.42,-0.05,-0.78,41165.84,26224.808
3597,600188.SH,20061018,6.4,6.45,6.35,6.42,6.4,0.02,0.31,43181.67,27604.451
3598,600188.SH,20061017,6.5,6.52,6.39,6.4,6.54,-0.14,-2.14,83229.18,53562.131
3599,600188.SH,20061016,6.48,6.63,6.48,6.54,6.43,0.11,1.71,295465.55,193662.953
3600,600188.SH,20061013,6.34,6.44,6.3,6.43,6.35,0.08,1.26,149441.76,95524.471
3601,600188.SH,20061012,6.24,6.42,6.17,6.35,6.21,0.14,2.25,128667.09,80723.267
3602,600188.SH,20061011,6.15,6.22,6.1,6.21,6.14,0.07,1.14,68896.14,42370.131
3603,600188.SH,20061010,6.16,6.18,6.11,6.14,6.15,-0.01,-0.16,45328.55,27832.623
3604,600188.SH,20061009,6.15,6.2,6.09,6.15,6.1,0.05,0.82,56841.02,34795.288
3605,600188.SH,20060929,6.08,6.14,6.06,6.1,6.09,0.01,0.16,39803.88,24255.323
3606,600188.SH,20060928,6.06,6.12,6.03,6.09,6.05,0.04,0.66,27699.12,16835.589
3607,600188.SH,20060927,6.0,6.07,5.98,6.05,6.0,0.05,0.83,23823.71,14363.281
3608,600188.SH,20060926,6.13,6.17,5.98,6.0,6.13,-0.13,-2.12,48327.21,29204.214
3609,600188.SH,20060925,6.12,6.24,6.07,6.13,6.12,0.01,0.16,38645.59,23814.301
3610,600188.SH,20060922,6.26,6.29,6.11,6.12,6.26,-0.14,-2.24,47651.75,29339.826
3611,600188.SH,20060921,6.25,6.32,6.22,6.26,6.25,0.01,0.16,43269.9,27101.512
3612,600188.SH,20060920,6.31,6.31,6.2,6.25,6.32,-0.07,-1.11,37529.18,23430.481
3613,600188.SH,20060919,6.43,6.48,6.28,6.32,6.36,-0.04,-0.63,116376.56,74327.482
3614,600188.SH,20060918,6.29,6.37,6.25,6.36,6.27,0.09,1.44,82539.27,52093.579
3615,600188.SH,20060915,6.16,6.3,6.08,6.27,6.17,0.1,1.62,82543.98,51476.896
3616,600188.SH,20060914,6.17,6.2,6.08,6.17,6.13,0.04,0.65,35820.85,21967.624
3617,600188.SH,20060913,6.2,6.24,6.11,6.13,6.19,-0.06,-0.97,40492.96,24964.619
3618,600188.SH,20060912,6.2,6.2,6.14,6.19,6.21,-0.02,-0.32,32358.44,19979.767
3619,600188.SH,20060911,6.27,6.28,6.12,6.21,6.3,-0.09,-1.43,34335.37,21214.601
3620,600188.SH,20060908,6.28,6.35,6.25,6.3,6.28,0.02,0.32,99752.23,62848.985
3621,600188.SH,20060907,6.32,6.32,6.14,6.28,6.31,-0.03,-0.48,53965.84,33493.832
3622,600188.SH,20060906,6.08,6.34,6.06,6.31,6.08,0.23,3.78,80453.41,49987.752
3623,600188.SH,20060905,6.1,6.15,6.04,6.08,6.1,-0.02,-0.33,29423.42,17902.04
3624,600188.SH,20060904,6.01,6.11,6.0,6.1,6.05,0.05,0.83,30914.93,18751.924
3625,600188.SH,20060901,6.21,6.21,6.02,6.05,6.22,-0.17,-2.73,48798.22,29713.934
3626,600188.SH,20060831,6.22,6.27,6.17,6.22,6.21,0.01,0.16,32747.16,20320.921
3627,600188.SH,20060830,6.24,6.28,6.17,6.21,6.24,-0.03,-0.48,36146.53,22465.395
3628,600188.SH,20060829,6.32,6.39,6.24,6.24,6.22,0.02,0.32,130209.88,82383.393
3629,600188.SH,20060828,5.99,6.23,5.98,6.22,5.98,0.24,4.01,92726.14,57058.29
3630,600188.SH,20060825,5.94,6.03,5.94,5.98,5.9,0.08,1.36,43322.77,25963.71
3631,600188.SH,20060824,5.92,5.95,5.85,5.9,5.93,-0.03,-0.51,26951.99,15869.279
3632,600188.SH,20060823,6.01,6.03,5.91,5.93,6.01,-0.08,-1.33,32378.4,19298.298
3633,600188.SH,20060822,6.0,6.05,5.93,6.01,5.94,0.07,1.18,33973.05,20416.225
3634,600188.SH,20060821,5.79,5.96,5.7,5.94,5.95,-0.01,-0.17,24509.87,14328.36
3635,600188.SH,20060818,5.93,6.03,5.9,5.95,5.94,0.01,0.17,21387.09,12793.911
3636,600188.SH,20060817,6.07,6.07,5.91,5.94,6.07,-0.13,-2.14,33236.96,19787.755
3637,600188.SH,20060816,5.94,6.16,5.93,6.07,5.93,0.14,2.36,37520.82,22708.348
3638,600188.SH,20060815,5.79,5.96,5.78,5.93,5.84,0.09,1.54,26710.05,15749.792
3639,600188.SH,20060814,6.04,6.06,5.81,5.84,6.03,-0.19,-3.15,33299.45,19656.155
3640,600188.SH,20060811,6.08,6.08,5.96,6.03,6.05,-0.02,-0.33,32196.8,19330.329
3641,600188.SH,20060810,5.89,6.08,5.88,6.05,5.86,0.19,3.24,46507.36,27963.479
3642,600188.SH,20060809,5.91,5.93,5.83,5.86,5.9,-0.04,-0.68,26818.11,15737.622
3643,600188.SH,20060808,5.78,5.91,5.75,5.9,5.73,0.17,2.97,39176.21,22851.228
3644,600188.SH,20060807,5.94,5.94,5.72,5.73,5.95,-0.22,-3.7,43151.5,25017.122
3645,600188.SH,20060804,6.28,6.33,5.91,5.95,6.27,-0.32,-5.1,51976.61,31843.993
3646,600188.SH,20060803,6.32,6.37,6.22,6.27,6.31,-0.04,-0.63,31859.53,20072.483
3647,600188.SH,20060802,6.28,6.37,6.17,6.31,6.26,0.05,0.8,39519.81,24725.09
3648,600188.SH,20060801,6.31,6.42,6.23,6.26,6.31,-0.05,-0.79,37572.72,23700.993
3649,600188.SH,20060731,6.7,6.7,6.28,6.31,6.7,-0.39,-5.82,62509.23,40265.006
3650,600188.SH,20060728,6.78,6.82,6.62,6.7,6.79,-0.09,-1.33,59743.17,39994.395
3651,600188.SH,20060727,6.89,6.96,6.74,6.79,6.89,-0.1,-1.45,52996.43,36126.291
3652,600188.SH,20060726,6.98,7.08,6.88,6.89,6.95,-0.06,-0.86,59124.02,41141.199
3653,600188.SH,20060725,6.84,6.98,6.84,6.95,6.89,0.06,0.87,45503.85,31557.801
3654,600188.SH,20060724,6.9,6.92,6.79,6.89,7.03,-0.14,-1.99,61155.96,41914.043
3655,600188.SH,20060721,7.17,7.2,7.01,7.03,7.15,-0.12,-1.68,64249.99,45437.287
3656,600188.SH,20060720,7.14,7.25,7.1,7.15,7.16,-0.01,-0.14,58194.81,41771.432
3657,600188.SH,20060719,7.35,7.35,7.06,7.16,7.36,-0.2,-2.72,94777.47,67842.424
3658,600188.SH,20060718,7.18,7.48,7.15,7.36,7.12,0.24,3.37,208442.81,153174.383
3659,600188.SH,20060717,6.78,7.15,6.78,7.12,6.71,0.41,6.11,98668.62,68557.408
3660,600188.SH,20060714,6.7,6.8,6.6,6.71,6.71,0.0,0.0,89081.53,59659.847
3661,600188.SH,20060713,7.39,7.48,6.9,6.93,7.4,-0.47,-6.35,154855.75,110786.994
3662,600188.SH,20060712,7.48,7.56,7.36,7.4,7.5,-0.1,-1.33,119587.79,88981.523
3663,600188.SH,20060711,7.62,7.63,7.46,7.5,7.6,-0.1,-1.32,84986.88,63795.681
3664,600188.SH,20060710,7.47,7.6,7.39,7.6,7.49,0.11,1.47,111429.68,83682.306
3665,600188.SH,20060707,7.55,7.58,7.4,7.49,7.53,-0.04,-0.53,88754.34,66222.382
3666,600188.SH,20060706,7.33,7.58,7.3,7.53,7.33,0.2,2.73,96770.5,72189.071
3667,600188.SH,20060705,7.56,7.56,7.27,7.33,7.56,-0.23,-3.04,98012.83,72178.94
3668,600188.SH,20060704,7.6,7.77,7.45,7.56,7.5,0.06,0.8,268254.35,204481.656
3669,600188.SH,20060703,7.33,7.52,7.27,7.5,7.3,0.2,2.74,151572.25,112399.997
3670,600188.SH,20060630,7.35,7.43,7.18,7.3,7.24,0.06,0.83,132632.67,96867.301
3671,600188.SH,20060629,7.23,7.28,7.14,7.24,7.11,0.13,1.83,91478.13,66131.272
3672,600188.SH,20060627,7.17,7.21,7.05,7.11,7.17,-0.06,-0.84,67803.73,48172.345
3673,600188.SH,20060626,7.13,7.24,7.01,7.17,7.13,0.04,0.56,87168.19,62143.105
3674,600188.SH,20060623,7.5,7.55,7.1,7.13,7.49,-0.36,-4.81,147237.23,106187.311
3675,600188.SH,20060622,7.28,7.5,7.2,7.49,7.26,0.23,3.17,117194.87,86111.105
3676,600188.SH,20060621,7.03,7.33,7.0,7.26,7.03,0.23,3.27,127598.21,92508.978
3677,600188.SH,20060620,7.1,7.12,6.92,7.03,7.1,-0.07,-0.99,71459.88,50042.924
3678,600188.SH,20060619,6.95,7.15,6.8,7.1,6.97,0.13,1.87,79102.07,55612.98
3679,600188.SH,20060616,6.79,6.98,6.79,6.97,6.77,0.2,2.95,62226.02,43007.128
3680,600188.SH,20060615,6.81,6.92,6.75,6.77,6.81,-0.04,-0.59,61575.04,42016.614
3681,600188.SH,20060614,7.18,7.18,6.75,6.81,7.21,-0.4,-5.55,116413.45,80041.663
3682,600188.SH,20060613,7.25,7.38,7.08,7.21,7.31,-0.1,-1.37,131479.26,94668.377
3683,600188.SH,20060612,7.47,7.6,7.29,7.31,7.47,-0.16,-2.14,101531.94,75560.571
3684,600188.SH,20060609,7.79,7.82,7.4,7.47,7.79,-0.32,-4.11,160337.85,121242.895
3685,600188.SH,20060608,7.34,7.91,7.28,7.79,7.35,0.44,5.99,273215.06,207424.041
3686,600188.SH,20060607,7.97,8.04,7.22,7.35,7.87,-0.52,-6.61,357996.44,275982.616
3687,600188.SH,20060606,7.5,7.9,7.41,7.87,7.5,0.37,4.93,270825.16,208971.411
3688,600188.SH,20060605,7.36,7.5,7.19,7.5,7.36,0.14,1.9,127762.31,94194.788
3689,600188.SH,20060602,7.68,7.73,7.31,7.36,7.64,-0.28,-3.66,185736.42,138268.15
3690,600188.SH,20060601,7.48,7.73,7.45,7.64,7.53,0.11,1.46,145994.55,110936.798
3691,600188.SH,20060531,7.8,7.92,7.5,7.53,7.84,-0.31,-3.95,181365.7,139850.219
3692,600188.SH,20060530,7.64,7.99,7.39,7.84,7.64,0.2,2.62,285249.91,219978.639
3693,600188.SH,20060529,7.49,7.65,7.34,7.64,7.48,0.16,2.14,169649.73,127215.263
3694,600188.SH,20060526,7.39,7.49,7.31,7.48,7.39,0.09,1.22,114558.05,84704.988
3695,600188.SH,20060525,7.1,7.48,7.05,7.39,7.15,0.24,3.36,146523.59,106928.538
3696,600188.SH,20060524,7.36,7.58,7.0,7.15,7.29,-0.14,-1.92,187570.41,136028.182
3697,600188.SH,20060523,7.8,7.8,7.25,7.29,7.84,-0.55,-7.02,233786.55,174250.502
3698,600188.SH,20060522,7.98,8.05,7.8,7.84,7.98,-0.14,-1.75,234795.38,185756.339
3699,600188.SH,20060519,7.75,8.13,7.72,7.98,7.76,0.22,2.84,233107.23,185691.744
3700,600188.SH,20060518,7.9,7.99,7.45,7.76,8.19,-0.43,-5.25,268105.37,206012.86
3701,600188.SH,20060517,8.6,8.9,7.73,8.19,8.59,-0.4,-4.66,488686.91,401389.848
3702,600188.SH,20060516,8.38,8.78,8.1,8.59,7.98,0.61,7.64,826724.23,712880.323
3703,600188.SH,20060515,7.9,7.98,7.7,7.98,7.25,0.73,10.07,680798.89,541113.981
3704,600188.SH,20060512,6.92,7.27,6.87,7.25,6.96,0.29,4.17,347708.47,248017.003
3705,600188.SH,20060511,6.97,7.34,6.83,6.96,6.98,-0.02,-0.29,428963.51,303756.027
3706,600188.SH,20060510,6.85,7.07,6.71,6.98,6.82,0.16,2.35,344997.21,239866.861
3707,600188.SH,20060509,6.8,6.88,6.7,6.82,6.78,0.04,0.59,275659.56,187059.022
3708,600188.SH,20060508,6.59,6.83,6.58,6.78,6.58,0.2,3.04,251774.37,170165.682
3709,600188.SH,20060428,6.56,6.63,6.34,6.58,6.62,-0.04,-0.6,183989.85,119846.731
3710,600188.SH,20060427,6.7,6.87,6.52,6.62,6.73,-0.11,-1.63,171600.11,114584.971
3711,600188.SH,20060426,6.87,7.05,6.65,6.73,6.87,-0.14,-2.04,385562.79,265122.789
3712,600188.SH,20060425,6.5,7.12,6.33,6.87,6.56,0.31,4.73,589198.48,400454.24
3713,600188.SH,20060424,6.45,6.84,6.0,6.56,6.67,-0.11,-1.65,299585.44,195918.022
3714,600188.SH,20060421,6.49,6.82,6.41,6.67,6.49,0.18,2.77,420614.74,279187.392
3715,600188.SH,20060420,6.48,6.53,6.25,6.49,6.43,0.06,0.93,290695.69,187091.507
3716,600188.SH,20060419,6.32,6.44,6.25,6.43,6.29,0.14,2.23,199424.42,126799.773
3717,600188.SH,20060418,6.28,6.36,6.23,6.29,6.28,0.01,0.16,83379.86,52410.772
3718,600188.SH,20060417,6.35,6.35,6.25,6.28,6.39,-0.11,-1.72,152063.47,95553.952
3719,600188.SH,20060414,6.25,6.39,6.21,6.39,6.29,0.1,1.59,132564.98,83475.045
3720,600188.SH,20060413,6.66,6.66,6.27,6.29,6.68,-0.39,-5.84,243363.66,157372.952
3721,600188.SH,20060412,6.59,6.8,6.57,6.68,6.54,0.14,2.14,429447.06,288099.396
3722,600188.SH,20060411,6.44,6.6,6.35,6.54,6.43,0.11,1.71,310938.38,201486.619
3723,600188.SH,20060410,6.25,6.46,6.2,6.43,6.25,0.18,2.88,245051.72,156063.093
3724,600188.SH,20060407,6.3,6.4,6.2,6.25,6.29,-0.04,-0.64,201127.0,126539.79
3725,600188.SH,20060406,6.25,6.37,6.19,6.29,6.25,0.04,0.64,160374.51,100439.833
3726,600188.SH,20060405,6.31,6.32,6.17,6.25,6.31,-0.06,-0.95,187677.68,116767.184
3727,600188.SH,20060404,6.3,6.46,6.19,6.31,6.3,0.01,0.16,228422.17,144171.341
3728,600188.SH,20060403,6.18,6.54,6.1,6.3,7.27,-0.97,-13.34,449120.52,283076.941
3729,600188.SH,20060224,7.35,7.41,7.25,7.27,7.38,-0.11,-1.49,106688.24,77963.566
3730,600188.SH,20060223,7.49,7.63,7.22,7.38,7.47,-0.09,-1.2,157203.18,116957.116
3731,600188.SH,20060222,7.28,7.58,7.23,7.47,7.26,0.21,2.89,159139.92,117877.755
3732,600188.SH,20060221,7.17,7.28,6.99,7.26,7.17,0.09,1.26,122314.28,87187.567
3733,600188.SH,20060220,7.43,7.45,7.12,7.17,7.43,-0.26,-3.5,163965.98,119951.879
3734,600188.SH,20060217,7.46,7.74,7.4,7.43,7.45,-0.02,-0.27,250750.72,189608.644
3735,600188.SH,20060216,7.7,7.79,7.3,7.45,7.45,0.0,0.0,388669.55,291859.126
3736,600188.SH,20060215,7.45,7.45,7.45,7.45,6.77,0.68,10.04,34936.06,26027.365
3737,600188.SH,20060120,6.54,6.78,6.54,6.77,6.51,0.26,3.99,128614.24,86156.239
3738,600188.SH,20060119,6.46,6.55,6.43,6.51,6.43,0.08,1.24,103710.58,67432.245
3739,600188.SH,20060118,6.17,6.44,6.15,6.43,6.18,0.25,4.05,85293.36,54131.542
3740,600188.SH,20060117,6.27,6.31,6.15,6.18,6.3,-0.12,-1.9,88130.43,54690.064
3741,600188.SH,20060116,6.5,6.53,6.29,6.3,6.48,-0.18,-2.78,82918.84,52971.118
3742,600188.SH,20060113,6.45,6.54,6.38,6.48,6.45,0.03,0.47,78215.85,50504.206
3743,600188.SH,20060112,6.35,6.45,6.31,6.45,6.37,0.08,1.26,74318.51,47398.173
3744,600188.SH,20060111,6.46,6.55,6.34,6.37,6.48,-0.11,-1.7,90380.16,58088.679
3745,600188.SH,20060110,6.56,6.57,6.37,6.48,6.54,-0.06,-0.92,91374.81,59052.655
3746,600188.SH,20060109,6.23,6.58,6.23,6.54,6.22,0.32,5.14,143653.79,92985.343
3747,600188.SH,20060106,6.14,6.31,6.14,6.22,6.14,0.08,1.3,106160.76,66337.978
3748,600188.SH,20060105,6.02,6.16,5.99,6.14,6.03,0.11,1.82,88559.75,54059.896
3749,600188.SH,20060104,5.98,6.09,5.91,6.03,5.92,0.11,1.86,84810.09,51051.281
3750,600188.SH,20051230,5.93,6.02,5.86,5.92,5.91,0.01,0.17,131997.06,78508.706
3751,600188.SH,20051229,5.77,5.92,5.75,5.91,5.77,0.14,2.43,79294.75,46550.153
3752,600188.SH,20051228,5.82,5.84,5.73,5.77,5.81,-0.04,-0.69,45553.62,26266.599
3753,600188.SH,20051227,5.88,5.91,5.8,5.81,5.88,-0.07,-1.19,48628.0,28323.15
3754,600188.SH,20051226,5.95,5.95,5.84,5.88,5.9,-0.02,-0.34,75221.94,44236.653
3755,600188.SH,20051223,5.76,5.93,5.76,5.9,5.78,0.12,2.08,75950.91,44579.403
3756,600188.SH,20051222,5.78,5.82,5.73,5.78,5.8,-0.02,-0.34,37286.16,21516.832
3757,600188.SH,20051221,5.83,5.91,5.79,5.8,5.84,-0.04,-0.68,59658.32,34923.646
3758,600188.SH,20051220,5.79,5.84,5.76,5.84,5.79,0.05,0.86,41180.03,23932.772
3759,600188.SH,20051219,5.72,5.86,5.71,5.79,5.71,0.08,1.4,52485.2,30466.406
3760,600188.SH,20051216,5.73,5.77,5.65,5.71,5.75,-0.04,-0.7,46868.8,26750.157
3761,600188.SH,20051215,5.84,5.9,5.73,5.75,5.84,-0.09,-1.54,53742.0,31350.067
3762,600188.SH,20051214,5.72,5.86,5.7,5.84,5.72,0.12,2.1,77162.34,44751.861
3763,600188.SH,20051213,5.8,5.81,5.61,5.72,5.79,-0.07,-1.21,55334.4,31576.26
3764,600188.SH,20051212,5.74,5.87,5.69,5.79,5.69,0.1,1.76,68048.05,39490.149
3765,600188.SH,20051209,5.6,5.72,5.58,5.69,5.63,0.06,1.07,68866.05,39121.377
3766,600188.SH,20051208,5.67,5.75,5.61,5.63,5.69,-0.06,-1.05,85876.08,48862.784
3767,600188.SH,20051207,5.69,5.71,5.51,5.69,5.67,0.02,0.35,84771.27,47573.855
3768,600188.SH,20051206,5.41,5.69,5.4,5.67,5.4,0.27,5.0,127498.05,71176.985
3769,600188.SH,20051205,5.27,5.48,5.26,5.4,5.26,0.14,2.66,110985.56,59659.422
3770,600188.SH,20051202,5.2,5.29,5.2,5.26,5.18,0.08,1.54,40725.39,21413.864
3771,600188.SH,20051201,5.17,5.23,5.16,5.18,5.16,0.02,0.39,13480.77,7001.631
3772,600188.SH,20051130,5.25,5.27,5.14,5.16,5.28,-0.12,-2.27,29582.01,15319.61
3773,600188.SH,20051129,5.26,5.35,5.25,5.28,5.29,-0.01,-0.19,27628.81,14629.097
3774,600188.SH,20051128,5.3,5.33,5.25,5.29,5.33,-0.04,-0.75,28658.03,15141.64
3775,600188.SH,20051125,5.32,5.35,5.26,5.33,5.32,0.01,0.19,28038.88,14866.628
3776,600188.SH,20051124,5.22,5.38,5.22,5.32,5.21,0.11,2.11,57900.5,30811.075
3777,600188.SH,20051123,5.11,5.24,5.11,5.21,5.15,0.06,1.17,21963.44,11431.552
3778,600188.SH,20051122,5.31,5.32,5.15,5.15,5.31,-0.16,-3.01,37721.0,19654.815
3779,600188.SH,20051121,5.38,5.39,5.26,5.31,5.31,0.0,0.0,54556.39,29056.122
3780,600188.SH,20051118,5.08,5.34,5.06,5.31,5.07,0.24,4.73,99058.47,51946.245
3781,600188.SH,20051117,5.09,5.1,5.0,5.07,5.06,0.01,0.2,28784.5,14544.746
3782,600188.SH,20051116,5.09,5.09,4.92,5.06,5.09,-0.03,-0.59,48198.85,24072.722
3783,600188.SH,20051115,5.1,5.18,5.07,5.09,5.13,-0.04,-0.78,22049.3,11295.595
3784,600188.SH,20051114,5.1,5.14,5.06,5.13,5.12,0.01,0.2,21461.1,10945.074
3785,600188.SH,20051111,5.08,5.22,5.01,5.12,5.12,0.0,0.0,39285.38,20051.282
3786,600188.SH,20051110,5.31,5.31,5.12,5.12,5.32,-0.2,-3.76,72608.73,37518.243
3787,600188.SH,20051109,5.26,5.38,5.21,5.32,5.26,0.06,1.14,87857.95,46893.976
3788,600188.SH,20051108,5.2,5.27,5.13,5.26,5.2,0.06,1.15,75826.0,39420.625
3789,600188.SH,20051107,5.35,5.35,5.09,5.2,5.36,-0.16,-2.99,108158.97,56051.517
3790,600188.SH,20051104,5.35,5.41,5.29,5.36,5.4,-0.04,-0.74,50220.34,26802.945
3791,600188.SH,20051103,5.51,5.52,5.32,5.4,5.5,-0.1,-1.82,90283.29,48690.681
3792,600188.SH,20051102,5.48,5.56,5.46,5.5,5.49,0.01,0.18,87260.13,48107.657
3793,600188.SH,20051101,5.55,5.62,5.4,5.49,5.56,-0.07,-1.26,68542.4,37651.36
3794,600188.SH,20051031,5.48,5.58,5.36,5.56,5.48,0.08,1.46,97292.52,53315.668
3795,600188.SH,20051028,6.03,6.05,5.43,5.48,6.03,-0.55,-9.12,180346.53,99978.776
3796,600188.SH,20051027,6.2,6.35,5.98,6.03,6.2,-0.17,-2.74,132208.3,80962.87
3797,600188.SH,20051026,6.35,6.42,6.15,6.2,6.39,-0.19,-2.97,88142.05,54957.536
3798,600188.SH,20051025,6.6,6.6,6.35,6.39,6.62,-0.23,-3.47,73662.03,47692.867
3799,600188.SH,20051024,6.69,6.7,6.58,6.62,6.7,-0.08,-1.19,34652.17,22958.409
3800,600188.SH,20051021,6.71,6.73,6.65,6.7,6.71,-0.01,-0.15,38914.84,26010.143
3801,600188.SH,20051020,6.59,6.73,6.54,6.71,6.6,0.11,1.67,58767.09,38876.734
3802,600188.SH,20051019,6.9,6.92,6.58,6.6,6.93,-0.33,-4.76,103320.77,69490.849
3803,600188.SH,20051018,7.02,7.04,6.87,6.93,7.01,-0.08,-1.14,64653.97,44861.039
3804,600188.SH,20051017,6.95,7.05,6.9,7.01,6.95,0.06,0.86,93180.32,65007.414
3805,600188.SH,20051014,6.9,7.0,6.78,6.95,6.89,0.06,0.87,131193.41,90423.669
3806,600188.SH,20051013,6.85,7.08,6.85,6.89,6.87,0.02,0.29,241677.46,168789.517
3807,600188.SH,20051012,6.58,6.92,6.56,6.87,6.55,0.32,4.89,181435.33,122753.604
3808,600188.SH,20051011,6.46,6.55,6.4,6.55,6.48,0.07,1.08,30098.15,19545.069
3809,600188.SH,20051010,6.46,6.57,6.41,6.48,6.39,0.09,1.41,37316.16,24181.993
3810,600188.SH,20050930,6.3,6.45,6.3,6.39,6.29,0.1,1.59,41222.36,26318.022
3811,600188.SH,20050929,6.21,6.31,6.2,6.29,6.18,0.11,1.78,29861.89,18689.089
3812,600188.SH,20050928,6.21,6.25,6.13,6.18,6.21,-0.03,-0.48,29008.18,17894.282
3813,600188.SH,20050927,6.36,6.4,6.2,6.21,6.35,-0.14,-2.2,39638.98,24801.334
3814,600188.SH,20050926,6.38,6.44,6.31,6.35,6.39,-0.04,-0.63,24001.11,15238.09
3815,600188.SH,20050923,6.38,6.47,6.36,6.39,6.39,0.0,0.0,31739.71,20302.033
3816,600188.SH,20050922,6.5,6.53,6.36,6.39,6.54,-0.15,-2.29,48408.37,31141.36
3817,600188.SH,20050921,6.71,6.73,6.51,6.54,6.73,-0.19,-2.82,68103.93,44773.389
3818,600188.SH,20050920,6.82,6.9,6.71,6.73,6.81,-0.08,-1.17,87274.59,59152.261
3819,600188.SH,20050919,6.8,6.84,6.76,6.81,6.74,0.07,1.04,136786.01,93101.715
3820,600188.SH,20050916,6.6,6.77,6.59,6.74,6.57,0.17,2.59,142349.47,95459.288
3821,600188.SH,20050915,6.56,6.58,6.5,6.57,6.56,0.01,0.15,48731.3,31905.057
3822,600188.SH,20050914,6.56,6.59,6.5,6.56,6.52,0.04,0.61,51881.86,33958.519
3823,600188.SH,20050913,6.39,6.52,6.36,6.52,6.38,0.14,2.19,57878.32,37329.7
3824,600188.SH,20050912,6.49,6.49,6.3,6.38,6.49,-0.11,-1.69,69843.83,44601.4
3825,600188.SH,20050909,6.65,6.66,6.49,6.49,6.66,-0.17,-2.55,76410.9,50164.205
3826,600188.SH,20050908,6.7,6.79,6.6,6.66,6.69,-0.03,-0.45,110371.02,73702.269
3827,600188.SH,20050907,6.6,6.72,6.57,6.69,6.58,0.11,1.67,71798.02,47581.237
3828,600188.SH,20050906,6.7,6.74,6.54,6.58,6.72,-0.14,-2.08,60200.81,40121.155
3829,600188.SH,20050905,6.61,6.74,6.57,6.72,6.61,0.11,1.66,67286.47,44899.402
3830,600188.SH,20050902,6.69,6.72,6.59,6.61,6.69,-0.08,-1.2,52160.86,34543.063
3831,600188.SH,20050901,6.52,6.74,6.52,6.69,6.48,0.21,3.24,132726.47,88474.45
3832,600188.SH,20050831,6.32,6.49,6.27,6.48,6.32,0.16,2.53,47760.53,30445.95
3833,600188.SH,20050830,6.25,6.38,6.17,6.32,6.27,0.05,0.8,30933.5,19473.141
3834,600188.SH,20050829,6.45,6.45,6.22,6.27,6.45,-0.18,-2.79,50154.07,31477.175
3835,600188.SH,20050826,6.65,6.65,6.33,6.45,6.7,-0.25,-3.73,119704.29,77039.438
3836,600188.SH,20050825,6.85,6.98,6.62,6.7,6.79,-0.09,-1.33,193708.22,131617.122
3837,600188.SH,20050824,6.44,6.9,6.42,6.79,6.44,0.35,5.43,184960.25,124298.559
3838,600188.SH,20050823,6.66,6.73,6.38,6.44,6.65,-0.21,-3.16,81839.39,53258.312
3839,600188.SH,20050822,6.65,6.79,6.55,6.65,6.65,0.0,0.0,54231.8,36175.833
3840,600188.SH,20050818,6.93,6.95,6.64,6.65,6.91,-0.26,-3.76,89495.95,60630.79
3841,600188.SH,20050817,6.98,6.98,6.73,6.91,7.0,-0.09,-1.29,70584.64,48270.18
3842,600188.SH,20050816,7.25,7.27,6.96,7.0,7.25,-0.25,-3.45,71350.9,50522.82
3843,600188.SH,20050815,7.2,7.29,7.18,7.25,7.2,0.05,0.69,59845.35,43324.275
3844,600188.SH,20050812,7.35,7.4,7.17,7.2,7.29,-0.09,-1.23,90243.83,65742.37
3845,600188.SH,20050811,6.96,7.35,6.96,7.29,6.96,0.33,4.74,210693.36,153121.611
3846,600188.SH,20050810,6.74,6.96,6.74,6.96,6.74,0.22,3.26,113819.13,78428.85
3847,600188.SH,20050809,6.77,6.8,6.66,6.74,6.77,-0.03,-0.44,50017.01,33518.542
3848,600188.SH,20050808,6.86,6.98,6.72,6.77,6.79,-0.02,-0.29,81863.91,55846.48
3849,600188.SH,20050805,6.6,6.84,6.54,6.79,6.59,0.2,3.03,97572.45,65600.216
3850,600188.SH,20050804,6.45,6.64,6.38,6.59,6.45,0.14,2.17,68159.99,44677.991
3851,600188.SH,20050803,6.27,6.55,6.25,6.45,6.25,0.2,3.2,87263.84,56288.479
3852,600188.SH,20050802,6.16,6.26,6.13,6.25,6.15,0.1,1.63,46558.19,28950.633
3853,600188.SH,20050801,6.15,6.25,6.09,6.15,6.14,0.01,0.16,28825.0,17746.17
3854,600188.SH,20050729,6.28,6.29,6.08,6.14,6.28,-0.14,-2.23,47278.4,29100.351
3855,600188.SH,20050728,6.21,6.41,6.14,6.28,6.2,0.08,1.29,70034.2,44123.8
3856,600188.SH,20050727,6.13,6.28,6.08,6.2,6.08,0.12,1.97,39914.3,24642.215
3857,600188.SH,20050726,9.83,10.03,9.83,9.99,9.81,0.18,1.83,52956.24,52896.991
3858,600188.SH,20050725,9.93,9.93,9.75,9.81,9.89,-0.08,-0.81,17303.51,17010.379
3859,600188.SH,20050722,10.02,10.09,9.66,9.89,9.99,-0.1,-1.0,36270.14,35619.874
3860,600188.SH,20050721,9.75,10.07,9.71,9.99,9.68,0.31,3.2,40645.49,40380.839
3861,600188.SH,20050720,9.46,9.71,9.41,9.68,9.46,0.22,2.33,33006.79,31726.538
3862,600188.SH,20050719,9.33,9.5,9.29,9.46,9.29,0.17,1.83,13196.34,12394.829
3863,600188.SH,20050718,9.1,9.4,9.05,9.29,9.14,0.15,1.64,19295.38,17886.486
3864,600188.SH,20050715,9.18,9.23,9.08,9.14,9.2,-0.06,-0.65,11201.0,10252.402
3865,600188.SH,20050714,9.07,9.29,9.0,9.2,9.05,0.15,1.66,12152.5,11158.388
3866,600188.SH,20050713,8.98,9.13,8.86,9.05,8.99,0.06,0.67,13363.35,12056.482
3867,600188.SH,20050712,8.8,9.2,8.67,8.99,8.82,0.17,1.93,40781.41,36488.778
3868,600188.SH,20050711,9.48,9.58,8.76,8.82,9.36,-0.54,-5.77,47846.36,43101.003
3869,600188.SH,20050708,9.68,9.68,9.26,9.36,9.7,-0.34,-3.51,19498.69,18415.008
3870,600188.SH,20050707,9.93,9.93,9.67,9.7,9.92,-0.22,-2.22,19929.8,19420.594
3871,600188.SH,20050706,10.13,10.14,9.83,9.92,10.14,-0.22,-2.17,22482.0,22295.548
3872,600188.SH,20050705,10.1,10.15,9.97,10.14,10.17,-0.03,-0.3,7201.77,7239.009
3873,600188.SH,20050704,10.0,10.19,9.88,10.17,10.2,-0.03,-0.29,10038.03,10121.461
3874,600188.SH,20050701,10.3,10.3,9.95,10.2,10.4,-0.2,-1.92,25271.0,25516.883
3875,600188.SH,20050630,10.43,10.44,10.27,10.4,10.43,-0.03,-0.29,32468.32,33621.906
3876,600188.SH,20050629,10.2,10.48,10.04,10.43,10.25,0.18,1.76,34132.92,35269.438
3877,600188.SH,20050627,10.15,10.34,10.15,10.25,10.14,0.11,1.08,42229.62,43455.088
3878,600188.SH,20050624,10.07,10.15,9.95,10.14,10.07,0.07,0.7,11498.81,11597.466
3879,600188.SH,20050623,9.9,10.11,9.82,10.07,9.97,0.1,1.0,31880.22,31891.352
3880,600188.SH,20050622,10.08,10.19,9.78,9.97,10.12,-0.15,-1.48,42679.73,42184.107
3881,600188.SH,20050621,10.15,10.25,10.03,10.12,10.18,-0.06,-0.59,27952.46,28417.75
3882,600188.SH,20050620,9.81,10.21,9.65,10.18,9.79,0.39,3.98,34648.77,34825.63
3883,600188.SH,20050617,9.99,10.09,9.7,9.79,9.93,-0.14,-1.41,22217.47,21774.473
3884,600188.SH,20050616,9.87,9.95,9.69,9.93,9.87,0.06,0.61,19049.6,18733.9
3885,600188.SH,20050615,9.95,10.05,9.85,9.87,10.09,-0.22,-2.18,18032.07,17909.475
3886,600188.SH,20050614,10.11,10.24,10.0,10.09,10.12,-0.03,-0.3,30488.76,30841.314
3887,600188.SH,20050613,10.11,10.17,9.78,10.12,10.05,0.07,0.7,35604.01,35574.177
3888,600188.SH,20050610,10.6,10.62,9.98,10.05,10.64,-0.59,-5.55,76770.21,78105.219
3889,600188.SH,20050609,10.9,10.94,10.55,10.64,10.9,-0.26,-2.39,78443.7,84107.871
3890,600188.SH,20050608,10.09,10.98,10.09,10.9,10.14,0.76,7.5,113257.89,120493.01
3891,600188.SH,20050607,10.03,10.25,9.8,10.14,10.03,0.11,1.1,24219.68,24382.332
3892,600188.SH,20050606,9.98,10.05,9.72,10.03,9.98,0.05,0.5,28590.63,28315.527
3893,600188.SH,20050603,9.7,10.01,9.68,9.98,9.94,0.04,0.4,13050.22,12813.033
3894,600188.SH,20050602,9.85,10.0,9.52,9.94,9.9,0.04,0.4,21763.39,21047.11
3895,600188.SH,20050601,10.45,10.45,9.8,9.9,10.52,-0.62,-5.89,34636.7,34671.361
3896,600188.SH,20050531,10.61,10.69,10.41,10.52,10.61,-0.09,-0.85,8456.45,8925.295
3897,600188.SH,20050530,10.4,10.66,10.28,10.61,10.42,0.19,1.82,23336.86,24600.18
3898,600188.SH,20050527,10.08,10.45,9.98,10.42,10.12,0.3,2.96,30827.4,31597.677
3899,600188.SH,20050526,10.17,10.2,9.98,10.12,10.15,-0.03,-0.3,6889.5,6951.784
3900,600188.SH,20050525,10.19,10.29,10.1,10.15,10.29,-0.14,-1.36,11477.93,11674.511
3901,600188.SH,20050524,10.36,10.44,9.97,10.29,10.4,-0.11,-1.06,24975.55,25381.238
3902,600188.SH,20050523,10.53,10.53,10.3,10.4,10.55,-0.15,-1.42,7820.96,8131.385
3903,600188.SH,20050520,10.55,10.63,10.38,10.55,10.48,0.07,0.67,9525.8,10044.301
3904,600188.SH,20050519,10.28,10.5,10.21,10.48,10.31,0.17,1.65,19224.85,19903.032
3905,600188.SH,20050518,10.39,10.5,10.24,10.31,10.37,-0.06,-0.58,5061.0,5240.642
3906,600188.SH,20050517,10.21,10.45,10.2,10.37,10.4,-0.03,-0.29,7973.35,8244.484
3907,600188.SH,20050516,11.08,11.2,10.18,10.4,11.19,-0.79,-7.06,20993.43,22147.122
3908,600188.SH,20050513,11.32,11.35,10.95,11.19,11.33,-0.14,-1.24,9595.69,10687.655
3909,600188.SH,20050512,11.5,11.6,11.27,11.33,11.59,-0.26,-2.24,12083.0,13749.135
3910,600188.SH,20050511,11.66,11.72,11.42,11.59,11.7,-0.11,-0.94,13950.55,16179.815
3911,600188.SH,20050510,11.72,11.75,11.51,11.7,11.69,0.01,0.09,18737.87,21803.769
3912,600188.SH,20050509,11.6,11.75,11.31,11.69,11.5,0.19,1.65,23062.01,26801.909
3913,600188.SH,20050429,11.8,11.88,11.4,11.5,11.77,-0.27,-2.29,30210.0,35067.937
3914,600188.SH,20050428,11.62,11.85,11.62,11.77,11.6,0.17,1.47,28912.56,34019.421
3915,600188.SH,20050427,11.6,11.85,11.54,11.6,11.48,0.12,1.05,21734.58,25307.952
3916,600188.SH,20050426,11.55,11.59,11.08,11.48,11.04,0.44,3.99,94101.77,106139.783
3917,600188.SH,20050425,11.75,11.78,10.93,11.04,11.73,-0.69,-5.88,53523.41,59115.814
3918,600188.SH,20050422,11.64,11.75,11.6,11.73,11.64,0.09,0.77,16051.11,18733.453
3919,600188.SH,20050421,11.66,11.72,11.5,11.64,11.7,-0.06,-0.51,11743.55,13613.526
3920,600188.SH,20050420,11.65,11.81,11.57,11.7,11.75,-0.05,-0.43,6431.0,7477.581
3921,600188.SH,20050419,11.6,11.81,11.57,11.75,11.6,0.15,1.29,11348.5,13340.885
3922,600188.SH,20050418,11.9,12.0,11.59,11.6,11.98,-0.38,-3.17,15938.13,18565.844
3923,600188.SH,20050415,12.48,12.48,11.8,11.98,12.57,-0.59,-4.69,51171.25,61435.284
3924,600188.SH,20050414,12.75,12.78,12.43,12.57,12.72,-0.15,-1.18,30147.92,37851.239
3925,600188.SH,20050413,12.59,12.78,12.48,12.72,12.43,0.29,2.33,29287.0,36984.534
3926,600188.SH,20050412,12.65,12.65,12.36,12.43,12.66,-0.23,-1.82,17600.9,21887.513
3927,600188.SH,20050411,12.83,12.85,12.51,12.66,12.79,-0.13,-1.02,10868.57,13716.749
3928,600188.SH,20050408,12.47,12.8,12.45,12.79,12.5,0.29,2.32,11559.79,14685.097
3929,600188.SH,20050407,12.74,12.98,12.5,12.5,12.68,-0.18,-1.42,46654.77,59427.757
3930,600188.SH,20050406,12.45,12.8,12.45,12.68,12.51,0.17,1.36,44991.02,56710.179
3931,600188.SH,20050405,12.32,12.65,12.3,12.51,12.32,0.19,1.54,35365.1,44212.16
3932,600188.SH,20050404,12.3,12.53,12.01,12.32,12.4,-0.08,-0.65,33963.46,41799.063
3933,600188.SH,20050401,11.92,12.55,11.87,12.4,11.9,0.5,4.2,63232.24,77956.202
3934,600188.SH,20050331,11.8,11.95,11.78,11.9,11.81,0.09,0.76,7189.86,8527.292
3935,600188.SH,20050330,11.98,11.98,11.69,11.81,11.98,-0.17,-1.42,21947.72,26009.644
3936,600188.SH,20050329,11.91,12.0,11.8,11.98,11.89,0.09,0.76,17497.24,20741.788
3937,600188.SH,20050328,11.98,12.0,11.73,11.89,11.98,-0.09,-0.75,12468.09,14745.224
3938,600188.SH,20050325,12.07,12.07,11.89,11.98,12.08,-0.1,-0.83,6710.49,8030.953
3939,600188.SH,20050324,12.45,12.49,11.81,12.08,12.49,-0.41,-3.28,17134.0,20656.736
3940,600188.SH,20050323,12.3,12.54,12.3,12.49,12.35,0.14,1.13,8079.0,10085.493
3941,600188.SH,20050322,12.35,12.6,12.2,12.35,12.35,0.0,0.0,11320.59,13944.857
3942,600188.SH,20050321,12.43,12.49,12.02,12.35,12.4,-0.05,-0.4,4909.02,6045.828
3943,600188.SH,20050318,12.64,12.65,12.19,12.4,12.64,-0.24,-1.9,44588.0,55535.438
3944,600188.SH,20050317,12.65,12.78,12.5,12.64,12.7,-0.06,-0.47,18091.62,22923.463
3945,600188.SH,20050316,12.75,12.87,12.51,12.7,12.88,-0.18,-1.4,21722.55,27480.467
3946,600188.SH,20050315,12.88,13.1,12.7,12.88,12.89,-0.01,-0.08,36043.53,46521.994
3947,600188.SH,20050314,12.62,12.94,12.58,12.89,12.65,0.24,1.9,26443.14,33792.477
3948,600188.SH,20050311,12.85,12.9,12.41,12.65,12.8,-0.15,-1.17,34571.86,43464.202
3949,600188.SH,20050310,13.06,13.06,12.76,12.8,13.05,-0.25,-1.92,43634.04,56123.726
3950,600188.SH,20050309,13.32,13.38,12.9,13.05,13.25,-0.2,-1.51,27683.77,36198.998
3951,600188.SH,20050308,13.28,13.28,12.95,13.25,13.03,0.22,1.69,24091.69,31523.502
3952,600188.SH,20050307,12.91,13.08,12.91,13.03,12.98,0.05,0.39,8888.94,11558.693
3953,600188.SH,20050304,13.43,13.43,12.84,12.98,13.4,-0.42,-3.13,35915.01,46789.093
3954,600188.SH,20050303,13.4,13.5,13.3,13.4,13.48,-0.08,-0.59,6034.78,8059.333
3955,600188.SH,20050302,13.62,13.89,13.45,13.48,13.62,-0.14,-1.03,10594.0,14459.711
3956,600188.SH,20050301,13.75,13.76,13.58,13.62,13.75,-0.13,-0.95,8719.04,11891.658
3957,600188.SH,20050228,13.7,13.79,13.62,13.75,13.7,0.05,0.37,24630.86,33751.562
3958,600188.SH,20050225,13.78,14.09,13.42,13.7,13.36,0.34,2.54,36813.77,50553.541
3959,600188.SH,20050224,13.39,13.46,13.2,13.36,13.42,-0.06,-0.45,18887.37,25294.548
3960,600188.SH,20050223,13.57,13.57,13.4,13.42,13.57,-0.15,-1.11,17665.99,23780.174
3961,600188.SH,20050222,13.5,13.62,13.43,13.57,13.5,0.07,0.52,35182.65,47592.388
3962,600188.SH,20050221,13.3,13.51,13.1,13.5,13.21,0.29,2.2,28049.54,37651.04
3963,600188.SH,20050218,13.2,13.32,13.08,13.21,13.2,0.01,0.08,16685.73,22019.983
3964,600188.SH,20050217,13.45,13.45,13.06,13.2,13.28,-0.08,-0.6,16727.54,22032.501
3965,600188.SH,20050216,13.38,13.55,13.06,13.28,13.05,0.23,1.76,40087.3,53558.837
3966,600188.SH,20050204,12.7,13.18,12.52,13.05,12.7,0.35,2.76,40123.92,51951.05
3967,600188.SH,20050203,12.8,13.0,12.61,12.7,12.8,-0.1,-0.78,17984.61,23012.473
3968,600188.SH,20050202,12.07,12.8,12.07,12.8,12.19,0.61,5.0,31929.1,40136.023
3969,600188.SH,20050201,12.15,12.31,12.05,12.19,12.13,0.06,0.49,10305.69,12609.607
3970,600188.SH,20050131,11.93,12.14,11.83,12.13,11.93,0.2,1.68,11565.99,13789.686
3971,600188.SH,20050128,11.93,12.0,11.81,11.93,12.05,-0.12,-1.0,2273.67,2709.867
3972,600188.SH,20050127,12.13,12.14,11.91,12.05,12.14,-0.09,-0.74,6830.2,8225.813
3973,600188.SH,20050126,12.25,12.27,12.13,12.14,12.25,-0.11,-0.9,13104.82,15985.663
3974,600188.SH,20050125,11.94,12.28,11.85,12.25,12.02,0.23,1.91,18046.23,21913.615
3975,600188.SH,20050124,12.0,12.26,11.7,12.02,11.9,0.12,1.01,22288.72,26590.426
3976,600188.SH,20050121,11.6,12.1,11.42,11.9,11.66,0.24,2.06,18400.12,21680.54
3977,600188.SH,20050120,11.86,11.86,11.51,11.66,11.97,-0.31,-2.59,16024.44,18625.704
3978,600188.SH,20050119,12.03,12.09,11.85,11.97,12.0,-0.03,-0.25,25432.0,30395.77
3979,600188.SH,20050118,12.04,12.07,11.9,12.0,12.06,-0.06,-0.5,25218.34,30265.111
3980,600188.SH,20050117,11.68,12.16,11.25,12.06,11.78,0.28,2.38,30062.18,35808.522
3981,600188.SH,20050114,11.95,12.05,11.72,11.78,11.98,-0.2,-1.67,4977.6,5945.538
3982,600188.SH,20050113,11.76,12.03,11.7,11.98,11.75,0.23,1.96,11666.57,13903.623
3983,600188.SH,20050112,11.78,11.8,11.65,11.75,11.69,0.06,0.51,9712.1,11414.895
3984,600188.SH,20050111,11.65,11.85,11.65,11.69,11.74,-0.05,-0.43,14268.75,16726.539
3985,600188.SH,20050110,11.6,11.75,11.4,11.74,11.78,-0.04,-0.34,14972.14,17425.423
3986,600188.SH,20050107,11.92,12.05,11.55,11.78,11.88,-0.1,-0.84,55766.74,65617.855
3987,600188.SH,20050106,12.0,12.0,11.85,11.88,12.08,-0.2,-1.66,7784.97,9275.183
3988,600188.SH,20050105,12.12,12.12,11.83,12.08,12.18,-0.1,-0.82,9451.08,11302.581
3989,600188.SH,20050104,12.44,12.44,12.0,12.18,12.44,-0.26,-2.09,28571.58,34732.57
3990,600188.SH,20041231,12.4,12.51,12.3,12.44,12.46,-0.02,-0.16,34814.86,43212.188
3991,600188.SH,20041230,12.12,12.48,12.08,12.46,12.05,0.41,3.4,31129.36,38212.967
3992,600188.SH,20041229,12.15,12.24,12.03,12.05,12.17,-0.12,-0.99,22720.98,27595.638
3993,600188.SH,20041228,12.1,12.37,12.01,12.17,11.93,0.24,2.01,37322.04,45389.279
3994,600188.SH,20041227,12.9,12.9,11.65,11.93,12.94,-1.01,-7.81,100421.91,120642.9
3995,600188.SH,20041224,13.21,13.38,12.88,12.94,13.06,-0.12,-0.92,6007.75,7790.283
3996,600188.SH,20041223,13.46,13.46,12.98,13.06,13.45,-0.39,-2.9,10597.81,13962.146
3997,600188.SH,20041222,13.0,13.5,13.0,13.45,13.01,0.44,3.38,13813.88,18262.592
3998,600188.SH,20041221,13.18,13.18,12.97,13.01,13.12,-0.11,-0.84,17273.12,22558.734
3999,600188.SH,20041220,13.42,13.42,13.09,13.12,13.5,-0.38,-2.81,11652.73,15344.464
4000,600188.SH,20041217,13.59,13.65,13.49,13.5,13.6,-0.1,-0.74,8038.37,10905.288
4001,600188.SH,20041216,13.78,13.78,13.6,13.6,13.75,-0.15,-1.09,2599.1,3551.664
4002,600188.SH,20041215,13.82,13.82,13.5,13.75,13.68,0.07,0.51,4128.47,5618.948
4003,600188.SH,20041214,13.41,13.88,13.38,13.68,13.54,0.14,1.03,1376.93,1880.414
4004,600188.SH,20041213,13.6,13.65,13.35,13.54,13.65,-0.11,-0.81,6931.28,9343.549
4005,600188.SH,20041210,13.63,13.8,13.62,13.65,13.72,-0.07,-0.51,4509.0,6179.262
4006,600188.SH,20041209,13.65,13.98,13.61,13.72,13.78,-0.06,-0.44,4198.5,5804.197
4007,600188.SH,20041208,13.52,13.8,13.52,13.78,13.52,0.26,1.92,6432.38,8799.295
4008,600188.SH,20041207,13.5,13.57,13.4,13.52,13.53,-0.01,-0.07,5556.56,7491.625
4009,600188.SH,20041206,13.51,13.7,13.29,13.53,13.75,-0.22,-1.6,19471.88,26085.494
4010,600188.SH,20041203,14.0,14.1,13.5,13.75,14.07,-0.32,-2.27,17996.86,24708.776
4011,600188.SH,20041202,14.12,14.24,14.01,14.07,14.16,-0.09,-0.64,12239.76,17295.259
4012,600188.SH,20041201,14.15,14.27,13.93,14.16,14.15,0.01,0.07,5979.09,8484.219
4013,600188.SH,20041130,13.88,14.16,13.76,14.15,13.93,0.22,1.58,6558.3,9103.66
4014,600188.SH,20041129,14.0,14.12,13.88,13.93,14.08,-0.15,-1.07,4570.66,6378.577
4015,600188.SH,20041126,14.15,14.15,13.95,14.08,14.09,-0.01,-0.07,7692.35,10781.651
4016,600188.SH,20041125,14.02,14.12,13.8,14.09,14.01,0.08,0.57,9163.21,12763.589
4017,600188.SH,20041124,14.1,14.2,13.9,14.01,14.12,-0.11,-0.78,11624.33,16284.133
4018,600188.SH,20041123,14.35,14.55,14.06,14.12,14.35,-0.23,-1.6,13389.0,18951.027
4019,600188.SH,20041122,14.6,14.6,14.32,14.35,14.6,-0.25,-1.71,19155.36,27609.768
4020,600188.SH,20041119,14.78,14.88,14.5,14.6,14.77,-0.17,-1.15,18345.78,26846.934
4021,600188.SH,20041118,14.65,14.82,14.56,14.77,14.67,0.1,0.68,26821.9,39481.914
4022,600188.SH,20041117,14.5,14.74,14.33,14.67,14.46,0.21,1.45,40767.22,59249.651
4023,600188.SH,20041116,14.4,14.58,14.33,14.46,14.45,0.01,0.07,9653.73,13929.444
4024,600188.SH,20041115,14.38,14.58,14.29,14.45,14.35,0.1,0.7,15131.99,21866.691
4025,600188.SH,20041112,13.95,14.55,13.95,14.35,13.95,0.4,2.87,38149.65,54982.928
4026,600188.SH,20041111,14.25,14.39,13.88,13.95,14.2,-0.25,-1.76,27984.75,39926.959
4027,600188.SH,20041110,13.43,14.3,13.39,14.2,13.36,0.84,6.29,49437.27,69463.088
4028,600188.SH,20041109,13.4,13.64,13.2,13.36,13.36,0.0,0.0,18951.58,25580.688
4029,600188.SH,20041108,13.5,13.5,13.16,13.36,13.31,0.05,0.38,14959.0,19870.555
4030,600188.SH,20041105,13.66,13.8,13.09,13.31,13.66,-0.35,-2.56,18040.0,24067.176
4031,600188.SH,20041104,13.7,13.92,13.5,13.66,13.6,0.06,0.44,15691.11,21469.495
4032,600188.SH,20041103,13.7,13.84,13.45,13.6,13.67,-0.07,-0.51,29388.14,39935.748
4033,600188.SH,20041102,13.9,13.92,13.59,13.67,13.9,-0.23,-1.65,23579.11,32476.934
4034,600188.SH,20041101,14.01,14.27,13.88,13.9,14.19,-0.29,-2.04,12698.5,17771.118
4035,600188.SH,20041029,13.8,14.48,13.59,14.19,14.17,0.02,0.14,34778.97,48837.882
4036,600188.SH,20041028,14.24,14.46,14.1,14.17,14.19,-0.02,-0.14,43152.14,61580.714
4037,600188.SH,20041027,14.65,14.65,13.81,14.19,14.73,-0.54,-3.67,69880.61,98423.747
4038,600188.SH,20041026,14.88,14.9,14.2,14.73,14.9,-0.17,-1.14,37597.76,54794.514
4039,600188.SH,20041025,14.71,15.08,14.5,14.9,14.66,0.24,1.64,60589.26,89639.703
4040,600188.SH,20041022,14.72,15.03,14.6,14.66,14.8,-0.14,-0.95,30071.44,44670.053
4041,600188.SH,20041021,14.5,14.87,14.48,14.8,14.47,0.33,2.28,25137.99,37012.778
4042,600188.SH,20041020,14.69,14.69,14.01,14.47,14.09,0.38,2.7,13809.94,19788.135
4043,600188.SH,20041019,14.6,14.75,13.98,14.09,14.36,-0.27,-1.88,29925.73,42661.09
4044,600188.SH,20041018,14.09,14.49,13.9,14.36,14.07,0.29,2.06,18568.46,26461.033
4045,600188.SH,20041015,14.0,14.27,13.6,14.07,13.94,0.13,0.93,13973.1,19442.219
4046,600188.SH,20041014,14.61,14.62,13.86,13.94,14.61,-0.67,-4.59,19557.37,27757.242
4047,600188.SH,20041013,14.22,14.74,14.2,14.61,14.26,0.35,2.45,19663.86,28468.348
4048,600188.SH,20041012,14.65,14.9,14.06,14.26,14.65,-0.39,-2.66,24669.05,35396.37
4049,600188.SH,20041011,14.99,15.55,14.52,14.65,14.9,-0.25,-1.68,26518.91,40244.579
4050,600188.SH,20041008,14.1,14.95,13.88,14.9,13.97,0.93,6.66,29805.23,43132.715
4051,600188.SH,20040930,13.85,14.2,13.85,13.97,14.0,-0.03,-0.21,15735.79,22091.01
4052,600188.SH,20040929,14.04,14.25,13.85,14.0,13.97,0.03,0.21,17041.0,23973.924
4053,600188.SH,20040928,13.66,14.09,13.6,13.97,13.65,0.32,2.34,13179.88,18211.358
4054,600188.SH,20040927,14.17,14.17,13.55,13.65,13.62,0.03,0.22,16824.35,23149.186
4055,600188.SH,20040924,14.0,14.45,13.6,13.62,14.0,-0.38,-2.71,77889.14,109990.69
4056,600188.SH,20040923,13.5,14.01,13.15,14.0,13.48,0.52,3.86,23215.34,31425.541
4057,600188.SH,20040922,13.42,13.65,13.3,13.48,13.44,0.04,0.3,50733.24,68375.35
4058,600188.SH,20040921,13.75,13.75,13.38,13.44,13.73,-0.29,-2.11,38732.89,52491.406
4059,600188.SH,20040920,13.25,13.75,13.18,13.73,13.23,0.5,3.78,66294.45,88457.153
4060,600188.SH,20040917,12.78,13.3,12.69,13.23,12.81,0.42,3.28,56104.63,73345.581
4061,600188.SH,20040916,12.85,12.95,12.62,12.81,12.82,-0.01,-0.08,29016.89,37217.489
4062,600188.SH,20040915,12.36,12.9,12.3,12.82,12.28,0.54,4.4,41639.32,52655.168
4063,600188.SH,20040914,12.03,12.35,12.0,12.28,12.03,0.25,2.08,9451.13,11588.752
4064,600188.SH,20040913,12.3,12.3,12.02,12.03,12.4,-0.37,-2.98,3349.0,4055.149
4065,600188.SH,20040910,12.42,12.49,12.2,12.4,12.49,-0.09,-0.72,4191.13,5185.314
4066,600188.SH,20040909,12.65,12.65,12.48,12.49,12.7,-0.21,-1.65,3225.8,4038.632
4067,600188.SH,20040908,12.67,12.79,12.67,12.7,12.67,0.03,0.24,2916.0,3705.795
4068,600188.SH,20040907,12.5,13.1,12.45,12.67,12.58,0.09,0.72,1681.45,2119.539
4069,600188.SH,20040906,12.8,12.8,12.55,12.58,12.84,-0.26,-2.02,2029.62,2561.295
4070,600188.SH,20040903,12.9,13.03,12.83,12.84,12.9,-0.06,-0.47,618.11,796.94
4071,600188.SH,20040902,13.04,13.04,12.78,12.9,13.06,-0.16,-1.23,2829.25,3637.374
4072,600188.SH,20040901,13.15,13.15,13.0,13.06,13.15,-0.09,-0.68,570.0,744.205
4073,600188.SH,20040831,13.19,13.39,13.01,13.15,12.97,0.18,1.39,2166.71,2851.388
4074,600188.SH,20040830,13.01,13.12,12.85,12.97,13.1,-0.13,-0.99,1290.6,1671.529
4075,600188.SH,20040827,13.17,13.21,13.08,13.1,13.17,-0.07,-0.53,6600.0,8680.14
4076,600188.SH,20040826,13.24,13.34,13.02,13.17,13.25,-0.08,-0.6,5235.44,6928.212
4077,600188.SH,20040825,13.38,13.42,13.0,13.25,13.37,-0.12,-0.9,5413.74,7095.338
4078,600188.SH,20040824,13.4,13.68,13.0,13.37,13.42,-0.05,-0.37,11443.1,15191.86
4079,600188.SH,20040823,13.1,13.65,12.65,13.42,13.64,-0.22,-1.61,11596.15,15674.962
4080,600188.SH,20040820,13.51,13.7,13.46,13.64,13.51,0.13,0.96,15608.91,21131.851
4081,600188.SH,20040819,13.4,13.55,13.31,13.51,13.36,0.15,1.12,15606.01,21009.021
4082,600188.SH,20040818,13.54,13.6,13.35,13.36,13.54,-0.18,-1.33,9248.0,12443.626
4083,600188.SH,20040817,13.38,13.55,13.25,13.54,13.37,0.17,1.27,8323.99,11195.343
4084,600188.SH,20040816,13.2,13.37,13.1,13.37,13.22,0.15,1.13,4243.57,5642.052
4085,600188.SH,20040813,12.98,13.4,12.9,13.22,12.96,0.26,2.01,49616.0,65706.128
4086,600188.SH,20040812,13.0,13.1,12.8,12.96,13.16,-0.2,-1.52,4830.82,6276.655
4087,600188.SH,20040811,13.0,13.24,13.0,13.16,13.0,0.16,1.23,9513.11,12482.973
4088,600188.SH,20040810,13.18,13.35,12.9,13.0,13.08,-0.08,-0.61,20013.35,26226.573
4089,600188.SH,20040809,12.68,13.1,12.55,13.08,12.65,0.43,3.4,14519.83,18793.784
4090,600188.SH,20040806,12.8,12.88,12.56,12.65,12.76,-0.11,-0.86,8625.28,10905.201
4091,600188.SH,20040805,12.8,12.99,12.6,12.76,13.0,-0.24,-1.85,20186.42,25848.631
4092,600188.SH,20040804,12.4,13.1,12.28,13.0,12.47,0.53,4.25,42367.78,54349.77
4093,600188.SH,20040803,13.52,13.52,12.4,12.47,13.63,-1.16,-8.51,107446.7,138816.954
4094,600188.SH,20040802,14.56,14.56,13.6,13.63,14.56,-0.93,-6.39,27954.03,39221.398
4095,600188.SH,20040730,14.63,14.7,14.39,14.56,14.61,-0.05,-0.34,14809.77,21495.632
4096,600188.SH,20040729,14.5,14.68,14.49,14.61,14.47,0.14,0.97,29398.49,42850.92
4097,600188.SH,20040728,14.3,14.53,14.2,14.47,14.37,0.1,0.7,13634.84,19633.019
4098,600188.SH,20040727,14.62,14.66,14.18,14.37,14.68,-0.31,-2.11,26869.59,38513.371
4099,600188.SH,20040726,14.8,15.0,14.61,14.68,14.93,-0.25,-1.67,23130.01,34285.074
4100,600188.SH,20040723,14.83,14.96,14.53,14.93,14.88,0.05,0.34,26443.89,39153.088
4101,600188.SH,20040722,15.1,15.1,14.7,14.88,15.1,-0.22,-1.46,28288.35,42184.983
4102,600188.SH,20040721,15.15,15.15,14.82,15.1,15.15,-0.05,-0.33,16112.65,24067.32
4103,600188.SH,20040720,15.35,15.35,15.01,15.15,15.15,0.0,0.0,23006.51,34832.221
4104,600188.SH,20040719,15.15,15.3,14.95,15.15,15.2,-0.05,-0.33,24729.88,37277.923
4105,600188.SH,20040716,15.3,15.5,15.11,15.2,15.23,-0.03,-0.2,66060.46,101140.923
4106,600188.SH,20040715,14.85,15.25,14.8,15.23,14.79,0.44,2.98,58795.32,88685.098
4107,600188.SH,20040714,14.42,14.88,14.42,14.79,14.49,0.3,2.07,15907.12,23392.974
4108,600188.SH,20040713,14.6,14.6,14.35,14.49,14.53,-0.04,-0.28,10734.84,15498.062
4109,600188.SH,20040712,14.28,14.59,14.11,14.53,14.39,0.14,0.97,13905.22,20063.285
4110,600188.SH,20040709,14.4,14.6,14.3,14.39,14.39,0.0,0.0,14449.55,20912.067
4111,600188.SH,20040708,14.35,14.58,13.8,14.55,14.43,0.12,0.83,28572.85,40634.043
4112,600188.SH,20040707,14.38,14.51,14.35,14.43,14.44,-0.01,-0.07,5255.0,7579.621
4113,600188.SH,20040706,14.6,14.98,14.39,14.44,14.64,-0.2,-1.37,40155.97,59446.781
4114,600188.SH,20040705,14.26,14.65,14.16,14.64,14.18,0.46,3.24,20225.25,29079.791
4115,600188.SH,20040702,14.35,14.36,14.08,14.18,14.34,-0.16,-1.12,13155.5,18737.598
4116,600188.SH,20040701,13.86,14.41,13.78,14.34,13.82,0.52,3.76,25276.37,35933.535
4117,600188.SH,20040630,13.8,13.92,13.8,13.82,13.83,-0.01,-0.07,9672.03,13401.048
4118,600188.SH,20040629,13.4,13.85,13.26,13.83,13.43,0.4,2.98,8276.01,11197.5
4119,600188.SH,20040628,13.4,13.55,13.15,13.43,13.6,-0.17,-1.25,15131.1,20343.772
4120,600188.SH,20040624,13.6,13.8,13.51,13.6,13.73,-0.13,-0.95,9354.73,12719.772
4121,600188.SH,20040623,14.0,14.0,13.7,13.73,13.99,-0.26,-1.86,4906.02,6741.487
4122,600188.SH,20040622,14.0,14.03,12.88,13.99,14.02,-0.03,-0.21,12411.25,17190.419
4123,600188.SH,20040621,14.02,14.03,13.8,14.02,14.0,0.02,0.14,8785.58,12218.129
4124,600188.SH,20040618,13.61,14.0,13.61,14.0,13.8,0.2,1.45,28439.8,39083.826
4125,600188.SH,20040617,14.49,14.52,13.7,13.8,14.33,-0.53,-3.7,23235.86,32556.442
4126,600188.SH,20040616,14.0,14.64,13.91,14.33,14.0,0.33,2.36,23773.54,34051.343
4127,600188.SH,20040615,13.68,14.05,13.68,14.0,13.73,0.27,1.97,19455.63,27113.554
4128,600188.SH,20040614,13.68,13.88,13.5,13.73,13.64,0.09,0.66,19003.36,25978.224
4129,600188.SH,20040611,13.38,13.74,13.38,13.64,13.3,0.34,2.56,26475.75,36153.19
4130,600188.SH,20040610,13.23,13.76,13.12,13.3,13.06,0.24,1.84,10843.41,14440.927
4131,600188.SH,20040609,13.15,13.15,12.98,13.06,13.14,-0.08,-0.61,7902.52,10302.813
4132,600188.SH,20040608,13.05,13.2,12.8,13.14,13.06,0.08,0.61,12496.57,16095.168
4133,600188.SH,20040607,13.2,13.2,13.0,13.06,13.3,-0.24,-1.8,2827.0,3687.126
4134,600188.SH,20040604,13.4,13.5,13.25,13.3,13.42,-0.12,-0.89,2274.39,3029.76
4135,600188.SH,20040603,13.54,13.56,13.3,13.42,13.6,-0.18,-1.32,3303.0,4436.918
4136,600188.SH,20040602,13.79,13.79,13.4,13.6,13.79,-0.19,-1.38,6437.2,8736.12
4137,600188.SH,20040601,13.66,14.01,13.66,13.79,13.68,0.11,0.8,15045.94,20858.329
4138,600188.SH,20040531,13.8,13.8,13.42,13.68,13.63,0.05,0.37,8003.0,10874.866
4139,600188.SH,20040528,13.49,13.68,13.43,13.63,13.52,0.11,0.81,11942.73,16209.58
4140,600188.SH,20040527,13.35,13.72,13.16,13.52,13.35,0.17,1.27,23672.05,32081.766
4141,600188.SH,20040526,12.97,13.36,12.82,13.35,12.96,0.39,3.01,5646.36,7434.212
4142,600188.SH,20040525,13.0,13.1,12.87,12.96,13.0,-0.04,-0.31,13373.06,17350.403
4143,600188.SH,20040524,13.25,13.31,12.97,13.0,13.2,-0.2,-1.52,11398.22,14850.707
4144,600188.SH,20040521,12.93,13.25,12.86,13.2,12.93,0.27,2.09,6669.19,8787.564
4145,600188.SH,20040520,12.61,13.15,12.6,12.93,12.73,0.2,1.57,14911.45,19319.967
4146,600188.SH,20040519,12.4,12.83,12.38,12.73,12.33,0.4,3.24,16493.61,20911.052
4147,600188.SH,20040518,12.85,13.01,11.78,12.33,12.98,-0.65,-5.01,19925.45,24379.192
4148,600188.SH,20040517,12.9,13.11,12.83,12.98,13.0,-0.02,-0.15,10740.2,13942.599
4149,600188.SH,20040514,13.25,13.6,12.98,13.0,13.18,-0.18,-1.37,8272.91,10806.482
4150,600188.SH,20040513,13.43,13.53,13.17,13.18,13.4,-0.22,-1.64,16835.15,22292.108
4151,600188.SH,20040512,12.96,13.43,12.85,13.4,12.96,0.44,3.4,16446.21,21558.125
4152,600188.SH,20040511,13.25,13.25,12.75,12.96,13.3,-0.34,-2.56,12248.92,15862.919
4153,600188.SH,20040510,13.98,13.98,13.2,13.3,13.81,-0.51,-3.69,17206.34,22842.66
4154,600188.SH,20040430,14.0,14.2,13.81,13.81,14.0,-0.19,-1.36,24654.08,34537.185
4155,600188.SH,20040429,14.18,14.18,13.98,14.0,14.2,-0.2,-1.41,7190.39,10092.712
4156,600188.SH,20040428,14.5,14.5,13.98,14.2,14.59,-0.39,-2.67,15124.02,21445.969
4157,600188.SH,20040427,14.58,14.83,14.45,14.59,14.59,0.0,0.0,11158.99,16314.036
4158,600188.SH,20040426,13.99,14.6,13.99,14.59,14.21,0.38,2.67,21300.5,30764.948
4159,600188.SH,20040423,14.4,14.43,13.9,14.21,14.62,-0.41,-2.8,25958.58,36468.812
4160,600188.SH,20040422,14.2,14.63,14.1,14.62,14.41,0.21,1.46,19944.39,28569.744
4161,600188.SH,20040421,14.9,14.91,14.2,14.41,14.99,-0.58,-3.87,25153.1,36490.207
4162,600188.SH,20040420,15.2,15.29,14.73,14.99,15.03,-0.04,-0.27,15964.97,23778.356
4163,600188.SH,20040419,14.57,15.13,14.1,15.03,14.59,0.44,3.02,33512.8,50021.965
4164,600188.SH,20040416,14.16,14.8,14.12,14.59,14.18,0.41,2.89,22384.73,32518.928
4165,600188.SH,20040415,14.1,14.33,14.02,14.18,14.09,0.09,0.64,7073.04,10027.602
4166,600188.SH,20040414,14.3,14.36,13.88,14.09,14.37,-0.28,-1.95,41412.96,58043.813
4167,600188.SH,20040413,15.06,15.15,14.33,14.37,15.06,-0.69,-4.58,18234.56,26820.532
4168,600188.SH,20040412,15.01,15.18,14.86,15.06,15.15,-0.09,-0.59,39778.72,59834.179
4169,600188.SH,20040409,15.7,15.82,14.9,15.15,15.69,-0.54,-3.44,23047.84,35188.312
4170,600188.SH,20040408,15.45,15.7,15.35,15.69,15.51,0.18,1.16,24080.12,37444.057
4171,600188.SH,20040407,15.28,15.56,15.07,15.51,15.29,0.22,1.44,31500.05,48623.644
4172,600188.SH,20040406,15.28,15.34,15.0,15.29,15.29,0.0,0.0,19222.82,29270.463
4173,600188.SH,20040405,15.1,15.31,14.82,15.29,15.1,0.19,1.26,21316.84,32071.17
4174,600188.SH,20040402,15.1,15.32,14.97,15.1,15.1,0.0,0.0,8090.0,12216.697
4175,600188.SH,20040401,14.85,15.12,14.85,15.1,14.85,0.25,1.68,8887.51,13361.661
4176,600188.SH,20040331,14.72,14.85,14.38,14.85,14.72,0.13,0.88,10432.17,15333.805
4177,600188.SH,20040330,14.97,15.0,14.68,14.72,14.99,-0.27,-1.8,18935.43,28009.14
4178,600188.SH,20040329,15.29,15.3,14.95,14.99,15.12,-0.13,-0.86,12333.49,18688.354
4179,600188.SH,20040326,14.93,15.25,14.93,15.12,14.92,0.2,1.34,23749.34,35785.228
4180,600188.SH,20040325,14.78,14.95,14.61,14.92,14.81,0.11,0.74,7607.06,11236.46
4181,600188.SH,20040324,15.0,15.0,14.68,14.81,15.01,-0.2,-1.33,19660.05,29313.014
4182,600188.SH,20040323,15.0,15.12,14.8,15.01,14.98,0.03,0.2,17345.7,25994.548
4183,600188.SH,20040322,14.6,15.12,14.6,14.98,14.56,0.42,2.88,37742.85,56530.179
4184,600188.SH,20040319,14.16,14.57,14.16,14.56,14.31,0.25,1.75,27171.45,39287.437
4185,600188.SH,20040318,14.71,14.75,14.27,14.31,14.7,-0.39,-2.65,27077.75,39061.625
4186,600188.SH,20040317,14.55,14.72,14.52,14.7,14.52,0.18,1.24,24690.49,36099.785
4187,600188.SH,20040316,14.38,14.64,14.37,14.52,14.37,0.15,1.04,24209.48,35091.988
4188,600188.SH,20040315,13.76,14.5,13.61,14.37,13.76,0.61,4.43,49743.9,70568.14
4189,600188.SH,20040312,13.75,13.81,13.5,13.76,13.75,0.01,0.07,14230.79,19499.566
4190,600188.SH,20040311,13.4,13.85,13.4,13.75,13.4,0.35,2.61,40775.78,55938.872
4191,600188.SH,20040310,13.06,13.5,13.0,13.4,13.05,0.35,2.68,20198.22,26844.631
4192,600188.SH,20040309,12.94,13.16,12.9,13.05,13.0,0.05,0.38,29226.9,38010.243
4193,600188.SH,20040308,13.0,13.3,12.8,13.0,13.01,-0.01,-0.08,20351.38,26624.816
4194,600188.SH,20040305,12.88,13.45,12.88,13.01,12.88,0.13,1.01,32039.22,42177.319
4195,600188.SH,20040304,12.55,12.95,12.55,12.88,12.56,0.32,2.55,45350.65,57856.095
4196,600188.SH,20040303,12.78,12.84,12.48,12.56,12.8,-0.24,-1.88,23837.83,30159.914
4197,600188.SH,20040302,12.87,12.97,12.58,12.8,12.77,0.03,0.23,31832.12,40645.494
4198,600188.SH,20040301,12.75,12.87,12.69,12.77,12.68,0.09,0.71,43581.11,55669.777
4199,600188.SH,20040227,11.72,12.8,11.72,12.68,11.7,0.98,8.38,89165.72,111298.273
4200,600188.SH,20040226,11.7,11.72,11.4,11.7,11.73,-0.03,-0.26,25671.58,29614.143
4201,600188.SH,20040225,11.96,11.98,11.73,11.73,11.97,-0.24,-2.01,23239.55,27564.551
4202,600188.SH,20040224,11.73,11.98,11.5,11.97,11.8,0.17,1.44,24158.98,28234.081
4203,600188.SH,20040223,12.38,12.38,11.75,11.8,12.4,-0.6,-4.84,30730.89,37114.642
4204,600188.SH,20040220,12.28,12.5,12.28,12.4,12.54,-0.14,-1.12,21849.79,27040.306
4205,600188.SH,20040219,12.43,12.72,12.43,12.54,12.43,0.11,0.89,14824.85,18632.948
4206,600188.SH,20040218,12.39,12.7,12.38,12.43,12.37,0.06,0.49,19172.79,24032.584
4207,600188.SH,20040217,12.55,12.64,12.35,12.37,12.55,-0.18,-1.43,21004.7,26283.294
4208,600188.SH,20040216,12.16,12.58,12.11,12.55,12.14,0.41,3.38,19375.71,24086.687
4209,600188.SH,20040213,12.06,12.26,12.06,12.14,12.1,0.04,0.33,20156.99,24515.309
4210,600188.SH,20040212,12.29,12.5,12.05,12.1,12.3,-0.2,-1.63,21917.1,26896.26
4211,600188.SH,20040211,12.5,12.6,12.26,12.3,12.64,-0.34,-2.69,34320.7,42393.126
4212,600188.SH,20040210,12.77,12.85,12.54,12.64,12.8,-0.16,-1.25,31531.23,40128.681
4213,600188.SH,20040209,12.56,12.81,12.42,12.8,12.41,0.39,3.14,48097.17,60880.038
4214,600188.SH,20040206,12.3,12.58,12.11,12.41,12.19,0.22,1.8,61646.37,76483.262
4215,600188.SH,20040205,12.36,12.4,11.81,12.19,12.36,-0.17,-1.38,24998.4,30400.656
4216,600188.SH,20040204,12.0,12.58,11.7,12.36,12.0,0.36,3.0,73504.4,90136.15
4217,600188.SH,20040203,11.89,12.05,11.75,12.0,11.89,0.11,0.93,33544.75,40099.538
4218,600188.SH,20040202,11.4,12.03,11.4,11.89,11.38,0.51,4.48,60147.64,71003.855
4219,600188.SH,20040130,11.35,11.49,11.22,11.38,11.45,-0.07,-0.61,33957.53,38497.36
4220,600188.SH,20040129,11.3,11.5,11.25,11.45,11.49,-0.04,-0.35,25115.78,28602.17
4221,600188.SH,20040116,11.26,11.52,11.15,11.49,11.3,0.19,1.68,28241.0,32043.629
4222,600188.SH,20040115,11.63,11.65,11.02,11.3,11.17,0.13,1.16,36889.01,41273.596
4223,600188.SH,20040114,11.65,11.66,11.15,11.17,11.71,-0.54,-4.61,46809.2,52918.586
4224,600188.SH,20040113,11.83,11.96,11.67,11.71,11.8,-0.09,-0.76,35310.67,41782.03
4225,600188.SH,20040112,11.65,11.81,11.42,11.8,11.69,0.11,0.94,41448.64,47929.852
4226,600188.SH,20040109,11.88,12.1,11.6,11.69,11.8,-0.11,-0.93,79132.44,93351.593
4227,600188.SH,20040108,11.86,12.2,11.7,11.8,11.84,-0.04,-0.34,41681.2,49368.879
4228,600188.SH,20040107,11.8,11.99,11.58,11.84,11.83,0.01,0.08,42820.69,50632.894
4229,600188.SH,20040106,11.92,12.11,11.48,11.83,11.9,-0.07,-0.59,57387.63,67399.2
4230,600188.SH,20040105,11.36,12.13,11.34,11.9,11.36,0.54,4.75,72795.65,86440.837
4231,600188.SH,20040102,10.9,11.42,10.88,11.36,10.88,0.48,4.41,50206.08,56539.298
4232,600188.SH,20031231,11.08,11.23,10.82,10.88,11.05,-0.17,-1.54,24097.45,26610.774
4233,600188.SH,20031230,10.72,11.13,10.72,11.05,10.69,0.36,3.37,31215.65,34231.889
4234,600188.SH,20031229,10.9,10.96,10.68,10.69,10.93,-0.24,-2.2,28065.07,30328.735
4235,600188.SH,20031226,11.1,11.1,10.9,10.93,11.08,-0.15,-1.35,22478.61,24677.006
4236,600188.SH,20031225,11.21,11.29,10.9,11.08,11.1,-0.02,-0.18,35390.41,39132.701
4237,600188.SH,20031224,10.76,11.1,10.62,11.1,10.8,0.3,2.78,52150.46,57066.483
4238,600188.SH,20031223,10.8,11.0,10.68,10.8,10.75,0.05,0.47,30070.65,32592.789
4239,600188.SH,20031222,10.48,11.03,10.45,10.75,10.37,0.38,3.66,63134.62,68085.302
4240,600188.SH,20031219,10.2,10.46,10.11,10.37,10.11,0.26,2.57,78286.46,80701.168
4241,600188.SH,20031218,9.9,10.16,9.8,10.11,9.98,0.13,1.3,27638.69,27731.861
4242,600188.SH,20031217,9.98,10.26,9.91,9.98,9.98,0.0,0.0,42130.73,42490.617
4243,600188.SH,20031216,10.05,10.05,9.83,9.98,10.07,-0.09,-0.89,52037.61,51622.411
4244,600188.SH,20031215,10.1,10.22,10.03,10.07,10.14,-0.07,-0.69,15305.96,15452.84
4245,600188.SH,20031212,10.12,10.17,10.03,10.14,10.14,0.0,0.0,16985.98,17164.492
4246,600188.SH,20031211,9.96,10.21,9.91,10.14,9.99,0.15,1.5,59790.72,60533.601
4247,600188.SH,20031210,9.85,10.05,9.74,9.99,9.85,0.14,1.42,57037.27,56395.631
4248,600188.SH,20031209,9.81,9.89,9.65,9.85,9.79,0.06,0.61,15696.73,15339.049
4249,600188.SH,20031208,9.75,9.97,9.69,9.79,9.72,0.07,0.72,27355.7,26853.4
4250,600188.SH,20031205,9.82,9.9,9.6,9.72,9.82,-0.1,-1.02,42722.0,41449.146
4251,600188.SH,20031204,9.7,9.96,9.7,9.82,9.69,0.13,1.34,62807.41,61714.498
4252,600188.SH,20031203,9.39,9.85,9.33,9.69,9.4,0.29,3.09,80095.11,77460.639
4253,600188.SH,20031202,9.43,9.52,9.35,9.4,9.39,0.01,0.11,53175.41,50183.879
4254,600188.SH,20031201,9.07,9.48,9.07,9.39,9.04,0.35,3.87,83097.1,77694.638
4255,600188.SH,20031128,8.93,9.12,8.9,9.04,8.92,0.12,1.35,28309.57,25591.8
4256,600188.SH,20031127,9.1,9.28,8.88,8.92,8.97,-0.05,-0.56,32771.83,29730.582
4257,600188.SH,20031126,8.8,8.98,8.7,8.97,8.8,0.17,1.93,26647.63,23622.517
4258,600188.SH,20031125,9.0,9.1,8.75,8.8,8.95,-0.15,-1.68,22054.43,19615.882
4259,600188.SH,20031124,8.6,8.98,8.53,8.95,8.58,0.37,4.31,37391.21,33038.339
4260,600188.SH,20031121,8.43,8.85,8.41,8.58,8.49,0.09,1.06,36286.64,31406.814
4261,600188.SH,20031120,8.3,8.52,8.25,8.49,8.38,0.11,1.31,10964.05,9229.562
4262,600188.SH,20031119,8.18,8.43,8.16,8.38,8.17,0.21,2.57,7536.08,6231.669
4263,600188.SH,20031118,8.41,8.41,8.12,8.17,8.41,-0.24,-2.85,8768.55,7223.756
4264,600188.SH,20031117,8.48,8.5,8.37,8.41,8.48,-0.07,-0.83,5368.0,4520.767
4265,600188.SH,20031114,8.24,8.49,8.24,8.48,8.29,0.19,2.29,9107.16,7653.014
4266,600188.SH,20031113,8.25,8.44,8.16,8.29,8.23,0.06,0.73,8634.89,7159.189
4267,600188.SH,20031112,8.45,8.48,8.23,8.23,8.47,-0.24,-2.83,9664.0,8089.368
4268,600188.SH,20031111,8.45,8.55,8.34,8.47,8.44,0.03,0.36,13787.95,11596.511
4269,600188.SH,20031110,8.3,8.45,8.23,8.44,8.34,0.1,1.2,10154.1,8485.341
4270,600188.SH,20031107,8.78,8.78,8.31,8.34,8.59,-0.25,-2.91,22408.48,19030.289
4271,600188.SH,20031106,8.59,8.75,8.48,8.59,8.54,0.05,0.59,32361.24,27831.781
4272,600188.SH,20031105,8.55,8.62,8.46,8.54,8.58,-0.04,-0.47,21682.02,18490.772
4273,600188.SH,20031104,8.52,8.8,8.48,8.58,8.52,0.06,0.7,37403.21,32354.612
4274,600188.SH,20031103,8.28,8.59,8.22,8.52,8.28,0.24,2.9,22288.19,18814.443
4275,600188.SH,20031031,8.25,8.41,8.17,8.28,8.3,-0.02,-0.24,5745.9,4765.838
4276,600188.SH,20031030,8.43,8.43,8.16,8.3,8.43,-0.13,-1.54,8244.72,6837.728
4277,600188.SH,20031029,8.35,8.46,8.31,8.43,8.35,0.08,0.96,25392.21,21319.642
4278,600188.SH,20031028,8.11,8.4,8.11,8.35,8.11,0.24,2.96,23781.52,19647.215
4279,600188.SH,20031027,8.11,8.15,8.08,8.11,8.17,-0.06,-0.73,3854.49,3131.041
4280,600188.SH,20031024,8.25,8.29,8.12,8.17,8.25,-0.08,-0.97,5102.41,4171.249
4281,600188.SH,20031023,8.45,8.45,8.21,8.25,8.45,-0.2,-2.37,13572.49,11282.167
4282,600188.SH,20031022,8.21,8.48,8.17,8.45,8.21,0.24,2.92,18829.0,15774.445
4283,600188.SH,20031021,8.0,8.25,8.0,8.21,8.13,0.08,0.98,8858.06,7242.632
4284,600188.SH,20031020,8.1,8.16,7.95,8.13,8.1,0.03,0.37,11983.89,9626.12
4285,600188.SH,20031017,8.1,8.17,8.07,8.1,8.1,0.0,0.0,7320.7,5935.023
4286,600188.SH,20031016,8.1,8.17,8.05,8.1,8.1,0.0,0.0,12544.97,10176.102
4287,600188.SH,20031015,8.26,8.29,8.04,8.1,8.26,-0.16,-1.94,20673.58,16795.047
4288,600188.SH,20031014,8.26,8.38,8.1,8.26,8.33,-0.07,-0.84,10807.44,8870.15
4289,600188.SH,20031013,8.46,8.48,8.3,8.33,8.46,-0.13,-1.54,21737.08,18229.008
4290,600188.SH,20031010,8.02,8.5,8.0,8.46,8.01,0.45,5.62,37409.91,31121.932
4291,600188.SH,20031009,7.86,8.04,7.86,8.01,7.86,0.15,1.91,11649.48,9296.889
4292,600188.SH,20031008,7.62,7.92,7.62,7.86,7.77,0.09,1.16,4737.63,3714.128
4293,600188.SH,20030930,7.71,7.78,7.67,7.77,7.71,0.06,0.78,3541.0,2739.038
4294,600188.SH,20030929,7.8,7.81,7.7,7.71,7.79,-0.08,-1.03,14161.0,10950.649
4295,600188.SH,20030926,7.77,7.82,7.73,7.79,7.8,-0.01,-0.13,1098.9,854.391
4296,600188.SH,20030925,7.9,7.9,7.53,7.8,7.92,-0.12,-1.52,2880.0,2248.084
4297,600188.SH,20030924,7.88,7.92,7.81,7.92,7.83,0.09,1.15,6690.13,5254.067
4298,600188.SH,20030923,7.75,7.9,7.57,7.83,7.79,0.04,0.51,5086.96,3910.331
4299,600188.SH,20030922,7.92,7.92,7.78,7.79,7.94,-0.15,-1.89,1560.0,1220.979
4300,600188.SH,20030919,7.83,7.97,7.78,7.94,7.83,0.11,1.4,3584.21,2819.127
4301,600188.SH,20030918,7.73,7.85,7.73,7.83,7.79,0.04,0.51,2646.93,2062.668
4302,600188.SH,20030917,7.8,7.87,7.75,7.79,7.85,-0.06,-0.76,2435.5,1906.216
4303,600188.SH,20030916,7.73,7.85,7.72,7.85,7.78,0.07,0.9,2553.89,1981.272
4304,600188.SH,20030915,7.87,7.92,7.74,7.78,7.85,-0.07,-0.89,2585.6,2021.928
4305,600188.SH,20030912,7.9,7.92,7.84,7.85,7.92,-0.07,-0.88,2535.18,1998.07
4306,600188.SH,20030911,7.87,7.95,7.85,7.92,7.89,0.03,0.38,1612.4,1277.104
4307,600188.SH,20030910,7.96,7.96,7.84,7.89,7.93,-0.04,-0.5,2295.69,1816.885
4308,600188.SH,20030909,7.9,7.93,7.83,7.93,7.83,0.1,1.28,2086.83,1644.197
4309,600188.SH,20030908,7.9,7.97,7.83,7.83,7.9,-0.07,-0.89,4964.5,3913.506
4310,600188.SH,20030905,8.04,8.04,7.86,7.9,8.04,-0.14,-1.74,5377.9,4269.302
4311,600188.SH,20030904,8.11,8.12,8.01,8.04,8.11,-0.07,-0.86,5366.39,4326.846
4312,600188.SH,20030903,8.11,8.18,8.04,8.11,8.12,-0.01,-0.12,11203.4,9093.403
4313,600188.SH,20030902,8.22,8.23,8.1,8.12,8.21,-0.09,-1.1,6335.83,5157.33
4314,600188.SH,20030901,8.14,8.22,8.06,8.21,8.11,0.1,1.23,8301.27,6768.631
4315,600188.SH,20030829,7.97,8.12,7.97,8.11,8.0,0.11,1.38,6014.39,4836.115
4316,600188.SH,20030828,7.93,8.07,7.93,8.0,7.97,0.03,0.38,5955.86,4782.309
4317,600188.SH,20030827,7.9,8.01,7.9,7.97,7.89,0.08,1.01,2371.0,1894.269
4318,600188.SH,20030826,7.82,7.98,7.82,7.89,7.91,-0.02,-0.25,2267.03,1790.689
4319,600188.SH,20030825,7.9,7.99,7.82,7.91,8.02,-0.11,-1.37,4535.0,3574.075
4320,600188.SH,20030822,8.02,8.09,8.0,8.02,8.04,-0.02,-0.25,3215.79,2585.899
4321,600188.SH,20030821,8.01,8.05,7.96,8.04,8.01,0.03,0.37,2737.25,2196.88
4322,600188.SH,20030820,8.08,8.08,8.0,8.01,8.09,-0.08,-0.99,2657.14,2128.667
4323,600188.SH,20030819,8.0,8.11,7.96,8.09,8.0,0.09,1.13,5199.55,4170.116
4324,600188.SH,20030818,8.11,8.11,7.98,8.0,8.11,-0.11,-1.36,7641.85,6124.333
4325,600188.SH,20030815,8.13,8.19,8.1,8.11,8.13,-0.02,-0.25,3544.0,2877.664
4326,600188.SH,20030814,8.31,8.32,8.12,8.13,8.31,-0.18,-2.17,7186.12,5885.713
4327,600188.SH,20030813,8.36,8.44,8.3,8.31,8.4,-0.09,-1.07,2183.18,1820.054
4328,600188.SH,20030812,8.3,8.42,8.3,8.4,8.32,0.08,0.96,2882.54,2412.115
4329,600188.SH,20030811,8.32,8.37,8.27,8.32,8.32,0.0,0.0,3720.8,3089.073
4330,600188.SH,20030808,8.41,8.5,8.3,8.32,8.4,-0.08,-0.95,5379.3,4495.916
4331,600188.SH,20030807,8.51,8.51,8.4,8.4,8.41,-0.01,-0.12,3432.73,2896.563
4332,600188.SH,20030806,8.51,8.52,8.35,8.41,8.54,-0.13,-1.52,4917.02,4128.874
4333,600188.SH,20030805,8.6,8.6,8.52,8.54,8.59,-0.05,-0.58,2151.9,1840.79
4334,600188.SH,20030804,8.46,8.65,8.45,8.59,8.46,0.13,1.54,5189.56,4431.486
4335,600188.SH,20030801,8.46,8.51,8.39,8.46,8.46,0.0,0.0,2314.6,1951.94
4336,600188.SH,20030731,8.46,8.5,8.4,8.46,8.46,0.0,0.0,2266.7,1915.106
4337,600188.SH,20030730,8.55,8.6,8.37,8.46,8.58,-0.12,-1.4,13015.7,10982.305
4338,600188.SH,20030729,8.55,8.62,8.5,8.58,8.54,0.04,0.47,3933.85,3368.1
4339,600188.SH,20030728,8.74,8.74,8.53,8.54,8.78,-0.24,-2.73,8846.0,7589.683
4340,600188.SH,20030725,8.9,8.98,8.76,8.78,8.91,-0.13,-1.46,7737.39,6832.957
4341,600188.SH,20030724,9.05,9.06,8.9,8.91,9.05,-0.14,-1.55,1983.64,1774.385
4342,600188.SH,20030723,9.1,9.11,9.02,9.05,9.08,-0.03,-0.33,2685.2,2437.194
4343,600188.SH,20030722,8.9,9.1,8.9,9.08,8.9,0.18,2.02,7170.82,6466.705
4344,600188.SH,20030721,9.02,9.04,8.8,8.9,9.02,-0.12,-1.33,8899.58,7892.814
4345,600188.SH,20030718,9.28,9.34,9.02,9.02,9.23,-0.21,-2.28,12593.29,11640.342
4346,600188.SH,20030717,9.14,9.29,9.09,9.23,9.09,0.14,1.54,24016.86,22112.398
4347,600188.SH,20030716,8.99,9.1,8.95,9.09,8.9,0.19,2.13,7547.15,6806.334
4348,600188.SH,20030715,8.98,9.09,8.88,8.9,9.0,-0.1,-1.11,5377.38,4809.444
4349,600188.SH,20030714,9.2,9.2,8.95,9.0,9.02,-0.02,-0.22,2265.0,2038.27
4350,600188.SH,20030711,9.1,9.22,9.08,9.12,9.08,0.04,0.44,5489.93,5019.09
4351,600188.SH,20030710,8.98,9.11,8.88,9.08,8.87,0.21,2.37,9348.31,8458.515
4352,600188.SH,20030709,8.98,9.0,8.85,8.87,8.94,-0.07,-0.78,3062.61,2724.053
4353,600188.SH,20030708,9.03,9.1,8.8,8.94,9.03,-0.09,-1.0,9075.21,8116.352
4354,600188.SH,20030707,8.98,9.03,8.85,9.03,8.98,0.05,0.56,3020.75,2701.882
4355,600188.SH,20030704,8.93,9.05,8.9,8.98,8.92,0.06,0.67,5762.85,5181.473
4356,600188.SH,20030703,8.93,8.95,8.8,8.92,8.9,0.02,0.22,5628.51,4999.648
4357,600188.SH,20030702,8.73,8.9,8.73,8.9,8.79,0.11,1.25,9371.93,8257.345
4358,600188.SH,20030701,8.94,9.08,8.78,8.79,8.93,-0.14,-1.57,9163.61,8200.338
4359,600188.SH,20030630,9.15,9.24,8.88,8.93,9.33,-0.4,-4.29,12896.9,11632.076
4360,600188.SH,20030626,9.21,9.35,9.2,9.33,9.24,0.09,0.97,11465.53,10613.226
4361,600188.SH,20030625,9.28,9.38,9.19,9.24,9.21,0.03,0.33,4535.54,4185.734
4362,600188.SH,20030624,9.2,9.28,9.16,9.21,9.19,0.02,0.22,2638.54,2429.096
4363,600188.SH,20030623,9.3,9.33,9.15,9.19,9.36,-0.17,-1.82,5701.7,5250.315
4364,600188.SH,20030620,9.38,9.46,9.28,9.36,9.43,-0.07,-0.74,7100.55,6617.813
4365,600188.SH,20030619,9.41,9.52,9.32,9.43,9.49,-0.06,-0.63,8614.54,8092.899
4366,600188.SH,20030618,9.6,9.65,9.45,9.49,9.6,-0.11,-1.15,8005.11,7626.467
4367,600188.SH,20030617,9.7,9.79,9.5,9.6,9.61,-0.01,-0.1,12231.01,11748.749
4368,600188.SH,20030616,9.73,9.78,9.55,9.61,9.73,-0.12,-1.23,13627.2,13084.804
4369,600188.SH,20030613,9.68,9.76,9.59,9.73,9.67,0.06,0.62,13660.69,13210.843
4370,600188.SH,20030612,9.7,9.83,9.64,9.67,9.66,0.01,0.1,10551.09,10249.894
4371,600188.SH,20030611,9.5,9.75,9.47,9.66,9.47,0.19,2.01,22981.03,22141.339
4372,600188.SH,20030610,9.39,9.55,9.35,9.47,9.39,0.08,0.85,9143.0,8649.556
4373,600188.SH,20030609,9.4,9.52,9.23,9.39,9.48,-0.09,-0.95,19055.6,17876.982
4374,600188.SH,20030606,9.8,9.82,9.47,9.48,9.8,-0.32,-3.27,24549.53,23535.344
4375,600188.SH,20030605,9.68,10.12,9.68,9.8,9.63,0.17,1.77,84459.6,83705.78
4376,600188.SH,20030604,9.7,9.8,9.5,9.63,9.43,0.2,2.12,27316.05,26220.538
4377,600188.SH,20030603,9.5,9.63,9.39,9.43,9.5,-0.07,-0.74,10965.2,10398.221
4378,600188.SH,20030602,9.6,9.6,9.44,9.5,9.57,-0.07,-0.73,8389.7,7953.099
4379,600188.SH,20030530,9.7,9.7,9.47,9.57,9.64,-0.07,-0.73,14087.79,13411.437
4380,600188.SH,20030529,9.52,9.65,9.49,9.64,9.55,0.09,0.94,11460.25,10962.354
4381,600188.SH,20030528,9.8,9.86,9.52,9.55,9.8,-0.25,-2.55,16980.9,16426.286
4382,600188.SH,20030527,9.95,10.0,9.72,9.8,9.89,-0.09,-0.91,21023.69,20609.123
4383,600188.SH,20030526,9.91,10.05,9.81,9.89,9.88,0.01,0.1,36816.44,36563.795
4384,600188.SH,20030523,9.6,10.1,9.53,9.88,9.54,0.34,3.56,72452.37,71849.067
4385,600188.SH,20030522,9.5,9.56,9.41,9.54,9.5,0.04,0.42,7730.79,7346.814
4386,600188.SH,20030521,9.41,9.67,9.41,9.5,9.41,0.09,0.96,12036.05,11520.348
4387,600188.SH,20030520,9.63,9.7,9.38,9.41,9.63,-0.22,-2.28,15511.89,14704.568
4388,600188.SH,20030519,9.65,9.8,9.58,9.63,9.63,0.0,0.0,16805.51,16286.103
4389,600188.SH,20030516,9.55,9.73,9.5,9.63,9.58,0.05,0.52,31269.61,30109.858
4390,600188.SH,20030515,9.28,9.75,9.28,9.58,9.24,0.34,3.68,119147.81,114320.998
4391,600188.SH,20030514,8.84,9.32,8.76,9.24,8.9,0.34,3.82,23757.4,21561.738
4392,600188.SH,20030513,9.3,9.35,8.84,8.9,9.3,-0.4,-4.3,38719.0,35641.51
4393,600188.SH,20030512,9.2,9.34,9.1,9.3,9.19,0.11,1.2,66136.27,61226.743
4394,600188.SH,20030430,9.03,9.5,9.03,9.19,9.09,0.1,1.1,92909.98,85733.473
4395,600188.SH,20030429,9.23,9.23,8.8,9.09,9.24,-0.15,-1.62,20604.08,18648.049
4396,600188.SH,20030428,9.09,9.36,8.72,9.24,8.99,0.25,2.78,24051.24,21844.721
4397,600188.SH,20030425,8.98,9.19,8.96,8.99,9.0,-0.01,-0.11,44657.5,40361.171
4398,600188.SH,20030424,9.26,9.29,8.9,9.0,9.3,-0.3,-3.23,15307.5,13846.501
4399,600188.SH,20030423,9.4,9.42,9.19,9.3,9.42,-0.12,-1.27,15054.98,13900.059
4400,600188.SH,20030422,9.48,9.49,9.23,9.42,9.35,0.07,0.75,6833.61,6409.842
4401,600188.SH,20030421,9.55,9.55,9.3,9.35,9.57,-0.22,-2.3,16554.0,15507.154
4402,600188.SH,20030418,9.63,9.7,9.45,9.57,9.6,-0.03,-0.31,49764.27,47817.956
4403,600188.SH,20030417,9.55,9.8,9.38,9.6,9.52,0.08,0.84,61799.9,58898.826
4404,600188.SH,20030416,10.0,10.0,9.46,9.52,10.0,-0.48,-4.8,70950.3,69214.654
4405,600188.SH,20030415,10.0,10.2,9.9,10.0,9.9,0.1,1.01,62781.79,62850.897
4406,600188.SH,20030414,10.01,10.01,9.78,9.9,9.8,0.1,1.02,38634.27,38179.798
4407,600188.SH,20030411,9.46,9.91,9.4,9.8,9.45,0.35,3.7,44155.64,42865.998
4408,600188.SH,20030410,9.49,9.74,9.42,9.45,9.47,-0.02,-0.21,80522.01,76936.674
4409,600188.SH,20030409,9.11,9.6,9.1,9.47,9.11,0.36,3.95,71034.7,66590.676
4410,600188.SH,20030408,8.95,9.12,8.9,9.11,9.0,0.11,1.22,10429.92,9385.568
4411,600188.SH,20030407,9.06,9.2,8.96,9.0,9.04,-0.04,-0.44,8648.06,7846.081
4412,600188.SH,20030404,8.94,9.18,8.88,9.04,8.95,0.09,1.01,4253.68,3818.85
4413,600188.SH,20030403,9.01,9.08,8.95,8.95,9.05,-0.1,-1.11,6792.82,6103.807
4414,600188.SH,20030402,9.0,9.05,8.96,9.05,9.05,0.0,0.0,5556.66,5000.733
4415,600188.SH,20030401,9.08,9.1,8.99,9.05,9.08,-0.03,-0.33,11607.45,10491.146
4416,600188.SH,20030331,8.81,9.15,8.81,9.08,8.8,0.28,3.18,24920.39,22438.791
4417,600188.SH,20030328,8.74,8.95,8.67,8.8,8.74,0.06,0.69,15517.06,13730.638
4418,600188.SH,20030327,8.52,8.78,8.46,8.74,8.51,0.23,2.7,3983.72,3430.354
4419,600188.SH,20030326,8.47,8.58,8.4,8.51,8.47,0.04,0.47,14926.07,12692.666
4420,600188.SH,20030325,8.65,8.66,8.46,8.47,8.66,-0.19,-2.19,1832.34,1563.613
4421,600188.SH,20030324,8.68,8.73,8.62,8.66,8.66,0.0,0.0,1019.01,882.428
4422,600188.SH,20030321,8.66,8.67,8.6,8.66,8.58,0.08,0.93,1293.27,1117.39
4423,600188.SH,20030320,8.61,8.75,8.52,8.58,8.61,-0.03,-0.35,7885.82,6796.344
4424,600188.SH,20030319,8.66,8.7,8.5,8.61,8.67,-0.06,-0.69,1786.5,1541.497
4425,600188.SH,20030318,8.57,8.82,8.57,8.67,8.55,0.12,1.4,6843.86,6001.355
4426,600188.SH,20030317,8.39,8.56,8.39,8.55,8.46,0.09,1.06,2043.5,1729.171
4427,600188.SH,20030314,8.5,8.55,8.44,8.46,8.51,-0.05,-0.59,2383.0,2020.031
4428,600188.SH,20030313,8.66,8.67,8.46,8.51,8.66,-0.15,-1.73,2925.5,2495.954
4429,600188.SH,20030312,8.7,8.75,8.6,8.66,8.7,-0.04,-0.46,3581.0,3104.316
4430,600188.SH,20030311,8.73,8.74,8.62,8.7,8.75,-0.05,-0.57,4204.0,3655.441
4431,600188.SH,20030310,8.83,8.9,8.6,8.75,8.91,-0.16,-1.8,4352.0,3810.033
4432,600188.SH,20030307,8.86,8.98,8.86,8.91,8.86,0.05,0.56,4092.01,3643.23
4433,600188.SH,20030306,8.81,9.01,8.81,8.86,9.0,-0.14,-1.56,4078.89,3625.46
4434,600188.SH,20030305,9.03,9.05,8.9,9.0,9.06,-0.06,-0.66,6633.43,5949.278
4435,600188.SH,20030304,9.01,9.15,9.01,9.06,9.15,-0.09,-0.98,1838.5,1666.179
4436,600188.SH,20030303,9.1,9.19,9.0,9.15,9.1,0.05,0.55,5492.38,4995.838
4437,600188.SH,20030228,9.14,9.14,9.0,9.1,9.14,-0.04,-0.44,8514.31,7678.613
4438,600188.SH,20030227,9.2,9.22,9.12,9.14,9.18,-0.04,-0.44,2927.0,2688.851
4439,600188.SH,20030226,9.25,9.25,9.12,9.18,9.18,0.0,0.0,2899.31,2662.145
4440,600188.SH,20030225,9.05,9.3,9.05,9.18,9.05,0.13,1.44,9946.0,9126.459
4441,600188.SH,20030224,8.91,9.1,8.9,9.05,8.91,0.14,1.57,14185.88,12826.792
4442,600188.SH,20030221,9.16,9.16,8.91,8.91,9.16,-0.25,-2.73,9188.0,8271.094
4443,600188.SH,20030220,9.19,9.21,9.05,9.16,9.12,0.04,0.44,3545.59,3247.388
4444,600188.SH,20030219,9.01,9.2,9.01,9.12,9.02,0.1,1.11,2073.1,1884.896
4445,600188.SH,20030218,9.0,9.05,8.96,9.02,9.02,0.0,0.0,5235.86,4713.4
4446,600188.SH,20030217,9.2,9.28,8.98,9.02,9.21,-0.19,-2.06,6499.92,5933.407
4447,600188.SH,20030214,9.05,9.3,9.01,9.21,9.06,0.15,1.66,8377.57,7694.259
4448,600188.SH,20030213,9.15,9.28,9.03,9.06,9.15,-0.09,-0.98,8677.95,7962.868
4449,600188.SH,20030212,9.0,9.2,8.9,9.15,8.99,0.16,1.78,16489.94,15028.103
4450,600188.SH,20030211,8.68,9.0,8.68,8.99,8.75,0.24,2.74,5872.61,5196.042
4451,600188.SH,20030210,9.0,9.0,8.73,8.75,8.94,-0.19,-2.13,6894.0,6096.456
4452,600188.SH,20030129,9.0,9.02,8.93,8.94,9.0,-0.06,-0.67,3737.5,3356.187
4453,600188.SH,20030128,9.0,9.16,8.93,9.0,9.0,0.0,0.0,6474.06,5839.49
4454,600188.SH,20030127,8.85,9.2,8.76,9.0,8.81,0.19,2.16,28698.8,25871.391
4455,600188.SH,20030124,8.55,8.88,8.55,8.81,8.58,0.23,2.68,15466.9,13546.599
4456,600188.SH,20030123,8.55,8.66,8.52,8.58,8.59,-0.01,-0.12,9134.99,7864.317
4457,600188.SH,20030122,8.54,8.7,8.52,8.59,8.59,0.0,0.0,6317.0,5409.56
4458,600188.SH,20030121,8.6,8.8,8.58,8.59,8.68,-0.09,-1.04,8193.9,7112.709
4459,600188.SH,20030120,8.7,8.7,8.55,8.68,8.75,-0.07,-0.8,6212.9,5367.264
4460,600188.SH,20030117,8.84,8.89,8.66,8.75,8.84,-0.09,-1.02,9369.15,8214.295
4461,600188.SH,20030116,8.64,8.9,8.6,8.84,8.71,0.13,1.49,22057.39,19370.438
4462,600188.SH,20030115,8.71,8.8,8.6,8.71,8.71,0.0,0.0,29104.4,25345.646
4463,600188.SH,20030114,8.18,9.0,8.18,8.71,8.21,0.5,6.09,38451.33,33512.534
4464,600188.SH,20030113,8.2,8.3,8.15,8.21,8.24,-0.03,-0.36,2787.64,2285.135
4465,600188.SH,20030110,8.38,8.45,8.2,8.24,8.33,-0.09,-1.08,9537.13,7943.116
4466,600188.SH,20030109,8.28,8.42,8.15,8.33,8.31,0.02,0.24,11231.78,9342.291
4467,600188.SH,20030108,7.95,8.5,7.81,8.31,7.9,0.41,5.19,6279.52,5149.942
4468,600188.SH,20030107,7.89,8.0,7.8,7.9,7.89,0.01,0.13,3691.6,2923.7
4469,600188.SH,20030106,7.85,8.0,7.72,7.89,7.85,0.04,0.51,4230.75,3321.018
4470,600188.SH,20030103,7.88,7.92,7.78,7.85,7.87,-0.02,-0.25,6463.0,5060.078
4471,600188.SH,20030102,8.1,8.1,7.81,7.87,8.24,-0.37,-4.49,7388.9,5850.59
4472,600188.SH,20021231,8.18,8.3,8.01,8.24,8.18,0.06,0.73,4180.04,3406.225
4473,600188.SH,20021230,8.16,8.2,8.02,8.18,8.21,-0.03,-0.37,3739.12,3025.997
4474,600188.SH,20021227,8.2,8.3,8.1,8.21,8.25,-0.04,-0.48,6265.93,5157.779
4475,600188.SH,20021226,8.45,8.5,8.25,8.25,8.53,-0.28,-3.28,3787.0,3158.174
4476,600188.SH,20021225,8.61,8.66,8.47,8.53,8.6,-0.07,-0.81,4026.0,3451.665
4477,600188.SH,20021224,8.61,8.61,8.5,8.6,8.58,0.02,0.23,4333.42,3717.069
4478,600188.SH,20021223,8.65,8.65,8.56,8.58,8.6,-0.02,-0.23,5020.96,4327.16
4479,600188.SH,20021220,8.53,8.65,8.45,8.6,8.52,0.08,0.94,10274.92,8804.263
4480,600188.SH,20021219,8.55,8.56,8.42,8.52,8.55,-0.03,-0.35,3028.0,2569.646
4481,600188.SH,20021218,8.55,8.66,8.46,8.55,8.55,0.0,0.0,9727.93,8358.527
4482,600188.SH,20021217,8.58,8.58,8.47,8.55,8.53,0.02,0.23,4364.42,3724.104
4483,600188.SH,20021216,8.37,8.55,8.31,8.53,8.36,0.17,2.03,13097.39,11118.338
4484,600188.SH,20021213,8.15,8.45,8.15,8.36,8.29,0.07,0.84,10150.8,8452.243
4485,600188.SH,20021212,8.25,8.4,8.18,8.29,8.22,0.07,0.85,4587.0,3816.359
4486,600188.SH,20021211,8.2,8.3,8.13,8.22,8.28,-0.06,-0.72,2610.86,2151.097
4487,600188.SH,20021210,8.45,8.54,8.25,8.28,8.41,-0.13,-1.55,6411.6,5407.015
4488,600188.SH,20021209,8.39,8.55,8.39,8.41,8.39,0.02,0.24,5725.2,4853.212
4489,600188.SH,20021206,8.33,8.45,8.3,8.39,8.33,0.06,0.72,3684.55,3095.788
4490,600188.SH,20021205,8.45,8.45,8.28,8.33,8.45,-0.12,-1.42,2376.67,1979.666
4491,600188.SH,20021204,8.45,8.59,8.37,8.45,8.42,0.03,0.36,12436.2,10570.432
4492,600188.SH,20021203,8.24,8.45,8.24,8.42,8.29,0.13,1.57,2810.7,2343.963
4493,600188.SH,20021202,8.0,8.48,8.0,8.29,8.52,-0.23,-2.7,6138.71,5098.974
4494,600188.SH,20021129,8.46,8.8,8.35,8.52,8.45,0.07,0.83,39957.96,34270.617
4495,600188.SH,20021128,8.19,8.49,8.14,8.45,8.18,0.27,3.3,24455.42,20082.499
4496,600188.SH,20021127,8.06,8.23,8.06,8.18,8.14,0.04,0.49,3074.6,2495.246
4497,600188.SH,20021126,8.49,8.57,8.1,8.14,8.49,-0.35,-4.12,6535.0,5443.761
4498,600188.SH,20021125,8.34,8.5,8.34,8.49,8.47,0.02,0.24,1284.0,1084.599
4499,600188.SH,20021122,8.55,8.6,8.39,8.47,8.45,0.02,0.24,4239.95,3593.399
4500,600188.SH,20021121,8.71,8.75,8.4,8.45,8.84,-0.39,-4.41,21295.67,18193.537
4501,600188.SH,20021120,9.09,9.1,8.82,8.84,9.19,-0.35,-3.81,11250.42,10031.365
4502,600188.SH,20021119,9.17,9.2,9.05,9.19,9.18,0.01,0.11,5713.04,5209.395
4503,600188.SH,20021118,9.36,9.36,9.15,9.18,9.36,-0.18,-1.92,2233.4,2062.666
4504,600188.SH,20021115,9.35,9.55,9.3,9.36,9.41,-0.05,-0.53,7845.23,7399.899
4505,600188.SH,20021114,9.55,9.59,9.41,9.41,9.6,-0.19,-1.98,6088.67,5747.784
4506,600188.SH,20021113,9.53,9.61,9.41,9.6,9.55,0.05,0.52,5858.93,5562.887
4507,600188.SH,20021112,9.6,9.82,9.5,9.55,9.58,-0.03,-0.31,7203.8,6959.817
4508,600188.SH,20021111,9.7,9.8,9.54,9.58,9.7,-0.12,-1.24,5391.57,5204.604
4509,600188.SH,20021108,9.98,9.98,9.61,9.7,9.84,-0.14,-1.42,15495.38,15184.901
4510,600188.SH,20021107,9.8,9.95,9.8,9.84,9.82,0.02,0.2,18754.72,18567.791
4511,600188.SH,20021106,9.92,9.92,9.75,9.82,9.93,-0.11,-1.11,19477.1,19126.457
4512,600188.SH,20021105,9.74,10.01,9.74,9.93,9.75,0.18,1.85,38658.9,38272.912
4513,600188.SH,20021104,9.63,9.8,9.61,9.75,9.63,0.12,1.25,7149.1,6960.539
4514,600188.SH,20021101,9.58,9.64,9.5,9.63,9.58,0.05,0.52,1439.75,1379.302
4515,600188.SH,20021031,9.51,9.67,9.5,9.58,9.56,0.02,0.21,4394.01,4221.618
4516,600188.SH,20021030,9.53,9.61,9.5,9.56,9.6,-0.04,-0.42,2342.82,2241.989
4517,600188.SH,20021029,9.52,9.68,9.46,9.6,9.52,0.08,0.84,3099.07,2952.685
4518,600188.SH,20021028,9.65,9.7,9.46,9.52,9.66,-0.14,-1.45,2934.7,2793.017
4519,600188.SH,20021025,9.8,9.8,9.65,9.66,9.74,-0.08,-0.82,2936.0,2859.801
4520,600188.SH,20021024,9.8,9.82,9.73,9.74,9.8,-0.06,-0.61,5671.0,5552.468
4521,600188.SH,20021023,9.8,9.85,9.75,9.8,9.82,-0.02,-0.2,11648.6,11435.627
4522,600188.SH,20021022,9.75,9.95,9.72,9.82,9.72,0.1,1.03,11553.59,11364.191
4523,600188.SH,20021021,9.72,9.8,9.6,9.72,9.7,0.02,0.21,5506.48,5354.977
4524,600188.SH,20021018,9.5,9.74,9.5,9.7,9.58,0.12,1.25,5910.5,5704.448
4525,600188.SH,20021017,9.72,9.72,9.5,9.58,9.71,-0.13,-1.34,2272.28,2173.802
4526,600188.SH,20021016,9.65,9.8,9.6,9.71,9.66,0.05,0.52,7657.0,7436.791
4527,600188.SH,20021015,9.6,9.68,9.47,9.66,9.5,0.16,1.68,6534.5,6268.752
4528,600188.SH,20021014,9.45,9.52,9.45,9.5,9.49,0.01,0.11,2407.67,2283.169
4529,600188.SH,20021011,9.66,9.67,9.49,9.49,9.69,-0.2,-2.06,1407.99,1350.755
4530,600188.SH,20021010,9.65,9.73,9.6,9.69,9.68,0.01,0.1,1292.67,1250.892
4531,600188.SH,20021009,9.78,9.78,9.68,9.68,9.8,-0.12,-1.22,3076.0,2989.661
4532,600188.SH,20021008,9.85,9.85,9.69,9.8,9.95,-0.15,-1.51,2195.89,2148.067
4533,600188.SH,20020927,9.7,10.08,9.7,9.95,9.72,0.23,2.37,3305.63,3241.299
4534,600188.SH,20020926,9.73,9.75,9.7,9.72,9.75,-0.03,-0.31,3530.19,3432.235
4535,600188.SH,20020925,9.75,9.8,9.73,9.75,9.75,0.0,0.0,2923.3,2853.635
4536,600188.SH,20020924,9.82,9.85,9.74,9.75,9.8,-0.05,-0.51,3043.64,2977.259
4537,600188.SH,20020923,9.8,9.85,9.77,9.8,9.84,-0.04,-0.41,1372.39,1345.869
4538,600188.SH,20020920,9.92,9.92,9.79,9.84,9.91,-0.07,-0.71,2273.6,2238.764
4539,600188.SH,20020919,9.82,9.99,9.8,9.91,9.86,0.05,0.51,7341.18,7263.236
4540,600188.SH,20020918,9.97,9.97,9.85,9.86,9.97,-0.11,-1.1,2451.9,2426.657
4541,600188.SH,20020917,10.03,10.05,9.92,9.97,9.99,-0.02,-0.2,1806.2,1798.517
4542,600188.SH,20020916,10.1,10.1,9.92,9.99,10.0,-0.01,-0.1,2436.01,2430.324
4543,600188.SH,20020913,9.98,10.01,9.96,10.0,10.0,0.0,0.0,2150.0,2148.104
4544,600188.SH,20020912,9.96,10.04,9.93,10.0,9.95,0.05,0.5,2012.84,2010.836
4545,600188.SH,20020911,10.01,10.05,9.92,9.95,10.0,-0.05,-0.5,3681.81,3662.743
4546,600188.SH,20020910,9.99,10.07,9.99,10.0,10.0,0.0,0.0,1726.52,1727.255
4547,600188.SH,20020909,10.06,10.06,9.97,10.0,10.07,-0.07,-0.7,4462.28,4462.42
4548,600188.SH,20020906,10.1,10.15,10.05,10.07,10.11,-0.04,-0.4,4817.35,4862.76
4549,600188.SH,20020905,10.2,10.2,10.1,10.11,10.19,-0.08,-0.79,4805.0,4874.197
4550,600188.SH,20020904,10.25,10.27,10.17,10.19,10.25,-0.06,-0.59,2991.9,3052.905
4551,600188.SH,20020903,10.23,10.4,10.23,10.25,10.23,0.02,0.2,1635.95,1680.182
4552,600188.SH,20020902,10.22,10.28,10.2,10.23,10.22,0.01,0.1,2667.6,2732.396
4553,600188.SH,20020830,10.21,10.26,10.19,10.22,10.23,-0.01,-0.1,1814.08,1851.648
4554,600188.SH,20020829,10.35,10.38,10.22,10.23,10.33,-0.1,-0.97,3710.1,3809.281
4555,600188.SH,20020828,10.38,10.4,10.32,10.33,10.37,-0.04,-0.39,3519.0,3641.29
4556,600188.SH,20020827,10.43,10.45,10.31,10.37,10.39,-0.02,-0.19,4045.99,4188.593
4557,600188.SH,20020826,10.39,10.56,10.37,10.39,10.39,0.0,0.0,18248.74,19097.735
4558,600188.SH,20020823,10.41,10.45,10.35,10.39,10.36,0.03,0.29,6381.13,6635.742
4559,600188.SH,20020822,10.33,10.48,10.33,10.36,10.32,0.04,0.39,12107.5,12595.355
4560,600188.SH,20020821,10.36,10.43,10.27,10.32,10.41,-0.09,-0.86,5066.95,5251.177
4561,600188.SH,20020820,10.26,10.46,10.23,10.41,10.29,0.12,1.17,11394.77,11840.776
4562,600188.SH,20020819,10.27,10.32,10.2,10.29,10.2,0.09,0.88,5993.2,6163.269
4563,600188.SH,20020816,10.1,10.28,10.1,10.2,10.12,0.08,0.79,3241.06,3297.774
4564,600188.SH,20020815,10.18,10.18,10.1,10.12,10.2,-0.08,-0.78,2271.0,2300.879
4565,600188.SH,20020814,10.2,10.22,10.15,10.2,10.17,0.03,0.3,1814.26,1847.376
4566,600188.SH,20020813,10.08,10.22,10.08,10.17,10.17,0.0,0.0,1852.49,1885.481
4567,600188.SH,20020812,10.11,10.22,10.1,10.17,10.12,0.05,0.49,4042.51,4100.584
4568,600188.SH,20020809,10.15,10.19,10.11,10.12,10.15,-0.03,-0.3,3004.5,3046.52
4569,600188.SH,20020808,10.3,10.32,10.14,10.15,10.29,-0.14,-1.36,3043.62,3109.822
4570,600188.SH,20020807,10.25,10.35,10.24,10.29,10.29,0.0,0.0,1567.66,1614.446
4571,600188.SH,20020806,10.21,10.38,10.21,10.29,10.21,0.08,0.78,12899.48,13257.535
4572,600188.SH,20020805,10.3,10.31,10.21,10.21,10.27,-0.06,-0.58,2344.83,2399.164
4573,600188.SH,20020802,10.32,10.4,10.24,10.27,10.23,0.04,0.39,3560.4,3663.598
4574,600188.SH,20020801,10.41,10.45,10.21,10.23,10.35,-0.12,-1.16,8077.45,8289.605
4575,600188.SH,20020731,10.4,10.4,10.23,10.35,10.46,-0.11,-1.05,7188.46,7437.772
4576,600188.SH,20020730,10.34,10.48,10.24,10.46,10.31,0.15,1.45,10930.8,11316.579
4577,600188.SH,20020729,10.28,10.32,10.24,10.31,10.29,0.02,0.19,3455.72,3553.951
4578,600188.SH,20020726,10.35,10.36,10.26,10.29,10.29,0.0,0.0,4444.66,4578.207
4579,600188.SH,20020725,10.42,10.45,10.25,10.29,10.34,-0.05,-0.48,3920.99,4043.081
4580,600188.SH,20020724,10.35,10.4,10.25,10.34,10.37,-0.03,-0.29,9472.06,9769.838
4581,600188.SH,20020723,10.38,10.45,10.33,10.37,10.4,-0.03,-0.29,8177.74,8478.161
4582,600188.SH,20020722,10.7,10.7,10.38,10.4,10.69,-0.29,-2.71,21181.0,22212.954
4583,600188.SH,20020719,10.65,10.75,10.6,10.69,10.72,-0.03,-0.28,8018.68,8535.803
4584,600188.SH,20020718,10.79,10.79,10.6,10.72,10.64,0.08,0.75,15464.73,16577.49
4585,600188.SH,20020717,10.6,10.67,10.52,10.64,10.65,-0.01,-0.09,9361.43,9905.04
4586,600188.SH,20020716,10.7,10.9,10.6,10.65,10.66,-0.01,-0.09,11555.0,12417.511
4587,600188.SH,20020715,10.75,10.82,10.62,10.66,10.76,-0.1,-0.93,16266.18,17435.016
4588,600188.SH,20020712,10.75,10.82,10.66,10.76,10.72,0.04,0.37,44839.86,48270.082
4589,600188.SH,20020711,10.6,10.75,10.5,10.72,10.55,0.17,1.61,53002.5,56473.178
4590,600188.SH,20020710,10.71,10.72,10.45,10.55,10.76,-0.21,-1.95,19348.13,20432.593
4591,600188.SH,20020709,10.69,10.85,10.65,10.76,10.67,0.09,0.84,20266.58,21818.688
4592,600188.SH,20020708,10.66,10.76,10.6,10.67,10.68,-0.01,-0.09,7982.0,8528.387
4593,600188.SH,20020705,10.6,10.75,10.56,10.68,10.63,0.05,0.47,11535.05,12308.172
4594,600188.SH,20020704,10.85,10.9,10.56,10.63,10.83,-0.2,-1.85,22870.75,24471.82
4595,600188.SH,20020703,10.8,10.88,10.7,10.83,10.72,0.11,1.03,27216.6,29408.338
4596,600188.SH,20020702,10.6,10.75,10.55,10.72,10.65,0.07,0.66,17265.41,18417.174
4597,600188.SH,20020701,11.0,11.1,10.65,10.65,10.92,-0.27,-2.47,46106.27,49960.318
4598,600188.SH,20020628,10.71,11.07,10.71,10.92,10.7,0.22,2.06,134169.3,146205.337
4599,600188.SH,20020627,10.7,10.8,10.6,10.7,10.71,-0.01,-0.09,22845.47,24401.334
4600,600188.SH,20020626,10.65,10.85,10.5,10.71,10.65,0.06,0.56,58427.7,62425.253
4601,600188.SH,20020625,10.65,10.9,10.5,10.65,10.65,0.0,0.0,98336.73,105809.314
4602,600188.SH,20020624,10.65,10.65,10.28,10.65,9.68,0.97,10.02,127986.71,135402.664
4603,600188.SH,20020621,9.42,9.85,9.42,9.78,9.39,0.39,4.15,20672.37,20030.525
4604,600188.SH,20020620,9.46,9.56,9.37,9.39,9.37,0.02,0.21,2485.08,2348.04
4605,600188.SH,20020619,9.53,9.54,9.36,9.37,9.58,-0.21,-2.19,2301.95,2172.877
4606,600188.SH,20020618,9.4,9.6,9.4,9.58,9.52,0.06,0.63,4163.86,3975.49
4607,600188.SH,20020617,9.21,9.8,9.18,9.52,9.27,0.25,2.7,2221.61,2074.129
4608,600188.SH,20020614,9.4,9.4,9.26,9.27,9.46,-0.19,-2.01,3372.29,3140.532
4609,600188.SH,20020613,9.58,9.58,9.46,9.46,9.52,-0.06,-0.63,2570.7,2442.394
4610,600188.SH,20020612,9.5,9.62,9.48,9.52,9.59,-0.07,-0.73,7953.94,7575.7
4611,600188.SH,20020611,9.46,9.63,9.41,9.59,9.51,0.08,0.84,9901.77,9461.288
4612,600188.SH,20020610,9.63,9.63,9.4,9.51,9.5,0.01,0.11,4227.96,4011.18
4613,600188.SH,20020606,9.21,9.69,9.19,9.5,9.23,0.27,2.93,8259.6,7782.42
4614,600188.SH,20020605,9.36,9.36,9.21,9.23,9.36,-0.13,-1.39,4099.66,3794.086
4615,600188.SH,20020604,9.31,9.41,9.26,9.36,9.32,0.04,0.43,18872.81,17581.655
4616,600188.SH,20020603,9.45,9.45,9.3,9.32,9.46,-0.14,-1.48,18271.67,17098.992
4617,600188.SH,20020531,9.51,9.59,9.45,9.46,9.5,-0.04,-0.42,5075.2,4836.934
4618,600188.SH,20020530,9.48,9.56,9.45,9.5,9.5,0.0,0.0,11049.22,10497.2
4619,600188.SH,20020529,9.6,9.6,9.45,9.5,9.6,-0.1,-1.04,10298.79,9781.733
4620,600188.SH,20020528,9.63,9.75,9.53,9.6,9.61,-0.01,-0.1,8360.0,8027.103
4621,600188.SH,20020527,9.65,9.75,9.57,9.61,9.59,0.02,0.21,7276.6,6991.32
4622,600188.SH,20020524,9.83,9.85,9.56,9.59,9.86,-0.27,-2.74,7857.3,7563.17
4623,600188.SH,20020523,9.88,10.0,9.8,9.86,9.9,-0.04,-0.4,4583.4,4526.775
4624,600188.SH,20020522,10.01,10.08,9.84,9.9,9.98,-0.08,-0.8,13572.5,13546.912
4625,600188.SH,20020521,9.88,10.02,9.74,9.98,9.6,0.38,3.96,12843.69,12709.467
4626,600188.SH,20020520,9.7,9.7,9.5,9.6,9.77,-0.17,-1.74,4969.29,4738.953
4627,600188.SH,20020517,9.58,9.8,9.51,9.77,9.58,0.19,1.98,10503.65,10148.235
4628,600188.SH,20020516,9.99,9.99,9.58,9.58,9.99,-0.41,-4.1,10402.45,10160.221
4629,600188.SH,20020515,10.05,10.09,9.93,9.99,10.03,-0.04,-0.4,5951.94,5940.457
4630,600188.SH,20020514,10.05,10.12,9.98,10.03,10.05,-0.02,-0.2,8527.32,8557.412
4631,600188.SH,20020513,10.1,10.28,10.02,10.05,10.2,-0.15,-1.47,7941.2,7997.015
4632,600188.SH,20020510,10.25,10.26,10.16,10.2,10.28,-0.08,-0.78,4580.56,4673.028
4633,600188.SH,20020509,10.34,10.35,10.22,10.28,10.36,-0.08,-0.77,6261.66,6440.84
4634,600188.SH,20020508,10.5,10.57,10.36,10.36,10.49,-0.13,-1.24,9403.41,9861.492
4635,600188.SH,20020430,10.45,10.56,10.35,10.49,10.39,0.1,0.96,13502.35,14083.424
4636,600188.SH,20020429,10.36,10.44,10.33,10.39,10.3,0.09,0.87,53299.0,55306.499
4637,600188.SH,20020426,10.08,10.31,10.08,10.3,10.2,0.1,0.98,35408.71,36377.364
4638,600188.SH,20020425,10.05,10.22,10.03,10.2,10.1,0.1,0.99,7061.84,7136.557
4639,600188.SH,20020424,10.25,10.27,10.09,10.1,10.25,-0.15,-1.46,37980.0,38676.421
4640,600188.SH,20020423,10.25,10.38,10.2,10.25,10.18,0.07,0.69,25099.09,25845.268
4641,600188.SH,20020419,10.25,10.25,10.08,10.18,10.27,-0.09,-0.88,13230.09,13439.636
4642,600188.SH,20020418,10.35,10.39,10.16,10.27,10.38,-0.11,-1.06,16817.86,17240.602
4643,600188.SH,20020417,10.38,10.45,10.26,10.38,10.37,0.01,0.1,16563.71,17166.933
4644,600188.SH,20020416,10.5,10.59,10.33,10.37,10.48,-0.11,-1.05,27465.95,28551.361
4645,600188.SH,20020415,10.45,10.5,10.3,10.48,10.45,0.03,0.29,14414.25,14990.7
4646,600188.SH,20020412,10.4,10.5,10.35,10.45,10.39,0.06,0.58,15641.85,16284.496
4647,600188.SH,20020411,10.68,10.78,10.38,10.39,10.68,-0.29,-2.72,31461.98,33245.854
4648,600188.SH,20020410,10.42,10.9,10.4,10.68,10.4,0.28,2.69,99503.72,106132.688
4649,600188.SH,20020409,10.35,10.45,10.3,10.4,10.34,0.06,0.58,16024.66,16629.428
4650,600188.SH,20020408,10.43,10.5,10.32,10.34,10.43,-0.09,-0.86,20172.32,20981.812
4651,600188.SH,20020405,10.29,10.45,10.2,10.43,10.29,0.14,1.36,44628.3,46140.274
4652,600188.SH,20020404,10.15,10.34,9.95,10.29,10.15,0.14,1.38,48806.11,49362.692
4653,600188.SH,20020403,10.25,10.25,9.98,10.15,10.08,0.07,0.69,18350.3,18593.918
4654,600188.SH,20020402,10.12,10.14,9.87,10.08,10.15,-0.07,-0.69,6434.55,6411.2
4655,600188.SH,20020401,10.0,10.17,9.88,10.15,10.09,0.06,0.59,8096.03,8119.684
4656,600188.SH,20020329,10.14,10.17,9.82,10.09,10.24,-0.15,-1.46,15897.62,15965.319
4657,600188.SH,20020328,10.2,10.27,10.05,10.24,10.22,0.02,0.2,13897.53,14151.59
4658,600188.SH,20020327,10.15,10.27,9.97,10.22,10.15,0.07,0.69,15070.41,15266.414
4659,600188.SH,20020326,9.9,10.16,9.8,10.15,9.87,0.28,2.84,34343.05,34405.478
4660,600188.SH,20020325,10.02,10.09,9.82,9.87,10.02,-0.15,-1.5,22860.35,22676.941
4661,600188.SH,20020322,10.15,10.18,10.0,10.02,10.16,-0.14,-1.38,8617.83,8695.887
4662,600188.SH,20020321,10.22,10.27,10.1,10.16,10.22,-0.06,-0.59,13860.82,14120.728
4663,600188.SH,20020320,10.15,10.38,10.09,10.22,10.14,0.08,0.79,18038.16,18445.27
4664,600188.SH,20020319,9.9,10.18,9.9,10.14,9.96,0.18,1.81,9406.84,9499.119
4665,600188.SH,20020318,10.2,10.2,9.87,9.96,10.0,-0.04,-0.4,15093.72,15021.644
4666,600188.SH,20020315,10.3,10.36,10.0,10.0,10.29,-0.29,-2.82,12827.23,13013.596
4667,600188.SH,20020314,10.05,10.3,10.05,10.29,10.1,0.19,1.88,7309.95,7425.6
4668,600188.SH,20020313,10.12,10.35,10.05,10.1,10.14,-0.04,-0.39,9696.27,9837.252
4669,600188.SH,20020312,10.43,10.44,10.11,10.14,10.44,-0.3,-2.87,21949.46,22473.475
4670,600188.SH,20020311,10.45,10.46,10.27,10.44,10.39,0.05,0.48,26078.26,27061.783
4671,600188.SH,20020308,10.3,10.48,10.18,10.39,10.29,0.1,0.97,29372.46,30383.391
4672,600188.SH,20020307,10.0,10.3,10.0,10.29,10.08,0.21,2.08,18054.44,18477.502
4673,600188.SH,20020306,10.15,10.26,10.05,10.08,10.09,-0.01,-0.1,16025.85,16305.478
4674,600188.SH,20020305,9.86,10.16,9.86,10.09,9.84,0.25,2.54,11182.53,11270.909
4675,600188.SH,20020304,9.69,9.86,9.66,9.84,9.73,0.11,1.13,3578.8,3493.591
4676,600188.SH,20020301,9.88,9.9,9.73,9.73,9.94,-0.21,-2.11,4759.0,4657.399
4677,600188.SH,20020228,10.06,10.13,9.89,9.94,10.09,-0.15,-1.49,5786.5,5788.284
4678,600188.SH,20020227,10.1,10.2,10.08,10.09,10.1,-0.01,-0.1,3973.15,4025.404
4679,600188.SH,20020226,10.08,10.13,9.97,10.1,10.07,0.03,0.3,8171.79,8200.281
4680,600188.SH,20020225,10.23,10.25,10.05,10.07,9.93,0.14,1.41,11981.45,12131.66
4681,600188.SH,20020208,10.0,10.15,9.92,9.93,9.89,0.04,0.4,10614.9,10644.996
4682,600188.SH,20020207,9.73,9.96,9.73,9.89,9.72,0.17,1.75,8388.01,8282.01
4683,600188.SH,20020206,9.95,9.98,9.7,9.72,9.98,-0.26,-2.61,7856.1,7709.096
4684,600188.SH,20020205,10.0,10.07,9.91,9.98,9.97,0.01,0.1,7542.25,7529.343
4685,600188.SH,20020204,9.79,10.0,9.75,9.97,9.71,0.26,2.68,12882.75,12774.042
4686,600188.SH,20020201,9.85,9.92,9.66,9.71,9.82,-0.11,-1.12,13759.85,13454.592
4687,600188.SH,20020131,9.4,10.06,9.4,9.82,9.29,0.53,5.71,26169.7,25786.857
4688,600188.SH,20020130,9.3,9.38,9.18,9.29,9.28,0.01,0.11,6222.0,5768.511
4689,600188.SH,20020129,8.9,9.28,8.82,9.28,8.97,0.31,3.46,8776.92,8011.122
4690,600188.SH,20020128,9.57,9.6,8.96,8.97,9.57,-0.6,-6.27,10024.4,9248.757
4691,600188.SH,20020125,9.58,9.66,9.5,9.57,9.6,-0.03,-0.31,6343.1,6080.652
4692,600188.SH,20020124,9.6,9.84,9.26,9.6,9.64,-0.04,-0.41,15528.46,14930.441
4693,600188.SH,20020123,8.98,9.65,8.9,9.64,9.0,0.64,7.11,11426.13,10669.484
4694,600188.SH,20020122,8.9,9.2,8.85,9.0,8.99,0.01,0.11,5047.19,4568.271
4695,600188.SH,20020121,9.15,9.3,8.9,8.99,9.23,-0.24,-2.6,12692.0,11490.73
4696,600188.SH,20020118,9.07,9.33,8.8,9.23,9.09,0.14,1.54,21684.53,19683.832
4697,600188.SH,20020117,9.58,9.58,9.07,9.09,9.56,-0.47,-4.92,9074.65,8375.539
4698,600188.SH,20020116,9.51,9.75,9.15,9.56,9.53,0.03,0.31,19258.43,18073.382
4699,600188.SH,20020115,9.52,9.7,9.5,9.53,9.53,0.0,0.0,8174.57,7831.957
4700,600188.SH,20020114,9.6,9.7,9.53,9.53,9.71,-0.18,-1.85,9008.4,8644.401
4701,600188.SH,20020111,10.0,10.02,9.7,9.71,10.0,-0.29,-2.9,5848.5,5742.041
4702,600188.SH,20020110,9.6,10.07,9.6,10.0,9.79,0.21,2.15,9247.51,9049.36
4703,600188.SH,20020109,10.0,10.03,9.73,9.79,10.04,-0.25,-2.49,8888.5,8731.022
4704,600188.SH,20020108,10.13,10.23,10.0,10.04,10.13,-0.09,-0.89,4115.99,4145.583
4705,600188.SH,20020107,10.25,10.25,10.02,10.13,10.27,-0.14,-1.36,8773.04,8855.808
4706,600188.SH,20020104,10.5,10.55,10.26,10.27,10.51,-0.24,-2.28,4608.0,4774.863
4707,600188.SH,20011231,10.44,10.63,10.44,10.51,10.45,0.06,0.57,9824.38,10358.803
4708,600188.SH,20011228,10.4,10.5,10.31,10.45,10.42,0.03,0.29,11121.06,11585.509
4709,600188.SH,20011227,10.46,10.55,10.4,10.42,10.43,-0.01,-0.1,9550.82,10013.979
4710,600188.SH,20011226,10.32,10.46,10.26,10.43,10.32,0.11,1.07,6266.1,6504.835
4711,600188.SH,20011225,10.38,10.4,10.23,10.32,10.28,0.04,0.39,7247.0,7477.929
4712,600188.SH,20011224,10.46,10.57,10.19,10.28,10.45,-0.17,-1.63,27070.3,28201.777
4713,600188.SH,20011221,10.15,10.48,10.07,10.45,10.19,0.26,2.55,35550.98,36058.915
4714,600188.SH,20011220,10.43,10.43,10.19,10.19,10.49,-0.3,-2.86,11426.0,11745.121
4715,600188.SH,20011219,10.55,10.73,10.4,10.49,10.52,-0.03,-0.29,30638.81,32513.423
4716,600188.SH,20011218,10.5,10.6,10.15,10.52,10.44,0.08,0.77,33792.06,34768.137
4717,600188.SH,20011214,10.65,10.78,10.4,10.44,10.55,-0.11,-1.04,39546.15,42052.173
4718,600188.SH,20011213,10.4,10.61,10.35,10.55,10.41,0.14,1.34,29634.82,31144.762
4719,600188.SH,20011212,10.6,10.6,10.3,10.41,10.6,-0.19,-1.79,38602.72,40234.183
4720,600188.SH,20011211,10.99,10.99,10.58,10.6,10.91,-0.31,-2.84,25862.0,27777.879
4721,600188.SH,20011210,10.83,10.99,10.77,10.91,10.82,0.09,0.83,24702.88,26969.057
4722,600188.SH,20011207,10.72,10.85,10.63,10.82,10.67,0.15,1.41,25549.9,27459.67
4723,600188.SH,20011206,10.6,10.74,10.54,10.67,10.62,0.05,0.47,12739.41,13564.337
4724,600188.SH,20011205,10.88,10.94,10.6,10.62,10.88,-0.26,-2.39,20597.0,22247.421
4725,600188.SH,20011204,10.8,10.95,10.65,10.88,10.78,0.1,0.93,44296.31,48023.301
4726,600188.SH,20011203,10.55,10.8,10.51,10.78,10.53,0.25,2.37,63219.08,67342.443
4727,600188.SH,20011130,10.5,10.58,10.5,10.53,10.5,0.03,0.29,10868.42,11459.234
4728,600188.SH,20011129,10.5,10.56,10.44,10.5,10.51,-0.01,-0.1,14215.16,14911.577
4729,600188.SH,20011128,10.6,10.62,10.46,10.51,10.53,-0.02,-0.19,20827.21,21934.276
4730,600188.SH,20011127,10.45,10.6,10.42,10.53,10.47,0.06,0.57,34780.42,36645.978
4731,600188.SH,20011126,10.28,10.48,10.18,10.47,10.21,0.26,2.55,25002.35,25967.754
4732,600188.SH,20011123,10.3,10.35,10.06,10.21,10.28,-0.07,-0.68,20889.27,21230.534
4733,600188.SH,20011122,10.05,10.4,10.05,10.28,10.27,0.01,0.1,16233.3,16645.393
4734,600188.SH,20011121,10.29,10.44,10.21,10.27,10.28,-0.01,-0.1,25986.8,26821.36
4735,600188.SH,20011120,10.51,10.51,10.21,10.28,10.19,0.09,0.88,28836.75,29842.225
4736,600188.SH,20011119,10.01,10.21,10.01,10.19,9.96,0.23,2.31,14296.93,14497.542
4737,600188.SH,20011116,10.86,10.86,9.95,9.96,9.87,0.09,0.91,42730.89,44025.077
4738,600188.SH,20011115,9.8,9.9,9.65,9.87,9.79,0.08,0.82,4289.27,4195.534
4739,600188.SH,20011114,9.64,9.91,9.6,9.79,9.56,0.23,2.41,6424.7,6274.265
4740,600188.SH,20011113,9.62,9.75,9.53,9.56,9.68,-0.12,-1.24,4255.75,4086.06
4741,600188.SH,20011112,9.89,9.9,9.66,9.68,9.81,-0.13,-1.33,3053.7,2986.166
4742,600188.SH,20011109,9.8,9.92,9.46,9.81,9.81,0.0,0.0,12294.9,11899.753
4743,600188.SH,20011108,9.65,9.97,9.5,9.81,9.81,0.0,0.0,14319.1,14040.404
4744,600188.SH,20011107,9.8,10.0,9.45,9.81,9.94,-0.13,-1.31,26145.18,25579.164
4745,600188.SH,20011106,9.9,10.25,9.71,9.94,9.92,0.02,0.2,43705.81,43489.124
4746,600188.SH,20011105,9.69,9.96,9.69,9.92,9.89,0.03,0.3,3488.04,3416.358
4747,600188.SH,20011102,10.05,10.05,9.83,9.89,10.01,-0.12,-1.2,7065.0,7015.344
4748,600188.SH,20011101,9.93,10.15,9.88,10.01,9.91,0.1,1.01,16276.58,16305.553
4749,600188.SH,20011031,9.61,10.03,9.61,9.91,9.85,0.06,0.61,4136.61,4045.082
4750,600188.SH,20011030,9.9,9.99,9.8,9.85,9.89,-0.04,-0.4,5756.68,5686.403
4751,600188.SH,20011029,9.63,9.91,9.63,9.89,9.64,0.25,2.59,6724.01,6599.166
4752,600188.SH,20011026,9.7,9.7,9.51,9.64,9.7,-0.06,-0.62,8496.33,8158.605
4753,600188.SH,20011025,10.0,10.0,9.62,9.7,10.01,-0.31,-3.1,17249.46,16846.617
4754,600188.SH,20011024,10.2,10.25,9.78,10.01,9.77,0.24,2.46,78276.5,78740.485
4755,600188.SH,20011023,9.77,9.77,9.47,9.77,8.88,0.89,10.02,52033.7,50476.781
4756,600188.SH,20011022,8.5,8.88,8.28,8.88,8.65,0.23,2.66,25530.43,21845.509
4757,600188.SH,20011019,9.01,9.09,8.6,8.65,9.14,-0.49,-5.36,18664.36,16469.554
4758,600188.SH,20011018,9.3,9.37,8.98,9.14,9.3,-0.16,-1.72,14987.0,13635.149
4759,600188.SH,20011017,9.65,9.65,9.28,9.3,9.69,-0.39,-4.02,12852.0,12018.424
4760,600188.SH,20011016,9.68,10.02,9.45,9.69,9.51,0.18,1.89,55755.05,53775.737
4761,600188.SH,20011015,9.76,9.76,9.45,9.51,9.66,-0.15,-1.55,5291.28,5056.299
4762,600188.SH,20011012,9.49,9.9,9.0,9.66,9.49,0.17,1.79,11610.83,10945.673
4763,600188.SH,20011011,9.8,9.95,9.48,9.49,9.84,-0.35,-3.56,7166.99,6903.769
4764,600188.SH,20011010,10.15,10.15,9.8,9.84,10.13,-0.29,-2.86,5727.3,5678.535
4765,600188.SH,20011009,10.0,10.18,10.0,10.13,10.0,0.13,1.3,2799.03,2831.012
4766,600188.SH,20011008,10.1,10.25,9.82,10.0,10.11,-0.11,-1.09,5088.56,5125.154
4767,600188.SH,20010928,10.2,10.2,10.08,10.11,10.1,0.01,0.1,2740.57,2769.087
4768,600188.SH,20010927,10.2,10.2,10.0,10.1,10.07,0.03,0.3,4803.45,4835.805
4769,600188.SH,20010926,10.3,10.3,10.05,10.07,10.2,-0.13,-1.27,7131.9,7201.092
4770,600188.SH,20010925,10.3,10.35,10.07,10.2,10.22,-0.02,-0.2,5384.8,5451.684
4771,600188.SH,20010924,10.26,10.37,10.12,10.22,10.3,-0.08,-0.78,3500.61,3590.752
4772,600188.SH,20010921,10.2,10.46,10.2,10.3,10.36,-0.06,-0.58,4536.93,4694.609
4773,600188.SH,20010920,10.41,10.51,10.32,10.36,10.3,0.06,0.58,10331.72,10774.894
4774,600188.SH,20010919,10.25,10.35,10.18,10.3,10.21,0.09,0.88,5491.5,5626.564
4775,600188.SH,20010918,10.15,10.3,10.11,10.21,10.18,0.03,0.29,3000.71,3062.496
4776,600188.SH,20010917,10.08,10.32,10.04,10.18,10.1,0.08,0.79,10805.86,11060.832
4777,600188.SH,20010914,10.2,10.29,10.01,10.1,10.23,-0.13,-1.27,7324.56,7399.487
4778,600188.SH,20010913,10.42,10.5,10.22,10.23,10.4,-0.17,-1.63,6948.7,7159.941
4779,600188.SH,20010912,10.13,10.65,9.96,10.4,10.13,0.27,2.67,46543.53,48450.901
4780,600188.SH,20010911,10.1,10.21,9.9,10.13,10.1,0.03,0.3,5024.96,5084.389
4781,600188.SH,20010910,9.8,10.16,9.5,10.1,9.97,0.13,1.3,14127.49,14115.563
4782,600188.SH,20010907,10.18,10.22,9.94,9.97,10.24,-0.27,-2.64,17890.65,17906.136
4783,600188.SH,20010906,10.25,10.34,10.2,10.24,10.23,0.01,0.1,3015.08,3094.31
4784,600188.SH,20010905,10.37,10.52,10.2,10.23,10.28,-0.05,-0.49,8357.04,8640.039
4785,600188.SH,20010904,10.03,10.28,9.95,10.28,10.03,0.25,2.49,24287.99,24477.942
4786,600188.SH,20010903,10.37,10.4,10.0,10.03,10.42,-0.39,-3.74,12515.17,12690.288
4787,600188.SH,20010831,10.65,10.65,10.4,10.42,10.61,-0.19,-1.79,7075.02,7429.067
4788,600188.SH,20010830,10.8,10.8,10.5,10.61,10.88,-0.27,-2.48,3067.6,3266.436
4789,600188.SH,20010829,10.98,10.98,10.7,10.88,10.98,-0.1,-0.91,4531.28,4908.57
4790,600188.SH,20010828,10.6,10.98,10.4,10.98,10.75,0.23,2.14,7449.83,7925.236
4791,600188.SH,20010827,10.28,10.9,10.28,10.75,11.09,-0.34,-3.07,6488.41,6883.168
4792,600188.SH,20010824,11.09,11.1,10.8,11.09,11.09,0.0,0.0,5885.4,6448.019
4793,600188.SH,20010823,10.98,11.09,10.77,11.09,11.09,0.0,0.0,9756.0,10648.775
4794,600188.SH,20010822,11.17,11.17,10.88,11.09,11.19,-0.1,-0.89,6269.82,6931.123
4795,600188.SH,20010821,11.18,11.28,11.11,11.19,11.11,0.08,0.72,7140.06,7999.025
4796,600188.SH,20010820,11.09,11.17,10.93,11.11,11.09,0.02,0.18,3147.25,3484.99
4797,600188.SH,20010817,11.0,11.11,10.99,11.09,10.99,0.1,0.91,4368.69,4825.109
4798,600188.SH,20010816,11.24,11.31,10.98,10.99,11.24,-0.25,-2.22,6095.2,6750.979
4799,600188.SH,20010815,11.08,11.3,11.08,11.24,11.09,0.15,1.35,4068.81,4563.161
4800,600188.SH,20010814,11.3,11.35,11.0,11.09,11.26,-0.17,-1.51,8464.24,9442.894
4801,600188.SH,20010813,11.26,11.35,11.16,11.26,11.24,0.02,0.18,7552.83,8494.241
4802,600188.SH,20010810,11.25,11.36,11.2,11.24,11.2,0.04,0.36,7454.01,8407.587
4803,600188.SH,20010809,11.0,11.23,11.0,11.2,11.0,0.2,1.82,7060.45,7889.924
4804,600188.SH,20010808,10.93,11.0,10.8,11.0,10.92,0.08,0.73,4711.21,5157.26
4805,600188.SH,20010807,10.75,10.99,10.7,10.92,10.78,0.14,1.3,7119.38,7754.733
4806,600188.SH,20010806,11.18,11.18,10.58,10.78,11.18,-0.4,-3.58,11332.35,12229.357
4807,600188.SH,20010803,10.95,11.35,10.83,11.18,10.92,0.26,2.38,22445.25,24929.993
4808,600188.SH,20010802,11.12,11.18,10.69,10.92,11.11,-0.19,-1.71,10209.04,11114.351
4809,600188.SH,20010801,10.85,11.13,10.71,11.11,10.7,0.41,3.83,12563.39,13769.642
4810,600188.SH,20010731,10.7,11.1,10.62,10.7,10.9,-0.2,-1.83,13248.11,14358.801
4811,600188.SH,20010730,11.61,11.7,10.8,10.9,11.64,-0.74,-6.36,18507.89,20758.364
4812,600188.SH,20010727,11.72,11.8,11.61,11.64,11.72,-0.08,-0.68,5782.65,6753.536
4813,600188.SH,20010726,11.7,11.8,11.61,11.72,11.72,0.0,0.0,6350.36,7417.242
4814,600188.SH,20010725,11.88,11.88,11.69,11.72,11.89,-0.17,-1.43,8564.0,10070.034
4815,600188.SH,20010724,12.0,12.0,11.8,11.89,12.01,-0.12,-1.0,9860.51,11732.301
4816,600188.SH,20010723,12.1,12.13,11.95,12.01,12.1,-0.09,-0.74,7902.97,9508.874
4817,600188.SH,20010720,12.0,12.16,11.88,12.1,11.93,0.17,1.43,14563.77,17555.293
4818,600188.SH,20010719,11.98,12.0,11.6,11.93,11.89,0.04,0.34,16252.76,19073.234
4819,600188.SH,20010718,12.0,12.04,11.85,11.89,11.98,-0.09,-0.75,4942.24,5895.585
4820,600188.SH,20010717,11.66,11.98,11.61,11.98,11.66,0.32,2.74,9467.65,11131.456
4821,600188.SH,20010716,11.98,12.15,11.62,11.66,11.92,-0.26,-2.18,20093.69,23646.787
4822,600188.SH,20010713,12.12,12.2,11.9,11.92,12.15,-0.23,-1.89,16131.24,19397.155
4823,600188.SH,20010712,12.3,12.32,12.0,12.15,12.36,-0.21,-1.7,25306.39,30674.664
4824,600188.SH,20010711,12.67,12.7,12.36,12.36,12.6,-0.24,-1.9,8982.0,11201.139
4825,600188.SH,20010710,12.55,12.68,12.43,12.6,12.43,0.17,1.37,11175.71,13989.489
4826,600188.SH,20010709,12.45,12.56,12.3,12.43,12.44,-0.01,-0.08,9654.59,12029.935
4827,600188.SH,20010706,12.4,12.6,12.35,12.44,12.42,0.02,0.16,11812.72,14682.127
4828,600188.SH,20010705,12.6,12.61,12.38,12.42,12.61,-0.19,-1.51,17218.15,21439.102
4829,600188.SH,20010704,12.8,12.85,12.55,12.61,12.77,-0.16,-1.25,13282.07,16835.758
4830,600188.SH,20010703,12.68,12.79,12.5,12.77,12.72,0.05,0.39,24308.14,30689.342
4831,600188.SH,20010702,12.92,12.95,12.65,12.72,12.89,-0.17,-1.32,16616.05,21206.417
4832,600188.SH,20010629,12.92,13.1,12.85,12.89,12.91,-0.02,-0.15,21677.86,28115.119
4833,600188.SH,20010628,13.0,13.1,12.78,12.91,13.0,-0.09,-0.69,40045.14,51874.707
4834,600188.SH,20010627,12.71,13.05,12.7,13.0,12.7,0.3,2.36,80411.91,104096.446
4835,600188.SH,20010626,12.61,12.7,12.5,12.7,12.6,0.1,0.79,16532.04,20873.846
4836,600188.SH,20010625,12.53,12.69,12.4,12.6,12.44,0.16,1.29,18779.74,23523.548
4837,600188.SH,20010622,12.6,12.65,12.43,12.52,12.56,-0.04,-0.32,17726.25,22200.446
4838,600188.SH,20010621,12.3,12.63,12.29,12.56,12.3,0.26,2.11,22409.85,27933.045
4839,600188.SH,20010620,12.36,12.56,12.14,12.3,12.35,-0.05,-0.4,22915.03,28362.64
4840,600188.SH,20010619,12.8,12.83,12.35,12.35,12.78,-0.43,-3.36,42415.0,52981.958
4841,600188.SH,20010618,12.7,13.0,12.58,12.78,12.6,0.18,1.43,69474.75,88808.232
4842,600188.SH,20010614,12.66,12.95,12.45,12.6,12.66,-0.06,-0.47,97689.88,124443.962
4843,600188.SH,20010613,12.7,12.88,12.58,12.66,12.55,0.11,0.88,66741.7,84883.936
4844,600188.SH,20010612,12.51,12.6,12.38,12.55,12.49,0.06,0.48,61035.28,76436.471
4845,600188.SH,20010611,12.25,12.68,12.12,12.49,12.12,0.37,3.05,144768.6,180695.084
4846,600188.SH,20010608,12.18,12.18,11.9,12.12,12.08,0.04,0.33,21203.63,25536.755
4847,600188.SH,20010607,12.18,12.22,12.03,12.08,12.16,-0.08,-0.66,15162.38,18346.851
4848,600188.SH,20010606,12.0,12.2,11.88,12.16,12.0,0.16,1.33,35771.35,43067.012
4849,600188.SH,20010605,12.25,12.25,11.95,12.0,12.15,-0.15,-1.23,22259.5,26844.966
4850,600188.SH,20010604,12.08,12.44,12.0,12.15,11.97,0.18,1.5,94133.47,115278.864
4851,600188.SH,20010601,11.77,12.13,11.77,11.97,11.77,0.2,1.7,33345.18,39970.092
4852,600188.SH,20010531,11.8,11.9,11.75,11.77,11.79,-0.02,-0.17,17875.16,21101.114
4853,600188.SH,20010530,11.68,11.8,11.67,11.79,11.67,0.12,1.03,30476.41,35810.664
4854,600188.SH,20010529,11.71,11.91,11.6,11.67,11.71,-0.04,-0.34,45976.75,54212.765
4855,600188.SH,20010528,11.58,11.84,11.55,11.71,11.6,0.11,0.95,42529.02,49872.097
4856,600188.SH,20010525,11.68,11.76,11.55,11.6,11.67,-0.07,-0.6,18922.22,22015.334
4857,600188.SH,20010524,11.91,11.92,11.64,11.67,11.84,-0.17,-1.44,23748.88,27883.352
4858,600188.SH,20010523,12.1,12.12,11.76,11.84,12.0,-0.16,-1.33,22090.29,26266.176
4859,600188.SH,20010522,11.91,12.12,11.76,12.0,11.91,0.09,0.76,60222.64,71698.052
4860,600188.SH,20010521,12.03,12.18,11.82,11.91,12.03,-0.12,-1.0,32918.06,39197.475
4861,600188.SH,20010518,11.81,12.12,11.8,12.03,11.9,0.13,1.09,25574.41,30524.004
4862,600188.SH,20010517,12.2,12.26,11.8,11.9,12.2,-0.3,-2.46,42847.62,51249.794
4863,600188.SH,20010516,12.34,12.39,12.12,12.2,12.34,-0.14,-1.13,33818.51,41305.657
4864,600188.SH,20010515,12.33,12.5,12.1,12.34,12.33,0.01,0.08,105286.86,129508.712
4865,600188.SH,20010514,11.75,12.41,11.75,12.33,11.55,0.78,6.75,228999.75,277083.467
4866,600188.SH,20010511,11.42,11.55,11.3,11.55,11.42,0.13,1.14,14627.7,16673.051
4867,600188.SH,20010510,11.58,11.68,11.3,11.42,11.57,-0.15,-1.3,10074.6,11521.791
4868,600188.SH,20010509,11.5,11.79,11.48,11.57,11.42,0.15,1.31,39284.87,45720.028
4869,600188.SH,20010508,11.41,11.55,11.4,11.42,11.49,-0.07,-0.61,8011.88,9178.788
4870,600188.SH,20010430,11.54,11.58,11.41,11.49,11.53,-0.04,-0.35,17761.27,20392.456
4871,600188.SH,20010427,11.26,11.59,11.17,11.53,11.18,0.35,3.13,54242.25,62173.16
4872,600188.SH,20010426,11.28,11.4,11.15,11.18,11.28,-0.1,-0.89,23881.35,26762.92
4873,600188.SH,20010425,11.56,11.58,11.13,11.28,11.56,-0.28,-2.42,31898.83,35965.627
4874,600188.SH,20010424,11.38,11.8,11.3,11.56,11.37,0.19,1.67,69972.23,81492.655
4875,600188.SH,20010423,11.3,11.37,11.2,11.37,11.33,0.04,0.35,29694.41,33509.329
4876,600188.SH,20010420,11.35,11.7,11.15,11.33,11.35,-0.02,-0.18,76402.92,87695.046
4877,600188.SH,20010419,11.26,11.4,11.15,11.35,11.26,0.09,0.8,30158.93,33868.009
4878,600188.SH,20010418,11.6,11.62,11.21,11.26,11.57,-0.31,-2.68,29327.52,33367.15
4879,600188.SH,20010417,11.55,11.86,11.45,11.57,11.55,0.02,0.17,67394.43,78832.974
4880,600188.SH,20010416,11.21,11.64,11.2,11.55,11.16,0.39,3.49,62860.44,72051.818
4881,600188.SH,20010413,11.18,11.38,11.04,11.16,11.16,0.0,0.0,45102.63,50213.453
4882,600188.SH,20010412,11.18,11.45,11.06,11.16,11.14,0.02,0.18,23695.38,26697.601
4883,600188.SH,20010411,11.2,11.25,11.03,11.14,11.16,-0.02,-0.18,10244.82,11396.708
4884,600188.SH,20010410,11.2,11.3,11.0,11.16,11.06,0.1,0.9,35696.75,39718.196
4885,600188.SH,20010409,11.04,11.26,10.92,11.06,11.02,0.04,0.36,25670.93,28515.687
4886,600188.SH,20010406,11.27,11.27,10.99,11.02,11.28,-0.26,-2.31,28889.91,32045.378
4887,600188.SH,20010405,11.1,11.29,11.03,11.28,11.16,0.12,1.08,18333.6,20465.505
4888,600188.SH,20010404,11.7,11.7,11.1,11.16,11.48,-0.32,-2.79,59474.54,68229.106
4889,600188.SH,20010403,11.2,11.6,11.02,11.48,11.2,0.28,2.5,103469.0,118076.179
4890,600188.SH,20010402,10.98,11.25,10.83,11.2,10.75,0.45,4.19,54961.79,60562.248
4891,600188.SH,20010330,10.71,10.88,10.71,10.75,10.69,0.06,0.56,38644.83,41651.139
4892,600188.SH,20010329,10.9,11.0,10.69,10.69,10.88,-0.19,-1.75,29760.28,32210.105
4893,600188.SH,20010328,11.1,11.2,10.82,10.88,11.0,-0.12,-1.09,34555.0,38070.675
4894,600188.SH,20010327,11.2,11.3,10.91,11.0,11.16,-0.16,-1.43,66801.62,74478.883
4895,600188.SH,20010326,10.8,11.18,10.8,11.16,10.8,0.36,3.33,20861.59,22890.325
4896,600188.SH,20010323,11.09,11.37,10.78,10.8,11.1,-0.3,-2.7,52062.63,57514.923
4897,600188.SH,20010322,10.65,11.2,10.48,11.1,10.63,0.47,4.42,93210.31,101884.745
4898,600188.SH,20010321,10.65,10.7,10.5,10.63,10.59,0.04,0.38,31897.65,33748.278
4899,600188.SH,20010320,10.65,10.78,10.5,10.59,10.62,-0.03,-0.28,35509.07,37604.273
4900,600188.SH,20010319,10.55,10.69,10.49,10.62,10.56,0.06,0.57,15876.45,16844.806
4901,600188.SH,20010316,10.6,10.61,10.5,10.56,10.63,-0.07,-0.66,12120.29,12784.011
4902,600188.SH,20010315,10.43,10.73,10.4,10.63,10.58,0.05,0.47,27259.5,28921.901
4903,600188.SH,20010314,10.47,10.8,10.42,10.58,10.4,0.18,1.73,98446.2,104991.379
4904,600188.SH,20010313,10.25,10.45,10.24,10.4,10.22,0.18,1.76,28558.49,29581.425
4905,600188.SH,20010312,10.33,10.45,10.2,10.22,10.36,-0.14,-1.35,9345.17,9609.825
4906,600188.SH,20010309,10.45,10.5,10.32,10.36,10.42,-0.06,-0.58,16610.55,17303.218
4907,600188.SH,20010308,10.4,10.52,10.37,10.42,10.48,-0.06,-0.57,7526.25,7857.506
4908,600188.SH,20010307,10.35,10.48,10.28,10.48,10.38,0.1,0.96,14802.79,15363.686
4909,600188.SH,20010306,10.22,10.4,10.12,10.38,10.21,0.17,1.67,16240.27,16734.525
4910,600188.SH,20010305,10.27,10.3,10.1,10.21,10.27,-0.06,-0.58,9872.35,10092.081
4911,600188.SH,20010302,10.15,10.28,10.09,10.27,10.09,0.18,1.78,18897.72,19319.219
4912,600188.SH,20010301,10.17,10.17,10.04,10.09,10.17,-0.08,-0.79,8951.25,9036.617
4913,600188.SH,20010228,10.18,10.19,10.01,10.17,10.18,-0.01,-0.1,10339.0,10468.564
4914,600188.SH,20010227,10.1,10.18,10.05,10.18,10.11,0.07,0.69,12292.99,12455.318
4915,600188.SH,20010226,10.05,10.16,9.86,10.11,10.06,0.05,0.5,19103.34,19179.472
4916,600188.SH,20010223,9.82,10.08,9.81,10.06,9.92,0.14,1.41,7836.93,7796.139
4917,600188.SH,20010222,9.78,10.08,9.71,9.92,9.78,0.14,1.43,12103.68,11958.988
4918,600188.SH,20010221,9.95,10.08,9.7,9.78,9.95,-0.17,-1.71,24325.02,23974.763
4919,600188.SH,20010220,10.18,10.22,9.91,9.95,10.27,-0.32,-3.12,50778.06,51336.333
4920,600188.SH,20010219,10.2,10.4,10.19,10.27,10.29,-0.02,-0.19,10210.0,10491.691
4921,600188.SH,20010216,10.32,10.43,10.23,10.29,10.66,-0.37,-3.47,9754.03,10045.989
4922,600188.SH,20010215,10.83,10.94,10.5,10.66,10.9,-0.24,-2.2,38047.7,41110.063
4923,600188.SH,20010214,10.84,10.92,10.64,10.9,10.87,0.03,0.28,32629.99,35161.469
4924,600188.SH,20010213,10.68,10.95,10.54,10.87,10.7,0.17,1.59,62560.49,67247.094
4925,600188.SH,20010212,10.67,10.78,10.45,10.7,10.74,-0.04,-0.37,29579.09,31381.641
4926,600188.SH,20010209,10.48,10.75,10.31,10.74,10.49,0.25,2.38,22106.58,23242.754
4927,600188.SH,20010208,10.5,10.6,10.3,10.49,10.52,-0.03,-0.29,4734.0,4949.67
4928,600188.SH,20010207,10.38,10.57,10.25,10.52,10.41,0.11,1.06,9231.71,9660.665
4929,600188.SH,20010206,10.31,10.42,10.17,10.41,10.42,-0.01,-0.1,3868.7,3973.66
4930,600188.SH,20010205,10.55,10.59,10.25,10.42,10.5,-0.08,-0.76,9251.88,9586.12
4931,600188.SH,20010119,10.52,10.67,10.34,10.5,10.5,0.0,0.0,10880.67,11435.078
4932,600188.SH,20010118,10.58,10.78,10.45,10.5,10.58,-0.08,-0.76,7089.0,7486.528
4933,600188.SH,20010117,10.68,10.79,10.55,10.58,10.8,-0.22,-2.04,3890.99,4131.315
4934,600188.SH,20010116,10.36,10.8,10.3,10.8,10.46,0.34,3.25,10933.65,11486.104
4935,600188.SH,20010115,10.82,10.84,10.3,10.46,10.8,-0.34,-3.15,19452.4,20370.577
4936,600188.SH,20010112,10.86,10.96,10.75,10.8,10.75,0.05,0.47,14701.78,15985.781
4937,600188.SH,20010111,10.86,10.9,10.67,10.75,10.86,-0.11,-1.01,15833.71,17108.869
4938,600188.SH,20010110,10.72,10.89,10.6,10.86,10.73,0.13,1.21,16572.09,17881.001
4939,600188.SH,20010109,10.88,10.98,10.55,10.73,11.61,-0.88,-7.58,23539.91,25290.791
4940,600188.SH,20010102,10.7,11.7,10.6,11.7,10.73,0.97,9.04,56364.87,61037.263
4941,600188.SH,20001229,11.18,11.2,10.6,10.73,11.35,-0.62,-5.46,61740.68,66738.879
4942,600188.SH,20001228,11.6,12.0,11.2,11.35,12.16,-0.81,-6.66,61128.18,69557.487
4943,600188.SH,20001227,12.26,12.32,11.88,12.16,12.4,-0.24,-1.94,53280.32,64493.108
4944,600188.SH,20001226,12.13,12.41,11.86,12.4,12.2,0.2,1.64,99687.9,121488.265
4945,600188.SH,20001225,12.01,12.21,11.78,12.2,12.12,0.08,0.66,76276.47,91231.441
4946,600188.SH,20001222,12.07,12.23,11.8,12.12,12.1,0.02,0.17,122495.94,147274.893
4947,600188.SH,20001221,12.0,12.28,11.81,12.1,12.0,0.1,0.83,60144.54,72457.201
4948,600188.SH,20001220,12.15,12.2,11.8,12.0,12.15,-0.15,-1.23,37988.29,45361.288
4949,600188.SH,20001219,12.2,12.32,12.06,12.15,12.25,-0.1,-0.82,14808.47,18028.431
4950,600188.SH,20001218,11.85,12.49,11.83,12.25,11.81,0.44,3.73,52137.68,63893.311
4951,600188.SH,20001215,11.75,11.9,11.61,11.81,11.75,0.06,0.51,30283.41,35742.649
4952,600188.SH,20001214,11.78,11.9,11.5,11.75,11.78,-0.03,-0.25,21157.61,24809.487
4953,600188.SH,20001213,11.3,11.95,11.2,11.78,11.4,0.38,3.33,34091.14,39592.107
4954,600188.SH,20001212,11.29,11.45,11.13,11.4,11.35,0.05,0.44,20757.43,23441.602
4955,600188.SH,20001211,11.46,11.47,11.1,11.35,11.5,-0.15,-1.3,15981.72,18011.748
4956,600188.SH,20001208,11.6,11.68,11.2,11.5,11.63,-0.13,-1.12,70366.6,80798.211
4957,600188.SH,20001207,11.6,11.65,11.26,11.63,11.65,-0.02,-0.17,28898.91,33166.651
4958,600188.SH,20001206,11.6,11.78,11.35,11.65,11.73,-0.08,-0.68,60062.0,69898.009
4959,600188.SH,20001205,11.45,11.75,11.4,11.73,11.6,0.13,1.12,85899.88,99675.17
4960,600188.SH,20001204,11.35,11.65,11.28,11.6,11.56,0.04,0.35,60952.91,70026.429
4961,600188.SH,20001201,11.18,11.6,11.18,11.56,11.35,0.21,1.85,51563.55,58855.095
4962,600188.SH,20001130,11.15,11.38,11.1,11.35,11.34,0.01,0.09,10739.64,12105.962
4963,600188.SH,20001129,11.05,11.38,11.0,11.34,11.15,0.19,1.7,23117.5,25937.426
4964,600188.SH,20001128,11.1,11.18,11.02,11.15,11.09,0.06,0.54,10627.0,11806.022
4965,600188.SH,20001127,11.17,11.17,10.9,11.09,11.3,-0.21,-1.86,12606.85,13917.955
4966,600188.SH,20001124,11.41,11.6,10.88,11.3,11.41,-0.11,-0.96,24607.79,27649.306
4967,600188.SH,20001123,11.4,11.58,11.4,11.41,11.47,-0.06,-0.52,16278.53,18697.313
4968,600188.SH,20001122,11.56,11.56,11.35,11.47,11.58,-0.11,-0.95,11170.24,12772.596
4969,600188.SH,20001121,11.55,11.6,11.45,11.58,11.55,0.03,0.26,15936.4,18350.593
4970,600188.SH,20001120,11.6,11.65,11.44,11.55,11.6,-0.05,-0.43,13652.0,15730.948
4971,600188.SH,20001117,11.61,11.7,11.47,11.6,11.66,-0.06,-0.51,27527.0,31828.082
4972,600188.SH,20001116,11.61,11.81,11.55,11.66,11.66,0.0,0.0,25446.0,29639.388
4973,600188.SH,20001115,11.81,11.97,11.65,11.66,11.89,-0.23,-1.93,37475.0,44263.366
4974,600188.SH,20001114,11.67,11.9,11.4,11.89,11.7,0.19,1.62,76142.0,89135.791
4975,600188.SH,20001113,11.41,11.82,11.2,11.7,11.36,0.34,2.99,53520.0,61566.978
4976,600188.SH,20001110,11.4,11.54,11.25,11.36,11.35,0.01,0.09,35502.0,40578.545
4977,600188.SH,20001109,11.28,11.55,11.27,11.35,11.18,0.17,1.52,25614.0,29215.576
4978,600188.SH,20001108,11.2,11.44,11.18,11.18,11.2,-0.02,-0.18,12855.0,14477.006
4979,600188.SH,20001107,11.28,11.33,11.17,11.2,11.29,-0.09,-0.8,25331.0,28482.649
4980,600188.SH,20001106,11.35,11.4,11.21,11.29,11.4,-0.11,-0.96,16599.0,18748.252
4981,600188.SH,20001103,11.43,11.5,11.13,11.4,11.38,0.02,0.18,35668.0,40482.502
4982,600188.SH,20001102,11.4,11.59,11.2,11.38,11.4,-0.02,-0.18,45609.0,51879.786
4983,600188.SH,20001101,10.9,11.44,10.83,11.4,10.9,0.5,4.59,68118.0,75780.583
4984,600188.SH,20001031,10.76,10.91,10.7,10.9,10.88,0.02,0.18,26630.0,28916.049
4985,600188.SH,20001030,10.65,10.9,10.61,10.88,10.65,0.23,2.16,30831.0,33278.853
4986,600188.SH,20001027,10.58,10.69,10.55,10.65,10.59,0.06,0.57,10572.0,11222.248
4987,600188.SH,20001026,10.68,10.79,10.55,10.59,10.74,-0.15,-1.4,13105.0,13927.403
4988,600188.SH,20001025,10.94,10.95,10.7,10.74,10.68,0.06,0.56,14735.0,15933.863
4989,600188.SH,20001024,10.67,10.87,10.58,10.68,10.67,0.01,0.09,10950.0,11729.591
4990,600188.SH,20001023,10.51,10.8,10.49,10.67,10.49,0.18,1.72,25359.0,27041.052
4991,600188.SH,20001020,10.3,10.55,10.27,10.49,10.33,0.16,1.55,18871.0,19731.157
4992,600188.SH,20001019,10.48,10.5,10.3,10.33,10.45,-0.12,-1.15,7419.0,7698.538
4993,600188.SH,20001018,10.38,10.45,10.19,10.45,10.3,0.15,1.46,10796.0,11139.823
4994,600188.SH,20001017,10.25,10.55,10.0,10.3,10.21,0.09,0.88,30135.0,31160.111
4995,600188.SH,20001016,9.88,10.26,9.8,10.21,9.88,0.33,3.34,18806.0,18999.173
4996,600188.SH,20001013,9.95,9.96,9.7,9.88,9.89,-0.01,-0.1,7622.0,7547.626
4997,600188.SH,20001012,9.6,9.92,9.6,9.89,9.75,0.14,1.44,5875.0,5717.798
4998,600188.SH,20001011,9.82,9.82,9.71,9.75,9.82,-0.07,-0.71,5592.0,5465.239
4999,600188.SH,20001010,9.8,9.87,9.71,9.82,9.77,0.05,0.51,6356.0,6230.135
