,ts_code,trade_date,open,high,low,close,pre_close,change,pct_chg,vol,amount
0,600725.SH,20210901,3.08,3.38,3.06,3.25,3.07,0.18,5.8632,525418.6,172096.279
1,600725.SH,20210831,3.06,3.11,2.99,3.07,3.06,0.01,0.3268,258660.3,78844.712
2,600725.SH,20210830,2.98,3.09,2.94,3.06,3.01,0.05,1.6611,262930.94,79677.968
3,600725.SH,20210827,3.17,3.17,2.95,3.01,3.17,-0.16,-5.0473,530145.73,159737.464
4,600725.SH,20210826,2.89,3.17,2.86,3.17,2.88,0.29,10.0694,318507.36,99445.947
5,600725.SH,20210825,2.69,2.96,2.68,2.88,2.7,0.18,6.6667,293138.41,83417.488
6,600725.SH,20210824,2.65,2.74,2.64,2.7,2.64,0.06,2.2727,99598.53,26876.988
7,600725.SH,20210823,2.57,2.68,2.56,2.64,2.56,0.08,3.125,92140.32,24289.512
8,600725.SH,20210820,2.57,2.59,2.52,2.56,2.55,0.01,0.3922,61521.77,15675.922
9,600725.SH,20210819,2.59,2.59,2.53,2.55,2.61,-0.06,-2.2989,63109.1,16142.526
10,600725.SH,20210818,2.59,2.67,2.56,2.61,2.61,0.0,0.0,101512.1,26521.26
11,600725.SH,20210817,2.64,2.77,2.6,2.61,2.64,-0.03,-1.1364,150764.6,40438.396
12,600725.SH,20210816,2.61,2.66,2.61,2.64,2.61,0.03,1.1494,62649.64,16508.955
13,600725.SH,20210813,2.61,2.66,2.59,2.61,2.61,0.0,0.0,69364.93,18199.171
14,600725.SH,20210812,2.59,2.61,2.56,2.61,2.59,0.02,0.7722,72593.15,18795.587
15,600725.SH,20210811,2.52,2.6,2.49,2.59,2.54,0.05,1.9685,124916.09,32119.914
16,600725.SH,20210810,2.5,2.55,2.47,2.54,2.51,0.03,1.1952,68064.1,17215.266
17,600725.SH,20210809,2.58,2.58,2.48,2.51,2.56,-0.05,-1.9531,80634.9,20279.878
18,600725.SH,20210806,2.4,2.6,2.38,2.56,2.4,0.16,6.6667,154495.53,38801.287
19,600725.SH,20210805,2.39,2.42,2.38,2.4,2.42,-0.02,-0.8264,37282.52,8945.842
20,600725.SH,20210804,2.42,2.48,2.4,2.42,2.43,-0.01,-0.4115,40059.5,9729.684
21,600725.SH,20210803,2.41,2.47,2.38,2.43,2.41,0.02,0.8299,44382.4,10800.996
22,600725.SH,20210802,2.38,2.44,2.31,2.41,2.39,0.02,0.8368,47097.6,11176.256
23,600725.SH,20210730,2.37,2.44,2.36,2.39,2.37,0.02,0.8439,46287.32,11089.642
24,600725.SH,20210729,2.37,2.41,2.36,2.37,2.34,0.03,1.2821,41958.8,9989.021
25,600725.SH,20210728,2.43,2.43,2.25,2.34,2.44,-0.1,-4.0984,78014.0,18297.419
26,600725.SH,20210727,2.62,2.62,2.44,2.44,2.61,-0.17,-6.5134,144158.1,36080.846
27,600725.SH,20210726,2.46,2.7,2.4,2.61,2.46,0.15,6.0976,138729.66,35212.456
28,600725.SH,20210723,2.49,2.53,2.45,2.46,2.51,-0.05,-1.992,61670.5,15316.865
29,600725.SH,20210722,2.48,2.52,2.46,2.51,2.49,0.02,0.8032,49971.3,12439.54
30,600725.SH,20210721,2.52,2.54,2.48,2.49,2.52,-0.03,-1.1905,60387.56,15080.76
31,600725.SH,20210720,2.54,2.55,2.47,2.52,2.53,-0.01,-0.3953,70647.1,17727.986
32,600725.SH,20210719,2.59,2.6,2.52,2.53,2.57,-0.04,-1.5564,51632.9,13088.047
33,600725.SH,20210716,2.53,2.6,2.53,2.57,2.53,0.04,1.581,53963.4,13877.745
34,600725.SH,20210715,2.56,2.57,2.5,2.53,2.57,-0.04,-1.5564,63931.6,16150.517
35,600725.SH,20210714,2.6,2.66,2.56,2.57,2.6,-0.03,-1.1538,90838.8,23714.614
36,600725.SH,20210713,2.57,2.61,2.53,2.6,2.54,0.06,2.3622,77584.05,20111.145
37,600725.SH,20210712,2.62,2.69,2.52,2.54,2.62,-0.08,-3.0534,157845.17,40970.232
38,600725.SH,20210709,2.59,2.64,2.56,2.62,2.6,0.02,0.7692,64709.23,16820.714
39,600725.SH,20210708,2.67,2.67,2.58,2.6,2.69,-0.09,-3.3457,79043.0,20742.722
40,600725.SH,20210707,2.68,2.76,2.63,2.69,2.69,0.0,0.0,133762.6,35617.02
41,600725.SH,20210706,2.72,2.77,2.62,2.69,2.62,0.07,2.6718,270846.68,73117.251
42,600725.SH,20210705,2.37,2.62,2.35,2.62,2.38,0.24,10.084,194322.14,49032.346
43,600725.SH,20210702,2.43,2.44,2.36,2.38,2.42,-0.04,-1.6529,75718.92,18055.268
44,600725.SH,20210701,2.46,2.47,2.4,2.42,2.44,-0.02,-0.8197,67077.6,16378.787
45,600725.SH,20210630,2.53,2.56,2.42,2.44,2.55,-0.11,-4.3137,97668.62,24090.513
46,600725.SH,20210629,2.54,2.59,2.53,2.55,2.55,0.0,0.0,56243.42,14322.463
47,600725.SH,20210628,2.63,2.63,2.52,2.55,2.66,-0.11,-4.1353,140792.51,35997.996
48,600725.SH,20210625,2.6,2.7,2.6,2.66,2.63,0.03,1.1407,115508.22,30694.444
49,600725.SH,20210624,2.58,2.7,2.57,2.63,2.59,0.04,1.5444,120722.6,31975.371
50,600725.SH,20210623,2.6,2.64,2.58,2.59,2.61,-0.02,-0.7663,80716.33,21050.677
51,600725.SH,20210622,2.58,2.64,2.57,2.61,2.6,0.01,0.3846,78024.2,20297.197
52,600725.SH,20210621,2.65,2.66,2.57,2.6,2.69,-0.09,-3.3457,125040.15,32622.206
53,600725.SH,20210618,2.6,2.69,2.55,2.69,2.63,0.06,2.2814,106115.57,27903.627
54,600725.SH,20210617,2.51,2.68,2.48,2.63,2.5,0.13,5.2,145663.61,37866.725
55,600725.SH,20210616,2.61,2.62,2.49,2.5,2.62,-0.12,-4.5802,139883.73,35663.209
56,600725.SH,20210615,2.6,2.68,2.6,2.62,2.62,0.0,0.0,102245.02,26804.701
57,600725.SH,20210611,2.62,2.69,2.6,2.62,2.65,-0.03,-1.1321,120083.22,31682.418
58,600725.SH,20210610,2.7,2.75,2.6,2.65,2.75,-0.1,-3.6364,195831.74,52265.794
59,600725.SH,20210609,2.74,2.83,2.69,2.75,2.74,0.01,0.365,210161.31,58212.738
60,600725.SH,20210608,2.9,2.9,2.74,2.74,2.9,-0.16,-5.5172,236587.34,66225.556
61,600725.SH,20210607,2.82,2.91,2.68,2.9,2.86,0.04,1.3986,289852.69,81512.625
62,600725.SH,20210604,2.95,3.09,2.83,2.86,2.95,-0.09,-3.0508,504702.36,148950.911
63,600725.SH,20210603,2.68,2.95,2.68,2.95,2.68,0.27,10.0746,368854.63,107754.285
64,600725.SH,20210602,2.76,2.76,2.57,2.68,2.78,-0.1,-3.5971,334468.03,88469.156
65,600725.SH,20210601,2.83,2.97,2.72,2.78,2.7,0.08,2.963,617162.03,175669.325
66,600725.SH,20210528,2.58,2.72,2.53,2.7,2.59,0.11,4.2471,207949.97,54726.929
67,600725.SH,20210527,2.45,2.59,2.44,2.59,2.47,0.12,4.8583,160152.15,40774.173
68,600725.SH,20210526,2.5,2.5,2.4,2.47,2.5,-0.03,-1.2,160087.44,39131.559
69,600725.SH,20210525,2.5,2.55,2.47,2.5,2.47,0.03,1.2146,137015.16,34343.497
70,600725.SH,20210524,2.41,2.47,2.36,2.47,2.4,0.07,2.9167,130177.33,31700.669
71,600725.SH,20210521,2.35,2.44,2.32,2.4,2.37,0.03,1.2658,234178.74,55951.254
72,600725.SH,20210520,2.25,2.37,2.25,2.37,2.26,0.11,4.8673,250008.56,58833.896
73,600725.SH,20210519,2.33,2.38,2.21,2.26,2.28,-0.02,-0.8772,427465.32,98050.634
74,600725.SH,20210518,2.28,2.28,2.28,2.28,2.17,0.11,5.0691,26683.08,6083.742
75,600725.SH,20210517,2.17,2.17,2.17,2.17,2.07,0.1,4.8309,15486.0,3360.462
76,600725.SH,20210514,1.97,2.07,1.96,2.07,1.97,0.1,5.0761,110963.69,22719.543
77,600725.SH,20210513,2.05,2.08,1.96,1.97,2.05,-0.08,-3.9024,80943.86,16246.091
78,600725.SH,20210512,2.01,2.07,2.0,2.05,2.02,0.03,1.4851,48124.5,9857.274
79,600725.SH,20210511,2.02,2.03,2.0,2.02,2.04,-0.02,-0.9804,60106.56,12071.564
80,600725.SH,20210510,2.0,2.04,1.97,2.04,2.0,0.04,2.0,60674.08,12184.598
81,600725.SH,20210507,1.94,2.02,1.92,2.0,1.94,0.06,3.0928,86232.41,17045.705
82,600725.SH,20210506,1.92,1.97,1.92,1.94,1.94,0.0,0.0,39353.73,7642.669
83,600725.SH,20210430,1.9,1.95,1.89,1.94,1.91,0.03,1.5707,37916.9,7300.463
84,600725.SH,20210429,1.91,1.94,1.89,1.91,1.93,-0.02,-1.0363,32345.69,6181.484
85,600725.SH,20210428,1.88,1.97,1.87,1.93,1.88,0.05,2.6596,52816.91,10197.24
86,600725.SH,20210427,1.88,1.9,1.86,1.88,1.89,-0.01,-0.5291,25618.8,4805.203
87,600725.SH,20210426,1.88,1.94,1.87,1.89,1.89,0.0,0.0,30821.9,5867.51
88,600725.SH,20210423,1.92,1.93,1.86,1.89,1.94,-0.05,-2.5773,50587.0,9503.011
89,600725.SH,20210422,1.86,1.95,1.85,1.94,1.86,0.08,4.3011,82228.29,15861.846
90,600725.SH,20210421,1.86,1.87,1.84,1.86,1.86,0.0,0.0,25028.08,4640.515
91,600725.SH,20210420,1.88,1.89,1.86,1.86,1.89,-0.03,-1.5873,21438.22,4011.252
92,600725.SH,20210419,1.88,1.89,1.87,1.89,1.88,0.01,0.5319,21693.28,4071.435
93,600725.SH,20210416,1.86,1.88,1.85,1.88,1.87,0.01,0.5348,29676.45,5531.457
94,600725.SH,20210415,1.89,1.89,1.82,1.87,1.89,-0.02,-1.0582,50951.07,9430.036
95,600725.SH,20210414,1.87,1.91,1.86,1.89,1.88,0.01,0.5319,30056.33,5645.783
96,600725.SH,20210413,1.96,1.96,1.86,1.88,1.95,-0.07,-3.5897,75108.97,14327.592
97,600725.SH,20210412,1.86,1.95,1.85,1.95,1.86,0.09,4.8387,100395.85,19384.177
98,600725.SH,20210409,1.85,1.88,1.83,1.86,1.85,0.01,0.5405,36495.3,6772.978
99,600725.SH,20210408,1.81,1.86,1.8,1.85,1.82,0.03,1.6484,43233.43,7905.111
100,600725.SH,20210407,1.8,1.84,1.8,1.82,1.81,0.01,0.5525,21374.16,3866.503
101,600725.SH,20210406,1.8,1.82,1.78,1.81,1.8,0.01,0.5556,22639.36,4088.749
102,600725.SH,20210402,1.81,1.81,1.79,1.8,1.81,-0.01,-0.5525,22784.3,4085.359
103,600725.SH,20210401,1.81,1.82,1.77,1.81,1.82,-0.01,-0.5495,29700.63,5325.945
104,600725.SH,20210331,1.8,1.83,1.78,1.82,1.8,0.02,1.1111,27521.39,4967.964
105,600725.SH,20210330,1.8,1.81,1.79,1.8,1.8,0.0,0.0,29636.6,5335.095
106,600725.SH,20210329,1.81,1.83,1.79,1.8,1.81,-0.01,-0.5525,25587.37,4627.34
107,600725.SH,20210326,1.78,1.81,1.77,1.81,1.79,0.02,1.1173,27831.96,4982.773
108,600725.SH,20210325,1.84,1.85,1.79,1.79,1.84,-0.05,-2.7174,45555.21,8262.67
109,600725.SH,20210324,1.83,1.86,1.82,1.84,1.84,0.0,0.0,36295.82,6691.753
110,600725.SH,20210323,1.84,1.87,1.83,1.84,1.85,-0.01,-0.5405,41953.62,7758.626
111,600725.SH,20210322,1.85,1.91,1.83,1.85,1.87,-0.02,-1.0695,64360.2,11938.96
112,600725.SH,20210319,1.93,1.94,1.87,1.87,1.97,-0.1,-5.0761,146883.0,27623.668
113,600725.SH,20210318,2.02,2.06,1.95,1.97,2.02,-0.05,-2.4752,107451.83,21622.397
114,600725.SH,20210317,1.92,2.03,1.9,2.02,1.93,0.09,4.6632,106995.41,21121.991
115,600725.SH,20210316,1.89,1.94,1.88,1.93,1.89,0.04,2.1164,57159.62,10966.951
116,600725.SH,20210315,1.84,1.89,1.84,1.89,1.85,0.04,2.1622,36311.42,6805.637
117,600725.SH,20210312,1.82,1.86,1.81,1.85,1.82,0.03,1.6484,24264.04,4462.95
118,600725.SH,20210311,1.79,1.83,1.79,1.82,1.8,0.02,1.1111,18010.92,3271.59
119,600725.SH,20210310,1.83,1.84,1.79,1.8,1.82,-0.02,-1.0989,29950.0,5412.033
120,600725.SH,20210309,1.84,1.86,1.77,1.82,1.85,-0.03,-1.6216,55260.99,10079.507
121,600725.SH,20210308,1.9,1.9,1.83,1.85,1.87,-0.02,-1.0695,50784.64,9446.968
122,600725.SH,20210305,1.82,1.88,1.82,1.87,1.83,0.04,2.1858,68631.85,12715.358
123,600725.SH,20210304,1.78,1.85,1.77,1.83,1.8,0.03,1.6667,79164.1,14338.15
124,600725.SH,20210303,1.75,1.81,1.74,1.8,1.76,0.04,2.2727,42084.4,7538.987
125,600725.SH,20210302,1.77,1.8,1.73,1.76,1.78,-0.02,-1.1236,41180.1,7258.333
126,600725.SH,20210301,1.71,1.79,1.7,1.78,1.71,0.07,4.0936,58199.85,10283.18
127,600725.SH,20210226,1.69,1.71,1.65,1.71,1.68,0.03,1.7857,31281.6,5263.843
128,600725.SH,20210225,1.71,1.72,1.66,1.68,1.72,-0.04,-2.3256,52817.63,8920.537
129,600725.SH,20210224,1.7,1.74,1.69,1.72,1.71,0.01,0.5848,43748.19,7476.268
130,600725.SH,20210223,1.72,1.74,1.69,1.71,1.73,-0.02,-1.1561,37013.33,6337.686
131,600725.SH,20210222,1.75,1.81,1.72,1.73,1.74,-0.01,-0.5747,65122.0,11516.857
132,600725.SH,20210219,1.7,1.74,1.69,1.74,1.71,0.03,1.7544,43961.67,7587.745
133,600725.SH,20210218,1.69,1.71,1.68,1.71,1.68,0.03,1.7857,35531.64,6017.759
134,600725.SH,20210210,1.66,1.69,1.64,1.68,1.66,0.02,1.2048,23799.32,3976.375
135,600725.SH,20210209,1.63,1.67,1.62,1.66,1.63,0.03,1.8405,20014.12,3297.88
136,600725.SH,20210208,1.63,1.66,1.62,1.63,1.63,0.0,0.0,27900.02,4575.848
137,600725.SH,20210205,1.63,1.67,1.61,1.63,1.65,-0.02,-1.2121,32987.58,5398.106
138,600725.SH,20210204,1.67,1.75,1.59,1.65,1.67,-0.02,-1.1976,55019.0,9291.702
139,600725.SH,20210203,1.64,1.68,1.61,1.67,1.64,0.03,1.8293,27910.35,4600.127
140,600725.SH,20210202,1.62,1.68,1.62,1.64,1.63,0.01,0.6135,28412.04,4684.451
141,600725.SH,20210201,1.61,1.64,1.58,1.63,1.62,0.01,0.6173,35599.51,5739.557
142,600725.SH,20210129,1.58,1.65,1.58,1.62,1.58,0.04,2.5316,51221.79,8264.128
143,600725.SH,20210128,1.63,1.64,1.57,1.58,1.61,-0.03,-1.8634,26069.9,4202.122
144,600725.SH,20210127,1.62,1.63,1.6,1.61,1.62,-0.01,-0.6173,21691.31,3504.885
145,600725.SH,20210126,1.61,1.66,1.59,1.62,1.62,0.0,0.0,33258.65,5385.197
146,600725.SH,20210125,1.68,1.7,1.62,1.62,1.7,-0.08,-4.7059,73922.0,12115.988
147,600725.SH,20210122,1.73,1.77,1.68,1.7,1.73,-0.03,-1.7341,87928.3,15256.221
148,600725.SH,20210121,1.65,1.73,1.65,1.73,1.65,0.08,4.8485,82103.94,14076.402
149,600725.SH,20210120,1.6,1.67,1.6,1.65,1.6,0.05,3.125,37901.4,6247.34
150,600725.SH,20210119,1.6,1.64,1.58,1.6,1.61,-0.01,-0.6211,44844.27,7189.743
151,600725.SH,20210118,1.53,1.61,1.53,1.61,1.53,0.08,5.2288,79420.02,12653.402
152,600725.SH,20210115,1.5,1.55,1.5,1.53,1.52,0.01,0.6579,31028.92,4740.95
153,600725.SH,20210114,1.47,1.54,1.45,1.52,1.47,0.05,3.4014,50643.38,7653.085
154,600725.SH,20210113,1.51,1.51,1.45,1.47,1.51,-0.04,-2.649,53818.84,7914.517
155,600725.SH,20210112,1.51,1.53,1.47,1.51,1.51,0.0,0.0,81339.8,12229.576
156,600725.SH,20210111,1.43,1.51,1.41,1.51,1.44,0.07,4.8611,106771.66,15951.324
157,600725.SH,20210108,1.48,1.49,1.42,1.44,1.49,-0.05,-3.3557,113025.01,16209.574
158,600725.SH,20210107,1.54,1.55,1.47,1.49,1.55,-0.06,-3.871,90657.46,13558.986
159,600725.SH,20210106,1.6,1.62,1.54,1.55,1.62,-0.07,-4.321,87831.3,13788.837
160,600725.SH,20210105,1.69,1.7,1.62,1.62,1.7,-0.08,-4.7059,109242.1,17982.996
161,600725.SH,20210104,1.71,1.73,1.68,1.7,1.71,-0.01,-0.5848,65112.02,11064.247
162,600725.SH,20201231,1.68,1.73,1.68,1.71,1.69,0.02,1.1834,44742.68,7615.87
163,600725.SH,20201230,1.67,1.7,1.67,1.69,1.67,0.02,1.1976,48593.82,8193.457
164,600725.SH,20201229,1.69,1.7,1.67,1.67,1.69,-0.02,-1.1834,51395.5,8632.217
165,600725.SH,20201228,1.72,1.73,1.69,1.69,1.74,-0.05,-2.8736,69205.36,11828.318
166,600725.SH,20201225,1.7,1.77,1.66,1.74,1.69,0.05,2.9586,159138.43,27670.187
167,600725.SH,20201224,1.69,1.7,1.68,1.69,1.7,-0.01,-0.5882,37152.73,6271.41
168,600725.SH,20201223,1.69,1.72,1.67,1.7,1.69,0.01,0.5917,52930.82,8959.265
169,600725.SH,20201222,1.73,1.73,1.67,1.69,1.74,-0.05,-2.8736,47728.72,8099.536
170,600725.SH,20201221,1.74,1.77,1.71,1.74,1.74,0.0,0.0,40417.5,7025.038
171,600725.SH,20201218,1.7,1.76,1.69,1.74,1.71,0.03,1.7544,60628.31,10470.419
172,600725.SH,20201217,1.78,1.8,1.69,1.71,1.78,-0.07,-3.9326,111296.8,19074.721
173,600725.SH,20201216,1.79,1.81,1.78,1.78,1.8,-0.02,-1.1111,21012.2,3775.266
174,600725.SH,20201215,1.8,1.82,1.79,1.8,1.82,-0.02,-1.0989,29036.91,5233.968
175,600725.SH,20201214,1.83,1.84,1.8,1.82,1.84,-0.02,-1.087,31140.72,5665.925
176,600725.SH,20201211,1.87,1.88,1.82,1.84,1.86,-0.02,-1.0753,51609.65,9528.826
177,600725.SH,20201210,1.87,1.88,1.85,1.86,1.87,-0.01,-0.5348,29932.57,5577.886
178,600725.SH,20201209,1.86,1.9,1.86,1.87,1.86,0.01,0.5376,40307.12,7565.099
179,600725.SH,20201208,1.88,1.88,1.85,1.86,1.88,-0.02,-1.0638,27840.42,5195.381
180,600725.SH,20201207,1.87,1.89,1.85,1.88,1.87,0.01,0.5348,24915.9,4657.413
181,600725.SH,20201204,1.85,1.88,1.84,1.87,1.89,-0.02,-1.0582,41605.11,7732.377
182,600725.SH,20201203,1.91,1.91,1.88,1.89,1.91,-0.02,-1.0471,33133.5,6263.794
183,600725.SH,20201202,1.92,1.93,1.89,1.91,1.92,-0.01,-0.5208,41548.62,7917.894
184,600725.SH,20201201,1.93,1.94,1.91,1.92,1.93,-0.01,-0.5181,40561.8,7797.64
185,600725.SH,20201130,1.94,1.95,1.92,1.93,1.93,0.0,0.0,27405.92,5297.471
186,600725.SH,20201127,1.93,1.95,1.92,1.93,1.93,0.0,0.0,29111.92,5627.956
187,600725.SH,20201126,1.95,1.95,1.92,1.93,1.95,-0.02,-1.0256,21757.0,4210.512
188,600725.SH,20201125,1.96,1.98,1.93,1.95,1.96,-0.01,-0.5102,32559.14,6343.87
189,600725.SH,20201124,1.98,1.98,1.95,1.96,1.98,-0.02,-1.0101,30092.9,5905.194
190,600725.SH,20201123,1.96,2.01,1.95,1.98,1.97,0.01,0.5076,49379.9,9780.555
191,600725.SH,20201120,1.93,1.97,1.93,1.97,1.94,0.03,1.5464,22139.25,4329.89
192,600725.SH,20201119,1.97,1.97,1.93,1.94,1.97,-0.03,-1.5228,25800.0,5032.772
193,600725.SH,20201118,1.97,1.99,1.95,1.97,1.98,-0.01,-0.5051,23600.22,4638.362
194,600725.SH,20201117,1.96,2.01,1.93,1.98,1.96,0.02,1.0204,41840.98,8228.223
195,600725.SH,20201116,1.93,1.97,1.89,1.96,1.93,0.03,1.5544,38803.18,7494.461
196,600725.SH,20201113,1.94,1.95,1.91,1.93,1.95,-0.02,-1.0256,28676.53,5519.3
197,600725.SH,20201112,1.85,1.95,1.84,1.95,1.86,0.09,4.8387,67124.52,12865.593
198,600725.SH,20201111,1.84,1.87,1.82,1.86,1.84,0.02,1.087,36497.67,6736.925
199,600725.SH,20201110,1.85,1.86,1.83,1.84,1.85,-0.01,-0.5405,27614.0,5094.366
200,600725.SH,20201109,1.84,1.86,1.83,1.85,1.83,0.02,1.0929,41001.9,7578.279
201,600725.SH,20201106,1.84,1.84,1.81,1.83,1.84,-0.01,-0.5435,26978.32,4917.662
202,600725.SH,20201105,1.83,1.84,1.82,1.84,1.83,0.01,0.5464,25328.65,4634.664
203,600725.SH,20201104,1.84,1.85,1.81,1.83,1.85,-0.02,-1.0811,22585.04,4129.764
204,600725.SH,20201103,1.83,1.86,1.79,1.85,1.83,0.02,1.0929,31001.94,5653.897
205,600725.SH,20201102,1.93,1.93,1.82,1.83,1.92,-0.09,-4.6875,54369.9,10031.701
206,600725.SH,20201030,1.96,1.96,1.92,1.92,1.96,-0.04,-2.0408,29086.6,5638.5
207,600725.SH,20201029,1.94,1.97,1.94,1.96,1.97,-0.01,-0.5076,18444.17,3603.266
208,600725.SH,20201028,1.96,1.98,1.95,1.97,1.96,0.01,0.5102,16788.46,3293.527
209,600725.SH,20201027,1.95,1.96,1.95,1.96,1.96,0.0,0.0,14752.04,2884.914
210,600725.SH,20201026,1.95,1.97,1.95,1.96,1.97,-0.01,-0.5076,21715.81,4252.518
211,600725.SH,20201023,1.96,1.97,1.95,1.97,1.96,0.01,0.5102,13835.51,2715.769
212,600725.SH,20201022,1.98,1.98,1.95,1.96,1.98,-0.02,-1.0101,19167.0,3760.761
213,600725.SH,20201021,2.0,2.0,1.97,1.98,2.0,-0.02,-1.0,14245.0,2821.976
214,600725.SH,20201020,2.0,2.0,1.98,2.0,2.0,0.0,0.0,12125.11,2416.179
215,600725.SH,20201019,2.01,2.01,1.99,2.0,2.01,-0.01,-0.4975,11016.7,2201.138
216,600725.SH,20201016,2.0,2.02,2.0,2.01,1.99,0.02,1.005,9708.0,1945.62
217,600725.SH,20201015,2.01,2.02,1.99,1.99,2.01,-0.02,-0.995,12162.0,2434.689
218,600725.SH,20201014,2.03,2.04,2.0,2.01,2.03,-0.02,-0.9852,12234.45,2462.856
219,600725.SH,20201013,2.03,2.04,2.02,2.03,2.04,-0.01,-0.4902,14170.91,2869.798
220,600725.SH,20201012,2.02,2.06,2.02,2.04,2.02,0.02,0.9901,20239.5,4118.061
221,600725.SH,20201009,2.0,2.04,1.99,2.02,1.99,0.03,1.5075,23384.08,4717.682
222,600725.SH,20200930,1.98,2.01,1.97,1.99,1.97,0.02,1.0152,25408.49,5065.662
223,600725.SH,20200929,1.96,1.98,1.95,1.97,1.95,0.02,1.0256,17836.68,3507.383
224,600725.SH,20200928,1.99,1.99,1.95,1.95,1.99,-0.04,-2.0101,25315.5,4983.868
225,600725.SH,20200925,2.02,2.03,1.93,1.99,2.01,-0.02,-0.995,44519.4,8869.183
226,600725.SH,20200924,2.06,2.07,2.01,2.01,2.07,-0.06,-2.8986,42564.95,8649.909
227,600725.SH,20200923,2.08,2.09,2.06,2.07,2.08,-0.01,-0.4808,28291.6,5867.507
228,600725.SH,20200922,2.08,2.09,2.07,2.08,2.09,-0.01,-0.4785,26677.13,5550.934
229,600725.SH,20200921,2.09,2.1,2.08,2.09,2.1,-0.01,-0.4762,24540.13,5135.004
230,600725.SH,20200918,2.09,2.11,2.09,2.1,2.08,0.02,0.9615,25311.05,5306.393
231,600725.SH,20200917,2.09,2.09,2.08,2.08,2.1,-0.02,-0.9524,29089.5,6064.527
232,600725.SH,20200916,2.11,2.11,2.08,2.1,2.11,-0.01,-0.4739,37200.2,7773.135
233,600725.SH,20200915,2.1,2.11,2.09,2.11,2.11,0.0,0.0,33401.95,7026.606
234,600725.SH,20200914,2.1,2.12,2.1,2.11,2.11,0.0,0.0,38269.41,8064.336
235,600725.SH,20200911,2.12,2.13,2.09,2.11,2.13,-0.02,-0.939,49372.68,10391.677
236,600725.SH,20200910,2.17,2.19,2.1,2.13,2.18,-0.05,-2.2936,79950.7,17168.672
237,600725.SH,20200909,2.11,2.23,2.11,2.18,2.13,0.05,2.3474,124476.32,26847.652
238,600725.SH,20200908,2.11,2.14,2.1,2.13,2.11,0.02,0.9479,42032.91,8903.296
239,600725.SH,20200907,2.12,2.13,2.1,2.11,2.13,-0.02,-0.939,46774.17,9875.383
240,600725.SH,20200904,2.11,2.13,2.1,2.13,2.12,0.01,0.4717,41103.42,8705.083
241,600725.SH,20200903,2.11,2.14,2.11,2.12,2.11,0.01,0.4739,45301.41,9604.019
242,600725.SH,20200902,2.13,2.13,2.1,2.11,2.12,-0.01,-0.4717,30961.67,6525.205
243,600725.SH,20200901,2.1,2.14,2.1,2.12,2.1,0.02,0.9524,45205.2,9597.545
244,600725.SH,20200831,2.1,2.12,2.09,2.1,2.1,0.0,0.0,50092.4,10555.599
245,600725.SH,20200828,2.08,2.11,2.08,2.1,2.09,0.01,0.4785,28424.77,5949.003
246,600725.SH,20200827,2.09,2.1,2.08,2.09,2.09,0.0,0.0,29381.6,6142.275
247,600725.SH,20200826,2.11,2.11,2.08,2.09,2.11,-0.02,-0.9479,60762.0,12722.035
248,600725.SH,20200825,2.12,2.13,2.1,2.11,2.12,-0.01,-0.4717,45623.79,9627.001
249,600725.SH,20200824,2.15,2.15,2.11,2.12,2.15,-0.03,-1.3953,76647.63,16264.265
250,600725.SH,20200821,2.11,2.18,2.1,2.15,2.11,0.04,1.8957,84529.98,18024.365
251,600725.SH,20200820,2.11,2.12,2.09,2.11,2.11,0.0,0.0,52096.03,10961.22
252,600725.SH,20200819,2.12,2.13,2.1,2.11,2.12,-0.01,-0.4717,49626.01,10486.547
253,600725.SH,20200818,2.1,2.14,2.1,2.12,2.1,0.02,0.9524,67142.29,14261.321
254,600725.SH,20200817,2.1,2.12,2.09,2.1,2.11,-0.01,-0.4739,59372.61,12481.833
255,600725.SH,20200814,2.09,2.11,2.07,2.11,2.1,0.01,0.4762,51280.16,10687.084
256,600725.SH,20200813,2.09,2.11,2.08,2.1,2.09,0.01,0.4785,38123.81,7973.378
257,600725.SH,20200812,2.1,2.1,2.06,2.09,2.1,-0.01,-0.4762,62092.92,12882.476
258,600725.SH,20200811,2.11,2.13,2.1,2.1,2.11,-0.01,-0.4739,54778.2,11581.568
259,600725.SH,20200810,2.11,2.12,2.1,2.11,2.11,0.0,0.0,49856.39,10507.838
260,600725.SH,20200807,2.14,2.14,2.1,2.11,2.14,-0.03,-1.4019,75149.55,15875.629
261,600725.SH,20200806,2.16,2.17,2.12,2.14,2.16,-0.02,-0.9259,54450.79,11668.452
262,600725.SH,20200805,2.14,2.17,2.13,2.16,2.14,0.02,0.9346,59082.48,12704.763
263,600725.SH,20200804,2.15,2.17,2.13,2.14,2.15,-0.01,-0.4651,60870.74,13054.094
264,600725.SH,20200803,2.12,2.18,2.12,2.15,2.13,0.02,0.939,75868.02,16300.556
265,600725.SH,20200731,2.12,2.14,2.11,2.13,2.12,0.01,0.4717,31366.39,6663.371
266,600725.SH,20200730,2.13,2.14,2.12,2.12,2.13,-0.01,-0.4695,33029.84,7023.367
267,600725.SH,20200729,2.13,2.14,2.09,2.13,2.13,0.0,0.0,56238.52,11913.886
268,600725.SH,20200728,2.16,2.17,2.1,2.13,2.16,-0.03,-1.3889,63155.75,13487.356
269,600725.SH,20200727,2.16,2.19,2.14,2.16,2.16,0.0,0.0,19098.64,4125.823
270,600725.SH,20200724,2.21,2.21,2.15,2.16,2.21,-0.05,-2.2624,34208.2,7467.571
271,600725.SH,20200723,2.22,2.23,2.18,2.21,2.23,-0.02,-0.8969,34006.04,7494.289
272,600725.SH,20200722,2.25,2.25,2.2,2.23,2.26,-0.03,-1.3274,53507.7,11911.515
273,600725.SH,20200721,2.3,2.31,2.24,2.26,2.3,-0.04,-1.7391,42134.15,9560.779
274,600725.SH,20200720,2.24,2.32,2.24,2.3,2.24,0.06,2.6786,42324.06,9638.65
275,600725.SH,20200717,2.22,2.25,2.21,2.24,2.22,0.02,0.9009,38965.81,8698.606
276,600725.SH,20200716,2.34,2.39,2.22,2.22,2.33,-0.11,-4.721,118775.46,27317.049
277,600725.SH,20200715,2.24,2.34,2.22,2.33,2.23,0.1,4.4843,125731.6,29135.835
278,600725.SH,20200714,2.25,2.27,2.21,2.23,2.25,-0.02,-0.8889,58859.27,13150.145
279,600725.SH,20200713,2.2,2.26,2.18,2.25,2.19,0.06,2.7397,84472.34,18786.781
280,600725.SH,20200710,2.22,2.22,2.18,2.19,2.22,-0.03,-1.3514,75039.56,16471.819
281,600725.SH,20200709,2.17,2.23,2.16,2.22,2.18,0.04,1.8349,88098.81,19324.4
282,600725.SH,20200708,2.16,2.2,2.14,2.18,2.16,0.02,0.9259,75659.4,16427.053
283,600725.SH,20200707,2.2,2.21,2.15,2.16,2.19,-0.03,-1.3699,83147.14,18059.984
284,600725.SH,20200706,2.15,2.22,2.14,2.19,2.14,0.05,2.3364,82134.26,17808.573
285,600725.SH,20200703,2.11,2.14,2.11,2.14,2.11,0.03,1.4218,31790.52,6758.757
286,600725.SH,20200702,2.12,2.12,2.09,2.11,2.12,-0.01,-0.4717,33370.48,7033.272
287,600725.SH,20200701,2.15,2.16,2.11,2.12,2.16,-0.04,-1.8519,32085.0,6832.171
288,600725.SH,20200630,2.13,2.16,2.1,2.16,2.12,0.04,1.8868,29092.17,6193.571
289,600725.SH,20200629,2.12,2.14,2.11,2.12,2.13,-0.01,-0.4695,17532.54,3720.045
290,600725.SH,20200624,2.15,2.15,2.11,2.13,2.15,-0.02,-0.9302,26167.84,5573.085
291,600725.SH,20200623,2.13,2.15,2.12,2.15,2.13,0.02,0.939,28975.0,6180.346
292,600725.SH,20200622,2.12,2.17,2.12,2.13,2.13,0.0,0.0,33502.1,7201.572
293,600725.SH,20200619,2.12,2.15,2.11,2.13,2.13,0.0,0.0,21253.09,4529.611
294,600725.SH,20200618,2.12,2.15,2.09,2.13,2.12,0.01,0.4717,28313.3,6002.815
295,600725.SH,20200617,2.13,2.13,2.09,2.12,2.14,-0.02,-0.9346,35637.38,7507.975
296,600725.SH,20200616,2.13,2.15,2.12,2.14,2.12,0.02,0.9434,18634.3,3965.618
297,600725.SH,20200615,2.15,2.15,2.11,2.12,2.15,-0.03,-1.3953,27690.8,5897.77
298,600725.SH,20200612,2.13,2.16,2.12,2.15,2.15,0.0,0.0,21402.08,4572.583
299,600725.SH,20200611,2.17,2.19,2.12,2.15,2.18,-0.03,-1.3761,20340.98,4393.374
300,600725.SH,20200610,2.17,2.19,2.13,2.18,2.18,0.0,0.0,23280.42,5027.228
301,600725.SH,20200609,2.16,2.19,2.14,2.18,2.16,0.02,0.9259,23632.4,5117.838
302,600725.SH,20200608,2.16,2.19,2.15,2.16,2.16,0.0,0.0,21344.97,4623.263
303,600725.SH,20200605,2.18,2.19,2.14,2.16,2.18,-0.02,-0.9174,26373.32,5698.692
304,600725.SH,20200604,2.2,2.22,2.17,2.18,2.21,-0.03,-1.3575,25320.82,5535.537
305,600725.SH,20200603,2.24,2.24,2.19,2.21,2.24,-0.03,-1.3393,21811.78,4834.033
306,600725.SH,20200602,2.18,2.25,2.15,2.24,2.18,0.06,2.7523,27219.88,5971.684
307,600725.SH,20200601,2.17,2.2,2.17,2.18,2.18,0.0,0.0,15689.4,3424.855
308,600725.SH,20200529,2.15,2.19,2.14,2.18,2.15,0.03,1.3953,18031.6,3912.635
309,600725.SH,20200528,2.2,2.21,2.14,2.15,2.2,-0.05,-2.2727,13882.0,3014.647
310,600725.SH,20200527,2.18,2.2,2.17,2.2,2.19,0.01,0.4566,11292.06,2467.792
311,600725.SH,20200526,2.13,2.19,2.13,2.19,2.13,0.06,2.8169,11964.8,2593.05
312,600725.SH,20200525,2.15,2.16,2.12,2.13,2.15,-0.02,-0.9302,10878.0,2324.516
313,600725.SH,20200522,2.12,2.19,2.09,2.15,2.14,0.01,0.4673,25021.83,5317.953
314,600725.SH,20200521,2.06,2.19,2.06,2.14,2.13,0.01,0.4695,35801.97,7646.322
315,600725.SH,20200520,2.19,2.24,2.13,2.13,2.24,-0.11,-4.9107,60016.0,12982.359
316,600725.SH,20200519,2.24,2.28,2.23,2.24,2.24,0.0,0.0,22069.0,4979.716
317,600725.SH,20200518,2.27,2.27,2.21,2.24,2.27,-0.03,-1.3216,19496.66,4357.24
318,600725.SH,20200515,2.26,2.28,2.24,2.27,2.25,0.02,0.8889,21880.92,4950.622
319,600725.SH,20200514,2.33,2.33,2.25,2.25,2.35,-0.1,-4.2553,57994.8,13265.634
320,600725.SH,20200513,2.37,2.39,2.31,2.35,2.39,-0.04,-1.6736,41136.8,9647.649
321,600725.SH,20200512,2.42,2.43,2.37,2.39,2.43,-0.04,-1.6461,34602.28,8297.002
322,600725.SH,20200511,2.46,2.46,2.41,2.43,2.44,-0.01,-0.4098,26762.17,6512.93
323,600725.SH,20200508,2.45,2.46,2.43,2.44,2.44,0.0,0.0,26720.05,6526.238
324,600725.SH,20200507,2.48,2.49,2.43,2.44,2.48,-0.04,-1.6129,27609.12,6756.574
325,600725.SH,20200506,2.47,2.49,2.42,2.48,2.48,0.0,0.0,24124.92,5926.715
326,600725.SH,20200430,2.45,2.51,2.44,2.48,2.45,0.03,1.2245,33749.2,8366.76
327,600725.SH,20200429,2.45,2.5,2.43,2.45,2.45,0.0,0.0,32065.0,7874.059
328,600725.SH,20200428,2.53,2.53,2.39,2.45,2.52,-0.07,-2.7778,55912.7,13691.618
329,600725.SH,20200427,2.49,2.59,2.46,2.52,2.5,0.02,0.8,50377.7,12778.045
330,600725.SH,20200424,2.51,2.54,2.44,2.5,2.52,-0.02,-0.7937,43082.0,10747.387
331,600725.SH,20200423,2.51,2.55,2.47,2.52,2.53,-0.01,-0.3953,41546.56,10455.63
332,600725.SH,20200422,2.47,2.6,2.47,2.53,2.5,0.03,1.2,32826.7,8300.652
333,600725.SH,20200421,2.48,2.5,2.45,2.5,2.49,0.01,0.4016,28482.39,7060.267
334,600725.SH,20200420,2.48,2.54,2.46,2.49,2.48,0.01,0.4032,26173.78,6568.129
335,600725.SH,20200417,2.43,2.55,2.38,2.48,2.43,0.05,2.0576,35021.46,8627.907
336,600725.SH,20200416,2.46,2.48,2.4,2.43,2.47,-0.04,-1.6194,37375.29,9085.244
337,600725.SH,20200415,2.49,2.49,2.43,2.47,2.5,-0.03,-1.2,33935.54,8342.985
338,600725.SH,20200414,2.49,2.54,2.46,2.5,2.51,-0.01,-0.3984,44910.64,11192.858
339,600725.SH,20200413,2.4,2.54,2.39,2.51,2.42,0.09,3.719,116666.0,29394.528
340,600725.SH,20200410,2.35,2.42,2.32,2.42,2.34,0.08,3.4188,53248.12,12620.246
341,600725.SH,20200409,2.3,2.36,2.28,2.34,2.29,0.05,2.1834,34216.96,7948.5
342,600725.SH,20200408,2.27,2.29,2.26,2.29,2.27,0.02,0.8811,13942.6,3175.517
343,600725.SH,20200407,2.27,2.29,2.25,2.27,2.24,0.03,1.3393,17578.96,3998.693
344,600725.SH,20200403,2.26,2.27,2.22,2.24,2.27,-0.03,-1.3216,15645.44,3517.627
345,600725.SH,20200402,2.25,2.29,2.22,2.27,2.25,0.02,0.8889,20308.26,4561.018
346,600725.SH,20200401,2.26,2.28,2.24,2.25,2.27,-0.02,-0.8811,13425.8,3034.293
347,600725.SH,20200331,2.31,2.32,2.26,2.27,2.3,-0.03,-1.3043,22716.72,5188.204
348,600725.SH,20200330,2.31,2.34,2.28,2.3,2.33,-0.03,-1.2876,24363.8,5611.688
349,600725.SH,20200327,2.27,2.36,2.25,2.33,2.25,0.08,3.5556,39089.29,9062.513
350,600725.SH,20200326,2.3,2.3,2.23,2.25,2.3,-0.05,-2.1739,20198.64,4587.896
351,600725.SH,20200325,2.27,2.32,2.27,2.3,2.25,0.05,2.2222,34818.7,7979.808
352,600725.SH,20200324,2.24,2.27,2.23,2.25,2.23,0.02,0.8969,19536.64,4382.24
353,600725.SH,20200323,2.27,2.28,2.22,2.23,2.29,-0.06,-2.6201,27426.17,6178.066
354,600725.SH,20200320,2.26,2.3,2.24,2.29,2.24,0.05,2.2321,27749.8,6321.137
355,600725.SH,20200319,2.22,2.27,2.2,2.24,2.24,0.0,0.0,37077.97,8295.228
356,600725.SH,20200318,2.34,2.34,2.22,2.24,2.32,-0.08,-3.4483,59987.89,13702.598
357,600725.SH,20200317,2.22,2.32,2.18,2.32,2.21,0.11,4.9774,58789.75,13362.591
358,600725.SH,20200316,2.32,2.33,2.2,2.21,2.28,-0.07,-3.0702,44048.69,9958.648
359,600725.SH,20200313,2.21,2.32,2.21,2.28,2.32,-0.04,-1.7241,37288.79,8437.454
360,600725.SH,20200312,2.36,2.37,2.3,2.32,2.39,-0.07,-2.9289,38929.14,9088.719
361,600725.SH,20200311,2.35,2.42,2.35,2.39,2.35,0.04,1.7021,39496.08,9450.395
362,600725.SH,20200310,2.3,2.38,2.25,2.35,2.34,0.01,0.4274,48579.77,11311.973
363,600725.SH,20200309,2.32,2.44,2.27,2.34,2.34,0.0,0.0,57848.0,13691.187
364,600725.SH,20200306,2.3,2.4,2.26,2.34,2.3,0.04,1.7391,56637.9,13296.147
365,600725.SH,20200305,2.3,2.33,2.25,2.3,2.27,0.03,1.3216,58306.2,13354.477
366,600725.SH,20200304,2.15,2.27,2.14,2.27,2.16,0.11,5.0926,83569.89,18726.643
367,600725.SH,20200303,2.16,2.17,2.15,2.16,2.15,0.01,0.4651,31188.91,6733.79
368,600725.SH,20200302,2.13,2.18,2.13,2.15,2.13,0.02,0.939,38197.28,8185.045
369,600725.SH,20200228,2.16,2.19,2.11,2.13,2.22,-0.09,-4.0541,61134.61,13098.776
370,600725.SH,20200227,2.25,2.27,2.21,2.22,2.25,-0.03,-1.3333,55867.06,12467.314
371,600725.SH,20200226,2.24,2.26,2.2,2.25,2.26,-0.01,-0.4425,42976.57,9630.063
372,600725.SH,20200225,2.24,2.28,2.2,2.26,2.29,-0.03,-1.31,44917.3,10036.802
373,600725.SH,20200224,2.29,2.32,2.28,2.29,2.28,0.01,0.4386,45456.3,10415.287
374,600725.SH,20200221,2.3,2.3,2.27,2.28,2.3,-0.02,-0.8696,40338.26,9207.033
375,600725.SH,20200220,2.28,2.31,2.25,2.3,2.27,0.03,1.3216,40047.93,9160.345
376,600725.SH,20200219,2.3,2.3,2.26,2.27,2.3,-0.03,-1.3043,30282.39,6887.475
377,600725.SH,20200218,2.32,2.35,2.28,2.3,2.33,-0.03,-1.2876,46303.88,10648.193
378,600725.SH,20200217,2.3,2.38,2.28,2.33,2.29,0.04,1.7467,34618.4,8109.302
379,600725.SH,20200214,2.28,2.31,2.27,2.29,2.29,0.0,0.0,14846.5,3392.335
380,600725.SH,20200213,2.35,2.36,2.28,2.29,2.36,-0.07,-2.9661,27858.73,6430.547
381,600725.SH,20200212,2.35,2.42,2.31,2.36,2.35,0.01,0.4255,48747.61,11481.525
382,600725.SH,20200211,2.23,2.35,2.22,2.35,2.24,0.11,4.9107,29450.08,6800.964
383,600725.SH,20200210,2.2,2.25,2.16,2.24,2.21,0.03,1.3575,28296.2,6237.957
384,600725.SH,20200207,2.22,2.23,2.18,2.21,2.24,-0.03,-1.3393,28336.3,6253.065
385,600725.SH,20200206,2.26,2.27,2.19,2.24,2.26,-0.02,-0.885,41654.59,9257.186
386,600725.SH,20200205,2.26,2.3,2.25,2.26,2.26,0.0,0.0,42961.0,9782.896
387,600725.SH,20200204,2.26,2.32,2.26,2.26,2.38,-0.12,-5.042,68998.66,15645.621
388,600725.SH,20200203,2.38,2.38,2.38,2.38,2.5,-0.12,-4.8,3877.0,922.726
389,600725.SH,20200123,2.43,2.57,2.43,2.5,2.48,0.02,0.8065,44584.1,11233.288
390,600725.SH,20200122,2.39,2.51,2.37,2.48,2.39,0.09,3.7657,29644.6,7249.106
391,600725.SH,20200121,2.4,2.42,2.38,2.39,2.4,-0.01,-0.4167,24049.3,5764.443
392,600725.SH,20200120,2.44,2.44,2.37,2.4,2.44,-0.04,-1.6393,34544.17,8271.998
393,600725.SH,20200117,2.48,2.49,2.41,2.44,2.48,-0.04,-1.6129,35475.9,8692.003
394,600725.SH,20200116,2.5,2.5,2.47,2.48,2.5,-0.02,-0.8,20534.06,5104.788
395,600725.SH,20200115,2.48,2.52,2.47,2.5,2.48,0.02,0.8065,34329.83,8564.417
396,600725.SH,20200114,2.49,2.52,2.46,2.48,2.49,-0.01,-0.4016,29312.3,7284.412
397,600725.SH,20200113,2.56,2.56,2.46,2.49,2.56,-0.07,-2.7344,60565.42,15083.657
398,600725.SH,20200110,2.6,2.62,2.55,2.56,2.59,-0.03,-1.1583,42734.27,10983.56
399,600725.SH,20200109,2.6,2.6,2.58,2.59,2.58,0.01,0.3876,35013.68,9062.104
400,600725.SH,20200108,2.62,2.64,2.57,2.58,2.64,-0.06,-2.2727,50620.47,13122.971
401,600725.SH,20200107,2.61,2.65,2.59,2.64,2.61,0.03,1.1494,39998.81,10495.237
402,600725.SH,20200106,2.59,2.63,2.58,2.61,2.6,0.01,0.3846,50807.47,13219.609
403,600725.SH,20200103,2.61,2.62,2.59,2.6,2.62,-0.02,-0.7634,29097.61,7564.351
404,600725.SH,20200102,2.63,2.65,2.6,2.62,2.61,0.01,0.3831,31015.1,8112.514
405,600725.SH,20191231,2.6,2.62,2.58,2.61,2.59,0.02,0.7722,12603.58,3284.109
406,600725.SH,20191230,2.57,2.6,2.57,2.59,2.59,0.0,0.0,17547.4,4538.322
407,600725.SH,20191227,2.61,2.61,2.58,2.59,2.6,-0.01,-0.3846,22908.08,5934.239
408,600725.SH,20191226,2.6,2.61,2.57,2.6,2.61,-0.01,-0.3831,17662.1,4563.905
409,600725.SH,20191225,2.64,2.66,2.58,2.61,2.66,-0.05,-1.8797,27645.9,7257.238
410,600725.SH,20191224,2.57,2.66,2.57,2.66,2.59,0.07,2.7027,33839.4,8873.993
411,600725.SH,20191223,2.61,2.61,2.57,2.59,2.61,-0.02,-0.7663,28315.0,7337.538
412,600725.SH,20191220,2.61,2.63,2.59,2.61,2.62,-0.01,-0.3817,30439.99,7946.4
413,600725.SH,20191219,2.63,2.63,2.58,2.62,2.62,0.0,0.0,38542.71,10018.365
414,600725.SH,20191218,2.58,2.63,2.57,2.62,2.59,0.03,1.1583,23411.99,6067.374
415,600725.SH,20191217,2.56,2.6,2.56,2.59,2.56,0.03,1.1719,36320.42,9375.947
416,600725.SH,20191216,2.57,2.58,2.53,2.56,2.57,-0.01,-0.3891,21537.32,5474.916
417,600725.SH,20191213,2.55,2.58,2.55,2.57,2.55,0.02,0.7843,16988.4,4350.325
418,600725.SH,20191212,2.56,2.58,2.53,2.55,2.56,-0.01,-0.3906,14153.6,3611.652
419,600725.SH,20191211,2.57,2.58,2.55,2.56,2.59,-0.03,-1.1583,17959.79,4600.01
420,600725.SH,20191210,2.61,2.61,2.56,2.59,2.63,-0.04,-1.5209,21616.5,5593.013
421,600725.SH,20191209,2.61,2.68,2.61,2.63,2.64,-0.01,-0.3788,19342.37,5094.197
422,600725.SH,20191206,2.61,2.64,2.59,2.64,2.6,0.04,1.5385,13592.47,3566.2
423,600725.SH,20191205,2.58,2.6,2.56,2.6,2.58,0.02,0.7752,13573.36,3506.635
424,600725.SH,20191204,2.55,2.62,2.54,2.58,2.57,0.01,0.3891,12780.9,3311.049
425,600725.SH,20191203,2.61,2.61,2.55,2.57,2.62,-0.05,-1.9084,21239.7,5446.384
426,600725.SH,20191202,2.63,2.63,2.59,2.62,2.64,-0.02,-0.7576,14016.3,3656.802
427,600725.SH,20191129,2.67,2.67,2.61,2.64,2.66,-0.02,-0.7519,10436.4,2749.768
428,600725.SH,20191128,2.69,2.69,2.65,2.66,2.68,-0.02,-0.7463,5619.0,1498.534
429,600725.SH,20191127,2.67,2.7,2.67,2.68,2.69,-0.01,-0.3717,11818.23,3172.764
430,600725.SH,20191126,2.66,2.72,2.66,2.69,2.67,0.02,0.7491,15010.03,4024.714
431,600725.SH,20191125,2.64,2.75,2.61,2.67,2.64,0.03,1.1364,23958.93,6432.331
432,600725.SH,20191122,2.68,2.7,2.63,2.64,2.68,-0.04,-1.4925,9881.8,2632.55
433,600725.SH,20191121,2.71,2.74,2.66,2.68,2.74,-0.06,-2.1898,14181.95,3802.044
434,600725.SH,20191120,2.63,2.75,2.61,2.74,2.62,0.12,4.5802,37053.54,10070.018
435,600725.SH,20191119,2.62,2.65,2.59,2.62,2.63,-0.01,-0.3802,17444.19,4555.802
436,600725.SH,20191118,2.77,2.77,2.61,2.63,2.75,-0.12,-4.3636,47473.13,12530.312
437,600725.SH,20191115,2.81,2.81,2.75,2.75,2.8,-0.05,-1.7857,11060.83,3065.826
438,600725.SH,20191114,2.81,2.81,2.78,2.8,2.81,-0.01,-0.3559,6848.0,1917.652
439,600725.SH,20191113,2.83,2.83,2.78,2.81,2.8,0.01,0.3571,6182.7,1734.479
440,600725.SH,20191112,2.83,2.83,2.77,2.8,2.81,-0.01,-0.3559,9285.9,2588.817
441,600725.SH,20191111,2.81,2.84,2.8,2.81,2.82,-0.01,-0.3546,9695.0,2729.538
442,600725.SH,20191108,2.84,2.84,2.82,2.82,2.85,-0.03,-1.0526,8353.0,2358.7
443,600725.SH,20191107,2.81,2.86,2.81,2.85,2.84,0.01,0.3521,8866.59,2520.66
444,600725.SH,20191106,2.87,2.87,2.82,2.84,2.86,-0.02,-0.6993,13887.5,3943.561
445,600725.SH,20191105,2.88,2.88,2.85,2.86,2.88,-0.02,-0.6944,8130.47,2325.88
446,600725.SH,20191104,2.9,2.9,2.87,2.88,2.89,-0.01,-0.346,9129.16,2624.694
447,600725.SH,20191101,2.87,2.89,2.84,2.89,2.87,0.02,0.6969,7328.72,2101.658
448,600725.SH,20191031,2.88,2.89,2.85,2.87,2.87,0.0,0.0,14197.7,4071.896
449,600725.SH,20191030,2.89,2.92,2.87,2.87,2.91,-0.04,-1.3746,15682.7,4539.939
450,600725.SH,20191029,2.88,2.91,2.87,2.91,2.9,0.01,0.3448,10553.34,3051.963
451,600725.SH,20191028,2.89,2.91,2.87,2.9,2.89,0.01,0.346,12519.98,3623.368
452,600725.SH,20191025,2.88,2.9,2.86,2.89,2.91,-0.02,-0.6873,18000.75,5169.582
453,600725.SH,20191024,2.92,2.92,2.86,2.91,2.92,-0.01,-0.3425,11379.8,3290.011
454,600725.SH,20191023,2.92,2.93,2.9,2.92,2.94,-0.02,-0.6803,5484.6,1596.847
455,600725.SH,20191022,2.91,2.94,2.89,2.94,2.91,0.03,1.0309,10225.21,2975.97
456,600725.SH,20191021,2.93,2.93,2.88,2.91,2.93,-0.02,-0.6826,9184.97,2667.025
457,600725.SH,20191018,2.99,3.0,2.86,2.93,2.98,-0.05,-1.6779,23941.47,7009.368
458,600725.SH,20191017,2.98,3.01,2.95,2.98,2.99,-0.01,-0.3344,9498.4,2823.958
459,600725.SH,20191016,3.0,3.06,2.99,2.99,3.03,-0.04,-1.3201,17162.0,5168.786
460,600725.SH,20191015,2.99,3.06,2.98,3.03,2.99,0.04,1.3378,20746.74,6265.64
461,600725.SH,20191014,3.04,3.06,2.99,2.99,3.03,-0.04,-1.3201,22461.63,6788.505
462,600725.SH,20191011,2.91,3.04,2.9,3.03,2.91,0.12,4.1237,37847.97,11286.921
463,600725.SH,20191010,2.88,2.93,2.88,2.91,2.92,-0.01,-0.3425,10472.46,3044.764
464,600725.SH,20191009,2.88,2.92,2.87,2.92,2.9,0.02,0.6897,10666.94,3097.759
465,600725.SH,20191008,2.88,2.91,2.86,2.9,2.89,0.01,0.346,13283.18,3833.268
466,600725.SH,20190930,2.85,2.89,2.84,2.89,2.84,0.05,1.7606,13609.4,3899.709
467,600725.SH,20190927,2.84,2.86,2.82,2.84,2.84,0.0,0.0,13881.26,3941.77
468,600725.SH,20190926,2.87,2.89,2.83,2.84,2.88,-0.04,-1.3889,17966.86,5132.027
469,600725.SH,20190925,2.91,2.91,2.87,2.88,2.91,-0.03,-1.0309,11508.8,3316.144
470,600725.SH,20190924,2.93,2.93,2.88,2.91,2.91,0.0,0.0,20306.6,5883.029
471,600725.SH,20190923,2.98,2.98,2.89,2.91,2.96,-0.05,-1.6892,29194.18,8511.392
472,600725.SH,20190920,2.92,3.04,2.92,2.96,2.94,0.02,0.6803,27846.08,8317.283
473,600725.SH,20190919,2.91,2.95,2.9,2.94,2.93,0.01,0.3413,10927.6,3196.619
474,600725.SH,20190918,2.92,2.95,2.9,2.93,2.93,0.0,0.0,11941.5,3482.317
475,600725.SH,20190917,2.97,2.97,2.9,2.93,2.98,-0.05,-1.6779,23905.86,7005.632
476,600725.SH,20190916,3.01,3.01,2.97,2.98,3.01,-0.03,-0.9967,15765.3,4704.907
477,600725.SH,20190912,2.98,3.01,2.96,3.01,2.97,0.04,1.3468,17077.03,5099.66
478,600725.SH,20190911,2.99,3.05,2.97,2.97,2.96,0.01,0.3378,21580.27,6462.601
479,600725.SH,20190910,2.98,2.99,2.94,2.96,2.99,-0.03,-1.0033,22139.5,6548.918
480,600725.SH,20190909,2.99,3.01,2.97,2.99,2.97,0.02,0.6734,17389.57,5177.231
481,600725.SH,20190906,3.0,3.0,2.96,2.97,3.0,-0.03,-1.0,16929.2,5039.426
482,600725.SH,20190905,2.98,3.02,2.98,3.0,2.98,0.02,0.6711,18106.62,5444.921
483,600725.SH,20190904,3.0,3.03,2.95,2.98,3.0,-0.02,-0.6667,14125.6,4204.033
484,600725.SH,20190903,2.94,3.09,2.94,3.0,2.94,0.06,2.0408,21511.3,6513.151
485,600725.SH,20190902,2.94,2.94,2.87,2.94,2.93,0.01,0.3413,22612.63,6590.745
486,600725.SH,20190830,3.04,3.06,2.92,2.93,3.04,-0.11,-3.6184,29051.64,8659.99
487,600725.SH,20190829,3.05,3.07,3.02,3.04,3.06,-0.02,-0.6536,21019.4,6410.835
488,600725.SH,20190828,3.12,3.12,3.06,3.06,3.1,-0.04,-1.2903,16234.13,4991.217
489,600725.SH,20190827,3.08,3.13,3.08,3.1,3.09,0.01,0.3236,18300.25,5684.456
490,600725.SH,20190826,3.02,3.11,3.01,3.09,3.07,0.02,0.6515,25882.21,7975.423
491,600725.SH,20190823,3.08,3.1,3.06,3.07,3.08,-0.01,-0.3247,14177.2,4356.507
492,600725.SH,20190822,3.1,3.1,3.06,3.08,3.08,0.0,0.0,16088.4,4947.925
493,600725.SH,20190821,3.07,3.15,3.03,3.08,3.0,0.08,2.6667,40194.8,12444.922
494,600725.SH,20190820,3.06,3.08,3.0,3.0,3.06,-0.06,-1.9608,16627.0,5033.878
495,600725.SH,20190819,3.04,3.08,3.02,3.06,3.02,0.04,1.3245,14336.97,4367.209
496,600725.SH,20190816,3.02,3.04,2.99,3.02,3.03,-0.01,-0.33,16684.24,5022.714
497,600725.SH,20190815,2.98,3.05,2.93,3.03,3.06,-0.03,-0.9804,17843.4,5370.346
498,600725.SH,20190814,3.03,3.18,3.01,3.06,3.03,0.03,0.9901,47155.88,14591.737
499,600725.SH,20190813,2.87,3.03,2.83,3.03,2.89,0.14,4.8443,39485.4,11682.3
500,600725.SH,20190812,2.9,2.91,2.87,2.89,2.9,-0.01,-0.3448,12589.5,3631.996
501,600725.SH,20190809,2.88,2.9,2.86,2.9,2.88,0.02,0.6944,10387.15,2988.607
502,600725.SH,20190808,2.88,2.89,2.84,2.88,2.84,0.04,1.4085,16335.9,4686.236
503,600725.SH,20190807,2.88,2.89,2.83,2.84,2.85,-0.01,-0.3509,10870.04,3107.415
504,600725.SH,20190806,2.84,2.85,2.74,2.85,2.88,-0.03,-1.0417,29962.6,8409.287
505,600725.SH,20190805,2.87,2.91,2.81,2.88,2.87,0.01,0.3484,14235.0,4104.272
506,600725.SH,20190802,2.8,2.87,2.75,2.87,2.85,0.02,0.7018,19998.66,5635.966
507,600725.SH,20190801,2.88,2.88,2.84,2.85,2.89,-0.04,-1.3841,9985.5,2846.551
508,600725.SH,20190731,2.86,2.89,2.84,2.89,2.87,0.02,0.6969,8179.34,2341.811
509,600725.SH,20190730,2.81,2.88,2.81,2.87,2.85,0.02,0.7018,11992.81,3422.142
510,600725.SH,20190729,2.87,2.9,2.82,2.85,2.89,-0.04,-1.3841,19645.75,5607.161
511,600725.SH,20190726,2.87,2.89,2.84,2.89,2.88,0.01,0.3472,11583.8,3316.272
512,600725.SH,20190725,2.87,2.89,2.85,2.88,2.86,0.02,0.6993,13456.3,3869.407
513,600725.SH,20190724,2.86,2.88,2.83,2.86,2.86,0.0,0.0,21530.42,6157.606
514,600725.SH,20190723,2.83,2.87,2.83,2.86,2.81,0.05,1.7794,7338.2,2090.4
515,600725.SH,20190722,2.92,2.92,2.8,2.81,2.92,-0.11,-3.7671,19342.9,5482.889
516,600725.SH,20190719,2.82,2.93,2.82,2.92,2.82,0.1,3.5461,14927.62,4272.302
517,600725.SH,20190718,2.95,2.95,2.8,2.82,2.95,-0.13,-4.4068,57327.37,16374.515
518,600725.SH,20190717,2.96,2.99,2.94,2.95,2.98,-0.03,-1.0067,13327.0,3947.056
519,600725.SH,20190716,2.96,2.99,2.94,2.98,2.97,0.01,0.3367,12500.8,3706.002
520,600725.SH,20190715,2.97,2.99,2.94,2.97,3.0,-0.03,-1.0,19420.22,5751.024
521,600725.SH,20190712,3.0,3.02,2.97,3.0,3.01,-0.01,-0.3322,14043.15,4198.64
522,600725.SH,20190711,3.02,3.06,2.99,3.01,3.02,-0.01,-0.3311,9932.8,3003.14
523,600725.SH,20190710,3.02,3.07,3.0,3.02,3.05,-0.03,-0.9836,13306.9,4036.535
524,600725.SH,20190709,3.01,3.05,2.94,3.05,3.01,0.04,1.3289,14004.96,4215.852
525,600725.SH,20190708,3.06,3.07,2.94,3.01,3.09,-0.08,-2.589,43151.96,12873.363
526,600725.SH,20190705,3.08,3.11,3.07,3.09,3.11,-0.02,-0.6431,15059.92,4650.896
527,600725.SH,20190704,3.12,3.14,3.09,3.11,3.13,-0.02,-0.639,17834.0,5542.879
528,600725.SH,20190703,3.14,3.14,3.11,3.13,3.16,-0.03,-0.9494,12281.1,3841.863
529,600725.SH,20190702,3.15,3.17,3.13,3.16,3.16,0.0,0.0,20098.76,6339.651
530,600725.SH,20190701,3.14,3.19,3.12,3.16,3.13,0.03,0.9585,24397.82,7683.812
531,600725.SH,20190628,3.17,3.17,3.06,3.13,3.17,-0.04,-1.2618,25818.0,8062.254
532,600725.SH,20190627,3.16,3.19,3.14,3.17,3.15,0.02,0.6349,20771.2,6574.019
533,600725.SH,20190626,3.1,3.19,3.1,3.15,3.12,0.03,0.9615,26707.32,8431.571
534,600725.SH,20190625,3.19,3.22,3.11,3.12,3.2,-0.08,-2.5,29969.6,9423.82
535,600725.SH,20190624,3.25,3.26,3.18,3.2,3.24,-0.04,-1.2346,29895.7,9564.494
536,600725.SH,20190621,3.3,3.3,3.22,3.24,3.23,0.01,0.3096,44696.96,14553.616
537,600725.SH,20190620,3.25,3.25,3.19,3.23,3.25,-0.02,-0.6154,38998.42,12560.896
538,600725.SH,20190619,3.3,3.31,3.22,3.25,3.25,0.0,0.0,24280.08,7915.981
539,600725.SH,20190618,3.26,3.32,3.22,3.25,3.28,-0.03,-0.9146,17481.3,5670.167
540,600725.SH,20190617,3.26,3.29,3.19,3.28,3.25,0.03,0.9231,28533.8,9264.55
541,600725.SH,20190614,3.15,3.36,3.15,3.25,3.2,0.05,1.5625,51868.8,17059.325
542,600725.SH,20190613,3.23,3.23,3.13,3.2,3.21,-0.01,-0.3115,24983.5,7952.975
543,600725.SH,20190612,3.24,3.27,3.21,3.21,3.26,-0.05,-1.5337,21993.9,7104.674
544,600725.SH,20190611,3.19,3.27,3.16,3.26,3.22,0.04,1.2422,53120.56,17153.682
545,600725.SH,20190610,3.21,3.24,3.04,3.22,3.19,0.03,0.9404,76063.53,23911.222
546,600725.SH,20190606,3.1,3.19,3.03,3.19,3.04,0.15,4.9342,60856.27,19133.474
547,600725.SH,20190605,3.02,3.13,2.88,3.04,3.01,0.03,0.9967,69517.12,21277.526
548,600725.SH,20190604,3.01,3.01,2.98,3.01,2.87,0.14,4.878,22212.32,6679.496
549,600725.SH,20190603,2.96,2.98,2.82,2.87,2.96,-0.09,-3.0405,50717.64,14531.937
550,600725.SH,20190531,3.05,3.05,2.94,2.96,3.05,-0.09,-2.9508,46186.7,13724.624
551,600725.SH,20190530,2.97,3.1,2.97,3.05,3.0,0.05,1.6667,37941.91,11459.975
552,600725.SH,20190529,3.24,3.24,2.94,3.0,3.09,-0.09,-2.9126,133659.0,41709.495
553,600725.SH,20190528,3.09,3.09,3.09,3.09,2.94,0.15,5.102,1975.3,610.368
554,600725.SH,20190527,2.94,2.94,2.94,2.94,2.8,0.14,5.0,14929.3,4389.214
555,600725.SH,20190524,2.88,2.92,2.75,2.8,2.89,-0.09,-3.1142,47910.72,13521.941
556,600725.SH,20190523,3.03,3.03,2.87,2.89,3.02,-0.13,-4.3046,65752.4,19144.746
557,600725.SH,20190522,3.0,3.06,2.96,3.02,2.97,0.05,1.6835,28917.8,8717.557
558,600725.SH,20190521,3.01,3.01,2.9,2.97,3.0,-0.03,-1.0,44285.02,13114.431
559,600725.SH,20190520,3.13,3.13,3.0,3.0,3.16,-0.16,-5.0633,71228.73,21488.503
560,600725.SH,20190517,3.3,3.33,3.15,3.16,3.32,-0.16,-4.8193,56514.6,18118.596
561,600725.SH,20190516,3.28,3.34,3.24,3.32,3.26,0.06,1.8405,37333.13,12331.062
562,600725.SH,20190515,3.24,3.26,3.15,3.26,3.2,0.06,1.875,48584.3,15604.965
563,600725.SH,20190514,3.23,3.3,3.19,3.2,3.34,-0.14,-4.1916,67733.28,21956.331
564,600725.SH,20190513,3.36,3.43,3.33,3.34,3.44,-0.1,-2.907,48921.25,16406.793
565,600725.SH,20190510,3.42,3.52,3.26,3.44,3.41,0.03,0.8798,71390.13,24336.976
566,600725.SH,20190509,3.44,3.49,3.38,3.41,3.48,-0.07,-2.0115,61696.02,21132.694
567,600725.SH,20190508,3.4,3.6,3.38,3.48,3.44,0.04,1.1628,120297.25,42115.896
568,600725.SH,20190507,3.3,3.44,3.3,3.44,3.28,0.16,4.878,107603.14,36751.626
569,600725.SH,20190506,3.33,3.5,3.22,3.28,3.34,-0.06,-1.7964,119965.8,40042.079
570,600725.SH,20190430,3.18,3.34,3.17,3.34,3.18,0.16,5.0314,52703.12,17361.027
571,600725.SH,20190429,3.17,3.26,3.14,3.18,3.17,0.01,0.3155,69084.93,22109.312
572,600725.SH,20190426,3.26,3.26,3.09,3.17,3.24,-0.07,-2.1605,74130.82,23498.159
573,600725.SH,20190425,3.39,3.42,3.22,3.24,3.39,-0.15,-4.4248,74516.42,24610.341
574,600725.SH,20190424,3.44,3.5,3.33,3.39,3.46,-0.07,-2.0231,95061.58,32382.049
575,600725.SH,20190423,3.55,3.57,3.41,3.46,3.56,-0.1,-2.809,85772.21,29898.829
576,600725.SH,20190422,3.5,3.69,3.44,3.56,3.51,0.05,1.4245,115399.76,41274.887
577,600725.SH,20190419,3.5,3.59,3.4,3.51,3.57,-0.06,-1.6807,131232.25,45573.477
578,600725.SH,20190418,3.89,3.89,3.52,3.57,3.7,-0.13,-3.5135,348749.77,130022.616
579,600725.SH,20190417,3.69,3.7,3.6,3.7,3.52,0.18,5.1136,51774.58,19060.182
580,600725.SH,20190416,3.34,3.52,3.34,3.52,3.35,0.17,5.0746,121604.4,42456.612
581,600725.SH,20190415,3.3,3.42,3.27,3.35,3.26,0.09,2.7607,135253.06,45652.03
582,600725.SH,20190412,3.06,3.26,3.05,3.26,3.1,0.16,5.1613,120870.07,38810.641
583,600725.SH,20190411,3.21,3.21,3.06,3.1,3.16,-0.06,-1.8987,111279.76,34817.885
584,600725.SH,20190410,3.01,3.16,2.97,3.16,3.01,0.15,4.9834,153233.41,47928.367
585,600725.SH,20190409,3.05,3.06,2.97,3.01,3.06,-0.05,-1.634,63703.75,19141.372
586,600725.SH,20190408,3.01,3.14,3.0,3.06,3.01,0.05,1.6611,121971.18,37222.361
587,600725.SH,20190404,2.99,3.06,2.96,3.01,2.99,0.02,0.6689,73942.75,22287.43
588,600725.SH,20190403,2.91,2.99,2.91,2.99,2.91,0.08,2.7491,65642.92,19408.59
589,600725.SH,20190402,2.92,2.96,2.88,2.91,2.91,0.0,0.0,62812.33,18345.87
590,600725.SH,20190401,2.85,2.94,2.82,2.91,2.84,0.07,2.4648,83625.6,23957.171
591,600725.SH,20190329,2.82,2.86,2.8,2.84,2.8,0.04,1.4286,70217.85,19869.645
592,600725.SH,20190328,2.85,2.88,2.78,2.8,2.87,-0.07,-2.439,70517.19,20026.434
593,600725.SH,20190327,2.83,2.88,2.76,2.87,2.8,0.07,2.5,69934.97,19827.135
594,600725.SH,20190326,2.94,2.99,2.8,2.8,2.95,-0.15,-5.0847,112023.87,32361.681
595,600725.SH,20190325,2.98,3.05,2.95,2.95,3.11,-0.16,-5.1447,135284.52,40254.077
596,600725.SH,20190322,2.98,3.11,2.94,3.11,2.97,0.14,4.7138,109855.4,33159.736
597,600725.SH,20190321,2.96,3.01,2.92,2.97,2.94,0.03,1.0204,75472.27,22302.372
598,600725.SH,20190320,2.89,3.02,2.87,2.94,2.88,0.06,2.0833,89825.24,26482.408
599,600725.SH,20190319,2.9,2.91,2.85,2.88,2.9,-0.02,-0.6897,65410.31,18830.792
600,600725.SH,20190318,2.81,2.92,2.79,2.9,2.8,0.1,3.5714,92787.49,26671.861
601,600725.SH,20190315,2.67,2.8,2.67,2.8,2.67,0.13,4.8689,115491.8,32016.003
602,600725.SH,20190314,2.66,2.73,2.62,2.67,2.65,0.02,0.7547,64350.8,17139.874
603,600725.SH,20190313,2.76,2.76,2.64,2.65,2.76,-0.11,-3.9855,75022.85,20268.082
604,600725.SH,20190312,2.78,2.82,2.72,2.76,2.78,-0.02,-0.7194,88046.37,24510.283
605,600725.SH,20190311,2.73,2.79,2.68,2.78,2.74,0.04,1.4599,75198.07,20697.155
606,600725.SH,20190308,2.85,2.85,2.74,2.74,2.88,-0.14,-4.8611,144548.42,39938.997
607,600725.SH,20190307,2.76,2.93,2.74,2.88,2.79,0.09,3.2258,159070.44,45486.101
608,600725.SH,20190306,2.73,2.81,2.71,2.79,2.73,0.06,2.1978,110339.75,30488.07
609,600725.SH,20190305,2.73,2.76,2.69,2.73,2.75,-0.02,-0.7273,71285.26,19429.459
610,600725.SH,20190304,2.77,2.83,2.71,2.75,2.77,-0.02,-0.722,97577.52,27181.92
611,600725.SH,20190301,2.7,2.85,2.7,2.77,2.73,0.04,1.4652,102510.85,28538.353
612,600725.SH,20190228,2.6,2.73,2.58,2.73,2.6,0.13,5.0,111991.99,29887.679
613,600725.SH,20190227,2.62,2.65,2.57,2.6,2.63,-0.03,-1.1407,82978.73,21676.824
614,600725.SH,20190226,2.65,2.68,2.58,2.63,2.66,-0.03,-1.1278,96198.39,25284.727
615,600725.SH,20190225,2.61,2.66,2.61,2.66,2.61,0.05,1.9157,94475.14,24922.116
616,600725.SH,20190222,2.51,2.63,2.49,2.61,2.51,0.1,3.9841,79749.58,20687.932
617,600725.SH,20190221,2.53,2.56,2.49,2.51,2.53,-0.02,-0.7905,47469.46,11961.341
618,600725.SH,20190220,2.46,2.58,2.45,2.53,2.47,0.06,2.4291,75180.38,19025.671
619,600725.SH,20190219,2.49,2.51,2.43,2.47,2.5,-0.03,-1.2,38856.4,9605.986
620,600725.SH,20190218,2.47,2.5,2.46,2.5,2.47,0.03,1.2146,32185.6,7992.762
621,600725.SH,20190215,2.47,2.48,2.43,2.47,2.46,0.01,0.4065,18404.35,4514.67
622,600725.SH,20190214,2.43,2.47,2.42,2.46,2.45,0.01,0.4082,14100.9,3451.435
623,600725.SH,20190213,2.44,2.46,2.42,2.45,2.44,0.01,0.4098,22167.81,5406.556
624,600725.SH,20190212,2.39,2.45,2.37,2.44,2.38,0.06,2.521,29750.7,7203.657
625,600725.SH,20190211,2.38,2.39,2.36,2.38,2.37,0.01,0.4219,26345.55,6256.029
626,600725.SH,20190201,2.29,2.37,2.27,2.37,2.29,0.08,3.4934,17156.4,4002.371
627,600725.SH,20190131,2.36,2.38,2.26,2.29,2.38,-0.09,-3.7815,32395.9,7478.108
628,600725.SH,20190130,2.38,2.38,2.34,2.38,2.37,0.01,0.4219,18064.56,4274.931
629,600725.SH,20190129,2.45,2.46,2.34,2.37,2.46,-0.09,-3.6585,52361.16,12401.694
630,600725.SH,20190128,2.5,2.52,2.43,2.46,2.5,-0.04,-1.6,14799.1,3670.411
631,600725.SH,20190125,2.46,2.51,2.46,2.5,2.48,0.02,0.8065,26856.72,6688.529
632,600725.SH,20190124,2.44,2.51,2.42,2.48,2.44,0.04,1.6393,28418.6,6997.479
633,600725.SH,20190123,2.4,2.45,2.39,2.44,2.41,0.03,1.2448,21452.7,5194.359
634,600725.SH,20190122,2.45,2.47,2.4,2.41,2.47,-0.06,-2.4291,24703.3,5987.567
635,600725.SH,20190121,2.48,2.5,2.45,2.47,2.49,-0.02,-0.8032,17359.03,4283.846
636,600725.SH,20190118,2.47,2.5,2.46,2.49,2.48,0.01,0.4032,18844.42,4665.322
637,600725.SH,20190117,2.49,2.49,2.47,2.48,2.48,0.0,0.0,18732.25,4638.628
638,600725.SH,20190116,2.52,2.53,2.46,2.48,2.52,-0.04,-1.5873,26168.44,6539.283
639,600725.SH,20190115,2.5,2.53,2.5,2.52,2.5,0.02,0.8,13776.51,3465.049
640,600725.SH,20190114,2.51,2.54,2.49,2.5,2.52,-0.02,-0.7937,16294.91,4094.6
641,600725.SH,20190111,2.53,2.53,2.48,2.52,2.53,-0.01,-0.3953,26246.5,6564.085
642,600725.SH,20190110,2.55,2.56,2.51,2.53,2.5,0.03,1.2,25541.36,6466.449
643,600725.SH,20190109,2.51,2.55,2.48,2.5,2.5,0.0,0.0,36271.17,9153.24
644,600725.SH,20190108,2.48,2.51,2.46,2.5,2.48,0.02,0.8065,21069.27,5240.574
645,600725.SH,20190107,2.53,2.54,2.47,2.48,2.5,-0.02,-0.8,27067.62,6773.948
646,600725.SH,20190104,2.43,2.51,2.4,2.5,2.44,0.06,2.459,25517.72,6304.966
647,600725.SH,20190103,2.44,2.54,2.42,2.44,2.43,0.01,0.4115,28443.8,7049.138
648,600725.SH,20190102,2.35,2.47,2.35,2.43,2.35,0.08,3.4043,31548.7,7628.319
649,600725.SH,20181228,2.33,2.36,2.3,2.35,2.32,0.03,1.2931,17284.5,4034.252
650,600725.SH,20181227,2.33,2.36,2.3,2.32,2.32,0.0,0.0,21183.09,4932.591
651,600725.SH,20181226,2.34,2.36,2.31,2.32,2.36,-0.04,-1.6949,16164.21,3775.531
652,600725.SH,20181225,2.37,2.37,2.3,2.36,2.41,-0.05,-2.0747,23673.31,5511.846
653,600725.SH,20181224,2.36,2.47,2.35,2.41,2.39,0.02,0.8368,15507.0,3732.071
654,600725.SH,20181221,2.39,2.39,2.35,2.39,2.39,0.0,0.0,17180.01,4081.147
655,600725.SH,20181220,2.41,2.42,2.35,2.39,2.42,-0.03,-1.2397,19660.02,4680.485
656,600725.SH,20181219,2.45,2.45,2.41,2.42,2.45,-0.03,-1.2245,8476.6,2066.465
657,600725.SH,20181218,2.43,2.47,2.41,2.45,2.43,0.02,0.823,12603.02,3068.554
658,600725.SH,20181217,2.46,2.48,2.41,2.43,2.48,-0.05,-2.0161,16657.2,4052.322
659,600725.SH,20181214,2.51,2.52,2.46,2.48,2.5,-0.02,-0.8,18618.3,4634.185
660,600725.SH,20181213,2.5,2.51,2.46,2.5,2.53,-0.03,-1.1858,36004.24,8941.195
661,600725.SH,20181212,2.48,2.61,2.48,2.53,2.49,0.04,1.6064,87165.52,22245.37
662,600725.SH,20181211,2.51,2.52,2.47,2.49,2.5,-0.01,-0.4,21486.4,5355.158
663,600725.SH,20181210,2.43,2.53,2.42,2.5,2.44,0.06,2.459,40693.2,10148.436
664,600725.SH,20181207,2.46,2.48,2.41,2.44,2.47,-0.03,-1.2146,34818.78,8478.813
665,600725.SH,20181206,2.37,2.51,2.37,2.47,2.39,0.08,3.3473,80148.21,19763.874
666,600725.SH,20181205,2.37,2.4,2.34,2.39,2.39,0.0,0.0,17103.9,4068.539
667,600725.SH,20181204,2.36,2.4,2.35,2.39,2.38,0.01,0.4202,23210.78,5520.778
668,600725.SH,20181203,2.34,2.4,2.34,2.38,2.32,0.06,2.5862,35243.24,8372.31
669,600725.SH,20181130,2.33,2.33,2.28,2.32,2.31,0.01,0.4329,15918.56,3661.856
670,600725.SH,20181129,2.37,2.4,2.3,2.31,2.37,-0.06,-2.5316,28673.0,6736.322
671,600725.SH,20181128,2.41,2.43,2.34,2.37,2.39,-0.02,-0.8368,40108.4,9556.679
672,600725.SH,20181127,2.27,2.39,2.27,2.39,2.28,0.11,4.8246,55095.63,13125.689
673,600725.SH,20181126,2.34,2.34,2.26,2.28,2.31,-0.03,-1.2987,15460.3,3545.532
674,600725.SH,20181123,2.4,2.4,2.28,2.31,2.4,-0.09,-3.75,28835.29,6679.384
675,600725.SH,20181122,2.37,2.42,2.37,2.4,2.39,0.01,0.4184,30481.61,7307.062
676,600725.SH,20181121,2.24,2.39,2.24,2.39,2.29,0.1,4.3668,31791.54,7410.278
677,600725.SH,20181120,2.26,2.34,2.26,2.29,2.29,0.0,0.0,31225.0,7198.656
678,600725.SH,20181119,2.35,2.37,2.28,2.29,2.4,-0.11,-4.5833,76659.4,17623.38
679,600725.SH,20181116,2.4,2.42,2.36,2.4,2.4,0.0,0.0,39869.74,9488.711
680,600725.SH,20181115,2.38,2.4,2.35,2.4,2.4,0.0,0.0,28696.98,6811.861
681,600725.SH,20181114,2.48,2.54,2.39,2.4,2.47,-0.07,-2.834,49106.78,11967.949
682,600725.SH,20181113,2.37,2.5,2.37,2.47,2.41,0.06,2.4896,50370.82,12383.295
683,600725.SH,20181112,2.3,2.43,2.3,2.41,2.32,0.09,3.8793,33602.8,7979.521
684,600725.SH,20181109,2.28,2.36,2.27,2.32,2.31,0.01,0.4329,18767.58,4355.62
685,600725.SH,20181108,2.29,2.34,2.26,2.31,2.28,0.03,1.3158,29910.21,6903.407
686,600725.SH,20181107,2.23,2.3,2.23,2.28,2.25,0.03,1.3333,21469.38,4856.245
687,600725.SH,20181106,2.3,2.3,2.22,2.25,2.3,-0.05,-2.1739,22345.66,5016.147
688,600725.SH,20181105,2.26,2.3,2.25,2.3,2.27,0.03,1.3216,27504.7,6295.536
689,600725.SH,20181102,2.25,2.32,2.24,2.27,2.23,0.04,1.7937,23000.7,5208.813
690,600725.SH,20181101,2.2,2.28,2.2,2.23,2.22,0.01,0.4505,16422.05,3669.458
691,600725.SH,20181031,2.2,2.25,2.2,2.22,2.2,0.02,0.9091,13823.3,3068.296
692,600725.SH,20181030,2.18,2.21,2.12,2.2,2.18,0.02,0.9174,16861.2,3681.763
693,600725.SH,20181029,2.16,2.2,2.13,2.18,2.17,0.01,0.4608,18222.55,3942.411
694,600725.SH,20181026,2.13,2.17,2.12,2.17,2.12,0.05,2.3585,24250.25,5208.737
695,600725.SH,20181025,2.08,2.12,2.04,2.12,2.13,-0.01,-0.4695,20760.78,4312.21
696,600725.SH,20181024,2.13,2.16,2.08,2.13,2.12,0.01,0.4717,20217.08,4305.296
697,600725.SH,20181023,2.24,2.24,2.11,2.12,2.13,-0.01,-0.4695,35045.3,7646.192
698,600725.SH,20181022,2.09,2.13,2.09,2.13,2.03,0.1,4.9261,14639.22,3115.255
699,600725.SH,20181019,1.96,2.06,1.92,2.03,2.02,0.01,0.495,33896.6,6757.146
700,600725.SH,20181018,2.09,2.11,2.01,2.02,2.12,-0.1,-4.717,23289.6,4795.592
701,600725.SH,20181017,2.12,2.16,2.07,2.12,2.1,0.02,0.9524,17343.6,3648.861
702,600725.SH,20181016,2.14,2.18,2.09,2.1,2.14,-0.04,-1.8692,21786.93,4634.261
703,600725.SH,20181015,2.17,2.24,2.13,2.14,2.18,-0.04,-1.8349,23033.2,5021.336
704,600725.SH,20181012,2.16,2.2,2.13,2.18,2.24,-0.06,-2.6786,33010.63,7100.736
705,600725.SH,20181011,2.3,2.32,2.24,2.24,2.36,-0.12,-5.0847,28464.5,6419.362
706,600725.SH,20181010,2.37,2.44,2.32,2.36,2.39,-0.03,-1.2552,31247.05,7391.891
707,600725.SH,20181009,2.37,2.39,2.35,2.39,2.37,0.02,0.8439,14669.7,3479.392
708,600725.SH,20181008,2.36,2.39,2.33,2.37,2.4,-0.03,-1.25,21801.24,5142.516
709,600725.SH,20180928,2.38,2.44,2.38,2.4,2.4,0.0,0.0,15398.44,3704.438
710,600725.SH,20180927,2.43,2.47,2.39,2.4,2.45,-0.05,-2.0408,16697.9,4059.914
711,600725.SH,20180926,2.44,2.48,2.44,2.45,2.47,-0.02,-0.8097,12804.1,3146.12
712,600725.SH,20180925,2.45,2.49,2.45,2.47,2.51,-0.04,-1.5936,12538.84,3087.616
713,600725.SH,20180921,2.5,2.52,2.48,2.51,2.51,0.0,0.0,16813.75,4190.458
714,600725.SH,20180920,2.49,2.54,2.46,2.51,2.47,0.04,1.6194,23236.78,5812.618
715,600725.SH,20180919,2.46,2.49,2.45,2.47,2.47,0.0,0.0,14561.81,3598.778
716,600725.SH,20180918,2.47,2.51,2.42,2.47,2.45,0.02,0.8163,18196.62,4482.458
717,600725.SH,20180917,2.47,2.49,2.44,2.45,2.51,-0.06,-2.3904,16995.1,4181.932
718,600725.SH,20180914,2.46,2.55,2.43,2.51,2.46,0.05,2.0325,16402.36,4061.385
719,600725.SH,20180913,2.45,2.49,2.42,2.46,2.45,0.01,0.4082,14199.5,3477.182
720,600725.SH,20180912,2.47,2.47,2.43,2.45,2.48,-0.03,-1.2097,15476.69,3797.797
721,600725.SH,20180911,2.54,2.54,2.46,2.48,2.54,-0.06,-2.3622,21140.2,5282.552
722,600725.SH,20180910,2.54,2.55,2.51,2.54,2.54,0.0,0.0,15567.73,3940.547
723,600725.SH,20180907,2.58,2.58,2.51,2.54,2.56,-0.02,-0.7813,20001.4,5087.593
724,600725.SH,20180906,2.53,2.56,2.48,2.56,2.54,0.02,0.7874,19616.89,4970.062
725,600725.SH,20180905,2.6,2.6,2.51,2.54,2.58,-0.04,-1.5504,29848.6,7597.167
726,600725.SH,20180904,2.47,2.6,2.45,2.58,2.48,0.1,4.0323,38421.9,9845.103
727,600725.SH,20180903,2.5,2.5,2.42,2.48,2.5,-0.02,-0.8,24371.33,5982.06
728,600725.SH,20180831,2.53,2.54,2.46,2.5,2.54,-0.04,-1.5748,25128.7,6270.242
729,600725.SH,20180830,2.62,2.64,2.54,2.54,2.62,-0.08,-3.0534,31537.4,8114.671
730,600725.SH,20180829,2.51,2.64,2.51,2.62,2.53,0.09,3.5573,33986.73,8830.544
731,600725.SH,20180828,2.6,2.6,2.52,2.53,2.58,-0.05,-1.938,36062.3,9183.323
732,600725.SH,20180827,2.62,2.67,2.53,2.58,2.56,0.02,0.7813,64436.87,16738.205
733,600725.SH,20180824,2.4,2.56,2.38,2.56,2.44,0.12,4.918,36382.22,9158.923
734,600725.SH,20180823,2.47,2.52,2.38,2.44,2.51,-0.07,-2.7888,78740.25,19166.525
735,600725.SH,20180822,2.76,2.76,2.51,2.51,2.64,-0.13,-4.9242,156121.46,40932.19
736,600725.SH,20180821,2.59,2.64,2.58,2.64,2.51,0.13,5.1793,32481.61,8538.56
737,600725.SH,20180820,2.4,2.51,2.38,2.51,2.39,0.12,5.0209,75957.23,18893.695
738,600725.SH,20180817,2.32,2.39,2.29,2.39,2.28,0.11,4.8246,72703.16,17247.202
739,600725.SH,20180816,2.38,2.38,2.26,2.28,2.38,-0.1,-4.2017,46382.4,10675.775
740,600725.SH,20180815,2.39,2.49,2.36,2.38,2.41,-0.03,-1.2448,34845.0,8396.621
741,600725.SH,20180814,2.33,2.42,2.31,2.41,2.34,0.07,2.9915,37754.75,9016.341
742,600725.SH,20180813,2.28,2.4,2.28,2.34,2.3,0.04,1.7391,31998.17,7518.673
743,600725.SH,20180810,2.29,2.33,2.28,2.3,2.3,0.0,0.0,13203.76,3034.743
744,600725.SH,20180809,2.27,2.33,2.26,2.3,2.26,0.04,1.7699,19222.93,4423.933
745,600725.SH,20180808,2.29,2.3,2.25,2.26,2.29,-0.03,-1.31,14531.1,3301.815
746,600725.SH,20180807,2.23,2.31,2.23,2.29,2.28,0.01,0.4386,20495.0,4656.491
747,600725.SH,20180806,2.24,2.32,2.2,2.28,2.22,0.06,2.7027,39939.03,9081.779
748,600725.SH,20180803,2.12,2.22,2.12,2.22,2.11,0.11,5.2133,40340.06,8817.816
749,600725.SH,20180802,2.21,2.26,2.1,2.11,2.21,-0.1,-4.5249,45044.93,9615.705
750,600725.SH,20180801,2.32,2.35,2.21,2.21,2.33,-0.12,-5.1502,36279.25,8193.105
751,600725.SH,20180731,2.33,2.38,2.32,2.33,2.33,0.0,0.0,19549.34,4575.047
752,600725.SH,20180730,2.33,2.43,2.32,2.33,2.35,-0.02,-0.8511,36883.53,8738.798
753,600725.SH,20180727,2.26,2.36,2.26,2.35,2.26,0.09,3.9823,44345.59,10379.131
754,600725.SH,20180726,2.25,2.36,2.23,2.26,2.25,0.01,0.4444,60697.7,14037.116
755,600725.SH,20180725,2.16,2.29,2.15,2.25,2.18,0.07,3.211,49514.02,11011.066
756,600725.SH,20180724,2.08,2.18,2.07,2.18,2.08,0.1,4.8077,41527.76,8884.214
757,600725.SH,20180723,2.07,2.1,2.06,2.08,2.08,0.0,0.0,17685.7,3661.545
758,600725.SH,20180720,2.06,2.09,2.01,2.08,2.07,0.01,0.4831,18512.24,3826.805
759,600725.SH,20180719,2.11,2.13,2.04,2.07,2.12,-0.05,-2.36,20687.17,4310.344
760,600725.SH,20180718,2.11,2.15,2.11,2.12,2.13,-0.01,-0.47,19235.1,4094.412
761,600725.SH,20180717,2.11,2.14,2.08,2.13,2.12,0.01,0.47,17103.14,3609.508
762,600725.SH,20180716,2.12,2.15,2.1,2.12,2.12,0.0,0.0,15455.82,3287.866
763,600725.SH,20180713,2.14,2.15,2.11,2.12,2.15,-0.03,-1.4,13849.94,2945.93
764,600725.SH,20180712,2.07,2.16,2.06,2.15,2.08,0.07,3.37,26463.11,5621.692
765,600725.SH,20180711,2.16,2.18,2.07,2.08,2.18,-0.1,-4.59,37576.4,7845.998
766,600725.SH,20180710,2.2,2.2,2.16,2.18,2.18,0.0,0.0,11249.6,2449.871
767,600725.SH,20180709,2.12,2.22,2.1,2.18,2.12,0.06,2.83,18445.36,3994.938
768,600725.SH,20180706,2.19,2.19,2.09,2.12,2.19,-0.07,-3.2,35940.28,7642.466
769,600725.SH,20180705,2.3,2.32,2.19,2.19,2.31,-0.12,-5.19,37218.0,8317.512
770,600725.SH,20180704,2.32,2.33,2.3,2.31,2.32,-0.01,-0.43,15993.8,3697.034
771,600725.SH,20180703,2.32,2.34,2.3,2.32,2.32,0.0,0.0,20299.41,4712.711
772,600725.SH,20180702,2.36,2.36,2.31,2.32,2.36,-0.04,-1.69,21315.8,4985.549
773,600725.SH,20180629,2.34,2.38,2.32,2.36,2.35,0.01,0.43,21875.5,5143.458
774,600725.SH,20180628,2.33,2.38,2.33,2.35,2.36,-0.01,-0.42,14483.37,3408.89
775,600725.SH,20180627,2.39,2.4,2.34,2.36,2.39,-0.03,-1.26,21769.4,5158.301
776,600725.SH,20180626,2.36,2.4,2.32,2.39,2.38,0.01,0.42,22181.07,5247.23
777,600725.SH,20180625,2.42,2.45,2.38,2.38,2.42,-0.04,-1.65,12683.3,3045.075
778,600725.SH,20180622,2.34,2.44,2.34,2.42,2.36,0.06,2.54,22336.3,5377.351
779,600725.SH,20180621,2.35,2.45,2.35,2.36,2.37,-0.01,-0.42,20675.8,4953.188
780,600725.SH,20180620,2.34,2.38,2.32,2.37,2.34,0.03,1.28,24385.4,5748.376
781,600725.SH,20180619,2.41,2.42,2.34,2.34,2.46,-0.12,-4.88,33758.58,8002.174
782,600725.SH,20180615,2.58,2.59,2.44,2.46,2.57,-0.11,-4.28,40137.4,9977.029
783,600725.SH,20180614,2.58,2.61,2.54,2.57,2.6,-0.03,-1.15,11963.26,3085.9
784,600725.SH,20180613,2.58,2.63,2.55,2.6,2.58,0.02,0.78,22610.12,5845.082
785,600725.SH,20180612,2.61,2.64,2.55,2.58,2.63,-0.05,-1.9,18799.82,4858.918
786,600725.SH,20180611,2.6,2.69,2.59,2.63,2.62,0.01,0.38,34880.58,9241.345
787,600725.SH,20180608,2.55,2.64,2.5,2.62,2.55,0.07,2.75,46931.65,11982.494
788,600725.SH,20180607,2.41,2.55,2.41,2.55,2.43,0.12,4.94,36808.68,9238.188
789,600725.SH,20180606,2.43,2.45,2.41,2.43,2.45,-0.02,-0.82,11909.4,2892.735
790,600725.SH,20180605,2.4,2.46,2.39,2.45,2.43,0.02,0.82,16056.58,3892.562
791,600725.SH,20180604,2.49,2.49,2.38,2.43,2.46,-0.03,-1.22,22761.48,5504.457
792,600725.SH,20180601,2.47,2.47,2.42,2.46,2.44,0.02,0.82,17902.8,4394.124
793,600725.SH,20180531,2.44,2.48,2.42,2.44,2.42,0.02,0.83,23911.93,5816.005
794,600725.SH,20180530,2.52,2.52,2.42,2.42,2.55,-0.13,-5.1,48214.62,11803.602
795,600725.SH,20180529,2.55,2.6,2.54,2.55,2.56,-0.01,-0.39,26422.02,6780.045
796,600725.SH,20180528,2.62,2.64,2.56,2.56,2.63,-0.07,-2.66,26868.4,6979.826
797,600725.SH,20180525,2.57,2.66,2.53,2.63,2.56,0.07,2.73,37336.52,9664.328
798,600725.SH,20180524,2.59,2.59,2.55,2.56,2.59,-0.03,-1.16,23205.99,5959.285
799,600725.SH,20180523,2.62,2.63,2.58,2.59,2.64,-0.05,-1.89,27912.3,7283.191
800,600725.SH,20180522,2.62,2.64,2.61,2.64,2.62,0.02,0.76,23641.73,6200.367
801,600725.SH,20180521,2.6,2.67,2.6,2.62,2.6,0.02,0.77,37169.9,9770.195
802,600725.SH,20180518,2.59,2.63,2.55,2.6,2.6,0.0,0.0,23884.5,6189.523
803,600725.SH,20180517,2.62,2.64,2.55,2.6,2.63,-0.03,-1.14,54063.1,14019.854
804,600725.SH,20180516,2.65,2.67,2.62,2.63,2.66,-0.03,-1.13,21068.7,5579.958
805,600725.SH,20180515,2.61,2.66,2.57,2.66,2.61,0.05,1.92,22190.68,5826.871
806,600725.SH,20180514,2.66,2.68,2.61,2.61,2.66,-0.05,-1.88,32949.46,8732.773
807,600725.SH,20180511,2.69,2.71,2.66,2.66,2.7,-0.04,-1.48,23817.3,6388.831
808,600725.SH,20180510,2.69,2.71,2.68,2.7,2.69,0.01,0.37,14764.46,3973.073
809,600725.SH,20180509,2.7,2.71,2.68,2.69,2.69,0.0,0.0,16531.48,4448.539
810,600725.SH,20180508,2.72,2.73,2.69,2.69,2.73,-0.04,-1.47,31314.96,8475.012
811,600725.SH,20180507,2.71,2.75,2.69,2.73,2.72,0.01,0.37,27050.11,7339.991
812,600725.SH,20180504,2.73,2.73,2.69,2.72,2.71,0.01,0.37,31784.2,8592.135
813,600725.SH,20180503,2.76,2.78,2.67,2.71,2.77,-0.06,-2.17,50751.2,13775.073
814,600725.SH,20180502,2.8,2.86,2.76,2.77,2.83,-0.06,-2.12,24466.9,6872.139
815,600725.SH,20180427,2.71,2.86,2.71,2.83,2.72,0.11,4.04,57376.4,16075.658
816,600725.SH,20180426,2.69,2.76,2.67,2.72,2.7,0.02,0.74,49426.51,13362.456
817,600725.SH,20180425,2.69,2.71,2.67,2.7,2.71,-0.01,-0.37,35454.85,9542.811
818,600725.SH,20180424,2.7,2.74,2.69,2.71,2.69,0.02,0.74,43200.28,11707.595
819,600725.SH,20180423,2.68,2.75,2.66,2.69,2.68,0.01,0.37,43354.98,11664.479
820,600725.SH,20180420,2.75,2.75,2.68,2.68,2.76,-0.08,-2.9,47628.8,12889.527
821,600725.SH,20180419,2.77,2.79,2.73,2.76,2.77,-0.01,-0.36,41498.28,11423.291
822,600725.SH,20180418,2.83,2.83,2.71,2.77,2.8,-0.03,-1.07,62448.6,17192.95
823,600725.SH,20180417,2.92,2.93,2.79,2.8,2.94,-0.14,-4.76,69881.6,19910.138
824,600725.SH,20180416,2.96,2.98,2.88,2.94,2.94,0.0,0.0,28102.51,8238.638
825,600725.SH,20180413,2.96,2.99,2.94,2.94,2.97,-0.03,-1.01,22372.7,6614.884
826,600725.SH,20180412,2.99,3.01,2.95,2.97,2.99,-0.02,-0.67,22629.15,6722.407
827,600725.SH,20180411,2.97,3.05,2.97,2.99,2.97,0.02,0.67,30564.85,9176.168
828,600725.SH,20180410,2.98,3.02,2.94,2.97,2.98,-0.01,-0.34,24381.59,7238.94
829,600725.SH,20180409,2.98,3.05,2.95,2.98,2.98,0.0,0.0,36154.12,10813.636
830,600725.SH,20180404,2.91,2.99,2.88,2.98,2.9,0.08,2.76,35880.86,10572.499
831,600725.SH,20180403,2.79,2.94,2.76,2.9,2.83,0.07,2.47,45311.52,13052.639
832,600725.SH,20180402,2.82,2.86,2.8,2.83,2.81,0.02,0.71,21777.32,6148.837
833,600725.SH,20180330,2.8,2.82,2.79,2.81,2.79,0.02,0.72,15433.48,4337.523
834,600725.SH,20180329,2.85,2.86,2.77,2.79,2.85,-0.06,-2.11,46610.99,13055.768
835,600725.SH,20180328,2.89,2.95,2.85,2.85,2.9,-0.05,-1.72,42071.02,12161.153
836,600725.SH,20180327,2.87,2.9,2.84,2.9,2.83,0.07,2.47,33589.4,9668.489
837,600725.SH,20180326,2.82,2.86,2.76,2.83,2.91,-0.08,-2.75,60819.11,16991.46
838,600725.SH,20180323,3.0,3.01,2.91,2.91,3.06,-0.15,-4.9,58618.5,17299.475
839,600725.SH,20180322,3.05,3.15,3.03,3.06,3.05,0.01,0.33,31847.37,9842.529
840,600725.SH,20180321,3.0,3.11,3.0,3.05,3.02,0.03,0.99,45992.88,14098.171
841,600725.SH,20180320,3.03,3.05,2.99,3.02,3.05,-0.03,-0.98,32605.09,9822.107
842,600725.SH,20180319,3.03,3.08,3.01,3.05,3.03,0.02,0.66,28861.3,8809.589
843,600725.SH,20180316,3.04,3.06,3.01,3.03,3.04,-0.01,-0.33,26464.2,8015.545
844,600725.SH,20180315,2.98,3.05,2.97,3.04,2.99,0.05,1.67,22731.07,6877.681
845,600725.SH,20180314,3.01,3.04,2.97,2.99,3.03,-0.04,-1.32,26673.52,8016.685
846,600725.SH,20180313,3.06,3.18,3.03,3.03,3.03,0.0,0.0,63124.29,19575.834
847,600725.SH,20180312,2.91,3.03,2.9,3.03,2.89,0.14,4.84,39110.18,11698.958
848,600725.SH,20180309,2.84,2.91,2.83,2.89,2.84,0.05,1.76,36235.88,10419.349
849,600725.SH,20180308,2.86,2.88,2.83,2.84,2.87,-0.03,-1.05,28339.38,8077.718
850,600725.SH,20180307,2.92,2.93,2.85,2.87,2.92,-0.05,-1.71,34284.27,9915.733
851,600725.SH,20180306,2.91,2.94,2.9,2.92,2.92,0.0,0.0,25285.02,7373.883
852,600725.SH,20180305,2.88,2.94,2.88,2.92,2.93,-0.01,-0.34,32399.31,9423.021
853,600725.SH,20180302,2.89,2.97,2.84,2.93,2.92,0.01,0.34,50488.9,14700.333
854,600725.SH,20180301,2.84,2.92,2.81,2.92,2.83,0.09,3.18,44321.27,12754.884
855,600725.SH,20180228,2.79,2.85,2.75,2.83,2.79,0.04,1.43,23733.79,6696.579
856,600725.SH,20180227,2.83,2.84,2.77,2.79,2.83,-0.04,-1.41,28330.55,7931.236
857,600725.SH,20180226,2.71,2.85,2.71,2.83,2.72,0.11,4.04,39924.56,11142.207
858,600725.SH,20180223,2.7,2.78,2.69,2.72,2.7,0.02,0.74,35392.57,9675.668
859,600725.SH,20180222,2.68,2.73,2.67,2.7,2.7,0.0,0.0,40792.68,10995.135
860,600725.SH,20180214,2.56,2.7,2.56,2.7,2.57,0.13,5.06,59129.35,15826.723
861,600725.SH,20180213,2.56,2.59,2.53,2.57,2.56,0.01,0.39,39177.2,10051.109
862,600725.SH,20180212,2.43,2.56,2.43,2.56,2.44,0.12,4.92,50033.91,12718.27
863,600725.SH,20180209,2.39,2.48,2.37,2.44,2.49,-0.05,-2.01,70522.98,17058.897
864,600725.SH,20180208,2.38,2.49,2.34,2.49,2.37,0.12,5.06,41400.7,10247.437
865,600725.SH,20180207,2.46,2.48,2.31,2.37,2.43,-0.06,-2.47,55481.86,13222.813
866,600725.SH,20180206,2.5,2.55,2.43,2.43,2.56,-0.13,-5.08,35386.22,8772.142
867,600725.SH,20180205,2.51,2.58,2.46,2.56,2.58,-0.02,-0.78,31033.61,7799.975
868,600725.SH,20180202,2.63,2.64,2.54,2.58,2.67,-0.09,-3.37,41328.84,10669.336
869,600725.SH,20180201,2.8,2.81,2.67,2.67,2.81,-0.14,-4.98,49711.7,13446.388
870,600725.SH,20180131,2.92,2.94,2.79,2.81,2.94,-0.13,-4.42,54708.87,15596.487
871,600725.SH,20180130,2.95,2.95,2.92,2.94,2.95,-0.01,-0.34,29738.87,8736.814
872,600725.SH,20180129,2.99,3.02,2.93,2.95,2.99,-0.04,-1.34,43244.4,12910.655
873,600725.SH,20180126,2.92,3.0,2.92,2.99,2.92,0.07,2.4,41746.94,12380.806
874,600725.SH,20180125,2.96,2.96,2.91,2.92,2.95,-0.03,-1.02,23841.32,6975.494
875,600725.SH,20180124,2.9,2.96,2.89,2.95,2.91,0.04,1.37,31238.02,9131.481
876,600725.SH,20180123,2.9,2.93,2.87,2.91,2.91,0.0,0.0,31144.46,9013.199
877,600725.SH,20180122,2.93,2.95,2.91,2.91,2.93,-0.02,-0.68,26041.08,7601.076
878,600725.SH,20180119,2.92,2.96,2.92,2.93,2.93,0.0,0.0,22866.3,6719.241
879,600725.SH,20180118,2.88,2.99,2.85,2.93,2.87,0.06,2.09,49124.2,14410.946
880,600725.SH,20180117,2.9,2.91,2.82,2.87,2.9,-0.03,-1.03,58381.4,16690.402
881,600725.SH,20180116,2.93,2.96,2.87,2.9,2.94,-0.04,-1.36,56313.74,16426.132
882,600725.SH,20180115,3.03,3.03,2.92,2.94,3.03,-0.09,-2.97,60329.48,17831.126
883,600725.SH,20180112,3.04,3.05,3.01,3.03,3.04,-0.01,-0.33,37480.5,11330.938
884,600725.SH,20180111,3.02,3.06,3.02,3.04,3.03,0.01,0.33,32915.5,9988.168
885,600725.SH,20180110,3.09,3.1,3.02,3.03,3.1,-0.07,-2.26,53273.36,16232.489
886,600725.SH,20180109,3.1,3.14,3.07,3.1,3.09,0.01,0.32,42957.33,13309.456
887,600725.SH,20180108,3.14,3.17,3.07,3.09,3.15,-0.06,-1.9,57150.56,17778.989
888,600725.SH,20180105,3.19,3.22,3.14,3.15,3.19,-0.04,-1.25,42022.72,13365.438
889,600725.SH,20180104,3.23,3.25,3.18,3.19,3.25,-0.06,-1.85,50243.27,16124.46
890,600725.SH,20180103,3.21,3.26,3.18,3.25,3.22,0.03,0.93,53331.85,17180.011
891,600725.SH,20180102,3.09,3.26,3.07,3.22,3.1,0.12,3.87,82774.53,26480.824
892,600725.SH,20171229,3.08,3.11,3.03,3.1,3.08,0.02,0.65,51332.34,15756.408
893,600725.SH,20171228,3.03,3.09,3.02,3.08,3.03,0.05,1.65,49635.11,15207.994
894,600725.SH,20171227,3.0,3.08,3.0,3.03,3.07,-0.04,-1.3,48946.76,14910.106
895,600725.SH,20171226,3.03,3.1,3.01,3.07,3.06,0.01,0.33,40959.2,12546.517
896,600725.SH,20171225,3.15,3.16,3.03,3.06,3.14,-0.08,-2.55,69843.26,21611.201
897,600725.SH,20171222,3.15,3.16,3.11,3.14,3.14,0.0,0.0,36197.47,11343.589
898,600725.SH,20171221,3.12,3.16,3.1,3.14,3.13,0.01,0.32,54027.5,16900.671
899,600725.SH,20171220,3.22,3.24,3.11,3.13,3.2,-0.07,-2.19,91037.82,28824.965
900,600725.SH,20171219,3.26,3.31,3.17,3.2,3.24,-0.04,-1.23,93274.56,30112.124
901,600725.SH,20171218,3.25,3.35,3.18,3.24,3.25,-0.01,-0.31,93544.73,30552.114
902,600725.SH,20171215,3.32,3.35,3.21,3.25,3.34,-0.09,-2.69,133316.24,43564.114
903,600725.SH,20171214,3.18,3.34,3.17,3.34,3.18,0.16,5.03,205435.69,68095.808
904,600725.SH,20171213,3.1,3.23,3.08,3.18,3.08,0.1,3.25,122955.47,39047.704
905,600725.SH,20171212,3.06,3.15,3.04,3.08,3.06,0.02,0.65,89800.46,27869.793
906,600725.SH,20171211,3.03,3.08,3.02,3.06,3.05,0.01,0.33,56530.19,17209.171
907,600725.SH,20171208,2.96,3.14,2.95,3.05,2.99,0.06,2.01,95571.7,29370.828
908,600725.SH,20171207,2.93,3.01,2.91,2.99,2.97,0.02,0.67,86868.42,25782.778
909,600725.SH,20171206,2.91,2.99,2.83,2.97,2.98,-0.01,-0.34,157418.33,45226.989
910,600725.SH,20171205,3.13,3.13,2.98,2.98,3.14,-0.16,-5.1,292086.53,88080.917
911,600725.SH,20171204,3.14,3.14,3.14,3.14,2.99,0.15,5.02,17996.95,5651.042
912,600725.SH,20171201,2.85,2.99,2.85,2.99,2.85,0.14,4.91,40185.28,11739.23
913,600725.SH,20160922,5.5,5.85,5.41,5.7,5.58,0.12,2.15,325898.41,183649.937
914,600725.SH,20160921,5.86,5.9,5.58,5.58,5.87,-0.29,-4.94,232350.62,131011.148
915,600725.SH,20160920,5.94,6.01,5.85,5.87,5.93,-0.06,-1.01,95081.27,56319.6
916,600725.SH,20160919,5.96,5.99,5.84,5.93,5.91,0.02,0.34,92808.43,54995.513
917,600725.SH,20160914,5.63,5.91,5.61,5.91,5.63,0.28,4.97,73811.36,42632.795
918,600725.SH,20160913,5.65,5.72,5.6,5.63,5.59,0.04,0.72,54238.95,30655.612
919,600725.SH,20160912,5.76,5.8,5.59,5.59,5.88,-0.29,-4.93,101320.33,57170.964
920,600725.SH,20160909,5.76,5.95,5.75,5.88,5.8,0.08,1.38,57803.44,33743.133
921,600725.SH,20160908,5.82,5.87,5.72,5.8,5.83,-0.03,-0.51,64807.95,37631.031
922,600725.SH,20160907,6.0,6.01,5.8,5.83,5.99,-0.16,-2.67,82779.0,48700.104
923,600725.SH,20160906,6.09,6.09,5.95,5.99,6.07,-0.08,-1.32,45274.73,27198.146
924,600725.SH,20160905,6.03,6.17,6.03,6.07,6.01,0.06,1.0,39342.0,23958.65
925,600725.SH,20160902,5.97,6.03,5.96,6.01,5.99,0.02,0.33,29292.43,17566.794
926,600725.SH,20160901,6.03,6.06,5.96,5.99,6.01,-0.02,-0.33,52771.3,31652.317
927,600725.SH,20160831,6.1,6.12,5.97,6.01,6.06,-0.05,-0.83,53556.3,32278.296
928,600725.SH,20160830,5.94,6.12,5.9,6.06,5.91,0.15,2.54,63027.21,38081.816
929,600725.SH,20160829,5.88,5.95,5.8,5.91,5.84,0.07,1.2,57106.99,33541.851
930,600725.SH,20160826,5.79,5.95,5.77,5.84,5.8,0.04,0.69,59697.17,34930.429
931,600725.SH,20160825,5.85,5.97,5.72,5.8,5.81,-0.01,-0.17,106215.56,61988.231
932,600725.SH,20160824,5.97,5.97,5.5,5.81,5.69,0.12,2.11,93497.41,55087.147
933,600725.SH,20160823,5.84,5.99,5.65,5.69,5.72,-0.03,-0.52,95345.79,55525.738
934,600725.SH,20160822,5.48,5.72,5.46,5.72,5.45,0.27,4.95,75757.26,42456.847
935,600725.SH,20160819,5.44,5.5,5.37,5.45,5.4,0.05,0.93,42017.86,22811.493
936,600725.SH,20160818,5.36,5.57,5.32,5.4,5.37,0.03,0.56,93898.82,51150.289
937,600725.SH,20160817,5.38,5.42,5.33,5.37,5.39,-0.02,-0.37,83647.23,44898.941
938,600725.SH,20160816,5.39,5.4,5.35,5.39,5.39,0.0,0.0,31434.47,16897.744
939,600725.SH,20160815,5.37,5.4,5.31,5.39,5.38,0.01,0.19,27068.26,14502.249
940,600725.SH,20160812,5.34,5.42,5.32,5.38,5.36,0.02,0.37,19515.0,10481.3
941,600725.SH,20160811,5.38,5.4,5.34,5.36,5.4,-0.04,-0.74,17768.0,9526.391
942,600725.SH,20160810,5.42,5.42,5.34,5.4,5.41,-0.01,-0.18,28638.29,15403.813
943,600725.SH,20160809,5.48,5.48,5.38,5.41,5.45,-0.04,-0.73,26363.55,14272.481
944,600725.SH,20160808,5.39,5.47,5.34,5.45,5.41,0.04,0.74,23663.49,12829.206
945,600725.SH,20160805,5.42,5.46,5.38,5.41,5.45,-0.04,-0.73,22619.07,12239.505
946,600725.SH,20160804,5.45,5.46,5.37,5.45,5.45,0.0,0.0,22309.9,12057.055
947,600725.SH,20160803,5.48,5.48,5.38,5.45,5.46,-0.01,-0.18,26262.3,14258.832
948,600725.SH,20160802,5.4,5.49,5.37,5.46,5.42,0.04,0.74,31288.0,17003.776
949,600725.SH,20160801,5.36,5.43,5.25,5.42,5.38,0.04,0.74,33115.67,17767.685
950,600725.SH,20160729,5.22,5.4,5.21,5.38,5.26,0.12,2.28,39158.9,20870.362
951,600725.SH,20160728,5.21,5.28,5.13,5.26,5.27,-0.01,-0.19,29877.6,15553.086
952,600725.SH,20160727,5.27,5.52,5.15,5.27,5.27,0.0,0.0,57044.71,30371.497
953,600725.SH,20160726,5.27,5.3,5.21,5.27,5.25,0.02,0.38,23314.75,12270.891
954,600725.SH,20160725,5.3,5.34,5.19,5.25,5.3,-0.05,-0.94,23536.1,12423.457
955,600725.SH,20160722,5.27,5.32,5.24,5.3,5.28,0.02,0.38,21722.3,11469.608
956,600725.SH,20160721,5.28,5.33,5.23,5.28,5.27,0.01,0.19,21214.23,11203.702
957,600725.SH,20160720,5.29,5.29,5.22,5.27,5.28,-0.01,-0.19,17513.65,9217.802
958,600725.SH,20160719,5.2,5.28,5.17,5.28,5.19,0.09,1.73,27764.42,14516.167
959,600725.SH,20160718,5.22,5.35,5.15,5.19,5.22,-0.03,-0.57,52763.99,27577.644
960,600725.SH,20160715,5.44,5.44,5.16,5.22,5.43,-0.21,-3.87,67348.24,35493.851
961,600725.SH,20160714,5.45,5.49,5.36,5.43,5.45,-0.02,-0.37,21403.66,11559.664
962,600725.SH,20160713,5.42,5.48,5.4,5.45,5.43,0.02,0.37,25824.41,14047.668
963,600725.SH,20160712,5.48,5.54,5.35,5.43,5.41,0.02,0.37,39828.51,21653.964
964,600725.SH,20160711,5.57,5.74,5.4,5.41,5.47,-0.06,-1.1,78446.19,43661.231
965,600725.SH,20160708,5.23,5.47,5.17,5.47,5.21,0.26,4.99,51994.89,28041.478
966,600725.SH,20160707,5.24,5.3,5.15,5.21,5.2,0.01,0.19,46823.51,24420.141
967,600725.SH,20160706,5.22,5.33,5.18,5.2,5.23,-0.03,-0.57,41717.01,21927.256
968,600725.SH,20160705,5.12,5.37,5.12,5.23,5.15,0.08,1.55,42604.67,22504.362
969,600725.SH,20160704,5.09,5.22,5.06,5.15,5.11,0.04,0.78,50462.94,26000.825
970,600725.SH,20160701,5.65,5.65,5.11,5.11,5.38,-0.27,-5.02,154981.82,80984.778
971,600725.SH,20160630,5.38,5.38,5.38,5.38,5.12,0.26,5.08,4171.8,2244.428
972,600725.SH,20160629,5.12,5.12,5.12,5.12,4.88,0.24,4.92,5439.65,2785.101
973,600725.SH,20160628,4.88,4.88,4.88,4.88,4.65,0.23,4.95,10874.95,5306.976
974,600725.SH,20160627,4.65,4.65,4.65,4.65,4.43,0.22,4.97,15449.6,7184.064
975,600725.SH,20160624,4.45,4.47,4.33,4.43,4.46,-0.03,-0.67,32704.43,14405.414
976,600725.SH,20160623,4.41,4.5,4.4,4.46,4.54,-0.08,-1.76,36131.8,16056.517
977,600725.SH,20160622,4.49,4.59,4.46,4.54,4.49,0.05,1.11,16224.96,7337.614
978,600725.SH,20160621,4.55,4.58,4.48,4.49,4.55,-0.06,-1.32,22698.07,10309.824
979,600725.SH,20160620,4.58,4.58,4.5,4.55,4.74,-0.19,-4.01,64032.91,28899.157
980,600725.SH,20160617,4.65,4.8,4.65,4.74,4.65,0.09,1.94,21212.8,10036.257
981,600725.SH,20160616,4.7,4.72,4.6,4.65,4.71,-0.06,-1.27,15466.5,7227.2
982,600725.SH,20160615,4.51,4.71,4.49,4.71,4.56,0.15,3.29,17205.31,7996.543
983,600725.SH,20160614,4.55,4.66,4.5,4.56,4.56,0.0,0.0,17105.23,7822.795
984,600725.SH,20160613,4.73,4.8,4.56,4.56,4.8,-0.24,-5.0,31132.75,14545.711
985,600725.SH,20160608,4.82,4.87,4.74,4.8,4.82,-0.02,-0.41,22673.24,10875.175
986,600725.SH,20160607,4.94,5.02,4.79,4.82,4.97,-0.15,-3.02,32494.9,15816.768
987,600725.SH,20160606,4.92,5.06,4.86,4.97,4.92,0.05,1.02,34016.62,16848.458
988,600725.SH,20160603,4.81,4.95,4.8,4.92,4.81,0.11,2.29,34618.5,16866.94
989,600725.SH,20160602,4.82,4.83,4.77,4.81,4.81,0.0,0.0,27339.88,13122.776
990,600725.SH,20160601,4.83,4.86,4.79,4.81,4.83,-0.02,-0.41,28441.32,13714.002
991,600725.SH,20160531,4.75,4.86,4.73,4.83,4.77,0.06,1.26,43474.42,20923.594
992,600725.SH,20160530,4.85,4.85,4.71,4.77,4.83,-0.06,-1.24,16488.94,7838.193
993,600725.SH,20160527,4.85,4.85,4.73,4.83,4.8,0.03,0.63,23444.1,11281.289
994,600725.SH,20160526,4.77,4.81,4.63,4.8,4.74,0.06,1.27,31699.0,14956.294
995,600725.SH,20160525,4.51,4.74,4.51,4.74,4.51,0.23,5.1,59927.84,28110.243
996,600725.SH,20160524,4.45,4.57,4.45,4.51,4.5,0.01,0.22,28129.68,12659.487
997,600725.SH,20160523,4.46,4.53,4.43,4.5,4.46,0.04,0.9,25904.83,11622.465
998,600725.SH,20160520,4.33,4.46,4.28,4.46,4.38,0.08,1.83,29255.12,12803.554
999,600725.SH,20160519,4.32,4.44,4.32,4.38,4.35,0.03,0.69,28912.93,12660.689
1000,600725.SH,20160518,4.5,4.5,4.34,4.35,4.57,-0.22,-4.81,60535.27,26455.251
1001,600725.SH,20160517,4.63,4.68,4.52,4.57,4.63,-0.06,-1.3,34222.7,15680.731
1002,600725.SH,20160516,4.56,4.66,4.55,4.63,4.54,0.09,1.98,28360.13,13086.389
1003,600725.SH,20160513,4.47,4.6,4.38,4.54,4.48,0.06,1.34,41876.26,18990.525
1004,600725.SH,20160512,4.69,4.69,4.46,4.48,4.69,-0.21,-4.48,75803.93,33991.435
1005,600725.SH,20160511,4.78,4.85,4.59,4.69,4.77,-0.08,-1.68,59267.31,27950.157
1006,600725.SH,20160510,4.81,4.88,4.76,4.77,5.01,-0.24,-4.79,88647.28,42368.236
1007,600725.SH,20160509,5.18,5.19,5.01,5.01,5.27,-0.26,-4.93,31920.0,16023.154
1008,600725.SH,20160506,5.56,5.57,5.27,5.27,5.55,-0.28,-5.05,72353.52,39104.452
1009,600725.SH,20160505,5.67,5.69,5.47,5.55,5.67,-0.12,-2.12,60900.42,33863.379
1010,600725.SH,20160504,5.53,5.79,5.53,5.67,5.57,0.1,1.8,63709.5,36015.576
1011,600725.SH,20160503,5.43,5.62,5.36,5.57,5.64,-0.07,-1.24,130384.49,71006.021
1012,600725.SH,20160428,5.71,5.8,5.52,5.64,5.71,-0.07,-1.23,45833.0,25830.585
1013,600725.SH,20160427,5.78,5.84,5.71,5.71,5.8,-0.09,-1.55,29892.47,17258.901
1014,600725.SH,20160426,5.78,5.84,5.63,5.8,5.75,0.05,0.87,45987.98,26337.877
1015,600725.SH,20160425,5.91,5.98,5.69,5.75,5.99,-0.24,-4.01,61160.2,35372.184
1016,600725.SH,20160422,5.85,6.06,5.67,5.99,5.81,0.18,3.1,46585.16,27481.303
1017,600725.SH,20160421,5.69,5.88,5.61,5.81,5.7,0.11,1.93,47495.65,27624.036
1018,600725.SH,20160420,6.23,6.34,5.6,5.7,6.22,-0.52,-8.36,92844.96,54397.859
1019,600725.SH,20160419,6.18,6.36,6.06,6.22,6.21,0.01,0.16,63851.52,39616.32
1020,600725.SH,20160418,6.28,6.28,6.14,6.21,6.3,-0.09,-1.43,49684.27,30831.172
1021,600725.SH,20160415,6.33,6.41,6.27,6.3,6.33,-0.03,-0.47,64839.84,41064.615
1022,600725.SH,20160414,6.31,6.4,6.18,6.33,6.35,-0.02,-0.32,86469.09,54234.126
1023,600725.SH,20160413,6.6,6.79,6.34,6.35,6.27,0.08,1.28,129552.94,84515.934
1024,600725.SH,20160412,6.31,6.42,6.16,6.27,6.31,-0.04,-0.63,55193.62,34588.433
1025,600725.SH,20160411,6.13,6.38,6.13,6.31,6.13,0.18,2.94,78368.59,49074.496
1026,600725.SH,20160408,6.09,6.23,6.02,6.13,6.14,-0.01,-0.16,63810.84,39110.181
1027,600725.SH,20160407,6.26,6.33,6.08,6.14,6.36,-0.22,-3.46,65308.36,40433.427
1028,600725.SH,20160406,6.48,6.5,6.18,6.36,6.51,-0.15,-2.3,126243.5,79806.153
1029,600725.SH,20160405,6.05,6.56,6.0,6.51,6.1,0.41,6.72,159944.1,101311.862
1030,600725.SH,20160401,5.93,6.4,5.85,6.1,5.97,0.13,2.18,152744.39,93361.401
1031,600725.SH,20160331,5.68,6.16,5.6,5.97,5.65,0.32,5.66,152526.24,89740.952
1032,600725.SH,20160330,5.5,5.67,5.5,5.65,5.53,0.12,2.17,43754.63,24552.637
1033,600725.SH,20160329,5.45,5.54,5.35,5.53,5.5,0.03,0.55,47689.88,25887.203
1034,600725.SH,20160328,5.68,5.7,5.47,5.5,5.59,-0.09,-1.61,43310.85,24355.966
1035,600725.SH,20160325,5.63,5.63,5.5,5.59,5.63,-0.04,-0.71,57668.68,32054.528
1036,600725.SH,20160324,5.67,5.72,5.57,5.63,5.76,-0.13,-2.26,92359.32,52206.922
1037,600725.SH,20160323,5.66,5.85,5.62,5.76,5.68,0.08,1.41,75066.67,43013.893
1038,600725.SH,20160322,5.75,5.77,5.64,5.68,5.83,-0.15,-2.57,79102.84,45072.324
1039,600725.SH,20160321,5.71,5.95,5.6,5.83,5.65,0.18,3.19,172273.27,99960.066
1040,600725.SH,20160318,5.51,5.72,5.47,5.65,5.51,0.14,2.54,81447.2,45637.349
1041,600725.SH,20160317,5.48,5.53,5.4,5.51,5.41,0.1,1.85,38476.23,21081.262
1042,600725.SH,20160316,5.49,5.6,5.34,5.41,5.42,-0.01,-0.18,30315.06,16463.129
1043,600725.SH,20160315,5.51,5.61,5.4,5.42,5.42,0.0,0.0,38838.13,21373.991
1044,600725.SH,20160314,5.35,5.52,5.35,5.42,5.32,0.1,1.88,38603.58,21102.923
1045,600725.SH,20160311,5.22,5.49,5.15,5.32,5.34,-0.02,-0.37,32137.79,17203.516
1046,600725.SH,20160310,5.48,5.59,5.32,5.34,5.47,-0.13,-2.38,43313.11,23666.445
1047,600725.SH,20160309,5.55,5.67,5.36,5.47,5.85,-0.38,-6.5,94754.13,52359.093
1048,600725.SH,20160308,5.57,5.98,5.5,5.85,5.67,0.18,3.17,192208.69,111065.219
1049,600725.SH,20160307,5.38,5.68,5.37,5.67,5.37,0.3,5.59,86304.77,47441.333
1050,600725.SH,20160304,5.4,5.48,5.12,5.37,5.42,-0.05,-0.92,65175.43,34444.185
1051,600725.SH,20160303,5.3,5.61,5.3,5.42,5.35,0.07,1.31,74663.36,40881.699
1052,600725.SH,20160302,5.0,5.45,5.0,5.35,5.09,0.26,5.11,73895.71,39033.115
1053,600725.SH,20160301,4.83,5.1,4.8,5.09,4.75,0.34,7.16,87893.92,43596.639
1054,600725.SH,20160229,5.2,5.26,4.73,4.75,5.26,-0.51,-9.7,77794.59,38276.328
1055,600725.SH,20160226,5.27,5.47,5.15,5.26,5.31,-0.05,-0.94,84437.88,45046.772
1056,600725.SH,20160225,5.75,5.85,5.31,5.31,5.9,-0.59,-10.0,110686.51,61473.88
1057,600725.SH,20160224,5.38,5.91,5.29,5.9,5.37,0.53,9.87,134821.13,76856.76
1058,600725.SH,20160223,5.51,5.51,5.22,5.37,5.47,-0.1,-1.83,63721.84,34050.642
1059,600725.SH,20160222,5.36,5.65,5.36,5.47,5.35,0.12,2.24,69373.08,37929.896
1060,600725.SH,20160219,5.24,5.41,5.23,5.35,5.24,0.11,2.1,63048.69,33567.662
1061,600725.SH,20160218,5.35,5.44,5.22,5.24,5.32,-0.08,-1.5,58232.75,30959.041
1062,600725.SH,20160217,5.24,5.37,5.18,5.32,5.25,0.07,1.33,61611.88,32603.357
1063,600725.SH,20160216,5.1,5.27,5.05,5.25,5.04,0.21,4.17,66546.73,34504.219
1064,600725.SH,20160215,4.7,5.18,4.7,5.04,4.99,0.05,1.0,33734.13,16772.593
1065,600725.SH,20160205,4.95,5.08,4.95,4.99,4.97,0.02,0.4,30170.98,15143.196
1066,600725.SH,20160204,4.95,5.11,4.95,4.97,4.99,-0.02,-0.4,57862.72,29009.456
1067,600725.SH,20160203,4.69,5.14,4.62,4.99,4.78,0.21,4.39,84587.64,41843.195
1068,600725.SH,20160202,4.45,4.83,4.42,4.78,4.44,0.34,7.66,76233.98,35599.13
1069,600725.SH,20160201,4.64,4.64,4.36,4.44,4.65,-0.21,-4.52,48187.08,21717.39
1070,600725.SH,20160129,4.49,4.69,4.49,4.65,4.49,0.16,3.56,37608.44,17401.748
1071,600725.SH,20160128,4.6,4.69,4.43,4.49,4.7,-0.21,-4.47,37964.19,17442.017
1072,600725.SH,20160127,4.8,4.94,4.31,4.7,4.77,-0.07,-1.47,67500.44,31297.094
1073,600725.SH,20160126,5.23,5.25,4.75,4.77,5.28,-0.51,-9.66,61719.21,30836.37
1074,600725.SH,20160125,5.22,5.38,5.21,5.28,5.18,0.1,1.93,51902.09,27465.119
1075,600725.SH,20160122,5.15,5.26,5.05,5.18,5.1,0.08,1.57,46186.58,23905.747
1076,600725.SH,20160121,5.24,5.38,5.08,5.1,5.29,-0.19,-3.59,67754.9,35485.653
1077,600725.SH,20160120,5.2,5.45,5.15,5.29,5.24,0.05,0.95,68322.54,36266.095
1078,600725.SH,20160119,5.06,5.28,5.04,5.24,5.09,0.15,2.95,57100.96,29645.505
1079,600725.SH,20160118,4.96,5.2,4.86,5.09,4.99,0.1,2.0,73161.53,36987.745
1080,600725.SH,20160115,5.21,5.29,4.9,4.99,5.29,-0.3,-5.67,79075.45,39966.858
1081,600725.SH,20160114,5.05,5.36,4.91,5.29,5.16,0.13,2.52,71566.99,36698.805
1082,600725.SH,20160113,5.4,5.6,5.08,5.16,5.36,-0.2,-3.73,63059.78,33966.476
1083,600725.SH,20160112,5.45,5.56,5.12,5.36,5.45,-0.09,-1.65,57993.24,31169.402
1084,600725.SH,20160111,5.92,5.94,5.45,5.45,6.05,-0.6,-9.92,130970.17,74083.106
1085,600725.SH,20160108,5.95,6.17,5.29,6.05,5.77,0.28,4.85,154311.82,92207.49
1086,600725.SH,20160107,6.28,6.28,5.76,5.77,6.4,-0.63,-9.84,26871.0,16059.759
1087,600725.SH,20160106,6.03,6.47,6.02,6.4,6.02,0.38,6.31,123139.0,77524.718
1088,600725.SH,20160105,5.7,6.31,5.65,6.02,6.28,-0.26,-4.14,118760.77,71073.598
1089,600725.SH,20160104,6.97,7.0,6.28,6.28,6.98,-0.7,-10.03,83393.49,54841.31
1090,600725.SH,20151231,7.17,7.18,6.87,6.98,7.21,-0.23,-3.19,138828.9,97646.036
1091,600725.SH,20151230,6.88,7.23,6.82,7.21,6.87,0.34,4.95,192235.97,136406.423
1092,600725.SH,20151229,6.78,6.88,6.65,6.87,6.77,0.1,1.48,54641.45,36874.626
1093,600725.SH,20151228,6.97,7.06,6.75,6.77,7.01,-0.24,-3.42,73532.25,50862.882
1094,600725.SH,20151225,6.76,7.02,6.76,7.01,6.77,0.24,3.55,81319.74,56240.384
1095,600725.SH,20151224,6.87,6.88,6.71,6.77,6.92,-0.15,-2.17,78316.55,53012.851
1096,600725.SH,20151223,7.03,7.12,6.9,6.92,7.03,-0.11,-1.56,97082.84,67857.599
1097,600725.SH,20151222,7.03,7.11,6.95,7.03,7.03,0.0,0.0,94440.58,66411.747
1098,600725.SH,20151221,6.95,7.07,6.91,7.03,6.99,0.04,0.57,94642.28,65962.542
1099,600725.SH,20151218,7.14,7.21,6.93,6.99,7.14,-0.15,-2.1,119834.72,84351.025
1100,600725.SH,20151217,6.95,7.25,6.95,7.14,6.96,0.18,2.59,140808.26,100527.894
1101,600725.SH,20151216,6.93,7.09,6.89,6.96,6.93,0.03,0.43,115880.79,80959.55
1102,600725.SH,20151215,6.91,7.09,6.88,6.93,6.94,-0.01,-0.14,128697.81,89646.902
1103,600725.SH,20151214,6.8,7.0,6.52,6.94,6.9,0.04,0.58,98381.16,66739.433
1104,600725.SH,20151211,6.9,7.1,6.85,6.9,6.88,0.02,0.29,104733.17,73138.637
1105,600725.SH,20151210,7.05,7.06,6.85,6.88,7.01,-0.13,-1.85,107305.0,74679.23
1106,600725.SH,20151209,7.11,7.21,6.98,7.01,7.24,-0.23,-3.18,148628.52,104776.209
1107,600725.SH,20151208,7.52,7.6,7.18,7.24,7.63,-0.39,-5.11,171262.33,125933.879
1108,600725.SH,20151207,7.75,7.83,7.48,7.63,7.72,-0.09,-1.17,148885.31,113284.337
1109,600725.SH,20151204,7.9,8.13,7.7,7.72,8.0,-0.28,-3.5,217222.79,172314.268
1110,600725.SH,20151203,7.66,8.16,7.47,8.0,7.66,0.34,4.44,258687.99,202036.031
1111,600725.SH,20151202,7.42,8.1,7.19,7.66,7.65,0.01,0.13,358633.58,275845.915
1112,600725.SH,20151201,6.89,7.66,6.72,7.65,6.96,0.69,9.91,265676.88,190981.629
1113,600725.SH,20151130,6.87,6.97,6.34,6.96,7.04,-0.08,-1.14,200862.31,136033.429
1114,600725.SH,20151127,6.82,7.18,6.59,7.04,6.89,0.15,2.18,395490.19,275178.531
1115,600725.SH,20151126,7.1,7.16,6.87,6.89,7.18,-0.29,-4.04,189328.42,132506.203
1116,600725.SH,20151125,6.92,7.23,6.86,7.18,7.02,0.16,2.28,161913.0,113127.096
1117,600725.SH,20151124,7.13,7.13,6.84,7.02,7.14,-0.12,-1.68,94111.33,65641.111
1118,600725.SH,20151123,6.85,7.15,6.7,7.14,6.84,0.3,4.39,219774.59,153323.72
1119,600725.SH,20151120,6.92,7.05,6.82,6.84,6.92,-0.08,-1.16,137869.12,95471.391
1120,600725.SH,20151119,6.76,7.02,6.68,6.92,6.78,0.14,2.06,143616.43,98018.693
1121,600725.SH,20151118,6.98,7.24,6.75,6.78,7.03,-0.25,-3.56,210795.31,147067.607
1122,600725.SH,20151117,7.06,7.21,6.85,7.03,7.21,-0.18,-2.5,305009.78,215097.422
1123,600725.SH,20151116,6.56,7.25,6.41,7.21,6.65,0.56,8.42,369557.32,254114.297
1124,600725.SH,20151113,6.24,6.76,6.18,6.65,6.29,0.36,5.72,355292.02,233620.453
1125,600725.SH,20151112,6.36,6.43,6.17,6.29,6.4,-0.11,-1.72,164947.61,103756.665
1126,600725.SH,20151111,6.37,6.47,6.29,6.4,6.33,0.07,1.11,204736.14,130614.207
1127,600725.SH,20151110,6.3,6.36,6.13,6.33,6.31,0.02,0.32,184689.06,115778.551
1128,600725.SH,20151109,6.31,6.39,6.05,6.31,6.34,-0.03,-0.47,203582.84,127375.811
1129,600725.SH,20151106,6.3,6.4,6.2,6.34,6.35,-0.01,-0.16,227196.3,143235.02
1130,600725.SH,20151105,6.14,6.44,5.99,6.35,6.14,0.21,3.42,345548.42,215127.008
1131,600725.SH,20151104,5.84,6.16,5.84,6.14,5.9,0.24,4.07,246710.0,148312.16
1132,600725.SH,20151103,5.71,5.94,5.68,5.9,5.74,0.16,2.79,143064.67,83675.32
1133,600725.SH,20151102,5.68,5.94,5.6,5.74,5.63,0.11,1.95,182832.41,106590.546
1134,600725.SH,20151030,5.79,5.79,5.56,5.63,5.78,-0.15,-2.6,108703.95,61656.478
1135,600725.SH,20151029,5.76,5.84,5.69,5.78,5.76,0.02,0.35,120823.87,69753.389
1136,600725.SH,20151028,5.7,5.94,5.66,5.76,5.78,-0.02,-0.35,158537.68,92512.569
1137,600725.SH,20151027,5.83,5.83,5.43,5.78,5.85,-0.07,-1.2,161200.16,91067.806
1138,600725.SH,20151026,5.96,5.98,5.77,5.85,5.9,-0.05,-0.85,185374.02,108788.049
1139,600725.SH,20151023,5.84,5.95,5.73,5.9,5.93,-0.03,-0.51,232421.32,135892.636
1140,600725.SH,20151022,5.57,5.99,5.51,5.93,5.84,0.09,1.54,261548.08,149684.571
1141,600725.SH,20151021,6.26,6.39,5.84,5.84,6.49,-0.65,-10.02,408512.09,248999.473
1142,600725.SH,20151020,6.38,6.51,6.32,6.49,6.4,0.09,1.41,162075.5,104568.625
1143,600725.SH,20151019,6.56,6.62,6.3,6.4,6.62,-0.22,-3.32,222697.35,143242.65
1144,600725.SH,20151016,6.63,6.71,6.44,6.62,6.67,-0.05,-0.75,331423.65,217552.99
1145,600725.SH,20151015,6.52,6.85,6.31,6.67,6.59,0.08,1.21,410792.42,269005.532
1146,600725.SH,20151014,5.9,6.59,5.81,6.59,5.99,0.6,10.02,426287.42,266903.951
1147,600725.SH,20151013,5.95,6.01,5.8,5.99,6.02,-0.03,-0.5,228394.64,135009.955
1148,600725.SH,20151012,5.79,6.15,5.78,6.02,5.77,0.25,4.33,278668.15,165958.958
1149,600725.SH,20151009,5.86,5.91,5.67,5.77,5.91,-0.14,-2.37,187085.4,107903.007
1150,600725.SH,20151008,5.7,5.97,5.57,5.91,5.51,0.4,7.26,251338.53,144479.875
1151,600725.SH,20150930,5.7,5.72,5.4,5.51,5.66,-0.15,-2.65,128477.46,71319.145
1152,600725.SH,20150929,5.7,5.7,5.5,5.66,5.84,-0.18,-3.08,183636.34,102702.263
1153,600725.SH,20150928,5.75,5.94,5.61,5.84,5.72,0.12,2.1,225735.15,130806.199
1154,600725.SH,20150925,6.04,6.18,5.63,5.72,6.22,-0.5,-8.04,361998.32,212518.441
1155,600725.SH,20150924,6.31,6.85,6.03,6.22,6.24,-0.02,-0.32,502908.32,326239.983
1156,600725.SH,20150923,5.95,6.24,5.84,6.24,5.67,0.57,10.05,539560.29,326683.806
1157,600725.SH,20150922,5.3,5.67,5.2,5.67,5.15,0.52,10.1,249774.41,137613.38
1158,600725.SH,20150921,4.53,5.15,4.53,5.15,4.68,0.47,10.04,98726.81,49450.212
1159,600725.SH,20150918,4.53,4.75,4.53,4.68,4.56,0.12,2.63,79759.76,36892.068
1160,600725.SH,20150917,4.69,4.86,4.55,4.56,4.76,-0.2,-4.2,105300.26,49697.068
1161,600725.SH,20150916,4.33,4.77,4.32,4.76,4.34,0.42,9.68,92054.88,42011.829
1162,600725.SH,20150915,4.53,4.78,4.31,4.34,4.74,-0.4,-8.44,85541.32,38890.422
1163,600725.SH,20150914,5.34,5.34,4.73,4.74,5.26,-0.52,-9.89,113837.04,56202.923
1164,600725.SH,20150911,5.26,5.32,5.11,5.26,5.23,0.03,0.57,74542.89,38914.569
1165,600725.SH,20150910,5.42,5.44,5.22,5.23,5.47,-0.24,-4.39,88219.85,47213.622
1166,600725.SH,20150909,5.28,5.52,5.25,5.47,5.27,0.2,3.8,122316.07,66231.931
1167,600725.SH,20150908,5.0,5.34,4.85,5.27,4.98,0.29,5.82,88893.76,44962.965
1168,600725.SH,20150907,5.0,5.14,4.91,4.98,4.81,0.17,3.53,87431.21,43929.51
1169,600725.SH,20150902,5.02,5.32,4.7,4.81,5.07,-0.26,-5.13,100543.21,50247.097
1170,600725.SH,20150901,5.53,5.56,5.01,5.07,5.52,-0.45,-8.15,100812.15,52375.917
1171,600725.SH,20150831,5.9,5.9,5.48,5.52,5.89,-0.37,-6.28,141521.28,80026.865
1172,600725.SH,20150828,5.5,5.89,5.37,5.89,5.35,0.54,10.09,178497.85,99465.026
1173,600725.SH,20150827,5.18,5.37,5.01,5.35,5.03,0.32,6.36,140840.44,73257.089
1174,600725.SH,20150826,5.55,5.67,4.99,5.03,5.45,-0.42,-7.71,183402.92,97736.243
1175,600725.SH,20150825,5.45,5.73,5.45,5.45,6.05,-0.6,-9.92,121576.97,66657.096
1176,600725.SH,20150824,6.46,6.46,6.05,6.05,6.72,-0.67,-9.97,108147.79,66203.497
1177,600725.SH,20150821,7.16,7.27,6.6,6.72,7.31,-0.59,-8.07,205149.33,142189.045
1178,600725.SH,20150820,8.12,8.12,7.29,7.31,8.1,-0.79,-9.75,252468.47,195323.239
1179,600725.SH,20150819,7.25,8.13,7.0,8.1,7.65,0.45,5.88,356868.45,268876.487
1180,600725.SH,20150818,8.52,9.03,7.65,7.65,8.5,-0.85,-10.0,558067.98,472678.534
1181,600725.SH,20150817,7.67,8.5,7.51,8.5,7.73,0.77,9.96,518160.33,419087.1
1182,600725.SH,20150814,7.13,7.75,7.06,7.73,7.19,0.54,7.51,402036.9,295691.57
1183,600725.SH,20150813,6.76,7.4,6.71,7.19,6.77,0.42,6.2,342553.78,242412.394
1184,600725.SH,20150812,6.82,7.03,6.74,6.77,6.97,-0.2,-2.87,189178.6,129872.463
1185,600725.SH,20150811,6.73,7.19,6.63,6.97,6.74,0.23,3.41,275936.32,190680.63
1186,600725.SH,20150810,6.35,6.79,6.35,6.74,6.29,0.45,7.15,226243.61,148737.709
1187,600725.SH,20150807,6.12,6.33,6.11,6.29,6.09,0.2,3.28,160522.62,100439.97
1188,600725.SH,20150806,6.02,6.2,5.96,6.09,6.16,-0.07,-1.14,105632.31,64355.671
1189,600725.SH,20150805,6.29,6.38,6.05,6.16,6.28,-0.12,-1.91,143745.43,89629.431
1190,600725.SH,20150804,5.83,6.34,5.82,6.28,5.82,0.46,7.9,158024.67,96004.619
1191,600725.SH,20150803,6.16,6.28,5.66,5.82,6.13,-0.31,-5.06,128883.3,77279.0
1192,600725.SH,20150731,6.26,6.35,6.02,6.13,6.31,-0.18,-2.85,125970.54,77829.13
1193,600725.SH,20150730,6.5,6.76,6.2,6.31,6.54,-0.23,-3.52,190027.74,123564.347
1194,600725.SH,20150729,6.35,6.66,6.01,6.54,6.19,0.35,5.65,188407.71,118461.859
1195,600725.SH,20150728,6.16,6.84,6.16,6.19,6.84,-0.65,-9.5,250343.33,158008.238
1196,600725.SH,20150727,7.23,7.5,6.84,6.84,7.6,-0.76,-10.0,211040.63,151863.785
1197,600725.SH,20150724,7.53,7.98,7.37,7.6,7.57,0.03,0.4,349716.9,268331.646
1198,600725.SH,20150723,7.2,7.69,7.2,7.57,7.4,0.17,2.3,305060.33,227627.408
1199,600725.SH,20150722,7.5,7.61,7.09,7.4,7.58,-0.18,-2.37,297307.56,219133.907
1200,600725.SH,20150721,7.15,7.76,7.01,7.58,7.39,0.19,2.57,332457.5,245489.401
1201,600725.SH,20150720,7.5,7.56,6.9,7.39,7.21,0.18,2.5,510454.27,373349.942
1202,600725.SH,20150717,6.62,7.21,6.48,7.21,6.55,0.66,10.08,292433.34,205490.54
1203,600725.SH,20150716,5.9,6.62,5.55,6.55,6.15,0.4,6.5,275834.96,171901.522
1204,600725.SH,20150715,7.22,7.22,6.0,6.15,6.56,-0.41,-6.25,393736.69,264343.03
1205,600725.SH,20150714,6.56,6.56,6.56,6.56,5.96,0.6,10.07,7660.86,5025.524
1206,600725.SH,20150713,5.96,5.96,5.96,5.96,5.42,0.54,9.96,5722.91,3410.854
1207,600725.SH,20150707,5.61,5.72,5.42,5.42,6.02,-0.6,-9.97,92932.91,50742.163
1208,600725.SH,20150706,7.36,7.36,6.02,6.02,6.69,-0.67,-10.01,209640.35,136970.011
1209,600725.SH,20150703,6.98,7.54,6.69,6.69,7.43,-0.74,-9.96,165195.37,113267.532
1210,600725.SH,20150702,8.38,8.75,7.43,7.43,8.25,-0.82,-9.94,207092.4,162715.503
1211,600725.SH,20150701,9.0,9.5,8.21,8.25,9.09,-0.84,-9.24,243001.69,220481.277
1212,600725.SH,20150630,8.4,9.38,7.77,9.09,8.63,0.46,5.33,291333.67,246630.314
1213,600725.SH,20150629,9.8,10.0,8.63,8.63,9.59,-0.96,-10.01,232668.5,211005.257
1214,600725.SH,20150626,10.29,10.29,9.59,9.59,10.66,-1.07,-10.04,178923.54,176239.217
1215,600725.SH,20150625,11.3,11.53,10.48,10.66,11.28,-0.62,-5.5,255197.1,284900.223
1216,600725.SH,20150624,10.66,11.35,10.35,11.28,10.55,0.73,6.92,277081.48,301054.079
1217,600725.SH,20150623,11.05,11.58,10.21,10.55,11.34,-0.79,-6.97,338528.74,357473.63
1218,600725.SH,20150619,12.0,12.32,11.34,11.34,12.6,-1.26,-10.0,251760.53,298576.655
1219,600725.SH,20150618,13.43,13.97,12.56,12.6,13.37,-0.77,-5.76,388599.96,518831.881
1220,600725.SH,20150617,12.6,13.5,12.0,13.37,12.87,0.5,3.89,435353.85,558184.292
1221,600725.SH,20150616,12.5,13.6,12.2,12.87,12.71,0.16,1.26,554903.54,719473.228
1222,600725.SH,20150615,11.98,13.0,11.85,12.71,11.94,0.77,6.45,561101.74,706419.379
1223,600725.SH,20150612,11.87,12.27,11.81,11.94,11.9,0.04,0.34,336658.51,404381.031
1224,600725.SH,20150611,11.42,12.28,11.41,11.9,12.0,-0.1,-0.83,343735.7,409186.74
1225,600725.SH,20150610,12.0,12.32,11.67,12.0,12.44,-0.44,-3.54,298488.55,360378.276
1226,600725.SH,20150609,12.35,12.86,11.9,12.44,12.56,-0.12,-0.96,457947.18,560883.474
1227,600725.SH,20150608,11.88,13.05,11.52,12.56,11.88,0.68,5.72,683814.0,837471.393
1228,600725.SH,20150605,11.6,11.99,10.8,11.88,11.28,0.6,5.32,703575.12,807137.828
1229,600725.SH,20150604,11.04,11.47,10.1,11.28,11.11,0.17,1.53,502563.62,550370.488
1230,600725.SH,20150603,10.95,11.29,10.5,11.11,11.1,0.01,0.09,463438.05,509119.035
1231,600725.SH,20150602,10.12,11.1,9.78,11.1,10.09,1.01,10.01,492675.12,521629.708
1232,600725.SH,20150601,9.58,10.14,9.45,10.09,9.58,0.51,5.32,295684.36,290454.738
1233,600725.SH,20150529,9.65,10.05,8.97,9.58,9.97,-0.39,-3.91,356211.5,340066.254
1234,600725.SH,20150528,11.08,11.3,9.97,9.97,11.08,-1.11,-10.02,454142.26,486719.134
1235,600725.SH,20150527,10.4,11.35,10.3,11.08,10.52,0.56,5.32,523093.52,568881.414
1236,600725.SH,20150526,10.3,10.58,10.0,10.52,10.34,0.18,1.74,447600.87,462604.722
1237,600725.SH,20150525,9.87,10.45,9.65,10.34,9.87,0.47,4.76,486514.27,493613.741
1238,600725.SH,20150522,9.7,9.98,9.3,9.87,9.6,0.27,2.81,480824.8,467328.062
1239,600725.SH,20150521,9.2,9.61,9.15,9.6,9.3,0.3,3.23,370028.71,347749.159
1240,600725.SH,20150520,9.39,9.65,9.15,9.3,9.38,-0.08,-0.85,430998.22,404330.84
1241,600725.SH,20150519,8.9,9.45,8.9,9.38,8.9,0.48,5.39,346768.65,317699.713
1242,600725.SH,20150518,8.62,9.1,8.53,8.9,8.81,0.09,1.02,215653.8,190551.799
1243,600725.SH,20150515,9.18,9.2,8.71,8.81,9.39,-0.58,-6.18,329896.78,294165.338
1244,600725.SH,20150514,9.14,9.74,9.03,9.39,9.13,0.26,2.85,511100.1,481527.766
1245,600725.SH,20150513,9.0,9.45,8.8,9.13,9.16,-0.03,-0.33,420973.47,384049.561
1246,600725.SH,20150512,9.0,9.44,8.66,9.16,8.92,0.24,2.69,522070.06,468350.625
1247,600725.SH,20150511,8.57,8.95,8.4,8.92,8.56,0.36,4.21,366475.37,320647.19
1248,600725.SH,20150508,8.44,8.62,8.25,8.56,8.3,0.26,3.13,256636.98,217003.795
1249,600725.SH,20150507,8.69,8.78,8.24,8.3,8.67,-0.37,-4.27,303609.52,256111.452
1250,600725.SH,20150506,8.75,9.07,8.53,8.67,8.9,-0.23,-2.58,417343.85,367346.892
1251,600725.SH,20150505,9.4,9.42,8.9,8.9,9.89,-0.99,-10.01,639916.61,582710.998
1252,600725.SH,20150504,11.4,11.85,9.8,9.89,10.77,-0.88,-8.17,1048302.38,1106352.503
1253,600725.SH,20150430,10.6,10.77,10.46,10.77,9.79,0.98,10.01,244180.12,261200.525
1254,600725.SH,20150429,9.3,9.79,9.0,9.79,8.9,0.89,10.0,580592.77,558723.676
1255,600725.SH,20150428,8.88,8.9,8.6,8.9,8.09,0.81,10.01,683398.14,605976.484
1256,600725.SH,20150427,7.99,8.09,7.72,8.09,7.35,0.74,10.07,356242.21,283967.62
1257,600725.SH,20150424,7.35,7.35,7.35,7.35,6.68,0.67,10.03,97710.27,71817.048
1258,600725.SH,20150423,6.68,6.68,6.68,6.68,6.07,0.61,10.05,5721.91,3822.236
1259,600725.SH,20150422,6.07,6.07,6.07,6.07,5.52,0.55,9.96,1922.43,1166.915
1260,600725.SH,20150421,5.52,5.52,5.52,5.52,5.02,0.5,9.96,3758.28,2074.571
1261,600725.SH,20141217,5.16,5.17,4.94,5.02,5.18,-0.16,-3.09,129149.44,65166.972
1262,600725.SH,20141216,5.2,5.23,5.09,5.18,5.15,0.03,0.58,115934.21,59861.315
1263,600725.SH,20141215,5.07,5.2,5.06,5.15,5.05,0.1,1.98,129569.86,66468.662
1264,600725.SH,20141212,4.93,5.06,4.93,5.05,4.92,0.13,2.64,104424.84,52206.435
1265,600725.SH,20141211,4.86,4.93,4.8,4.92,4.86,0.06,1.23,80972.13,39446.319
1266,600725.SH,20141210,4.71,4.87,4.62,4.86,4.72,0.14,2.97,73564.18,35151.431
1267,600725.SH,20141209,5.0,5.05,4.71,4.72,5.0,-0.28,-5.6,164008.47,80108.183
1268,600725.SH,20141208,5.06,5.07,4.88,5.0,5.06,-0.06,-1.19,119001.68,59217.253
1269,600725.SH,20141205,5.39,5.39,4.93,5.06,5.39,-0.33,-6.12,211867.19,108537.621
1270,600725.SH,20141204,5.18,5.39,5.13,5.39,5.15,0.24,4.66,264579.94,140377.309
1271,600725.SH,20141203,5.09,5.2,5.03,5.15,5.09,0.06,1.18,185414.13,95065.356
1272,600725.SH,20141202,5.05,5.13,5.01,5.09,5.05,0.04,0.79,108515.78,55033.564
1273,600725.SH,20141201,4.99,5.16,4.97,5.05,4.99,0.06,1.2,112987.08,57265.906
1274,600725.SH,20141128,5.09,5.09,4.95,4.99,5.1,-0.11,-2.16,102116.8,51191.499
1275,600725.SH,20141127,5.02,5.18,4.99,5.1,5.03,0.07,1.39,132199.14,67300.658
1276,600725.SH,20141126,5.05,5.09,4.93,5.03,5.05,-0.02,-0.4,87912.01,43872.442
1277,600725.SH,20141125,4.94,5.07,4.93,5.05,4.96,0.09,1.81,100986.34,50536.201
1278,600725.SH,20141124,4.96,4.98,4.85,4.96,4.95,0.01,0.2,86504.76,42744.614
1279,600725.SH,20141121,4.97,5.0,4.91,4.95,4.95,0.0,0.0,59240.59,29285.932
1280,600725.SH,20141120,4.9,4.98,4.86,4.95,4.93,0.02,0.41,61546.85,30254.507
1281,600725.SH,20141119,4.8,4.94,4.75,4.93,4.8,0.13,2.71,76971.29,37500.262
1282,600725.SH,20141118,4.77,4.84,4.76,4.8,4.77,0.03,0.63,45614.89,21898.908
1283,600725.SH,20141117,4.72,4.79,4.66,4.77,4.72,0.05,1.06,41625.97,19724.72
1284,600725.SH,20141114,4.71,4.76,4.61,4.72,4.74,-0.02,-0.42,44763.94,21037.517
1285,600725.SH,20141113,4.84,4.84,4.7,4.74,4.83,-0.09,-1.86,52784.96,25088.982
1286,600725.SH,20141112,4.71,4.83,4.6,4.83,4.74,0.09,1.9,53564.99,25522.344
1287,600725.SH,20141111,4.88,4.96,4.67,4.74,4.88,-0.14,-2.87,93239.35,44883.296
1288,600725.SH,20141110,4.8,4.89,4.75,4.88,4.81,0.07,1.46,56134.58,27172.048
1289,600725.SH,20141107,4.98,5.02,4.8,4.81,4.98,-0.17,-3.41,76561.5,37576.532
1290,600725.SH,20141106,5.03,5.09,4.9,4.98,5.06,-0.08,-1.58,75515.71,37519.847
1291,600725.SH,20141105,5.16,5.17,5.02,5.06,5.16,-0.1,-1.94,91513.7,46394.935
1292,600725.SH,20141104,4.97,5.17,4.94,5.16,4.98,0.18,3.61,203912.16,103681.913
1293,600725.SH,20141103,4.86,4.99,4.85,4.98,4.88,0.1,2.05,97420.9,47909.552
1294,600725.SH,20141031,4.85,4.88,4.75,4.88,4.84,0.04,0.83,89560.78,43230.748
1295,600725.SH,20141030,4.9,4.91,4.79,4.84,4.9,-0.06,-1.22,86367.91,42000.039
1296,600725.SH,20141029,4.82,4.95,4.78,4.9,4.82,0.08,1.66,104190.16,50767.073
1297,600725.SH,20141028,4.64,4.82,4.6,4.82,4.66,0.16,3.43,95826.44,45258.964
1298,600725.SH,20141027,4.74,4.74,4.5,4.66,4.77,-0.11,-2.31,122362.19,56152.172
1299,600725.SH,20141024,4.97,4.97,4.76,4.77,4.94,-0.17,-3.44,67061.83,32675.961
1300,600725.SH,20141023,4.88,4.95,4.77,4.94,4.88,0.06,1.23,95326.51,46243.5
1301,600725.SH,20141022,4.85,4.97,4.77,4.88,4.84,0.04,0.83,104363.18,50864.5
1302,600725.SH,20141021,4.92,4.98,4.74,4.84,4.95,-0.11,-2.22,114160.8,55476.011
1303,600725.SH,20141020,4.91,4.98,4.87,4.95,4.91,0.04,0.81,69627.37,34322.584
1304,600725.SH,20141017,5.16,5.21,4.81,4.91,5.16,-0.25,-4.85,157301.17,78267.488
1305,600725.SH,20141016,5.3,5.35,5.15,5.16,5.36,-0.2,-3.73,146187.58,76823.815
1306,600725.SH,20141015,5.42,5.5,5.32,5.36,5.49,-0.13,-2.37,167782.53,90267.179
1307,600725.SH,20141014,5.36,5.56,5.25,5.49,5.35,0.14,2.62,280146.6,151461.443
1308,600725.SH,20141013,5.28,5.36,5.15,5.35,5.28,0.07,1.33,133558.76,70265.937
1309,600725.SH,20141010,5.32,5.45,5.25,5.28,5.33,-0.05,-0.94,177199.75,94660.787
1310,600725.SH,20141009,5.36,5.36,5.21,5.33,5.36,-0.03,-0.56,166626.61,88028.43
1311,600725.SH,20141008,5.12,5.38,5.12,5.36,5.24,0.12,2.29,171057.32,89467.432
1312,600725.SH,20140930,5.22,5.38,5.2,5.24,5.2,0.04,0.77,198206.98,104542.189
1313,600725.SH,20140929,5.19,5.22,5.09,5.2,5.2,0.0,0.0,190357.95,98124.925
1314,600725.SH,20140926,5.29,5.38,5.19,5.2,5.39,-0.19,-3.53,254740.68,133979.189
1315,600725.SH,20140925,5.21,5.46,5.17,5.39,5.23,0.16,3.06,460068.71,245923.287
1316,600725.SH,20140924,5.19,5.3,5.15,5.23,5.23,0.0,0.0,278530.45,145363.558
1317,600725.SH,20140923,5.15,5.26,5.12,5.23,5.21,0.02,0.38,255340.34,132533.959
1318,600725.SH,20140922,5.33,5.33,5.06,5.21,5.37,-0.16,-2.98,377643.23,194909.719
1319,600725.SH,20140919,5.39,5.51,5.2,5.37,5.35,0.02,0.37,460281.22,244213.838
1320,600725.SH,20140918,5.88,6.09,5.32,5.35,5.59,-0.24,-4.29,789933.06,439400.022
1321,600725.SH,20140917,5.2,5.59,5.2,5.59,5.08,0.51,10.04,524944.73,285674.096
1322,600725.SH,20140916,4.75,5.08,4.75,5.08,4.62,0.46,9.96,160105.06,80484.626
1323,600725.SH,20140915,4.2,4.62,4.17,4.62,4.2,0.42,10.0,321922.33,142904.261
1324,600725.SH,20140912,4.18,4.21,4.11,4.2,4.2,0.0,0.0,99910.83,41505.326
1325,600725.SH,20140911,4.24,4.34,4.12,4.2,4.21,-0.01,-0.24,173644.59,73467.956
1326,600725.SH,20140910,4.14,4.25,4.12,4.21,4.18,0.03,0.72,94749.13,39700.747
1327,600725.SH,20140909,4.18,4.2,4.13,4.18,4.18,0.0,0.0,97212.77,40508.948
1328,600725.SH,20140905,4.14,4.26,4.08,4.18,4.14,0.04,0.97,147539.05,61624.996
1329,600725.SH,20140904,4.11,4.15,4.0,4.14,4.13,0.01,0.24,145148.57,59447.04
1330,600725.SH,20140903,4.11,4.18,4.1,4.13,4.11,0.02,0.49,110084.19,45505.834
1331,600725.SH,20140902,4.07,4.18,4.06,4.11,4.04,0.07,1.73,174527.27,72046.208
1332,600725.SH,20140901,3.99,4.09,3.92,4.04,4.04,0.0,0.0,132543.18,53168.335
1333,600725.SH,20140829,4.1,4.11,3.88,4.04,4.2,-0.16,-3.81,226549.15,90659.128
1334,600725.SH,20140828,3.79,4.2,3.75,4.2,3.82,0.38,9.95,399810.74,165439.258
1335,600725.SH,20140827,3.8,3.84,3.75,3.82,3.8,0.02,0.53,48366.92,18419.172
1336,600725.SH,20140826,3.93,3.95,3.78,3.8,3.96,-0.16,-4.04,94194.93,36237.805
1337,600725.SH,20140825,4.0,4.17,3.94,3.96,3.97,-0.01,-0.25,140343.7,56708.677
1338,600725.SH,20140822,3.89,4.0,3.89,3.97,3.92,0.05,1.28,59966.42,23684.159
1339,600725.SH,20140821,3.92,3.94,3.86,3.92,3.93,-0.01,-0.25,63855.41,24904.529
1340,600725.SH,20140820,3.97,3.98,3.88,3.93,3.98,-0.05,-1.26,88415.66,34783.399
1341,600725.SH,20140819,3.94,4.07,3.88,3.98,3.95,0.03,0.76,166129.88,66403.153
1342,600725.SH,20140818,3.71,4.0,3.7,3.95,3.71,0.24,6.47,183726.76,71703.707
1343,600725.SH,20140815,3.69,3.74,3.66,3.71,3.69,0.02,0.54,53829.02,19919.198
1344,600725.SH,20140814,3.8,3.82,3.66,3.69,3.81,-0.12,-3.15,80132.38,30076.546
1345,600725.SH,20140813,3.72,3.88,3.72,3.81,3.71,0.1,2.7,108818.68,41296.647
1346,600725.SH,20140812,3.69,3.72,3.66,3.71,3.73,-0.02,-0.54,46362.83,17099.368
1347,600725.SH,20140811,3.68,3.73,3.66,3.73,3.68,0.05,1.36,60793.17,22520.928
1348,600725.SH,20140808,3.68,3.7,3.62,3.68,3.67,0.01,0.27,65340.67,23925.999
1349,600725.SH,20140807,3.8,3.81,3.62,3.67,3.81,-0.14,-3.67,129292.37,47731.279
1350,600725.SH,20140806,3.74,3.88,3.74,3.81,3.86,-0.05,-1.3,110866.41,42149.032
1351,600725.SH,20140805,3.68,3.96,3.64,3.86,3.71,0.15,4.04,238261.91,91539.903
1352,600725.SH,20140804,3.5,3.79,3.49,3.71,3.49,0.22,6.3,162110.47,59011.817
1353,600725.SH,20140801,3.51,3.57,3.49,3.49,3.52,-0.03,-0.85,77939.36,27451.528
1354,600725.SH,20140731,3.48,3.52,3.47,3.52,3.48,0.04,1.15,45759.83,16007.395
1355,600725.SH,20140730,3.46,3.52,3.46,3.48,3.46,0.02,0.58,44243.87,15407.003
1356,600725.SH,20140729,3.49,3.51,3.45,3.46,3.49,-0.03,-0.86,55512.29,19295.22
1357,600725.SH,20140728,3.42,3.51,3.42,3.49,3.4,0.09,2.65,71243.81,24702.374
1358,600725.SH,20140725,3.4,3.44,3.37,3.4,3.4,0.0,0.0,47930.67,16321.688
1359,600725.SH,20140724,3.35,3.41,3.33,3.4,3.34,0.06,1.8,54916.47,18551.471
1360,600725.SH,20140723,3.32,3.39,3.32,3.34,3.32,0.02,0.6,39103.23,13126.837
1361,600725.SH,20140722,3.29,3.33,3.28,3.32,3.28,0.04,1.22,19472.85,6449.327
1362,600725.SH,20140721,3.31,3.32,3.28,3.28,3.32,-0.04,-1.2,17046.12,5622.049
1363,600725.SH,20140718,3.3,3.34,3.28,3.32,3.3,0.02,0.61,18821.64,6244.217
1364,600725.SH,20140717,3.31,3.33,3.28,3.3,3.33,-0.03,-0.9,18700.58,6168.843
1365,600725.SH,20140716,3.35,3.35,3.31,3.33,3.35,-0.02,-0.6,19614.39,6539.495
1366,600725.SH,20140715,3.31,3.35,3.27,3.35,3.3,0.05,1.52,47283.61,15697.929
1367,600725.SH,20140714,3.27,3.31,3.26,3.3,3.28,0.02,0.61,25955.65,8540.364
1368,600725.SH,20140711,3.25,3.32,3.24,3.28,3.25,0.03,0.92,19483.75,6377.618
1369,600725.SH,20140710,3.23,3.27,3.23,3.25,3.23,0.02,0.62,24080.27,7816.941
1370,600725.SH,20140709,3.27,3.28,3.22,3.23,3.28,-0.05,-1.52,28662.0,9327.065
1371,600725.SH,20140708,3.24,3.29,3.22,3.28,3.26,0.02,0.61,22874.95,7462.986
1372,600725.SH,20140707,3.29,3.29,3.25,3.26,3.26,0.0,0.0,17321.64,5647.201
1373,600725.SH,20140704,3.26,3.32,3.24,3.26,3.26,0.0,0.0,31452.52,10296.814
1374,600725.SH,20140703,3.27,3.28,3.2,3.26,3.27,-0.01,-0.31,29393.4,9571.022
1375,600725.SH,20140702,3.25,3.28,3.21,3.27,3.25,0.02,0.62,33516.91,10890.214
1376,600725.SH,20140701,3.21,3.26,3.2,3.25,3.22,0.03,0.93,28732.43,9334.689
1377,600725.SH,20140630,3.19,3.22,3.18,3.22,3.2,0.02,0.63,18660.85,5983.081
1378,600725.SH,20140627,3.18,3.23,3.17,3.2,3.2,0.0,0.0,22727.28,7271.847
1379,600725.SH,20140626,3.2,3.23,3.18,3.2,3.2,0.0,0.0,27459.76,8777.365
1380,600725.SH,20140625,3.21,3.26,3.16,3.2,3.22,-0.02,-0.62,20701.76,6632.759
1381,600725.SH,20140624,3.22,3.27,3.18,3.22,3.23,-0.01,-0.31,17636.55,5658.296
1382,600725.SH,20140623,3.1,3.43,3.1,3.23,3.12,0.11,3.53,40487.43,13121.229
1383,600725.SH,20140620,3.08,3.15,3.08,3.12,3.1,0.02,0.65,21635.94,6733.751
1384,600725.SH,20140619,3.19,3.2,3.09,3.1,3.2,-0.1,-3.13,20590.9,6466.487
1385,600725.SH,20140618,3.19,3.22,3.18,3.2,3.2,0.0,0.0,11807.96,3772.865
1386,600725.SH,20140617,3.22,3.25,3.18,3.2,3.22,-0.02,-0.62,13132.55,4228.0
1387,600725.SH,20140616,3.21,3.23,3.2,3.22,3.22,0.0,0.0,14604.46,4693.124
1388,600725.SH,20140613,3.19,3.22,3.18,3.22,3.19,0.03,0.94,17085.46,5479.866
1389,600725.SH,20140612,3.2,3.2,3.17,3.19,3.19,0.0,0.0,9989.75,3181.665
1390,600725.SH,20140611,3.17,3.22,3.17,3.19,3.19,0.0,0.0,11261.47,3589.688
1391,600725.SH,20140610,3.15,3.19,3.15,3.19,3.16,0.03,0.95,10313.9,3279.081
1392,600725.SH,20140609,3.17,3.2,3.15,3.16,3.17,-0.01,-0.32,8446.4,2680.786
1393,600725.SH,20140606,3.2,3.21,3.16,3.17,3.21,-0.04,-1.25,9878.74,3143.715
1394,600725.SH,20140605,3.19,3.22,3.15,3.21,3.19,0.02,0.63,12716.81,4042.496
1395,600725.SH,20140604,3.21,3.23,3.16,3.19,3.21,-0.02,-0.62,11522.87,3665.831
1396,600725.SH,20140603,3.19,3.25,3.19,3.21,3.2,0.01,0.31,15504.0,5006.864
1397,600725.SH,20140530,3.22,3.23,3.16,3.2,3.2,0.0,0.0,10579.35,3378.103
1398,600725.SH,20140529,3.27,3.27,3.18,3.2,3.24,-0.04,-1.23,12334.0,3969.989
1399,600725.SH,20140528,3.21,3.25,3.21,3.24,3.21,0.03,0.93,14517.71,4687.397
1400,600725.SH,20140527,3.21,3.24,3.2,3.21,3.23,-0.02,-0.62,14128.18,4547.652
1401,600725.SH,20140526,3.22,3.24,3.19,3.23,3.21,0.02,0.62,16128.74,5191.952
1402,600725.SH,20140523,3.2,3.22,3.17,3.21,3.19,0.02,0.63,11940.93,3814.133
1403,600725.SH,20140522,3.25,3.27,3.19,3.19,3.23,-0.04,-1.24,16584.12,5368.184
1404,600725.SH,20140521,3.22,3.26,3.16,3.23,3.2,0.03,0.94,15249.27,4930.266
1405,600725.SH,20140520,3.2,3.24,3.18,3.2,3.19,0.01,0.31,8970.76,2873.574
1406,600725.SH,20140519,3.24,3.24,3.16,3.19,3.23,-0.04,-1.24,12726.57,4070.538
1407,600725.SH,20140516,3.19,3.3,3.14,3.23,3.19,0.04,1.25,26475.59,8466.252
1408,600725.SH,20140515,3.26,3.28,3.18,3.19,3.27,-0.08,-2.45,22857.3,7361.23
1409,600725.SH,20140514,3.31,3.31,3.25,3.27,3.3,-0.03,-0.91,21527.87,7052.632
1410,600725.SH,20140513,3.45,3.45,3.26,3.3,3.4,-0.1,-2.94,47565.77,15850.833
1411,600725.SH,20140512,3.19,3.45,3.18,3.4,3.17,0.23,7.26,81614.47,27237.907
1412,600725.SH,20140509,3.21,3.23,3.14,3.17,3.21,-0.04,-1.25,19614.94,6239.118
1413,600725.SH,20140508,3.16,3.29,3.14,3.21,3.15,0.06,1.9,30561.88,9773.229
1414,600725.SH,20140507,3.2,3.2,3.13,3.15,3.2,-0.05,-1.56,18851.15,5950.424
1415,600725.SH,20140506,3.18,3.21,3.15,3.2,3.18,0.02,0.63,15309.18,4890.078
1416,600725.SH,20140505,3.17,3.19,3.12,3.18,3.19,-0.01,-0.31,26393.26,8315.224
1417,600725.SH,20140430,3.19,3.22,3.16,3.19,3.25,-0.06,-1.85,32215.7,10270.531
1418,600725.SH,20140429,3.21,3.25,3.18,3.25,3.19,0.06,1.88,11214.85,3614.323
1419,600725.SH,20140428,3.34,3.34,3.16,3.19,3.35,-0.16,-4.78,29761.48,9598.549
1420,600725.SH,20140425,3.46,3.48,3.32,3.35,3.48,-0.13,-3.74,29485.56,10051.544
1421,600725.SH,20140424,3.5,3.5,3.46,3.48,3.48,0.0,0.0,23427.61,8150.972
1422,600725.SH,20140423,3.48,3.53,3.44,3.48,3.51,-0.03,-0.85,26240.43,9152.199
1423,600725.SH,20140422,3.51,3.54,3.44,3.51,3.44,0.07,2.03,56403.45,19710.791
1424,600725.SH,20140421,3.43,3.47,3.41,3.44,3.46,-0.02,-0.58,29164.44,10035.834
1425,600725.SH,20140418,3.48,3.49,3.44,3.46,3.5,-0.04,-1.14,28052.25,9695.262
1426,600725.SH,20140417,3.53,3.55,3.47,3.5,3.52,-0.02,-0.57,22220.29,7783.505
1427,600725.SH,20140416,3.52,3.54,3.49,3.52,3.53,-0.01,-0.28,15956.92,5603.54
1428,600725.SH,20140415,3.55,3.67,3.5,3.53,3.56,-0.03,-0.84,28389.29,10068.307
1429,600725.SH,20140414,3.48,3.56,3.48,3.56,3.5,0.06,1.71,32082.17,11334.116
1430,600725.SH,20140411,3.52,3.52,3.48,3.5,3.52,-0.02,-0.57,15473.2,5416.3
1431,600725.SH,20140410,3.52,3.54,3.5,3.52,3.54,-0.02,-0.57,27918.05,9827.436
1432,600725.SH,20140409,3.55,3.55,3.51,3.54,3.54,0.0,0.0,25284.66,8908.517
1433,600725.SH,20140408,3.49,3.55,3.49,3.54,3.52,0.02,0.57,28496.77,10056.982
1434,600725.SH,20140404,3.47,3.52,3.45,3.52,3.48,0.04,1.15,16485.31,5757.653
1435,600725.SH,20140403,3.47,3.51,3.45,3.48,3.48,0.0,0.0,18299.91,6363.224
1436,600725.SH,20140402,3.44,3.5,3.44,3.48,3.47,0.01,0.29,19086.36,6637.714
1437,600725.SH,20140401,3.42,3.48,3.35,3.47,3.41,0.06,1.76,29591.18,10134.569
1438,600725.SH,20140331,3.48,3.5,3.37,3.41,3.47,-0.06,-1.73,15370.53,5266.884
1439,600725.SH,20140328,3.46,3.52,3.45,3.47,3.49,-0.02,-0.57,16673.76,5808.6
1440,600725.SH,20140327,3.53,3.53,3.47,3.49,3.51,-0.02,-0.57,18144.34,6343.594
1441,600725.SH,20140326,3.55,3.55,3.49,3.51,3.55,-0.04,-1.13,24066.24,8461.027
1442,600725.SH,20140325,3.49,3.56,3.49,3.55,3.52,0.03,0.85,29547.36,10407.025
1443,600725.SH,20140324,3.44,3.53,3.44,3.52,3.47,0.05,1.44,27970.91,9781.31
1444,600725.SH,20140321,3.39,3.51,3.37,3.47,3.39,0.08,2.36,30127.53,10383.562
1445,600725.SH,20140320,3.47,3.48,3.38,3.39,3.48,-0.09,-2.59,19506.51,6702.775
1446,600725.SH,20140319,3.42,3.49,3.39,3.48,3.44,0.04,1.16,18564.79,6383.668
1447,600725.SH,20140318,3.44,3.49,3.42,3.44,3.46,-0.02,-0.58,18255.65,6288.637
1448,600725.SH,20140317,3.38,3.48,3.36,3.46,3.4,0.06,1.76,16833.12,5792.75
1449,600725.SH,20140314,3.37,3.41,3.33,3.4,3.37,0.03,0.89,17865.4,5995.246
1450,600725.SH,20140313,3.38,3.44,3.36,3.37,3.34,0.03,0.9,16492.57,5589.131
1451,600725.SH,20140312,3.34,3.41,3.32,3.34,3.34,0.0,0.0,17666.42,5921.367
1452,600725.SH,20140311,3.37,3.41,3.32,3.34,3.37,-0.03,-0.89,21297.31,7161.723
1453,600725.SH,20140310,3.51,3.51,3.37,3.37,3.54,-0.17,-4.8,22615.64,7722.706
1454,600725.SH,20140307,3.52,3.55,3.5,3.54,3.52,0.02,0.57,18364.81,6466.007
1455,600725.SH,20140306,3.55,3.57,3.48,3.52,3.55,-0.03,-0.85,18210.66,6400.75
1456,600725.SH,20140305,3.53,3.59,3.5,3.55,3.52,0.03,0.85,22416.5,7945.492
1457,600725.SH,20140304,3.53,3.56,3.5,3.52,3.55,-0.03,-0.85,20673.28,7298.376
1458,600725.SH,20140303,3.52,3.56,3.48,3.55,3.52,0.03,0.85,26034.56,9178.731
1459,600725.SH,20140228,3.53,3.54,3.46,3.52,3.51,0.01,0.28,16465.45,5754.565
1460,600725.SH,20140227,3.56,3.6,3.49,3.51,3.58,-0.07,-1.96,29916.71,10612.662
1461,600725.SH,20140226,3.53,3.6,3.45,3.58,3.53,0.05,1.42,20580.76,7295.373
1462,600725.SH,20140225,3.61,3.63,3.51,3.53,3.61,-0.08,-2.22,30419.48,10873.087
1463,600725.SH,20140224,3.7,3.74,3.54,3.61,3.7,-0.09,-2.43,46934.84,16874.479
1464,600725.SH,20140221,3.85,3.85,3.65,3.7,3.83,-0.13,-3.39,46648.13,17380.953
1465,600725.SH,20140220,3.87,4.09,3.76,3.83,3.79,0.04,1.06,130635.1,51183.102
1466,600725.SH,20140219,3.83,3.83,3.72,3.79,3.77,0.02,0.53,37340.69,14053.516
1467,600725.SH,20140218,3.7,3.77,3.67,3.77,3.7,0.07,1.89,40968.72,15309.107
1468,600725.SH,20140217,3.63,3.7,3.6,3.7,3.64,0.06,1.65,29564.55,10827.898
1469,600725.SH,20140214,3.55,3.66,3.55,3.64,3.6,0.04,1.11,22563.44,8187.995
1470,600725.SH,20140213,3.65,3.67,3.59,3.6,3.65,-0.05,-1.37,24145.68,8775.338
1471,600725.SH,20140212,3.62,3.66,3.58,3.65,3.62,0.03,0.83,24278.49,8820.723
1472,600725.SH,20140211,3.62,3.65,3.56,3.62,3.61,0.01,0.28,26545.59,9581.612
1473,600725.SH,20140210,3.54,3.63,3.51,3.61,3.51,0.1,2.85,27706.03,9942.116
1474,600725.SH,20140207,3.38,3.52,3.38,3.51,3.44,0.07,2.03,11948.37,4167.351
1475,600725.SH,20140130,3.46,3.49,3.43,3.44,3.46,-0.02,-0.58,7314.61,2524.611
1476,600725.SH,20140129,3.46,3.5,3.42,3.46,3.45,0.01,0.29,12759.82,4409.268
1477,600725.SH,20140128,3.52,3.56,3.44,3.45,3.51,-0.06,-1.71,14224.75,4945.393
1478,600725.SH,20140127,3.52,3.56,3.47,3.51,3.56,-0.05,-1.4,13213.78,4623.514
1479,600725.SH,20140124,3.49,3.57,3.49,3.56,3.48,0.08,2.3,22076.91,7838.696
1480,600725.SH,20140123,3.49,3.51,3.45,3.48,3.49,-0.01,-0.29,14007.11,4879.5
1481,600725.SH,20140122,3.42,3.54,3.39,3.49,3.39,0.1,2.95,25728.27,8928.2
1482,600725.SH,20140121,3.39,3.44,3.36,3.39,3.38,0.01,0.3,14451.73,4915.742
1483,600725.SH,20140120,3.32,3.45,3.32,3.38,3.36,0.02,0.6,7374.15,2492.068
1484,600725.SH,20140117,3.46,3.46,3.35,3.36,3.46,-0.1,-2.89,8750.01,2966.032
1485,600725.SH,20140116,3.51,3.51,3.43,3.46,3.47,-0.01,-0.29,11544.16,3994.127
1486,600725.SH,20140115,3.41,3.47,3.39,3.47,3.42,0.05,1.46,12220.61,4213.388
1487,600725.SH,20140114,3.37,3.42,3.33,3.42,3.37,0.05,1.48,12328.93,4167.905
1488,600725.SH,20140113,3.39,3.44,3.33,3.37,3.42,-0.05,-1.46,12232.17,4138.706
1489,600725.SH,20140110,3.32,3.47,3.32,3.42,3.38,0.04,1.18,16951.41,5740.351
1490,600725.SH,20140109,3.46,3.5,3.36,3.38,3.46,-0.08,-2.31,16690.43,5740.091
1491,600725.SH,20140108,3.52,3.56,3.45,3.46,3.51,-0.05,-1.42,16048.91,5615.146
1492,600725.SH,20140107,3.5,3.56,3.45,3.51,3.5,0.01,0.29,14902.59,5226.189
1493,600725.SH,20140106,3.66,3.66,3.47,3.5,3.66,-0.16,-4.37,18512.07,6600.756
1494,600725.SH,20140103,3.75,3.77,3.65,3.66,3.77,-0.11,-2.92,21228.1,7850.195
1495,600725.SH,20140102,3.79,3.79,3.72,3.77,3.75,0.02,0.53,14734.92,5539.442
1496,600725.SH,20131231,3.73,3.78,3.71,3.75,3.73,0.02,0.54,16204.48,6084.274
1497,600725.SH,20131230,3.79,3.8,3.71,3.73,3.73,0.0,0.0,15264.79,5704.133
1498,600725.SH,20131227,3.72,3.74,3.67,3.73,3.72,0.01,0.27,20862.71,7753.753
1499,600725.SH,20131226,3.82,3.82,3.71,3.72,3.81,-0.09,-2.36,20840.06,7795.776
1500,600725.SH,20131225,3.8,3.84,3.77,3.81,3.82,-0.01,-0.26,14834.43,5633.038
1501,600725.SH,20131224,3.84,3.89,3.76,3.82,3.79,0.03,0.79,21536.81,8236.714
1502,600725.SH,20131223,3.79,3.86,3.75,3.79,3.82,-0.03,-0.79,18608.74,7053.09
1503,600725.SH,20131220,3.87,3.93,3.7,3.82,3.89,-0.07,-1.8,36358.05,13868.12
1504,600725.SH,20131219,3.79,4.1,3.79,3.89,3.78,0.11,2.91,78494.33,31130.898
1505,600725.SH,20131218,3.8,3.87,3.77,3.78,3.81,-0.03,-0.79,19475.51,7454.948
1506,600725.SH,20131217,3.8,3.83,3.7,3.81,3.81,0.0,0.0,29036.61,10875.371
1507,600725.SH,20131216,3.86,3.86,3.8,3.81,3.85,-0.04,-1.04,26892.24,10266.282
1508,600725.SH,20131213,3.81,3.86,3.79,3.85,3.84,0.01,0.26,24526.29,9389.126
1509,600725.SH,20131212,3.82,3.88,3.79,3.84,3.84,0.0,0.0,26981.1,10352.14
1510,600725.SH,20131211,3.9,3.92,3.79,3.84,3.93,-0.09,-2.29,43291.06,16654.951
1511,600725.SH,20131210,4.02,4.06,3.9,3.93,4.03,-0.1,-2.48,48682.02,19244.003
1512,600725.SH,20131209,4.0,4.08,3.99,4.03,3.98,0.05,1.26,54120.44,21825.829
1513,600725.SH,20131206,3.95,4.08,3.92,3.98,3.93,0.05,1.27,66737.99,26735.049
1514,600725.SH,20131205,3.92,3.95,3.88,3.93,3.92,0.01,0.26,39501.2,15453.436
1515,600725.SH,20131204,3.84,3.98,3.82,3.92,3.82,0.1,2.62,60776.27,23814.871
1516,600725.SH,20131203,3.75,3.84,3.72,3.82,3.77,0.05,1.33,43599.67,16612.139
1517,600725.SH,20131202,3.93,3.93,3.74,3.77,4.02,-0.25,-6.22,87007.09,33285.356
1518,600725.SH,20131129,4.05,4.06,3.97,4.02,4.05,-0.03,-0.74,76648.32,30627.586
1519,600725.SH,20131128,4.1,4.15,4.01,4.05,4.1,-0.05,-1.22,97271.02,39496.165
1520,600725.SH,20131127,4.06,4.23,4.03,4.1,4.02,0.08,1.99,118950.11,49208.884
1521,600725.SH,20131126,4.03,4.11,4.0,4.02,4.05,-0.03,-0.74,84262.6,34096.451
1522,600725.SH,20131125,4.16,4.16,4.01,4.05,4.18,-0.13,-3.11,137846.83,56024.89
1523,600725.SH,20131122,3.92,4.2,3.88,4.18,3.95,0.23,5.82,263832.71,106926.003
1524,600725.SH,20131121,3.73,4.0,3.71,3.95,3.76,0.19,5.05,217965.33,85129.925
1525,600725.SH,20131120,3.74,3.8,3.7,3.76,3.76,0.0,0.0,67920.86,25349.498
1526,600725.SH,20131119,3.79,3.81,3.7,3.76,3.82,-0.06,-1.57,77419.22,29057.34
1527,600725.SH,20131118,3.77,3.82,3.65,3.82,3.78,0.04,1.06,96450.44,36210.31
1528,600725.SH,20131115,3.75,3.87,3.66,3.78,3.74,0.04,1.07,98513.22,37111.106
1529,600725.SH,20131114,3.63,3.79,3.61,3.74,3.69,0.05,1.355,67546.68,25144.347
1530,600725.SH,20131113,3.83,3.83,3.63,3.69,3.84,-0.15,-3.91,86046.36,32128.008
1531,600725.SH,20131112,3.89,3.96,3.8,3.84,3.9,-0.06,-1.54,122315.88,47228.952
1532,600725.SH,20131111,3.75,3.99,3.68,3.9,3.79,0.11,2.9,179789.92,69798.782
1533,600725.SH,20131108,3.59,3.9,3.59,3.79,3.64,0.15,4.12,183651.8,69585.491
1534,600725.SH,20131107,3.59,3.69,3.56,3.64,3.65,-0.01,-0.27,65157.45,23658.338
1535,600725.SH,20131106,3.73,3.83,3.63,3.65,3.77,-0.12,-3.18,123575.34,45834.791
1536,600725.SH,20131105,3.6,3.85,3.55,3.77,3.68,0.09,2.45,191185.58,71423.56
1537,600725.SH,20131104,3.45,3.68,3.45,3.68,3.51,0.17,4.84,131679.73,46812.938
1538,600725.SH,20131101,3.71,3.71,3.43,3.51,3.81,-0.3,-7.87,232064.35,81520.37
1539,600725.SH,20131031,3.9,3.94,3.67,3.81,3.58,0.23,6.42,395168.35,152796.29
1540,600725.SH,20131030,3.31,3.58,3.31,3.58,3.25,0.33,10.15,95834.57,33765.258
1541,600725.SH,20131029,3.41,3.41,3.18,3.25,3.32,-0.07,-2.11,38325.84,12609.3
1542,600725.SH,20131028,3.37,3.41,3.3,3.32,3.4,-0.08,-2.35,19125.02,6428.917
1543,600725.SH,20131025,3.46,3.47,3.37,3.4,3.44,-0.04,-1.16,22809.83,7810.573
1544,600725.SH,20131024,3.46,3.46,3.39,3.44,3.47,-0.03,-0.86,20504.21,7012.316
1545,600725.SH,20131023,3.46,3.51,3.41,3.47,3.49,-0.02,-0.57,34148.62,11822.925
1546,600725.SH,20131022,3.49,3.54,3.43,3.49,3.49,0.0,0.0,40944.49,14240.548
1547,600725.SH,20131021,3.45,3.5,3.41,3.49,3.44,0.05,1.45,39126.51,13558.741
1548,600725.SH,20131018,3.39,3.45,3.36,3.44,3.37,0.07,2.08,18649.06,6356.6
1549,600725.SH,20131017,3.36,3.48,3.36,3.37,3.36,0.01,0.3,34563.34,11807.371
1550,600725.SH,20131016,3.48,3.48,3.34,3.36,3.48,-0.12,-3.45,25597.81,8694.717
1551,600725.SH,20131015,3.48,3.49,3.44,3.48,3.47,0.01,0.29,31964.78,11084.853
1552,600725.SH,20131014,3.45,3.5,3.43,3.47,3.45,0.02,0.58,36089.66,12492.198
1553,600725.SH,20131011,3.38,3.45,3.38,3.45,3.38,0.07,2.07,35411.35,12137.072
1554,600725.SH,20131010,3.42,3.42,3.35,3.38,3.41,-0.03,-0.88,23675.95,8008.96
1555,600725.SH,20131009,3.41,3.41,3.37,3.41,3.41,0.0,0.0,21392.48,7258.038
1556,600725.SH,20131008,3.36,3.43,3.32,3.41,3.36,0.05,1.49,23592.22,7980.967
1557,600725.SH,20130930,3.34,3.37,3.33,3.36,3.33,0.03,0.9,14407.09,4824.015
1558,600725.SH,20130927,3.32,3.35,3.31,3.33,3.32,0.01,0.3,18161.74,6049.144
1559,600725.SH,20130926,3.39,3.39,3.31,3.32,3.37,-0.05,-1.48,35156.0,11791.068
1560,600725.SH,20130925,3.42,3.43,3.37,3.37,3.41,-0.04,-1.17,26564.85,9029.046
1561,600725.SH,20130924,3.47,3.47,3.38,3.41,3.46,-0.05,-1.45,35896.11,12234.421
1562,600725.SH,20130923,3.44,3.51,3.43,3.46,3.43,0.03,0.87,27419.69,9491.069
1563,600725.SH,20130918,3.39,3.44,3.37,3.43,3.38,0.05,1.48,22613.37,7713.484
1564,600725.SH,20130917,3.51,3.55,3.36,3.38,3.5,-0.12,-3.43,35087.41,12061.433
1565,600725.SH,20130916,3.56,3.57,3.49,3.5,3.56,-0.06,-1.69,27275.81,9591.933
1566,600725.SH,20130913,3.58,3.58,3.48,3.56,3.6,-0.04,-1.11,55505.62,19527.785
1567,600725.SH,20130912,3.61,3.62,3.54,3.6,3.63,-0.03,-0.83,61956.94,22140.688
1568,600725.SH,20130911,3.5,3.64,3.48,3.63,3.5,0.13,3.71,96116.67,34266.528
1569,600725.SH,20130910,3.44,3.51,3.42,3.5,3.44,0.06,1.74,59779.49,20810.686
1570,600725.SH,20130909,3.42,3.47,3.38,3.44,3.42,0.02,0.58,43597.06,14975.958
1571,600725.SH,20130906,3.38,3.45,3.38,3.42,3.41,0.01,0.29,34019.74,11611.618
1572,600725.SH,20130905,3.45,3.46,3.4,3.41,3.48,-0.07,-2.01,30080.11,10289.87
1573,600725.SH,20130904,3.4,3.51,3.38,3.48,3.4,0.08,2.35,73152.66,25359.39
1574,600725.SH,20130903,3.39,3.44,3.37,3.4,3.38,0.02,0.59,54067.97,18440.378
1575,600725.SH,20130902,3.4,3.4,3.32,3.38,3.39,-0.01,-0.3,34569.55,11600.893
1576,600725.SH,20130830,3.35,3.42,3.32,3.39,3.39,0.0,0.0,56093.98,18895.13
1577,600725.SH,20130829,3.38,3.4,3.35,3.39,3.38,0.01,0.3,30926.59,10446.967
1578,600725.SH,20130828,3.38,3.42,3.32,3.38,3.39,-0.01,-0.3,45694.09,15448.562
1579,600725.SH,20130827,3.35,3.39,3.32,3.39,3.33,0.06,1.8,32320.61,10872.467
1580,600725.SH,20130826,3.27,3.33,3.24,3.33,3.26,0.07,2.15,21602.07,7135.767
1581,600725.SH,20130823,3.36,3.36,3.22,3.26,3.33,-0.07,-2.1,28594.63,9395.873
1582,600725.SH,20130822,3.38,3.38,3.31,3.33,3.36,-0.03,-0.89,21239.44,7076.561
1583,600725.SH,20130821,3.34,3.38,3.31,3.36,3.33,0.03,0.9,20574.31,6891.405
1584,600725.SH,20130820,3.36,3.39,3.31,3.33,3.38,-0.05,-1.48,25457.0,8516.919
1585,600725.SH,20130819,3.31,3.39,3.3,3.38,3.32,0.06,1.81,23800.75,8001.794
1586,600725.SH,20130816,3.34,3.44,3.3,3.32,3.35,-0.03,-0.9,35430.09,11878.762
1587,600725.SH,20130815,3.39,3.44,3.35,3.35,3.41,-0.06,-1.76,27334.53,9254.831
1588,600725.SH,20130814,3.47,3.55,3.4,3.41,3.49,-0.08,-2.29,50103.18,17312.748
1589,600725.SH,20130813,3.5,3.52,3.43,3.49,3.54,-0.05,-1.41,71081.99,24640.432
1590,600725.SH,20130812,3.35,3.57,3.31,3.54,3.36,0.18,5.36,111065.95,38311.813
1591,600725.SH,20130809,3.23,3.47,3.2,3.36,3.22,0.14,4.35,87711.74,29416.858
1592,600725.SH,20130808,3.22,3.26,3.2,3.22,3.24,-0.02,-0.62,26242.34,8455.909
1593,600725.SH,20130807,3.28,3.31,3.22,3.24,3.29,-0.05,-1.52,35556.45,11577.357
1594,600725.SH,20130806,3.21,3.32,3.2,3.29,3.21,0.08,2.49,43330.96,14121.108
1595,600725.SH,20130805,3.19,3.22,3.15,3.21,3.18,0.03,0.94,22570.43,7200.822
1596,600725.SH,20130802,3.18,3.23,3.16,3.18,3.19,-0.01,-0.31,31677.76,10140.424
1597,600725.SH,20130801,3.14,3.2,3.14,3.19,3.14,0.05,1.59,35252.87,11174.145
1598,600725.SH,20130731,3.1,3.14,3.1,3.14,3.09,0.05,1.62,24668.92,7715.901
1599,600725.SH,20130730,3.06,3.11,3.04,3.09,3.06,0.03,0.98,16998.58,5234.887
1600,600725.SH,20130729,3.12,3.12,3.05,3.06,3.12,-0.06,-1.92,20508.21,6290.717
1601,600725.SH,20130726,3.15,3.15,3.08,3.12,3.12,0.0,0.0,20923.13,6492.519
1602,600725.SH,20130725,3.16,3.19,3.12,3.12,3.14,-0.02,-0.64,31956.13,10065.059
1603,600725.SH,20130724,3.18,3.19,3.11,3.14,3.2,-0.06,-1.88,27871.5,8769.632
1604,600725.SH,20130723,3.12,3.2,3.1,3.2,3.12,0.08,2.56,30011.68,9512.019
1605,600725.SH,20130722,3.1,3.14,3.05,3.12,3.11,0.01,0.32,21935.71,6787.203
1606,600725.SH,20130719,3.22,3.25,3.09,3.11,3.22,-0.11,-3.42,24057.63,7675.864
1607,600725.SH,20130718,3.28,3.32,3.21,3.22,3.27,-0.05,-1.53,26530.69,8605.616
1608,600725.SH,20130717,3.32,3.37,3.25,3.27,3.31,-0.04,-1.21,42914.69,14197.592
1609,600725.SH,20130716,3.22,3.32,3.21,3.31,3.24,0.07,2.16,39078.42,12765.257
1610,600725.SH,20130715,3.2,3.26,3.19,3.24,3.22,0.02,0.62,28850.56,9303.445
1611,600725.SH,20130712,3.28,3.32,3.21,3.22,3.29,-0.07,-2.13,39077.79,12713.09
1612,600725.SH,20130711,3.23,3.34,3.21,3.29,3.22,0.07,2.17,47728.17,15679.118
1613,600725.SH,20130710,3.08,3.23,3.08,3.22,3.13,0.09,2.88,36563.23,11612.299
1614,600725.SH,20130709,3.09,3.16,3.05,3.13,3.11,0.02,0.64,29363.11,9157.764
1615,600725.SH,20130708,3.3,3.3,3.1,3.11,3.34,-0.23,-6.89,50306.45,15975.585
1616,600725.SH,20130705,3.33,3.43,3.31,3.34,3.41,-0.07,-2.05,54801.36,18440.314
1617,600725.SH,20130704,3.32,3.42,3.15,3.41,3.41,0.0,0.0,93498.58,30719.745
1618,600725.SH,20130703,3.47,3.49,3.4,3.41,3.51,-0.1,-2.85,69265.29,23711.816
1619,600725.SH,20130702,3.5,3.54,3.41,3.51,3.59,-0.08,-2.23,98768.26,34320.673
1620,600725.SH,20130701,3.42,3.62,3.39,3.59,3.77,-0.18,-4.77,133023.82,46367.922
1621,600725.SH,20130621,3.6,3.77,3.5,3.77,3.43,0.34,9.91,172484.1,64262.122
1622,600725.SH,20130620,3.49,3.51,3.4,3.43,3.52,-0.09,-2.56,18618.33,6452.785
1623,600725.SH,20130619,3.52,3.54,3.44,3.52,3.49,0.03,0.86,18379.94,6396.826
1624,600725.SH,20130618,3.5,3.53,3.46,3.49,3.5,-0.01,-0.29,11262.76,3936.128
1625,600725.SH,20130617,3.55,3.56,3.47,3.5,3.53,-0.03,-0.85,10466.29,3667.376
1626,600725.SH,20130614,3.54,3.56,3.5,3.53,3.51,0.02,0.57,12349.8,4349.292
1627,600725.SH,20130613,3.62,3.62,3.45,3.51,3.64,-0.13,-3.57,20963.3,7339.904
1628,600725.SH,20130607,3.75,3.77,3.64,3.64,3.74,-0.1,-2.67,23141.76,8528.779
1629,600725.SH,20130606,3.81,3.82,3.73,3.74,3.83,-0.09,-2.35,17096.98,6454.162
1630,600725.SH,20130605,3.77,3.83,3.77,3.83,3.78,0.05,1.32,13749.06,5227.072
1631,600725.SH,20130604,3.87,3.87,3.76,3.78,3.87,-0.09,-2.33,25548.77,9718.563
1632,600725.SH,20130603,3.94,3.96,3.86,3.87,3.94,-0.07,-1.78,31960.94,12492.295
1633,600725.SH,20130531,3.98,4.0,3.92,3.94,3.98,-0.04,-1.01,27628.76,10912.916
1634,600725.SH,20130530,3.95,3.99,3.9,3.98,3.95,0.03,0.76,33594.7,13288.969
1635,600725.SH,20130529,3.92,4.03,3.9,3.95,3.94,0.01,0.25,47238.4,18689.029
1636,600725.SH,20130528,3.83,3.94,3.8,3.94,3.83,0.11,2.87,60733.45,23532.988
1637,600725.SH,20130527,3.85,3.85,3.78,3.83,3.86,-0.03,-0.78,58902.06,22460.201
1638,600725.SH,20130524,3.89,3.9,3.82,3.86,3.88,-0.02,-0.52,39083.62,15030.939
1639,600725.SH,20130523,3.96,3.98,3.85,3.88,3.98,-0.1,-2.51,49437.65,19302.673
1640,600725.SH,20130522,4.0,4.05,3.97,3.98,4.01,-0.03,-0.75,36508.27,14626.242
1641,600725.SH,20130521,3.99,4.07,3.97,4.01,4.01,0.0,0.0,31300.88,12586.759
1642,600725.SH,20130520,3.98,4.01,3.94,4.01,4.0,0.01,0.25,30330.03,12068.152
1643,600725.SH,20130517,3.95,4.08,3.88,4.0,3.95,0.05,1.27,43198.87,17142.596
1644,600725.SH,20130516,3.85,3.95,3.84,3.95,3.85,0.1,2.6,31206.58,12234.393
1645,600725.SH,20130515,3.85,3.9,3.83,3.85,3.85,0.0,0.0,12124.83,4673.785
1646,600725.SH,20130514,3.87,3.91,3.82,3.85,3.9,-0.05,-1.28,11076.86,4259.899
1647,600725.SH,20130513,3.89,3.95,3.85,3.9,3.9,0.0,0.0,19910.82,7751.053
1648,600725.SH,20130510,3.76,3.9,3.7,3.9,3.75,0.15,4.0,27832.83,10693.677
1649,600725.SH,20130509,3.82,3.83,3.73,3.75,3.82,-0.07,-1.83,14316.36,5383.086
1650,600725.SH,20130508,3.83,3.85,3.78,3.82,3.83,-0.01,-0.26,14695.74,5608.51
1651,600725.SH,20130507,3.83,3.87,3.77,3.83,3.83,0.0,0.0,15417.84,5875.136
1652,600725.SH,20130506,3.78,3.84,3.78,3.83,3.78,0.05,1.32,11527.13,4384.971
1653,600725.SH,20130503,3.7,3.81,3.7,3.78,3.73,0.05,1.34,13374.29,5059.194
1654,600725.SH,20130502,3.69,3.74,3.6,3.73,3.69,0.04,1.08,16481.82,6028.729
1655,600725.SH,20130426,3.79,3.88,3.66,3.69,3.8,-0.11,-2.89,13476.98,5065.576
1656,600725.SH,20130425,3.85,3.88,3.8,3.8,3.88,-0.08,-2.06,12906.91,4945.346
1657,600725.SH,20130424,3.84,3.91,3.81,3.88,3.84,0.04,1.04,11126.69,4292.389
1658,600725.SH,20130423,3.93,3.95,3.82,3.84,3.93,-0.09,-2.29,17124.05,6625.046
1659,600725.SH,20130422,3.9,3.94,3.88,3.93,3.94,-0.01,-0.25,14202.46,5537.35
1660,600725.SH,20130419,3.85,3.97,3.83,3.94,3.82,0.12,3.14,19522.36,7621.296
1661,600725.SH,20130418,3.82,3.86,3.79,3.82,3.82,0.0,0.0,9456.88,3619.617
1662,600725.SH,20130417,3.85,3.86,3.79,3.82,3.84,-0.02,-0.52,9451.66,3611.316
1663,600725.SH,20130416,3.79,3.87,3.73,3.84,3.82,0.02,0.52,15189.5,5776.693
1664,600725.SH,20130415,3.9,3.9,3.81,3.82,3.88,-0.06,-1.55,10300.18,3963.287
1665,600725.SH,20130412,3.87,3.97,3.84,3.88,3.93,-0.05,-1.27,13821.02,5392.669
1666,600725.SH,20130411,4.09,4.09,3.9,3.93,4.0,-0.07,-1.75,17505.85,6992.802
1667,600725.SH,20130410,3.96,4.03,3.93,4.0,3.93,0.07,1.78,17791.77,7106.412
1668,600725.SH,20130409,3.9,3.95,3.9,3.93,3.9,0.03,0.77,13084.15,5136.238
1669,600725.SH,20130408,3.9,3.91,3.73,3.9,3.92,-0.02,-0.51,28695.34,10946.486
1670,600725.SH,20130403,4.02,4.04,3.91,3.92,4.0,-0.08,-2.0,19406.51,7691.332
1671,600725.SH,20130402,4.02,4.07,3.99,4.0,3.99,0.01,0.25,16993.81,6841.631
1672,600725.SH,20130401,4.0,4.04,3.96,3.99,4.01,-0.02,-0.5,15747.57,6302.964
1673,600725.SH,20130329,4.06,4.08,3.98,4.01,4.07,-0.06,-1.47,24911.64,9996.37
1674,600725.SH,20130328,4.26,4.26,4.04,4.07,4.28,-0.21,-4.91,40170.36,16477.598
1675,600725.SH,20130327,4.28,4.34,4.26,4.28,4.3,-0.02,-0.47,16549.27,7104.335
1676,600725.SH,20130326,4.34,4.34,4.27,4.3,4.35,-0.05,-1.15,19533.99,8385.334
1677,600725.SH,20130325,4.34,4.36,4.29,4.35,4.33,0.02,0.46,24714.24,10688.227
1678,600725.SH,20130322,4.4,4.4,4.32,4.33,4.38,-0.05,-1.14,26394.3,11466.452
1679,600725.SH,20130321,4.35,4.41,4.33,4.38,4.37,0.01,0.23,29467.87,12872.813
1680,600725.SH,20130320,4.32,4.38,4.27,4.37,4.32,0.05,1.16,29094.41,12616.575
1681,600725.SH,20130319,4.27,4.35,4.25,4.32,4.27,0.05,1.17,22777.32,9772.685
1682,600725.SH,20130318,4.36,4.4,4.26,4.27,4.41,-0.14,-3.17,25142.93,10844.612
1683,600725.SH,20130315,4.5,4.55,4.39,4.41,4.53,-0.12,-2.65,38941.66,17332.74
1684,600725.SH,20130314,4.35,4.54,4.3,4.53,4.34,0.19,4.38,32197.47,14210.188
1685,600725.SH,20130313,4.32,4.38,4.26,4.34,4.36,-0.02,-0.46,18484.36,7992.83
1686,600725.SH,20130312,4.49,4.54,4.31,4.36,4.5,-0.14,-3.11,37148.46,16423.42
1687,600725.SH,20130311,4.6,4.62,4.48,4.5,4.6,-0.1,-2.17,34260.01,15544.744
1688,600725.SH,20130308,4.51,4.65,4.46,4.6,4.56,0.04,0.88,81324.45,37162.471
1689,600725.SH,20130307,4.5,4.62,4.42,4.56,4.48,0.08,1.79,95482.86,43271.804
1690,600725.SH,20130306,4.38,4.53,4.36,4.48,4.38,0.1,2.28,41101.47,18367.075
1691,600725.SH,20130305,4.22,4.48,4.22,4.38,4.25,0.13,3.06,39581.54,17308.737
1692,600725.SH,20130304,4.42,4.42,4.24,4.25,4.5,-0.25,-5.56,54393.7,23585.75
1693,600725.SH,20130301,4.45,4.59,4.38,4.5,4.45,0.05,1.12,71190.05,32044.624
1694,600725.SH,20130228,4.4,4.47,4.33,4.45,4.38,0.07,1.6,47465.79,20945.245
1695,600725.SH,20130227,4.34,4.4,4.34,4.38,4.34,0.04,0.92,29002.92,12658.743
1696,600725.SH,20130226,4.34,4.41,4.28,4.34,4.35,-0.01,-0.23,42783.82,18671.563
1697,600725.SH,20130225,4.3,4.37,4.3,4.35,4.3,0.05,1.16,25566.82,11079.756
1698,600725.SH,20130222,4.29,4.33,4.26,4.3,4.29,0.01,0.23,21986.27,9461.66
1699,600725.SH,20130221,4.36,4.36,4.26,4.29,4.41,-0.12,-2.72,45971.45,19760.727
1700,600725.SH,20130220,4.36,4.41,4.3,4.41,4.38,0.03,0.68,61493.43,26685.424
1701,600725.SH,20130219,4.47,4.52,4.35,4.38,4.51,-0.13,-2.88,33413.92,14765.572
1702,600725.SH,20130218,4.46,4.55,4.46,4.51,4.54,-0.03,-0.66,28050.59,12629.75
1703,600725.SH,20130208,4.5,4.56,4.5,4.54,4.51,0.03,0.67,26729.03,12110.317
1704,600725.SH,20130207,4.56,4.59,4.49,4.51,4.56,-0.05,-1.1,33030.24,14926.563
1705,600725.SH,20130206,4.6,4.64,4.5,4.56,4.64,-0.08,-1.72,44947.47,20485.009
1706,600725.SH,20130205,4.54,4.75,4.48,4.64,4.51,0.13,2.88,105605.0,48861.997
1707,600725.SH,20130204,4.4,4.6,4.39,4.51,4.42,0.09,2.04,77842.78,35062.887
1708,600725.SH,20130201,4.35,4.42,4.31,4.42,4.37,0.05,1.14,38593.31,16897.587
1709,600725.SH,20130131,4.45,4.46,4.33,4.37,4.43,-0.06,-1.35,46842.59,20510.657
1710,600725.SH,20130130,4.5,4.54,4.41,4.43,4.45,-0.02,-0.45,51537.92,23037.014
1711,600725.SH,20130129,4.43,4.58,4.41,4.45,4.4,0.05,1.14,59787.94,26775.853
1712,600725.SH,20130128,4.3,4.43,4.3,4.4,4.37,0.03,0.69,62419.26,27342.249
1713,600725.SH,20130125,4.3,4.39,4.26,4.37,4.46,-0.09,-2.02,65073.81,28163.356
1714,600725.SH,20130124,4.64,4.69,4.41,4.46,4.6,-0.14,-3.04,64923.21,29670.011
1715,600725.SH,20130123,4.63,4.64,4.51,4.6,4.64,-0.04,-0.86,50430.42,23022.717
1716,600725.SH,20130122,4.83,4.83,4.57,4.64,4.83,-0.19,-3.93,96568.5,45215.405
1717,600725.SH,20130121,4.7,4.93,4.7,4.83,4.77,0.06,1.26,113274.16,54590.561
1718,600725.SH,20130118,4.7,4.87,4.7,4.77,4.68,0.09,1.92,71524.83,34077.994
1719,600725.SH,20130117,4.72,4.76,4.65,4.68,4.79,-0.11,-2.3,75803.04,35611.563
1720,600725.SH,20130116,4.83,4.96,4.69,4.79,4.86,-0.07,-1.44,137072.73,65961.329
1721,600725.SH,20130115,4.84,4.92,4.75,4.86,4.94,-0.08,-1.62,179635.61,86825.804
1722,600725.SH,20130114,4.81,5.14,4.68,4.94,4.84,0.1,2.07,298835.88,145634.076
1723,600725.SH,20130111,4.89,4.9,4.74,4.84,5.04,-0.2,-3.97,268834.94,129491.315
1724,600725.SH,20130110,4.91,5.15,4.75,5.04,4.68,0.36,7.69,467899.54,232800.594
1725,600725.SH,20130109,4.38,4.68,4.38,4.68,4.25,0.43,10.12,146361.47,67470.656
1726,600725.SH,20130108,4.21,4.27,4.14,4.25,4.21,0.04,0.95,67019.9,28247.838
1727,600725.SH,20130107,4.13,4.23,4.1,4.21,4.15,0.06,1.45,44414.38,18567.169
1728,600725.SH,20130104,4.19,4.21,4.09,4.15,4.16,-0.01,-0.24,36148.32,14977.307
1729,600725.SH,20121231,4.12,4.18,4.11,4.16,4.12,0.04,0.97,34014.88,14105.415
1730,600725.SH,20121228,4.09,4.15,4.06,4.12,4.12,0.0,0.0,41345.69,16979.17
1731,600725.SH,20121227,4.2,4.24,4.11,4.12,4.17,-0.05,-1.2,62767.01,26154.177
1732,600725.SH,20121226,4.12,4.2,4.08,4.17,4.14,0.03,0.72,54900.58,22691.15
1733,600725.SH,20121225,4.03,4.15,3.98,4.14,4.03,0.11,2.73,66154.61,27077.301
1734,600725.SH,20121224,4.1,4.1,3.99,4.03,4.07,-0.04,-0.98,35828.55,14437.45
1735,600725.SH,20121221,4.04,4.25,4.02,4.07,4.05,0.02,0.49,66220.57,27309.668
1736,600725.SH,20121220,4.05,4.11,3.92,4.05,4.05,0.0,0.0,36438.34,14542.78
1737,600725.SH,20121219,4.04,4.13,4.03,4.05,4.05,0.0,0.0,35225.29,14309.183
1738,600725.SH,20121218,4.08,4.18,4.0,4.05,4.09,-0.04,-0.98,59589.68,24339.619
1739,600725.SH,20121217,4.0,4.29,3.99,4.09,4.05,0.04,0.99,85783.0,35540.656
1740,600725.SH,20121214,3.92,4.09,3.86,4.05,3.9,0.15,3.85,82557.99,33072.459
1741,600725.SH,20121213,4.0,4.04,3.88,3.9,4.06,-0.16,-3.94,49744.84,19562.811
1742,600725.SH,20121212,4.19,4.19,3.98,4.06,4.09,-0.03,-0.73,112630.75,45995.006
1743,600725.SH,20121211,3.77,4.09,3.77,4.09,3.72,0.37,9.95,90169.04,36672.509
1744,600725.SH,20121210,3.63,3.72,3.6,3.72,3.65,0.07,1.92,29489.53,10855.069
1745,600725.SH,20121207,3.55,3.68,3.52,3.65,3.52,0.13,3.69,28484.58,10301.553
1746,600725.SH,20121206,3.58,3.59,3.51,3.52,3.59,-0.07,-1.95,19703.04,6977.194
1747,600725.SH,20121205,3.41,3.66,3.41,3.59,3.43,0.16,4.66,33329.38,11875.196
1748,600725.SH,20121204,3.45,3.46,3.31,3.43,3.46,-0.03,-0.87,18394.0,6229.689
1749,600725.SH,20121203,3.5,3.57,3.46,3.46,3.55,-0.09,-2.54,10251.21,3610.906
1750,600725.SH,20121130,3.46,3.57,3.46,3.55,3.5,0.05,1.43,8470.0,2991.515
1751,600725.SH,20121129,3.52,3.6,3.49,3.5,3.55,-0.05,-1.41,8335.79,2948.334
1752,600725.SH,20121128,3.65,3.7,3.55,3.55,3.68,-0.13,-3.53,13769.76,4936.425
1753,600725.SH,20121127,3.89,3.9,3.66,3.68,3.9,-0.22,-5.64,20717.14,7804.87
1754,600725.SH,20121126,3.88,3.94,3.88,3.9,3.91,-0.01,-0.26,7893.84,3085.696
1755,600725.SH,20121123,3.9,3.95,3.89,3.91,3.9,0.01,0.26,9735.64,3814.972
1756,600725.SH,20121122,3.92,3.96,3.89,3.9,3.97,-0.07,-1.76,12762.82,5005.15
1757,600725.SH,20121121,3.9,3.99,3.88,3.97,3.9,0.07,1.79,16035.1,6342.761
1758,600725.SH,20121120,3.89,3.96,3.88,3.9,3.89,0.01,0.26,9221.7,3616.33
1759,600725.SH,20121119,3.89,3.9,3.83,3.89,3.87,0.02,0.52,8770.0,3395.605
1760,600725.SH,20121116,3.96,3.99,3.82,3.87,3.96,-0.09,-2.27,15535.84,6019.991
1761,600725.SH,20121115,4.01,4.04,3.96,3.96,4.03,-0.07,-1.74,10701.94,4271.975
1762,600725.SH,20121114,4.01,4.05,4.0,4.03,4.01,0.02,0.5,9176.08,3686.315
1763,600725.SH,20121113,4.08,4.08,4.0,4.01,4.07,-0.06,-1.47,14314.22,5762.837
1764,600725.SH,20121112,4.03,4.08,4.03,4.07,4.05,0.02,0.49,13699.06,5549.985
1765,600725.SH,20121109,4.04,4.07,4.01,4.05,4.03,0.02,0.5,11176.8,4520.078
1766,600725.SH,20121108,4.1,4.11,4.03,4.03,4.15,-0.12,-2.89,17052.72,6936.287
1767,600725.SH,20121107,4.16,4.2,4.12,4.15,4.18,-0.03,-0.72,18896.67,7852.817
1768,600725.SH,20121106,4.25,4.25,4.11,4.18,4.25,-0.07,-1.65,33021.89,13755.257
1769,600725.SH,20121105,4.15,4.34,4.13,4.25,4.15,0.1,2.41,51618.58,22031.916
1770,600725.SH,20121102,4.13,4.17,4.11,4.15,4.16,-0.01,-0.24,17106.25,7073.578
1771,600725.SH,20121101,4.09,4.17,4.07,4.16,4.08,0.08,1.96,24053.11,9938.828
1772,600725.SH,20121031,4.04,4.11,4.03,4.08,4.05,0.03,0.74,13884.13,5644.917
1773,600725.SH,20121030,4.09,4.13,4.02,4.05,4.07,-0.02,-0.49,17527.74,7143.772
1774,600725.SH,20121029,4.05,4.1,4.03,4.07,4.09,-0.02,-0.49,15929.5,6467.334
1775,600725.SH,20121026,4.33,4.33,4.0,4.09,4.38,-0.29,-6.62,63744.26,26293.555
1776,600725.SH,20121025,4.3,4.49,4.27,4.38,4.32,0.06,1.39,55362.21,24310.538
1777,600725.SH,20121024,4.34,4.39,4.28,4.32,4.35,-0.03,-0.69,47803.84,20727.419
1778,600725.SH,20121023,4.26,4.54,4.22,4.35,4.27,0.08,1.87,85502.78,37653.92
1779,600725.SH,20121022,4.22,4.28,4.18,4.27,4.25,0.02,0.47,19935.33,8440.236
1780,600725.SH,20121019,4.26,4.28,4.24,4.25,4.26,-0.01,-0.23,17105.3,7282.645
1781,600725.SH,20121018,4.17,4.28,4.15,4.26,4.18,0.08,1.91,28984.87,12289.284
1782,600725.SH,20121017,4.19,4.2,4.13,4.18,4.17,0.01,0.24,17531.29,7305.883
1783,600725.SH,20121016,4.2,4.25,4.15,4.17,4.2,-0.03,-0.71,18560.0,7798.447
1784,600725.SH,20121015,4.3,4.3,4.15,4.2,4.31,-0.11,-2.55,31488.57,13236.505
1785,600725.SH,20121012,4.29,4.33,4.21,4.31,4.25,0.06,1.41,31498.48,13487.415
1786,600725.SH,20121011,4.31,4.35,4.22,4.25,4.33,-0.08,-1.85,28793.63,12309.361
1787,600725.SH,20121010,4.27,4.37,4.25,4.33,4.25,0.08,1.88,39859.83,17197.813
1788,600725.SH,20121009,4.15,4.26,4.15,4.25,4.14,0.11,2.66,28133.2,11879.457
1789,600725.SH,20121008,4.22,4.25,4.12,4.14,4.22,-0.08,-1.9,21358.0,8887.651
1790,600725.SH,20120928,4.18,4.27,4.12,4.22,4.19,0.03,0.72,35098.39,14765.167
1791,600725.SH,20120927,4.0,4.23,3.98,4.19,4.02,0.17,4.23,33400.16,13770.59
1792,600725.SH,20120926,4.1,4.16,4.0,4.02,4.13,-0.11,-2.66,23807.73,9677.791
1793,600725.SH,20120925,4.19,4.24,4.11,4.13,4.23,-0.1,-2.36,14616.26,6088.49
1794,600725.SH,20120924,4.22,4.3,4.08,4.23,4.17,0.06,1.44,33873.93,14174.087
1795,600725.SH,20120921,4.15,4.38,4.08,4.17,4.15,0.02,0.48,38070.79,16024.916
1796,600725.SH,20120920,4.25,4.27,4.1,4.15,4.25,-0.1,-2.35,26897.92,11140.969
1797,600725.SH,20120919,4.19,4.34,4.15,4.25,4.17,0.08,1.92,24593.22,10388.1
1798,600725.SH,20120918,4.19,4.22,4.12,4.17,4.2,-0.03,-0.71,22874.46,9549.147
1799,600725.SH,20120917,4.33,4.39,4.18,4.2,4.38,-0.18,-4.11,25644.26,10929.943
1800,600725.SH,20120914,4.41,4.47,4.33,4.38,4.34,0.04,0.92,32376.32,14254.357
1801,600725.SH,20120913,4.45,4.46,4.34,4.34,4.46,-0.12,-2.69,26998.62,11879.228
1802,600725.SH,20120912,4.38,4.47,4.36,4.46,4.38,0.08,1.83,38795.92,17149.522
1803,600725.SH,20120911,4.39,4.41,4.28,4.38,4.41,-0.03,-0.68,32011.27,13908.914
1804,600725.SH,20120910,4.36,4.43,4.29,4.41,4.35,0.06,1.38,39291.75,17219.888
1805,600725.SH,20120907,4.25,4.45,4.2,4.35,4.18,0.17,4.07,50776.79,22047.005
1806,600725.SH,20120906,4.18,4.18,4.13,4.18,4.14,0.04,0.97,16735.44,6951.19
1807,600725.SH,20120905,4.1,4.15,4.06,4.14,4.13,0.01,0.24,16967.22,6975.009
1808,600725.SH,20120904,4.18,4.23,4.1,4.13,4.17,-0.04,-0.96,24708.07,10301.047
1809,600725.SH,20120903,4.09,4.19,4.09,4.17,4.13,0.04,0.97,14674.73,6096.33
1810,600725.SH,20120831,4.17,4.21,4.07,4.13,4.15,-0.02,-0.48,14709.34,6056.945
1811,600725.SH,20120830,4.13,4.2,4.05,4.15,4.17,-0.02,-0.48,22867.03,9473.774
1812,600725.SH,20120829,4.25,4.26,4.16,4.17,4.28,-0.11,-2.57,15709.73,6620.904
1813,600725.SH,20120828,4.3,4.34,4.12,4.28,4.31,-0.03,-0.7,32262.41,13707.975
1814,600725.SH,20120827,4.36,4.4,4.28,4.31,4.4,-0.09,-2.05,25066.09,10839.738
1815,600725.SH,20120824,4.5,4.51,4.4,4.4,4.55,-0.15,-3.3,28313.7,12588.429
1816,600725.SH,20120823,4.45,4.57,4.44,4.55,4.48,0.07,1.56,27748.37,12527.904
1817,600725.SH,20120822,4.54,4.55,4.43,4.48,4.54,-0.06,-1.32,22122.36,9930.518
1818,600725.SH,20120821,4.5,4.6,4.46,4.54,4.52,0.02,0.44,32246.13,14674.79
1819,600725.SH,20120820,4.49,4.54,4.4,4.52,4.55,-0.03,-0.66,29858.94,13340.476
1820,600725.SH,20120817,4.42,4.64,4.36,4.55,4.42,0.13,2.94,52013.12,23557.2
1821,600725.SH,20120816,4.45,4.49,4.38,4.42,4.49,-0.07,-1.56,29950.87,13261.313
1822,600725.SH,20120815,4.57,4.63,4.46,4.49,4.59,-0.1,-2.18,28129.89,12774.732
1823,600725.SH,20120814,4.53,4.62,4.45,4.59,4.55,0.04,0.88,36578.12,16537.935
1824,600725.SH,20120813,4.64,4.75,4.55,4.55,4.71,-0.16,-3.4,36976.4,17217.647
1825,600725.SH,20120810,4.71,4.75,4.63,4.71,4.73,-0.02,-0.42,33433.72,15667.501
1826,600725.SH,20120809,4.73,4.75,4.55,4.73,4.74,-0.01,-0.21,57987.26,27005.863
1827,600725.SH,20120808,4.72,4.88,4.71,4.74,4.74,0.0,0.0,59999.76,28744.708
1828,600725.SH,20120807,4.64,4.85,4.61,4.74,4.65,0.09,1.94,65868.96,31104.304
1829,600725.SH,20120806,4.48,4.8,4.45,4.65,4.5,0.15,3.33,54461.53,25118.643
1830,600725.SH,20120803,4.45,4.55,4.41,4.5,4.42,0.08,1.81,52622.33,23535.115
1831,600725.SH,20120802,4.49,4.52,4.38,4.42,4.52,-0.1,-2.21,26218.86,11650.402
1832,600725.SH,20120801,4.4,4.58,4.4,4.52,4.43,0.09,2.03,43739.07,19697.908
1833,600725.SH,20120731,4.73,4.73,4.3,4.43,4.77,-0.34,-7.13,74820.0,33173.53
1834,600725.SH,20120730,5.01,5.04,4.71,4.77,5.12,-0.35,-6.84,117239.26,57072.611
1835,600725.SH,20120727,4.76,5.21,4.72,5.12,4.74,0.38,8.02,175205.64,90108.981
1836,600725.SH,20120726,4.73,4.84,4.68,4.74,4.73,0.01,0.21,23931.83,11405.266
1837,600725.SH,20120725,4.72,4.86,4.7,4.73,4.8,-0.07,-1.46,18671.68,8892.764
1838,600725.SH,20120724,4.72,4.91,4.66,4.8,4.78,0.02,0.42,26537.2,12728.218
1839,600725.SH,20120723,4.8,4.97,4.62,4.78,4.87,-0.09,-1.85,37702.11,18070.701
1840,600725.SH,20120720,5.0,5.0,4.85,4.87,5.01,-0.14,-2.79,38987.84,19150.168
1841,600725.SH,20120719,4.98,5.14,4.93,5.01,5.04,-0.03,-0.6,63454.31,31939.326
1842,600725.SH,20120718,5.03,5.08,4.82,5.04,5.08,-0.04,-0.79,58704.5,29028.222
1843,600725.SH,20120717,5.0,5.14,4.93,5.08,5.14,-0.06,-1.17,73579.04,37083.338
1844,600725.SH,20120716,5.15,5.34,4.87,5.14,5.12,0.02,0.39,170941.49,87113.237
1845,600725.SH,20120713,5.12,5.12,5.12,5.12,4.65,0.47,10.11,102681.7,52573.03
1846,600725.SH,20120711,4.45,4.66,4.44,4.65,4.5,0.15,3.33,15180.38,6957.912
1847,600725.SH,20120710,4.54,4.55,4.45,4.5,4.53,-0.03,-0.66,14470.72,6506.676
1848,600725.SH,20120709,4.73,4.73,4.51,4.53,4.76,-0.23,-4.83,16378.0,7552.17
1849,600725.SH,20120706,4.69,4.79,4.59,4.76,4.67,0.09,1.93,17992.87,8414.707
1850,600725.SH,20120705,4.91,4.91,4.61,4.67,4.96,-0.29,-5.85,21718.2,10235.463
1851,600725.SH,20120704,5.01,5.03,4.93,4.96,4.99,-0.03,-0.6,9019.73,4480.086
1852,600725.SH,20120703,4.99,5.05,4.98,4.99,4.98,0.01,0.2,8734.76,4378.26
1853,600725.SH,20120702,4.97,5.08,4.95,4.98,4.94,0.04,0.81,8495.6,4243.41
1854,600725.SH,20120629,4.88,4.97,4.8,4.94,4.88,0.06,1.23,11090.39,5420.659
1855,600725.SH,20120628,4.97,5.03,4.86,4.88,4.97,-0.09,-1.81,7218.3,3578.897
1856,600725.SH,20120627,5.05,5.06,4.96,4.97,5.01,-0.04,-0.8,7029.4,3521.264
1857,600725.SH,20120626,5.02,5.03,4.95,5.01,5.02,-0.01,-0.2,11761.59,5862.48
1858,600725.SH,20120625,5.12,5.15,5.01,5.02,5.12,-0.1,-1.95,12063.4,6119.964
1859,600725.SH,20120621,5.25,5.28,5.11,5.12,5.25,-0.13,-2.48,16247.21,8369.876
1860,600725.SH,20120620,5.33,5.37,5.24,5.25,5.32,-0.07,-1.32,11370.5,6016.443
1861,600725.SH,20120619,5.38,5.4,5.31,5.32,5.38,-0.06,-1.12,13132.53,7016.492
1862,600725.SH,20120618,5.34,5.48,5.34,5.38,5.34,0.04,0.75,15671.97,8465.885
1863,600725.SH,20120615,5.35,5.39,5.27,5.34,5.35,-0.01,-0.19,19819.2,10585.269
1864,600725.SH,20120614,5.46,5.48,5.32,5.35,5.5,-0.15,-2.73,26190.51,14143.373
1865,600725.SH,20120613,5.46,5.56,5.35,5.5,5.46,0.04,0.73,33068.64,18040.209
1866,600725.SH,20120612,5.58,5.58,5.41,5.46,5.59,-0.13,-2.33,20196.74,11017.343
1867,600725.SH,20120611,5.56,5.85,5.37,5.59,5.53,0.06,1.09,39051.17,21872.664
1868,600725.SH,20120608,5.44,5.55,5.36,5.53,5.37,0.16,2.98,41919.1,22925.922
1869,600725.SH,20120607,5.5,5.53,5.31,5.37,5.46,-0.09,-1.65,11867.08,6440.824
1870,600725.SH,20120606,5.47,5.55,5.41,5.46,5.45,0.01,0.18,17656.68,9699.047
1871,600725.SH,20120605,5.42,5.47,5.35,5.45,5.42,0.03,0.55,9605.33,5202.555
1872,600725.SH,20120604,5.53,5.53,5.3,5.42,5.62,-0.2,-3.56,20736.28,11238.173
1873,600725.SH,20120601,5.7,5.85,5.63,5.67,5.75,-0.08,-1.39,27925.41,15952.09
1874,600725.SH,20120531,5.56,5.8,5.51,5.75,5.56,0.19,3.42,39197.74,22194.893
1875,600725.SH,20120530,5.5,5.68,5.5,5.56,5.54,0.02,0.36,23997.39,13457.303
1876,600725.SH,20120529,5.39,5.57,5.36,5.54,5.42,0.12,2.21,25078.72,13811.914
1877,600725.SH,20120528,5.35,5.44,5.21,5.42,5.39,0.03,0.56,19895.72,10578.381
1878,600725.SH,20120525,5.48,5.48,5.26,5.39,5.45,-0.06,-1.1,29738.84,15873.273
1879,600725.SH,20120524,5.65,5.65,5.43,5.45,5.62,-0.17,-3.02,15986.47,8823.404
1880,600725.SH,20120523,5.59,5.68,5.52,5.62,5.63,-0.01,-0.18,17045.41,9569.836
1881,600725.SH,20120522,5.59,5.65,5.51,5.63,5.57,0.06,1.08,19276.69,10774.852
1882,600725.SH,20120521,5.49,5.61,5.3,5.57,5.51,0.06,1.09,22136.19,12160.828
1883,600725.SH,20120518,5.5,5.62,5.47,5.51,5.54,-0.03,-0.54,22326.66,12355.804
1884,600725.SH,20120517,5.4,5.59,5.39,5.54,5.45,0.09,1.65,19770.02,10830.284
1885,600725.SH,20120516,5.5,5.5,5.32,5.45,5.51,-0.06,-1.09,25548.51,13742.08
1886,600725.SH,20120515,5.57,5.57,5.33,5.51,5.58,-0.07,-1.25,28779.01,15626.205
1887,600725.SH,20120514,5.65,5.7,5.57,5.58,5.61,-0.03,-0.53,20673.49,11639.185
1888,600725.SH,20120511,5.72,5.81,5.6,5.61,5.7,-0.09,-1.58,20875.45,11921.823
1889,600725.SH,20120510,5.73,5.79,5.61,5.7,5.75,-0.05,-0.87,21717.33,12357.117
1890,600725.SH,20120509,5.8,5.8,5.68,5.75,5.85,-0.1,-1.71,30434.54,17424.608
1891,600725.SH,20120508,5.68,5.92,5.55,5.85,5.69,0.16,2.81,67796.09,39076.09
1892,600725.SH,20120507,5.59,5.72,5.54,5.69,5.65,0.04,0.71,42117.34,23676.036
1893,600725.SH,20120504,5.35,5.79,5.33,5.65,5.35,0.3,5.61,97821.5,54164.841
1894,600725.SH,20120503,5.36,5.42,5.29,5.35,5.36,-0.01,-0.19,41472.0,22218.701
1895,600725.SH,20120502,5.38,5.44,5.28,5.36,5.28,0.08,1.52,40062.86,21506.087
1896,600725.SH,20120427,5.37,5.37,5.26,5.28,5.33,-0.05,-0.94,19610.37,10412.838
1897,600725.SH,20120426,5.25,5.4,5.22,5.33,5.25,0.08,1.52,38349.38,20371.317
1898,600725.SH,20120425,5.21,5.27,5.11,5.25,5.19,0.06,1.16,37208.62,19399.148
1899,600725.SH,20120424,5.29,5.37,5.08,5.19,5.33,-0.14,-2.63,39981.65,20794.147
1900,600725.SH,20120423,5.57,5.61,5.31,5.33,5.62,-0.29,-5.16,58790.47,31956.14
1901,600725.SH,20120420,5.59,5.66,5.55,5.62,5.61,0.01,0.18,37053.79,20824.287
1902,600725.SH,20120419,5.6,5.66,5.58,5.61,5.63,-0.02,-0.36,26622.42,14946.285
1903,600725.SH,20120418,5.51,5.65,5.46,5.63,5.5,0.13,2.36,29772.03,16620.515
1904,600725.SH,20120417,5.65,5.67,5.5,5.5,5.65,-0.15,-2.65,22062.79,12284.603
1905,600725.SH,20120416,5.57,5.66,5.52,5.65,5.63,0.02,0.36,35515.16,19881.841
1906,600725.SH,20120413,5.47,5.68,5.45,5.63,5.36,0.27,5.04,72222.1,40188.714
1907,600725.SH,20120411,5.28,5.4,5.2,5.36,5.49,-0.13,-2.37,37815.46,20170.819
1908,600725.SH,20120410,5.3,5.51,5.27,5.49,5.31,0.18,3.39,24943.56,13445.316
1909,600725.SH,20120409,5.45,5.49,5.3,5.31,5.45,-0.14,-2.57,17926.21,9670.478
1910,600725.SH,20120406,5.41,5.53,5.38,5.45,5.4,0.05,0.93,20084.43,10966.098
1911,600725.SH,20120405,5.3,5.43,5.23,5.4,5.24,0.16,3.05,22289.65,11943.016
1912,600725.SH,20120330,5.25,5.34,5.16,5.24,5.27,-0.03,-0.57,18784.1,9856.219
1913,600725.SH,20120329,5.46,5.5,5.0,5.27,5.52,-0.25,-4.53,44746.69,23716.972
1914,600725.SH,20120328,5.88,5.88,5.51,5.52,5.91,-0.39,-6.6,44978.91,25469.987
1915,600725.SH,20120327,5.86,5.99,5.82,5.91,5.79,0.12,2.07,43047.94,25507.847
1916,600725.SH,20120326,5.77,5.85,5.73,5.79,5.76,0.03,0.52,20303.78,11719.194
1917,600725.SH,20120323,5.85,5.92,5.74,5.76,5.85,-0.09,-1.54,35827.05,20887.46
1918,600725.SH,20120322,5.96,5.99,5.84,5.85,5.96,-0.11,-1.85,34413.6,20283.702
1919,600725.SH,20120321,5.9,6.01,5.84,5.96,5.86,0.1,1.71,43157.78,25545.334
1920,600725.SH,20120320,6.06,6.15,5.84,5.86,6.09,-0.23,-3.78,74242.27,44461.544
1921,600725.SH,20120319,6.03,6.11,5.95,6.09,6.03,0.06,1.0,54454.07,32791.958
1922,600725.SH,20120316,5.86,6.04,5.83,6.03,5.87,0.16,2.73,39951.7,23792.039
1923,600725.SH,20120315,6.05,6.17,5.8,5.87,6.04,-0.17,-2.81,75729.74,45109.97
1924,600725.SH,20120314,6.57,6.61,6.01,6.04,6.55,-0.51,-7.79,107972.78,68457.491
1925,600725.SH,20120313,6.48,6.57,6.4,6.55,6.46,0.09,1.39,68614.94,44562.679
1926,600725.SH,20120312,6.38,6.5,6.33,6.46,6.38,0.08,1.25,67439.35,43293.264
1927,600725.SH,20120309,6.27,6.4,6.2,6.38,6.2,0.18,2.9,82128.62,51915.574
1928,600725.SH,20120308,6.07,6.23,6.07,6.2,6.05,0.15,2.48,52026.09,32152.325
1929,600725.SH,20120307,5.97,6.18,5.93,6.05,6.07,-0.02,-0.33,42794.5,26104.766
1930,600725.SH,20120306,6.22,6.22,6.04,6.07,6.22,-0.15,-2.41,35360.7,21554.328
1931,600725.SH,20120305,6.16,6.28,6.13,6.22,6.16,0.06,0.97,56096.71,34884.944
1932,600725.SH,20120302,6.03,6.21,6.02,6.16,6.02,0.14,2.33,42980.99,26390.339
1933,600725.SH,20120301,5.98,6.07,5.97,6.02,6.01,0.01,0.17,27404.4,16509.269
1934,600725.SH,20120229,5.99,6.09,5.97,6.01,6.04,-0.03,-0.5,40630.76,24454.943
1935,600725.SH,20120228,6.15,6.21,6.0,6.04,6.22,-0.18,-2.89,64027.21,38900.732
1936,600725.SH,20120227,6.17,6.31,6.11,6.22,6.15,0.07,1.14,97206.34,60398.575
1937,600725.SH,20120224,6.14,6.22,6.0,6.15,6.13,0.02,0.33,82129.31,50378.889
1938,600725.SH,20120223,5.99,6.18,5.93,6.13,5.99,0.14,2.34,108303.06,65732.223
1939,600725.SH,20120222,5.88,6.01,5.84,5.99,5.88,0.11,1.87,66079.64,39279.131
1940,600725.SH,20120221,5.77,5.92,5.66,5.88,5.77,0.11,1.91,54429.93,31392.225
1941,600725.SH,20120220,5.89,5.94,5.76,5.77,5.82,-0.05,-0.86,51678.74,30222.963
1942,600725.SH,20120217,5.94,5.95,5.76,5.82,5.91,-0.09,-1.52,39537.1,23096.448
1943,600725.SH,20120216,5.94,6.11,5.81,5.91,5.99,-0.08,-1.34,83018.76,49395.608
1944,600725.SH,20120215,5.8,6.0,5.75,5.99,5.81,0.18,3.1,99221.13,58394.915
1945,600725.SH,20120214,5.71,5.9,5.67,5.81,5.74,0.07,1.22,87933.85,51102.729
1946,600725.SH,20120213,5.57,5.77,5.5,5.74,5.63,0.11,1.95,83618.17,47409.503
1947,600725.SH,20120210,5.57,5.73,5.52,5.63,5.63,0.0,0.0,60570.29,33975.247
1948,600725.SH,20120209,5.54,5.8,5.53,5.63,5.59,0.04,0.72,80438.0,45535.858
1949,600725.SH,20120208,5.33,5.69,5.29,5.59,5.34,0.25,4.68,54731.85,30122.882
1950,600725.SH,20120207,5.5,5.51,5.23,5.34,5.52,-0.18,-3.26,44458.27,23733.824
1951,600725.SH,20120206,5.41,5.62,5.41,5.52,5.41,0.11,2.03,55936.64,30859.604
1952,600725.SH,20120203,5.28,5.45,5.25,5.41,5.29,0.12,2.27,40826.63,21955.236
1953,600725.SH,20120202,5.17,5.34,5.16,5.29,5.17,0.12,2.32,30657.59,16126.841
1954,600725.SH,20120201,5.21,5.29,5.16,5.17,5.23,-0.06,-1.15,19493.8,10175.078
1955,600725.SH,20120131,5.2,5.25,5.1,5.23,5.22,0.01,0.19,20480.25,10600.87
1956,600725.SH,20120130,5.38,5.38,5.21,5.22,5.33,-0.11,-2.06,27739.3,14598.346
1957,600725.SH,20120120,5.29,5.36,5.21,5.33,5.29,0.04,0.76,42331.37,22431.13
1958,600725.SH,20120119,5.17,5.35,5.17,5.29,5.21,0.08,1.54,40621.3,21436.003
1959,600725.SH,20120118,5.34,5.45,5.18,5.21,5.32,-0.11,-2.07,63886.27,33899.274
1960,600725.SH,20120117,4.95,5.35,4.87,5.32,4.93,0.39,7.91,72368.35,37190.6
1961,600725.SH,20120116,4.93,5.21,4.86,4.93,5.01,-0.08,-1.6,61911.13,31308.599
1962,600725.SH,20120113,5.39,5.44,5.0,5.01,5.48,-0.47,-8.58,102497.37,53179.761
1963,600725.SH,20120112,5.17,5.69,5.07,5.48,5.17,0.31,6.0,174111.66,95795.857
1964,600725.SH,20120111,5.11,5.25,5.07,5.17,5.2,-0.03,-0.58,61619.76,31826.93
1965,600725.SH,20120110,4.79,5.23,4.76,5.2,4.87,0.33,6.78,94481.11,47694.765
1966,600725.SH,20120109,4.5,4.93,4.5,4.87,4.54,0.33,7.27,56095.05,26641.992
1967,600725.SH,20120106,4.5,4.6,4.37,4.54,4.49,0.05,1.11,29402.79,13212.406
1968,600725.SH,20120105,4.96,4.98,4.47,4.49,4.97,-0.48,-9.66,72736.7,33469.136
1969,600725.SH,20120104,5.15,5.17,4.96,4.97,5.08,-0.11,-2.17,21298.65,10808.032
1970,600725.SH,20111230,5.03,5.11,5.03,5.08,5.03,0.05,0.99,28748.54,14575.242
1971,600725.SH,20111229,5.02,5.09,4.98,5.03,5.02,0.01,0.2,19588.65,9871.968
1972,600725.SH,20111228,5.1,5.1,4.96,5.02,5.14,-0.12,-2.33,29019.23,14525.17
1973,600725.SH,20111227,5.29,5.32,5.12,5.14,5.33,-0.19,-3.56,22710.61,11780.318
1974,600725.SH,20111226,5.38,5.43,5.3,5.33,5.37,-0.04,-0.74,19600.86,10521.536
1975,600725.SH,20111223,5.24,5.48,5.24,5.37,5.31,0.06,1.13,21322.36,11481.363
1976,600725.SH,20111222,5.43,5.49,5.15,5.31,5.53,-0.22,-3.98,42856.96,22756.446
1977,600725.SH,20111221,5.63,5.77,5.52,5.53,5.61,-0.08,-1.43,34919.47,19839.009
1978,600725.SH,20111220,5.58,5.73,5.56,5.61,5.64,-0.03,-0.53,33548.0,18969.222
1979,600725.SH,20111219,5.66,5.66,5.45,5.64,5.7,-0.06,-1.05,37667.08,20932.938
1980,600725.SH,20111216,5.55,5.71,5.5,5.7,5.53,0.17,3.07,36530.7,20465.034
1981,600725.SH,20111215,5.8,5.87,5.41,5.53,5.87,-0.34,-5.79,47895.58,26951.314
1982,600725.SH,20111214,6.0,6.09,5.86,5.87,6.16,-0.29,-4.71,53962.22,32219.373
1983,600725.SH,20111213,6.52,6.62,6.16,6.16,6.84,-0.68,-9.94,116097.96,72361.72
1984,600725.SH,20111212,7.35,7.54,6.78,6.84,7.53,-0.69,-9.16,176893.89,126236.704
1985,600725.SH,20111209,7.39,7.87,7.02,7.53,7.16,0.37,5.17,233325.66,172999.798
1986,600725.SH,20111202,7.05,7.28,7.0,7.16,7.12,0.04,0.56,65970.37,47040.905
1987,600725.SH,20111201,6.88,7.27,6.82,7.12,6.76,0.36,5.33,89211.91,63092.366
1988,600725.SH,20111130,6.74,6.83,6.46,6.76,6.76,0.0,0.0,55806.34,37302.453
1989,600725.SH,20111129,6.72,6.8,6.67,6.76,6.62,0.14,2.11,19812.4,13344.03
1990,600725.SH,20111128,6.7,6.75,6.6,6.62,6.66,-0.04,-0.6,11690.12,7775.97
1991,600725.SH,20111125,6.75,6.8,6.64,6.66,6.76,-0.1,-1.48,14401.51,9662.444
1992,600725.SH,20111124,6.8,6.87,6.65,6.76,6.85,-0.09,-1.31,19751.99,13348.39
1993,600725.SH,20111123,6.89,6.98,6.83,6.85,6.89,-0.04,-0.58,21486.15,14837.525
1994,600725.SH,20111122,6.85,7.0,6.67,6.89,6.89,0.0,0.0,32768.79,22411.749
1995,600725.SH,20111121,6.8,6.98,6.7,6.89,6.77,0.12,1.77,32261.06,22094.948
1996,600725.SH,20111118,6.91,6.92,6.66,6.77,6.96,-0.19,-2.73,35513.67,23995.879
1997,600725.SH,20111117,6.95,7.18,6.86,6.96,6.93,0.03,0.43,36803.99,25707.559
1998,600725.SH,20111116,7.41,7.41,6.92,6.93,7.39,-0.46,-6.22,65781.88,46858.281
1999,600725.SH,20111115,7.28,7.46,7.21,7.39,7.36,0.03,0.41,49511.49,36357.764
2000,600725.SH,20111114,7.22,7.37,7.11,7.36,7.16,0.2,2.79,58913.7,42691.385
2001,600725.SH,20111111,7.03,7.18,7.01,7.16,7.08,0.08,1.13,59538.78,42283.037
2002,600725.SH,20111110,7.07,7.16,6.95,7.08,7.16,-0.08,-1.12,78501.93,55297.46
2003,600725.SH,20111109,6.83,7.2,6.8,7.16,6.85,0.31,4.53,99299.93,69470.222
2004,600725.SH,20111108,6.69,7.05,6.66,6.85,6.71,0.14,2.09,80784.0,55673.824
2005,600725.SH,20111107,6.71,6.83,6.58,6.71,6.75,-0.04,-0.59,39604.56,26642.195
2006,600725.SH,20111104,6.82,7.0,6.71,6.75,6.67,0.08,1.2,56890.14,38806.237
2007,600725.SH,20111103,6.62,6.82,6.61,6.67,6.62,0.05,0.76,74908.41,50341.346
2008,600725.SH,20111102,6.5,6.64,6.39,6.62,6.6,0.02,0.3,43885.69,28527.219
2009,600725.SH,20111101,6.45,6.7,6.45,6.6,6.57,0.03,0.46,45184.11,29642.434
2010,600725.SH,20111031,6.7,6.7,6.49,6.57,6.72,-0.15,-2.23,52172.51,34285.69
2011,600725.SH,20111028,6.63,6.8,6.54,6.72,6.63,0.09,1.36,80715.66,53796.554
2012,600725.SH,20111027,6.29,6.67,6.28,6.63,6.32,0.31,4.91,67224.19,43388.937
2013,600725.SH,20111026,6.22,6.38,6.16,6.32,6.29,0.03,0.48,51720.65,32582.923
2014,600725.SH,20111025,6.12,6.33,6.08,6.29,6.08,0.21,3.45,43791.26,27348.412
2015,600725.SH,20111024,6.03,6.13,5.85,6.08,5.99,0.09,1.5,25602.95,15382.749
2016,600725.SH,20111021,6.04,6.08,5.97,5.99,6.04,-0.05,-0.83,18623.69,11200.186
2017,600725.SH,20111020,6.24,6.24,5.96,6.04,6.23,-0.19,-3.05,37499.0,22703.954
2018,600725.SH,20111019,6.23,6.3,6.15,6.23,6.22,0.01,0.16,20270.56,12602.229
2019,600725.SH,20111018,6.48,6.49,6.21,6.22,6.58,-0.36,-5.47,43110.02,27262.537
2020,600725.SH,20111014,6.54,6.72,6.46,6.58,6.54,0.04,0.61,44237.88,29232.293
2021,600725.SH,20111013,6.43,6.56,6.36,6.54,6.45,0.09,1.4,48645.97,31552.029
2022,600725.SH,20111012,6.25,6.48,6.08,6.45,6.29,0.16,2.54,60123.61,38097.726
2023,600725.SH,20111011,6.92,6.98,6.15,6.29,6.83,-0.54,-7.91,94494.22,61485.16
2024,600725.SH,20111010,6.93,6.95,6.8,6.83,6.85,-0.02,-0.29,20499.6,14096.091
2025,600725.SH,20110930,6.8,6.92,6.68,6.85,6.79,0.06,0.88,41339.55,28070.737
2026,600725.SH,20110929,7.11,7.14,6.77,6.79,7.21,-0.42,-5.83,65630.86,46076.033
2027,600725.SH,20110928,7.49,7.6,7.2,7.21,7.54,-0.33,-4.38,89274.57,65926.004
2028,600725.SH,20110927,8.0,8.01,7.5,7.54,7.94,-0.4,-5.04,146980.92,114028.081
2029,600725.SH,20110926,8.01,8.02,7.75,7.94,8.02,-0.08,-1.0,138078.2,109229.74
2030,600725.SH,20110923,7.84,8.06,7.67,8.02,7.98,0.04,0.5,124962.64,98177.184
2031,600725.SH,20110922,8.05,8.11,7.85,7.98,8.11,-0.13,-1.6,128546.0,102804.143
2032,600725.SH,20110921,7.93,8.21,7.78,8.11,7.88,0.23,2.92,169534.8,136120.276
2033,600725.SH,20110920,7.68,7.99,7.62,7.88,7.72,0.16,2.07,56936.01,44315.62
2034,600725.SH,20110919,7.69,7.89,7.69,7.72,7.75,-0.03,-0.39,50485.32,39251.663
2035,600725.SH,20110916,7.59,7.88,7.57,7.75,7.61,0.14,1.84,74508.54,58015.599
2036,600725.SH,20110915,7.69,7.83,7.61,7.61,7.68,-0.07,-0.91,79111.04,61174.735
2037,600725.SH,20110914,7.34,7.69,7.34,7.68,7.33,0.35,4.77,91613.19,69246.696
2038,600725.SH,20110913,7.2,7.34,7.1,7.33,7.33,0.0,0.0,31604.4,22765.886
2039,600725.SH,20110909,7.45,7.6,7.3,7.33,7.47,-0.14,-1.87,39244.95,29119.35
2040,600725.SH,20110908,7.63,7.67,7.46,7.47,7.6,-0.13,-1.71,49214.96,37125.717
2041,600725.SH,20110907,7.4,7.65,7.3,7.6,7.3,0.3,4.11,73445.92,55243.998
2042,600725.SH,20110906,7.12,7.48,7.1,7.3,7.18,0.12,1.67,42746.58,31089.939
2043,600725.SH,20110905,7.15,7.29,7.09,7.18,7.21,-0.03,-0.42,34535.58,24913.204
2044,600725.SH,20110902,7.36,7.43,7.1,7.21,7.37,-0.16,-2.17,27713.57,20061.473
2045,600725.SH,20110901,7.52,7.56,7.35,7.37,7.52,-0.15,-1.99,27233.93,20313.918
2046,600725.SH,20110831,7.46,7.53,7.4,7.52,7.44,0.08,1.08,24928.72,18619.565
2047,600725.SH,20110830,7.69,7.8,7.44,7.44,7.61,-0.17,-2.23,46662.03,35570.762
2048,600725.SH,20110829,7.51,7.71,7.46,7.61,7.57,0.04,0.53,61195.87,46475.349
2049,600725.SH,20110826,7.57,7.61,7.49,7.57,7.57,0.0,0.0,35445.64,26766.037
2050,600725.SH,20110825,7.42,7.58,7.39,7.57,7.4,0.17,2.3,48880.47,36712.474
2051,600725.SH,20110824,7.39,7.52,7.33,7.4,7.34,0.06,0.82,51804.95,38506.889
2052,600725.SH,20110823,7.21,7.34,7.15,7.34,7.15,0.19,2.66,33600.53,24353.657
2053,600725.SH,20110822,7.14,7.31,7.13,7.15,7.14,0.01,0.14,42753.4,30862.647
2054,600725.SH,20110819,7.03,7.2,7.03,7.14,7.27,-0.13,-1.79,34925.78,24912.971
2055,600725.SH,20110818,7.5,7.5,7.26,7.27,7.51,-0.24,-3.2,60586.65,44500.611
2056,600725.SH,20110817,7.63,7.63,7.48,7.51,7.63,-0.12,-1.57,46620.34,35101.712
2057,600725.SH,20110816,7.72,7.73,7.56,7.63,7.71,-0.08,-1.04,55497.41,42407.876
2058,600725.SH,20110815,7.66,7.72,7.57,7.71,7.59,0.12,1.58,56298.17,43032.411
2059,600725.SH,20110812,7.61,7.72,7.55,7.59,7.57,0.02,0.26,66255.62,50417.926
2060,600725.SH,20110811,7.3,7.61,7.0,7.57,7.47,0.1,1.34,71212.66,52878.907
2061,600725.SH,20110810,7.53,7.68,7.39,7.47,7.39,0.08,1.08,70689.37,53267.472
2062,600725.SH,20110809,7.26,7.53,6.99,7.39,7.62,-0.23,-3.02,78109.49,56564.866
2063,600725.SH,20110808,8.31,8.31,7.62,7.62,8.47,-0.85,-10.04,127089.79,99678.818
2064,600725.SH,20110805,8.43,8.56,8.32,8.47,8.7,-0.23,-2.64,47895.54,40583.898
2065,600725.SH,20110804,8.76,8.88,8.67,8.7,8.78,-0.08,-0.91,44859.9,39262.301
2066,600725.SH,20110803,8.53,8.8,8.45,8.78,8.64,0.14,1.62,49998.2,43367.945
2067,600725.SH,20110802,8.8,8.8,8.44,8.64,8.95,-0.31,-3.46,91093.44,78287.614
2068,600725.SH,20110801,8.81,9.03,8.81,8.95,8.99,-0.04,-0.44,49870.69,44634.189
2069,600725.SH,20110729,9.2,9.2,8.89,8.99,9.14,-0.15,-1.64,56225.09,50872.064
2070,600725.SH,20110728,9.12,9.24,9.02,9.14,9.22,-0.08,-0.87,59446.66,54136.444
2071,600725.SH,20110727,9.06,9.24,8.91,9.22,9.05,0.17,1.88,63424.04,57899.588
2072,600725.SH,20110726,9.02,9.13,8.83,9.05,9.06,-0.01,-0.11,67194.65,60601.826
2073,600725.SH,20110725,9.86,9.87,9.01,9.06,10.01,-0.95,-9.49,161065.7,150854.643
2074,600725.SH,20110722,10.13,10.2,9.9,10.01,10.07,-0.06,-0.6,100777.74,100737.421
2075,600725.SH,20110721,10.03,10.47,10.02,10.07,9.97,0.1,1.0,221663.41,226473.084
2076,600725.SH,20110720,9.8,9.98,9.71,9.97,9.8,0.17,1.73,128115.59,126322.858
2077,600725.SH,20110719,9.6,10.04,9.57,9.8,9.68,0.12,1.24,171967.78,169236.66
2078,600725.SH,20110718,9.81,9.94,9.61,9.68,9.75,-0.07,-0.72,77279.03,75409.717
2079,600725.SH,20110715,9.6,9.77,9.59,9.75,9.65,0.1,1.04,96904.76,94032.243
2080,600725.SH,20110714,9.6,9.74,9.5,9.65,9.6,0.05,0.52,81379.83,78230.297
2081,600725.SH,20110713,9.39,9.63,9.39,9.6,9.34,0.26,2.78,90255.3,86129.758
2082,600725.SH,20110712,9.48,9.48,9.27,9.34,9.57,-0.23,-2.4,73386.65,68924.679
2083,600725.SH,20110711,9.46,9.58,9.34,9.57,9.6,-0.03,-0.31,109765.41,103669.061
2084,600725.SH,20110708,9.68,9.7,9.49,9.6,9.67,-0.07,-0.72,78897.19,75669.315
2085,600725.SH,20110707,9.56,9.75,9.5,9.67,9.57,0.1,1.04,114424.8,110341.888
2086,600725.SH,20110706,9.55,9.63,9.44,9.57,9.6,-0.03,-0.31,78626.59,74795.579
2087,600725.SH,20110705,9.6,9.78,9.48,9.6,9.59,0.01,0.1,109515.6,105393.812
2088,600725.SH,20110704,9.47,9.65,9.35,9.59,9.44,0.15,1.59,134767.18,128354.217
2089,600725.SH,20110701,9.23,9.47,9.23,9.44,9.22,0.22,2.39,97679.59,91448.962
2090,600725.SH,20110630,9.17,9.4,9.14,9.22,9.13,0.09,0.99,61711.14,57289.266
2091,600725.SH,20110629,9.38,9.46,9.05,9.13,9.37,-0.24,-2.56,59089.73,54990.614
2092,600725.SH,20110628,9.42,9.5,9.34,9.37,9.37,0.0,0.0,82018.55,77211.688
2093,600725.SH,20110627,9.18,9.38,9.11,9.37,9.2,0.17,1.85,77066.04,71389.399
2094,600725.SH,20110624,8.93,9.38,8.89,9.2,9.06,0.14,1.55,80415.38,73750.555
2095,600725.SH,20110623,9.03,9.07,8.69,9.06,9.05,0.01,0.11,72084.2,63882.561
2096,600725.SH,20110622,9.53,9.54,9.03,9.05,9.5,-0.45,-4.74,101343.27,93355.586
2097,600725.SH,20110621,9.56,9.78,9.28,9.5,9.53,-0.03,-0.31,144050.85,137182.891
2098,600725.SH,20110620,9.38,9.55,9.11,9.53,9.37,0.16,1.71,133853.16,125501.286
2099,600725.SH,20110617,9.54,9.54,9.27,9.37,9.41,-0.04,-0.43,122320.83,114985.21
2100,600725.SH,20110616,9.46,9.63,9.3,9.41,9.52,-0.11,-1.16,92668.8,87577.417
2101,600725.SH,20110615,9.31,9.77,9.29,9.52,9.39,0.13,1.38,124283.46,117950.309
2102,600725.SH,20110614,9.08,9.48,9.04,9.39,9.11,0.28,3.07,82025.72,75864.603
2103,600725.SH,20110613,8.88,9.13,8.81,9.11,8.96,0.15,1.67,35989.38,32393.158
2104,600725.SH,20110610,8.92,9.05,8.76,8.96,8.99,-0.03,-0.33,34416.7,30677.665
2105,600725.SH,20110609,9.1,9.34,8.97,8.99,9.12,-0.13,-1.43,51885.43,47360.723
2106,600725.SH,20110608,9.14,9.18,9.01,9.12,9.23,-0.11,-1.19,42051.83,38236.032
2107,600725.SH,20110607,9.13,9.5,9.09,9.23,9.14,0.09,0.98,82796.2,76831.418
2108,600725.SH,20110603,8.94,9.23,8.94,9.14,9.04,0.1,1.11,48714.83,44421.815
2109,600725.SH,20110602,8.92,9.08,8.64,9.04,9.05,-0.01,-0.11,54266.57,48150.838
2110,600725.SH,20110601,8.86,9.09,8.75,9.05,8.92,0.13,1.46,50338.17,45237.88
2111,600725.SH,20110531,8.63,8.94,8.62,8.92,8.63,0.29,3.36,39013.85,34148.449
2112,600725.SH,20110530,8.73,8.93,8.59,8.63,8.8,-0.17,-1.93,39308.62,34399.08
2113,600725.SH,20110527,9.08,9.09,8.73,8.8,9.07,-0.27,-2.98,44149.39,39219.959
2114,600725.SH,20110526,9.49,9.58,9.05,9.07,9.4,-0.33,-3.51,63743.56,59098.605
2115,600725.SH,20110525,9.64,9.64,9.35,9.4,9.59,-0.19,-1.98,46150.48,43568.475
2116,600725.SH,20110524,9.65,9.92,9.43,9.59,9.74,-0.15,-1.54,90819.14,87955.55
2117,600725.SH,20110523,9.72,9.94,9.5,9.74,9.78,-0.04,-0.41,86040.08,83776.418
2118,600725.SH,20110520,9.9,9.95,9.59,9.78,9.89,-0.11,-1.11,37066.06,36054.701
2119,600725.SH,20110519,10.11,10.18,9.97,9.99,10.09,-0.1,-0.99,43406.37,43758.544
2120,600725.SH,20110518,9.9,10.14,9.75,10.09,9.93,0.16,1.61,47262.83,47298.172
2121,600725.SH,20110517,10.05,10.16,9.69,9.93,10.16,-0.23,-2.26,77191.81,76666.565
2122,600725.SH,20110516,10.07,10.35,10.05,10.16,10.08,0.08,0.79,76159.91,77565.784
2123,600725.SH,20110513,9.9,10.16,9.9,10.08,9.88,0.2,2.02,75613.92,76037.736
2124,600725.SH,20110512,9.85,10.11,9.84,9.88,10.01,-0.13,-1.3,64444.99,64241.828
2125,600725.SH,20110511,9.88,10.1,9.76,10.01,9.82,0.19,1.93,75479.69,75120.992
2126,600725.SH,20110510,9.58,9.95,9.53,9.82,9.58,0.24,2.51,86021.72,84218.95
2127,600725.SH,20110509,9.53,9.62,9.49,9.58,9.47,0.11,1.16,44532.18,42564.554
2128,600725.SH,20110506,9.44,9.65,9.2,9.47,9.59,-0.12,-1.25,100946.13,94856.222
2129,600725.SH,20110505,9.71,9.72,9.44,9.59,9.76,-0.17,-1.74,60504.82,57996.336
2130,600725.SH,20110504,10.14,10.14,9.51,9.76,10.17,-0.41,-4.03,107789.27,105241.965
2131,600725.SH,20110503,10.03,10.19,9.96,10.17,9.99,0.18,1.8,58621.91,59187.948
2132,600725.SH,20110429,9.78,10.03,9.73,9.99,9.78,0.21,2.15,66156.05,65706.268
2133,600725.SH,20110428,10.39,10.41,9.75,9.78,10.26,-0.48,-4.68,89728.1,90110.268
2134,600725.SH,20110427,10.48,10.73,10.01,10.26,10.48,-0.22,-2.1,95082.59,98483.159
2135,600725.SH,20110426,10.39,10.64,10.33,10.48,10.4,0.08,0.77,99600.24,104434.138
2136,600725.SH,20110425,11.03,11.05,10.25,10.4,10.99,-0.59,-5.37,162268.17,170793.115
2137,600725.SH,20110422,11.49,11.49,10.95,10.99,11.59,-0.6,-5.18,182944.74,204234.814
2138,600725.SH,20110421,11.52,11.65,11.32,11.59,11.48,0.11,0.96,104478.08,120219.771
2139,600725.SH,20110420,11.93,12.06,11.37,11.48,11.83,-0.35,-2.96,155514.7,180088.909
2140,600725.SH,20110419,11.89,12.25,11.67,11.83,11.9,-0.07,-0.59,294543.57,353014.434
2141,600725.SH,20110418,11.23,11.94,11.05,11.9,11.23,0.67,5.97,274985.51,318551.17
2142,600725.SH,20110414,11.54,11.67,11.16,11.23,11.65,-0.42,-3.61,153355.52,173240.311
2143,600725.SH,20110413,11.41,11.72,11.35,11.65,11.43,0.22,1.92,133391.03,154588.455
2144,600725.SH,20110412,11.55,11.83,11.26,11.43,11.7,-0.27,-2.31,156294.32,179634.465
2145,600725.SH,20110411,11.56,12.4,11.4,11.7,11.9,-0.2,-1.68,396950.84,470730.267
2146,600725.SH,20110408,11.58,12.04,11.4,11.9,11.58,0.32,2.76,222245.2,261860.703
2147,600725.SH,20110407,11.5,11.65,11.32,11.58,11.54,0.04,0.35,166473.35,191496.78
2148,600725.SH,20110406,11.16,11.74,11.02,11.54,10.76,0.78,7.25,296825.86,338195.219
2149,600725.SH,20110331,11.44,11.48,10.7,10.76,11.37,-0.61,-5.37,189351.56,208864.286
2150,600725.SH,20110330,11.4,11.95,11.22,11.37,11.4,-0.03,-0.26,300084.1,348202.36
2151,600725.SH,20110329,11.13,11.99,11.11,11.4,11.07,0.33,2.98,373833.66,432494.557
2152,600725.SH,20110328,10.63,11.26,10.62,11.07,10.62,0.45,4.24,297878.09,327678.274
2153,600725.SH,20110325,10.54,10.75,10.38,10.62,10.5,0.12,1.14,146819.16,155668.631
2154,600725.SH,20110324,10.44,10.59,10.38,10.5,10.46,0.04,0.38,77431.74,81124.252
2155,600725.SH,20110323,10.22,10.55,10.22,10.46,10.21,0.25,2.45,115382.76,120320.863
2156,600725.SH,20110322,10.41,10.47,10.05,10.21,10.36,-0.15,-1.45,57107.04,58232.198
2157,600725.SH,20110321,10.34,10.55,10.25,10.36,10.26,0.1,0.97,95513.02,99482.219
2158,600725.SH,20110318,10.25,10.46,10.16,10.26,10.13,0.13,1.28,62744.36,64566.455
2159,600725.SH,20110317,10.21,10.48,10.0,10.13,10.32,-0.19,-1.84,98910.14,101396.137
2160,600725.SH,20110316,10.14,10.37,10.04,10.32,10.11,0.21,2.08,89994.7,91970.209
2161,600725.SH,20110315,10.37,10.37,9.87,10.11,10.43,-0.32,-3.07,101697.57,102462.581
2162,600725.SH,20110314,10.12,10.45,10.1,10.43,10.22,0.21,2.05,85855.75,87871.092
2163,600725.SH,20110311,10.34,10.57,10.2,10.22,10.43,-0.21,-2.01,122479.13,126804.532
2164,600725.SH,20110310,10.76,10.76,10.42,10.43,10.83,-0.4,-3.69,135958.24,143248.838
2165,600725.SH,20110309,10.58,10.97,10.45,10.83,10.55,0.28,2.65,147430.9,158703.663
2166,600725.SH,20110308,10.65,10.69,10.39,10.55,10.67,-0.12,-1.12,105698.96,111270.001
2167,600725.SH,20110307,10.19,10.68,10.19,10.67,10.09,0.58,5.75,232657.38,244393.46
2168,600725.SH,20110304,9.76,10.1,9.76,10.09,9.74,0.35,3.59,67175.73,66950.296
2169,600725.SH,20110303,10.03,10.12,9.7,9.74,10.05,-0.31,-3.08,63247.74,62884.822
2170,600725.SH,20110302,10.0,10.16,9.82,10.05,10.09,-0.04,-0.4,77282.46,77054.864
2171,600725.SH,20110301,10.15,10.29,10.0,10.09,10.22,-0.13,-1.27,108071.02,109457.833
2172,600725.SH,20110228,10.22,10.32,10.11,10.22,10.2,0.02,0.2,78999.4,80630.69
2173,600725.SH,20110225,10.4,10.45,10.06,10.2,10.39,-0.19,-1.83,80197.17,81385.367
2174,600725.SH,20110224,10.2,10.6,10.11,10.39,10.19,0.2,1.96,129089.41,133533.265
2175,600725.SH,20110223,9.86,10.26,9.8,10.19,9.91,0.28,2.83,108142.52,109351.801
2176,600725.SH,20110222,9.94,10.4,9.86,9.91,9.92,-0.01,-0.1,163048.06,164822.887
2177,600725.SH,20110221,9.56,9.93,9.48,9.92,9.62,0.3,3.12,82976.4,81323.599
2178,600725.SH,20110218,9.74,9.87,9.56,9.62,9.77,-0.15,-1.54,62904.43,61051.615
2179,600725.SH,20110217,9.62,9.85,9.52,9.77,9.54,0.23,2.41,85552.95,82812.413
2180,600725.SH,20110216,9.41,9.55,9.36,9.54,9.43,0.11,1.17,47163.72,44659.48
2181,600725.SH,20110215,9.41,9.65,9.35,9.43,9.41,0.02,0.21,71426.92,67763.308
2182,600725.SH,20110214,9.24,9.47,9.2,9.41,9.24,0.17,1.84,62798.37,58979.921
2183,600725.SH,20110211,9.28,9.33,9.08,9.24,9.15,0.09,0.98,57365.83,52866.983
2184,600725.SH,20110210,8.8,9.16,8.72,9.15,8.81,0.34,3.86,46077.71,41350.289
2185,600725.SH,20110209,8.76,8.96,8.76,8.81,8.89,-0.08,-0.9,25675.14,22749.815
2186,600725.SH,20110201,8.95,9.02,8.84,8.89,8.93,-0.04,-0.45,22134.88,19721.29
2187,600725.SH,20110131,8.83,8.95,8.78,8.93,8.83,0.1,1.13,27601.24,24484.214
2188,600725.SH,20110128,8.79,8.85,8.68,8.83,8.72,0.11,1.26,26078.29,22941.635
2189,600725.SH,20110127,8.54,8.78,8.49,8.72,8.59,0.13,1.51,23875.73,20778.488
2190,600725.SH,20110126,8.41,8.62,8.41,8.59,8.47,0.12,1.42,15873.44,13589.232
2191,600725.SH,20110125,8.46,8.5,8.35,8.47,8.4,0.07,0.83,17435.84,14659.811
2192,600725.SH,20110124,8.72,8.78,8.38,8.4,8.72,-0.32,-3.67,27446.45,23549.429
2193,600725.SH,20110121,8.72,8.82,8.57,8.72,8.59,0.13,1.51,25484.72,22209.557
2194,600725.SH,20110120,8.96,9.05,8.58,8.59,8.97,-0.38,-4.24,33515.24,29434.131
2195,600725.SH,20110119,8.78,8.97,8.7,8.97,8.76,0.21,2.4,24425.55,21710.639
2196,600725.SH,20110118,8.71,8.77,8.61,8.76,8.75,0.01,0.11,21500.66,18730.291
2197,600725.SH,20110117,9.17,9.17,8.7,8.75,9.09,-0.34,-3.74,41579.1,36909.949
2198,600725.SH,20110114,9.28,9.3,9.08,9.09,9.36,-0.27,-2.88,28632.06,26229.065
2199,600725.SH,20110113,9.36,9.42,9.27,9.36,9.38,-0.02,-0.21,27193.87,25402.386
2200,600725.SH,20110112,9.3,9.48,9.15,9.38,9.15,0.23,2.51,42424.77,39553.001
2201,600725.SH,20110111,9.19,9.22,9.03,9.15,9.23,-0.08,-0.87,32088.33,29224.477
2202,600725.SH,20110110,9.58,9.59,9.21,9.23,9.55,-0.32,-3.35,45624.89,42820.851
2203,600725.SH,20110107,9.56,9.67,9.46,9.55,9.56,-0.01,-0.1,45158.59,43223.783
2204,600725.SH,20110106,9.82,9.84,9.56,9.56,9.78,-0.22,-2.25,47932.65,46252.921
2205,600725.SH,20110105,9.7,9.8,9.59,9.78,9.74,0.04,0.41,47673.72,46188.917
2206,600725.SH,20110104,9.54,9.87,9.53,9.74,9.45,0.29,3.07,112196.58,109223.938
2207,600725.SH,20101231,9.13,9.47,9.01,9.45,9.1,0.35,3.85,61977.02,57686.866
2208,600725.SH,20101230,9.05,9.22,8.95,9.1,9.06,0.04,0.44,41131.3,37353.999
2209,600725.SH,20101229,9.02,9.14,8.9,9.06,9.03,0.03,0.33,43456.37,39119.766
2210,600725.SH,20101228,9.39,9.46,8.95,9.03,9.39,-0.36,-3.83,62956.52,57626.861
2211,600725.SH,20101227,9.41,9.95,9.33,9.39,9.54,-0.15,-1.57,82594.48,79787.143
2212,600725.SH,20101224,9.72,9.84,9.49,9.54,9.75,-0.21,-2.15,52621.95,50624.805
2213,600725.SH,20101223,10.01,10.07,9.67,9.75,10.02,-0.27,-2.69,69854.84,68826.7
2214,600725.SH,20101222,10.2,10.24,9.97,10.02,10.11,-0.09,-0.89,100149.91,101016.886
2215,600725.SH,20101221,9.8,10.22,9.77,10.11,9.73,0.38,3.91,114647.68,115314.738
2216,600725.SH,20101220,9.97,10.08,9.5,9.73,9.93,-0.2,-2.01,88522.32,87107.677
2217,600725.SH,20101217,9.97,9.99,9.82,9.93,10.0,-0.07,-0.7,46760.99,46196.187
2218,600725.SH,20101216,9.9,10.17,9.87,10.0,9.98,0.02,0.2,75153.02,75336.916
2219,600725.SH,20101215,9.78,10.19,9.75,9.98,9.87,0.11,1.11,123183.16,123198.341
2220,600725.SH,20101214,9.8,9.89,9.66,9.87,9.78,0.09,0.92,99959.72,97433.5
2221,600725.SH,20101213,9.65,9.8,9.5,9.78,9.54,0.24,2.52,139260.58,134184.909
2222,600725.SH,20101210,9.4,9.6,9.3,9.54,9.43,0.11,1.17,52519.78,49738.262
2223,600725.SH,20101209,9.87,9.87,9.4,9.43,9.87,-0.44,-4.46,90156.65,86658.769
2224,600725.SH,20101208,10.0,10.16,9.85,9.87,10.05,-0.18,-1.79,56622.33,56674.824
2225,600725.SH,20101207,10.01,10.12,9.75,10.05,10.03,0.02,0.2,59578.71,59099.905
2226,600725.SH,20101206,10.02,10.22,9.94,10.03,9.91,0.12,1.21,74482.11,74900.385
2227,600725.SH,20101203,9.95,10.05,9.76,9.91,9.89,0.02,0.2,58366.48,57793.575
2228,600725.SH,20101202,9.85,10.16,9.85,9.89,9.71,0.18,1.85,105560.68,105566.695
2229,600725.SH,20101201,9.8,9.88,9.65,9.71,9.81,-0.1,-1.02,75872.69,73785.624
2230,600725.SH,20101130,10.17,10.31,9.61,9.81,10.22,-0.41,-4.01,125769.91,124216.144
2231,600725.SH,20101129,10.0,10.24,9.93,10.22,10.13,0.09,0.89,86443.39,87001.744
2232,600725.SH,20101126,10.39,10.39,9.94,10.13,10.39,-0.26,-2.5,130242.68,131733.17
2233,600725.SH,20101125,10.27,10.48,10.21,10.39,10.17,0.22,2.16,97681.06,101035.344
2234,600725.SH,20101124,9.74,10.18,9.74,10.17,9.89,0.28,2.83,91213.74,91636.067
2235,600725.SH,20101123,10.26,10.34,9.62,9.89,10.38,-0.49,-4.72,138414.34,137243.601
2236,600725.SH,20101122,10.35,10.55,10.21,10.38,10.57,-0.19,-1.8,132490.38,137642.526
2237,600725.SH,20101119,10.22,10.59,10.1,10.57,10.19,0.38,3.73,137553.51,142364.635
2238,600725.SH,20101118,10.25,10.44,9.8,10.19,10.21,-0.02,-0.2,154521.85,155826.397
2239,600725.SH,20101117,10.9,10.9,10.21,10.21,11.34,-1.13,-9.96,233763.9,244886.126
2240,600725.SH,20101116,12.54,12.55,11.28,11.34,12.53,-1.19,-9.5,488375.41,577117.521
2241,600725.SH,20101115,11.68,12.53,11.61,12.53,11.39,1.14,10.01,619431.5,748956.626
2242,600725.SH,20101112,11.08,11.86,10.77,11.39,11.19,0.2,1.79,546966.86,626012.433
2243,600725.SH,20101111,10.8,11.8,10.77,11.19,10.9,0.29,2.66,314317.72,358216.811
2244,600725.SH,20101110,11.15,11.15,10.8,10.9,11.16,-0.26,-2.33,170362.87,186031.139
2245,600725.SH,20101109,11.4,11.41,11.0,11.16,11.39,-0.23,-2.02,182813.14,203516.336
2246,600725.SH,20101108,11.16,11.44,10.9,11.39,11.05,0.34,3.08,244679.81,275724.654
2247,600725.SH,20101105,10.85,11.1,10.67,11.05,10.61,0.44,4.15,174626.58,190782.023
2248,600725.SH,20101104,10.57,10.74,10.47,10.61,10.55,0.06,0.57,105965.45,112190.293
2249,600725.SH,20101103,10.95,11.27,10.51,10.55,11.04,-0.49,-4.44,137955.0,150242.979
2250,600725.SH,20101102,10.84,11.27,10.76,11.04,10.88,0.16,1.47,210523.52,231845.457
2251,600725.SH,20101101,10.5,11.0,10.5,10.88,10.5,0.38,3.62,121780.36,131986.122
2252,600725.SH,20101029,10.51,10.64,10.35,10.5,10.49,0.01,0.1,86039.0,90424.917
2253,600725.SH,20101028,10.72,10.8,10.28,10.49,10.71,-0.22,-2.05,131540.43,138737.022
2254,600725.SH,20101027,11.01,11.23,10.68,10.71,11.16,-0.45,-4.03,161524.79,176393.843
2255,600725.SH,20101026,11.2,11.28,10.98,11.16,11.26,-0.1,-0.89,214417.43,238188.623
2256,600725.SH,20101025,10.48,11.35,10.39,11.26,10.61,0.65,6.13,264072.98,286216.385
2257,600725.SH,20101022,10.66,10.98,10.55,10.61,10.74,-0.13,-1.21,184852.92,198390.833
2258,600725.SH,20101021,10.83,11.28,10.55,10.74,10.73,0.01,0.09,279598.26,305811.054
2259,600725.SH,20101020,10.1,10.8,9.81,10.73,10.32,0.41,3.97,269158.66,281664.29
2260,600725.SH,20101019,10.28,10.45,10.06,10.32,10.27,0.05,0.49,182751.97,187377.773
2261,600725.SH,20101018,9.85,10.48,9.3,10.27,9.76,0.51,5.23,286811.0,286090.407
2262,600725.SH,20101015,9.8,10.0,9.52,9.76,9.84,-0.08,-0.81,169098.32,165005.485
2263,600725.SH,20101014,10.16,10.25,9.7,9.84,10.16,-0.32,-3.15,243242.76,241991.082
2264,600725.SH,20101013,10.22,10.6,10.01,10.16,10.01,0.15,1.5,411098.9,421688.311
2265,600725.SH,20101012,9.08,10.01,9.0,10.01,9.1,0.91,10.0,317407.48,309128.752
2266,600725.SH,20101011,8.99,9.38,8.99,9.1,8.9,0.2,2.25,154403.89,142180.243
2267,600725.SH,20101008,8.6,9.08,8.59,8.9,8.56,0.34,3.97,94391.95,84185.477
2268,600725.SH,20100930,8.35,8.57,8.3,8.56,8.45,0.11,1.3,40963.48,34764.577
2269,600725.SH,20100929,8.61,8.69,8.44,8.45,8.56,-0.11,-1.29,47794.66,40846.826
2270,600725.SH,20100928,8.73,8.74,8.52,8.56,8.75,-0.19,-2.17,45325.79,38963.906
2271,600725.SH,20100927,8.6,8.75,8.55,8.75,8.56,0.19,2.22,37890.59,32837.152
2272,600725.SH,20100921,8.7,8.76,8.52,8.56,8.67,-0.11,-1.27,27617.09,23774.432
2273,600725.SH,20100920,8.7,8.83,8.5,8.67,8.65,0.02,0.23,46138.01,40170.982
2274,600725.SH,20100917,8.65,8.74,8.6,8.65,8.68,-0.03,-0.35,46215.79,40088.955
2275,600725.SH,20100916,9.04,9.09,8.6,8.68,9.05,-0.37,-4.09,95787.98,83754.62
2276,600725.SH,20100915,9.14,9.4,9.03,9.05,9.18,-0.13,-1.42,93022.29,85633.68
2277,600725.SH,20100914,9.34,9.39,9.09,9.18,9.33,-0.15,-1.61,87167.29,80180.476
2278,600725.SH,20100913,9.26,9.42,9.17,9.33,9.31,0.02,0.21,109511.67,102226.269
2279,600725.SH,20100910,9.11,9.34,8.81,9.31,9.1,0.21,2.31,118899.08,107571.279
2280,600725.SH,20100909,9.38,9.55,9.07,9.1,9.38,-0.28,-2.99,155723.45,144072.514
2281,600725.SH,20100908,9.29,9.58,9.22,9.38,9.44,-0.06,-0.64,233710.67,220211.901
2282,600725.SH,20100907,8.7,9.55,8.68,9.44,8.69,0.75,8.63,350190.91,319939.576
2283,600725.SH,20100906,8.52,8.76,8.49,8.69,8.52,0.17,2.0,98273.44,85067.16
2284,600725.SH,20100903,8.47,8.65,8.43,8.52,8.47,0.05,0.59,58905.77,50259.777
2285,600725.SH,20100902,8.48,8.54,8.4,8.47,8.41,0.06,0.71,64350.37,54447.381
2286,600725.SH,20100901,8.6,8.72,8.32,8.41,8.64,-0.23,-2.66,78677.54,66989.95
2287,600725.SH,20100831,8.7,8.72,8.57,8.64,8.73,-0.09,-1.03,70183.69,60564.979
2288,600725.SH,20100830,8.6,8.75,8.5,8.73,8.54,0.19,2.22,78607.05,68002.443
2289,600725.SH,20100826,8.65,8.8,8.45,8.54,8.71,-0.17,-1.95,94048.65,81262.134
2290,600725.SH,20100825,8.54,8.76,8.48,8.71,8.6,0.11,1.28,109567.14,94649.12
2291,600725.SH,20100824,8.5,8.65,8.4,8.6,8.48,0.12,1.42,60882.07,52168.424
2292,600725.SH,20100823,8.52,8.59,8.41,8.48,8.53,-0.05,-0.59,63814.24,54286.692
2293,600725.SH,20100820,8.81,8.89,8.45,8.53,8.8,-0.27,-3.07,93653.24,81258.387
2294,600725.SH,20100819,8.8,8.92,8.67,8.8,8.8,0.0,0.0,100832.77,88749.96
2295,600725.SH,20100818,8.87,9.0,8.72,8.8,8.87,-0.07,-0.79,82567.53,73029.592
2296,600725.SH,20100817,8.71,8.99,8.69,8.87,8.74,0.13,1.49,99443.38,87996.107
2297,600725.SH,20100816,8.62,8.78,8.5,8.74,8.58,0.16,1.86,94459.71,82256.189
2298,600725.SH,20100813,8.42,8.59,8.33,8.58,8.42,0.16,1.9,63863.69,54039.857
2299,600725.SH,20100812,8.55,8.64,8.4,8.42,8.66,-0.24,-2.77,82721.41,70381.991
2300,600725.SH,20100811,8.55,8.76,8.53,8.66,8.61,0.05,0.58,72860.9,62899.14
2301,600725.SH,20100810,9.21,9.24,8.6,8.61,9.19,-0.58,-6.31,131408.84,117204.39
2302,600725.SH,20100809,9.17,9.22,9.05,9.19,9.19,0.0,0.0,119583.85,109384.439
2303,600725.SH,20100806,9.0,9.23,8.82,9.19,9.18,0.01,0.11,191047.02,173004.308
2304,600725.SH,20100805,8.85,9.33,8.71,9.18,8.82,0.36,4.08,172329.49,155518.958
2305,600725.SH,20100804,8.72,8.85,8.5,8.82,8.78,0.04,0.46,116992.16,101777.274
2306,600725.SH,20100803,8.97,9.09,8.76,8.78,9.01,-0.23,-2.55,144015.58,128876.1
2307,600725.SH,20100802,8.66,9.04,8.56,9.01,8.66,0.35,4.04,170086.74,149801.474
2308,600725.SH,20100730,8.7,8.85,8.58,8.66,8.73,-0.07,-0.8,115209.26,100057.535
2309,600725.SH,20100729,8.6,8.74,8.52,8.73,8.57,0.16,1.87,150948.12,130262.029
2310,600725.SH,20100728,8.39,8.65,8.29,8.57,8.43,0.14,1.66,135706.34,115432.539
2311,600725.SH,20100727,8.39,8.48,8.25,8.43,8.41,0.02,0.24,93828.19,78275.222
2312,600725.SH,20100726,8.43,8.47,8.25,8.41,8.43,-0.02,-0.24,114867.34,96002.55
2313,600725.SH,20100723,8.13,8.5,8.13,8.43,8.13,0.3,3.69,183463.76,153126.775
2314,600725.SH,20100722,8.04,8.19,7.96,8.13,8.09,0.04,0.49,76103.79,61760.541
2315,600725.SH,20100721,8.14,8.24,7.98,8.09,8.2,-0.11,-1.34,113628.63,92144.842
2316,600725.SH,20100720,7.87,8.27,7.85,8.2,7.92,0.28,3.54,138297.29,111645.807
2317,600725.SH,20100719,7.6,8.04,7.45,7.92,7.75,0.17,2.19,104638.64,81721.76
2318,600725.SH,20100716,7.65,7.78,7.49,7.75,7.7,0.05,0.65,51294.78,39087.679
2319,600725.SH,20100715,7.9,7.97,7.69,7.7,7.88,-0.18,-2.28,58294.25,45701.898
2320,600725.SH,20100714,7.78,8.05,7.78,7.88,7.76,0.12,1.55,58558.53,46365.694
2321,600725.SH,20100713,7.92,7.92,7.68,7.76,8.01,-0.25,-3.12,67040.51,52240.16
2322,600725.SH,20100712,7.81,8.06,7.8,8.01,7.83,0.18,2.3,64219.19,51025.641
2323,600725.SH,20100709,7.51,7.87,7.43,7.83,7.51,0.32,4.26,82243.83,63543.985
2324,600725.SH,20100708,7.6,7.63,7.46,7.51,7.58,-0.07,-0.92,42085.83,31686.272
2325,600725.SH,20100707,7.48,7.61,7.35,7.58,7.42,0.16,2.16,59513.82,44488.059
2326,600725.SH,20100706,7.22,7.49,7.19,7.42,7.21,0.21,2.91,48461.47,35773.354
2327,600725.SH,20100705,7.2,7.27,7.08,7.21,7.29,-0.08,-1.1,24973.42,17950.638
2328,600725.SH,20100702,7.07,7.3,6.92,7.29,7.21,0.08,1.11,52458.64,37433.281
2329,600725.SH,20100701,7.37,7.46,7.2,7.21,7.36,-0.15,-2.04,35413.0,25948.408
2330,600725.SH,20100630,7.56,7.56,7.26,7.36,7.6,-0.24,-3.16,48815.01,35886.969
2331,600725.SH,20100629,8.19,8.25,7.6,7.6,8.18,-0.58,-7.09,84459.85,66026.853
2332,600725.SH,20100628,8.21,8.32,8.1,8.18,8.21,-0.03,-0.37,48915.16,39976.824
2333,600725.SH,20100625,8.4,8.44,8.17,8.21,8.47,-0.26,-3.07,57041.44,47102.017
2334,600725.SH,20100624,8.43,8.58,8.43,8.47,8.49,-0.02,-0.24,51559.37,43746.248
2335,600725.SH,20100623,8.43,8.54,8.25,8.49,8.54,-0.05,-0.59,85518.68,71897.525
2336,600725.SH,20100622,8.4,8.67,8.33,8.54,8.42,0.12,1.43,122299.34,104431.284
2337,600725.SH,20100621,8.16,8.45,8.03,8.42,8.1,0.32,3.95,85296.85,70699.106
2338,600725.SH,20100618,8.58,8.58,8.06,8.1,8.63,-0.53,-6.14,140083.77,116357.789
2339,600725.SH,20100617,8.36,8.72,8.35,8.63,8.29,0.34,4.1,195003.02,167621.855
2340,600725.SH,20100611,8.18,8.38,8.1,8.29,8.1,0.19,2.35,129142.3,106949.793
2341,600725.SH,20100610,8.04,8.24,8.01,8.1,8.18,-0.08,-0.98,90382.54,73526.558
2342,600725.SH,20100609,8.09,8.25,7.82,8.18,7.97,0.21,2.63,125906.97,100984.91
2343,600725.SH,20100608,7.56,8.07,7.56,7.97,7.57,0.4,5.28,103015.04,80795.047
2344,600725.SH,20100607,7.62,7.67,7.46,7.57,7.79,-0.22,-2.82,69918.76,52957.431
2345,600725.SH,20100604,7.61,7.83,7.56,7.79,7.72,0.07,0.91,56942.05,43888.917
2346,600725.SH,20100603,8.01,8.1,7.7,7.72,7.95,-0.23,-2.89,76600.68,60953.198
2347,600725.SH,20100602,7.72,7.97,7.6,7.95,7.85,0.1,1.27,51491.44,40209.3
2348,600725.SH,20100601,7.98,8.05,7.59,7.85,8.13,-0.28,-3.44,102064.58,79901.515
2349,600725.SH,20100531,8.48,8.75,8.12,8.13,8.56,-0.43,-5.02,125067.59,106000.116
2350,600725.SH,20100528,8.62,8.68,8.45,8.56,8.57,-0.01,-0.12,144223.9,123408.044
2351,600725.SH,20100527,8.5,8.64,8.22,8.57,8.45,0.12,1.42,210426.55,177429.949
2352,600725.SH,20100526,7.84,8.45,7.8,8.45,7.68,0.77,10.03,136352.46,112817.001
2353,600725.SH,20100525,7.75,7.84,7.62,7.68,7.84,-0.16,-2.04,77553.19,59842.049
2354,600725.SH,20100524,7.61,7.96,7.53,7.84,7.56,0.28,3.7,113116.21,88222.688
2355,600725.SH,20100521,7.14,7.6,7.07,7.56,7.47,0.09,1.2,74000.66,54624.19
2356,600725.SH,20100520,7.41,7.71,7.37,7.47,7.5,-0.03,-0.4,66986.9,50623.01
2357,600725.SH,20100519,7.48,7.76,7.4,7.5,7.64,-0.14,-1.83,63994.03,48370.872
2358,600725.SH,20100518,7.41,7.76,7.1,7.64,7.53,0.11,1.46,100562.27,73993.098
2359,600725.SH,20100517,8.2,8.2,7.53,7.53,8.37,-0.84,-10.04,90623.71,70750.202
2360,600725.SH,20100514,8.55,8.55,8.3,8.37,8.64,-0.27,-3.13,63188.07,53051.593
2361,600725.SH,20100513,8.6,8.68,8.4,8.64,8.53,0.11,1.29,37302.22,31940.797
2362,600725.SH,20100512,15.51,15.92,15.1,15.38,15.65,-0.27,-1.73,37575.24,58331.307
2363,600725.SH,20100511,16.39,16.4,15.58,15.65,15.99,-0.34,-2.13,37683.11,60375.681
2364,600725.SH,20100510,16.1,16.25,15.5,15.99,15.87,0.12,0.76,32760.56,52138.215
2365,600725.SH,20100507,16.36,16.54,15.85,15.87,16.88,-1.01,-5.98,62260.32,101032.547
2366,600725.SH,20100506,17.37,17.83,16.85,16.88,17.29,-0.41,-2.37,71038.73,123628.176
2367,600725.SH,20100505,16.91,17.4,16.68,17.29,17.39,-0.1,-0.58,62666.8,107219.002
2368,600725.SH,20100504,16.5,17.5,16.31,17.39,16.82,0.57,3.39,37850.81,63878.103
2369,600725.SH,20100430,16.52,16.87,16.12,16.82,16.55,0.27,1.63,38098.9,63187.462
2370,600725.SH,20100429,16.81,16.97,16.52,16.55,16.66,-0.11,-0.66,36758.61,61722.293
2371,600725.SH,20100428,17.0,17.25,16.46,16.66,17.28,-0.62,-3.59,61857.03,104032.384
2372,600725.SH,20100427,17.98,17.98,16.95,17.28,17.98,-0.7,-3.89,59481.1,102476.684
2373,600725.SH,20100426,18.0,18.21,17.93,17.98,17.93,0.05,0.28,42995.41,77623.151
2374,600725.SH,20100423,18.15,18.55,17.85,17.93,18.29,-0.36,-1.97,74997.91,135842.866
2375,600725.SH,20100422,18.69,18.69,18.08,18.29,18.67,-0.38,-2.04,61828.2,113389.005
2376,600725.SH,20100421,18.2,18.68,18.19,18.67,18.29,0.38,2.08,57968.77,107021.253
2377,600725.SH,20100420,18.68,18.87,17.89,18.29,18.81,-0.52,-2.76,96368.58,175861.611
2378,600725.SH,20100419,20.42,20.46,18.66,18.81,20.58,-1.77,-8.6,101174.23,197801.192
2379,600725.SH,20100416,20.62,20.84,20.4,20.58,20.7,-0.12,-0.58,39372.85,81030.828
2380,600725.SH,20100415,21.14,21.45,20.52,20.7,21.14,-0.44,-2.08,66945.51,140632.624
2381,600725.SH,20100414,21.01,21.56,20.95,21.14,21.2,-0.06,-0.28,83572.67,177769.834
2382,600725.SH,20100412,21.7,21.86,20.7,21.2,21.7,-0.5,-2.3,136843.3,292085.389
2383,600725.SH,20100409,21.42,21.78,21.25,21.7,21.42,0.28,1.31,94670.35,203239.31
2384,600725.SH,20100408,21.42,21.7,21.25,21.42,21.42,0.0,0.0,116255.98,250390.288
2385,600725.SH,20100407,20.87,21.45,20.57,21.42,20.86,0.56,2.68,130542.89,274660.812
2386,600725.SH,20100406,20.97,21.3,20.63,20.86,20.79,0.07,0.34,118154.71,247629.789
2387,600725.SH,20100402,20.07,20.87,20.02,20.79,20.1,0.69,3.43,141700.63,291254.846
2388,600725.SH,20100401,19.95,20.16,19.7,20.1,19.97,0.13,0.65,114105.06,227286.773
2389,600725.SH,20100331,20.3,20.39,19.88,19.97,20.25,-0.28,-1.38,80195.41,160799.325
2390,600725.SH,20100330,20.2,20.34,20.07,20.25,20.2,0.05,0.25,73551.84,148584.366
2391,600725.SH,20100329,19.9,20.35,19.86,20.2,19.88,0.32,1.61,98218.59,197314.214
2392,600725.SH,20100326,19.83,19.98,19.56,19.88,19.82,0.06,0.3,67104.17,132734.553
2393,600725.SH,20100325,20.18,20.18,19.72,19.82,20.09,-0.27,-1.34,62582.88,124514.65
2394,600725.SH,20100324,19.68,20.17,19.6,20.09,19.69,0.4,2.03,118171.87,235398.668
2395,600725.SH,20100323,20.09,20.09,19.53,19.69,20.07,-0.38,-1.89,98089.65,193567.143
2396,600725.SH,20100322,19.95,20.18,19.75,20.07,19.93,0.14,0.7,83381.25,166509.634
2397,600725.SH,20100319,20.01,20.13,19.62,19.93,20.23,-0.3,-1.48,133044.21,264594.148
2398,600725.SH,20100318,21.0,21.0,20.2,20.23,21.25,-1.02,-4.8,265594.33,544616.527
2399,600725.SH,20100317,21.1,21.32,20.48,21.25,20.97,0.28,1.34,131170.64,274754.792
2400,600725.SH,20100316,20.8,21.13,20.4,20.97,20.75,0.22,1.06,68627.01,142859.667
2401,600725.SH,20100315,20.08,21.2,20.08,20.75,20.09,0.66,3.29,112604.02,233105.754
2402,600725.SH,20100312,19.3,20.55,19.23,20.09,19.29,0.8,4.15,74307.29,148946.962
2403,600725.SH,20100311,19.25,19.55,19.08,19.29,19.21,0.08,0.42,28192.88,54224.852
2404,600725.SH,20100310,19.85,19.85,19.08,19.21,19.8,-0.59,-2.98,28406.45,55044.254
2405,600725.SH,20100309,20.05,20.17,19.41,19.8,19.98,-0.18,-0.9,41030.75,80962.224
2406,600725.SH,20100308,19.92,20.38,19.89,19.98,19.83,0.15,0.76,26312.19,52738.642
2407,600725.SH,20100305,20.16,20.22,19.8,19.83,20.01,-0.18,-0.9,30709.58,61484.028
2408,600725.SH,20100304,20.7,21.37,19.86,20.01,20.86,-0.85,-4.07,53356.16,110342.993
2409,600725.SH,20100303,20.05,20.91,19.81,20.86,20.0,0.86,4.3,58525.22,119374.851
2410,600725.SH,20100302,20.33,20.6,19.9,20.0,20.4,-0.4,-1.96,43589.0,87906.789
2411,600725.SH,20100301,20.57,20.57,20.2,20.4,20.3,0.1,0.49,37187.42,75824.728
2412,600725.SH,20100226,20.48,20.67,20.2,20.3,20.48,-0.18,-0.88,29443.75,59965.616
2413,600725.SH,20100225,20.02,20.77,20.02,20.48,20.17,0.31,1.54,35128.66,71947.928
2414,600725.SH,20100224,19.2,20.2,18.83,20.17,19.35,0.82,4.24,33439.29,66021.064
2415,600725.SH,20100223,19.78,19.85,18.66,19.35,19.64,-0.29,-1.48,27325.66,52314.477
2416,600725.SH,20100222,19.8,20.09,19.61,19.64,19.94,-0.3,-1.5,25567.01,50770.614
2417,600725.SH,20100212,19.55,19.98,19.55,19.94,19.56,0.38,1.94,25901.1,51325.433
2418,600725.SH,20100211,19.01,19.7,18.88,19.56,18.99,0.57,3.0,38510.39,74343.796
2419,600725.SH,20100210,18.69,19.08,18.65,18.99,18.5,0.49,2.65,26188.24,49458.107
2420,600725.SH,20100209,18.65,19.1,18.41,18.5,18.73,-0.23,-1.23,29040.54,54439.156
2421,600725.SH,20100208,19.02,19.3,18.63,18.73,19.15,-0.42,-2.19,26749.56,50501.826
2422,600725.SH,20100205,19.28,19.46,18.9,19.15,19.7,-0.55,-2.79,35170.74,67207.598
2423,600725.SH,20100204,19.73,20.15,19.51,19.7,19.7,0.0,0.0,59140.96,117257.901
2424,600725.SH,20100203,18.95,19.9,18.52,19.7,18.88,0.82,4.34,49490.68,95460.799
2425,600725.SH,20100202,19.1,19.54,18.85,18.88,19.08,-0.2,-1.05,35402.4,68058.07
2426,600725.SH,20100201,19.89,20.0,18.55,19.08,19.88,-0.8,-4.02,57750.79,110312.178
2427,600725.SH,20100129,19.71,20.36,19.6,19.88,19.92,-0.04,-0.2,45682.39,91499.96
2428,600725.SH,20100128,19.73,20.31,19.6,19.92,19.79,0.13,0.66,44376.47,88417.727
2429,600725.SH,20100127,20.02,20.49,19.78,19.79,20.01,-0.22,-1.1,44399.87,89194.609
2430,600725.SH,20100126,20.72,21.0,19.68,20.01,20.72,-0.71,-3.43,50117.26,100779.395
2431,600725.SH,20100125,21.08,21.5,20.6,20.72,21.18,-0.46,-2.17,35798.61,75571.203
2432,600725.SH,20100122,22.08,22.33,20.68,21.18,22.46,-1.28,-5.7,48040.5,102922.987
2433,600725.SH,20100121,22.86,22.91,22.29,22.46,22.71,-0.25,-1.1,50207.21,113068.529
2434,600725.SH,20100120,23.8,23.95,22.6,22.71,23.84,-1.13,-4.74,53795.54,125614.702
2435,600725.SH,20100119,24.3,24.4,23.65,23.84,24.21,-0.37,-1.53,41908.79,100235.335
2436,600725.SH,20100118,23.05,24.3,23.0,24.21,22.98,1.23,5.35,54868.17,130143.483
2437,600725.SH,20100115,23.2,23.47,22.85,22.98,22.99,-0.01,-0.04,47002.67,108573.512
2438,600725.SH,20100114,22.75,23.15,22.26,22.99,22.69,0.3,1.32,61810.28,140146.1
2439,600725.SH,20100113,22.9,23.28,22.5,22.69,23.55,-0.86,-3.65,66050.26,150972.554
2440,600725.SH,20100112,23.49,23.87,23.01,23.55,23.5,0.05,0.21,50050.25,116909.075
2441,600725.SH,20100111,23.06,24.14,23.03,23.5,22.96,0.54,2.35,78261.67,184951.939
2442,600725.SH,20100108,21.8,22.98,21.8,22.96,22.04,0.92,4.17,48736.67,108830.981
2443,600725.SH,20100107,22.65,23.23,21.85,22.04,22.62,-0.58,-2.56,69152.76,155484.398
2444,600725.SH,20100106,23.14,23.4,22.56,22.62,23.13,-0.51,-2.2,63044.38,144715.121
2445,600725.SH,20100105,21.96,23.3,21.96,23.13,21.84,1.29,5.91,99747.19,226254.651
2446,600725.SH,20100104,21.6,22.12,21.23,21.84,21.33,0.51,2.39,57320.5,124761.744
2447,600725.SH,20091231,21.22,21.45,21.07,21.33,21.03,0.3,1.43,48997.72,104227.582
2448,600725.SH,20091230,20.8,21.6,20.8,21.03,21.19,-0.16,-0.76,76366.73,161894.901
2449,600725.SH,20091229,20.76,21.4,20.45,21.19,20.81,0.38,1.83,76386.43,160168.576
2450,600725.SH,20091228,20.72,21.35,20.41,20.81,20.76,0.05,0.24,100874.4,209333.013
2451,600725.SH,20091225,20.0,21.08,19.66,20.76,20.0,0.76,3.8,71980.22,148931.326
2452,600725.SH,20091224,19.09,20.02,19.02,20.0,18.93,1.07,5.65,56178.43,110055.942
2453,600725.SH,20091223,18.81,19.32,18.76,18.93,18.96,-0.03,-0.16,42668.6,81122.005
2454,600725.SH,20091222,18.71,19.45,18.71,18.96,18.96,0.0,0.0,47786.79,91618.999
2455,600725.SH,20091221,19.11,19.15,18.29,18.96,18.89,0.07,0.37,47927.94,89818.023
2456,600725.SH,20091218,19.3,19.85,18.72,18.89,19.58,-0.69,-3.52,49547.31,95001.087
2457,600725.SH,20091217,20.73,21.14,19.55,19.58,20.9,-1.32,-6.32,72097.53,146207.402
2458,600725.SH,20091216,20.8,21.18,20.51,20.9,20.49,0.41,2.0,52544.15,109830.357
2459,600725.SH,20091215,20.66,21.07,20.3,20.49,20.53,-0.04,-0.19,57181.05,118766.054
2460,600725.SH,20091214,20.1,20.6,19.7,20.53,20.09,0.44,2.19,62182.17,126035.43
2461,600725.SH,20091211,19.45,20.8,19.2,20.09,19.08,1.01,5.29,103146.61,208385.32
2462,600725.SH,20091210,19.19,19.32,18.78,19.08,19.05,0.03,0.16,44858.3,85063.579
2463,600725.SH,20091209,19.7,19.7,18.85,19.05,19.94,-0.89,-4.46,64865.06,124643.817
2464,600725.SH,20091208,19.81,20.41,19.79,19.94,19.83,0.11,0.55,78687.67,157709.805
2465,600725.SH,20091207,19.89,20.68,19.6,19.83,19.99,-0.16,-0.8,80839.52,161954.538
2466,600725.SH,20091204,19.22,20.85,19.22,19.99,19.2,0.79,4.11,173476.22,349072.708
2467,600725.SH,20091203,18.72,19.28,18.25,19.2,18.76,0.44,2.35,92306.0,172516.689
2468,600725.SH,20091202,18.6,18.88,18.42,18.76,18.5,0.26,1.41,62560.11,116751.502
2469,600725.SH,20091201,18.1,18.58,17.82,18.5,18.07,0.43,2.38,60360.33,110169.669
2470,600725.SH,20091130,17.58,18.15,17.41,18.07,17.38,0.69,3.97,44243.45,78755.891
2471,600725.SH,20091127,17.55,17.87,17.3,17.38,17.81,-0.43,-2.41,53463.96,94005.755
2472,600725.SH,20091126,18.32,19.0,17.55,17.81,18.3,-0.49,-2.68,92344.9,169813.815
2473,600725.SH,20091125,18.01,18.36,17.8,18.3,17.9,0.4,2.23,54200.69,98315.1
2474,600725.SH,20091124,19.03,19.25,17.85,17.9,19.13,-1.23,-6.43,84893.89,158532.329
2475,600725.SH,20091123,18.5,19.15,18.28,19.13,18.48,0.65,3.52,74685.38,140144.434
2476,600725.SH,20091120,18.0,18.6,17.97,18.48,18.1,0.38,2.1,68261.55,125419.696
2477,600725.SH,20091119,18.14,18.38,17.91,18.1,18.14,-0.04,-0.22,60059.37,108593.143
2478,600725.SH,20091118,18.17,18.54,17.91,18.14,18.37,-0.23,-1.25,96756.21,176656.907
2479,600725.SH,20091117,18.21,18.58,17.82,18.37,18.73,-0.36,-1.92,197531.46,359838.918
2480,600725.SH,20091116,17.88,18.8,17.87,18.73,17.85,0.88,4.93,78485.25,144865.844
2481,600725.SH,20091113,17.9,18.09,17.5,17.85,17.97,-0.12,-0.67,31723.05,56399.974
2482,600725.SH,20091112,17.96,18.3,17.83,17.97,18.06,-0.09,-0.5,26404.73,47682.448
2483,600725.SH,20091111,17.46,18.26,17.28,18.06,17.69,0.37,2.09,52086.09,92660.566
2484,600725.SH,20091110,18.38,18.38,17.67,17.69,17.46,0.23,1.32,75618.99,135681.385
2485,600725.SH,20091103,17.88,18.24,17.4,17.46,17.88,-0.42,-2.35,101262.79,179519.48
2486,600725.SH,20091102,17.25,17.9,16.71,17.88,17.62,0.26,1.48,65883.11,114514.658
2487,600725.SH,20091030,17.28,18.25,17.01,17.62,17.0,0.62,3.65,99100.27,175123.238
2488,600725.SH,20091029,16.21,17.3,15.91,17.0,16.55,0.45,2.72,67182.41,112150.838
2489,600725.SH,20091028,16.51,16.84,16.21,16.55,16.75,-0.2,-1.19,31759.23,52332.228
2490,600725.SH,20091027,16.38,17.11,16.21,16.75,16.75,0.0,0.0,57327.23,96062.923
2491,600725.SH,20091026,17.08,17.18,16.4,16.75,17.13,-0.38,-2.22,54386.12,90767.143
2492,600725.SH,20091023,16.9,17.49,16.71,17.13,16.95,0.18,1.06,66310.89,113644.855
2493,600725.SH,20091022,16.49,17.16,16.28,16.95,16.54,0.41,2.48,54384.99,91996.598
2494,600725.SH,20091021,16.11,16.75,15.9,16.54,16.05,0.49,3.05,64030.49,105400.205
2495,600725.SH,20091020,15.92,16.1,15.76,16.05,15.78,0.27,1.71,48617.1,77517.42
2496,600725.SH,20091019,15.47,15.79,15.31,15.78,15.47,0.31,2.0,35497.63,55501.688
2497,600725.SH,20091016,15.8,15.8,15.09,15.47,15.35,0.12,0.78,41056.84,63569.482
2498,600725.SH,20091015,14.98,15.76,14.9,15.35,14.81,0.54,3.65,50251.95,77305.475
2499,600725.SH,20091014,14.88,15.05,14.63,14.81,14.7,0.11,0.75,25701.81,38186.822
2500,600725.SH,20091013,14.43,14.79,14.38,14.7,14.43,0.27,1.87,16601.12,24289.529
2501,600725.SH,20091012,14.64,14.64,14.37,14.43,14.69,-0.26,-1.77,18790.85,27242.19
2502,600725.SH,20091009,13.91,14.75,13.91,14.69,13.78,0.91,6.6,25057.25,36135.651
2503,600725.SH,20090930,13.77,13.92,13.51,13.78,13.5,0.28,2.07,16101.71,22123.836
2504,600725.SH,20090929,13.82,14.08,13.28,13.5,13.84,-0.34,-2.46,19085.35,26063.263
2505,600725.SH,20090928,14.4,14.59,13.77,13.84,14.28,-0.44,-3.08,17225.1,24361.751
2506,600725.SH,20090925,13.63,14.4,13.63,14.28,14.24,0.04,0.28,17536.08,24728.46
2507,600725.SH,20090924,14.4,14.55,13.8,14.24,14.45,-0.21,-1.45,28185.42,39991.589
2508,600725.SH,20090923,14.9,15.15,14.36,14.45,14.9,-0.45,-3.02,30259.06,44491.897
2509,600725.SH,20090922,15.5,15.82,14.89,14.9,15.69,-0.79,-5.04,40745.62,62413.377
2510,600725.SH,20090921,15.88,15.88,14.7,15.69,15.91,-0.22,-1.38,45053.11,68671.04
2511,600725.SH,20090918,16.05,16.77,15.55,15.91,16.24,-0.33,-2.03,81417.61,133175.278
2512,600725.SH,20090917,15.5,16.25,15.5,16.24,15.5,0.74,4.77,62031.68,99262.991
2513,600725.SH,20090916,16.0,16.0,15.25,15.5,16.06,-0.56,-3.49,67745.29,105551.073
2514,600725.SH,20090915,16.07,16.26,15.8,16.06,15.96,0.1,0.63,68870.5,110682.808
2515,600725.SH,20090914,15.65,16.08,15.61,15.96,15.87,0.09,0.57,70943.04,112548.526
2516,600725.SH,20090911,15.2,16.1,15.2,15.87,15.17,0.7,4.61,99969.17,157459.014
2517,600725.SH,20090910,15.27,15.4,14.9,15.17,15.33,-0.16,-1.04,36685.01,55650.686
2518,600725.SH,20090909,15.47,15.56,15.06,15.33,15.47,-0.14,-0.91,47885.18,73218.916
2519,600725.SH,20090908,15.2,15.5,14.71,15.47,15.27,0.2,1.31,57454.79,87021.509
2520,600725.SH,20090907,15.38,15.45,15.03,15.27,15.37,-0.1,-0.65,70062.53,106684.03
2521,600725.SH,20090904,15.61,15.96,15.15,15.37,15.5,-0.13,-0.84,111908.25,173284.549
2522,600725.SH,20090903,14.0,15.51,13.8,15.5,14.1,1.4,9.93,93841.4,138969.382
2523,600725.SH,20090902,13.25,14.16,13.25,14.1,13.3,0.8,6.02,59725.15,82516.594
2524,600725.SH,20090901,13.55,14.14,13.18,13.3,13.66,-0.36,-2.64,59726.67,81113.982
2525,600725.SH,20090831,15.06,15.06,13.61,13.66,15.12,-1.46,-9.66,44478.93,62373.753
2526,600725.SH,20090828,15.81,15.9,14.8,15.12,15.83,-0.71,-4.49,53675.9,81820.999
2527,600725.SH,20090827,16.31,16.31,15.4,15.83,16.17,-0.34,-2.1,88506.64,140163.411
2528,600725.SH,20090826,15.75,16.6,15.63,16.17,16.02,0.15,0.94,51554.03,83738.596
2529,600725.SH,20090825,17.18,17.18,15.6,16.02,17.23,-1.21,-7.02,83644.43,135358.193
2530,600725.SH,20090824,16.89,17.69,16.48,17.23,16.92,0.31,1.83,80322.83,138598.668
2531,600725.SH,20090821,16.59,17.19,16.05,16.92,16.42,0.5,3.05,107158.7,177618.552
2532,600725.SH,20090820,14.94,16.42,14.88,16.42,14.93,1.49,9.98,85646.87,135390.934
2533,600725.SH,20090819,16.3,16.41,14.74,14.93,16.38,-1.45,-8.85,80318.28,124640.263
2534,600725.SH,20090818,16.02,16.5,15.68,16.38,16.03,0.35,2.18,66263.27,106672.688
2535,600725.SH,20090817,16.71,17.1,15.89,16.03,16.77,-0.74,-4.41,47440.78,78694.753
2536,600725.SH,20090814,17.5,17.75,16.7,16.77,17.52,-0.75,-4.28,40347.02,69401.717
2537,600725.SH,20090813,17.37,17.95,17.11,17.52,17.37,0.15,0.86,48069.57,84132.813
2538,600725.SH,20090812,18.33,18.57,17.11,17.37,18.36,-0.99,-5.39,46274.55,81990.165
2539,600725.SH,20090811,18.9,19.39,18.21,18.36,18.8,-0.44,-2.34,48810.37,90353.055
2540,600725.SH,20090810,19.2,19.47,18.58,18.8,18.97,-0.17,-0.9,56667.39,107981.735
2541,600725.SH,20090807,20.35,20.57,18.67,18.97,20.58,-1.61,-7.82,66401.8,129533.309
2542,600725.SH,20090806,20.61,22.24,20.0,20.58,20.82,-0.24,-1.15,64246.26,135212.383
2543,600725.SH,20090805,21.1,21.65,20.38,20.82,21.05,-0.23,-1.09,50249.36,105454.239
2544,600725.SH,20090804,21.45,22.54,21.0,21.05,20.92,0.13,0.62,114875.12,249929.646
2545,600725.SH,20090803,18.77,20.92,18.68,20.92,19.02,1.9,9.99,102694.27,211537.515
2546,600725.SH,20090731,18.15,19.39,17.56,19.02,18.09,0.93,5.14,89475.23,164503.893
2547,600725.SH,20090730,17.27,18.39,17.27,18.09,17.27,0.82,4.75,99497.29,179151.043
2548,600725.SH,20090729,18.0,18.26,16.16,17.27,17.88,-0.61,-3.41,126669.45,222378.261
2549,600725.SH,20090728,16.16,17.88,16.15,17.88,16.25,1.63,10.03,182597.64,321950.564
2550,600725.SH,20090727,16.4,16.53,16.04,16.25,16.23,0.02,0.12,62591.58,101695.433
2551,600725.SH,20090724,16.96,17.0,15.83,16.23,16.73,-0.5,-2.99,83802.67,137774.258
2552,600725.SH,20090723,17.3,17.45,16.58,16.73,17.38,-0.65,-3.74,102534.72,172412.218
2553,600725.SH,20090722,15.7,17.44,15.7,17.38,15.85,1.53,9.65,149044.58,250205.261
2554,600725.SH,20090721,15.91,16.46,15.75,15.85,16.23,-0.38,-2.34,101818.76,163889.259
2555,600725.SH,20090720,15.61,16.49,15.55,16.23,15.4,0.83,5.39,153164.36,245375.799
2556,600725.SH,20090717,15.15,15.54,15.03,15.4,15.3,0.1,0.65,95764.49,146675.82
2557,600725.SH,20090716,14.65,15.69,14.62,15.3,14.61,0.69,4.72,164375.96,250662.075
2558,600725.SH,20090715,14.28,14.73,14.08,14.61,14.2,0.41,2.89,83375.92,120005.425
2559,600725.SH,20090714,14.17,14.24,13.98,14.2,14.15,0.05,0.35,42465.83,59994.701
2560,600725.SH,20090713,13.98,14.43,13.61,14.15,13.99,0.16,1.14,80387.63,113029.836
2561,600725.SH,20090710,13.78,14.44,13.78,13.99,13.68,0.31,2.27,84602.36,119456.982
2562,600725.SH,20090709,13.6,13.86,13.59,13.68,13.56,0.12,0.89,61442.29,84217.752
2563,600725.SH,20090708,13.24,13.78,13.16,13.56,13.3,0.26,1.95,61972.68,83511.885
2564,600725.SH,20090707,13.17,13.48,13.14,13.3,13.34,-0.04,-0.3,57918.12,77342.094
2565,600725.SH,20090706,12.95,13.38,12.81,13.34,13.01,0.33,2.54,69968.29,91777.653
2566,600725.SH,20090703,12.92,13.14,12.81,13.01,12.95,0.06,0.46,40260.19,52176.182
2567,600725.SH,20090702,13.02,13.05,12.83,12.95,13.02,-0.07,-0.54,35541.93,45939.44
2568,600725.SH,20090701,12.85,13.05,12.78,13.02,12.84,0.18,1.4,33652.55,43403.645
2569,600725.SH,20090630,13.11,13.11,12.77,12.84,13.07,-0.23,-1.76,44649.8,57556.263
2570,600725.SH,20090629,13.35,13.42,12.9,13.07,13.33,-0.26,-1.95,63146.59,82521.88
2571,600725.SH,20090626,13.34,13.4,13.2,13.33,13.33,0.0,0.0,29475.16,39102.401
2572,600725.SH,20090625,13.42,13.5,13.3,13.33,13.44,-0.11,-0.82,22906.41,30643.848
2573,600725.SH,20090624,13.34,13.48,13.26,13.44,13.34,0.1,0.75,22031.21,29528.072
2574,600725.SH,20090623,13.45,13.5,13.25,13.34,13.56,-0.22,-1.62,24902.69,33203.984
2575,600725.SH,20090622,13.61,13.82,13.5,13.56,13.5,0.06,0.44,28864.69,39356.383
2576,600725.SH,20090619,13.46,13.59,13.35,13.5,13.52,-0.02,-0.15,29256.23,39398.024
2577,600725.SH,20090618,13.47,13.8,13.41,13.52,13.47,0.05,0.37,28778.45,39101.778
2578,600725.SH,20090617,13.38,13.55,13.3,13.47,13.38,0.09,0.67,19962.59,26825.136
2579,600725.SH,20090616,13.33,13.52,13.23,13.38,13.41,-0.03,-0.22,23412.61,31354.417
2580,600725.SH,20090615,13.23,13.43,13.21,13.41,13.35,0.06,0.45,34811.7,46347.843
2581,600725.SH,20090612,14.1,14.15,13.18,13.35,14.12,-0.77,-5.45,54330.49,74000.191
2582,600725.SH,20090611,14.1,14.25,13.82,14.12,14.1,0.02,0.14,38509.27,54140.891
2583,600725.SH,20090610,13.81,14.18,13.81,14.1,13.9,0.2,1.44,31246.99,43754.693
2584,600725.SH,20090609,14.18,14.18,13.56,13.9,14.11,-0.21,-1.49,32069.36,44232.182
2585,600725.SH,20090608,14.31,14.38,13.85,14.11,14.25,-0.14,-0.98,31264.57,44099.098
2586,600725.SH,20090605,14.11,14.49,14.06,14.25,14.11,0.14,0.99,51633.54,73488.512
2587,600725.SH,20090604,14.26,14.4,13.95,14.11,14.26,-0.15,-1.05,43815.73,61993.944
2588,600725.SH,20090603,14.41,14.42,14.1,14.26,14.41,-0.15,-1.04,45412.18,64626.074
2589,600725.SH,20090602,14.12,14.57,13.95,14.41,14.03,0.38,2.71,68358.76,97494.146
2590,600725.SH,20090601,13.88,14.16,13.77,14.03,13.7,0.33,2.41,39210.75,54771.863
2591,600725.SH,20090527,13.7,13.91,13.62,13.7,13.67,0.03,0.22,24724.49,33998.738
2592,600725.SH,20090526,13.78,13.83,13.58,13.67,13.77,-0.1,-0.73,37496.97,51354.216
2593,600725.SH,20090525,13.68,13.84,13.41,13.77,13.99,-0.22,-1.57,41992.96,57177.82
2594,600725.SH,20090522,14.0,14.35,13.8,13.99,14.12,-0.13,-0.92,36932.64,51863.277
2595,600725.SH,20090521,14.64,14.83,14.1,14.12,14.64,-0.52,-3.55,53535.57,77050.149
2596,600725.SH,20090520,14.43,15.13,14.31,14.64,14.5,0.14,0.97,63372.6,93941.596
2597,600725.SH,20090519,14.28,14.85,14.25,14.5,14.27,0.23,1.61,51360.68,75126.425
2598,600725.SH,20090518,14.5,14.76,13.88,14.27,14.67,-0.4,-2.73,49632.92,70542.45
2599,600725.SH,20090515,15.3,15.3,14.63,14.67,15.29,-0.62,-4.05,62135.25,92457.846
2600,600725.SH,20090514,14.89,15.58,14.68,15.49,15.1,0.39,2.58,101797.39,154755.095
2601,600725.SH,20090513,14.48,15.14,14.34,15.1,14.52,0.58,3.99,100901.5,149469.427
2602,600725.SH,20090512,14.3,14.52,13.92,14.52,14.48,0.04,0.28,63396.02,90298.782
2603,600725.SH,20090511,14.08,14.99,13.9,14.48,14.06,0.42,2.99,123526.75,179679.164
2604,600725.SH,20090508,13.97,14.28,13.5,14.06,14.0,0.06,0.43,46293.82,65239.795
2605,600725.SH,20090507,14.21,14.51,13.71,14.0,14.08,-0.08,-0.57,57396.92,81107.62
2606,600725.SH,20090506,13.99,14.23,13.94,14.08,13.92,0.16,1.15,43471.1,61166.493
2607,600725.SH,20090505,14.2,14.26,13.7,13.92,14.15,-0.23,-1.63,55650.87,77695.6
2608,600725.SH,20090504,13.37,14.18,13.36,14.15,13.37,0.78,5.83,48529.46,67358.093
2609,600725.SH,20090430,13.5,13.6,13.3,13.37,13.5,-0.13,-0.96,33358.78,44743.013
2610,600725.SH,20090429,13.2,13.59,13.2,13.5,13.37,0.13,0.97,33289.28,44626.349
2611,600725.SH,20090428,12.95,13.5,12.85,13.37,13.19,0.18,1.36,28979.53,38270.288
2612,600725.SH,20090427,13.94,13.94,13.18,13.19,13.94,-0.75,-5.38,40851.11,55023.388
2613,600725.SH,20090424,14.15,14.36,13.92,13.94,14.25,-0.31,-2.18,44295.72,62390.652
2614,600725.SH,20090423,14.5,14.59,13.9,14.25,14.76,-0.51,-3.46,79172.04,112011.006
2615,600725.SH,20090422,16.01,16.11,14.7,14.76,15.91,-1.15,-7.23,92091.4,142360.807
2616,600725.SH,20090421,15.25,16.2,15.05,15.91,15.38,0.53,3.45,141331.57,223295.624
2617,600725.SH,20090420,14.97,15.59,14.8,15.38,14.99,0.39,2.6,64343.98,98356.321
2618,600725.SH,20090417,15.6,15.6,14.9,14.99,15.68,-0.69,-4.4,105236.56,159600.088
2619,600725.SH,20090416,14.89,15.88,14.85,15.68,14.89,0.79,5.31,122387.73,187994.011
2620,600725.SH,20090415,14.58,14.9,14.31,14.89,14.63,0.26,1.78,77325.02,112877.822
2621,600725.SH,20090414,14.83,14.83,14.51,14.63,14.83,-0.2,-1.35,71481.86,104441.892
2622,600725.SH,20090413,14.58,15.07,14.5,14.83,14.56,0.27,1.85,86094.76,127334.23
2623,600725.SH,20090410,14.37,14.7,14.02,14.56,14.25,0.31,2.18,80994.69,116657.894
2624,600725.SH,20090409,14.39,14.59,13.96,14.25,14.44,-0.19,-1.32,71357.36,101550.289
2625,600725.SH,20090408,15.68,15.68,14.4,14.44,15.75,-1.31,-8.32,71956.16,107805.143
2626,600725.SH,20090407,16.14,16.28,15.65,15.75,16.14,-0.39,-2.42,60244.13,95684.361
2627,600725.SH,20090403,15.83,16.49,15.71,16.14,15.85,0.29,1.83,96022.12,154688.353
2628,600725.SH,20090402,16.0,16.36,15.61,15.85,16.02,-0.17,-1.06,96070.52,153036.178
2629,600725.SH,20090401,15.12,16.07,15.11,16.02,15.05,0.97,6.45,99870.52,155569.313
2630,600725.SH,20090331,14.75,15.1,14.68,15.05,15.36,-0.31,-2.02,67290.61,100366.971
2631,600725.SH,20090330,15.28,15.49,14.82,15.36,15.24,0.12,0.79,52462.12,79786.576
2632,600725.SH,20090327,15.55,15.66,15.17,15.24,15.49,-0.25,-1.61,65162.01,99864.759
2633,600725.SH,20090326,15.41,15.65,14.68,15.49,15.52,-0.03,-0.19,104625.87,158530.64
2634,600725.SH,20090325,15.66,16.1,15.5,15.52,15.72,-0.2,-1.27,80159.47,126788.808
2635,600725.SH,20090324,15.94,16.83,15.61,15.72,15.54,0.18,1.16,148677.11,241401.72
2636,600725.SH,20090320,14.84,15.85,14.61,15.54,14.72,0.82,5.57,180615.2,277786.359
2637,600725.SH,20090319,14.3,14.74,13.96,14.72,14.12,0.6,4.25,115461.24,166264.986
2638,600725.SH,20090318,13.96,14.37,13.96,14.12,13.9,0.22,1.58,112085.54,159275.184
2639,600725.SH,20090317,13.1,14.06,13.02,13.9,13.1,0.8,6.11,85337.75,115354.878
2640,600725.SH,20090316,13.27,13.34,12.82,13.1,13.26,-0.16,-1.21,60572.65,78777.988
2641,600725.SH,20090313,13.45,13.91,13.24,13.26,13.53,-0.27,-2.0,50815.72,68937.684
2642,600725.SH,20090312,13.65,13.78,13.1,13.53,13.87,-0.34,-2.45,62081.59,83204.929
2643,600725.SH,20090311,14.27,14.27,13.82,13.87,13.91,-0.04,-0.29,79662.08,111635.173
2644,600725.SH,20090310,13.7,13.93,13.29,13.91,13.91,0.0,0.0,66263.95,90273.332
2645,600725.SH,20090309,13.8,14.32,13.58,13.91,13.78,0.13,0.94,94502.42,132336.198
2646,600725.SH,20090306,13.9,13.9,13.46,13.78,14.12,-0.34,-2.41,85444.16,117197.071
2647,600725.SH,20090305,14.56,14.61,13.7,14.12,14.44,-0.32,-2.22,176983.66,251351.751
2648,600725.SH,20090304,13.38,14.62,13.3,14.44,13.46,0.98,7.28,162381.64,227420.327
2649,600725.SH,20090303,13.58,13.76,12.89,13.46,14.25,-0.79,-5.54,166774.86,223163.889
2650,600725.SH,20090302,13.66,14.63,13.66,14.25,15.18,-0.93,-6.13,217390.88,304115.54
2651,600725.SH,20090227,16.5,16.85,15.18,15.18,16.87,-1.69,-10.02,126084.25,196223.358
2652,600725.SH,20090226,18.65,19.1,16.69,16.87,18.54,-1.67,-9.01,156793.19,279964.93
2653,600725.SH,20090225,17.12,18.54,17.12,18.54,16.85,1.69,10.03,166508.92,296434.541
2654,600725.SH,20090224,17.18,18.1,16.81,16.85,17.39,-0.54,-3.11,127036.21,220989.834
2655,600725.SH,20090223,16.58,17.42,16.4,17.39,16.65,0.74,4.44,94089.51,161100.63
2656,600725.SH,20090220,15.8,17.03,15.52,16.65,15.69,0.96,6.12,99349.52,163311.667
2657,600725.SH,20090219,15.8,15.93,15.33,15.69,15.27,0.42,2.75,71023.2,111047.237
2658,600725.SH,20090218,16.32,16.67,15.2,15.27,16.84,-1.57,-9.32,125945.76,201590.572
2659,600725.SH,20090217,17.51,17.97,16.8,16.84,17.82,-0.98,-5.5,110201.67,191073.737
2660,600725.SH,20090216,16.92,17.86,16.4,17.82,16.87,0.95,5.63,117946.77,200374.438
2661,600725.SH,20090213,16.52,17.2,16.31,16.87,16.35,0.52,3.18,84274.03,141773.609
2662,600725.SH,20090212,16.59,16.82,15.52,16.35,16.63,-0.28,-1.68,109881.04,176970.576
2663,600725.SH,20090211,16.0,17.3,16.0,16.63,16.67,-0.04,-0.24,129658.18,217349.941
2664,600725.SH,20090210,15.09,16.67,14.56,16.67,15.15,1.52,10.03,122637.32,186754.157
2665,600725.SH,20090209,15.25,15.47,14.71,15.15,14.65,0.5,3.41,108902.13,163767.153
2666,600725.SH,20090206,13.7,14.67,13.7,14.65,13.83,0.82,5.93,110835.75,158761.862
2667,600725.SH,20090205,13.75,14.56,13.47,13.83,13.68,0.15,1.1,132739.45,187018.364
2668,600725.SH,20090204,13.52,13.69,13.32,13.68,13.46,0.22,1.63,84874.05,114482.848
2669,600725.SH,20090203,13.38,13.67,13.05,13.46,13.38,0.08,0.6,94041.84,125948.722
2670,600725.SH,20090202,13.13,13.58,13.12,13.38,13.02,0.36,2.77,89507.53,118995.248
2671,600725.SH,20090123,12.85,13.14,12.7,13.02,12.81,0.21,1.64,102589.74,132933.453
2672,600725.SH,20090122,12.75,12.98,12.35,12.81,12.62,0.19,1.51,87704.09,112061.022
2673,600725.SH,20090121,11.83,12.75,11.71,12.62,12.02,0.6,4.99,121634.17,150541.712
2674,600725.SH,20090120,11.95,12.09,11.76,12.02,12.06,-0.04,-0.33,38442.09,45918.587
2675,600725.SH,20090119,12.0,12.19,11.55,12.06,11.91,0.15,1.26,52604.16,62499.845
2676,600725.SH,20090116,11.98,12.3,11.73,11.91,11.86,0.05,0.42,62714.3,75741.349
2677,600725.SH,20090115,11.63,12.1,11.54,11.86,11.8,0.06,0.51,84747.79,100362.244
2678,600725.SH,20090114,10.98,11.85,10.96,11.8,10.98,0.82,7.47,59067.09,67765.027
2679,600725.SH,20090113,11.5,11.69,10.8,10.98,11.69,-0.71,-6.07,59022.14,66250.243
2680,600725.SH,20090112,11.67,12.08,11.54,11.69,11.55,0.14,1.21,53951.06,63980.272
2681,600725.SH,20090109,11.28,11.68,11.2,11.55,11.2,0.35,3.13,52730.22,60465.797
2682,600725.SH,20090108,11.12,11.4,10.81,11.2,11.43,-0.23,-2.01,66407.59,73741.27
2683,600725.SH,20090107,11.15,11.61,11.02,11.43,11.3,0.13,1.15,85702.54,96828.221
2684,600725.SH,20090106,10.33,11.39,10.18,11.3,10.35,0.95,9.18,104999.13,114703.717
2685,600725.SH,20090105,9.89,10.42,9.8,10.35,9.66,0.69,7.14,47446.44,47891.662
2686,600725.SH,20081231,10.06,10.1,9.65,9.66,9.98,-0.32,-3.21,19848.33,19526.473
2687,600725.SH,20081230,9.79,10.14,9.58,9.98,9.83,0.15,1.53,37072.35,36603.212
2688,600725.SH,20081229,9.99,9.99,9.41,9.83,10.0,-0.17,-1.7,49125.59,47302.867
2689,600725.SH,20081226,10.24,10.44,9.92,10.0,10.28,-0.28,-2.72,52815.81,54031.318
2690,600725.SH,20081225,10.34,10.56,9.97,10.28,10.26,0.02,0.19,42016.89,43217.654
2691,600725.SH,20081224,10.65,10.94,10.12,10.26,10.98,-0.72,-6.56,61849.75,65033.417
2692,600725.SH,20081223,12.35,12.37,10.96,10.98,12.18,-1.2,-9.85,81338.41,94077.235
2693,600725.SH,20081222,12.56,12.72,11.96,12.18,12.54,-0.36,-2.87,61331.52,75085.599
2694,600725.SH,20081219,12.25,12.88,12.2,12.54,12.35,0.19,1.54,72856.56,91918.085
2695,600725.SH,20081218,12.14,12.54,11.88,12.35,12.2,0.15,1.23,49062.15,59884.882
2696,600725.SH,20081217,12.1,12.58,11.52,12.2,12.04,0.16,1.33,65953.25,81216.767
2697,600725.SH,20081216,11.72,12.18,11.21,12.04,11.75,0.29,2.47,47943.28,55681.094
2698,600725.SH,20081215,12.1,12.18,11.31,11.75,11.88,-0.13,-1.09,56735.55,66770.918
2699,600725.SH,20081212,12.0,12.41,11.5,11.88,12.17,-0.29,-2.38,85066.99,102599.243
2700,600725.SH,20081211,13.18,13.28,12.08,12.17,13.3,-1.13,-8.5,102242.54,130734.474
2701,600725.SH,20081210,12.61,13.52,12.5,13.3,12.81,0.49,3.83,121878.04,158412.576
2702,600725.SH,20081209,12.5,12.85,12.11,12.81,12.6,0.21,1.67,116214.73,143520.232
2703,600725.SH,20081208,12.48,12.89,12.05,12.6,12.1,0.5,4.13,171462.56,213663.822
2704,600725.SH,20081205,10.9,12.1,10.9,12.1,11.0,1.1,10.0,141340.9,164469.55
2705,600725.SH,20081204,11.22,11.7,10.97,11.0,10.78,0.22,2.04,188044.85,212656.35
2706,600725.SH,20081203,9.98,10.78,9.93,10.78,9.8,0.98,10.0,128165.83,134699.526
2707,600725.SH,20081202,9.35,9.95,9.28,9.8,9.67,0.13,1.34,58006.51,56150.595
2708,600725.SH,20081201,9.17,9.69,9.17,9.67,9.27,0.4,4.32,46696.44,44363.576
2709,600725.SH,20081128,9.6,9.69,9.2,9.27,9.79,-0.52,-5.31,55861.78,52592.785
2710,600725.SH,20081127,10.6,10.6,9.77,9.79,9.83,-0.04,-0.41,84181.05,86102.238
2711,600725.SH,20081126,9.62,9.97,9.41,9.83,9.62,0.21,2.18,31690.4,30835.38
2712,600725.SH,20081125,10.13,10.29,9.33,9.62,9.94,-0.32,-3.22,57923.83,56697.049
2713,600725.SH,20081124,10.78,10.98,9.9,9.94,10.5,-0.56,-5.33,134897.73,142318.841
2714,600725.SH,20081121,9.83,10.6,9.43,10.5,10.2,0.3,2.94,109374.61,110663.781
2715,600725.SH,20081120,9.8,10.4,9.41,10.2,10.05,0.15,1.49,88597.51,87915.471
2716,600725.SH,20081119,9.22,10.12,9.2,10.05,9.4,0.65,6.91,64940.51,62724.301
2717,600725.SH,20081118,10.3,10.6,9.4,9.4,10.44,-1.04,-9.96,111856.59,109726.983
2718,600725.SH,20081117,10.18,10.55,9.9,10.44,10.23,0.21,2.05,90252.73,92240.64
2719,600725.SH,20081114,9.4,10.25,9.16,10.23,9.32,0.91,9.76,111986.41,108039.029
2720,600725.SH,20081113,8.62,9.57,8.51,9.32,8.73,0.59,6.76,96365.79,88302.21
2721,600725.SH,20081112,8.4,8.77,8.4,8.73,8.6,0.13,1.51,37259.47,32012.553
2722,600725.SH,20081111,8.55,8.95,8.36,8.6,8.56,0.04,0.47,57362.09,49958.627
2723,600725.SH,20081110,8.1,8.7,8.08,8.56,7.98,0.58,7.27,63019.51,52823.302
2724,600725.SH,20081107,7.56,8.01,7.56,7.98,7.86,0.12,1.53,17320.62,13652.617
2725,600725.SH,20081106,7.89,8.12,7.78,7.86,8.1,-0.24,-2.96,20144.05,15832.985
2726,600725.SH,20081105,7.9,8.24,7.89,8.1,7.76,0.34,4.38,24673.05,19983.858
2727,600725.SH,20081104,7.96,8.01,7.7,7.76,8.08,-0.32,-3.96,13310.13,10378.25
2728,600725.SH,20081103,8.01,8.2,7.92,8.08,8.1,-0.02,-0.25,12607.25,10187.455
2729,600725.SH,20081031,8.06,8.3,7.97,8.1,8.0,0.1,1.25,20279.26,16468.027
2730,600725.SH,20081030,7.98,8.18,7.9,8.0,7.84,0.16,2.04,24698.56,19884.617
2731,600725.SH,20081029,8.4,8.45,7.81,7.84,8.28,-0.44,-5.31,26926.09,21652.481
2732,600725.SH,20081028,7.55,8.39,7.5,8.28,7.94,0.34,4.28,29982.68,23973.518
2733,600725.SH,20081027,8.8,8.8,7.94,7.94,8.82,-0.88,-9.98,26136.9,21607.049
2734,600725.SH,20081024,9.14,9.35,8.67,8.82,9.15,-0.33,-3.61,25583.11,22897.398
2735,600725.SH,20081023,8.4,9.17,8.29,9.15,8.74,0.41,4.69,30307.77,26905.061
2736,600725.SH,20081022,9.0,9.29,8.69,8.74,9.19,-0.45,-4.9,34566.22,30875.159
2737,600725.SH,20081021,8.97,9.58,8.88,9.19,8.87,0.32,3.61,62944.12,58561.785
2738,600725.SH,20081020,8.58,8.98,8.29,8.87,8.69,0.18,2.07,39336.54,34229.592
2739,600725.SH,20081017,9.02,9.14,8.5,8.69,8.97,-0.28,-3.12,34059.08,29651.321
2740,600725.SH,20081016,9.59,9.8,8.97,8.97,9.97,-1.0,-10.03,46627.8,42321.802
2741,600725.SH,20081015,10.61,10.61,9.7,9.97,10.68,-0.71,-6.65,26306.99,26521.691
2742,600725.SH,20081014,12.19,12.34,10.68,10.68,11.87,-1.19,-10.03,37765.9,43983.56
2743,600725.SH,20081013,11.3,11.9,11.15,11.87,12.39,-0.52,-4.2,45416.04,51112.165
2744,600725.SH,20081009,13.0,13.0,12.37,12.39,12.66,-0.27,-2.13,12472.18,15775.126
2745,600725.SH,20081008,12.71,13.17,12.5,12.66,13.16,-0.5,-3.8,16277.88,20736.469
2746,600725.SH,20081007,13.1,13.25,12.35,13.16,13.51,-0.35,-2.59,26109.53,33653.684
2747,600725.SH,20081006,14.49,14.49,13.49,13.51,14.73,-1.22,-8.28,51452.7,71951.821
2748,600725.SH,20080926,13.5,14.73,13.5,14.73,13.39,1.34,10.01,65048.87,92858.2
2749,600725.SH,20080925,13.2,13.9,13.15,13.39,13.19,0.2,1.52,44943.11,60453.213
2750,600725.SH,20080924,12.8,13.2,12.5,13.19,13.15,0.04,0.3,16712.68,21319.138
2751,600725.SH,20080923,13.51,14.1,13.1,13.15,14.35,-1.2,-8.36,27029.92,36945.187
2752,600725.SH,20080922,14.0,14.62,13.6,14.35,13.29,1.06,7.98,56506.68,80060.55
2753,600725.SH,20080919,13.25,13.29,12.92,13.29,12.08,1.21,10.02,20227.86,26733.151
2754,600725.SH,20080918,12.26,12.4,11.32,12.08,12.5,-0.42,-3.36,16274.05,19378.166
2755,600725.SH,20080917,12.83,12.88,12.33,12.5,12.77,-0.27,-2.11,10583.55,13296.382
2756,600725.SH,20080916,13.04,13.29,12.6,12.77,13.17,-0.4,-3.04,18406.16,23792.788
2757,600725.SH,20080912,13.13,13.33,12.84,13.17,13.13,0.04,0.3,14502.77,19014.276
2758,600725.SH,20080911,12.96,13.38,12.88,13.13,12.94,0.19,1.47,19992.22,26153.931
2759,600725.SH,20080910,12.49,13.12,12.22,12.94,12.68,0.26,2.05,19358.59,24840.621
2760,600725.SH,20080909,12.6,12.99,12.42,12.68,12.55,0.13,1.04,14226.89,18016.174
2761,600725.SH,20080908,12.52,12.78,12.23,12.55,12.71,-0.16,-1.26,16333.78,20455.93
2762,600725.SH,20080905,13.41,13.41,12.6,12.71,13.87,-1.16,-8.36,32020.03,41298.386
2763,600725.SH,20080904,14.04,14.12,13.52,13.87,14.14,-0.27,-1.91,27821.16,38450.197
2764,600725.SH,20080903,13.8,14.3,13.56,14.14,13.86,0.28,2.02,44902.75,62974.905
2765,600725.SH,20080902,14.0,14.0,13.4,13.86,14.22,-0.36,-2.53,48126.72,66082.942
2766,600725.SH,20080901,15.75,15.75,14.22,14.22,15.8,-1.58,-10.0,40953.01,59593.379
2767,600725.SH,20080829,15.49,16.0,15.28,15.8,15.26,0.54,3.54,40340.05,63265.997
2768,600725.SH,20080828,15.56,15.73,15.1,15.26,15.53,-0.27,-1.74,6896.22,10607.35
2769,600725.SH,20080827,15.11,16.1,14.9,15.53,15.9,-0.37,-2.33,14911.15,22832.398
2770,600725.SH,20080826,17.68,17.68,15.9,15.9,17.67,-1.77,-10.02,10943.99,18130.27
2771,600725.SH,20080825,17.6,18.0,17.55,17.67,17.84,-0.17,-0.95,5436.02,9645.01
2772,600725.SH,20080822,17.3,18.2,17.25,17.84,17.7,0.14,0.79,9864.16,17409.97
2773,600725.SH,20080821,19.03,19.03,17.7,17.7,19.03,-1.33,-6.99,20999.41,38711.104
2774,600725.SH,20080820,17.3,19.03,17.0,19.03,17.3,1.73,10.0,23128.24,42984.092
2775,600725.SH,20080819,17.0,17.64,16.81,17.3,17.46,-0.16,-0.92,8973.0,15435.488
2776,600725.SH,20080818,19.5,19.68,17.46,17.46,19.4,-1.94,-10.0,14686.02,26474.33
2777,600725.SH,20080814,19.25,19.85,18.91,19.4,19.3,0.1,0.52,10693.82,20937.165
2778,600725.SH,20080813,19.99,19.99,18.3,19.3,19.98,-0.68,-3.4,13139.2,25199.633
2779,600725.SH,20080812,19.48,20.2,19.41,19.98,19.76,0.22,1.11,12488.37,24911.511
2780,600725.SH,20080811,21.65,21.65,19.76,19.76,21.95,-2.19,-9.98,32059.97,65207.782
2781,600725.SH,20080808,24.39,24.39,21.95,21.95,24.39,-2.44,-10.0,15331.55,35558.481
2782,600725.SH,20080807,25.1,25.28,24.1,24.39,25.09,-0.7,-2.79,13334.01,33062.099
2783,600725.SH,20080806,24.35,25.38,23.11,25.09,24.35,0.74,3.04,21184.68,51742.717
2784,600725.SH,20080805,26.35,26.63,24.2,24.35,26.37,-2.02,-7.66,16693.33,41912.894
2785,600725.SH,20080804,26.45,27.15,26.1,26.37,27.25,-0.88,-3.23,16079.72,42612.222
2786,600725.SH,20080801,28.0,28.0,26.32,27.25,28.62,-1.37,-4.79,34018.4,91550.838
2787,600725.SH,20080731,30.11,30.2,27.95,28.62,29.9,-1.28,-4.28,24731.5,70835.709
2788,600725.SH,20080730,31.13,31.13,29.82,29.9,31.45,-1.55,-4.93,14695.45,44623.672
2789,600725.SH,20080729,30.7,31.5,29.48,31.45,30.6,0.85,2.78,20570.17,62400.263
2790,600725.SH,20080728,31.0,31.55,30.4,30.6,30.89,-0.29,-0.94,17788.19,55186.517
2791,600725.SH,20080725,29.7,31.4,29.51,30.89,30.09,0.8,2.66,22504.58,68749.245
2792,600725.SH,20080724,30.42,30.7,29.7,30.09,30.43,-0.34,-1.12,22237.68,66773.758
2793,600725.SH,20080723,31.95,31.95,30.38,30.43,31.59,-1.16,-3.67,13714.67,42524.563
2794,600725.SH,20080722,31.47,31.98,31.22,31.59,31.24,0.35,1.12,16373.52,51833.004
2795,600725.SH,20080721,30.5,31.3,30.5,31.24,30.5,0.74,2.43,15531.9,48227.306
2796,600725.SH,20080718,31.3,31.3,29.5,30.5,30.91,-0.41,-1.33,11830.85,35936.684
2797,600725.SH,20080717,31.51,32.1,30.5,30.91,31.27,-0.36,-1.15,9882.21,30843.567
2798,600725.SH,20080716,32.75,32.75,30.82,31.27,32.76,-1.49,-4.55,13286.98,42162.596
2799,600725.SH,20080715,33.82,34.2,32.04,32.76,33.99,-1.23,-3.62,17908.28,58651.127
2800,600725.SH,20080714,33.94,34.0,33.08,33.99,33.85,0.14,0.41,12486.39,41955.23
2801,600725.SH,20080711,33.8,34.33,32.7,33.85,34.18,-0.33,-0.97,16640.64,55240.35
2802,600725.SH,20080710,34.61,35.6,34.11,34.18,35.25,-1.07,-3.04,12820.19,44659.934
2803,600725.SH,20080709,34.99,35.29,34.2,35.25,34.66,0.59,1.7,16383.11,56770.725
2804,600725.SH,20080708,35.29,36.1,34.41,34.66,35.28,-0.62,-1.76,20847.53,73254.124
2805,600725.SH,20080707,32.89,35.3,32.8,35.28,32.09,3.19,9.94,26341.96,89746.618
2806,600725.SH,20080704,33.19,33.49,31.8,32.09,33.16,-1.07,-3.23,9920.95,32113.376
2807,600725.SH,20080703,32.05,34.27,31.58,33.16,32.37,0.79,2.44,11249.17,37577.483
2808,600725.SH,20080702,32.0,33.04,31.3,32.37,31.99,0.38,1.19,8004.14,25998.388
2809,600725.SH,20080701,32.21,33.06,31.2,31.99,32.26,-0.27,-0.84,6137.32,19790.109
2810,600725.SH,20080630,30.51,32.99,30.5,32.26,32.0,0.26,0.81,10258.03,32104.612
2811,600725.SH,20080627,33.63,33.63,31.0,32.0,33.8,-1.8,-5.33,9300.62,29917.052
2812,600725.SH,20080626,32.88,33.99,32.32,33.8,32.93,0.87,2.64,10194.66,33962.371
2813,600725.SH,20080625,30.99,33.33,30.9,32.93,31.15,1.78,5.71,10710.02,34557.504
2814,600725.SH,20080624,30.99,31.84,30.5,31.15,30.99,0.16,0.52,9963.29,31141.167
2815,600725.SH,20080623,32.11,33.1,30.69,30.99,33.13,-2.14,-6.46,13554.08,43466.049
2816,600725.SH,20080620,32.01,34.05,30.01,33.13,31.33,1.8,5.75,12808.75,42016.116
2817,600725.SH,20080619,32.75,34.18,30.2,31.33,33.0,-1.67,-5.06,14632.61,47588.336
2818,600725.SH,20080618,30.65,33.67,28.98,33.0,30.61,2.39,7.81,13795.06,43297.747
2819,600725.SH,20080617,30.6,31.49,30.23,30.61,30.51,0.1,0.33,9042.02,27741.682
2820,600725.SH,20080616,31.4,32.0,29.8,30.51,31.59,-1.08,-3.42,8604.03,26468.809
2821,600725.SH,20080613,34.3,34.99,31.5,31.59,34.27,-2.68,-7.82,7938.02,26115.391
2822,600725.SH,20080612,35.78,35.99,32.9,34.27,35.82,-1.55,-4.33,12693.52,44358.773
2823,600725.SH,20080611,33.94,36.2,33.55,35.82,34.17,1.65,4.83,23991.58,85016.268
2824,600725.SH,20080610,33.0,34.45,31.52,34.17,33.75,0.42,1.24,19307.89,64071.252
2825,600725.SH,20080606,34.18,34.64,33.1,33.75,33.88,-0.13,-0.38,9750.43,32937.278
2826,600725.SH,20080605,35.5,35.79,33.3,33.88,36.14,-2.26,-6.25,36364.08,124329.741
2827,600725.SH,20080604,37.39,37.67,36.03,36.14,37.42,-1.28,-3.42,16998.62,62990.196
2828,600725.SH,20080603,37.5,37.74,36.51,37.42,37.69,-0.27,-0.72,14600.79,54017.051
2829,600725.SH,20080602,38.19,38.19,37.02,37.69,38.39,-0.7,-1.82,18591.03,69766.197
2830,600725.SH,20080530,39.2,39.29,37.5,38.39,39.09,-0.7,-1.79,10407.97,39936.386
2831,600725.SH,20080529,38.4,39.43,38.0,39.09,38.09,1.0,2.63,35533.47,138797.457
2832,600725.SH,20080528,37.09,38.4,36.81,38.09,37.09,1.0,2.7,21372.3,80829.169
2833,600725.SH,20080527,37.51,37.99,36.35,37.09,37.5,-0.41,-1.09,17791.88,66048.197
2834,600725.SH,20080526,36.6,38.38,36.2,37.5,36.59,0.91,2.49,46432.85,174313.093
2835,600725.SH,20080523,35.5,36.69,34.61,36.59,35.31,1.28,3.63,25691.47,93292.716
2836,600725.SH,20080522,34.6,36.2,33.82,35.31,34.62,0.69,1.99,19887.23,70903.705
2837,600725.SH,20080521,33.4,34.78,32.0,34.62,33.91,0.71,2.09,14145.78,47433.524
2838,600725.SH,20080520,36.7,36.98,33.1,33.91,36.78,-2.87,-7.8,14783.3,51685.969
2839,600725.SH,20080519,35.48,37.14,35.02,36.78,35.48,1.3,3.66,12395.03,44934.162
2840,600725.SH,20080516,37.28,37.48,35.1,35.48,37.28,-1.8,-4.83,14368.79,51874.615
2841,600725.SH,20080515,36.44,37.95,36.44,37.28,36.1,1.18,3.27,27790.2,103284.231
2842,600725.SH,20080514,35.0,36.8,35.0,36.1,35.05,1.05,3.0,14673.59,53158.041
2843,600725.SH,20080513,35.03,36.33,34.3,35.05,36.11,-1.06,-2.94,21407.1,75358.087
2844,600725.SH,20080512,34.0,36.99,33.5,36.11,33.96,2.15,6.33,37520.39,133283.66
2845,600725.SH,20080509,33.4,34.45,32.29,33.96,32.5,1.46,4.49,34458.84,116359.58
2846,600725.SH,20080508,30.75,32.58,30.35,32.5,31.32,1.18,3.77,11626.0,36875.691
2847,600725.SH,20080507,33.1,33.58,31.2,31.32,33.14,-1.82,-5.49,10329.61,33731.433
2848,600725.SH,20080506,32.4,33.69,31.8,33.14,32.93,0.21,0.64,14827.14,48253.826
2849,600725.SH,20080505,33.0,33.5,32.17,32.93,32.52,0.41,1.26,18290.19,60240.567
2850,600725.SH,20080430,31.1,33.05,31.1,32.52,31.52,1.0,3.17,19792.76,64055.785
2851,600725.SH,20080429,31.44,32.95,31.11,31.52,31.48,0.04,0.13,11758.17,37296.368
2852,600725.SH,20080428,30.78,31.84,30.18,31.48,31.28,0.2,0.64,11111.77,34429.298
2853,600725.SH,20080425,30.0,33.0,30.0,31.28,30.8,0.48,1.56,20333.27,64795.404
2854,600725.SH,20080424,30.8,30.8,29.4,30.8,28.0,2.8,10.0,27883.25,84944.716
2855,600725.SH,20080423,25.65,28.11,25.05,28.0,26.15,1.85,7.07,11918.91,31815.841
2856,600725.SH,20080422,25.51,26.18,24.06,26.15,25.74,0.41,1.59,10465.81,26042.129
2857,600725.SH,20080421,28.13,28.13,25.66,25.74,25.7,0.04,0.16,18387.95,49305.358
2858,600725.SH,20080418,28.6,28.6,25.7,25.7,28.55,-2.85,-9.98,15274.97,40220.877
2859,600725.SH,20080417,30.99,31.97,28.18,28.55,31.3,-2.75,-8.79,14524.43,42338.546
2860,600725.SH,20080416,31.97,32.18,30.7,31.3,31.95,-0.65,-2.03,18609.49,58397.896
2861,600725.SH,20080415,30.3,32.02,29.61,31.95,30.3,1.65,5.45,19873.61,61542.645
2862,600725.SH,20080414,29.55,30.8,29.5,30.3,30.8,-0.5,-1.62,14245.68,42948.94
2863,600725.SH,20080411,30.0,30.9,29.83,30.8,29.97,0.83,2.77,13605.27,41545.961
2864,600725.SH,20080410,28.0,30.0,26.8,29.97,28.74,1.23,4.28,18454.61,52698.165
2865,600725.SH,20080409,29.0,30.04,28.62,28.74,29.7,-0.96,-3.23,16096.81,46776.994
2866,600725.SH,20080408,29.85,30.98,29.51,30.0,29.85,0.15,0.5,31059.35,94253.627
2867,600725.SH,20080407,26.08,29.85,26.03,29.85,27.14,2.71,9.99,30541.38,85768.63
2868,600725.SH,20080403,26.42,27.75,24.26,27.14,26.96,0.18,0.67,30859.14,78537.959
2869,600725.SH,20080402,27.98,28.5,26.61,26.96,25.96,1.0,3.85,14336.31,39807.749
2870,600725.SH,20080401,27.67,28.0,24.89,25.96,27.59,-1.63,-5.91,7236.41,18540.42
2871,600725.SH,20080331,29.35,29.5,27.57,27.59,30.26,-2.67,-8.82,9561.68,27008.357
2872,600725.SH,20080328,27.66,30.3,26.91,30.26,28.68,1.58,5.51,8024.96,23511.096
2873,600725.SH,20080327,30.11,30.7,27.92,28.68,31.0,-2.32,-7.48,14723.3,42740.979
2874,600725.SH,20080326,30.81,31.77,30.15,31.0,30.99,0.01,0.03,11415.58,35634.977
2875,600725.SH,20080325,33.26,33.26,29.98,30.99,33.31,-2.32,-6.96,16490.97,50802.249
2876,600725.SH,20080324,35.5,35.5,33.16,33.31,34.9,-1.59,-4.56,6885.94,23491.265
2877,600725.SH,20080321,37.0,37.4,34.5,34.9,37.0,-2.1,-5.68,9912.07,35138.227
2878,600725.SH,20080320,34.69,37.2,33.5,37.0,35.55,1.45,4.08,6901.21,24775.718
2879,600725.SH,20080319,35.01,36.0,34.3,35.55,34.81,0.74,2.13,5565.26,19619.784
2880,600725.SH,20080318,33.6,35.12,33.5,34.81,34.72,0.09,0.26,9709.71,33119.039
2881,600725.SH,20080317,35.5,36.0,33.78,34.72,36.04,-1.32,-3.66,7390.08,25381.382
2882,600725.SH,20080314,34.9,38.0,33.56,36.04,34.99,1.05,3.0,5438.83,18890.425
2883,600725.SH,20080313,37.08,37.8,34.6,34.99,37.09,-2.1,-5.66,9939.5,36280.902
2884,600725.SH,20080312,36.5,39.14,36.5,37.09,36.16,0.93,2.57,16060.7,60962.71
2885,600725.SH,20080311,36.0,36.69,35.5,36.16,36.0,0.16,0.44,7361.2,26468.498
2886,600725.SH,20080310,37.12,38.16,35.7,36.0,38.05,-2.05,-5.39,3921.82,14342.749
2887,600725.SH,20080307,38.42,38.89,38.01,38.05,38.4,-0.35,-0.91,1945.45,7447.79
2888,600725.SH,20080306,39.0,39.26,38.23,38.4,38.72,-0.32,-0.83,2751.08,10626.114
2889,600725.SH,20080305,38.38,39.8,37.88,38.72,38.4,0.32,0.83,13656.47,53583.772
2890,600725.SH,20080304,39.0,40.0,38.39,38.4,39.31,-0.91,-2.31,7702.83,30103.617
2891,600725.SH,20080303,37.0,39.5,37.0,39.31,37.31,2.0,5.36,14961.37,58498.313
2892,600725.SH,20080229,36.68,37.45,36.07,37.31,36.19,1.12,3.09,3472.37,12829.953
2893,600725.SH,20080228,35.3,36.99,35.3,36.19,35.64,0.55,1.54,4469.1,16145.536
2894,600725.SH,20080227,35.32,35.88,34.6,35.64,35.24,0.4,1.14,2393.51,8521.946
2895,600725.SH,20080226,36.25,36.9,34.16,35.24,35.31,-0.07,-0.2,5470.81,19294.489
2896,600725.SH,20080225,36.35,36.98,34.9,35.31,36.3,-0.99,-2.73,6111.88,21592.425
2897,600725.SH,20080222,37.25,37.25,36.05,36.3,37.12,-0.82,-2.21,5062.03,18397.868
2898,600725.SH,20080221,37.81,38.31,36.9,37.12,38.32,-1.2,-3.13,7473.55,28034.041
2899,600725.SH,20080220,39.21,39.45,38.1,38.32,39.18,-0.86,-2.2,5188.21,19965.853
2900,600725.SH,20080219,38.7,39.57,38.7,39.18,38.7,0.48,1.24,4155.84,16242.52
2901,600725.SH,20080218,38.5,39.15,37.55,38.7,37.99,0.71,1.87,6607.6,25483.325
2902,600725.SH,20080214,37.5,38.45,37.5,37.99,37.63,0.36,0.96,1387.66,5266.15
2903,600725.SH,20080213,37.99,38.5,37.5,37.63,38.06,-0.43,-1.13,2036.09,7723.229
2904,600725.SH,20080205,38.87,38.88,37.47,38.06,38.72,-0.66,-1.7,8148.6,31413.034
2905,600725.SH,20080204,37.0,39.0,36.98,38.72,35.6,3.12,8.76,7572.86,28952.925
2906,600725.SH,20080201,35.2,36.0,33.05,35.6,35.82,-0.22,-0.61,7763.34,27030.25
2907,600725.SH,20080131,36.75,37.15,35.0,35.82,36.75,-0.93,-2.53,9807.42,35149.136
2908,600725.SH,20080130,37.28,38.03,35.91,36.75,37.18,-0.43,-1.16,9984.52,36919.196
2909,600725.SH,20080129,37.9,38.2,36.5,37.18,36.2,0.98,2.71,10826.32,40165.182
2910,600725.SH,20080128,38.81,40.35,35.81,36.2,38.81,-2.61,-6.73,19150.38,72695.918
2911,600725.SH,20080125,40.7,40.7,38.7,38.81,40.1,-1.29,-3.22,9179.45,36440.798
2912,600725.SH,20080124,36.45,40.1,36.45,40.1,36.45,3.65,10.01,33146.79,129740.353
2913,600725.SH,20080123,35.96,37.28,32.01,36.45,34.96,1.49,4.26,31451.48,111116.142
2914,600725.SH,20080122,37.54,37.54,34.2,34.96,38.0,-3.04,-8.0,25591.63,90812.735
2915,600725.SH,20080121,40.0,40.1,37.31,38.0,39.64,-1.64,-4.14,20220.23,77808.062
2916,600725.SH,20080118,39.5,40.0,38.6,39.64,39.82,-0.18,-0.45,10135.77,39629.079
2917,600725.SH,20080117,40.81,41.0,38.0,39.82,40.81,-0.99,-2.43,25514.95,100892.817
2918,600725.SH,20080116,40.95,42.37,40.5,40.81,40.98,-0.17,-0.41,17650.08,72822.6
2919,600725.SH,20080115,40.0,41.6,40.0,40.98,39.85,1.13,2.84,22838.8,93561.452
2920,600725.SH,20080114,39.6,39.97,38.01,39.85,39.5,0.35,0.89,14953.71,58316.836
2921,600725.SH,20080111,40.85,40.85,39.22,39.5,40.7,-1.2,-2.95,20028.09,79071.796
2922,600725.SH,20080110,39.0,41.28,39.0,40.7,38.68,2.02,5.22,30112.58,121515.888
2923,600725.SH,20080109,37.92,38.98,37.31,38.68,38.13,0.55,1.44,14040.22,53385.308
2924,600725.SH,20080108,38.36,39.85,37.55,38.13,38.39,-0.26,-0.68,16756.59,65076.882
2925,600725.SH,20080107,38.5,38.65,37.18,38.39,38.49,-0.1,-0.26,18714.47,70897.819
2926,600725.SH,20080104,38.38,38.54,37.8,38.49,38.48,0.01,0.03,10232.67,39132.925
2927,600725.SH,20080103,36.2,38.68,36.19,38.48,36.51,1.97,5.4,25800.71,98284.168
2928,600725.SH,20080102,35.0,36.8,33.8,36.51,34.72,1.79,5.16,12138.66,43905.34
2929,600725.SH,20071228,34.0,34.87,33.8,34.72,34.49,0.23,0.67,14744.16,50614.082
2930,600725.SH,20071227,34.8,35.69,34.0,34.49,34.41,0.08,0.23,14450.01,49986.503
2931,600725.SH,20071226,34.0,34.5,33.31,34.41,33.68,0.73,2.17,7709.58,26257.882
2932,600725.SH,20071225,33.31,34.65,33.3,33.68,33.18,0.5,1.51,16294.94,55425.687
2933,600725.SH,20071224,31.58,33.45,31.15,33.18,31.0,2.18,7.03,24811.03,81471.607
2934,600725.SH,20071221,30.61,31.47,30.6,31.0,30.84,0.16,0.52,5429.44,16784.717
2935,600725.SH,20071220,31.0,31.6,30.51,30.84,30.85,-0.01,-0.03,4300.46,13380.097
2936,600725.SH,20071219,30.3,31.01,30.3,30.85,30.35,0.5,1.65,5458.19,16772.966
2937,600725.SH,20071218,29.63,31.1,29.6,30.35,29.91,0.44,1.47,5917.34,18095.744
2938,600725.SH,20071217,29.6,30.5,29.2,29.91,29.48,0.43,1.46,8305.93,24954.907
2939,600725.SH,20071214,28.51,29.69,28.05,29.48,29.08,0.4,1.38,5828.23,16899.084
2940,600725.SH,20071213,30.58,30.58,28.35,29.08,30.37,-1.29,-4.25,11735.45,34402.234
2941,600725.SH,20071212,29.0,31.2,28.99,30.37,29.31,1.06,3.62,14817.24,45223.594
2942,600725.SH,20071211,28.99,29.58,28.7,29.31,28.99,0.32,1.1,8320.24,24304.818
2943,600725.SH,20071210,26.9,29.64,26.65,28.99,27.41,1.58,5.76,10725.65,30415.208
2944,600725.SH,20071207,27.2,27.6,26.8,27.41,27.15,0.26,0.96,4313.68,11779.754
2945,600725.SH,20071206,27.0,27.2,26.5,27.15,26.77,0.38,1.42,5403.58,14570.229
2946,600725.SH,20071205,26.28,26.83,25.98,26.77,26.21,0.56,2.14,8897.5,23547.034
2947,600725.SH,20071204,25.36,26.38,25.06,26.21,25.01,1.2,4.8,9103.56,23647.18
2948,600725.SH,20071203,25.7,26.0,24.92,25.01,25.57,-0.56,-2.19,10530.16,26473.876
2949,600725.SH,20071130,27.04,27.04,25.4,25.57,27.04,-1.47,-5.44,7058.38,18432.747
2950,600725.SH,20071129,26.88,27.1,25.52,27.04,26.35,0.69,2.62,10440.27,27525.9
2951,600725.SH,20071128,28.0,28.0,25.8,26.35,27.9,-1.55,-5.56,7830.17,20887.924
2952,600725.SH,20071127,28.1,28.39,27.33,27.9,28.43,-0.53,-1.86,10088.97,27925.319
2953,600725.SH,20071126,29.5,29.98,28.36,28.43,29.17,-0.74,-2.54,7121.01,20625.013
2954,600725.SH,20071123,29.46,29.93,28.75,29.17,29.62,-0.45,-1.52,5666.24,16446.511
2955,600725.SH,20071122,30.0,30.36,29.01,29.62,30.6,-0.98,-3.2,12165.65,36207.291
2956,600725.SH,20071121,29.56,31.12,29.2,30.6,29.28,1.32,4.51,18835.06,57582.869
2957,600725.SH,20071120,28.75,29.5,28.13,29.28,28.65,0.63,2.2,7363.26,21191.396
2958,600725.SH,20071119,28.98,29.3,28.1,28.65,28.24,0.41,1.45,4439.77,12724.162
2959,600725.SH,20071115,29.7,29.7,28.18,28.24,29.67,-1.43,-4.82,8400.32,24221.807
2960,600725.SH,20071114,29.47,30.1,28.7,29.67,28.89,0.78,2.7,5001.33,14726.025
2961,600725.SH,20071113,28.82,30.1,28.51,28.89,28.82,0.07,0.24,7422.84,21802.726
2962,600725.SH,20071112,28.15,28.98,27.15,28.82,29.33,-0.51,-1.74,8677.67,24296.327
2963,600725.SH,20071109,31.02,31.5,28.17,29.33,31.08,-1.75,-5.63,16992.33,50274.601
2964,600725.SH,20071108,34.5,34.87,31.08,31.08,34.53,-3.45,-9.99,8220.27,26844.155
2965,600725.SH,20071107,35.19,35.5,33.71,34.53,35.19,-0.66,-1.88,4253.1,14651.423
2966,600725.SH,20071106,34.0,35.45,33.5,35.19,33.89,1.3,3.84,20323.17,71009.297
2967,600725.SH,20071105,33.1,34.95,33.1,33.89,34.08,-0.19,-0.56,10747.72,36824.994
2968,600725.SH,20071102,36.0,36.8,33.95,34.08,36.61,-2.53,-6.91,19099.22,66164.154
2969,600725.SH,20071101,39.0,39.0,36.36,36.61,37.68,-1.07,-2.84,12467.49,46168.392
2970,600725.SH,20071031,37.45,38.2,36.52,37.68,37.07,0.61,1.65,24461.14,92297.52
2971,600725.SH,20071030,35.4,37.5,34.3,37.07,35.07,2.0,5.7,23455.29,85179.193
2972,600725.SH,20071029,34.49,35.45,32.81,35.07,33.8,1.27,3.76,11399.16,39356.889
2973,600725.SH,20071026,34.0,35.2,33.75,33.8,34.08,-0.28,-0.82,16866.13,58187.859
2974,600725.SH,20071025,36.36,36.36,33.7,34.08,36.37,-2.29,-6.3,18545.9,64287.601
2975,600725.SH,20071024,38.96,38.96,35.83,36.37,37.1,-0.73,-1.97,14284.74,52283.657
2976,600725.SH,20071023,35.96,37.3,34.61,37.1,36.18,0.92,2.54,15701.72,57007.713
2977,600725.SH,20071022,36.36,37.32,35.28,36.18,37.28,-1.1,-2.95,13157.13,47579.286
2978,600725.SH,20071019,37.76,38.0,35.8,37.28,37.76,-0.48,-1.27,11005.56,40402.034
2979,600725.SH,20071018,38.7,39.98,37.0,37.76,38.78,-1.02,-2.63,13729.3,52487.091
2980,600725.SH,20071017,36.42,39.48,35.0,38.78,36.41,2.37,6.51,22557.78,85633.448
2981,600725.SH,20071016,35.4,36.86,34.2,36.41,35.53,0.88,2.48,32657.63,116619.94
2982,600725.SH,20071015,34.8,35.99,33.95,35.53,36.27,-0.74,-2.04,20452.01,71304.181
2983,600725.SH,20071012,36.98,37.2,33.75,36.27,36.97,-0.7,-1.89,46211.03,160341.283
2984,600725.SH,20071011,37.01,37.8,36.0,36.97,37.76,-0.79,-2.09,22250.47,81922.829
2985,600725.SH,20071010,37.41,38.25,36.0,37.76,37.66,0.1,0.27,20048.02,74466.851
2986,600725.SH,20071009,36.6,38.8,35.12,37.66,37.37,0.29,0.78,23051.31,85271.112
2987,600725.SH,20071008,35.95,39.31,35.5,37.37,35.74,1.63,4.56,77967.44,291032.877
2988,600725.SH,20070928,33.2,35.95,33.2,35.74,32.68,3.06,9.36,71890.99,253392.977
2989,600725.SH,20070927,29.88,32.71,29.8,32.68,29.88,2.8,9.37,43804.02,139150.844
2990,600725.SH,20070926,29.79,30.0,28.65,29.88,29.59,0.29,0.98,17086.29,50151.244
2991,600725.SH,20070925,29.34,30.3,28.8,29.59,29.58,0.01,0.03,21353.14,63372.748
2992,600725.SH,20070924,27.19,29.8,26.3,29.58,27.18,2.4,8.83,40894.5,118488.176
2993,600725.SH,20070921,27.94,28.49,26.73,27.18,27.94,-0.76,-2.72,13204.93,36009.644
2994,600725.SH,20070920,28.5,28.5,27.45,27.94,28.19,-0.25,-0.89,15008.93,41678.076
2995,600725.SH,20070919,29.9,30.13,28.05,28.19,29.48,-1.29,-4.38,19658.5,56478.927
2996,600725.SH,20070918,27.89,29.52,27.6,29.48,27.54,1.94,7.04,30119.23,87213.081
2997,600725.SH,20070917,27.28,27.98,26.71,27.54,27.27,0.27,0.99,17981.37,49304.202
2998,600725.SH,20070914,27.4,27.7,26.31,27.27,27.46,-0.19,-0.69,16778.27,44876.182
2999,600725.SH,20070913,26.99,27.5,26.2,27.46,26.9,0.56,2.08,15279.68,41634.967
3000,600725.SH,20070912,25.77,27.2,25.62,26.9,25.93,0.97,3.74,17989.0,47095.556
3001,600725.SH,20070911,28.7,28.7,25.6,25.93,28.36,-2.43,-8.57,37748.2,101929.562
3002,600725.SH,20070910,28.0,28.49,27.22,28.36,28.54,-0.18,-0.63,18623.2,51928.093
3003,600725.SH,20070907,30.56,30.56,28.0,28.54,30.81,-2.27,-7.37,31932.11,93855.601
3004,600725.SH,20070906,28.9,30.89,28.9,30.81,28.8,2.01,6.98,49041.08,148913.112
3005,600725.SH,20070905,28.3,29.8,28.01,28.8,28.2,0.6,2.13,32902.06,95981.201
3006,600725.SH,20070904,28.68,28.68,27.8,28.2,28.67,-0.47,-1.64,21266.4,59931.219
3007,600725.SH,20070903,26.59,28.7,26.58,28.67,26.74,1.93,7.22,35349.47,98413.069
3008,600725.SH,20070831,26.7,26.98,26.11,26.74,26.59,0.15,0.56,15777.87,41778.746
3009,600725.SH,20070830,27.41,27.41,26.5,26.59,27.25,-0.66,-2.42,25892.75,69166.394
3010,600725.SH,20070829,27.4,27.5,26.5,27.25,27.21,0.04,0.15,15703.52,42149.968
3011,600725.SH,20070828,27.01,27.39,26.23,27.21,27.41,-0.2,-0.73,24743.24,65875.817
3012,600725.SH,20070827,28.51,29.29,26.0,27.41,28.43,-1.02,-3.59,26455.68,74148.415
3013,600725.SH,20070824,29.0,29.1,28.0,28.43,28.61,-0.18,-0.63,21426.78,61271.479
3014,600725.SH,20070823,27.73,28.84,27.25,28.61,27.71,0.9,3.25,23190.6,65232.821
3015,600725.SH,20070822,27.32,27.9,27.2,27.71,27.6,0.11,0.4,15155.8,41667.725
3016,600725.SH,20070821,28.8,28.8,27.55,27.6,28.56,-0.96,-3.36,27954.46,77669.547
3017,600725.SH,20070820,27.83,28.67,27.5,28.56,27.5,1.06,3.85,11405.95,32255.655
3018,600725.SH,20070817,27.8,28.36,27.25,27.5,27.88,-0.38,-1.36,9787.81,26966.263
3019,600725.SH,20070816,28.0,28.01,27.01,27.88,28.31,-0.43,-1.52,12353.77,33976.485
3020,600725.SH,20070815,29.1,29.2,27.8,28.31,29.07,-0.76,-2.61,15437.63,43713.14
3021,600725.SH,20070814,28.8,29.18,28.52,29.07,28.67,0.4,1.4,18293.01,52789.308
3022,600725.SH,20070813,29.55,29.55,28.3,28.67,29.62,-0.95,-3.21,12558.87,36088.784
3023,600725.SH,20070810,30.09,30.09,28.3,29.62,29.68,-0.06,-0.2,23460.25,68061.66
3024,600725.SH,20070809,27.49,29.81,27.3,29.68,27.61,2.07,7.5,34357.65,99935.816
3025,600725.SH,20070808,28.08,28.5,26.95,27.61,28.63,-1.02,-3.56,22718.31,62558.914
3026,600725.SH,20070807,29.54,29.54,28.3,28.63,29.23,-0.6,-2.05,22843.33,65487.421
3027,600725.SH,20070806,28.21,29.29,28.01,29.23,28.21,1.02,3.62,25735.76,73250.383
3028,600725.SH,20070803,28.0,28.88,27.5,28.21,27.96,0.25,0.89,36673.7,102845.056
3029,600725.SH,20070802,27.0,27.99,26.8,27.96,26.57,1.39,5.23,21397.34,58809.23
3030,600725.SH,20070801,28.13,28.5,26.01,26.57,28.09,-1.52,-5.41,25247.72,69038.115
3031,600725.SH,20070731,26.79,28.88,26.74,28.09,26.35,1.74,6.6,39583.56,110944.577
3032,600725.SH,20070730,26.38,26.8,26.0,26.35,26.28,0.07,0.27,28362.33,74767.907
3033,600725.SH,20070727,26.35,26.8,25.9,26.28,26.46,-0.18,-0.68,12126.74,31877.715
3034,600725.SH,20070726,26.99,27.05,26.14,26.46,26.68,-0.22,-0.82,15476.82,40879.638
3035,600725.SH,20070725,25.86,26.98,25.8,26.68,25.86,0.82,3.17,14793.73,39151.833
3036,600725.SH,20070724,25.5,27.15,25.05,25.86,25.5,0.36,1.41,30799.21,81300.839
3037,600725.SH,20070723,23.76,25.8,23.75,25.5,23.75,1.75,7.37,32301.79,81189.863
3038,600725.SH,20070720,23.43,24.0,23.0,23.75,23.43,0.32,1.37,11898.18,28266.255
3039,600725.SH,20070719,23.32,23.63,22.71,23.43,23.63,-0.2,-0.85,11007.63,25460.691
3040,600725.SH,20070718,23.21,24.09,23.15,23.63,23.29,0.34,1.46,11277.08,26855.33
3041,600725.SH,20070717,23.1,24.0,23.0,23.29,23.27,0.02,0.09,14659.02,34407.454
3042,600725.SH,20070716,25.01,25.2,23.0,23.27,25.1,-1.83,-7.29,27203.53,65145.481
3043,600725.SH,20070713,24.05,25.78,23.6,25.1,24.51,0.59,2.41,30552.93,75176.498
3044,600725.SH,20070712,22.71,24.86,22.69,24.51,22.69,1.82,8.02,47384.68,113221.605
3045,600725.SH,20070711,22.73,23.1,22.31,22.69,22.9,-0.21,-0.92,10661.81,24168.805
3046,600725.SH,20070710,22.55,23.48,22.0,22.9,22.75,0.15,0.66,29989.9,68617.871
3047,600725.SH,20070709,21.2,23.15,20.02,22.75,21.12,1.63,7.72,34626.1,75404.07
3048,600725.SH,20070706,19.68,21.28,19.68,21.12,19.94,1.18,5.92,22014.91,44618.023
3049,600725.SH,20070705,21.5,22.1,19.93,19.94,22.14,-2.2,-9.94,23377.65,49043.986
3050,600725.SH,20070704,21.2,23.0,21.08,22.14,21.16,0.98,4.63,41053.01,92182.58
3051,600725.SH,20070703,21.0,21.38,20.05,21.16,20.94,0.22,1.05,20961.37,43646.816
3052,600725.SH,20070702,22.07,23.07,20.28,20.94,22.03,-1.09,-4.95,40849.17,87730.328
3053,600725.SH,20070629,22.0,23.5,21.61,22.03,23.01,-0.98,-4.26,44129.47,99397.147
3054,600725.SH,20070628,21.29,23.4,21.16,23.01,21.27,1.74,8.18,75425.63,170602.062
3055,600725.SH,20070627,20.42,21.31,20.3,21.27,20.31,0.96,4.73,27686.25,58002.214
3056,600725.SH,20070626,19.49,20.53,19.28,20.31,19.7,0.61,3.1,39819.64,79738.752
3057,600725.SH,20070625,20.05,20.69,19.6,19.7,20.0,-0.3,-1.5,37644.3,75428.156
3058,600725.SH,20070622,19.93,20.09,19.0,20.0,19.93,0.07,0.35,43932.86,85665.971
3059,600725.SH,20070621,20.28,20.7,19.65,19.93,20.32,-0.39,-1.92,27397.51,54743.467
3060,600725.SH,20070620,21.5,21.8,20.0,20.32,21.65,-1.33,-6.14,30249.27,63975.044
3061,600725.SH,20070619,20.7,22.1,20.55,21.65,21.15,0.5,2.36,36256.91,76756.878
3062,600725.SH,20070618,21.42,22.09,21.0,21.15,20.9,0.25,1.2,32753.77,70691.744
3063,600725.SH,20070615,20.3,21.2,20.12,20.9,20.48,0.42,2.05,32737.35,67978.589
3064,600725.SH,20070614,20.1,21.15,19.8,20.48,20.39,0.09,0.44,33600.27,69534.4
3065,600725.SH,20070613,20.3,20.98,19.78,20.39,20.2,0.19,0.94,52418.79,106833.964
3066,600725.SH,20070612,20.0,20.26,18.9,20.2,19.9,0.3,1.51,42921.74,85138.069
3067,600725.SH,20070611,20.06,20.22,19.62,19.9,19.88,0.02,0.1,28652.51,57043.006
3068,600725.SH,20070608,19.58,20.29,19.05,19.88,18.92,0.96,5.07,47429.18,93865.139
3069,600725.SH,20070607,17.16,18.92,17.16,18.92,17.2,1.72,10.0,40878.34,74659.425
3070,600725.SH,20070606,17.09,17.45,16.5,17.2,16.88,0.32,1.9,32080.33,54866.331
3071,600725.SH,20070605,15.19,16.92,14.51,16.88,15.74,1.14,7.24,44719.57,70486.086
3072,600725.SH,20070604,17.49,17.49,15.1,15.74,16.7,-0.96,-5.75,49643.71,79532.772
3073,600725.SH,20070601,17.71,18.5,15.95,16.7,17.62,-0.92,-5.22,39817.34,69436.041
3074,600725.SH,20070531,17.99,18.79,16.72,17.62,18.58,-0.96,-5.17,50890.31,89324.826
3075,600725.SH,20070530,19.4,20.2,18.58,18.58,20.64,-2.06,-9.98,46217.31,88630.071
3076,600725.SH,20070529,20.58,20.78,20.39,20.64,20.56,0.08,0.39,35680.96,73389.294
3077,600725.SH,20070528,20.5,21.15,20.39,20.56,20.37,0.19,0.93,27654.05,57116.188
3078,600725.SH,20070525,19.98,20.4,19.75,20.37,20.01,0.36,1.8,34825.84,70061.05
3079,600725.SH,20070524,20.48,21.2,19.82,20.01,20.51,-0.5,-2.44,33868.33,68954.144
3080,600725.SH,20070523,20.17,20.68,19.66,20.51,20.23,0.28,1.38,52537.98,105701.071
3081,600725.SH,20070522,22.2,22.2,20.1,20.23,20.18,0.05,0.25,70023.57,147143.145
3082,600725.SH,20070518,19.6,20.22,19.25,20.18,19.4,0.78,4.02,56553.09,111977.372
3083,600725.SH,20070517,18.1,19.42,18.1,19.4,18.12,1.28,7.06,47551.71,90220.512
3084,600725.SH,20070516,17.66,18.15,17.56,18.12,17.66,0.46,2.6,21197.91,38050.874
3085,600725.SH,20070515,17.75,18.18,17.64,17.66,17.94,-0.28,-1.56,25959.54,46500.823
3086,600725.SH,20070514,18.0,18.5,17.65,17.94,18.19,-0.25,-1.37,26766.26,48098.785
3087,600725.SH,20070511,18.6,18.98,18.0,18.19,18.63,-0.44,-2.36,26335.06,48339.385
3088,600725.SH,20070510,18.85,19.0,18.4,18.63,19.16,-0.53,-2.77,33426.84,62138.563
3089,600725.SH,20070509,19.51,19.52,17.7,19.16,19.48,-0.32,-1.64,40409.55,76288.38
3090,600725.SH,20070508,18.12,19.86,18.12,19.48,18.09,1.39,7.68,51227.73,96956.144
3091,600725.SH,20070430,18.43,19.1,17.88,18.09,18.43,-0.34,-1.84,58064.06,108093.639
3092,600725.SH,20070427,18.91,19.2,18.2,18.43,18.86,-0.43,-2.28,26012.28,48345.888
3093,600725.SH,20070426,19.19,19.9,18.77,18.86,19.34,-0.48,-2.48,32870.26,63160.276
3094,600725.SH,20070425,18.4,20.26,18.3,19.34,18.9,0.44,2.33,66368.26,130006.513
3095,600725.SH,20070424,17.36,19.1,16.9,18.9,17.36,1.54,8.87,69835.47,125914.354
3096,600725.SH,20070423,16.93,17.8,16.93,17.36,16.56,0.8,4.83,30353.51,52850.818
3097,600725.SH,20070420,15.2,16.56,15.2,16.56,15.05,1.51,10.03,64341.0,104088.49
3098,600725.SH,20070419,16.0,16.05,14.42,15.05,15.99,-0.94,-5.88,64084.42,99081.68
3099,600725.SH,20070418,15.95,16.16,15.3,15.99,15.95,0.04,0.25,29449.27,46594.45
3100,600725.SH,20070417,15.66,16.2,15.26,15.95,15.65,0.3,1.92,44101.75,69445.134
3101,600725.SH,20070416,15.3,15.8,14.78,15.65,15.35,0.3,1.95,48185.14,73346.654
3102,600725.SH,20070413,15.8,15.8,15.15,15.35,15.7,-0.35,-2.23,39907.5,61419.665
3103,600725.SH,20070412,15.45,16.1,15.38,15.7,15.46,0.24,1.55,33876.19,53410.841
3104,600725.SH,20070411,15.15,15.8,14.8,15.56,15.07,0.49,3.25,47334.81,72330.822
3105,600725.SH,20070410,14.18,15.47,14.08,15.07,14.11,0.96,6.8,60230.97,88525.982
3106,600725.SH,20070409,14.17,14.4,13.81,14.11,14.16,-0.05,-0.35,59444.01,83457.233
3107,600725.SH,20070406,14.42,14.7,14.02,14.16,14.43,-0.27,-1.87,37747.45,54163.984
3108,600725.SH,20070405,13.46,14.6,13.01,14.43,13.46,0.97,7.21,65775.87,90315.877
3109,600725.SH,20070404,13.0,13.6,12.9,13.46,12.97,0.49,3.78,54738.13,73122.591
3110,600725.SH,20070403,12.45,12.99,12.43,12.97,12.35,0.62,5.02,47676.53,60581.461
3111,600725.SH,20070402,11.89,12.48,11.87,12.35,11.75,0.6,5.11,37096.17,45342.539
3112,600725.SH,20070330,11.57,11.8,11.45,11.75,11.58,0.17,1.47,26921.54,31364.585
3113,600725.SH,20070329,12.32,12.4,11.58,11.58,12.32,-0.74,-6.01,48957.24,58224.592
3114,600725.SH,20070328,12.3,12.62,11.55,12.32,12.3,0.02,0.16,62333.0,75387.06
3115,600725.SH,20070327,11.8,12.51,11.75,12.3,11.83,0.47,3.97,62626.55,75783.919
3116,600725.SH,20070326,11.51,12.08,11.5,11.83,11.51,0.32,2.78,44645.82,53138.632
3117,600725.SH,20070323,11.49,11.8,11.31,11.51,11.52,-0.01,-0.09,55028.04,63485.773
3118,600725.SH,20070322,11.1,11.8,11.1,11.52,11.04,0.48,4.35,74606.61,84998.982
3119,600725.SH,20070321,10.65,11.14,10.61,11.04,10.55,0.49,4.64,60761.94,66719.654
3120,600725.SH,20070320,10.26,10.64,10.26,10.55,10.26,0.29,2.83,37823.09,39602.633
3121,600725.SH,20070319,9.8,10.3,9.71,10.26,10.0,0.26,2.6,32979.48,33533.825
3122,600725.SH,20070316,10.3,10.37,9.91,10.0,10.3,-0.3,-2.91,30302.56,30555.556
3123,600725.SH,20070315,10.02,10.45,10.02,10.3,10.21,0.09,0.88,29054.76,29802.608
3124,600725.SH,20070314,10.45,10.45,9.99,10.21,10.64,-0.43,-4.04,33929.78,34589.703
3125,600725.SH,20070313,10.36,10.78,10.3,10.64,10.34,0.3,2.9,38386.35,40500.784
3126,600725.SH,20070312,10.25,10.35,10.01,10.34,10.25,0.09,0.88,25527.34,25935.895
3127,600725.SH,20070309,10.19,10.39,10.1,10.25,10.15,0.1,0.99,30431.34,31189.736
3128,600725.SH,20070308,10.19,10.19,9.91,10.15,10.04,0.11,1.1,32550.58,32683.901
3129,600725.SH,20070307,9.75,10.1,9.73,10.04,9.71,0.33,3.4,22921.01,22883.282
3130,600725.SH,20070306,9.64,9.88,9.6,9.71,9.68,0.03,0.31,15368.47,14949.835
3131,600725.SH,20070305,9.9,10.19,9.49,9.68,9.94,-0.26,-2.62,26470.54,25934.911
3132,600725.SH,20070302,9.85,10.14,9.83,9.94,9.88,0.06,0.61,20481.53,20421.056
3133,600725.SH,20070301,10.8,10.81,9.8,9.88,10.83,-0.95,-8.77,43957.45,44428.655
3134,600725.SH,20070228,10.1,11.0,10.1,10.83,11.22,-0.39,-3.48,67132.54,69594.064
3135,600725.SH,20070226,11.0,11.25,10.93,11.22,10.97,0.25,2.28,33272.72,36893.366
3136,600725.SH,20070216,10.75,11.25,10.75,10.97,10.63,0.34,3.2,38175.44,41939.629
3137,600725.SH,20070215,10.52,10.75,10.36,10.63,10.42,0.21,2.02,28863.42,30505.018
3138,600725.SH,20070214,10.21,10.58,10.18,10.42,10.2,0.22,2.16,30359.84,31766.288
3139,600725.SH,20070213,10.28,10.29,9.98,10.2,10.18,0.02,0.2,33241.81,33555.765
3140,600725.SH,20070212,10.35,10.58,10.1,10.18,10.08,0.1,0.99,36658.41,37719.056
3141,600725.SH,20070209,9.72,10.23,9.63,10.08,9.72,0.36,3.7,53606.35,53663.638
3142,600725.SH,20070208,9.55,9.89,9.48,9.72,9.55,0.17,1.78,34547.95,33709.452
3143,600725.SH,20070207,9.53,9.7,9.4,9.55,9.5,0.05,0.53,29350.35,27975.75
3144,600725.SH,20070206,9.11,9.66,9.11,9.5,9.06,0.44,4.86,36869.69,34769.685
3145,600725.SH,20070205,8.84,9.19,8.8,9.06,8.94,0.12,1.34,17835.91,16100.669
3146,600725.SH,20070202,9.15,9.25,8.82,8.94,9.15,-0.21,-2.3,28403.53,25439.81
3147,600725.SH,20070201,9.1,9.35,8.76,9.15,9.33,-0.18,-1.93,31831.69,28913.979
3148,600725.SH,20070131,9.5,10.03,9.0,9.33,9.47,-0.14,-1.48,82362.67,79893.891
3149,600725.SH,20070130,8.9,9.6,8.8,9.47,8.83,0.64,7.25,62398.26,57746.517
3150,600725.SH,20070129,9.14,9.18,8.71,8.83,8.95,-0.12,-1.34,47198.68,42132.494
3151,600725.SH,20070126,8.68,8.98,8.24,8.95,8.79,0.16,1.82,32455.56,27903.141
3152,600725.SH,20070125,9.49,9.54,8.7,8.79,9.57,-0.78,-8.15,37771.76,34170.19
3153,600725.SH,20070124,9.62,9.7,9.32,9.57,9.72,-0.15,-1.54,28089.82,26661.617
3154,600725.SH,20070123,9.85,9.85,9.42,9.72,9.86,-0.14,-1.42,40127.56,38666.718
3155,600725.SH,20070122,9.27,10.05,9.27,9.86,9.25,0.61,6.59,47873.43,46437.868
3156,600725.SH,20070119,9.16,9.44,9.1,9.25,9.17,0.08,0.87,37529.8,34935.522
3157,600725.SH,20070118,8.95,9.31,8.65,9.17,8.98,0.19,2.12,33817.32,30194.202
3158,600725.SH,20070117,9.35,9.45,8.8,8.98,9.33,-0.35,-3.75,55971.05,51103.084
3159,600725.SH,20070116,8.75,9.5,8.53,9.33,8.76,0.57,6.51,68361.68,61008.163
3160,600725.SH,20070115,7.87,8.76,7.87,8.76,7.96,0.8,10.05,52442.96,43521.271
3161,600725.SH,20070112,8.2,8.48,7.81,7.96,8.21,-0.25,-3.05,57061.7,46638.207
3162,600725.SH,20070111,8.05,8.45,8.0,8.21,8.05,0.16,1.99,67490.99,55438.492
3163,600725.SH,20070110,7.44,8.06,7.44,8.05,7.36,0.69,9.38,68317.09,53243.084
3164,600725.SH,20070109,7.37,7.44,7.25,7.36,7.25,0.11,1.52,33694.73,24698.635
3165,600725.SH,20070108,7.05,7.38,7.0,7.25,6.94,0.31,4.47,40712.68,29193.139
3166,600725.SH,20070105,6.74,6.98,6.62,6.94,6.75,0.19,2.81,26319.25,17939.05
3167,600725.SH,20070104,6.68,6.88,6.61,6.75,6.66,0.09,1.35,32094.3,21551.892
3168,600725.SH,20061229,6.7,6.75,6.58,6.66,6.63,0.03,0.45,29710.17,19781.137
3169,600725.SH,20061228,6.9,7.09,6.63,6.63,6.89,-0.26,-3.77,29740.03,20238.87
3170,600725.SH,20061227,6.8,7.02,6.71,6.89,6.8,0.09,1.32,24224.6,16609.24
3171,600725.SH,20061226,7.1,7.13,6.68,6.8,6.94,-0.14,-2.02,36249.05,24737.492
3172,600725.SH,20061222,7.44,7.44,6.86,6.94,7.25,-0.31,-4.28,78611.79,55891.962
3173,600725.SH,20061221,6.65,7.25,6.65,7.25,6.59,0.66,10.02,85474.22,61180.743
3174,600725.SH,20061220,6.5,6.66,6.44,6.59,6.54,0.05,0.76,24258.84,15912.345
3175,600725.SH,20061219,6.69,6.76,6.45,6.54,6.68,-0.14,-2.1,22628.09,14850.793
3176,600725.SH,20061218,6.53,6.7,6.45,6.68,6.53,0.15,2.3,32696.3,21465.835
3177,600725.SH,20061215,6.52,6.67,6.46,6.53,6.52,0.01,0.15,28956.05,19041.496
3178,600725.SH,20061214,6.32,6.55,6.2,6.52,6.31,0.21,3.33,35711.88,22846.126
3179,600725.SH,20061213,6.46,6.48,6.25,6.31,6.49,-0.18,-2.77,17442.82,11031.613
3180,600725.SH,20061212,6.5,6.57,6.3,6.49,6.45,0.04,0.62,23600.58,15194.974
3181,600725.SH,20061211,6.3,6.48,6.23,6.45,6.3,0.15,2.38,24891.14,15924.387
3182,600725.SH,20061208,6.36,6.58,6.25,6.3,6.34,-0.04,-0.63,45084.94,28974.424
3183,600725.SH,20061207,6.5,6.8,6.29,6.34,6.46,-0.12,-1.86,58548.64,38375.305
3184,600725.SH,20061206,6.23,6.58,6.1,6.46,6.21,0.25,4.03,63976.24,40599.762
3185,600725.SH,20061205,6.26,6.37,6.19,6.21,6.25,-0.04,-0.64,36716.72,23044.179
3186,600725.SH,20061204,6.0,6.26,5.8,6.25,6.01,0.24,3.99,45312.41,27858.982
3187,600725.SH,20061201,6.18,6.22,5.97,6.01,6.14,-0.13,-2.12,34759.59,21029.171
3188,600725.SH,20061130,6.06,6.28,6.0,6.14,6.05,0.09,1.49,32269.17,19908.665
3189,600725.SH,20061129,5.89,6.1,5.77,6.05,5.95,0.1,1.68,24166.01,14435.51
3190,600725.SH,20061128,5.9,6.13,5.87,5.95,5.91,0.04,0.68,29917.5,17991.257
3191,600725.SH,20061127,5.67,5.95,5.65,5.91,5.68,0.23,4.05,21029.07,12232.724
3192,600725.SH,20061124,5.79,5.79,5.62,5.68,5.77,-0.09,-1.56,17314.24,9841.185
3193,600725.SH,20061123,5.9,5.91,5.73,5.77,5.9,-0.13,-2.2,13715.66,7931.569
3194,600725.SH,20061122,5.8,5.95,5.69,5.9,5.8,0.1,1.72,27540.34,16162.832
3195,600725.SH,20061121,5.78,5.9,5.68,5.8,5.85,-0.05,-0.85,15642.97,9090.545
3196,600725.SH,20061120,5.8,5.86,5.61,5.85,5.85,0.0,0.0,21559.74,12394.712
3197,600725.SH,20061117,5.68,6.0,5.68,5.85,5.49,0.36,6.56,45979.22,26747.335
3198,600725.SH,20061116,5.57,5.65,5.45,5.49,5.55,-0.06,-1.08,11710.12,6447.101
3199,600725.SH,20061115,5.42,5.56,5.38,5.55,5.42,0.13,2.4,8603.52,4714.47
3200,600725.SH,20061114,5.41,5.5,5.22,5.42,5.46,-0.04,-0.73,14245.9,7618.694
3201,600725.SH,20061113,5.65,5.75,5.39,5.46,5.62,-0.16,-2.85,13645.21,7636.895
3202,600725.SH,20061110,5.62,5.85,5.52,5.62,5.61,0.01,0.18,23580.36,13425.39
3203,600725.SH,20061109,5.57,5.63,5.56,5.61,5.61,0.0,0.0,17144.14,9582.722
3204,600725.SH,20061108,5.57,5.64,5.5,5.61,5.57,0.04,0.72,10307.31,5753.127
3205,600725.SH,20061107,5.72,5.76,5.5,5.57,5.72,-0.15,-2.62,19430.19,10888.145
3206,600725.SH,20061106,5.7,5.75,5.65,5.72,5.72,0.0,0.0,7887.24,4499.693
3207,600725.SH,20061103,5.84,5.84,5.72,5.72,5.84,-0.12,-2.05,12575.2,7229.413
3208,600725.SH,20061102,5.82,5.95,5.75,5.84,5.87,-0.03,-0.51,11955.84,6989.96
3209,600725.SH,20061101,5.73,5.89,5.66,5.87,5.76,0.11,1.91,13845.48,8028.516
3210,600725.SH,20061031,5.63,5.8,5.63,5.76,5.69,0.07,1.23,9267.55,5321.6
3211,600725.SH,20061030,5.75,5.75,5.5,5.69,5.75,-0.06,-1.04,15018.43,8468.142
3212,600725.SH,20061027,5.8,5.87,5.63,5.75,5.8,-0.05,-0.86,17897.76,10258.988
3213,600725.SH,20061026,6.01,6.03,5.8,5.8,6.0,-0.2,-3.33,16905.8,9978.674
3214,600725.SH,20061025,6.17,6.23,5.92,6.0,6.17,-0.17,-2.76,24327.89,14746.628
3215,600725.SH,20061024,5.95,6.17,5.88,6.17,5.91,0.26,4.4,43544.62,26455.966
3216,600725.SH,20061023,5.86,6.1,5.73,5.91,5.85,0.06,1.03,27014.26,16059.896
3217,600725.SH,20061020,5.82,5.95,5.78,5.85,5.83,0.02,0.34,18666.77,10954.18
3218,600725.SH,20061019,5.8,5.9,5.77,5.83,5.8,0.03,0.52,18675.02,10904.336
3219,600725.SH,20061018,5.81,5.9,5.76,5.8,5.78,0.02,0.35,19316.41,11246.73
3220,600725.SH,20061017,5.85,6.07,5.76,5.78,5.85,-0.07,-1.2,20030.7,11797.403
3221,600725.SH,20061016,6.09,6.11,5.73,5.85,6.11,-0.26,-4.26,40365.02,23707.422
3222,600725.SH,20061013,6.66,6.66,5.55,6.11,6.05,0.06,0.99,68836.69,42517.482
3223,600725.SH,20061012,5.5,6.05,5.5,6.05,5.5,0.55,10.0,116437.83,68978.539
3224,600725.SH,20061011,5.5,5.58,5.46,5.5,5.5,0.0,0.0,14425.08,7950.89
3225,600725.SH,20061010,5.44,5.51,5.36,5.5,5.44,0.06,1.1,19180.19,10453.316
3226,600725.SH,20061009,5.25,5.46,5.15,5.44,5.18,0.26,5.02,17208.02,9108.209
3227,600725.SH,20060929,5.13,5.26,5.13,5.18,5.09,0.09,1.77,11299.08,5861.035
3228,600725.SH,20060928,5.11,5.12,5.03,5.09,5.14,-0.05,-0.97,9985.88,5084.575
3229,600725.SH,20060927,5.07,5.14,5.07,5.14,5.09,0.05,0.98,5468.59,2794.536
3230,600725.SH,20060926,5.19,5.26,5.05,5.09,5.26,-0.17,-3.23,12010.81,6160.771
3231,600725.SH,20060925,5.24,5.38,5.24,5.26,5.29,-0.03,-0.57,11795.09,6216.871
3232,600725.SH,20060922,5.46,5.5,5.28,5.29,5.44,-0.15,-2.76,8262.0,4430.289
3233,600725.SH,20060921,5.36,5.45,5.35,5.44,5.39,0.05,0.93,9032.95,4868.285
3234,600725.SH,20060920,5.36,5.44,5.34,5.39,5.43,-0.04,-0.74,5817.48,3136.921
3235,600725.SH,20060919,5.36,5.49,5.3,5.43,5.37,0.06,1.12,13366.41,7210.55
3236,600725.SH,20060918,5.29,5.39,5.27,5.37,5.32,0.05,0.94,10450.08,5573.446
3237,600725.SH,20060915,5.34,5.37,5.3,5.32,5.33,-0.01,-0.19,10394.85,5537.314
3238,600725.SH,20060914,5.47,5.52,5.27,5.33,5.46,-0.13,-2.38,12884.74,6915.835
3239,600725.SH,20060913,5.43,5.58,5.4,5.46,5.43,0.03,0.55,19790.78,10927.451
3240,600725.SH,20060912,5.41,5.48,5.37,5.43,5.41,0.02,0.37,11403.04,6188.033
3241,600725.SH,20060911,5.45,5.51,5.35,5.41,5.45,-0.04,-0.73,11274.26,6127.781
3242,600725.SH,20060908,5.42,5.48,5.38,5.45,5.44,0.01,0.18,8754.2,4764.841
3243,600725.SH,20060907,5.39,5.46,5.33,5.44,5.4,0.04,0.74,11440.82,6186.41
3244,600725.SH,20060906,5.43,5.48,5.32,5.4,5.46,-0.06,-1.1,21483.28,11530.107
3245,600725.SH,20060905,5.48,5.5,5.43,5.46,5.48,-0.02,-0.37,13156.3,7179.56
3246,600725.SH,20060904,5.38,5.55,5.36,5.48,5.44,0.04,0.74,17086.2,9338.351
3247,600725.SH,20060901,5.52,5.61,5.41,5.44,5.63,-0.19,-3.37,24074.28,13197.936
3248,600725.SH,20060831,5.77,5.77,5.49,5.63,5.71,-0.08,-1.4,29514.0,16611.116
3249,600725.SH,20060830,5.55,5.71,5.53,5.71,5.61,0.1,1.78,20692.9,11619.885
3250,600725.SH,20060829,5.71,5.8,5.6,5.61,5.67,-0.06,-1.06,44224.38,25122.931
3251,600725.SH,20060828,5.55,5.94,5.55,5.67,5.4,0.27,5.0,67038.22,38361.126
3252,600725.SH,20060825,5.19,5.51,5.14,5.4,5.16,0.24,4.65,64665.52,34736.573
3253,600725.SH,20060824,5.14,5.18,5.05,5.16,5.12,0.04,0.78,14898.93,7649.712
3254,600725.SH,20060823,5.05,5.14,4.93,5.12,5.06,0.06,1.19,24221.47,12269.481
3255,600725.SH,20060822,5.1,5.16,4.81,5.06,5.1,-0.04,-0.78,15514.6,7815.502
3256,600725.SH,20060821,4.89,5.12,4.81,5.1,5.04,0.06,1.19,15825.18,7943.81
3257,600725.SH,20060818,5.18,5.3,4.96,5.04,5.14,-0.1,-1.95,22076.5,11255.917
3258,600725.SH,20060817,5.2,5.3,4.97,5.14,5.2,-0.06,-1.15,27463.45,14095.562
3259,600725.SH,20060816,5.06,5.24,4.96,5.2,5.07,0.13,2.56,38361.53,19662.354
3260,600725.SH,20060815,5.0,5.15,4.95,5.07,5.08,-0.01,-0.2,17844.83,9020.834
3261,600725.SH,20060814,4.98,5.15,4.86,5.08,4.98,0.1,2.01,28904.43,14466.416
3262,600725.SH,20060811,4.92,5.0,4.9,4.98,4.99,-0.01,-0.2,12133.38,6022.994
3263,600725.SH,20060810,4.88,5.05,4.88,4.99,4.88,0.11,2.25,34086.64,16954.572
3264,600725.SH,20060809,4.81,4.97,4.7,4.88,4.8,0.08,1.67,18984.48,9229.203
3265,600725.SH,20060808,4.65,4.85,4.6,4.8,4.65,0.15,3.23,10051.85,4778.722
3266,600725.SH,20060807,4.68,4.68,4.41,4.65,4.69,-0.04,-0.85,12049.32,5537.786
3267,600725.SH,20060804,4.72,4.8,4.51,4.69,4.71,-0.02,-0.42,13690.88,6450.75
3268,600725.SH,20060803,4.76,4.78,4.3,4.71,4.76,-0.05,-1.05,6279.09,2905.84
3269,600725.SH,20060802,4.71,4.77,4.65,4.76,4.71,0.05,1.06,5473.36,2578.422
3270,600725.SH,20060801,4.67,4.99,4.61,4.71,4.71,0.0,0.0,10442.76,4956.091
3271,600725.SH,20060731,4.86,4.88,4.64,4.71,4.86,-0.15,-3.09,15385.33,7279.058
3272,600725.SH,20060728,5.0,5.05,4.83,4.86,5.01,-0.15,-2.99,14604.92,7125.679
3273,600725.SH,20060727,5.09,5.17,4.95,5.01,5.1,-0.09,-1.76,12341.2,6216.092
3274,600725.SH,20060726,5.08,5.17,5.04,5.1,5.11,-0.01,-0.2,14889.22,7605.937
3275,600725.SH,20060725,5.07,5.18,5.0,5.11,5.07,0.04,0.79,17046.12,8713.267
3276,600725.SH,20060724,4.92,5.12,4.8,5.07,5.01,0.06,1.2,10266.26,5098.064
3277,600725.SH,20060721,5.06,5.12,4.99,5.01,5.07,-0.06,-1.18,9389.3,4743.491
3278,600725.SH,20060720,4.88,5.08,4.86,5.07,4.9,0.17,3.47,14338.28,7168.834
3279,600725.SH,20060719,5.0,5.0,4.79,4.9,5.0,-0.1,-2.0,16108.75,7862.448
3280,600725.SH,20060718,5.03,5.05,4.93,5.0,5.07,-0.07,-1.38,11699.97,5836.675
3281,600725.SH,20060717,4.79,5.1,4.76,5.07,4.78,0.29,6.07,24954.64,12334.473
3282,600725.SH,20060714,4.68,4.94,4.68,4.78,4.73,0.05,1.06,16169.64,7779.167
3283,600725.SH,20060713,5.18,5.22,4.71,4.73,5.15,-0.42,-8.16,33265.4,16394.155
3284,600725.SH,20060712,5.14,5.27,5.13,5.15,5.25,-0.1,-1.9,20493.62,10624.937
3285,600725.SH,20060711,5.38,5.38,5.22,5.25,5.38,-0.13,-2.42,17178.85,9048.573
3286,600725.SH,20060710,5.28,5.4,5.18,5.38,5.34,0.04,0.75,20079.64,10592.691
3287,600725.SH,20060707,5.5,5.5,5.31,5.34,5.44,-0.1,-1.84,30278.44,16249.164
3288,600725.SH,20060706,5.28,5.46,5.25,5.44,5.31,0.13,2.45,36791.9,19835.514
3289,600725.SH,20060705,5.33,5.4,5.16,5.31,5.28,0.03,0.57,29938.67,15771.836
3290,600725.SH,20060704,5.23,5.29,5.14,5.28,5.17,0.11,2.13,42019.79,21957.817
3291,600725.SH,20060703,5.1,5.21,5.04,5.17,5.07,0.1,1.97,32545.58,16713.547
3292,600725.SH,20060630,5.02,5.1,4.93,5.07,4.99,0.08,1.6,26855.46,13466.922
3293,600725.SH,20060629,4.88,5.07,4.86,4.99,4.9,0.09,1.84,27110.8,13536.617
3294,600725.SH,20060628,5.07,5.07,4.88,4.9,5.07,-0.17,-3.35,37501.87,18520.952
3295,600725.SH,20060627,5.16,5.16,4.99,5.07,5.15,-0.08,-1.55,26305.82,13347.59
3296,600725.SH,20060626,5.11,5.33,5.06,5.15,5.11,0.04,0.78,31066.57,16112.537
3297,600725.SH,20060623,5.09,5.16,5.0,5.11,5.09,0.02,0.39,24050.27,12237.051
3298,600725.SH,20060622,5.15,5.22,5.0,5.09,5.17,-0.08,-1.55,27937.73,14220.959
3299,600725.SH,20060621,5.19,5.48,5.13,5.17,5.19,-0.02,-0.39,41650.07,22043.461
3300,600725.SH,20060620,5.31,5.32,5.12,5.19,5.31,-0.12,-2.26,38819.55,20118.245
3301,600725.SH,20060619,5.01,5.39,4.88,5.31,5.09,0.22,4.32,55448.16,28458.071
3302,600725.SH,20060616,5.0,5.3,4.98,5.09,5.01,0.08,1.6,50091.33,25832.674
3303,600725.SH,20060615,5.13,5.25,4.92,5.01,5.13,-0.12,-2.34,38618.42,19500.941
3304,600725.SH,20060614,5.16,5.3,5.01,5.13,5.25,-0.12,-2.29,43373.08,22410.239
3305,600725.SH,20060613,4.93,5.33,4.81,5.25,4.93,0.32,6.49,71913.16,36665.112
3306,600725.SH,20060612,4.97,5.05,4.65,4.93,5.06,-0.13,-2.57,66568.64,32275.41
3307,600725.SH,20060609,4.68,5.08,4.62,5.06,4.62,0.44,9.52,146036.41,72737.859
3308,600725.SH,20060608,4.58,4.64,4.35,4.62,4.58,0.04,0.87,30991.49,13932.301
3309,600725.SH,20060607,4.89,4.9,4.48,4.58,4.91,-0.33,-6.72,38231.11,17773.418
3310,600725.SH,20060606,4.7,4.95,4.64,4.91,4.77,0.14,2.94,46815.92,22618.829
3311,600725.SH,20060605,4.67,4.78,4.48,4.77,4.67,0.1,2.14,28037.24,12979.147
3312,600725.SH,20060602,4.75,4.96,4.63,4.67,4.75,-0.08,-1.68,38832.61,18526.419
3313,600725.SH,20060601,4.56,4.77,4.51,4.75,4.56,0.19,4.17,38200.22,17968.868
3314,600725.SH,20060531,4.8,4.8,4.55,4.56,4.77,-0.21,-4.4,29661.37,13799.934
3315,600725.SH,20060530,4.69,4.79,4.6,4.77,4.75,0.02,0.42,33653.43,15778.323
3316,600725.SH,20060529,4.63,4.86,4.51,4.75,4.62,0.13,2.81,67411.66,31852.109
3317,600725.SH,20060526,4.39,4.64,4.3,4.62,4.31,0.31,7.19,47477.16,21176.569
3318,600725.SH,20060525,4.19,4.35,4.19,4.31,4.25,0.06,1.41,17311.1,7395.919
3319,600725.SH,20060524,4.46,4.57,4.13,4.25,4.42,-0.17,-3.85,32913.51,14383.57
3320,600725.SH,20060523,4.57,4.57,4.34,4.42,4.6,-0.18,-3.91,37739.46,16735.377
3321,600725.SH,20060522,4.5,4.68,4.4,4.6,4.43,0.17,3.84,37976.64,17228.346
3322,600725.SH,20060519,4.52,4.6,4.42,4.53,4.52,0.01,0.22,46275.52,20885.209
3323,600725.SH,20060518,4.38,4.6,4.31,4.52,4.34,0.18,4.15,77789.97,34773.457
3324,600725.SH,20060517,4.15,4.37,4.11,4.34,4.17,0.17,4.08,44606.83,19064.792
3325,600725.SH,20060516,4.36,4.46,4.11,4.17,4.37,-0.2,-4.58,38673.63,16415.455
3326,600725.SH,20060515,4.13,4.38,4.1,4.37,4.11,0.26,6.33,45028.36,19084.087
3327,600725.SH,20060512,4.04,4.15,4.01,4.11,4.05,0.06,1.48,29612.98,12041.309
3328,600725.SH,20060511,4.12,4.23,4.05,4.05,4.12,-0.07,-1.7,30395.74,12662.406
3329,600725.SH,20060510,4.07,4.15,4.0,4.12,4.08,0.04,0.98,26003.14,10577.805
3330,600725.SH,20060509,3.96,4.14,3.92,4.08,3.96,0.12,3.03,24036.05,9676.494
3331,600725.SH,20060508,3.91,3.98,3.83,3.96,3.87,0.09,2.33,18392.56,7201.983
3332,600725.SH,20060428,3.75,3.87,3.72,3.87,3.81,0.06,1.57,12616.2,4842.061
3333,600725.SH,20060427,3.85,3.85,3.78,3.81,3.86,-0.05,-1.3,13150.62,5013.904
3334,600725.SH,20060426,3.92,3.92,3.8,3.86,3.92,-0.06,-1.53,18258.87,7005.945
3335,600725.SH,20060425,3.83,3.93,3.7,3.92,3.83,0.09,2.35,15403.13,5834.128
3336,600725.SH,20060424,3.96,3.96,3.81,3.83,3.98,-0.15,-3.77,23796.9,9179.766
3337,600725.SH,20060421,4.01,4.09,3.87,3.98,4.02,-0.04,-1.0,19731.55,7873.95
3338,600725.SH,20060420,4.2,4.28,3.98,4.02,4.29,-0.27,-6.29,43944.15,17993.069
3339,600725.SH,20060419,4.41,4.43,4.26,4.29,4.41,-0.12,-2.72,25516.67,11025.884
3340,600725.SH,20060418,4.47,4.5,4.35,4.41,4.47,-0.06,-1.34,24037.99,10596.904
3341,600725.SH,20060417,4.43,4.56,4.38,4.47,4.46,0.01,0.22,25095.53,11239.954
3342,600725.SH,20060414,4.33,4.49,4.29,4.46,4.31,0.15,3.48,26871.36,11775.508
3343,600725.SH,20060413,4.6,4.66,4.31,4.31,4.61,-0.3,-6.51,33216.53,15003.594
3344,600725.SH,20060412,4.45,4.69,4.42,4.61,4.5,0.11,2.44,47422.28,21709.945
3345,600725.SH,20060411,4.53,4.64,4.39,4.5,4.53,-0.03,-0.66,47398.56,21293.906
3346,600725.SH,20060410,4.24,4.55,4.24,4.53,4.24,0.29,6.84,51655.07,22857.925
3347,600725.SH,20060407,4.33,4.33,4.17,4.24,4.32,-0.08,-1.85,26885.91,11332.575
3348,600725.SH,20060405,4.35,4.39,4.27,4.32,4.35,-0.03,-0.69,19328.23,8347.927
3349,600725.SH,20060404,4.26,4.36,4.22,4.35,4.26,0.09,2.11,28986.52,12484.293
3350,600725.SH,20060403,4.13,4.29,4.12,4.26,4.14,0.12,2.9,17009.29,7216.51
3351,600725.SH,20060331,4.18,4.18,4.09,4.14,4.2,-0.06,-1.43,10946.39,4523.338
3352,600725.SH,20060330,4.28,4.28,4.19,4.2,4.28,-0.08,-1.87,11793.78,4986.498
3353,600725.SH,20060329,4.24,4.35,4.22,4.28,4.27,0.01,0.23,21176.65,9070.906
3354,600725.SH,20060328,4.32,4.34,4.2,4.27,4.3,-0.03,-0.7,15360.8,6567.547
3355,600725.SH,20060327,4.11,4.32,4.1,4.3,4.11,0.19,4.62,17908.84,7553.321
3356,600725.SH,20060324,4.24,4.25,4.1,4.11,4.23,-0.12,-2.84,12841.61,5337.933
3357,600725.SH,20060323,4.14,4.25,4.12,4.23,4.14,0.09,2.17,13777.67,5800.287
3358,600725.SH,20060322,4.07,4.15,4.03,4.14,4.06,0.08,1.97,12118.06,4983.096
3359,600725.SH,20060321,4.03,4.11,4.0,4.06,4.03,0.03,0.74,10648.14,4338.997
3360,600725.SH,20060320,3.98,4.04,3.93,4.03,3.97,0.06,1.51,8227.9,3285.021
3361,600725.SH,20060317,3.96,4.0,3.92,3.97,4.0,-0.03,-0.75,3546.36,1404.467
3362,600725.SH,20060316,4.05,4.05,3.95,4.0,4.0,0.0,0.0,5124.64,2039.861
3363,600725.SH,20060315,3.92,4.02,3.92,4.0,3.93,0.07,1.78,7187.27,2856.085
3364,600725.SH,20060314,3.9,3.95,3.9,3.93,3.92,0.01,0.26,3924.32,1541.834
3365,600725.SH,20060313,3.91,3.93,3.85,3.92,3.91,0.01,0.26,4600.28,1795.424
3366,600725.SH,20060310,3.93,3.97,3.85,3.91,3.93,-0.02,-0.51,5804.5,2266.376
3367,600725.SH,20060309,4.0,4.02,3.91,3.93,3.98,-0.05,-1.26,4275.45,1697.565
3368,600725.SH,20060308,3.9,4.01,3.86,3.98,3.92,0.06,1.53,7383.35,2908.535
3369,600725.SH,20060307,4.1,4.1,3.92,3.92,4.11,-0.19,-4.62,15180.1,6075.348
3370,600725.SH,20060306,4.19,4.19,4.1,4.11,4.19,-0.08,-1.91,8233.57,3399.168
3371,600725.SH,20060303,4.19,4.21,4.13,4.19,4.22,-0.03,-0.71,11300.34,4704.724
3372,600725.SH,20060302,4.24,4.28,4.16,4.22,4.26,-0.04,-0.94,15270.46,6431.612
3373,600725.SH,20060301,4.3,4.3,4.22,4.26,4.3,-0.04,-0.93,9128.19,3889.318
3374,600725.SH,20060228,4.2,4.32,4.16,4.3,4.23,0.07,1.65,12603.54,5321.905
3375,600725.SH,20060227,4.4,4.4,4.18,4.23,4.4,-0.17,-3.86,26078.01,11095.025
3376,600725.SH,20060224,4.46,4.48,4.35,4.4,4.44,-0.04,-0.9,21430.72,9393.52
3377,600725.SH,20060223,4.34,4.46,4.34,4.44,4.32,0.12,2.78,23206.85,10243.621
3378,600725.SH,20060222,4.32,4.39,4.26,4.32,4.32,0.0,0.0,16054.34,6941.741
3379,600725.SH,20060221,4.18,4.32,4.15,4.32,4.19,0.13,3.1,15072.96,6418.458
3380,600725.SH,20060220,4.21,4.26,4.15,4.19,4.21,-0.02,-0.48,10122.84,4256.442
3381,600725.SH,20060217,4.18,4.3,4.18,4.21,4.17,0.04,0.96,17135.97,7294.906
3382,600725.SH,20060216,4.34,4.34,4.13,4.17,4.34,-0.17,-3.92,25726.58,10865.409
3383,600725.SH,20060215,4.44,4.45,4.33,4.34,4.44,-0.1,-2.25,20236.55,8859.197
3384,600725.SH,20060214,4.5,4.5,4.35,4.44,4.51,-0.07,-1.55,22320.22,9859.254
3385,600725.SH,20060213,4.42,4.62,4.4,4.51,4.52,-0.01,-0.22,35702.52,16116.47
3386,600725.SH,20060210,4.3,4.67,4.06,4.52,5.16,-0.64,-12.4,83660.27,35769.983
3387,600725.SH,20060111,5.1,5.4,5.06,5.16,5.1,0.06,1.18,39028.46,20247.146
3388,600725.SH,20060110,4.98,5.14,4.92,5.1,4.94,0.16,3.24,30125.96,15178.769
3389,600725.SH,20060109,4.73,4.95,4.73,4.94,4.73,0.21,4.44,23660.74,11484.027
3390,600725.SH,20060106,4.86,4.86,4.73,4.73,4.42,0.31,7.01,35882.83,17260.548
3391,600725.SH,20051222,4.33,4.45,4.31,4.42,4.33,0.09,2.08,12706.0,5576.569
3392,600725.SH,20051221,4.26,4.34,4.22,4.33,4.26,0.07,1.64,5151.57,2207.956
3393,600725.SH,20051220,4.25,4.28,4.22,4.26,4.26,0.0,0.0,3057.6,1298.572
3394,600725.SH,20051219,4.22,4.27,4.22,4.26,4.22,0.04,0.95,3341.5,1420.343
3395,600725.SH,20051216,4.23,4.25,4.19,4.22,4.23,-0.01,-0.24,3480.1,1467.373
3396,600725.SH,20051215,4.3,4.31,4.22,4.23,4.3,-0.07,-1.63,4681.8,1994.342
3397,600725.SH,20051214,4.2,4.32,4.18,4.3,4.2,0.1,2.38,9200.07,3944.232
3398,600725.SH,20051213,4.23,4.23,4.12,4.2,4.19,0.01,0.24,4281.2,1789.173
3399,600725.SH,20051212,4.18,4.25,4.12,4.19,4.04,0.15,3.71,8741.87,3661.945
3400,600725.SH,20051209,3.92,4.05,3.92,4.04,3.97,0.07,1.76,2922.86,1172.512
3401,600725.SH,20051208,3.88,3.98,3.86,3.97,3.9,0.07,1.79,2409.58,943.522
3402,600725.SH,20051207,3.8,3.94,3.8,3.9,3.94,-0.04,-1.02,4731.0,1839.648
3403,600725.SH,20051206,3.93,3.98,3.92,3.94,3.93,0.01,0.25,2771.0,1095.278
3404,600725.SH,20051205,4.09,4.09,3.93,3.93,4.06,-0.13,-3.2,3611.0,1444.54
3405,600725.SH,20051202,4.03,4.11,4.02,4.06,4.09,-0.03,-0.73,1726.79,700.785
3406,600725.SH,20051130,4.07,4.1,4.05,4.09,4.07,0.02,0.49,2600.19,1059.903
3407,600725.SH,20051129,4.18,4.18,4.06,4.07,4.15,-0.08,-1.93,2521.0,1030.896
3408,600725.SH,20051128,4.16,4.18,4.12,4.15,4.16,-0.01,-0.24,1479.76,613.274
3409,600725.SH,20051125,4.2,4.2,4.09,4.16,4.18,-0.02,-0.48,1944.14,804.836
3410,600725.SH,20051124,4.08,4.2,4.08,4.18,4.12,0.06,1.46,2745.37,1139.622
3411,600725.SH,20051123,4.08,4.14,4.06,4.12,4.09,0.03,0.73,1648.78,676.236
3412,600725.SH,20051122,4.18,4.22,4.08,4.09,4.19,-0.1,-2.39,2906.0,1208.455
3413,600725.SH,20051121,4.22,4.24,4.16,4.19,4.2,-0.01,-0.24,3645.0,1530.609
3414,600725.SH,20051118,4.14,4.22,4.11,4.2,4.12,0.08,1.94,7687.95,3220.726
3415,600725.SH,20051117,4.12,4.19,4.1,4.12,4.13,-0.01,-0.24,2974.81,1234.061
3416,600725.SH,20051116,4.05,4.14,4.05,4.13,4.12,0.01,0.24,2317.92,951.139
3417,600725.SH,20051115,4.07,4.15,4.01,4.12,4.07,0.05,1.23,1936.53,791.283
3418,600725.SH,20051114,4.01,4.08,3.99,4.07,4.04,0.03,0.74,2181.48,879.206
3419,600725.SH,20051111,3.98,4.06,3.93,4.04,4.01,0.03,0.75,3123.49,1254.267
3420,600725.SH,20051110,4.16,4.16,4.0,4.01,4.18,-0.17,-4.07,7083.01,2876.14
3421,600725.SH,20051109,4.19,4.24,4.15,4.18,4.22,-0.04,-0.95,4036.5,1697.356
3422,600725.SH,20051108,4.11,4.23,4.08,4.22,4.11,0.11,2.68,7243.16,3025.943
3423,600725.SH,20051107,4.05,4.12,4.01,4.11,4.05,0.06,1.48,3738.46,1521.429
3424,600725.SH,20051104,4.05,4.07,3.98,4.05,4.07,-0.02,-0.49,8023.12,3221.53
3425,600725.SH,20051103,4.19,4.19,4.0,4.07,4.19,-0.12,-2.86,9141.0,3746.185
3426,600725.SH,20051102,4.06,4.2,4.04,4.19,4.06,0.13,3.2,7279.75,3019.782
3427,600725.SH,20051101,4.2,4.2,3.98,4.06,4.2,-0.14,-3.33,7555.83,3063.654
3428,600725.SH,20051031,4.17,4.25,4.16,4.2,4.17,0.03,0.72,4581.25,1922.144
3429,600725.SH,20051028,4.4,4.45,4.08,4.17,4.38,-0.21,-4.79,9431.09,3993.243
3430,600725.SH,20051027,4.37,4.46,4.33,4.38,4.39,-0.01,-0.23,8159.98,3577.95
3431,600725.SH,20051026,4.68,4.68,4.38,4.39,4.68,-0.29,-6.2,8999.0,4080.695
3432,600725.SH,20051025,4.8,4.84,4.65,4.68,4.77,-0.09,-1.89,9525.85,4481.509
3433,600725.SH,20051024,4.69,4.79,4.6,4.77,4.63,0.14,3.02,11935.13,5665.371
3434,600725.SH,20051021,4.67,4.74,4.62,4.63,4.67,-0.04,-0.86,12227.52,5718.144
3435,600725.SH,20051020,4.66,4.75,4.54,4.67,4.54,0.13,2.86,17778.08,8267.387
3436,600725.SH,20051019,4.54,4.62,4.46,4.54,4.55,-0.01,-0.22,10349.44,4697.58
3437,600725.SH,20051018,4.4,4.56,4.35,4.55,4.36,0.19,4.36,8680.87,3896.591
3438,600725.SH,20051017,4.27,4.39,4.27,4.36,4.3,0.06,1.4,3623.46,1572.301
3439,600725.SH,20051014,4.46,4.48,4.28,4.3,4.48,-0.18,-4.02,5756.68,2522.608
3440,600725.SH,20051013,4.45,4.57,4.45,4.48,4.48,0.0,0.0,7743.05,3488.484
3441,600725.SH,20051012,4.38,4.55,4.3,4.48,4.37,0.11,2.52,7313.68,3235.324
3442,600725.SH,20051011,4.22,4.39,4.2,4.37,4.27,0.1,2.34,3579.6,1533.636
3443,600725.SH,20051010,4.3,4.31,4.2,4.27,4.32,-0.05,-1.16,3218.27,1365.614
3444,600725.SH,20050930,4.38,4.38,4.25,4.32,4.37,-0.05,-1.14,3941.69,1702.966
3445,600725.SH,20050929,4.24,4.4,4.23,4.37,4.24,0.13,3.07,4943.72,2145.291
3446,600725.SH,20050928,4.28,4.36,4.22,4.24,4.3,-0.06,-1.4,4707.0,2023.486
3447,600725.SH,20050927,4.37,4.45,4.3,4.3,4.38,-0.08,-1.83,6108.5,2665.032
3448,600725.SH,20050926,4.38,4.43,4.3,4.38,4.35,0.03,0.69,3671.6,1598.923
3449,600725.SH,20050923,4.39,4.45,4.34,4.35,4.41,-0.06,-1.36,7665.04,3363.401
3450,600725.SH,20050922,4.71,4.71,4.28,4.41,4.74,-0.33,-6.96,18888.62,8470.229
3451,600725.SH,20050921,4.88,4.94,4.73,4.74,4.95,-0.21,-4.24,19868.59,9545.956
3452,600725.SH,20050920,4.98,5.24,4.72,4.95,4.9,0.05,1.02,50179.27,24912.857
3453,600725.SH,20050919,4.64,4.9,4.52,4.9,4.45,0.45,10.11,37218.98,17454.498
3454,600725.SH,20050916,4.5,4.5,4.4,4.45,4.48,-0.03,-0.67,9406.0,4168.298
3455,600725.SH,20050915,4.46,4.53,4.41,4.48,4.47,0.01,0.22,12894.1,5775.522
3456,600725.SH,20050914,4.42,4.48,4.4,4.47,4.4,0.07,1.59,18446.43,8204.163
3457,600725.SH,20050913,4.18,4.42,4.17,4.4,4.19,0.21,5.01,12816.66,5557.83
3458,600725.SH,20050912,4.28,4.29,4.08,4.19,4.3,-0.11,-2.56,4832.5,2032.935
3459,600725.SH,20050909,4.36,4.37,4.26,4.3,4.34,-0.04,-0.92,3811.6,1644.906
3460,600725.SH,20050908,4.29,4.38,4.27,4.34,4.29,0.05,1.17,7085.19,3067.667
3461,600725.SH,20050907,4.19,4.3,4.17,4.29,4.22,0.07,1.66,8390.15,3544.867
3462,600725.SH,20050906,4.44,4.44,4.2,4.22,4.42,-0.2,-4.52,8817.51,3836.058
3463,600725.SH,20050905,4.41,4.42,4.33,4.42,4.41,0.01,0.23,9023.39,3958.374
3464,600725.SH,20050902,4.41,4.46,4.36,4.41,4.35,0.06,1.38,17546.25,7742.026
3465,600725.SH,20050901,4.18,4.36,4.11,4.35,4.2,0.15,3.57,14435.93,6181.651
3466,600725.SH,20050831,4.08,4.21,4.08,4.2,4.15,0.05,1.2,8403.5,3495.486
3467,600725.SH,20050830,4.11,4.2,4.05,4.15,4.14,0.01,0.24,6992.57,2882.937
3468,600725.SH,20050829,4.2,4.26,4.1,4.14,4.25,-0.11,-2.59,6982.08,2908.338
3469,600725.SH,20050826,4.31,4.38,4.23,4.25,4.33,-0.08,-1.85,10189.19,4343.008
3470,600725.SH,20050825,4.39,4.48,4.26,4.33,4.36,-0.03,-0.69,17777.64,7749.405
3471,600725.SH,20050824,4.3,4.4,4.1,4.36,4.3,0.06,1.4,16263.3,6878.568
3472,600725.SH,20050823,4.49,4.49,4.25,4.3,4.53,-0.23,-5.08,13483.98,5857.446
3473,600725.SH,20050822,4.68,4.68,4.35,4.53,4.55,-0.02,-0.44,39664.62,17647.186
3474,600725.SH,20050819,4.28,4.56,4.24,4.55,4.28,0.27,6.31,24983.32,10938.259
3475,600725.SH,20050818,4.4,4.51,4.23,4.28,4.35,-0.07,-1.61,35029.9,15488.808
3476,600725.SH,20050817,4.18,4.39,4.04,4.35,4.18,0.17,4.07,16465.1,6915.511
3477,600725.SH,20050816,4.28,4.28,4.13,4.18,4.25,-0.07,-1.65,12216.45,5117.896
3478,600725.SH,20050815,4.06,4.34,4.04,4.25,4.06,0.19,4.68,17618.97,7416.109
3479,600725.SH,20050812,4.16,4.16,4.04,4.06,4.11,-0.05,-1.22,18715.47,7630.652
3480,600725.SH,20050811,4.1,4.2,4.06,4.11,4.1,0.01,0.24,15112.09,6208.621
3481,600725.SH,20050810,3.83,4.16,3.8,4.1,3.85,0.25,6.49,30919.92,12385.997
3482,600725.SH,20050809,3.72,3.86,3.72,3.85,3.79,0.06,1.58,9587.05,3656.001
3483,600725.SH,20050808,3.73,3.87,3.68,3.79,3.72,0.07,1.88,14878.76,5658.948
3484,600725.SH,20050805,3.6,3.74,3.6,3.72,3.64,0.08,2.2,10671.14,3940.414
3485,600725.SH,20050804,3.71,3.75,3.56,3.64,3.72,-0.08,-2.15,12374.99,4502.716
3486,600725.SH,20050803,3.68,3.82,3.66,3.72,3.75,-0.03,-0.8,22443.5,8472.808
3487,600725.SH,20050802,3.49,3.83,3.42,3.75,3.48,0.27,7.76,21150.9,7827.509
3488,600725.SH,20050801,3.38,3.49,3.36,3.48,3.42,0.06,1.75,5469.01,1880.537
3489,600725.SH,20050729,3.5,3.51,3.4,3.42,3.5,-0.08,-2.29,7152.75,2457.691
3490,600725.SH,20050728,3.45,3.59,3.4,3.5,3.45,0.05,1.45,15220.35,5361.598
3491,600725.SH,20050727,3.29,3.46,3.27,3.45,3.3,0.15,4.55,11974.18,4069.653
3492,600725.SH,20050726,3.16,3.32,3.16,3.3,3.2,0.1,3.13,8203.83,2683.056
3493,600725.SH,20050725,3.25,3.25,3.16,3.2,3.28,-0.08,-2.44,4791.47,1533.941
3494,600725.SH,20050722,3.2,3.33,3.17,3.28,3.2,0.08,2.5,6490.93,2120.967
3495,600725.SH,20050721,3.24,3.25,3.15,3.2,3.16,0.04,1.27,2330.97,746.007
3496,600725.SH,20050720,3.15,3.23,3.15,3.16,3.19,-0.03,-0.94,2674.5,849.114
3497,600725.SH,20050719,3.11,3.2,3.1,3.19,3.12,0.07,2.24,3049.5,963.728
3498,600725.SH,20050718,3.21,3.21,3.11,3.12,3.22,-0.1,-3.11,3470.37,1087.391
3499,600725.SH,20050715,3.35,3.4,3.21,3.22,3.37,-0.15,-4.45,4298.5,1406.886
3500,600725.SH,20050714,3.4,3.4,3.34,3.37,3.35,0.02,0.6,5887.5,1988.205
3501,600725.SH,20050713,3.32,3.46,3.32,3.35,3.24,0.11,3.4,20561.66,6973.935
3502,600725.SH,20050712,3.1,3.26,3.03,3.24,3.15,0.09,2.86,8849.53,2807.475
3503,600725.SH,20050711,3.43,3.45,3.14,3.15,3.29,-0.14,-4.26,5481.15,1791.793
3504,600725.SH,20050708,3.46,3.46,3.25,3.29,3.5,-0.21,-6.0,4325.5,1435.336
3505,600725.SH,20050707,3.49,3.55,3.45,3.5,3.49,0.01,0.29,2995.75,1047.025
3506,600725.SH,20050706,3.53,3.58,3.45,3.49,3.53,-0.04,-1.13,3718.5,1306.837
3507,600725.SH,20050705,3.58,3.67,3.45,3.53,3.7,-0.17,-4.59,5216.98,1862.44
3508,600725.SH,20050704,3.52,3.74,3.25,3.7,3.61,0.09,2.49,9265.99,3175.273
3509,600725.SH,20050701,3.8,3.8,3.6,3.61,3.8,-0.19,-5.0,9088.99,3322.621
3510,600725.SH,20050630,3.93,3.96,3.78,3.8,3.94,-0.14,-3.55,6716.35,2584.63
3511,600725.SH,20050629,3.95,4.01,3.91,3.94,3.95,-0.01,-0.25,3190.3,1261.715
3512,600725.SH,20050628,4.11,4.11,3.93,3.95,4.14,-0.19,-4.59,6151.0,2458.806
3513,600725.SH,20050627,3.95,4.15,3.95,4.14,3.94,0.2,5.08,13970.8,5691.9
3514,600725.SH,20050624,3.9,3.95,3.79,3.94,3.91,0.03,0.77,5993.19,2313.797
3515,600725.SH,20050623,4.03,4.03,3.9,3.91,4.04,-0.13,-3.22,4998.28,1975.075
3516,600725.SH,20050622,4.12,4.12,3.95,4.04,4.15,-0.11,-2.65,8432.74,3389.126
3517,600725.SH,20050621,4.08,4.25,4.0,4.15,4.04,0.11,2.72,15987.21,6646.906
3518,600725.SH,20050620,3.91,4.04,3.72,4.04,3.93,0.11,2.8,13428.65,5198.151
3519,600725.SH,20050617,4.14,4.16,3.74,3.93,4.14,-0.21,-5.07,19242.78,7534.426
3520,600725.SH,20050616,4.18,4.18,4.08,4.14,4.1,0.04,0.98,6346.86,2623.972
3521,600725.SH,20050615,4.35,4.35,4.1,4.1,4.36,-0.26,-5.96,6853.16,2870.479
3522,600725.SH,20050614,4.31,4.43,4.3,4.36,4.37,-0.01,-0.23,6264.39,2727.54
3523,600725.SH,20050613,4.4,4.4,4.3,4.37,4.4,-0.03,-0.68,6957.97,3023.901
3524,600725.SH,20050610,4.59,4.59,4.4,4.4,4.6,-0.2,-4.35,12371.41,5512.94
3525,600725.SH,20050609,4.68,4.7,4.5,4.6,4.68,-0.08,-1.71,17906.86,8212.569
3526,600725.SH,20050608,4.44,4.7,4.34,4.68,4.32,0.36,8.33,23944.64,10947.859
3527,600725.SH,20050607,4.39,4.51,4.3,4.32,4.43,-0.11,-2.48,8518.28,3750.994
3528,600725.SH,20050606,4.21,4.43,4.21,4.43,4.32,0.11,2.55,5700.58,2482.131
3529,600725.SH,20050603,4.48,4.49,4.16,4.32,4.57,-0.25,-5.47,16237.72,7041.075
3530,600725.SH,20050602,4.99,4.99,4.54,4.57,4.54,0.03,0.66,35079.27,16588.795
3531,600725.SH,20050601,4.71,4.76,4.38,4.54,4.69,-0.15,-3.2,6469.0,2954.459
3532,600725.SH,20050531,4.7,4.74,4.65,4.69,4.69,0.0,0.0,3428.19,1603.61
3533,600725.SH,20050530,4.66,4.76,4.6,4.69,4.66,0.03,0.64,4950.84,2332.861
3534,600725.SH,20050527,4.59,4.77,4.53,4.66,4.6,0.06,1.3,7819.36,3654.711
3535,600725.SH,20050526,4.53,4.64,4.53,4.6,4.59,0.01,0.22,5729.64,2630.569
3536,600725.SH,20050525,4.6,4.67,4.5,4.59,4.59,0.0,0.0,5682.94,2616.195
3537,600725.SH,20050524,4.43,4.65,4.42,4.59,4.48,0.11,2.46,4482.61,2044.535
3538,600725.SH,20050523,4.69,4.7,4.48,4.48,4.72,-0.24,-5.08,5181.0,2358.825
3539,600725.SH,20050520,4.71,4.82,4.7,4.72,4.71,0.01,0.21,4360.26,2068.751
3540,600725.SH,20050519,4.75,4.79,4.65,4.71,4.78,-0.07,-1.46,4697.5,2213.365
3541,600725.SH,20050518,4.75,4.78,4.52,4.78,4.78,0.0,0.0,12244.68,5690.495
3542,600725.SH,20050517,4.61,4.86,4.61,4.78,4.89,-0.11,-2.25,9527.84,4542.462
3543,600725.SH,20050513,4.69,5.03,4.65,4.89,4.71,0.18,3.82,14908.03,7277.366
3544,600725.SH,20050512,4.58,4.75,4.5,4.71,4.59,0.12,2.61,7446.74,3471.635
3545,600725.SH,20050511,4.56,4.65,4.46,4.59,4.58,0.01,0.22,10274.85,4717.273
3546,600725.SH,20050510,4.76,4.8,4.26,4.58,4.73,-0.15,-3.17,20791.28,9282.655
3547,600725.SH,20050509,5.3,5.32,4.73,4.73,5.25,-0.52,-9.9,19328.3,9473.517
3548,600725.SH,20050429,5.37,5.49,5.2,5.25,5.44,-0.19,-3.49,32691.03,17377.541
3549,600725.SH,20050428,5.08,5.53,5.08,5.44,5.06,0.38,7.51,41909.54,22104.497
3550,600725.SH,20050427,4.95,5.13,4.86,5.06,4.96,0.1,2.02,15117.7,7592.951
3551,600725.SH,20050426,4.88,5.04,4.88,4.96,4.96,0.0,0.0,15827.3,7873.643
3552,600725.SH,20050425,4.79,5.0,4.61,4.96,4.81,0.15,3.12,16742.53,8049.871
3553,600725.SH,20050422,4.75,4.83,4.65,4.81,4.77,0.04,0.84,9836.8,4687.948
3554,600725.SH,20050421,4.52,4.95,4.46,4.77,4.52,0.25,5.53,19415.36,9282.515
3555,600725.SH,20050420,4.52,4.61,4.48,4.52,4.6,-0.08,-1.74,4043.39,1835.605
3556,600725.SH,20050419,4.6,4.7,4.51,4.6,4.62,-0.02,-0.43,6115.48,2802.784
3557,600725.SH,20050418,4.59,4.75,4.52,4.62,4.78,-0.16,-3.35,7281.38,3355.358
3558,600725.SH,20050415,4.7,4.94,4.62,4.78,4.7,0.08,1.7,16729.41,8041.054
3559,600725.SH,20050414,4.95,4.99,4.65,4.7,4.85,-0.15,-3.09,27811.72,13528.182
3560,600725.SH,20050413,4.6,4.85,4.6,4.85,4.41,0.44,9.98,25719.7,12247.746
3561,600725.SH,20050412,4.4,4.44,4.26,4.41,4.42,-0.01,-0.23,6688.26,2900.218
3562,600725.SH,20050411,4.59,4.59,4.12,4.42,4.56,-0.14,-3.07,11153.75,4896.786
3563,600725.SH,20050408,4.51,4.59,4.42,4.56,4.54,0.02,0.44,10822.91,4881.978
3564,600725.SH,20050407,4.44,4.55,4.38,4.54,4.35,0.19,4.37,22132.03,9884.915
3565,600725.SH,20050406,4.19,4.38,4.02,4.35,4.13,0.22,5.33,12546.35,5328.483
3566,600725.SH,20050405,3.99,4.16,3.99,4.13,3.96,0.17,4.29,9945.01,4067.122
3567,600725.SH,20050404,4.06,4.08,3.94,3.96,4.16,-0.2,-4.81,8292.0,3306.864
3568,600725.SH,20050401,4.0,4.25,3.96,4.16,4.04,0.12,2.97,9756.76,4009.617
3569,600725.SH,20050331,3.98,4.06,3.86,4.04,4.04,0.0,0.0,8152.75,3236.327
3570,600725.SH,20050330,4.4,4.45,4.04,4.04,4.49,-0.45,-10.02,16866.93,7007.944
3571,600725.SH,20050329,4.6,4.72,4.48,4.49,4.65,-0.16,-3.44,4863.8,2233.275
3572,600725.SH,20050328,4.68,4.75,4.51,4.65,4.68,-0.03,-0.64,2070.76,960.141
3573,600725.SH,20050325,7.21,7.25,6.98,7.07,7.22,-0.15,-2.08,8843.83,6261.472
3574,600725.SH,20050324,7.5,7.5,6.85,7.22,7.57,-0.35,-4.62,11310.37,8142.099
3575,600725.SH,20050323,7.74,7.87,7.52,7.57,7.68,-0.11,-1.43,12106.56,9359.949
3576,600725.SH,20050322,7.44,7.77,7.32,7.68,7.4,0.28,3.78,6445.99,4887.903
3577,600725.SH,20050321,7.32,7.4,7.26,7.4,7.37,0.03,0.41,3388.51,2486.801
3578,600725.SH,20050318,7.53,7.59,7.35,7.37,7.59,-0.22,-2.9,4057.49,3014.734
3579,600725.SH,20050317,7.66,7.69,7.41,7.59,7.67,-0.08,-1.04,4546.0,3436.266
3580,600725.SH,20050316,7.75,7.76,7.61,7.67,7.74,-0.07,-0.9,5172.58,3961.533
3581,600725.SH,20050315,7.95,8.06,7.7,7.74,7.97,-0.23,-2.89,8183.1,6414.286
3582,600725.SH,20050314,7.78,8.06,7.65,7.97,7.65,0.32,4.18,16437.83,12953.396
3583,600725.SH,20050311,7.45,7.66,7.41,7.65,7.51,0.14,1.86,5764.52,4360.192
3584,600725.SH,20050310,7.74,7.84,7.49,7.51,7.74,-0.23,-2.97,7141.41,5484.84
3585,600725.SH,20050309,7.71,7.8,7.62,7.74,7.7,0.04,0.52,7645.71,5894.183
3586,600725.SH,20050308,7.53,7.8,7.42,7.7,7.39,0.31,4.19,14394.15,11019.811
3587,600725.SH,20050304,7.49,7.49,7.34,7.39,7.48,-0.09,-1.2,4470.05,3299.308
3588,600725.SH,20050303,7.32,7.5,7.25,7.48,7.31,0.17,2.33,6871.63,5078.01
3589,600725.SH,20050302,7.76,7.8,7.28,7.31,7.71,-0.4,-5.19,13530.85,10114.837
3590,600725.SH,20050301,7.85,7.99,7.68,7.71,7.86,-0.15,-1.91,11003.6,8511.83
3591,600725.SH,20050228,8.1,8.14,7.79,7.86,8.1,-0.24,-2.96,12936.2,10278.656
3592,600725.SH,20050225,7.95,8.26,7.85,8.1,7.92,0.18,2.27,23344.57,18957.436
3593,600725.SH,20050224,8.01,8.04,7.79,7.92,8.06,-0.14,-1.74,15446.43,12213.331
3594,600725.SH,20050223,7.45,8.18,7.45,8.06,7.44,0.62,8.33,37834.88,30029.029
3595,600725.SH,20050222,7.48,7.68,7.34,7.44,7.48,-0.04,-0.53,17980.74,13484.75
3596,600725.SH,20050221,7.2,7.5,7.16,7.48,7.23,0.25,3.46,16939.52,12352.587
3597,600725.SH,20050218,7.46,7.48,7.21,7.23,7.51,-0.28,-3.73,14051.05,10281.885
3598,600725.SH,20050217,7.46,7.56,7.32,7.51,7.48,0.03,0.4,13756.07,10241.205
3599,600725.SH,20050216,7.05,7.55,7.0,7.48,6.99,0.49,7.01,25699.96,18928.844
3600,600725.SH,20050204,6.95,7.04,6.91,6.99,6.92,0.07,1.01,3664.3,2565.031
3601,600725.SH,20050203,7.05,7.1,6.89,6.92,7.1,-0.18,-2.54,5997.67,4201.497
3602,600725.SH,20050202,6.72,7.12,6.72,7.1,6.76,0.34,5.03,8961.09,6268.922
3603,600725.SH,20050201,6.72,6.89,6.66,6.76,6.72,0.04,0.6,2284.81,1554.283
3604,600725.SH,20050131,6.8,6.86,6.65,6.72,6.88,-0.16,-2.33,2630.99,1768.689
3605,600725.SH,20050128,6.7,7.0,6.65,6.88,6.5,0.38,5.85,9820.88,6746.022
3606,600725.SH,20050127,6.54,6.68,6.4,6.5,6.6,-0.1,-1.52,2316.1,1518.349
3607,600725.SH,20050126,6.84,6.84,6.6,6.6,6.83,-0.23,-3.37,1431.0,952.313
3608,600725.SH,20050125,6.89,6.9,6.7,6.83,6.85,-0.02,-0.29,907.2,619.613
3609,600725.SH,20050124,6.98,7.01,6.78,6.85,6.91,-0.06,-0.87,2769.0,1898.688
3610,600725.SH,20050121,6.52,6.94,6.3,6.91,6.61,0.3,4.54,4166.11,2761.844
3611,600725.SH,20050120,6.62,6.74,6.55,6.61,6.71,-0.1,-1.49,2024.18,1338.85
3612,600725.SH,20050119,6.57,6.76,6.56,6.71,6.7,0.01,0.15,1571.0,1047.669
3613,600725.SH,20050118,6.55,6.72,6.5,6.7,6.5,0.2,3.08,1723.12,1144.673
3614,600725.SH,20050117,6.63,6.8,6.46,6.5,6.86,-0.36,-5.25,4964.0,3269.395
3615,600725.SH,20050114,7.1,7.13,6.85,6.86,7.06,-0.2,-2.83,3071.0,2143.246
3616,600725.SH,20050113,6.87,7.13,6.85,7.06,6.85,0.21,3.07,5315.09,3742.019
3617,600725.SH,20050112,6.85,7.0,6.83,6.85,6.9,-0.05,-0.72,1428.49,980.814
3618,600725.SH,20050111,6.91,7.08,6.83,6.9,6.9,0.0,0.0,3900.0,2719.632
3619,600725.SH,20050110,6.92,6.92,6.79,6.9,6.89,0.01,0.15,2127.7,1459.14
3620,600725.SH,20050107,7.01,7.09,6.81,6.89,7.0,-0.11,-1.57,3721.65,2583.838
3621,600725.SH,20050106,6.82,7.0,6.72,7.0,6.7,0.3,4.48,6536.51,4503.338
3622,600725.SH,20050105,6.75,6.78,6.65,6.7,6.72,-0.02,-0.3,1473.0,988.789
3623,600725.SH,20050104,6.5,6.8,6.47,6.72,6.56,0.16,2.44,2624.91,1760.687
3624,600725.SH,20041231,6.45,6.61,6.41,6.56,6.45,0.11,1.71,1710.0,1112.437
3625,600725.SH,20041230,6.4,6.5,6.38,6.45,6.44,0.01,0.16,616.0,398.16
3626,600725.SH,20041229,6.52,6.56,6.33,6.44,6.51,-0.07,-1.08,1335.1,860.799
3627,600725.SH,20041228,6.64,6.7,6.45,6.51,6.69,-0.18,-2.69,1310.0,861.58
3628,600725.SH,20041227,6.6,6.69,6.58,6.69,6.64,0.05,0.75,589.59,391.107
3629,600725.SH,20041224,6.59,6.73,6.59,6.64,6.6,0.04,0.61,1245.22,831.426
3630,600725.SH,20041223,6.75,6.75,6.59,6.6,6.75,-0.15,-2.22,942.0,625.655
3631,600725.SH,20041222,6.59,6.75,6.51,6.75,6.58,0.17,2.58,1521.7,1012.175
3632,600725.SH,20041221,6.62,6.62,6.42,6.58,6.5,0.08,1.23,1128.15,738.516
3633,600725.SH,20041220,6.32,6.55,6.32,6.5,6.41,0.09,1.4,1295.75,837.59
3634,600725.SH,20041217,6.5,6.61,6.35,6.41,6.57,-0.16,-2.44,3831.8,2473.764
3635,600725.SH,20041216,6.8,6.88,6.51,6.57,6.88,-0.31,-4.51,4452.5,2985.528
3636,600725.SH,20041215,7.0,7.0,6.77,6.88,7.0,-0.12,-1.71,4685.37,3207.607
3637,600725.SH,20041214,6.67,7.04,6.65,7.0,6.67,0.33,4.95,13046.81,9046.214
3638,600725.SH,20041213,6.61,6.78,6.61,6.67,6.67,0.0,0.0,2622.62,1751.787
3639,600725.SH,20041210,6.66,6.7,6.55,6.67,6.7,-0.03,-0.45,3134.87,2077.088
3640,600725.SH,20041209,6.69,6.8,6.65,6.7,6.72,-0.02,-0.3,3309.5,2220.248
3641,600725.SH,20041208,6.65,6.75,6.6,6.72,6.65,0.07,1.05,2948.9,1969.03
3642,600725.SH,20041207,6.81,6.81,6.55,6.65,6.74,-0.09,-1.34,3340.6,2226.887
3643,600725.SH,20041206,6.75,6.78,6.6,6.74,6.72,0.02,0.3,2974.91,1991.303
3644,600725.SH,20041203,6.57,6.78,6.41,6.72,6.58,0.14,2.13,4823.82,3200.19
3645,600725.SH,20041202,6.89,7.04,6.41,6.58,6.84,-0.26,-3.8,13061.98,8756.84
3646,600725.SH,20041201,6.77,6.87,6.65,6.84,6.81,0.03,0.44,8060.08,5469.487
3647,600725.SH,20041130,7.0,7.19,6.71,6.81,7.0,-0.19,-2.71,16640.95,11476.689
3648,600725.SH,20041129,6.46,7.02,6.46,7.0,6.51,0.49,7.53,14950.12,10145.479
3649,600725.SH,20041126,6.4,6.68,6.4,6.51,6.4,0.11,1.72,3687.9,2408.602
3650,600725.SH,20041125,6.48,6.5,6.31,6.4,6.47,-0.07,-1.08,5625.96,3598.007
3651,600725.SH,20041124,6.7,6.74,6.42,6.47,6.79,-0.32,-4.71,8956.39,5899.545
3652,600725.SH,20041123,6.56,6.99,6.4,6.79,6.63,0.16,2.41,16552.45,11142.927
3653,600725.SH,20041122,6.47,6.89,6.32,6.63,6.42,0.21,3.27,24508.97,16253.668
3654,600725.SH,20041119,5.8,6.42,5.75,6.42,5.84,0.58,9.93,38735.04,24512.999
3655,600725.SH,20041118,5.48,5.85,5.44,5.84,5.48,0.36,6.57,8497.04,4791.691
3656,600725.SH,20041117,5.41,5.54,5.4,5.48,5.45,0.03,0.55,1426.47,778.415
3657,600725.SH,20041116,5.41,5.58,5.4,5.45,5.44,0.01,0.18,1485.9,809.078
3658,600725.SH,20041115,5.4,5.48,5.4,5.44,5.36,0.08,1.49,914.0,496.191
3659,600725.SH,20041112,5.38,5.6,5.35,5.36,5.38,-0.02,-0.37,2209.0,1210.742
3660,600725.SH,20041111,5.41,5.47,5.37,5.38,5.41,-0.03,-0.55,2455.4,1330.571
3661,600725.SH,20041110,5.25,5.43,5.2,5.41,5.23,0.18,3.44,3739.97,2002.249
3662,600725.SH,20041109,5.12,5.25,5.1,5.23,5.15,0.08,1.55,634.0,327.628
3663,600725.SH,20041108,5.05,5.15,5.05,5.15,5.13,0.02,0.39,407.8,208.542
3664,600725.SH,20041105,5.1,5.25,5.1,5.13,5.18,-0.05,-0.97,581.0,300.28
3665,600725.SH,20041104,5.16,5.34,5.16,5.18,5.13,0.05,0.97,1786.75,937.632
3666,600725.SH,20041103,5.1,5.19,5.06,5.13,5.11,0.02,0.39,847.0,434.083
3667,600725.SH,20041102,5.02,5.15,5.01,5.11,5.17,-0.06,-1.16,781.0,399.244
3668,600725.SH,20041101,5.1,5.21,5.0,5.17,5.14,0.03,0.58,1090.2,552.647
3669,600725.SH,20041029,4.92,5.36,4.92,5.14,5.17,-0.03,-0.58,4764.66,2471.346
3670,600725.SH,20041028,5.11,5.29,5.11,5.17,5.19,-0.02,-0.39,1070.98,556.873
3671,600725.SH,20041027,5.05,5.27,5.0,5.19,5.19,0.0,0.0,2012.1,1031.907
3672,600725.SH,20041026,5.11,5.2,5.0,5.19,5.14,0.05,0.97,1070.03,545.737
3673,600725.SH,20041025,5.25,5.39,5.11,5.14,5.2,-0.06,-1.15,2528.0,1324.044
3674,600725.SH,20041022,5.1,5.25,4.95,5.2,5.16,0.04,0.78,2654.97,1347.584
3675,600725.SH,20041021,5.02,5.32,4.9,5.16,5.05,0.11,2.18,3247.97,1653.388
3676,600725.SH,20041020,4.95,5.05,4.93,5.05,5.0,0.05,1.0,2112.51,1056.364
3677,600725.SH,20041019,5.03,5.11,4.95,5.0,5.03,-0.03,-0.6,901.0,452.258
3678,600725.SH,20041018,5.07,5.14,5.0,5.03,5.03,0.0,0.0,1011.9,509.483
3679,600725.SH,20041015,4.94,5.05,4.94,5.03,4.93,0.1,2.03,2869.44,1434.479
3680,600725.SH,20041014,5.16,5.18,4.8,4.93,5.16,-0.23,-4.46,2481.25,1261.477
3681,600725.SH,20041013,5.24,5.26,5.13,5.16,5.25,-0.09,-1.71,2085.0,1080.921
3682,600725.SH,20041012,5.33,5.36,5.24,5.25,5.34,-0.09,-1.69,1884.9,998.07
3683,600725.SH,20041011,5.41,5.42,5.33,5.34,5.4,-0.06,-1.11,3064.0,1643.562
3684,600725.SH,20041008,5.36,5.45,5.2,5.4,5.35,0.05,0.93,1091.8,580.618
3685,600725.SH,20040930,5.45,5.54,5.35,5.35,5.46,-0.11,-2.01,2168.69,1170.29
3686,600725.SH,20040929,5.44,5.54,5.4,5.46,5.5,-0.04,-0.73,1469.37,800.548
3687,600725.SH,20040928,5.55,5.55,5.43,5.5,5.55,-0.05,-0.9,2524.4,1382.712
3688,600725.SH,20040927,5.73,5.78,5.45,5.55,5.7,-0.15,-2.63,2629.31,1462.228
3689,600725.SH,20040924,5.94,5.97,5.64,5.7,5.87,-0.17,-2.9,6289.17,3645.937
3690,600725.SH,20040923,5.73,5.87,5.67,5.87,5.76,0.11,1.91,2563.6,1478.398
3691,600725.SH,20040922,5.87,5.87,5.66,5.76,5.88,-0.12,-2.04,5744.91,3295.033
3692,600725.SH,20040921,5.95,5.98,5.78,5.88,5.99,-0.11,-1.84,7087.22,4153.766
3693,600725.SH,20040920,5.78,6.0,5.7,5.99,5.77,0.22,3.81,7394.15,4356.739
3694,600725.SH,20040917,5.65,5.8,5.58,5.77,5.63,0.14,2.49,8442.24,4806.873
3695,600725.SH,20040916,5.66,5.66,5.51,5.63,5.65,-0.02,-0.35,3252.3,1815.74
3696,600725.SH,20040915,5.29,5.66,5.29,5.65,5.28,0.37,7.01,7648.21,4224.312
3697,600725.SH,20040914,5.2,5.34,5.19,5.28,5.15,0.13,2.52,1068.01,563.307
3698,600725.SH,20040913,5.05,5.32,5.05,5.15,5.3,-0.15,-2.83,1026.01,531.198
3699,600725.SH,20040910,5.26,5.37,5.22,5.3,5.3,0.0,0.0,658.0,346.877
3700,600725.SH,20040909,5.42,5.43,5.25,5.3,5.44,-0.14,-2.57,1073.78,573.155
3701,600725.SH,20040908,5.45,5.47,5.4,5.44,5.46,-0.02,-0.37,351.6,190.928
3702,600725.SH,20040907,5.48,5.48,5.38,5.46,5.45,0.01,0.18,676.0,366.707
3703,600725.SH,20040906,5.45,5.45,5.4,5.45,5.47,-0.02,-0.37,449.9,243.706
3704,600725.SH,20040903,5.4,5.48,5.4,5.47,5.47,0.0,0.0,758.99,413.002
3705,600725.SH,20040902,5.41,5.49,5.39,5.47,5.4,0.07,1.3,946.0,513.317
3706,600725.SH,20040901,5.51,5.51,5.38,5.4,5.51,-0.11,-2.0,445.0,241.543
3707,600725.SH,20040831,5.65,5.69,5.41,5.51,5.4,0.11,2.04,1941.77,1067.321
3708,600725.SH,20040830,5.35,5.45,5.35,5.4,5.39,0.01,0.19,681.11,367.096
3709,600725.SH,20040827,5.35,5.5,5.35,5.39,5.47,-0.08,-1.46,740.18,400.2
3710,600725.SH,20040826,5.51,5.55,5.45,5.47,5.56,-0.09,-1.62,2408.01,1318.687
3711,600725.SH,20040825,5.61,5.75,5.55,5.56,5.56,0.0,0.0,7322.77,4139.032
3712,600725.SH,20040824,5.45,5.57,5.4,5.56,5.45,0.11,2.02,1625.0,895.807
3713,600725.SH,20040823,5.51,5.51,5.36,5.45,5.44,0.01,0.18,491.5,266.108
3714,600725.SH,20040820,5.3,5.48,5.3,5.44,5.33,0.11,2.06,908.0,487.488
3715,600725.SH,20040819,5.35,5.45,5.29,5.33,5.35,-0.02,-0.37,1324.0,704.113
3716,600725.SH,20040818,5.38,5.45,5.33,5.35,5.4,-0.05,-0.93,1214.59,652.396
3717,600725.SH,20040817,5.59,5.59,5.4,5.4,5.59,-0.19,-3.4,1451.0,795.473
3718,600725.SH,20040816,5.65,5.65,5.52,5.59,5.59,0.0,0.0,1593.0,888.445
3719,600725.SH,20040813,5.63,5.63,5.51,5.59,5.54,0.05,0.9,1006.41,560.062
3720,600725.SH,20040812,5.61,5.61,5.45,5.54,5.61,-0.07,-1.25,1375.23,758.627
3721,600725.SH,20040811,5.71,5.72,5.6,5.61,5.69,-0.08,-1.41,3279.71,1847.423
3722,600725.SH,20040810,5.59,5.7,5.51,5.69,5.59,0.1,1.79,2082.45,1167.595
3723,600725.SH,20040809,5.65,5.65,5.49,5.59,5.53,0.06,1.09,1498.12,829.637
3724,600725.SH,20040806,5.57,5.58,5.4,5.53,5.58,-0.05,-0.9,2386.83,1304.417
3725,600725.SH,20040805,5.78,5.78,5.56,5.58,5.69,-0.11,-1.93,6258.71,3507.149
3726,600725.SH,20040804,5.27,5.7,5.27,5.69,5.27,0.42,7.97,6457.03,3592.633
3727,600725.SH,20040803,5.25,5.3,5.2,5.27,5.25,0.02,0.38,1266.0,663.35
3728,600725.SH,20040802,5.21,5.36,5.15,5.25,5.43,-0.18,-3.31,1478.71,774.251
3729,600725.SH,20040730,5.34,5.8,5.34,5.43,5.38,0.05,0.93,2658.0,1459.636
3730,600725.SH,20040729,5.34,5.39,5.28,5.38,5.31,0.07,1.32,1213.5,644.916
3731,600725.SH,20040728,5.2,5.35,5.2,5.31,5.18,0.13,2.51,754.0,396.398
3732,600725.SH,20040727,5.32,5.32,5.15,5.18,5.23,-0.05,-0.96,1273.0,663.407
3733,600725.SH,20040726,5.31,5.35,5.19,5.23,5.34,-0.11,-2.06,955.0,501.707
3734,600725.SH,20040723,5.3,5.35,5.2,5.34,5.28,0.06,1.14,1287.69,678.081
3735,600725.SH,20040722,5.43,5.44,5.24,5.28,5.42,-0.14,-2.58,892.06,478.27
3736,600725.SH,20040721,5.5,5.53,5.4,5.42,5.45,-0.03,-0.55,868.99,473.04
3737,600725.SH,20040720,5.58,5.58,5.45,5.45,5.54,-0.09,-1.62,1643.1,904.338
3738,600725.SH,20040719,5.39,5.65,5.35,5.54,5.4,0.14,2.59,3178.44,1749.067
3739,600725.SH,20040716,5.27,5.44,5.27,5.4,5.25,0.15,2.86,2479.0,1330.106
3740,600725.SH,20040715,5.31,5.34,5.2,5.25,5.27,-0.02,-0.38,1551.95,817.499
3741,600725.SH,20040714,5.5,5.6,5.15,5.27,5.49,-0.22,-4.01,2545.7,1345.267
3742,600725.SH,20040713,5.64,5.64,5.46,5.49,5.46,0.03,0.55,1073.19,590.13
3743,600725.SH,20040712,5.75,5.75,5.19,5.46,5.72,-0.26,-4.55,1427.01,786.898
3744,600725.SH,20040709,5.78,5.84,5.71,5.72,5.78,-0.06,-1.04,999.0,575.142
3745,600725.SH,20040708,5.8,5.83,5.7,5.78,5.85,-0.07,-1.2,1650.67,951.009
3746,600725.SH,20040707,6.02,6.03,5.8,5.85,6.08,-0.23,-3.78,2239.46,1318.856
3747,600725.SH,20040706,6.09,6.26,6.07,6.08,5.99,0.09,1.5,8763.6,5372.604
3748,600725.SH,20040705,5.89,6.0,5.83,5.99,5.92,0.07,1.18,2047.21,1208.811
3749,600725.SH,20040702,5.93,5.96,5.82,5.92,5.95,-0.03,-0.5,3594.4,2124.643
3750,600725.SH,20040701,5.75,5.97,5.72,5.95,5.86,0.09,1.54,7519.8,4414.816
3751,600725.SH,20040630,5.58,5.94,5.55,5.86,5.58,0.28,5.02,2365.2,1339.238
3752,600725.SH,20040629,5.59,5.69,5.42,5.58,5.58,0.0,0.0,1753.3,965.955
3753,600725.SH,20040628,5.68,5.68,5.5,5.58,5.7,-0.12,-2.11,1204.19,671.694
3754,600725.SH,20040625,6.0,6.0,5.55,5.7,5.85,-0.15,-2.56,1164.39,666.131
3755,600725.SH,20040624,5.79,5.92,5.78,5.85,5.82,0.03,0.52,1768.99,1035.714
3756,600725.SH,20040623,5.87,5.9,5.77,5.82,5.9,-0.08,-1.36,1138.0,663.214
3757,600725.SH,20040622,5.86,5.97,5.8,5.9,5.94,-0.04,-0.67,2307.48,1364.69
3758,600725.SH,20040621,5.75,5.99,5.35,5.94,5.75,0.19,3.3,2369.0,1388.053
3759,600725.SH,20040618,5.84,5.85,5.65,5.75,5.87,-0.12,-2.04,2061.0,1184.981
3760,600725.SH,20040617,5.89,5.99,5.78,5.87,5.88,-0.01,-0.17,3622.0,2137.676
3761,600725.SH,20040616,5.85,5.99,5.75,5.88,5.85,0.03,0.51,2411.8,1421.712
3762,600725.SH,20040615,5.64,5.89,5.55,5.85,5.63,0.22,3.91,3353.7,1910.573
3763,600725.SH,20040614,5.93,5.93,5.59,5.63,5.95,-0.32,-5.38,1954.0,1109.083
3764,600725.SH,20040611,5.92,6.1,5.92,5.95,5.94,0.01,0.17,1885.1,1134.411
3765,600725.SH,20040610,5.94,6.11,5.9,5.94,6.0,-0.06,-1.0,1920.67,1148.012
3766,600725.SH,20040609,6.32,6.35,5.83,6.0,6.34,-0.34,-5.36,2889.99,1782.268
3767,600725.SH,20040608,6.42,6.5,6.32,6.34,6.46,-0.12,-1.86,1878.0,1202.154
3768,600725.SH,20040607,6.69,6.69,6.43,6.46,6.63,-0.17,-2.56,1374.0,895.411
3769,600725.SH,20040604,6.6,6.7,6.6,6.63,6.62,0.01,0.15,2387.1,1588.096
3770,600725.SH,20040603,6.85,6.85,6.58,6.62,6.86,-0.24,-3.5,4426.18,2947.617
3771,600725.SH,20040602,6.6,6.92,6.56,6.86,6.58,0.28,4.26,8957.49,6084.766
3772,600725.SH,20040601,6.47,6.62,6.4,6.58,6.46,0.12,1.86,2530.0,1653.512
3773,600725.SH,20040531,6.42,6.48,6.32,6.46,6.5,-0.04,-0.62,2315.49,1483.645
3774,600725.SH,20040528,6.55,6.58,6.45,6.5,6.56,-0.06,-0.91,1578.59,1029.192
3775,600725.SH,20040527,6.43,6.6,6.32,6.56,6.45,0.11,1.71,2816.32,1831.551
3776,600725.SH,20040526,6.4,6.5,6.3,6.45,6.43,0.02,0.31,1589.0,1020.646
3777,600725.SH,20040525,6.77,6.77,6.41,6.43,6.79,-0.36,-5.3,2573.0,1688.665
3778,600725.SH,20040524,6.84,6.9,6.77,6.79,6.79,0.0,0.0,2304.14,1573.346
3779,600725.SH,20040521,6.78,6.83,6.7,6.79,6.77,0.02,0.3,1501.99,1015.312
3780,600725.SH,20040520,6.68,6.83,6.68,6.77,6.76,0.01,0.15,2151.99,1452.776
3781,600725.SH,20040519,6.8,6.83,6.66,6.76,6.74,0.02,0.3,3807.21,2572.888
3782,600725.SH,20040518,6.5,6.77,6.5,6.74,6.5,0.24,3.69,2923.22,1949.626
3783,600725.SH,20040517,6.62,6.64,6.48,6.5,6.67,-0.17,-2.55,3835.89,2513.726
3784,600725.SH,20040514,6.94,6.94,6.66,6.67,6.88,-0.21,-3.05,2474.75,1673.099
3785,600725.SH,20040513,7.0,7.0,6.8,6.88,6.98,-0.1,-1.43,3684.0,2543.671
3786,600725.SH,20040512,6.83,6.99,6.72,6.98,6.76,0.22,3.25,5092.0,3498.692
3787,600725.SH,20040511,6.7,6.87,6.66,6.76,6.67,0.09,1.35,1896.5,1279.932
3788,600725.SH,20040510,6.8,6.89,6.64,6.67,6.83,-0.16,-2.34,2983.0,2022.543
3789,600725.SH,20040430,6.79,6.9,6.71,6.83,6.84,-0.01,-0.15,4884.73,3326.419
3790,600725.SH,20040429,6.7,7.1,6.63,6.84,7.37,-0.53,-7.19,8936.47,6081.034
3791,600725.SH,20040428,7.24,7.4,7.1,7.37,7.26,0.11,1.52,2603.07,1890.983
3792,600725.SH,20040427,7.29,7.36,7.08,7.26,7.3,-0.04,-0.55,3571.5,2577.875
3793,600725.SH,20040426,7.88,7.88,7.25,7.3,7.92,-0.62,-7.83,6677.1,5061.194
3794,600725.SH,20040423,8.22,8.22,7.91,7.92,8.22,-0.3,-3.65,2882.0,2318.645
3795,600725.SH,20040422,8.12,8.22,8.1,8.22,8.15,0.07,0.86,1338.05,1090.313
3796,600725.SH,20040421,8.25,8.25,8.06,8.15,8.12,0.03,0.37,1374.0,1117.952
3797,600725.SH,20040420,8.12,8.25,8.07,8.12,8.08,0.04,0.5,1988.1,1620.089
3798,600725.SH,20040419,8.3,8.3,8.05,8.08,8.24,-0.16,-1.94,1748.0,1426.393
3799,600725.SH,20040416,8.22,8.3,8.0,8.24,8.24,0.0,0.0,4030.21,3297.406
3800,600725.SH,20040415,8.4,8.48,8.15,8.24,8.4,-0.16,-1.9,4243.47,3525.582
3801,600725.SH,20040414,8.73,8.73,8.35,8.4,8.7,-0.3,-3.45,8415.11,7143.303
3802,600725.SH,20040413,8.8,8.86,8.65,8.7,8.77,-0.07,-0.8,4850.0,4230.649
3803,600725.SH,20040412,8.83,8.83,8.65,8.77,8.84,-0.07,-0.79,4193.0,3665.536
3804,600725.SH,20040409,9.02,9.19,8.81,8.84,9.02,-0.18,-2.0,4809.09,4329.166
3805,600725.SH,20040408,9.19,9.23,9.0,9.02,9.23,-0.21,-2.28,4959.0,4506.859
3806,600725.SH,20040407,9.22,9.28,9.16,9.23,9.22,0.01,0.11,5287.08,4869.899
3807,600725.SH,20040406,9.1,9.25,9.07,9.22,9.1,0.12,1.32,7174.07,6585.393
3808,600725.SH,20040405,9.16,9.18,9.0,9.1,9.11,-0.01,-0.11,5499.9,4982.427
3809,600725.SH,20040402,8.91,9.2,8.9,9.11,8.92,0.19,2.13,10726.19,9751.61
3810,600725.SH,20040401,8.91,8.97,8.8,8.92,8.9,0.02,0.22,3991.19,3546.821
3811,600725.SH,20040331,8.77,8.95,8.75,8.9,8.75,0.15,1.71,4210.66,3732.928
3812,600725.SH,20040329,8.97,9.02,8.73,8.75,8.97,-0.22,-2.45,4121.0,3650.057
3813,600725.SH,20040326,8.98,9.0,8.85,8.97,8.93,0.04,0.45,3356.5,2997.759
3814,600725.SH,20040325,9.04,9.1,8.88,8.93,9.0,-0.07,-0.78,3327.0,2976.989
3815,600725.SH,20040324,8.9,9.2,8.89,9.0,8.9,0.1,1.12,9085.23,8240.871
3816,600725.SH,20040323,8.81,8.92,8.78,8.9,8.79,0.11,1.25,4315.56,3817.95
3817,600725.SH,20040322,8.73,8.86,8.71,8.79,8.75,0.04,0.46,3755.03,3296.511
3818,600725.SH,20040319,8.6,8.78,8.58,8.75,8.68,0.07,0.81,4098.35,3557.184
3819,600725.SH,20040318,8.9,8.95,8.62,8.68,8.9,-0.22,-2.47,3969.0,3499.412
3820,600725.SH,20040317,8.99,8.99,8.83,8.9,9.0,-0.1,-1.11,4132.04,3669.649
3821,600725.SH,20040316,8.9,9.06,8.88,9.0,8.9,0.1,1.12,4926.0,4415.51
3822,600725.SH,20040315,8.88,8.94,8.75,8.9,8.82,0.08,0.91,5451.48,4831.834
3823,600725.SH,20040312,8.9,8.94,8.72,8.82,8.95,-0.13,-1.45,4026.0,3553.021
3824,600725.SH,20040311,8.81,9.05,8.75,8.95,8.8,0.15,1.7,6279.79,5587.715
3825,600725.SH,20040310,8.66,8.83,8.65,8.8,8.66,0.14,1.62,3447.5,3007.576
3826,600725.SH,20040309,8.66,8.84,8.6,8.66,8.75,-0.09,-1.03,4174.02,3661.31
3827,600725.SH,20040308,8.78,8.9,8.7,8.75,8.76,-0.01,-0.11,4700.92,4141.428
3828,600725.SH,20040305,8.75,8.93,8.7,8.76,8.71,0.05,0.57,5739.35,5066.086
3829,600725.SH,20040304,8.55,8.75,8.53,8.71,8.59,0.12,1.4,3534.95,3063.963
3830,600725.SH,20040303,8.7,8.85,8.55,8.59,8.85,-0.26,-2.94,4276.85,3721.314
3831,600725.SH,20040302,8.87,8.88,8.66,8.85,8.87,-0.02,-0.23,5201.18,4573.634
3832,600725.SH,20040301,8.7,8.89,8.64,8.87,8.64,0.23,2.66,6712.18,5911.343
3833,600725.SH,20040227,8.65,8.69,8.51,8.64,8.54,0.1,1.17,6240.72,5378.417
3834,600725.SH,20040226,8.7,8.84,8.5,8.54,8.87,-0.33,-3.72,9549.85,8229.904
3835,600725.SH,20040225,9.09,9.24,8.66,8.87,9.11,-0.24,-2.63,15366.01,13727.022
3836,600725.SH,20040224,9.46,9.46,8.8,9.11,9.48,-0.37,-3.9,13146.61,12077.122
3837,600725.SH,20040223,9.45,9.78,9.45,9.48,9.45,0.03,0.32,22141.0,21282.941
3838,600725.SH,20040220,9.38,9.48,9.26,9.45,9.32,0.13,1.39,13631.48,12786.408
3839,600725.SH,20040219,9.2,9.48,9.2,9.32,9.28,0.04,0.43,18755.43,17547.4
3840,600725.SH,20040218,9.32,9.35,9.2,9.28,9.31,-0.03,-0.32,18440.49,17130.94
3841,600725.SH,20040217,9.13,9.37,9.1,9.31,9.11,0.2,2.2,24108.01,22357.577
3842,600725.SH,20040216,9.29,9.29,9.0,9.11,9.3,-0.19,-2.04,15561.65,14194.724
3843,600725.SH,20040213,9.38,9.45,9.19,9.3,9.5,-0.2,-2.11,28919.66,26748.548
3844,600725.SH,20040212,9.49,9.58,9.19,9.5,9.5,0.0,0.0,43592.52,40719.551
3845,600725.SH,20040211,9.58,9.63,9.39,9.5,9.66,-0.16,-1.66,22053.7,20850.147
3846,600725.SH,20040210,9.55,9.69,9.39,9.66,9.6,0.06,0.63,38772.01,36812.658
3847,600725.SH,20040209,9.38,9.62,9.19,9.6,9.45,0.15,1.59,45406.65,42485.289
3848,600725.SH,20040206,9.25,9.6,9.08,9.45,9.29,0.16,1.72,50446.93,46543.845
3849,600725.SH,20040205,9.26,9.45,8.98,9.29,9.39,-0.1,-1.07,31013.55,28403.747
3850,600725.SH,20040204,9.15,9.54,8.8,9.39,9.18,0.21,2.29,51141.2,46439.58
3851,600725.SH,20040203,8.45,9.31,8.3,9.18,8.46,0.72,8.51,54517.36,48375.778
3852,600725.SH,20040202,8.15,8.47,8.08,8.46,8.09,0.37,4.57,19117.61,15833.585
3853,600725.SH,20040130,8.29,8.58,8.03,8.09,8.49,-0.4,-4.71,14941.21,12187.917
3854,600725.SH,20040129,8.32,8.5,8.25,8.49,8.33,0.16,1.92,7042.49,5907.353
3855,600725.SH,20040116,8.3,8.35,8.2,8.33,8.29,0.04,0.48,10079.76,8322.318
3856,600725.SH,20040115,8.35,8.4,8.2,8.29,8.39,-0.1,-1.19,7730.98,6391.14
3857,600725.SH,20040114,8.15,8.49,8.14,8.39,8.14,0.25,3.07,19278.2,16060.809
3858,600725.SH,20040113,8.14,8.18,8.0,8.14,8.1,0.04,0.49,5331.99,4307.947
3859,600725.SH,20040112,8.09,8.14,7.99,8.1,8.01,0.09,1.12,4547.6,3664.178
3860,600725.SH,20040109,8.16,8.18,7.98,8.01,8.13,-0.12,-1.48,3936.97,3156.071
3861,600725.SH,20040108,7.94,8.2,7.86,8.13,7.9,0.23,2.91,6586.71,5313.416
3862,600725.SH,20040107,7.82,7.93,7.82,7.9,7.82,0.08,1.02,2003.8,1578.951
3863,600725.SH,20040106,7.85,7.89,7.76,7.82,7.83,-0.01,-0.13,2002.36,1564.722
3864,600725.SH,20040105,7.92,7.98,7.71,7.83,7.91,-0.08,-1.01,4977.36,3884.969
3865,600725.SH,20040102,8.05,8.06,7.89,7.91,8.02,-0.11,-1.37,1984.1,1573.307
3866,600725.SH,20031231,8.16,8.29,7.94,8.02,8.17,-0.15,-1.84,2134.5,1710.565
3867,600725.SH,20031230,8.22,8.26,8.03,8.17,8.22,-0.05,-0.61,2725.0,2209.02
3868,600725.SH,20031229,8.39,8.45,8.13,8.22,8.39,-0.17,-2.03,2556.3,2106.737
3869,600725.SH,20031226,8.38,8.5,8.3,8.39,8.38,0.01,0.12,3421.0,2867.026
3870,600725.SH,20031225,8.51,8.55,8.3,8.38,8.51,-0.13,-1.53,5510.64,4623.716
3871,600725.SH,20031224,8.3,8.58,8.3,8.51,8.3,0.21,2.53,25308.89,21385.478
3872,600725.SH,20031223,8.3,8.34,8.1,8.3,8.33,-0.03,-0.36,11400.0,9407.904
3873,600725.SH,20031222,8.18,8.35,7.86,8.33,8.2,0.13,1.59,9357.2,7599.186
3874,600725.SH,20031219,8.2,8.4,7.97,8.2,8.2,0.0,0.0,13894.0,11446.902
3875,600725.SH,20031218,8.1,8.25,8.03,8.2,8.09,0.11,1.36,11098.0,9088.38
3876,600725.SH,20031217,8.23,8.23,8.08,8.09,8.23,-0.14,-1.7,2860.0,2324.163
3877,600725.SH,20031216,8.34,8.37,8.1,8.23,8.34,-0.11,-1.32,2975.0,2436.651
3878,600725.SH,20031215,8.4,8.46,8.25,8.34,8.39,-0.05,-0.6,3175.69,2638.866
3879,600725.SH,20031212,8.47,8.54,8.32,8.39,8.47,-0.08,-0.94,2110.0,1776.178
3880,600725.SH,20031211,8.46,8.64,8.35,8.47,8.49,-0.02,-0.24,4597.59,3902.584
3881,600725.SH,20031210,8.41,8.53,8.38,8.49,8.41,0.08,0.95,8021.01,6783.056
3882,600725.SH,20031209,8.53,8.55,8.29,8.41,8.56,-0.15,-1.75,5298.18,4446.633
3883,600725.SH,20031208,8.32,8.65,8.32,8.56,8.32,0.24,2.88,16672.01,14223.617
3884,600725.SH,20031205,8.3,8.38,8.22,8.32,8.27,0.05,0.6,2635.0,2190.375
3885,600725.SH,20031204,8.36,8.42,8.2,8.27,8.38,-0.11,-1.31,4240.55,3509.53
3886,600725.SH,20031203,8.46,8.46,8.25,8.38,8.46,-0.08,-0.95,4339.08,3621.096
3887,600725.SH,20031202,8.45,8.55,8.3,8.46,8.43,0.03,0.36,7491.0,6292.215
3888,600725.SH,20031201,8.3,8.51,8.3,8.43,8.29,0.14,1.69,6134.8,5169.644
3889,600725.SH,20031128,8.4,8.4,8.26,8.29,8.4,-0.11,-1.31,2680.68,2228.154
3890,600725.SH,20031127,8.72,8.72,8.29,8.4,8.67,-0.27,-3.11,8860.39,7523.357
3891,600725.SH,20031126,8.35,8.69,8.06,8.67,8.38,0.29,3.46,12803.23,10889.418
3892,600725.SH,20031125,8.35,8.45,8.0,8.38,8.34,0.04,0.48,9112.4,7567.522
3893,600725.SH,20031124,8.13,8.38,7.98,8.34,8.13,0.21,2.58,6204.65,5101.498
3894,600725.SH,20031121,8.28,8.4,8.05,8.13,8.26,-0.13,-1.57,3625.0,2999.507
3895,600725.SH,20031120,8.05,8.38,8.05,8.26,8.03,0.23,2.86,8210.6,6773.868
3896,600725.SH,20031119,7.83,8.05,7.76,8.03,7.83,0.2,2.55,4090.38,3239.669
3897,600725.SH,20031118,8.0,8.05,7.77,7.83,8.0,-0.17,-2.13,664.0,523.513
3898,600725.SH,20031117,8.01,8.1,7.92,8.0,8.01,-0.01,-0.12,3061.16,2461.364
3899,600725.SH,20031114,7.75,8.05,7.75,8.01,7.75,0.26,3.35,7144.9,5690.208
3900,600725.SH,20031113,7.76,7.83,7.62,7.75,7.76,-0.01,-0.13,1509.0,1168.09
3901,600725.SH,20031112,7.88,7.9,7.7,7.76,7.88,-0.12,-1.52,1146.0,893.353
3902,600725.SH,20031111,7.85,7.92,7.7,7.88,7.9,-0.02,-0.25,1006.0,784.634
3903,600725.SH,20031110,7.9,7.98,7.63,7.9,7.89,0.01,0.13,2674.0,2087.633
3904,600725.SH,20031107,8.04,8.1,7.72,7.89,8.04,-0.15,-1.87,3790.0,2975.759
3905,600725.SH,20031106,8.25,8.33,7.88,8.04,8.24,-0.2,-2.43,4559.0,3685.443
3906,600725.SH,20031105,8.45,8.5,8.18,8.24,8.46,-0.22,-2.6,3406.9,2815.841
3907,600725.SH,20031104,8.39,8.55,8.18,8.46,8.4,0.06,0.71,6999.45,5850.778
3908,600725.SH,20031103,8.92,8.97,8.11,8.4,8.91,-0.51,-5.72,6433.54,5406.698
3909,600725.SH,20031031,9.25,9.25,8.75,8.91,9.31,-0.4,-4.3,9096.0,8100.953
3910,600725.SH,20031030,9.7,10.1,8.99,9.31,9.99,-0.68,-6.81,23177.73,20972.903
3911,600725.SH,20031029,9.83,10.15,9.8,9.99,9.83,0.16,1.63,14921.48,14911.972
3912,600725.SH,20031028,9.82,9.88,9.7,9.83,9.82,0.01,0.1,2928.3,2862.729
3913,600725.SH,20031027,9.88,9.95,9.75,9.82,9.89,-0.07,-0.71,2380.0,2347.902
3914,600725.SH,20031024,10.04,10.09,9.79,9.89,10.04,-0.15,-1.49,3230.0,3197.89
3915,600725.SH,20031023,10.17,10.22,9.95,10.04,10.16,-0.12,-1.18,6477.5,6513.439
3916,600725.SH,20031022,10.0,10.17,9.9,10.16,10.02,0.14,1.4,12556.47,12578.714
3917,600725.SH,20031021,9.84,10.08,9.84,10.02,9.84,0.18,1.83,10518.5,10526.435
3918,600725.SH,20031020,9.86,9.9,9.76,9.84,9.87,-0.03,-0.3,2133.95,2099.275
3919,600725.SH,20031017,9.92,9.98,9.7,9.87,9.94,-0.07,-0.7,3539.5,3474.892
3920,600725.SH,20031016,9.98,10.01,9.79,9.94,9.96,-0.02,-0.2,4526.53,4485.827
3921,600725.SH,20031015,10.04,10.15,9.8,9.96,10.04,-0.08,-0.8,5255.98,5238.335
3922,600725.SH,20031014,9.79,10.07,9.79,10.04,9.76,0.28,2.87,10068.89,10046.115
3923,600725.SH,20031013,9.98,10.0,9.68,9.76,9.98,-0.22,-2.2,5089.0,4982.067
3924,600725.SH,20031010,9.88,10.0,9.67,9.98,9.9,0.08,0.81,8269.43,8140.149
3925,600725.SH,20031009,9.89,10.0,9.77,9.9,9.89,0.01,0.1,9087.62,8980.373
3926,600725.SH,20031008,10.15,10.2,9.74,9.89,10.15,-0.26,-2.56,14118.65,14037.597
3927,600725.SH,20030930,9.3,10.23,9.28,10.15,9.3,0.85,9.14,30358.87,30029.345
3928,600725.SH,20030929,9.02,9.35,8.79,9.3,9.02,0.28,3.1,8557.5,7627.089
3929,600725.SH,20030926,9.11,9.15,8.96,9.02,9.09,-0.07,-0.77,175.5,158.806
3930,600725.SH,20030925,9.0,9.12,9.0,9.09,9.0,0.09,1.0,351.0,318.056
3931,600725.SH,20030924,9.01,9.1,8.95,9.0,9.0,0.0,0.0,598.4,539.527
3932,600725.SH,20030923,9.06,9.1,8.95,9.0,9.04,-0.04,-0.44,266.0,238.969
3933,600725.SH,20030922,9.13,9.15,9.0,9.04,9.17,-0.13,-1.42,292.0,264.363
3934,600725.SH,20030919,9.13,9.18,9.08,9.17,9.13,0.04,0.44,215.09,196.465
3935,600725.SH,20030918,9.25,9.3,9.08,9.13,9.26,-0.13,-1.4,315.0,289.413
3936,600725.SH,20030917,9.45,9.48,9.26,9.26,9.39,-0.13,-1.38,298.0,278.722
3937,600725.SH,20030916,9.45,9.5,9.38,9.39,9.45,-0.06,-0.63,310.0,291.709
3938,600725.SH,20030915,9.52,9.57,9.45,9.45,9.52,-0.07,-0.74,417.0,395.55
3939,600725.SH,20030912,9.58,9.64,9.48,9.52,9.58,-0.06,-0.63,493.0,469.354
3940,600725.SH,20030911,9.64,9.64,9.55,9.58,9.58,0.0,0.0,237.43,227.284
3941,600725.SH,20030910,9.6,9.6,9.55,9.58,9.59,-0.01,-0.1,184.0,176.044
3942,600725.SH,20030909,9.64,9.66,9.56,9.59,9.64,-0.05,-0.52,388.0,372.473
3943,600725.SH,20030905,9.61,9.65,9.55,9.64,9.67,-0.03,-0.31,275.0,264.029
3944,600725.SH,20030904,9.7,9.71,9.6,9.67,9.78,-0.11,-1.12,475.0,458.21
3945,600725.SH,20030903,9.55,9.85,9.52,9.78,9.51,0.27,2.84,1221.6,1183.785
3946,600725.SH,20030902,9.59,9.6,9.48,9.51,9.54,-0.03,-0.31,374.5,357.36
3947,600725.SH,20030901,9.48,9.6,9.46,9.54,9.5,0.04,0.42,579.3,550.718
3948,600725.SH,20030829,9.52,9.55,9.48,9.5,9.55,-0.05,-0.52,333.0,316.484
3949,600725.SH,20030828,9.6,9.6,9.48,9.55,9.63,-0.08,-0.83,426.0,406.303
3950,600725.SH,20030827,9.6,9.8,9.58,9.63,9.6,0.03,0.31,162.5,156.139
3951,600725.SH,20030826,9.6,9.62,9.58,9.6,9.53,0.07,0.73,153.0,146.966
3952,600725.SH,20030825,9.63,9.63,9.52,9.53,9.63,-0.1,-1.04,423.5,405.06
3953,600725.SH,20030822,9.48,9.7,9.48,9.63,9.7,-0.07,-0.72,70.1,67.578
3954,600725.SH,20030821,9.65,9.78,9.65,9.7,9.63,0.07,0.73,518.84,504.025
3955,600725.SH,20030820,9.7,9.7,9.63,9.63,9.69,-0.06,-0.62,564.0,544.989
3956,600725.SH,20030819,9.59,9.7,9.59,9.69,9.59,0.1,1.04,649.0,626.815
3957,600725.SH,20030818,9.7,9.71,9.59,9.59,9.72,-0.13,-1.34,266.0,256.221
3958,600725.SH,20030815,9.7,9.8,9.7,9.72,9.78,-0.06,-0.61,121.0,117.835
3959,600725.SH,20030814,9.81,9.94,9.78,9.78,9.79,-0.01,-0.1,400.96,394.559
3960,600725.SH,20030813,9.81,9.81,9.78,9.79,9.86,-0.07,-0.71,224.0,219.458
3961,600725.SH,20030812,10.16,10.16,9.83,9.86,9.82,0.04,0.41,125.0,124.0
3962,600725.SH,20030811,9.83,9.98,9.72,9.82,9.9,-0.08,-0.81,100.1,97.703
3963,600725.SH,20030808,9.92,9.93,9.9,9.9,9.95,-0.05,-0.5,402.6,399.492
3964,600725.SH,20030807,10.05,10.1,9.92,9.95,10.04,-0.09,-0.9,75.1,74.876
3965,600725.SH,20030806,10.0,10.04,9.91,10.04,10.05,-0.01,-0.1,80.0,79.963
3966,600725.SH,20030805,10.01,10.05,9.93,10.05,10.0,0.05,0.5,81.0,81.035
3967,600725.SH,20030804,9.93,10.0,9.85,10.0,9.93,0.07,0.7,227.0,225.946
3968,600725.SH,20030801,9.86,10.09,9.83,9.93,10.1,-0.17,-1.68,259.0,257.44
3969,600725.SH,20030731,10.0,10.13,10.0,10.1,10.02,0.08,0.8,224.0,226.125
3970,600725.SH,20030730,10.0,10.13,9.93,10.02,10.0,0.02,0.2,114.5,114.846
3971,600725.SH,20030729,9.81,10.0,9.81,10.0,9.8,0.2,2.04,464.0,459.932
3972,600725.SH,20030728,9.88,9.9,9.8,9.8,9.91,-0.11,-1.11,304.0,298.593
3973,600725.SH,20030725,9.94,10.09,9.9,9.91,10.03,-0.12,-1.2,385.2,382.922
3974,600725.SH,20030724,10.0,10.15,10.0,10.03,10.1,-0.07,-0.69,145.0,145.479
3975,600725.SH,20030723,10.0,10.11,9.98,10.1,10.02,0.08,0.8,190.0,191.017
3976,600725.SH,20030722,10.09,10.09,9.94,10.02,10.03,-0.01,-0.1,508.0,508.245
3977,600725.SH,20030721,10.08,10.1,9.9,10.03,10.15,-0.12,-1.18,669.1,668.778
3978,600725.SH,20030718,10.48,10.48,10.1,10.15,10.48,-0.33,-3.15,838.19,861.155
3979,600725.SH,20030717,10.5,10.7,10.47,10.48,10.6,-0.12,-1.13,713.35,750.587
3980,600725.SH,20030716,10.79,10.79,10.51,10.6,10.85,-0.25,-2.3,449.96,476.009
3981,600725.SH,20030715,10.79,10.87,10.6,10.85,10.83,0.02,0.18,578.02,619.015
3982,600725.SH,20030714,10.98,10.99,10.77,10.83,10.77,0.06,0.56,361.21,391.626
3983,600725.SH,20030711,10.8,10.9,10.73,10.77,10.9,-0.13,-1.19,477.01,514.553
3984,600725.SH,20030710,10.7,10.99,10.7,10.9,10.69,0.21,1.96,5262.0,5744.072
3985,600725.SH,20030709,10.68,10.88,10.68,10.69,10.69,0.0,0.0,870.99,942.738
3986,600725.SH,20030708,10.55,10.71,10.55,10.69,10.68,0.01,0.09,223.48,237.796
3987,600725.SH,20030707,10.69,10.69,10.6,10.68,10.82,-0.14,-1.29,186.0,198.204
3988,600725.SH,20030704,10.66,10.87,10.63,10.82,10.66,0.16,1.5,1477.0,1599.897
3989,600725.SH,20030703,10.77,10.77,10.6,10.66,10.77,-0.11,-1.02,274.1,292.18
3990,600725.SH,20030702,10.9,10.9,10.6,10.77,10.8,-0.03,-0.28,349.78,372.619
3991,600725.SH,20030701,11.05,11.05,10.8,10.8,11.05,-0.25,-2.26,553.5,599.986
3992,600725.SH,20030627,11.12,11.12,10.8,11.05,11.16,-0.11,-0.99,1213.0,1320.725
3993,600725.SH,20030626,11.12,11.17,10.81,11.16,11.12,0.04,0.36,4123.9,4535.751
3994,600725.SH,20030625,11.2,11.25,11.05,11.12,11.15,-0.03,-0.27,3288.0,3665.311
3995,600725.SH,20030624,11.2,11.2,11.15,11.15,11.2,-0.05,-0.45,129.5,144.596
3996,600725.SH,20030623,11.5,11.5,11.12,11.2,11.39,-0.19,-1.67,763.0,865.935
3997,600725.SH,20030620,11.29,11.63,10.3,11.39,11.29,0.1,0.89,11147.57,11842.909
3998,600725.SH,20030619,11.55,11.64,11.25,11.29,11.5,-0.21,-1.83,1204.29,1377.698
3999,600725.SH,20030618,11.62,11.68,11.45,11.5,11.66,-0.16,-1.37,385.79,446.826
4000,600725.SH,20030617,11.59,11.79,11.59,11.66,11.52,0.14,1.22,6798.57,7969.682
4001,600725.SH,20030616,11.62,11.7,11.46,11.52,11.66,-0.14,-1.2,310.5,357.518
4002,600725.SH,20030613,11.56,11.74,11.55,11.66,11.55,0.11,0.95,3886.0,4544.614
4003,600725.SH,20030612,11.47,11.69,11.31,11.55,11.48,0.07,0.61,5254.14,6108.656
4004,600725.SH,20030611,11.2,11.5,11.15,11.48,11.25,0.23,2.04,2002.0,2287.067
4005,600725.SH,20030610,11.25,11.29,11.1,11.25,11.28,-0.03,-0.27,1038.0,1161.233
4006,600725.SH,20030609,11.38,11.38,11.13,11.28,11.38,-0.1,-0.88,1094.9,1227.618
4007,600725.SH,20030606,11.39,11.39,11.25,11.38,11.39,-0.01,-0.09,776.59,881.728
4008,600725.SH,20030605,11.24,11.39,11.12,11.39,11.29,0.1,0.89,4144.05,4675.402
4009,600725.SH,20030604,11.15,11.29,11.0,11.29,11.17,0.12,1.07,1213.59,1355.731
4010,600725.SH,20030603,11.19,11.2,11.01,11.17,11.19,-0.02,-0.18,917.1,1019.54
4011,600725.SH,20030602,11.22,11.22,11.13,11.19,11.24,-0.05,-0.44,557.3,622.494
4012,600725.SH,20030530,11.21,11.27,11.18,11.24,11.2,0.04,0.36,491.0,550.772
4013,600725.SH,20030529,11.21,11.25,11.18,11.2,11.21,-0.01,-0.09,944.0,1057.71
4014,600725.SH,20030528,11.2,11.3,11.2,11.21,11.2,0.01,0.09,787.71,883.534
4015,600725.SH,20030527,11.26,11.26,11.17,11.2,11.28,-0.08,-0.71,692.92,776.425
4016,600725.SH,20030526,11.0,11.28,11.0,11.28,11.06,0.22,1.99,933.24,1039.439
4017,600725.SH,20030523,10.9,11.17,10.9,11.06,10.94,0.12,1.1,1001.56,1100.342
4018,600725.SH,20030522,10.9,10.97,10.86,10.94,10.95,-0.01,-0.09,301.99,329.569
4019,600725.SH,20030521,11.0,11.0,10.9,10.95,10.97,-0.02,-0.18,279.0,305.123
4020,600725.SH,20030520,10.88,10.97,10.86,10.97,10.88,0.09,0.83,1241.26,1353.561
4021,600725.SH,20030519,11.0,11.05,10.75,10.88,11.02,-0.14,-1.27,1469.5,1604.498
4022,600725.SH,20030516,11.1,11.15,10.95,11.02,11.1,-0.08,-0.72,698.89,772.138
4023,600725.SH,20030515,10.99,11.18,10.89,11.1,10.99,0.11,1.0,1096.0,1206.088
4024,600725.SH,20030514,10.85,11.0,10.73,10.99,10.85,0.14,1.29,1721.1,1884.944
4025,600725.SH,20030513,11.32,11.32,10.75,10.85,11.32,-0.47,-4.15,3531.0,3841.736
4026,600725.SH,20030512,11.5,11.5,11.15,11.32,11.51,-0.19,-1.65,1130.5,1274.631
4027,600725.SH,20030430,11.55,11.7,11.25,11.51,11.25,0.26,2.31,8718.01,10088.955
4028,600725.SH,20030429,11.45,11.45,11.1,11.25,11.46,-0.21,-1.83,876.01,982.464
4029,600725.SH,20030428,11.17,11.58,10.95,11.46,11.22,0.24,2.14,2217.04,2471.298
4030,600725.SH,20030425,11.49,11.49,11.15,11.22,11.4,-0.18,-1.58,963.39,1082.45
4031,600725.SH,20030424,11.65,11.65,11.2,11.4,11.58,-0.18,-1.55,1952.74,2210.022
4032,600725.SH,20030423,11.63,11.69,11.4,11.58,11.58,0.0,0.0,1790.31,2059.23
4033,600725.SH,20030422,11.67,11.67,11.5,11.58,11.67,-0.09,-0.77,890.0,1030.021
4034,600725.SH,20030421,11.97,11.97,11.52,11.67,11.97,-0.3,-2.51,2766.0,3221.139
4035,600725.SH,20030418,11.95,12.0,11.81,11.97,11.91,0.06,0.5,1061.7,1265.465
4036,600725.SH,20030417,12.15,12.2,11.89,11.91,12.13,-0.22,-1.81,1960.56,2352.112
4037,600725.SH,20030416,12.42,12.45,11.97,12.13,12.42,-0.29,-2.33,4420.02,5364.878
4038,600725.SH,20030415,12.0,12.45,12.0,12.42,12.01,0.41,3.41,9554.2,11734.803
4039,600725.SH,20030414,11.8,12.04,11.73,12.01,11.84,0.17,1.44,3329.87,3955.645
4040,600725.SH,20030411,11.95,11.95,11.75,11.84,11.89,-0.05,-0.42,1174.0,1387.314
4041,600725.SH,20030410,11.8,11.9,11.7,11.89,11.82,0.07,0.59,1201.5,1417.14
4042,600725.SH,20030409,12.0,12.0,11.71,11.82,11.98,-0.16,-1.34,948.5,1119.596
4043,600725.SH,20030408,12.08,12.08,11.86,11.98,12.05,-0.07,-0.58,655.5,782.937
4044,600725.SH,20030407,12.2,12.21,11.92,12.05,12.1,-0.05,-0.41,1498.91,1809.788
4045,600725.SH,20030404,11.76,12.12,11.75,12.1,11.82,0.28,2.37,2851.79,3416.1
4046,600725.SH,20030403,11.74,11.82,11.72,11.82,11.78,0.04,0.34,1887.35,2221.006
4047,600725.SH,20030402,11.75,11.85,11.73,11.78,11.83,-0.05,-0.42,2251.5,2647.034
4048,600725.SH,20030401,11.8,12.0,11.7,11.83,11.83,0.0,0.0,1086.18,1279.833
4049,600725.SH,20030331,11.89,11.89,11.72,11.83,11.94,-0.11,-0.92,835.5,985.412
4050,600725.SH,20030328,12.0,12.06,11.02,11.94,12.07,-0.13,-1.08,2270.3,2682.979
4051,600725.SH,20030327,11.85,12.11,11.69,12.07,11.85,0.22,1.86,1873.68,2237.588
4052,600725.SH,20030326,11.98,12.0,11.58,11.85,11.84,0.01,0.08,1239.0,1464.108
4053,600725.SH,20030325,11.82,12.08,11.82,12.04,11.92,0.12,1.01,5074.9,6084.052
4054,600725.SH,20030324,11.85,11.92,11.81,11.92,11.86,0.06,0.51,848.54,1006.572
4055,600725.SH,20030321,11.8,11.86,11.71,11.86,11.82,0.04,0.34,536.0,633.322
4056,600725.SH,20030320,11.65,11.86,11.63,11.82,11.65,0.17,1.46,1362.5,1602.492
4057,600725.SH,20030319,11.67,11.72,11.59,11.65,11.67,-0.02,-0.17,471.0,547.77
4058,600725.SH,20030318,11.63,11.75,11.6,11.67,11.6,0.07,0.6,618.0,720.455
4059,600725.SH,20030317,11.7,11.71,11.58,11.6,11.7,-0.1,-0.85,686.0,799.565
4060,600725.SH,20030314,11.69,11.75,11.64,11.7,11.69,0.01,0.09,515.0,601.774
4061,600725.SH,20030313,11.7,11.82,11.61,11.69,11.76,-0.07,-0.6,1066.0,1248.322
4062,600725.SH,20030312,11.59,11.77,11.48,11.76,11.59,0.17,1.47,779.8,904.523
4063,600725.SH,20030311,11.59,11.61,11.5,11.59,11.59,0.0,0.0,677.0,783.667
4064,600725.SH,20030310,11.73,11.73,11.54,11.59,11.72,-0.13,-1.11,1570.0,1821.334
4065,600725.SH,20030307,11.73,11.75,11.66,11.72,11.73,-0.01,-0.09,884.7,1035.08
4066,600725.SH,20030306,11.84,11.85,11.7,11.73,11.84,-0.11,-0.93,626.0,735.218
4067,600725.SH,20030305,11.85,11.85,11.75,11.84,11.85,-0.01,-0.08,636.0,750.624
4068,600725.SH,20030304,11.82,11.9,11.81,11.85,11.87,-0.02,-0.17,688.57,815.819
4069,600725.SH,20030303,11.9,11.9,11.8,11.87,11.9,-0.03,-0.25,762.8,903.098
4070,600725.SH,20030228,11.93,11.93,11.83,11.9,11.94,-0.04,-0.34,587.22,697.268
4071,600725.SH,20030227,11.95,12.0,11.88,11.94,11.85,0.09,0.76,1209.68,1442.404
4072,600725.SH,20030225,11.68,11.87,11.65,11.85,11.68,0.17,1.46,1056.04,1241.013
4073,600725.SH,20030224,11.68,11.7,11.62,11.68,11.7,-0.02,-0.17,900.01,1049.301
4074,600725.SH,20030221,11.82,11.82,11.65,11.7,11.82,-0.12,-1.02,1596.9,1869.327
4075,600725.SH,20030220,11.9,11.92,11.8,11.82,11.84,-0.02,-0.17,386.6,458.41
4076,600725.SH,20030219,11.8,11.85,11.7,11.84,11.81,0.03,0.25,1161.0,1366.018
4077,600725.SH,20030218,11.87,11.87,11.71,11.81,11.87,-0.06,-0.51,645.45,759.617
4078,600725.SH,20030217,11.93,11.93,11.76,11.87,11.92,-0.05,-0.42,1663.99,1968.242
4079,600725.SH,20030214,11.9,11.95,11.8,11.92,11.9,0.02,0.17,869.04,1030.596
4080,600725.SH,20030213,11.92,11.99,11.88,11.9,11.91,-0.01,-0.08,898.0,1071.028
4081,600725.SH,20030212,11.93,11.95,11.8,11.91,11.93,-0.02,-0.17,1935.0,2291.591
4082,600725.SH,20030211,12.02,12.02,11.86,11.93,12.0,-0.07,-0.58,452.0,539.133
4083,600725.SH,20030210,12.2,12.2,11.89,12.0,12.14,-0.14,-1.15,856.48,1030.334
4084,600725.SH,20030129,12.02,12.15,11.93,12.14,12.05,0.09,0.75,3788.29,4568.286
4085,600725.SH,20030128,11.92,12.05,11.85,12.05,11.9,0.15,1.26,4022.68,4809.54
4086,600725.SH,20030127,11.95,11.95,11.73,11.9,11.91,-0.01,-0.08,2161.92,2556.747
4087,600725.SH,20030124,11.76,12.0,11.58,11.91,11.89,0.02,0.17,3587.8,4240.691
4088,600725.SH,20030123,12.03,12.03,11.75,11.89,11.91,-0.02,-0.17,2262.96,2678.351
4089,600725.SH,20030122,11.99,11.99,11.71,11.91,11.89,0.02,0.17,2962.34,3517.773
4090,600725.SH,20030121,12.22,12.38,11.84,11.89,12.17,-0.28,-2.3,2681.13,3211.213
4091,600725.SH,20030120,12.3,12.45,12.0,12.17,12.27,-0.1,-0.82,3781.61,4602.153
4092,600725.SH,20030117,11.88,12.42,11.88,12.27,11.8,0.47,3.98,19982.08,24410.572
4093,600725.SH,20030116,11.76,11.81,11.47,11.8,11.75,0.05,0.43,3301.68,3842.695
4094,600725.SH,20030115,11.82,11.97,11.67,11.75,11.9,-0.15,-1.26,2523.41,2970.608
4095,600725.SH,20030114,11.4,11.9,11.4,11.9,11.48,0.42,3.66,5389.09,6327.288
4096,600725.SH,20030113,11.57,11.57,11.4,11.48,11.57,-0.09,-0.78,1982.12,2272.468
4097,600725.SH,20030110,11.3,11.76,11.3,11.57,11.34,0.23,2.03,7711.63,8954.217
4098,600725.SH,20030109,11.1,11.38,11.0,11.34,11.1,0.24,2.16,4525.86,5103.966
4099,600725.SH,20030108,10.9,11.1,10.9,11.1,10.99,0.11,1.0,1433.0,1575.084
4100,600725.SH,20030107,11.0,11.1,10.84,10.99,11.02,-0.03,-0.27,2458.79,2702.321
4101,600725.SH,20030106,10.78,11.03,10.55,11.02,10.87,0.15,1.38,2397.5,2601.543
4102,600725.SH,20030103,10.95,11.02,10.63,10.87,11.0,-0.13,-1.18,3937.63,4236.382
4103,600725.SH,20030102,11.29,11.37,10.87,11.0,11.78,-0.78,-6.62,4848.19,5367.903
4104,600725.SH,20021231,10.98,12.0,10.61,11.78,11.13,0.65,5.84,27006.45,30730.097
4105,600725.SH,20021230,10.58,11.2,10.38,11.13,10.67,0.46,4.31,16241.21,17672.124
4106,600725.SH,20021227,10.0,10.8,9.85,10.67,10.06,0.61,6.06,12301.21,12807.409
4107,600725.SH,20021226,10.36,10.36,10.06,10.06,10.42,-0.36,-3.45,2520.08,2567.733
4108,600725.SH,20021225,10.45,10.45,10.35,10.42,10.44,-0.02,-0.19,1527.29,1589.619
4109,600725.SH,20021224,10.36,10.45,10.32,10.44,10.41,0.03,0.29,1373.54,1423.998
4110,600725.SH,20021223,10.3,10.55,10.3,10.41,10.27,0.14,1.36,4440.09,4637.156
4111,600725.SH,20021220,10.2,10.33,10.15,10.27,10.23,0.04,0.39,1042.21,1066.026
4112,600725.SH,20021219,10.2,10.24,10.1,10.23,10.22,0.01,0.1,1214.0,1234.225
4113,600725.SH,20021218,10.12,10.39,10.1,10.22,10.14,0.08,0.79,3597.37,3698.73
4114,600725.SH,20021217,10.05,10.2,10.04,10.14,10.15,-0.01,-0.1,1126.5,1144.196
4115,600725.SH,20021216,9.95,10.29,9.88,10.15,9.96,0.19,1.91,5754.85,5838.079
4116,600725.SH,20021213,9.71,9.97,9.64,9.96,9.77,0.19,1.94,1793.0,1760.831
4117,600725.SH,20021212,9.7,9.84,9.68,9.77,9.76,0.01,0.1,539.0,527.201
4118,600725.SH,20021211,9.8,9.8,9.61,9.76,9.76,0.0,0.0,319.0,309.17
4119,600725.SH,20021210,9.78,9.93,9.75,9.76,9.86,-0.1,-1.01,293.0,287.796
4120,600725.SH,20021209,9.8,9.92,9.8,9.86,9.86,0.0,0.0,296.9,292.214
4121,600725.SH,20021206,9.93,9.97,9.8,9.86,9.88,-0.02,-0.2,628.5,621.102
4122,600725.SH,20021205,9.81,9.9,9.75,9.88,9.93,-0.05,-0.5,495.8,486.038
4123,600725.SH,20021204,9.97,10.07,9.81,9.93,9.83,0.1,1.02,738.2,736.483
4124,600725.SH,20021203,9.7,9.85,9.7,9.83,9.8,0.03,0.31,584.2,571.71
4125,600725.SH,20021202,10.15,10.15,9.7,9.8,10.16,-0.36,-3.54,957.5,950.112
4126,600725.SH,20021129,10.09,10.25,10.0,10.16,10.02,0.14,1.4,1846.8,1875.657
4127,600725.SH,20021128,9.84,10.08,9.71,10.02,9.75,0.27,2.77,683.81,676.443
4128,600725.SH,20021127,9.7,9.9,9.57,9.75,9.71,0.04,0.41,927.2,902.778
4129,600725.SH,20021126,9.94,10.06,9.7,9.71,9.94,-0.23,-2.31,809.0,795.013
4130,600725.SH,20021125,9.99,10.0,9.7,9.94,9.97,-0.03,-0.3,302.0,299.505
4131,600725.SH,20021122,9.98,10.2,9.85,9.97,9.92,0.05,0.5,1347.6,1346.656
4132,600725.SH,20021121,10.12,10.2,9.9,9.92,10.28,-0.36,-3.5,1715.84,1721.585
4133,600725.SH,20021120,10.53,10.53,10.25,10.28,10.55,-0.27,-2.56,671.0,691.658
4134,600725.SH,20021119,10.45,10.56,10.33,10.55,10.43,0.12,1.15,507.0,529.4
4135,600725.SH,20021118,10.6,10.6,10.32,10.43,10.56,-0.13,-1.23,602.0,627.443
4136,600725.SH,20021115,10.32,10.69,10.32,10.56,10.62,-0.06,-0.57,924.35,972.522
4137,600725.SH,20021114,10.78,10.78,10.56,10.62,10.79,-0.17,-1.58,1438.8,1527.833
4138,600725.SH,20021113,10.8,10.89,10.6,10.79,10.85,-0.06,-0.55,2243.0,2401.944
4139,600725.SH,20021112,11.03,11.06,10.8,10.85,11.03,-0.18,-1.63,1112.95,1209.831
4140,600725.SH,20021111,11.1,11.2,11.02,11.03,11.14,-0.11,-0.99,446.0,494.035
4141,600725.SH,20021108,11.5,11.58,11.12,11.14,11.43,-0.29,-2.54,746.0,842.284
4142,600725.SH,20021107,11.41,11.47,11.32,11.43,11.41,0.02,0.18,433.0,492.45
4143,600725.SH,20021106,11.59,11.59,11.4,11.41,11.5,-0.09,-0.78,440.83,504.38
4144,600725.SH,20021105,11.2,11.54,11.2,11.5,11.24,0.26,2.31,1503.86,1718.371
4145,600725.SH,20021104,11.3,11.33,11.17,11.24,11.13,0.11,0.99,749.92,841.537
4146,600725.SH,20021101,11.15,11.2,11.01,11.13,11.16,-0.03,-0.27,564.0,624.796
4147,600725.SH,20021031,11.1,11.23,11.02,11.16,11.18,-0.02,-0.18,463.82,515.788
4148,600725.SH,20021030,11.18,11.18,11.06,11.18,11.22,-0.04,-0.36,467.29,521.66
4149,600725.SH,20021029,11.03,11.22,11.0,11.22,11.05,0.17,1.54,721.0,798.069
4150,600725.SH,20021028,11.18,11.24,11.03,11.05,11.24,-0.19,-1.69,848.0,941.523
4151,600725.SH,20021025,11.26,11.4,11.23,11.24,11.38,-0.14,-1.23,957.9,1083.945
4152,600725.SH,20021024,11.25,11.44,11.25,11.38,11.47,-0.09,-0.78,390.0,444.139
4153,600725.SH,20021023,11.5,11.59,11.18,11.47,11.62,-0.15,-1.29,940.76,1073.748
4154,600725.SH,20021022,11.35,11.65,11.35,11.62,11.35,0.27,2.38,842.63,968.022
4155,600725.SH,20021021,11.52,11.52,11.3,11.35,11.52,-0.17,-1.48,948.81,1075.653
4156,600725.SH,20021018,11.6,11.6,11.4,11.52,11.6,-0.08,-0.69,751.0,866.027
4157,600725.SH,20021017,11.84,11.84,11.55,11.6,11.84,-0.24,-2.03,541.65,630.576
4158,600725.SH,20021016,11.68,11.85,11.63,11.84,11.67,0.17,1.46,1286.79,1513.405
4159,600725.SH,20021015,11.67,11.76,11.51,11.67,11.66,0.01,0.09,735.0,856.652
4160,600725.SH,20021014,11.61,11.67,11.5,11.66,11.6,0.06,0.52,1074.91,1243.566
4161,600725.SH,20021011,11.6,11.7,11.57,11.6,11.6,0.0,0.0,1612.28,1875.346
4162,600725.SH,20021010,11.64,11.67,11.56,11.6,11.65,-0.05,-0.43,1093.55,1270.954
4163,600725.SH,20021009,11.75,11.75,11.6,11.65,11.75,-0.1,-0.85,915.4,1066.478
4164,600725.SH,20021008,11.72,11.85,11.72,11.75,11.95,-0.2,-1.67,466.0,548.489
4165,600725.SH,20020927,12.05,12.05,11.88,11.95,12.0,-0.05,-0.42,1049.66,1251.313
4166,600725.SH,20020926,12.11,12.21,11.99,12.0,12.11,-0.11,-0.91,1178.94,1419.25
4167,600725.SH,20020925,12.1,12.2,12.08,12.11,12.13,-0.02,-0.16,764.0,926.489
4168,600725.SH,20020924,12.16,12.19,12.11,12.13,12.16,-0.03,-0.25,883.86,1073.645
4169,600725.SH,20020923,12.1,12.3,12.07,12.16,12.18,-0.02,-0.16,280.3,341.806
4170,600725.SH,20020920,12.38,12.38,12.18,12.18,12.26,-0.08,-0.65,474.8,579.787
4171,600725.SH,20020919,12.08,12.29,12.08,12.26,12.13,0.13,1.07,911.75,1107.659
4172,600725.SH,20020918,12.16,12.28,12.09,12.13,12.2,-0.07,-0.57,764.65,929.233
4173,600725.SH,20020917,12.23,12.25,12.1,12.2,12.22,-0.02,-0.16,470.0,571.953
4174,600725.SH,20020916,12.3,12.3,12.13,12.22,12.34,-0.12,-0.97,1274.4,1551.146
4175,600725.SH,20020913,12.3,12.39,12.3,12.34,12.34,0.0,0.0,424.0,524.348
4176,600725.SH,20020912,12.3,12.38,12.2,12.34,12.28,0.06,0.49,571.5,704.554
4177,600725.SH,20020911,12.2,12.35,12.14,12.28,12.33,-0.05,-0.41,1461.72,1785.275
4178,600725.SH,20020910,12.33,12.43,12.18,12.33,12.32,0.01,0.08,716.87,885.601
4179,600725.SH,20020909,12.39,12.39,12.26,12.32,12.42,-0.1,-0.81,933.33,1148.922
4180,600725.SH,20020906,12.5,12.55,12.42,12.42,12.5,-0.08,-0.64,805.0,1002.546
4181,600725.SH,20020905,12.7,12.79,12.38,12.5,12.7,-0.2,-1.57,2076.57,2594.341
4182,600725.SH,20020904,12.71,12.78,12.64,12.7,12.8,-0.1,-0.78,537.37,682.072
4183,600725.SH,20020903,12.68,12.84,12.63,12.8,12.7,0.1,0.79,805.08,1028.149
4184,600725.SH,20020902,12.78,12.78,12.53,12.7,12.61,0.09,0.71,712.0,900.039
4185,600725.SH,20020830,12.65,12.7,12.57,12.61,12.66,-0.05,-0.39,832.0,1050.712
4186,600725.SH,20020829,12.9,12.9,12.66,12.66,12.86,-0.2,-1.56,977.0,1246.727
4187,600725.SH,20020828,12.95,12.98,12.83,12.86,12.95,-0.09,-0.7,1397.0,1802.382
4188,600725.SH,20020827,12.7,13.08,12.7,12.95,12.69,0.26,2.05,5066.32,6555.348
4189,600725.SH,20020826,12.6,12.77,12.59,12.69,12.62,0.07,0.55,857.29,1085.138
4190,600725.SH,20020823,12.56,12.68,12.5,12.62,12.59,0.03,0.24,1315.35,1662.344
4191,600725.SH,20020822,12.43,12.7,12.43,12.59,12.43,0.16,1.29,1524.56,1921.236
4192,600725.SH,20020821,12.4,12.5,12.37,12.43,12.45,-0.02,-0.16,916.19,1139.981
4193,600725.SH,20020820,12.29,12.48,12.29,12.45,12.39,0.06,0.48,1607.81,1995.97
4194,600725.SH,20020819,12.48,12.48,12.31,12.39,12.37,0.02,0.16,221.0,273.467
4195,600725.SH,20020816,12.28,12.42,12.21,12.37,12.31,0.06,0.49,788.49,968.949
4196,600725.SH,20020815,12.44,12.45,12.3,12.31,12.43,-0.12,-0.97,568.0,701.677
4197,600725.SH,20020814,12.38,12.46,12.38,12.43,12.39,0.04,0.32,410.5,509.805
4198,600725.SH,20020813,12.36,12.45,12.36,12.39,12.49,-0.1,-0.8,465.0,576.615
4199,600725.SH,20020809,12.63,12.63,12.46,12.49,12.58,-0.09,-0.72,427.0,534.155
4200,600725.SH,20020808,12.66,12.68,12.52,12.58,12.55,0.03,0.24,479.8,603.573
4201,600725.SH,20020807,12.61,12.61,12.52,12.55,12.64,-0.09,-0.71,549.5,690.23
4202,600725.SH,20020806,12.5,12.68,12.46,12.64,12.5,0.14,1.12,691.77,871.215
4203,600725.SH,20020805,12.58,12.58,12.38,12.5,12.59,-0.09,-0.71,304.0,379.566
4204,600725.SH,20020802,12.56,12.6,12.47,12.59,12.55,0.04,0.32,276.82,347.737
4205,600725.SH,20020801,12.57,12.63,12.37,12.55,12.61,-0.06,-0.48,667.0,835.465
4206,600725.SH,20020731,12.55,12.71,12.45,12.61,12.53,0.08,0.64,2339.03,2927.915
4207,600725.SH,20020730,12.76,12.79,12.5,12.53,12.75,-0.22,-1.73,1763.0,2221.553
4208,600725.SH,20020729,12.72,12.81,12.63,12.75,12.78,-0.03,-0.23,1093.74,1387.475
4209,600725.SH,20020726,12.85,12.85,12.72,12.78,12.84,-0.06,-0.47,758.85,970.841
4210,600725.SH,20020725,12.8,12.91,12.75,12.84,12.85,-0.01,-0.08,551.88,707.645
4211,600725.SH,20020724,12.97,12.97,12.75,12.85,12.95,-0.1,-0.77,1146.44,1470.062
4212,600725.SH,20020723,12.85,12.98,12.82,12.95,12.89,0.06,0.47,1229.9,1589.531
4213,600725.SH,20020722,12.95,12.95,12.81,12.89,12.91,-0.02,-0.15,1027.52,1323.315
4214,600725.SH,20020719,12.91,12.96,12.86,12.91,12.93,-0.02,-0.15,1017.77,1314.136
4215,600725.SH,20020718,12.9,12.95,12.75,12.93,12.88,0.05,0.39,1470.57,1889.738
4216,600725.SH,20020717,12.9,12.93,12.66,12.88,12.89,-0.01,-0.08,2215.79,2826.277
4217,600725.SH,20020716,12.95,12.97,12.82,12.89,12.91,-0.02,-0.15,1766.0,2279.874
4218,600725.SH,20020715,13.38,13.38,12.89,12.91,13.4,-0.49,-3.66,4575.28,5993.351
4219,600725.SH,20020712,12.89,13.45,12.75,13.4,12.98,0.42,3.24,8209.99,10793.131
4220,600725.SH,20020711,12.87,13.08,12.75,12.98,12.92,0.06,0.46,2210.1,2856.565
4221,600725.SH,20020710,13.02,13.02,12.78,12.92,13.02,-0.1,-0.77,3076.35,3953.293
4222,600725.SH,20020709,12.96,13.09,12.95,13.02,12.95,0.07,0.54,2121.42,2759.843
4223,600725.SH,20020708,12.81,12.98,12.81,12.95,12.91,0.04,0.31,1709.5,2208.325
4224,600725.SH,20020705,12.9,12.95,12.74,12.91,12.92,-0.01,-0.08,1674.47,2148.712
4225,600725.SH,20020704,13.0,13.0,12.78,12.92,13.0,-0.08,-0.62,1941.51,2497.822
4226,600725.SH,20020703,12.97,13.07,12.9,13.0,12.88,0.12,0.93,2733.63,3549.397
4227,600725.SH,20020702,12.77,12.88,12.69,12.88,12.77,0.11,0.86,1735.5,2216.812
4228,600725.SH,20020701,12.76,12.85,12.64,12.77,12.7,0.07,0.55,1991.78,2531.211
4229,600725.SH,20020628,12.75,12.85,12.58,12.7,12.7,0.0,0.0,4531.37,5752.809
4230,600725.SH,20020627,12.9,12.98,12.6,12.7,12.9,-0.2,-1.55,3195.51,4086.869
4231,600725.SH,20020626,12.84,12.96,12.7,12.9,12.86,0.04,0.31,3740.7,4796.62
4232,600725.SH,20020625,13.28,13.39,12.79,12.86,13.29,-0.43,-3.24,8748.8,11465.361
4233,600725.SH,20020624,13.29,13.29,12.76,13.29,12.08,1.21,10.02,18305.88,24074.883
4234,600725.SH,20020621,11.76,12.15,11.75,12.08,11.71,0.37,3.16,4094.88,4919.475
4235,600725.SH,20020620,11.68,11.88,11.65,11.71,11.68,0.03,0.26,1218.0,1428.941
4236,600725.SH,20020619,11.69,11.97,11.51,11.68,11.67,0.01,0.09,1956.49,2289.248
4237,600725.SH,20020618,11.8,11.8,11.33,11.67,11.48,0.19,1.66,4758.15,5549.532
4238,600725.SH,20020617,11.25,11.48,11.04,11.48,11.32,0.16,1.41,1496.5,1687.929
4239,600725.SH,20020614,11.45,11.52,11.3,11.32,11.45,-0.13,-1.14,1151.0,1315.52
4240,600725.SH,20020613,11.54,11.6,11.35,11.45,11.54,-0.09,-0.78,1867.15,2146.183
4241,600725.SH,20020612,11.69,11.7,11.4,11.54,11.69,-0.15,-1.28,1024.0,1181.837
4242,600725.SH,20020611,11.46,11.74,11.42,11.69,11.5,0.19,1.65,2203.36,2548.424
4243,600725.SH,20020610,11.71,11.77,11.3,11.5,11.68,-0.18,-1.54,2305.67,2649.782
4244,600725.SH,20020607,11.43,11.77,11.2,11.68,11.35,0.33,2.91,5265.29,6099.864
4245,600725.SH,20020606,10.78,11.48,10.73,11.35,10.78,0.57,5.29,2568.66,2873.917
4246,600725.SH,20020605,11.0,11.0,10.72,10.78,11.0,-0.22,-2.0,1864.56,2014.705
4247,600725.SH,20020604,10.8,11.06,10.71,11.0,10.76,0.24,2.23,3249.4,3544.476
4248,600725.SH,20020603,11.01,11.01,10.76,10.76,11.17,-0.41,-3.67,2020.0,2197.946
4249,600725.SH,20020531,11.3,11.34,10.81,11.17,11.29,-0.12,-1.06,1541.5,1726.862
4250,600725.SH,20020530,11.22,11.47,11.14,11.29,11.35,-0.06,-0.53,1753.97,1978.248
4251,600725.SH,20020529,11.8,11.8,11.21,11.35,11.82,-0.47,-3.98,2859.0,3281.782
4252,600725.SH,20020528,11.66,11.9,11.66,11.82,11.72,0.1,0.85,1117.0,1320.264
4253,600725.SH,20020527,11.85,12.05,11.6,11.72,11.83,-0.11,-0.93,1700.98,1988.462
4254,600725.SH,20020524,12.09,12.09,11.8,11.83,12.06,-0.23,-1.91,1720.44,2041.849
4255,600725.SH,20020523,12.11,12.2,12.03,12.06,12.03,0.03,0.25,1964.93,2379.403
4256,600725.SH,20020522,12.45,12.45,12.0,12.03,12.44,-0.41,-3.3,2035.02,2476.954
4257,600725.SH,20020521,12.5,12.54,12.2,12.44,12.06,0.38,3.15,2886.73,3584.574
4258,600725.SH,20020520,12.3,12.31,11.99,12.06,12.36,-0.3,-2.43,2682.95,3232.483
4259,600725.SH,20020517,12.28,12.52,12.17,12.36,12.28,0.08,0.65,2911.9,3593.855
4260,600725.SH,20020516,12.62,12.73,12.25,12.28,12.62,-0.34,-2.69,2526.0,3140.804
4261,600725.SH,20020515,12.7,12.83,12.58,12.62,12.73,-0.11,-0.86,2231.59,2827.734
4262,600725.SH,20020514,12.65,12.87,12.62,12.73,12.7,0.03,0.24,2011.23,2557.374
4263,600725.SH,20020513,12.68,12.78,12.62,12.7,12.9,-0.2,-1.55,2907.69,3693.015
4264,600725.SH,20020510,13.12,13.2,12.89,12.9,13.12,-0.22,-1.68,2806.0,3643.382
4265,600725.SH,20020509,13.12,13.25,13.1,13.12,13.16,-0.04,-0.3,1690.2,2226.782
4266,600725.SH,20020508,13.38,13.48,13.12,13.16,13.37,-0.21,-1.57,2666.59,3537.17
4267,600725.SH,20020430,13.55,13.79,13.2,13.37,13.42,-0.05,-0.37,3287.5,4397.364
4268,600725.SH,20020429,12.88,13.48,12.87,13.42,12.91,0.51,3.95,6538.33,8718.664
4269,600725.SH,20020426,12.6,13.01,12.6,12.91,12.64,0.27,2.14,2042.97,2620.257
4270,600725.SH,20020425,12.6,12.74,12.5,12.64,12.59,0.05,0.4,1775.79,2229.681
4271,600725.SH,20020424,12.76,12.8,12.55,12.59,12.82,-0.23,-1.79,2196.5,2781.728
4272,600725.SH,20020423,12.76,12.9,12.68,12.82,12.84,-0.02,-0.16,1209.01,1551.238
4273,600725.SH,20020422,12.8,12.98,12.7,12.84,12.88,-0.04,-0.31,912.81,1171.34
4274,600725.SH,20020419,12.92,12.92,12.6,12.88,12.85,0.03,0.23,2157.7,2746.079
4275,600725.SH,20020418,12.94,13.05,12.75,12.85,12.95,-0.1,-0.77,1863.06,2395.827
4276,600725.SH,20020417,12.95,13.05,12.78,12.95,12.91,0.04,0.31,2168.12,2793.514
4277,600725.SH,20020416,12.9,13.1,12.8,12.91,12.88,0.03,0.23,1819.45,2352.351
4278,600725.SH,20020415,13.0,13.2,12.75,12.88,13.0,-0.12,-0.92,1714.0,2206.924
4279,600725.SH,20020412,13.18,13.27,13.06,13.2,13.18,0.02,0.15,2599.39,3428.729
4280,600725.SH,20020411,13.4,13.48,13.16,13.18,13.37,-0.19,-1.42,3199.0,4258.857
4281,600725.SH,20020410,13.33,13.45,13.22,13.37,13.24,0.13,0.98,4002.76,5348.227
4282,600725.SH,20020409,12.92,13.29,12.92,13.24,12.92,0.32,2.48,4305.13,5665.52
4283,600725.SH,20020408,13.01,13.05,12.75,12.92,12.99,-0.07,-0.54,3469.51,4456.179
4284,600725.SH,20020405,13.25,13.33,12.96,12.99,13.12,-0.13,-0.99,4339.99,5676.421
4285,600725.SH,20020404,12.67,13.14,12.65,13.12,12.66,0.46,3.63,3764.86,4863.24
4286,600725.SH,20020403,12.76,12.96,12.51,12.66,12.85,-0.19,-1.48,5368.95,6826.286
4287,600725.SH,20020402,13.22,13.42,12.75,12.85,13.22,-0.37,-2.8,6636.71,8660.794
4288,600725.SH,20020401,13.38,13.5,13.0,13.22,13.77,-0.55,-3.99,7801.11,10305.719
4289,600725.SH,20020328,13.94,13.96,13.77,13.77,13.94,-0.17,-1.22,6055.1,8390.025
4290,600725.SH,20020327,13.78,13.96,13.72,13.94,13.82,0.12,0.87,5344.91,7403.49
4291,600725.SH,20020326,14.19,14.3,13.71,13.82,14.21,-0.39,-2.74,11554.28,16132.743
4292,600725.SH,20020325,14.4,14.4,14.1,14.21,14.4,-0.19,-1.32,15641.94,22217.42
4293,600725.SH,20020322,13.85,14.45,13.65,14.4,13.78,0.62,4.5,28783.13,40666.918
4294,600725.SH,20020321,13.8,13.99,13.68,13.78,13.71,0.07,0.51,7327.37,10139.212
4295,600725.SH,20020320,13.66,13.85,13.62,13.71,13.55,0.16,1.18,9519.2,13067.193
4296,600725.SH,20020319,13.28,13.64,13.22,13.55,13.17,0.38,2.89,5622.46,7539.966
4297,600725.SH,20020318,13.4,13.5,13.1,13.17,13.23,-0.06,-0.45,6036.05,8027.561
4298,600725.SH,20020315,13.8,14.0,13.2,13.23,13.75,-0.52,-3.78,6972.0,9525.256
4299,600725.SH,20020314,13.45,13.76,13.39,13.75,13.37,0.38,2.84,6139.1,8304.204
4300,600725.SH,20020313,13.5,13.86,13.25,13.37,13.54,-0.17,-1.26,10862.91,14684.006
4301,600725.SH,20020312,14.0,14.08,13.51,13.54,14.0,-0.46,-3.29,15288.18,21002.269
4302,600725.SH,20020311,13.63,14.2,13.63,14.0,13.6,0.4,2.94,19486.54,27173.24
4303,600725.SH,20020308,13.19,13.62,13.19,13.6,13.11,0.49,3.74,23202.37,31057.847
4304,600725.SH,20020307,12.89,13.12,12.81,13.11,12.91,0.2,1.55,12774.96,16553.61
4305,600725.SH,20020306,12.82,13.13,12.82,12.91,12.81,0.1,0.78,15244.94,19843.563
4306,600725.SH,20020305,12.54,12.95,12.5,12.81,12.56,0.25,1.99,11394.24,14555.8
4307,600725.SH,20020304,12.25,12.57,12.11,12.56,12.36,0.2,1.62,8439.97,10410.504
4308,600725.SH,20020301,12.97,13.0,12.35,12.36,12.96,-0.6,-4.63,12950.0,16340.021
4309,600725.SH,20020228,12.85,13.18,12.8,12.96,13.05,-0.09,-0.69,16265.32,21087.874
4310,600725.SH,20020227,13.5,13.75,13.0,13.05,14.3,-1.25,-8.74,40906.24,54034.515
4311,600725.SH,20020226,13.8,14.49,13.75,14.3,13.82,0.48,3.47,12112.99,17195.45
4312,600725.SH,20020225,14.0,14.1,13.74,13.82,13.74,0.08,0.58,7833.53,10863.336
4313,600725.SH,20020208,13.99,14.0,13.61,13.74,13.79,-0.05,-0.36,7577.42,10475.579
4314,600725.SH,20020207,13.5,14.12,13.38,13.79,13.53,0.26,1.92,11082.04,15260.774
4315,600725.SH,20020206,14.39,14.39,13.46,13.53,14.15,-0.62,-4.38,13936.93,19159.772
4316,600725.SH,20020205,13.62,14.25,13.5,14.15,13.61,0.54,3.97,15619.75,21755.88
4317,600725.SH,20020204,13.1,13.78,13.01,13.61,13.16,0.45,3.42,9568.7,12966.878
4318,600725.SH,20020201,13.3,13.4,13.0,13.16,13.34,-0.18,-1.35,6943.52,9154.1
4319,600725.SH,20020131,12.67,13.49,12.67,13.34,12.45,0.89,7.15,17614.47,23032.333
4320,600725.SH,20020130,12.45,12.7,12.28,12.45,12.49,-0.04,-0.32,4808.4,6023.738
4321,600725.SH,20020129,12.0,12.6,11.83,12.49,12.23,0.26,2.13,5876.67,7260.03
4322,600725.SH,20020128,12.45,12.95,12.21,12.23,12.48,-0.25,-2.0,11836.47,14875.861
4323,600725.SH,20020125,12.7,12.77,12.3,12.48,12.43,0.05,0.4,17072.49,21424.394
4324,600725.SH,20020124,12.43,12.43,11.7,12.43,11.3,1.13,10.0,7289.51,9027.221
4325,600725.SH,20020123,9.97,11.3,9.24,11.3,10.27,1.03,10.03,11954.74,11732.036
4326,600725.SH,20020122,10.88,11.8,10.27,10.27,11.41,-1.14,-9.99,5486.3,5967.777
4327,600725.SH,20020121,11.88,12.08,11.39,11.41,12.02,-0.61,-5.07,3021.0,3562.721
4328,600725.SH,20020118,11.6,12.15,11.4,12.02,11.64,0.38,3.26,5228.66,6207.173
4329,600725.SH,20020117,11.95,12.16,11.5,11.64,12.08,-0.44,-3.64,2456.1,2901.372
4330,600725.SH,20020116,11.5,12.09,11.48,12.08,11.54,0.54,4.68,2965.77,3497.086
4331,600725.SH,20020115,11.75,11.99,11.5,11.54,11.8,-0.26,-2.2,3138.3,3650.934
4332,600725.SH,20020114,11.94,12.0,11.8,11.8,12.04,-0.24,-1.99,2321.15,2752.03
4333,600725.SH,20020111,12.37,12.37,12.03,12.04,12.37,-0.33,-2.67,1127.0,1365.758
4334,600725.SH,20020110,11.98,12.42,11.83,12.37,12.06,0.31,2.57,1819.75,2190.89
4335,600725.SH,20020109,12.35,12.46,12.03,12.06,12.36,-0.3,-2.43,1474.7,1803.033
4336,600725.SH,20020108,12.21,12.49,12.21,12.36,12.45,-0.09,-0.72,497.0,616.291
4337,600725.SH,20020107,12.3,12.45,12.28,12.45,12.51,-0.06,-0.48,1029.11,1268.068
4338,600725.SH,20020104,12.65,12.67,12.5,12.51,12.73,-0.22,-1.73,1322.5,1663.08
4339,600725.SH,20011231,12.88,12.88,12.66,12.73,12.74,-0.01,-0.08,893.0,1137.137
4340,600725.SH,20011228,12.5,12.75,12.42,12.74,12.46,0.28,2.25,1280.6,1610.365
4341,600725.SH,20011227,12.6,12.64,12.44,12.46,12.56,-0.1,-0.8,1544.85,1935.723
4342,600725.SH,20011226,12.36,12.57,12.27,12.56,12.39,0.17,1.37,1226.14,1528.487
4343,600725.SH,20011225,12.1,12.45,12.1,12.39,12.22,0.17,1.39,1151.68,1413.174
4344,600725.SH,20011224,12.3,12.38,12.1,12.22,12.3,-0.08,-0.65,1169.79,1432.439
4345,600725.SH,20011221,12.2,12.3,12.03,12.3,12.3,0.0,0.0,1219.0,1485.235
4346,600725.SH,20011220,12.65,12.65,12.25,12.3,12.7,-0.4,-3.15,1439.51,1779.038
4347,600725.SH,20011219,12.65,12.9,12.65,12.7,12.78,-0.08,-0.63,908.0,1159.11
4348,600725.SH,20011218,12.66,12.88,12.52,12.78,12.6,0.18,1.43,723.5,917.372
4349,600725.SH,20011217,12.6,12.71,12.56,12.6,12.56,0.04,0.32,915.0,1155.507
4350,600725.SH,20011214,12.6,12.8,12.48,12.56,12.57,-0.01,-0.08,1466.0,1845.591
4351,600725.SH,20011213,12.87,13.0,12.57,12.57,12.9,-0.33,-2.56,2280.63,2903.48
4352,600725.SH,20011212,13.1,13.1,12.9,12.9,13.16,-0.26,-1.98,2011.4,2612.96
4353,600725.SH,20011211,13.28,13.35,13.14,13.16,13.26,-0.1,-0.75,1243.0,1639.828
4354,600725.SH,20011210,13.18,13.26,13.11,13.26,13.28,-0.02,-0.15,1057.01,1391.306
4355,600725.SH,20011207,13.26,13.37,13.15,13.28,13.37,-0.09,-0.67,1473.0,1954.576
4356,600725.SH,20011206,13.17,13.38,13.1,13.37,13.23,0.14,1.06,2696.1,3568.66
4357,600725.SH,20011205,13.5,13.66,13.18,13.23,13.61,-0.38,-2.79,3187.4,4264.974
4358,600725.SH,20011204,13.25,13.63,12.48,13.61,13.54,0.07,0.52,1733.2,2322.478
4359,600725.SH,20011203,13.48,13.68,13.48,13.54,13.46,0.08,0.59,2434.06,3304.735
4360,600725.SH,20011130,13.44,13.49,13.31,13.46,13.41,0.05,0.37,2264.13,3035.968
4361,600725.SH,20011129,13.35,13.5,13.2,13.41,13.33,0.08,0.6,2120.79,2838.618
4362,600725.SH,20011128,13.33,13.4,13.1,13.33,13.22,0.11,0.83,3272.7,4348.804
4363,600725.SH,20011127,13.02,13.25,12.99,13.22,13.0,0.22,1.69,2025.04,2666.05
4364,600725.SH,20011126,13.0,13.0,12.84,13.0,12.98,0.02,0.15,1551.82,2004.914
4365,600725.SH,20011123,13.1,13.12,12.9,12.98,13.15,-0.17,-1.29,2276.13,2960.608
4366,600725.SH,20011122,12.48,13.48,12.48,13.15,12.74,0.41,3.22,5254.05,6816.461
4367,600725.SH,20011121,12.83,12.86,12.62,12.74,12.85,-0.11,-0.86,2309.58,2950.36
4368,600725.SH,20011120,12.6,12.87,12.56,12.85,12.6,0.25,1.98,3949.68,5048.102
4369,600725.SH,20011119,12.2,12.6,12.2,12.6,12.15,0.45,3.7,2394.31,2963.346
4370,600725.SH,20011116,12.94,12.94,12.15,12.15,11.85,0.3,2.53,5555.54,6975.198
4371,600725.SH,20011115,11.74,11.86,11.7,11.85,11.71,0.14,1.2,670.5,791.034
4372,600725.SH,20011114,11.55,11.89,11.51,11.71,11.79,-0.08,-0.68,1225.42,1430.152
4373,600725.SH,20011113,11.75,11.89,11.5,11.79,11.7,0.09,0.77,1069.0,1249.289
4374,600725.SH,20011112,11.95,12.0,11.7,11.7,11.9,-0.2,-1.68,1290.7,1526.22
4375,600725.SH,20011109,11.65,11.99,11.35,11.9,11.75,0.15,1.28,2288.33,2685.343
4376,600725.SH,20011108,11.45,11.85,11.15,11.75,11.59,0.16,1.38,2642.84,3047.526
4377,600725.SH,20011107,12.38,12.45,11.49,11.59,12.5,-0.91,-7.28,3722.0,4444.52
4378,600725.SH,20011106,12.7,12.78,12.47,12.5,12.67,-0.17,-1.34,876.0,1103.084
4379,600725.SH,20011105,12.61,12.79,12.55,12.67,12.8,-0.13,-1.02,1331.7,1680.09
4380,600725.SH,20011102,12.72,12.96,12.6,12.8,12.8,0.0,0.0,1514.64,1935.221
4381,600725.SH,20011101,12.66,12.96,12.55,12.8,12.66,0.14,1.11,3017.75,3869.513
4382,600725.SH,20011031,12.28,12.7,12.16,12.66,12.35,0.31,2.51,1088.27,1357.387
4383,600725.SH,20011030,12.72,12.72,12.0,12.35,12.68,-0.33,-2.6,1360.4,1692.446
4384,600725.SH,20011029,12.47,12.73,12.42,12.68,12.45,0.23,1.85,1782.53,2250.483
4385,600725.SH,20011026,12.17,12.49,12.0,12.45,12.19,0.26,2.13,3095.4,3814.671
4386,600725.SH,20011025,12.65,12.78,12.19,12.19,12.8,-0.61,-4.77,5124.78,6380.29
4387,600725.SH,20011024,12.4,13.0,12.3,12.8,11.83,0.97,8.2,12256.6,15448.849
4388,600725.SH,20011023,11.83,11.83,11.57,11.83,10.75,1.08,10.05,4787.44,5656.239
4389,600725.SH,20011022,11.58,11.69,10.71,10.75,11.73,-0.98,-8.35,2598.0,2905.733
4390,600725.SH,20011019,12.2,12.2,11.62,11.73,12.15,-0.42,-3.46,1744.54,2064.346
4391,600725.SH,20011018,12.37,12.37,12.1,12.15,12.4,-0.25,-2.02,748.4,911.479
4392,600725.SH,20011017,12.43,12.47,12.18,12.4,12.41,-0.01,-0.08,823.0,1012.095
4393,600725.SH,20011016,12.61,12.7,12.32,12.41,12.65,-0.24,-1.9,763.94,951.976
4394,600725.SH,20011015,12.68,12.76,12.4,12.65,12.63,0.02,0.16,1589.31,2005.393
4395,600725.SH,20011012,12.2,12.8,11.9,12.63,12.2,0.43,3.52,3176.94,3936.265
4396,600725.SH,20011011,12.7,12.96,12.11,12.2,12.71,-0.51,-4.01,1781.15,2202.35
4397,600725.SH,20011010,13.12,13.2,12.57,12.71,13.27,-0.56,-4.22,1717.27,2205.151
4398,600725.SH,20011009,13.0,13.28,13.0,13.27,13.0,0.27,2.08,1125.7,1483.281
4399,600725.SH,20011008,13.35,13.52,12.98,13.0,13.42,-0.42,-3.13,1898.0,2499.837
4400,600725.SH,20010928,14.0,14.09,13.0,13.42,14.0,-0.58,-4.14,2410.36,3285.604
4401,600725.SH,20010927,13.96,14.1,13.92,14.0,13.99,0.01,0.07,972.45,1362.637
4402,600725.SH,20010926,14.12,14.15,13.95,13.99,14.12,-0.13,-0.92,1170.55,1638.063
4403,600725.SH,20010925,14.1,14.31,14.05,14.12,14.0,0.12,0.86,749.9,1060.213
4404,600725.SH,20010924,14.2,14.3,13.91,14.0,14.2,-0.2,-1.41,1383.21,1950.736
4405,600725.SH,20010921,14.31,14.5,14.2,14.2,14.48,-0.28,-1.93,552.0,791.501
4406,600725.SH,20010920,14.48,14.58,14.27,14.48,14.38,0.1,0.7,1177.05,1700.389
4407,600725.SH,20010919,14.22,14.38,14.1,14.38,14.2,0.18,1.27,727.91,1036.551
4408,600725.SH,20010918,14.03,14.48,14.01,14.2,14.08,0.12,0.85,1175.8,1669.537
4409,600725.SH,20010917,14.36,14.58,14.0,14.08,14.41,-0.33,-2.29,1950.8,2758.293
4410,600725.SH,20010914,14.58,14.75,14.35,14.41,14.68,-0.27,-1.84,1375.44,1995.189
4411,600725.SH,20010913,14.78,14.95,14.58,14.68,14.8,-0.12,-0.81,1365.71,2012.425
4412,600725.SH,20010912,14.3,15.2,14.0,14.8,14.55,0.25,1.72,6212.65,9170.987
4413,600725.SH,20010911,14.62,14.75,14.5,14.55,14.52,0.03,0.21,1254.56,1834.439
4414,600725.SH,20010910,13.98,14.64,13.83,14.52,14.1,0.42,2.98,2091.07,3003.071
4415,600725.SH,20010907,14.53,14.61,14.02,14.1,14.55,-0.45,-3.09,1894.71,2725.207
4416,600725.SH,20010906,14.67,14.8,14.5,14.55,14.66,-0.11,-0.75,761.1,1113.478
4417,600725.SH,20010905,14.64,14.98,14.6,14.66,14.58,0.08,0.55,2317.75,3426.083
4418,600725.SH,20010904,14.18,14.64,14.1,14.58,14.17,0.41,2.89,1887.04,2721.313
4419,600725.SH,20010903,14.2,14.3,14.16,14.17,14.23,-0.06,-0.42,615.7,874.966
4420,600725.SH,20010831,14.16,14.39,14.15,14.23,14.21,0.02,0.14,918.5,1309.616
4421,600725.SH,20010830,14.28,14.35,14.01,14.21,14.3,-0.09,-0.63,810.86,1151.208
4422,600725.SH,20010829,14.4,14.54,14.29,14.3,14.38,-0.08,-0.56,2235.0,3224.745
4423,600725.SH,20010828,14.0,14.38,13.87,14.38,14.06,0.32,2.28,2610.87,3676.385
4424,600725.SH,20010827,14.85,14.88,14.01,14.06,14.92,-0.86,-5.76,5037.0,7262.437
4425,600725.SH,20010824,15.06,15.22,14.88,14.92,15.1,-0.18,-1.19,2356.0,3558.552
4426,600725.SH,20010823,15.0,15.16,14.8,15.1,15.06,0.04,0.27,1799.25,2694.271
4427,600725.SH,20010822,15.38,15.38,14.9,15.06,15.46,-0.4,-2.59,2508.47,3772.998
4428,600725.SH,20010821,15.3,15.52,15.3,15.46,15.3,0.16,1.05,1494.36,2311.024
4429,600725.SH,20010820,15.2,15.41,14.8,15.3,15.25,0.05,0.33,1728.0,2605.269
4430,600725.SH,20010817,15.05,15.28,15.02,15.25,15.18,0.07,0.46,2113.45,3212.467
4431,600725.SH,20010816,15.52,15.6,15.18,15.18,15.53,-0.35,-2.25,1796.84,2750.072
4432,600725.SH,20010815,15.4,15.55,15.31,15.53,15.4,0.13,0.84,2235.21,3450.557
4433,600725.SH,20010814,15.66,15.78,15.35,15.4,15.68,-0.28,-1.79,3320.96,5155.474
4434,600725.SH,20010813,15.69,15.73,15.5,15.68,15.66,0.02,0.13,3178.05,4966.588
4435,600725.SH,20010810,15.4,15.83,15.4,15.66,15.3,0.36,2.35,4976.9,7776.571
4436,600725.SH,20010809,15.1,15.3,15.03,15.3,15.08,0.22,1.46,3798.62,5786.07
4437,600725.SH,20010808,15.07,15.28,14.78,15.08,15.05,0.03,0.2,4011.03,6016.189
4438,600725.SH,20010807,14.8,15.17,14.4,15.05,14.85,0.2,1.35,2038.97,3029.496
4439,600725.SH,20010806,15.41,15.41,14.7,14.85,15.5,-0.65,-4.19,2815.63,4204.1
4440,600725.SH,20010803,15.5,15.6,15.3,15.5,15.51,-0.01,-0.06,1925.0,2969.928
4441,600725.SH,20010802,15.75,15.75,15.08,15.51,15.75,-0.24,-1.52,2925.94,4492.928
4442,600725.SH,20010801,15.22,15.8,15.22,15.75,15.17,0.58,3.82,2902.59,4527.402
4443,600725.SH,20010731,15.08,15.7,15.0,15.17,15.18,-0.01,-0.07,3912.74,5973.834
4444,600725.SH,20010730,16.2,16.21,15.18,15.18,16.39,-1.21,-7.38,4050.99,6376.83
4445,600725.SH,20010727,16.5,16.6,16.22,16.39,16.35,0.04,0.24,3161.26,5178.875
4446,600725.SH,20010726,17.0,17.1,16.35,16.35,17.0,-0.65,-3.82,6558.26,10887.725
4447,600725.SH,20010725,17.15,17.4,16.98,17.0,17.2,-0.2,-1.16,3753.25,6431.345
4448,600725.SH,20010724,17.65,17.7,17.1,17.2,17.88,-0.68,-3.8,2921.18,5073.149
4449,600725.SH,20010723,18.07,18.1,17.88,17.88,18.05,-0.17,-0.94,2264.86,4070.082
4450,600725.SH,20010720,17.9,18.1,17.78,18.05,17.9,0.15,0.84,3143.39,5648.339
4451,600725.SH,20010719,17.8,18.0,17.6,17.9,17.8,0.1,0.56,2280.86,4042.085
4452,600725.SH,20010718,18.16,18.23,17.75,17.8,18.02,-0.22,-1.22,2958.67,5310.234
4453,600725.SH,20010717,17.9,18.08,17.7,18.02,17.92,0.1,0.56,4604.87,8250.207
4454,600725.SH,20010716,17.7,17.96,17.45,17.92,17.48,0.44,2.52,3808.3,6779.621
4455,600725.SH,20010713,17.48,17.68,17.4,17.48,17.41,0.07,0.4,1716.0,3008.313
4456,600725.SH,20010712,17.26,17.49,17.25,17.41,17.36,0.05,0.29,1231.95,2136.263
4457,600725.SH,20010711,17.49,17.5,17.22,17.36,17.48,-0.12,-0.69,982.7,1708.804
4458,600725.SH,20010710,17.2,17.49,17.2,17.48,17.18,0.3,1.75,1416.67,2448.027
4459,600725.SH,20010709,17.02,17.23,17.02,17.18,17.23,-0.05,-0.29,1412.83,2418.259
4460,600725.SH,20010706,17.27,17.35,17.09,17.23,17.27,-0.04,-0.23,1328.02,2285.826
4461,600725.SH,20010705,17.2,17.5,17.0,17.27,17.2,0.07,0.41,2456.7,4213.834
4462,600725.SH,20010704,17.32,17.4,17.19,17.2,17.28,-0.08,-0.46,1781.96,3068.639
4463,600725.SH,20010703,17.24,17.35,17.1,17.28,17.27,0.01,0.06,2688.3,4632.68
4464,600725.SH,20010702,17.35,17.4,17.2,17.27,17.35,-0.08,-0.46,2065.5,3577.52
4465,600725.SH,20010629,17.63,17.78,17.33,17.35,17.63,-0.28,-1.59,4067.0,7113.502
4466,600725.SH,20010628,18.05,18.05,17.6,17.63,18.04,-0.41,-2.27,3837.92,6800.391
4467,600725.SH,20010627,18.01,18.09,17.75,18.04,18.0,0.04,0.22,2440.39,4384.347
4468,600725.SH,20010626,17.68,18.19,17.68,18.0,17.62,0.38,2.16,5958.9,10744.374
4469,600725.SH,20010625,17.5,17.75,17.42,17.62,17.6,0.02,0.11,4571.4,8016.314
4470,600725.SH,20010622,17.5,17.69,17.38,17.6,17.37,0.23,1.32,3495.54,6125.581
4471,600725.SH,20010621,17.03,17.38,17.0,17.37,17.01,0.36,2.12,2830.31,4855.604
4472,600725.SH,20010620,17.0,17.44,16.96,17.01,17.1,-0.09,-0.53,3193.8,5485.838
4473,600725.SH,20010619,17.25,17.31,16.8,17.1,17.26,-0.16,-0.93,7233.98,12296.688
4474,600725.SH,20010618,18.02,18.3,17.09,17.26,18.35,-1.09,-5.94,9766.73,17254.661
4475,600725.SH,20010615,18.11,18.38,18.02,18.35,18.1,0.25,1.38,4073.59,7418.448
4476,600725.SH,20010614,18.75,18.8,18.02,18.1,18.7,-0.6,-3.21,7600.0,14008.107
4477,600725.SH,20010613,18.26,18.73,18.2,18.7,18.26,0.44,2.41,6152.2,11369.663
4478,600725.SH,20010612,18.1,18.35,18.0,18.26,18.16,0.1,0.55,5739.5,10388.962
4479,600725.SH,20010611,18.35,18.5,18.01,18.16,18.35,-0.19,-1.04,6204.85,11265.312
4480,600725.SH,20010608,18.66,18.66,18.2,18.35,18.65,-0.3,-1.61,3835.82,7029.712
4481,600725.SH,20010607,18.85,18.86,18.5,18.65,18.82,-0.17,-0.9,4606.84,8598.549
4482,600725.SH,20010606,18.41,18.85,18.32,18.82,18.36,0.46,2.51,8180.98,15202.158
4483,600725.SH,20010605,18.22,18.67,18.22,18.36,18.22,0.14,0.77,5771.08,10630.806
4484,600725.SH,20010604,18.45,18.6,18.15,18.22,18.51,-0.29,-1.57,6988.61,12807.876
4485,600725.SH,20010601,18.8,18.85,18.5,18.51,18.76,-0.25,-1.33,4802.39,8961.212
4486,600725.SH,20010531,18.42,18.85,18.25,18.76,18.4,0.36,1.96,8011.11,14833.019
4487,600725.SH,20010530,18.03,18.55,18.02,18.4,18.07,0.33,1.83,7010.1,12805.591
4488,600725.SH,20010529,18.51,18.58,18.05,18.07,18.6,-0.53,-2.85,8275.7,15060.224
4489,600725.SH,20010528,18.88,18.88,18.23,18.6,18.9,-0.3,-1.59,10718.03,19752.914
4490,600725.SH,20010525,18.9,19.15,18.6,18.9,18.9,0.0,0.0,7096.74,13364.964
4491,600725.SH,20010524,18.7,19.4,18.5,18.9,18.62,0.28,1.5,11271.96,21388.586
4492,600725.SH,20010523,18.76,18.9,18.0,18.62,18.74,-0.12,-0.64,14224.47,26380.004
4493,600725.SH,20010522,19.01,19.15,18.42,18.74,18.94,-0.2,-1.06,14070.47,26258.898
4494,600725.SH,20010521,19.0,19.35,18.66,18.94,18.88,0.06,0.32,23481.85,44447.817
4495,600725.SH,20010518,18.8,19.55,18.62,18.88,18.78,0.1,0.53,24349.68,46737.647
4496,600725.SH,20010517,18.28,18.88,18.02,18.78,18.27,0.51,2.79,15089.59,27876.165
4497,600725.SH,20010516,18.3,18.4,18.01,18.27,18.28,-0.01,-0.05,11761.95,21441.132
4498,600725.SH,20010515,17.5,18.49,17.46,18.28,17.46,0.82,4.7,21931.36,39603.797
4499,600725.SH,20010514,17.5,17.73,17.0,17.46,17.53,-0.07,-0.4,13512.77,23568.366
4500,600725.SH,20010511,17.19,17.99,17.18,17.53,17.2,0.33,1.92,14562.6,25730.598
4501,600725.SH,20010510,17.54,17.6,17.03,17.2,17.49,-0.29,-1.66,14102.07,24380.614
4502,600725.SH,20010509,17.22,17.75,16.9,17.49,17.22,0.27,1.57,23199.03,40200.689
4503,600725.SH,20010508,16.25,17.5,16.25,17.22,16.0,1.22,7.63,36506.18,62349.898
4504,600725.SH,20010430,15.72,16.26,15.72,16.0,15.7,0.3,1.91,14413.32,23178.053
4505,600725.SH,20010427,15.61,16.1,15.6,15.7,15.6,0.1,0.64,12324.01,19490.973
4506,600725.SH,20010426,16.0,16.3,15.51,15.6,16.5,-0.9,-5.45,28172.61,44630.394
4507,600725.SH,20010425,15.42,16.87,15.4,16.5,15.34,1.16,7.56,95885.13,160003.023
4508,600725.SH,20010424,14.93,15.35,14.93,15.34,14.93,0.41,2.75,6779.91,10284.02
4509,600725.SH,20010423,14.88,14.99,14.65,14.93,14.95,-0.02,-0.13,4232.14,6278.212
4510,600725.SH,20010420,15.0,15.3,14.95,14.95,14.98,-0.03,-0.2,5168.96,7814.044
4511,600725.SH,20010419,15.13,15.2,14.88,14.98,15.12,-0.14,-0.93,3863.93,5793.312
4512,600725.SH,20010418,15.3,15.35,15.12,15.12,15.27,-0.15,-0.98,3269.0,4981.386
4513,600725.SH,20010417,15.21,15.3,15.1,15.27,15.24,0.03,0.2,4801.03,7292.661
4514,600725.SH,20010416,14.91,15.35,14.85,15.24,14.91,0.33,2.21,9593.53,14608.201
4515,600725.SH,20010413,14.89,14.95,14.8,14.91,14.9,0.01,0.07,3027.91,4503.745
4516,600725.SH,20010412,14.97,15.03,14.85,14.9,14.95,-0.05,-0.33,4965.03,7426.108
4517,600725.SH,20010411,15.06,15.08,14.85,14.95,15.0,-0.05,-0.33,3534.82,5292.537
4518,600725.SH,20010410,14.86,15.01,14.85,15.0,14.85,0.15,1.01,5253.45,7856.6
4519,600725.SH,20010409,14.75,14.85,14.6,14.85,14.74,0.11,0.75,3407.65,5028.497
4520,600725.SH,20010406,14.72,14.85,14.72,14.74,14.79,-0.05,-0.34,3018.0,4461.662
4521,600725.SH,20010405,14.41,14.85,14.41,14.79,14.5,0.29,2.0,5149.73,7505.521
4522,600725.SH,20010404,14.77,14.83,14.4,14.5,14.77,-0.27,-1.83,5842.4,8543.72
4523,600725.SH,20010403,14.93,14.95,14.68,14.77,14.93,-0.16,-1.07,4786.0,7079.31
4524,600725.SH,20010402,14.96,15.0,14.81,14.93,14.9,0.03,0.2,5142.26,7659.749
4525,600725.SH,20010330,14.85,14.92,14.8,14.9,14.92,-0.02,-0.13,3446.59,5114.703
4526,600725.SH,20010329,15.0,15.06,14.82,14.92,14.97,-0.05,-0.33,3813.3,5701.681
4527,600725.SH,20010328,14.88,15.0,14.71,14.97,14.86,0.11,0.74,6375.85,9490.849
4528,600725.SH,20010327,14.6,14.88,14.6,14.86,14.35,0.51,3.55,6761.0,10006.958
4529,600725.SH,20010323,14.78,14.84,14.32,14.35,14.76,-0.41,-2.78,5389.0,7832.39
4530,600725.SH,20010322,14.68,14.89,14.63,14.76,14.63,0.13,0.89,6214.45,9173.655
4531,600725.SH,20010321,14.65,14.74,14.54,14.63,14.62,0.01,0.07,4804.5,7043.296
4532,600725.SH,20010320,14.35,14.68,14.35,14.62,14.31,0.31,2.17,5392.52,7835.214
4533,600725.SH,20010319,14.25,14.47,14.25,14.31,14.24,0.07,0.49,3853.3,5533.533
4534,600725.SH,20010316,14.1,14.27,14.06,14.24,14.19,0.05,0.35,2417.4,3427.299
4535,600725.SH,20010315,14.25,14.25,13.95,14.19,14.05,0.14,1.0,2948.0,4171.409
4536,600725.SH,20010314,14.0,14.15,13.85,14.05,14.05,0.0,0.0,1716.29,2408.982
4537,600725.SH,20010313,14.2,14.22,13.91,14.05,14.24,-0.19,-1.33,2513.0,3538.038
4538,600725.SH,20010312,13.88,14.26,13.86,14.24,13.88,0.36,2.59,3459.82,4885.412
4539,600725.SH,20010309,13.88,13.9,13.8,13.88,13.88,0.0,0.0,2821.6,3907.718
4540,600725.SH,20010308,13.9,13.92,13.8,13.88,13.88,0.0,0.0,1394.0,1934.761
4541,600725.SH,20010307,13.9,14.03,13.8,13.88,13.97,-0.09,-0.64,1396.37,1947.899
4542,600725.SH,20010306,13.95,13.98,13.83,13.97,13.95,0.02,0.14,1346.0,1873.19
4543,600725.SH,20010305,13.93,14.05,13.82,13.95,13.89,0.06,0.43,2003.3,2794.774
4544,600725.SH,20010302,13.75,14.1,13.75,13.89,13.74,0.15,1.09,3515.5,4909.362
4545,600725.SH,20010301,13.74,13.78,13.64,13.74,13.63,0.11,0.81,1419.85,1946.976
4546,600725.SH,20010228,13.78,13.8,13.51,13.63,13.78,-0.15,-1.09,1716.0,2338.582
4547,600725.SH,20010227,13.73,13.82,13.6,13.78,13.7,0.08,0.58,2708.96,3716.598
4548,600725.SH,20010226,13.5,13.77,13.39,13.7,13.5,0.2,1.48,4509.5,6154.491
4549,600725.SH,20010223,13.59,13.6,13.1,13.5,12.6,0.9,7.14,4679.69,6230.824
4550,600725.SH,20010222,12.6,12.8,12.53,12.6,12.6,0.0,0.0,1749.17,2223.405
4551,600725.SH,20010221,13.0,13.0,12.6,12.6,13.1,-0.5,-3.82,2843.0,3629.167
4552,600725.SH,20010220,13.3,13.35,13.02,13.1,13.25,-0.15,-1.13,1059.0,1402.503
4553,600725.SH,20010219,13.05,13.3,12.9,13.25,13.09,0.16,1.22,784.7,1031.413
4554,600725.SH,20010216,13.1,13.17,12.9,13.09,13.13,-0.04,-0.3,1008.35,1308.537
4555,600725.SH,20010215,13.25,13.32,13.1,13.13,13.25,-0.12,-0.91,549.86,726.05
4556,600725.SH,20010214,13.1,13.25,13.08,13.25,13.2,0.05,0.38,563.3,741.676
4557,600725.SH,20010213,13.05,13.29,13.05,13.2,13.03,0.17,1.3,1310.4,1725.058
4558,600725.SH,20010212,13.02,13.1,12.86,13.03,13.05,-0.02,-0.15,1419.93,1840.237
4559,600725.SH,20010209,12.98,13.29,12.95,13.05,12.91,0.14,1.08,1672.62,2179.84
4560,600725.SH,20010208,13.25,13.28,12.86,12.91,13.29,-0.38,-2.86,1955.0,2551.065
4561,600725.SH,20010207,13.31,13.4,13.24,13.29,13.24,0.05,0.38,1380.26,1835.846
4562,600725.SH,20010206,13.45,13.45,12.98,13.24,13.45,-0.21,-1.56,2664.55,3516.031
4563,600725.SH,20010205,13.9,13.96,13.45,13.45,13.9,-0.45,-3.24,2749.0,3761.852
4564,600725.SH,20010119,13.81,13.98,13.81,13.9,13.81,0.09,0.65,2583.58,3588.541
4565,600725.SH,20010118,13.75,14.0,13.75,13.81,13.83,-0.02,-0.14,2057.5,2851.179
4566,600725.SH,20010117,13.96,13.98,13.8,13.83,14.0,-0.17,-1.21,1418.3,1968.79
4567,600725.SH,20010116,13.85,14.0,13.66,14.0,13.9,0.1,0.72,3031.4,4188.155
4568,600725.SH,20010115,14.35,14.35,13.82,13.9,14.37,-0.47,-3.27,4290.0,6006.955
4569,600725.SH,20010112,14.5,14.55,14.37,14.37,14.45,-0.08,-0.55,2682.99,3879.8
4570,600725.SH,20010111,14.34,14.6,14.3,14.45,14.33,0.12,0.84,2920.89,4227.567
4571,600725.SH,20010110,14.18,14.37,14.18,14.33,14.15,0.18,1.27,2348.5,3357.48
4572,600725.SH,20010109,14.21,14.35,14.01,14.15,14.25,-0.1,-0.7,3699.14,5235.244
4573,600725.SH,20010108,14.68,14.7,14.16,14.25,14.64,-0.39,-2.66,6076.6,8700.098
4574,600725.SH,20010105,14.68,14.75,14.55,14.64,14.65,-0.01,-0.07,3764.71,5508.418
4575,600725.SH,20010104,14.6,14.79,14.5,14.65,14.55,0.1,0.69,4980.59,7292.748
4576,600725.SH,20010103,14.56,14.59,14.43,14.55,14.48,0.07,0.48,4936.06,7157.811
4577,600725.SH,20010102,14.22,14.49,14.22,14.48,14.2,0.28,1.97,3803.5,5482.376
4578,600725.SH,20001229,14.25,14.3,14.18,14.2,14.25,-0.05,-0.35,3671.71,5227.732
4579,600725.SH,20001228,14.2,14.44,14.2,14.25,14.27,-0.02,-0.14,2830.0,4040.33
4580,600725.SH,20001227,14.5,14.57,14.26,14.27,14.54,-0.27,-1.86,3555.0,5104.051
4581,600725.SH,20001226,14.29,14.54,14.15,14.54,14.18,0.36,2.54,5014.3,7233.739
4582,600725.SH,20001225,14.0,14.25,13.99,14.18,14.0,0.18,1.29,5865.69,8263.275
4583,600725.SH,20001222,14.25,14.37,13.97,14.0,14.25,-0.25,-1.75,6943.6,9758.598
4584,600725.SH,20001221,14.31,14.37,14.1,14.25,14.28,-0.03,-0.21,6008.02,8558.812
4585,600725.SH,20001220,14.25,14.29,14.17,14.28,14.2,0.08,0.56,4459.08,6341.593
4586,600725.SH,20001219,14.18,14.34,14.1,14.2,14.05,0.15,1.07,3110.8,4436.311
4587,600725.SH,20001218,14.17,14.2,14.0,14.05,14.18,-0.13,-0.92,3187.8,4483.859
4588,600725.SH,20001215,14.02,14.3,13.96,14.18,13.98,0.2,1.43,3101.64,4380.083
4589,600725.SH,20001214,13.97,14.13,13.9,13.98,13.97,0.01,0.07,2580.28,3619.809
4590,600725.SH,20001213,14.0,14.02,13.86,13.97,14.0,-0.03,-0.21,3747.3,5222.803
4591,600725.SH,20001212,13.81,14.0,13.81,14.0,13.8,0.2,1.45,3365.84,4678.726
4592,600725.SH,20001211,14.1,14.1,13.8,13.8,14.13,-0.33,-2.34,4599.51,6391.937
4593,600725.SH,20001208,14.1,14.28,14.0,14.13,14.03,0.1,0.71,6846.91,9660.419
4594,600725.SH,20001207,14.39,14.39,13.9,14.03,14.4,-0.37,-2.57,16993.84,23854.74
4595,600725.SH,20001206,14.95,14.95,14.3,14.4,14.9,-0.5,-3.36,18769.0,27158.914
4596,600725.SH,20001205,15.0,15.05,14.82,14.9,14.98,-0.08,-0.53,2324.41,3467.835
4597,600725.SH,20001204,14.7,15.0,14.7,14.98,14.69,0.29,1.97,3465.01,5157.115
4598,600725.SH,20001201,14.68,14.89,14.55,14.69,14.62,0.07,0.48,2549.12,3741.083
4599,600725.SH,20001130,14.5,14.69,14.5,14.62,14.56,0.06,0.41,2330.36,3402.437
4600,600725.SH,20001129,14.96,15.0,14.56,14.56,14.83,-0.27,-1.82,3804.0,5591.562
4601,600725.SH,20001128,14.55,14.85,14.55,14.83,14.52,0.31,2.14,3431.0,5058.739
4602,600725.SH,20001127,14.55,14.81,14.45,14.52,14.7,-0.18,-1.22,4807.87,7012.188
4603,600725.SH,20001124,15.15,15.2,14.4,14.7,15.0,-0.3,-2.0,10065.3,15027.649
4604,600725.SH,20001123,15.6,15.68,14.93,15.0,15.42,-0.42,-2.72,12829.1,19533.016
4605,600725.SH,20001122,15.45,15.45,15.21,15.42,15.43,-0.01,-0.06,5407.8,8293.219
4606,600725.SH,20001121,15.38,15.77,15.28,15.43,15.38,0.05,0.33,16700.45,25932.307
4607,600725.SH,20001120,15.3,15.38,15.08,15.38,15.25,0.13,0.85,9121.13,13933.374
4608,600725.SH,20001117,14.96,15.34,14.96,15.25,14.9,0.35,2.35,13922.0,21206.185
4609,600725.SH,20001116,14.94,15.0,14.69,14.9,14.85,0.05,0.34,5741.0,8531.832
4610,600725.SH,20001115,14.75,14.86,14.66,14.85,14.69,0.16,1.09,4852.0,7152.243
4611,600725.SH,20001114,14.69,14.9,14.6,14.69,14.6,0.09,0.62,6810.0,10024.27
4612,600725.SH,20001113,14.66,14.78,14.52,14.6,14.66,-0.06,-0.41,6050.0,8842.491
4613,600725.SH,20001110,15.0,15.0,14.6,14.66,15.0,-0.34,-2.27,8934.0,13117.878
4614,600725.SH,20001109,15.0,15.0,14.7,15.0,15.0,0.0,0.0,3623.0,5359.159
4615,600725.SH,20001108,15.18,15.48,14.76,15.0,15.13,-0.13,-0.86,11249.0,16935.832
4616,600725.SH,20001107,14.4,15.14,14.3,15.13,14.4,0.73,5.07,8421.0,12521.565
4617,600725.SH,20001106,14.65,14.72,14.38,14.4,14.6,-0.2,-1.37,4801.0,6947.989
4618,600725.SH,20001103,14.95,14.95,14.6,14.6,14.95,-0.35,-2.34,3331.0,4891.089
4619,600725.SH,20001102,14.87,15.13,14.87,14.95,14.87,0.08,0.54,8126.0,12216.59
4620,600725.SH,20001101,14.7,14.99,14.7,14.87,14.67,0.2,1.36,1893.0,2814.892
4621,600725.SH,20001031,14.63,15.02,14.63,14.67,14.63,0.04,0.27,2849.0,4217.958
4622,600725.SH,20001030,14.9,14.95,14.55,14.63,15.01,-0.38,-2.53,6594.0,9692.444
4623,600725.SH,20001027,14.88,15.02,14.8,15.01,14.91,0.1,0.67,3614.0,5384.743
4624,600725.SH,20001026,15.2,15.4,14.88,14.91,15.2,-0.29,-1.91,7405.0,11100.593
4625,600725.SH,20001025,15.39,15.45,15.15,15.2,15.39,-0.19,-1.23,9865.0,15011.634
4626,600725.SH,20001024,15.36,15.44,15.18,15.39,15.4,-0.01,-0.06,5394.0,8265.738
4627,600725.SH,20001023,15.45,15.68,15.2,15.4,15.47,-0.07,-0.45,8128.0,12485.301
4628,600725.SH,20001020,14.9,15.48,14.71,15.47,14.98,0.49,3.27,24102.0,36841.019
4629,600725.SH,20001019,15.06,15.09,14.6,14.98,15.01,-0.03,-0.2,8402.0,12507.077
4630,600725.SH,20001018,15.38,15.47,15.0,15.01,15.36,-0.35,-2.28,6237.0,9419.163
4631,600725.SH,20001017,15.38,15.39,14.84,15.36,15.38,-0.02,-0.13,19698.0,29891.219
4632,600725.SH,20001016,15.0,15.41,14.98,15.38,15.0,0.38,2.53,24251.0,36797.761
4633,600725.SH,20001013,15.2,15.7,14.82,15.0,15.21,-0.21,-1.38,33734.0,51874.15
4634,600725.SH,20001012,15.18,15.26,14.82,15.21,15.12,0.09,0.6,11846.0,17844.944
4635,600725.SH,20001011,14.55,15.12,14.53,15.12,14.53,0.59,4.06,10670.0,15855.006
4636,600725.SH,20001010,13.85,14.55,13.85,14.53,13.9,0.63,4.53,6063.0,8609.044
4637,600725.SH,20001009,14.4,14.48,13.85,13.9,14.49,-0.59,-4.07,6101.0,8556.828
4638,600725.SH,20000929,14.45,14.55,14.23,14.49,14.49,0.0,0.0,5816.0,8385.598
4639,600725.SH,20000928,14.5,14.69,14.4,14.49,14.51,-0.02,-0.14,10638.0,15436.635
4640,600725.SH,20000927,14.5,14.75,14.11,14.51,14.52,-0.01,-0.07,16564.0,24025.9
4641,600725.SH,20000926,15.5,15.79,14.35,14.52,15.43,-0.91,-5.9,40685.0,61420.524
4642,600725.SH,20000925,15.0,15.45,15.0,15.43,14.99,0.44,2.94,11895.0,18181.489
4643,600725.SH,20000922,14.68,14.99,14.65,14.99,14.7,0.29,1.97,4943.0,7294.46
4644,600725.SH,20000921,14.7,14.87,14.61,14.7,14.66,0.04,0.27,4062.0,5986.286
4645,600725.SH,20000920,14.82,14.99,14.51,14.66,14.78,-0.12,-0.81,4027.0,5911.139
4646,600725.SH,20000919,14.7,15.0,14.5,14.78,14.8,-0.02,-0.14,7320.0,10781.772
4647,600725.SH,20000918,15.35,15.4,14.72,14.8,15.35,-0.55,-3.58,8415.0,12588.361
4648,600725.SH,20000915,15.16,15.44,15.06,15.35,15.11,0.24,1.59,14480.0,22116.161
4649,600725.SH,20000914,14.76,15.11,14.75,15.11,14.77,0.34,2.3,8073.0,12063.736
4650,600725.SH,20000913,15.0,15.0,14.75,14.77,15.07,-0.3,-1.99,8171.0,12107.856
4651,600725.SH,20000912,15.0,15.08,14.65,15.07,14.96,0.11,0.74,9691.0,14396.156
4652,600725.SH,20000911,14.23,14.99,14.23,14.96,14.2,0.76,5.35,23355.0,34439.929
4653,600725.SH,20000908,14.02,14.21,13.91,14.2,14.04,0.16,1.14,5216.0,7340.037
4654,600725.SH,20000907,13.72,14.17,13.72,14.04,13.72,0.32,2.33,12814.0,17890.126
4655,600725.SH,20000906,14.0,14.4,13.7,13.72,14.09,-0.37,-2.63,10902.58,15270.614
4656,600725.SH,20000905,14.1,14.65,14.0,14.09,14.1,-0.01,-0.07,14917.0,21488.968
4657,600725.SH,20000904,13.8,14.19,13.68,14.1,13.87,0.23,1.66,8039.0,11225.106
4658,600725.SH,20000901,14.2,14.2,13.87,13.87,14.27,-0.4,-2.8,12893.0,18052.326
4659,600725.SH,20000831,13.8,14.45,13.6,14.27,13.91,0.36,2.59,24690.0,34846.889
4660,600725.SH,20000830,13.94,14.22,13.9,13.91,13.94,-0.03,-0.22,11752.0,16503.401
4661,600725.SH,20000829,13.9,14.22,13.64,13.94,13.59,0.35,2.58,8464.0,11858.469
4662,600725.SH,20000825,13.32,13.65,13.3,13.59,13.24,0.35,2.64,5223.0,7050.708
4663,600725.SH,20000824,13.32,13.48,13.0,13.24,13.35,-0.11,-0.82,6248.0,8279.568
4664,600725.SH,20000823,13.5,13.71,12.7,13.35,13.71,-0.36,-2.63,14364.0,18870.022
4665,600725.SH,20000822,14.11,14.16,13.71,13.71,14.07,-0.36,-2.56,9157.0,12781.909
4666,600725.SH,20000821,13.9,14.3,13.9,14.07,13.81,0.26,1.88,10353.0,14640.935
4667,600725.SH,20000818,13.95,13.95,13.71,13.81,13.95,-0.14,-1.0,6895.0,9540.922
4668,600725.SH,20000817,13.55,13.96,13.41,13.95,13.46,0.49,3.64,14138.0,19376.627
4669,600725.SH,20000816,13.6,13.68,13.35,13.46,13.45,0.01,0.07,5075.0,6848.073
4670,600725.SH,20000815,13.24,13.68,13.15,13.45,13.15,0.3,2.28,12576.0,16993.23
4671,600725.SH,20000814,12.85,13.15,12.73,13.15,12.85,0.3,2.33,4903.0,6354.122
4672,600725.SH,20000811,12.93,13.0,12.8,12.85,12.92,-0.07,-0.54,4788.0,6156.56
4673,600725.SH,20000810,13.29,13.39,12.9,12.92,13.19,-0.27,-2.05,6209.0,8084.159
4674,600725.SH,20000809,13.35,13.5,13.17,13.19,13.32,-0.13,-0.98,4539.0,6061.306
4675,600725.SH,20000808,13.2,13.4,13.1,13.32,13.16,0.16,1.22,4519.0,5979.718
4676,600725.SH,20000807,13.5,13.5,13.0,13.16,13.4,-0.24,-1.79,5074.0,6690.029
4677,600725.SH,20000804,13.35,13.6,13.25,13.4,13.3,0.1,0.75,11147.0,14984.945
4678,600725.SH,20000803,13.2,13.4,13.2,13.3,13.2,0.1,0.76,5373.0,7147.922
4679,600725.SH,20000802,13.13,13.38,13.13,13.2,13.12,0.08,0.61,5749.0,7597.686
4680,600725.SH,20000801,13.3,13.5,13.11,13.12,13.17,-0.05,-0.38,13102.0,17481.967
4681,600725.SH,20000731,12.68,13.28,12.6,13.17,12.68,0.49,3.86,12190.0,15916.172
4682,600725.SH,20000728,12.51,12.68,12.44,12.68,12.53,0.15,1.2,4996.0,6270.713
4683,600725.SH,20000727,12.5,12.74,12.43,12.53,12.48,0.05,0.4,4268.0,5349.898
4684,600725.SH,20000726,12.7,12.89,12.4,12.48,12.3,0.18,1.46,5260.0,6603.631
4685,600725.SH,20000725,12.05,12.3,12.0,12.3,12.06,0.24,1.99,4325.0,5283.216
4686,600725.SH,20000724,12.2,12.2,11.9,12.06,12.11,-0.05,-0.41,1994.0,2393.251
4687,600725.SH,20000721,12.0,12.18,11.9,12.11,12.0,0.11,0.92,2376.0,2860.539
4688,600725.SH,20000720,12.11,12.19,11.87,12.0,12.15,-0.15,-1.23,2455.0,2947.971
4689,600725.SH,20000719,12.25,12.35,12.02,12.15,12.19,-0.04,-0.33,2124.0,2577.185
4690,600725.SH,20000718,11.9,12.29,11.85,12.19,11.9,0.29,2.44,4453.0,5419.344
4691,600725.SH,20000717,11.7,11.98,11.59,11.9,11.76,0.14,1.19,4213.0,4956.982
4692,600725.SH,20000714,11.66,11.82,11.56,11.76,11.64,0.12,1.03,3038.0,3560.072
4693,600725.SH,20000713,11.75,11.9,11.51,11.64,11.75,-0.11,-0.94,3365.0,3938.635
4694,600725.SH,20000712,11.45,11.98,11.45,11.75,11.44,0.31,2.71,4349.0,5088.463
4695,600725.SH,20000711,11.78,11.82,11.4,11.44,11.76,-0.32,-2.72,8601.0,9903.48
4696,600725.SH,20000710,12.0,12.01,11.68,11.76,12.05,-0.29,-2.41,4445.0,5234.498
4697,600725.SH,20000707,12.08,12.16,11.92,12.05,11.9,0.15,1.26,1944.0,2336.896
4698,600725.SH,20000706,12.1,12.15,11.82,11.9,12.0,-0.1,-0.83,1711.0,2034.365
4699,600725.SH,20000705,12.18,12.28,11.87,12.0,12.18,-0.18,-1.48,2583.0,3113.414
4700,600725.SH,20000704,12.7,12.7,11.75,12.18,11.72,0.46,3.92,5571.0,6836.919
4701,600725.SH,20000703,11.65,11.98,11.6,11.72,11.91,-0.19,-1.6,4890.0,5734.492
4702,600725.SH,20000630,12.46,12.58,11.63,11.91,12.5,-0.59,-4.72,14323.0,17147.734
4703,600725.SH,20000629,12.5,12.9,12.42,12.5,12.83,-0.33,-2.57,5484.0,6902.652
4704,600725.SH,20000627,13.1,13.2,12.81,12.83,13.1,-0.27,-2.06,4502.0,5840.446
4705,600725.SH,20000626,13.1,13.3,13.0,13.1,13.11,-0.01,-0.08,5440.0,7177.205
4706,600725.SH,20000623,12.94,13.18,12.78,13.11,12.87,0.24,1.86,4429.0,5785.89
4707,600725.SH,20000622,12.92,12.95,12.75,12.87,12.9,-0.03,-0.23,2234.0,2860.594
4708,600725.SH,20000621,13.0,13.0,12.7,12.9,13.0,-0.1,-0.77,4000.0,5116.335
4709,600725.SH,20000620,12.9,13.16,12.8,13.0,12.81,0.19,1.48,2570.0,3332.717
4710,600725.SH,20000619,13.06,13.06,12.8,12.81,12.96,-0.15,-1.16,3923.0,5053.29
4711,600725.SH,20000616,13.18,13.18,12.9,12.96,13.18,-0.22,-1.67,4638.0,6030.485
4712,600725.SH,20000615,13.28,13.28,12.85,13.18,13.06,0.12,0.92,4494.0,5842.141
4713,600725.SH,20000614,13.4,13.45,13.03,13.06,13.29,-0.23,-1.73,3819.0,5017.079
4714,600725.SH,20000613,13.3,13.58,13.13,13.29,13.3,-0.01,-0.08,5492.0,7339.311
4715,600725.SH,20000612,12.9,13.3,12.75,13.3,12.95,0.35,2.7,4345.0,5690.769
4716,600725.SH,20000609,12.9,13.19,12.9,12.95,12.99,-0.04,-0.31,4674.0,6076.284
4717,600725.SH,20000608,13.0,13.1,12.78,12.99,13.0,-0.01,-0.08,7491.0,9645.724
4718,600725.SH,20000607,13.3,13.31,12.88,13.0,13.31,-0.31,-2.33,9722.0,12672.173
4719,600725.SH,20000606,13.1,13.31,13.05,13.31,13.0,0.31,2.38,7581.0,9993.057
4720,600725.SH,20000605,13.3,13.56,12.98,13.0,13.56,-0.56,-4.13,11671.0,15391.211
4721,600725.SH,20000602,13.92,13.97,13.48,13.56,13.83,-0.27,-1.95,7310.0,9949.177
4722,600725.SH,20000601,13.54,14.13,13.54,13.83,13.29,0.54,4.06,19878.0,27581.176
4723,600725.SH,20000531,13.5,13.64,13.18,13.29,13.42,-0.13,-0.97,10206.0,13640.437
4724,600725.SH,20000530,13.28,13.8,13.28,13.42,13.07,0.35,2.68,24668.0,33396.401
4725,600725.SH,20000529,12.98,13.51,12.9,13.07,12.96,0.11,0.85,12412.0,16379.356
4726,600725.SH,20000526,13.13,13.3,12.81,12.96,12.96,0.0,0.0,6679.0,8665.657
4727,600725.SH,20000525,13.18,13.35,12.66,12.96,13.16,-0.2,-1.52,21329.0,27491.608
4728,600725.SH,20000524,13.88,13.88,13.03,13.16,13.35,-0.19,-1.42,37827.0,50715.555
4729,600725.SH,20000523,12.43,13.4,12.25,13.35,12.19,1.16,9.52,21415.0,27180.612
4730,600725.SH,20000522,11.68,12.35,11.68,12.19,11.65,0.54,4.64,6903.0,8358.332
4731,600725.SH,20000519,11.48,11.86,11.48,11.65,11.38,0.27,2.37,4288.0,5021.108
4732,600725.SH,20000517,11.55,11.65,11.38,11.38,11.46,-0.08,-0.7,2676.0,3085.651
4733,600725.SH,20000516,11.43,11.65,11.29,11.46,11.25,0.21,1.87,1860.0,2126.227
4734,600725.SH,20000515,11.5,11.5,11.2,11.25,11.45,-0.2,-1.75,2718.0,3060.872
4735,600725.SH,20000512,11.5,11.7,11.35,11.45,11.5,-0.05,-0.43,2252.0,2582.542
4736,600725.SH,20000511,12.66,12.66,11.5,11.5,11.58,-0.08,-0.69,7716.0,9291.132
4737,600725.SH,20000510,11.8,11.81,11.2,11.58,11.82,-0.24,-2.03,6155.0,7029.792
4738,600725.SH,20000509,12.1,12.3,11.7,11.82,12.1,-0.28,-2.31,4235.0,5086.917
4739,600725.SH,20000508,12.18,12.35,11.95,12.1,12.3,-0.2,-1.63,5679.0,6843.64
4740,600725.SH,20000428,12.02,12.38,11.9,12.3,11.95,0.35,2.93,5738.0,6943.876
4741,600725.SH,20000427,12.43,12.59,11.88,11.95,12.43,-0.48,-3.86,9628.0,11659.815
4742,600725.SH,20000426,12.88,12.9,12.41,12.43,12.79,-0.36,-2.81,5699.0,7197.951
4743,600725.SH,20000425,12.6,12.85,12.6,12.79,12.6,0.19,1.51,4452.0,5660.007
4744,600725.SH,20000424,12.81,13.0,12.5,12.6,12.88,-0.28,-2.17,8168.0,10397.817
4745,600725.SH,20000421,13.25,13.39,12.78,12.88,13.18,-0.3,-2.28,14438.0,18712.84
4746,600725.SH,20000420,13.6,13.74,13.05,13.18,13.6,-0.42,-3.09,13836.0,18415.011
4747,600725.SH,20000419,13.36,13.8,13.05,13.6,13.43,0.17,1.27,15566.0,21039.16
4748,600725.SH,20000418,13.5,13.85,12.83,13.43,13.52,-0.09,-0.67,23732.0,31685.864
4749,600725.SH,20000417,12.45,13.52,12.29,13.52,12.29,1.23,10.01,52657.0,69079.116
4750,600725.SH,20000414,12.0,12.48,11.75,12.29,11.96,0.33,2.76,16602.0,20237.977
4751,600725.SH,20000413,11.71,12.08,11.4,11.96,11.71,0.25,2.13,13208.0,15488.808
4752,600725.SH,20000412,11.61,11.85,11.2,11.71,11.61,0.1,0.86,9815.0,11315.087
4753,600725.SH,20000411,12.01,12.12,11.51,11.61,12.1,-0.49,-4.05,10602.0,12522.002
4754,600725.SH,20000410,12.18,12.77,12.1,12.1,12.17,-0.07,-0.58,15732.0,19506.825
4755,600725.SH,20000407,12.0,12.49,11.8,12.17,11.75,0.42,3.57,19319.0,23535.108
4756,600725.SH,20000406,11.33,11.85,11.3,11.75,11.33,0.42,3.71,11276.0,13173.028
4757,600725.SH,20000405,11.1,11.4,11.09,11.33,11.16,0.17,1.52,4337.0,4868.574
4758,600725.SH,20000404,11.68,11.68,11.05,11.16,11.7,-0.54,-4.62,6892.0,7820.371
4759,600725.SH,20000403,11.17,11.98,11.15,11.7,11.17,0.53,4.74,11393.0,13252.674
4760,600725.SH,20000331,11.49,11.49,11.0,11.17,11.49,-0.32,-2.79,8074.0,9026.348
4761,600725.SH,20000330,11.55,11.69,11.3,11.49,11.46,0.03,0.26,9257.0,10642.98
4762,600725.SH,20000329,12.0,12.0,11.3,11.46,12.0,-0.54,-4.5,13377.0,15526.97
4763,600725.SH,20000328,11.38,12.05,11.0,12.0,11.25,0.75,6.67,24548.0,28321.871
4764,600725.SH,20000327,10.7,11.28,10.7,11.25,10.7,0.55,5.14,13771.0,15217.574
4765,600725.SH,20000324,10.7,11.0,10.58,10.7,10.64,0.06,0.56,9104.0,9776.686
4766,600725.SH,20000323,10.5,10.7,10.43,10.64,10.6,0.04,0.38,5230.0,5545.792
4767,600725.SH,20000322,10.56,10.75,10.3,10.6,10.56,0.04,0.38,5776.0,6099.462
4768,600725.SH,20000321,10.2,10.6,10.13,10.56,10.2,0.36,3.53,7165.0,7473.738
4769,600725.SH,20000320,9.8,10.35,9.7,10.2,9.87,0.33,3.34,4144.0,4191.728
4770,600725.SH,20000317,9.61,10.0,9.61,9.87,9.75,0.12,1.23,4007.0,3943.98
4771,600725.SH,20000316,10.48,10.5,9.58,9.75,10.3,-0.55,-5.34,4473.0,4479.705
4772,600725.SH,20000315,10.0,10.5,10.0,10.3,10.29,0.01,0.1,3269.0,3364.904
4773,600725.SH,20000314,10.5,10.5,9.88,10.29,10.63,-0.34,-3.2,7200.0,7312.427
4774,600725.SH,20000313,10.4,10.75,10.4,10.63,10.46,0.17,1.63,4118.0,4346.959
4775,600725.SH,20000310,10.98,11.17,10.37,10.46,10.9,-0.44,-4.04,5407.0,5753.98
4776,600725.SH,20000309,10.7,11.2,10.7,10.9,10.68,0.22,2.06,5804.0,6343.747
4777,600725.SH,20000308,10.4,10.76,10.32,10.68,10.5,0.18,1.71,3670.0,3895.315
4778,600725.SH,20000307,10.6,10.68,10.3,10.5,10.71,-0.21,-1.96,7901.0,8304.635
4779,600725.SH,20000306,11.48,11.73,10.6,10.71,11.39,-0.68,-5.97,13602.0,15343.618
4780,600725.SH,20000303,10.7,11.39,10.58,11.39,10.67,0.72,6.75,12478.0,13539.19
4781,600725.SH,20000302,10.68,10.89,10.5,10.67,10.7,-0.03,-0.28,8778.0,9338.217
4782,600725.SH,20000301,10.98,10.99,10.6,10.7,10.77,-0.07,-0.65,9363.0,10138.0
4783,600725.SH,20000229,11.15,11.3,10.49,10.77,11.05,-0.28,-2.53,13841.0,14898.4
4784,600725.SH,20000228,10.9,11.5,10.85,11.05,10.76,0.29,2.7,19908.0,22339.822
4785,600725.SH,20000225,10.39,10.78,10.23,10.76,10.39,0.37,3.56,10139.0,10618.851
4786,600725.SH,20000224,10.4,10.96,10.2,10.39,10.45,-0.06,-0.57,11441.0,11972.015
4787,600725.SH,20000223,10.4,10.99,10.0,10.45,10.45,0.0,0.0,34682.0,37083.038
4788,600725.SH,20000222,9.64,10.45,9.64,10.45,9.5,0.95,10.0,20487.0,21253.793
4789,600725.SH,20000221,9.42,9.79,9.15,9.5,9.44,0.06,0.64,8852.0,8413.953
4790,600725.SH,20000218,9.85,9.85,9.44,9.44,9.86,-0.42,-4.26,5928.0,5727.197
4791,600725.SH,20000217,9.48,10.08,9.25,9.86,9.49,0.37,3.9,15928.0,15435.917
4792,600725.SH,20000216,9.65,9.8,9.08,9.49,9.8,-0.31,-3.16,12205.0,11436.531
4793,600725.SH,20000215,10.16,10.47,9.43,9.8,9.96,-0.16,-1.61,17727.0,17594.481
4794,600725.SH,20000214,9.15,9.96,9.08,9.96,9.05,0.91,10.06,12510.0,11914.0
4795,600725.SH,20000128,9.13,9.29,8.58,9.05,9.05,0.0,0.0,8547.0,7516.704
4796,600725.SH,20000127,8.91,9.45,8.91,9.05,8.91,0.14,1.57,8707.0,8036.942
4797,600725.SH,20000126,8.86,8.94,8.61,8.91,8.73,0.18,2.06,3390.0,2990.345
4798,600725.SH,20000125,8.47,8.87,8.25,8.73,8.55,0.18,2.11,5209.0,4489.769
4799,600725.SH,20000124,8.8,8.8,8.0,8.55,8.88,-0.33,-3.72,8046.0,6721.775
4800,600725.SH,20000121,9.0,9.1,8.76,8.88,9.0,-0.12,-1.33,5060.0,4480.17
4801,600725.SH,20000120,9.1,9.1,8.8,9.0,8.97,0.03,0.33,3869.0,3438.331
4802,600725.SH,20000119,9.24,9.24,8.88,8.97,8.91,0.06,0.67,2814.0,2515.315
4803,600725.SH,20000118,9.24,9.24,8.8,8.91,9.25,-0.34,-3.68,5818.0,5189.604
4804,600725.SH,20000117,9.55,9.62,8.69,9.25,9.6,-0.35,-3.65,11913.0,10714.903
4805,600725.SH,20000114,10.08,10.08,9.48,9.6,10.05,-0.45,-4.48,4780.0,4628.007
4806,600725.SH,20000113,10.08,10.3,10.0,10.05,10.15,-0.1,-0.99,2303.0,2329.614
4807,600725.SH,20000112,10.0,10.19,9.9,10.15,10.15,0.0,0.0,3840.0,3835.397
4808,600725.SH,20000111,10.65,10.8,10.0,10.15,10.65,-0.5,-4.69,7500.0,7718.33
4809,600725.SH,20000110,10.49,10.67,10.21,10.65,10.3,0.35,3.4,9398.0,9796.717
4810,600725.SH,20000107,10.21,10.6,10.2,10.3,10.21,0.09,0.88,8828.0,9132.728
4811,600725.SH,20000106,9.98,10.22,9.8,10.21,9.99,0.22,2.2,5212.0,5185.226
4812,600725.SH,20000105,10.2,10.35,9.81,9.99,10.15,-0.16,-1.58,3817.0,3860.868
4813,600725.SH,20000104,10.0,10.28,9.7,10.15,9.95,0.2,2.01,3343.0,3326.276
4814,600725.SH,19991230,10.06,10.18,9.9,9.95,10.05,-0.1,-1.0,1325.0,1327.85
4815,600725.SH,19991229,9.65,10.2,9.5,10.05,9.67,0.38,3.93,3321.0,3284.84
4816,600725.SH,19991228,9.5,9.89,9.45,9.67,9.55,0.12,1.26,3126.0,3022.928
4817,600725.SH,19991227,9.98,10.0,9.5,9.55,10.02,-0.47,-4.69,7502.0,7199.681
4818,600725.SH,19991224,10.7,10.73,10.0,10.02,10.74,-0.72,-6.7,9988.0,10208.0
4819,600725.SH,19991223,10.99,11.02,10.73,10.74,10.95,-0.21,-1.92,3217.95,3479.489
4820,600725.SH,19991222,10.85,11.0,10.75,10.95,10.82,0.13,1.2,3163.0,3437.483
4821,600725.SH,19991221,11.0,11.05,10.7,10.82,11.1,-0.28,-2.52,4876.0,5270.0
4822,600725.SH,19991217,11.54,11.65,11.0,11.1,11.55,-0.45,-3.9,8628.0,9759.555
4823,600725.SH,19991216,11.52,11.8,11.36,11.55,11.51,0.04,0.35,8402.0,9710.73
4824,600725.SH,19991215,11.52,11.97,11.36,11.51,11.52,-0.01,-0.09,18362.0,21480.778
4825,600725.SH,19991214,10.5,11.52,10.5,11.52,10.5,1.02,9.71,8651.0,9574.997
4826,600725.SH,19991213,10.73,10.73,10.47,10.5,10.73,-0.23,-2.14,4810.0,5069.318
4827,600725.SH,19991210,10.88,11.1,10.5,10.73,10.91,-0.18,-1.65,4657.66,5031.959
4828,600725.SH,19991209,10.8,11.2,10.78,10.91,10.86,0.05,0.46,4515.0,4962.75
4829,600725.SH,19991208,10.7,10.9,10.52,10.86,10.79,0.07,0.65,5170.0,5530.0
4830,600725.SH,19991207,11.18,11.25,10.57,10.79,11.27,-0.48,-4.26,13420.0,14579.164
4831,600725.SH,19991206,12.47,12.47,11.23,11.27,11.4,-0.13,-1.14,13863.0,16046.722
4832,600725.SH,19991203,11.6,11.66,11.18,11.4,11.6,-0.2,-1.72,12742.0,14506.161
4833,600725.SH,19991202,11.3,11.79,11.18,11.6,11.21,0.39,3.48,16974.0,19608.528
4834,600725.SH,19991201,10.95,11.3,10.88,11.21,11.0,0.21,1.91,10167.0,11248.765
4835,600725.SH,19991130,10.96,11.28,10.85,11.0,10.96,0.04,0.37,15293.0,17000.86
4836,600725.SH,19991129,10.66,11.19,10.6,10.96,10.67,0.29,2.72,21141.0,23327.198
4837,600725.SH,19991126,10.3,10.69,10.2,10.67,10.28,0.39,3.79,4489.0,4715.133
4838,600725.SH,19991125,10.18,10.32,10.16,10.28,10.33,-0.05,-0.48,1738.0,1780.131
4839,600725.SH,19991124,10.48,10.58,10.23,10.33,10.45,-0.12,-1.15,2984.0,3098.533
4840,600725.SH,19991123,10.5,10.67,10.42,10.45,10.48,-0.03,-0.29,3506.0,3684.639
4841,600725.SH,19991122,10.3,10.52,10.18,10.48,10.18,0.3,2.95,4260.0,4436.133
4842,600725.SH,19991119,10.4,10.48,10.18,10.18,10.36,-0.18,-1.74,2515.0,2595.931
4843,600725.SH,19991118,10.35,10.58,10.2,10.36,10.31,0.05,0.49,3499.0,3633.234
4844,600725.SH,19991117,9.9,10.42,9.9,10.31,9.88,0.43,4.35,3111.0,3175.362
4845,600725.SH,19991116,9.92,10.16,9.81,9.88,9.96,-0.08,-0.8,2201.0,2202.326
4846,600725.SH,19991115,9.71,9.96,9.65,9.96,9.68,0.28,2.89,1100.0,1078.72
4847,600725.SH,19991112,9.58,9.7,9.58,9.68,9.64,0.04,0.41,1484.0,1431.225
4848,600725.SH,19991111,9.84,9.85,9.6,9.64,9.85,-0.21,-2.13,2098.0,2035.14
4849,600725.SH,19991110,10.02,10.14,9.8,9.85,9.95,-0.1,-1.01,2951.0,2934.257
4850,600725.SH,19991109,9.95,10.0,9.85,9.95,9.9,0.05,0.51,1206.0,1192.382
4851,600725.SH,19991108,9.8,9.95,9.6,9.9,9.79,0.11,1.12,1597.0,1562.82
4852,600725.SH,19991105,9.87,10.04,9.72,9.79,9.86,-0.07,-0.71,2567.0,2530.756
4853,600725.SH,19991104,10.11,10.18,9.8,9.86,10.16,-0.3,-2.95,4564.0,4544.32
4854,600725.SH,19991103,10.36,10.42,10.12,10.16,10.33,-0.17,-1.65,2991.0,3071.133
4855,600725.SH,19991102,10.58,10.65,10.21,10.33,10.6,-0.27,-2.55,4910.0,5097.88
4856,600725.SH,19991101,10.63,10.8,10.55,10.6,10.63,-0.03,-0.28,5860.0,6247.011
4857,600725.SH,19991029,10.34,10.84,10.34,10.63,10.34,0.29,2.8,14995.0,16012.41
4858,600725.SH,19991028,10.1,10.35,10.1,10.34,10.23,0.11,1.08,3418.0,3505.104
4859,600725.SH,19991027,10.21,10.41,10.1,10.23,10.15,0.08,0.79,3840.0,3932.82
4860,600725.SH,19991026,10.1,10.25,10.02,10.15,10.15,0.0,0.0,2872.0,2920.773
4861,600725.SH,19991025,10.4,10.48,10.05,10.15,10.4,-0.25,-2.4,3763.0,3840.558
4862,600725.SH,19991022,10.32,10.48,10.11,10.4,10.34,0.06,0.58,6332.0,6549.473
4863,600725.SH,19991021,10.24,10.48,10.0,10.34,10.19,0.15,1.47,9529.0,9804.616
4864,600725.SH,19991020,9.84,10.24,9.76,10.19,9.89,0.3,3.03,4814.0,4790.064
4865,600725.SH,19991019,9.15,9.96,9.15,9.89,9.86,0.03,0.3,2584.0,2526.274
4866,600725.SH,19991018,9.84,10.15,9.73,9.86,9.85,0.01,0.1,3566.0,3539.698
4867,600725.SH,19991015,9.58,9.9,9.0,9.85,9.56,0.29,3.03,2142.0,2088.306
4868,600725.SH,19991014,9.45,9.65,9.35,9.56,9.51,0.05,0.53,976.0,930.013
4869,600725.SH,19991013,9.61,9.7,9.5,9.51,9.56,-0.05,-0.52,1669.0,1602.712
4870,600725.SH,19991012,9.5,9.69,9.5,9.56,9.5,0.06,0.63,839.0,803.249
4871,600725.SH,19991011,9.6,9.7,9.42,9.5,9.68,-0.18,-1.86,1499.0,1430.839
4872,600725.SH,19991008,9.7,9.9,9.51,9.68,9.65,0.03,0.31,1929.0,1876.264
4873,600725.SH,19990930,9.8,9.95,9.6,9.65,9.81,-0.16,-1.63,1795.0,1753.624
4874,600725.SH,19990929,9.99,10.05,9.8,9.81,9.95,-0.14,-1.41,2584.0,2565.525
4875,600725.SH,19990928,10.08,10.18,9.92,9.95,10.07,-0.12,-1.19,1691.0,1687.511
4876,600725.SH,19990927,10.2,10.25,10.03,10.07,10.15,-0.08,-0.79,1944.0,1973.255
4877,600725.SH,19990924,10.15,10.44,10.01,10.15,10.1,0.05,0.5,3621.0,3708.803
4878,600725.SH,19990923,10.01,10.11,9.9,10.1,10.0,0.1,1.0,4190.0,4190.074
4879,600725.SH,19990922,10.15,10.28,9.99,10.0,10.19,-0.19,-1.86,3733.0,3768.0
4880,600725.SH,19990921,10.47,10.5,10.15,10.19,10.49,-0.3,-2.86,4479.0,4622.486
4881,600725.SH,19990920,10.3,10.62,10.3,10.49,10.42,0.07,0.67,4522.0,4753.12
4882,600725.SH,19990917,10.65,10.7,10.4,10.42,10.68,-0.26,-2.43,4987.0,5241.09
4883,600725.SH,19990916,10.7,10.87,10.61,10.68,10.77,-0.09,-0.84,5206.0,5587.089
4884,600725.SH,19990915,10.66,10.85,10.46,10.77,10.66,0.11,1.03,9620.0,10266.719
4885,600725.SH,19990914,10.43,10.77,10.41,10.66,10.43,0.23,2.21,9250.0,9820.958
4886,600725.SH,19990913,10.3,10.6,10.3,10.43,10.25,0.18,1.76,5819.0,6072.64
4887,600725.SH,19990910,10.42,10.48,10.08,10.25,10.39,-0.14,-1.35,7931.0,8092.715
4888,600725.SH,19990909,9.9,10.55,9.9,10.39,9.87,0.52,5.27,10912.0,11190.972
4889,600725.SH,19990908,10.0,10.15,9.85,9.87,10.06,-0.19,-1.89,2420.0,2409.749
4890,600725.SH,19990907,9.94,10.15,9.81,10.06,9.98,0.08,0.8,5507.0,5508.575
4891,600725.SH,19990906,10.0,10.3,9.81,9.98,10.5,-0.52,-4.95,8387.0,8498.5
4892,600725.SH,19990903,9.7,10.5,9.5,10.5,9.7,0.8,8.25,6703.0,6532.656
4893,600725.SH,19990902,9.65,9.77,9.41,9.7,9.78,-0.08,-0.82,5678.0,5456.389
4894,600725.SH,19990901,10.17,10.17,9.78,9.78,10.18,-0.4,-3.93,6284.0,6292.605
4895,600725.SH,19990831,10.01,10.19,9.85,10.18,10.02,0.16,1.6,8011.0,8090.0
4896,600725.SH,19990830,9.8,10.15,9.7,10.02,9.76,0.26,2.66,6292.0,6300.539
4897,600725.SH,19990827,9.74,10.0,9.7,9.76,9.77,-0.01,-0.1,4131.0,4077.127
4898,600725.SH,19990826,9.65,9.79,9.51,9.77,9.75,0.02,0.21,3015.0,2909.734
4899,600725.SH,19990825,10.1,10.15,9.73,9.75,10.01,-0.26,-2.6,6400.0,6301.049
4900,600725.SH,19990824,9.8,10.08,9.65,10.01,9.69,0.32,3.3,11745.0,11579.31
4901,600725.SH,19990823,9.4,9.72,9.33,9.69,9.42,0.27,2.87,5068.0,4841.692
4902,600725.SH,19990820,9.56,9.6,9.33,9.42,9.53,-0.11,-1.15,4244.0,4006.928
4903,600725.SH,19990819,9.4,9.65,9.32,9.53,9.4,0.13,1.38,7499.0,7136.944
4904,600725.SH,19990818,9.22,9.4,9.15,9.4,9.28,0.12,1.29,3003.0,2786.347
4905,600725.SH,19990817,9.02,9.4,9.02,9.28,9.02,0.26,2.88,3652.0,3355.363
4906,600725.SH,19990816,9.12,9.16,8.98,9.02,9.1,-0.08,-0.88,3581.0,3233.823
4907,600725.SH,19990813,9.35,9.4,9.1,9.1,9.3,-0.2,-2.15,3400.0,3134.797
4908,600725.SH,19990812,9.11,9.45,9.11,9.3,9.1,0.2,2.2,7927.0,7370.657
4909,600725.SH,19990811,9.0,9.34,8.9,9.1,9.0,0.1,1.11,4199.0,3820.986
4910,600725.SH,19990810,9.38,9.4,8.94,9.0,9.3,-0.3,-3.23,5107.0,4675.6
4911,600725.SH,19990809,9.15,9.55,9.0,9.3,9.05,0.25,2.76,9990.0,9229.727
4912,600725.SH,19990806,8.45,9.08,8.45,9.05,8.92,0.13,1.46,6540.0,5865.097
4913,600725.SH,19990805,9.05,9.23,8.92,8.92,9.08,-0.16,-1.76,4631.0,4200.458
4914,600725.SH,19990804,9.2,9.25,9.03,9.08,9.2,-0.12,-1.3,4850.0,4420.744
4915,600725.SH,19990803,9.15,9.3,9.0,9.2,9.12,0.08,0.88,6854.0,6262.352
4916,600725.SH,19990802,8.8,9.24,8.8,9.12,8.8,0.32,3.64,6951.0,6248.732
4917,600725.SH,19990730,8.58,8.88,8.48,8.8,8.56,0.24,2.8,4767.0,4154.332
4918,600725.SH,19990729,8.7,8.78,8.48,8.56,8.66,-0.1,-1.15,3721.0,3199.67
4919,600725.SH,19990728,8.5,8.66,8.36,8.66,8.46,0.2,2.36,4548.0,3863.517
4920,600725.SH,19990727,8.52,8.6,8.39,8.46,8.55,-0.09,-1.05,2550.0,2159.245
4921,600725.SH,19990726,8.45,8.65,8.3,8.55,8.48,0.07,0.83,4522.0,3818.829
4922,600725.SH,19990723,8.4,8.6,8.35,8.48,8.4,0.08,0.95,3153.0,2671.096
4923,600725.SH,19990722,8.73,8.85,8.38,8.4,8.73,-0.33,-3.78,4117.0,3544.28
4924,600725.SH,19990721,8.7,8.88,8.45,8.73,8.7,0.03,0.34,7317.0,6377.142
4925,600725.SH,19990720,8.33,8.7,8.32,8.7,8.32,0.38,4.57,3570.0,3058.41
4926,600725.SH,19990719,8.36,8.55,8.27,8.32,8.42,-0.1,-1.19,2618.39,2204.398
4927,600725.SH,19990716,8.4,8.76,8.35,8.42,8.45,-0.03,-0.36,4425.0,3767.341
4928,600725.SH,19990715,8.51,8.63,8.25,8.45,8.48,-0.03,-0.35,4151.0,3520.631
4929,600725.SH,19990714,8.34,8.5,8.2,8.48,8.34,0.14,1.68,6262.0,5230.667
4930,600725.SH,19990713,8.91,8.93,8.08,8.34,8.98,-0.64,-7.13,10886.0,9122.868
4931,600725.SH,19990712,8.92,9.18,8.88,8.98,9.0,-0.02,-0.22,5934.0,5361.647
4932,600725.SH,19990709,9.38,9.38,8.91,9.0,9.31,-0.31,-3.33,11457.0,10375.047
4933,600725.SH,19990708,9.69,9.7,9.23,9.31,9.5,-0.19,-2.0,9188.0,8704.855
4934,600725.SH,19990707,9.5,9.8,9.2,9.5,9.42,0.08,0.85,7885.0,7418.577
4935,600725.SH,19990706,10.1,10.48,9.31,9.42,10.25,-0.83,-8.1,13915.0,13648.337
4936,600725.SH,19990705,10.63,10.98,10.1,10.25,10.23,0.02,0.2,34038.0,36152.11
4937,600725.SH,19990702,9.5,10.23,9.36,10.23,9.3,0.93,10.0,32429.0,31794.602
4938,600725.SH,19990701,10.11,10.65,8.87,9.3,9.86,-0.56,-5.68,43725.0,44034.094
4939,600725.SH,19990630,8.96,9.86,8.95,9.86,8.96,0.9,10.04,42090.0,40778.984
4940,600725.SH,19990629,9.11,9.18,8.7,8.96,9.09,-0.13,-1.43,14542.0,12960.883
4941,600725.SH,19990628,8.72,9.1,8.6,9.09,8.72,0.37,4.24,16483.0,14571.141
4942,600725.SH,19990625,9.4,9.4,8.72,8.72,9.41,-0.69,-7.33,21915.0,19991.818
4943,600725.SH,19990624,9.6,9.6,9.27,9.41,9.58,-0.17,-1.77,15486.0,14534.844
4944,600725.SH,19990623,9.49,9.76,9.28,9.58,9.42,0.16,1.7,17589.0,16720.106
4945,600725.SH,19990622,9.31,9.45,9.0,9.42,9.31,0.11,1.18,14742.0,13524.762
4946,600725.SH,19990621,9.05,9.48,8.96,9.31,8.96,0.35,3.91,19061.0,17628.191
4947,600725.SH,19990618,8.5,9.26,8.3,8.96,8.5,0.46,5.41,25367.0,22310.555
4948,600725.SH,19990617,8.66,8.75,8.28,8.5,8.56,-0.06,-0.7,14467.0,12169.191
4949,600725.SH,19990616,8.36,8.66,8.28,8.56,8.36,0.2,2.39,8145.0,6882.108
4950,600725.SH,19990615,8.97,9.17,8.19,8.36,8.9,-0.54,-6.07,13260.0,11631.097
4951,600725.SH,19990614,8.5,8.99,8.48,8.9,8.44,0.46,5.45,12745.0,11171.815
4952,600725.SH,19990611,8.35,8.55,8.31,8.44,8.35,0.09,1.08,7273.0,6114.839
4953,600725.SH,19990610,8.42,8.5,8.26,8.35,8.36,-0.01,-0.12,8198.0,6844.212
4954,600725.SH,19990609,7.96,8.36,7.96,8.36,7.96,0.4,5.03,11340.0,9331.166
4955,600725.SH,19990608,8.17,8.18,7.8,7.96,8.18,-0.22,-2.69,7998.0,6345.953
4956,600725.SH,19990607,7.76,8.18,7.55,8.18,7.76,0.42,5.41,7839.0,6056.841
4957,600725.SH,19990604,7.82,7.88,7.65,7.76,7.8,-0.04,-0.51,5152.0,3977.367
4958,600725.SH,19990603,7.91,8.1,7.77,7.8,7.84,-0.04,-0.51,4574.0,3626.316
4959,600725.SH,19990602,8.09,8.28,7.83,7.84,8.08,-0.24,-2.97,7807.0,6216.746
4960,600725.SH,19990601,7.95,8.17,7.8,8.08,7.93,0.15,1.89,5765.0,4620.595
4961,600725.SH,19990531,8.35,8.35,7.9,7.93,8.37,-0.44,-5.26,9133.0,7376.18
4962,600725.SH,19990528,8.52,8.89,8.3,8.37,8.52,-0.15,-1.76,7238.0,6190.163
4963,600725.SH,19990527,8.5,8.6,8.15,8.52,8.57,-0.05,-0.58,12184.0,10224.846
4964,600725.SH,19990526,8.42,8.8,8.4,8.57,8.46,0.11,1.3,3497.0,2988.477
4965,600725.SH,19990525,8.75,8.96,8.46,8.46,8.73,-0.27,-3.09,6525.0,5676.728
4966,600725.SH,19990524,8.75,8.85,8.35,8.73,8.72,0.01,0.11,7378.0,6313.485
4967,600725.SH,19990521,8.51,8.75,8.4,8.72,8.63,0.09,1.04,4884.0,4184.963
4968,600725.SH,19990520,8.3,8.75,7.99,8.63,8.4,0.23,2.74,7992.0,6736.366
4969,600725.SH,19990519,8.1,8.4,8.1,8.4,8.0,0.4,5.0,1494.0,1238.067
4970,600725.SH,19990517,7.9,8.05,7.84,8.0,8.0,0.0,0.0,666.0,527.642
4971,600725.SH,19990514,8.7,8.7,7.92,8.0,8.14,-0.14,-1.72,2360.0,1967.823
4972,600725.SH,19990513,8.18,8.18,8.03,8.14,8.19,-0.05,-0.61,1013.0,820.306
4973,600725.SH,19990512,8.0,8.19,8.0,8.19,8.08,0.11,1.36,946.0,766.69
4974,600725.SH,19990511,7.8,8.08,7.75,8.08,7.8,0.28,3.59,889.0,701.843
4975,600725.SH,19990510,8.6,8.6,7.7,7.8,8.35,-0.55,-6.59,2464.0,2000.134
4976,600725.SH,19990507,8.35,8.35,8.2,8.35,8.35,0.0,0.0,1499.0,1241.534
4977,600725.SH,19990506,7.85,8.38,7.85,8.35,8.18,0.17,2.08,2858.0,2364.86
4978,600725.SH,19990505,7.9,8.18,7.75,8.18,7.88,0.3,3.81,1577.0,1253.106
4979,600725.SH,19990504,8.05,8.05,7.85,7.88,8.19,-0.31,-3.79,1207.0,957.875
4980,600725.SH,19990430,8.0,8.3,7.84,8.19,8.18,0.01,0.12,2610.0,2102.976
4981,600725.SH,19990429,7.6,8.18,7.5,8.18,7.65,0.53,6.93,3990.0,3121.087
4982,600725.SH,19990428,8.19,8.3,7.6,7.65,8.3,-0.65,-7.83,3007.0,2385.341
4983,600725.SH,19990427,8.0,8.3,8.0,8.3,8.3,0.0,0.0,2219.0,1805.872
4984,600725.SH,19990426,8.55,8.55,8.29,8.3,8.6,-0.3,-3.49,1205.0,1008.11
4985,600725.SH,19990423,8.32,8.6,8.18,8.6,8.29,0.31,3.74,2786.0,2310.985
4986,600725.SH,19990422,8.5,8.5,8.02,8.29,8.55,-0.26,-3.04,2453.0,2020.052
4987,600725.SH,19990421,8.3,8.66,8.3,8.55,8.31,0.24,2.89,4306.0,3660.945
4988,600725.SH,19990420,8.2,8.46,8.2,8.31,8.2,0.11,1.34,2690.0,2245.746
4989,600725.SH,19990419,8.15,8.6,8.15,8.2,8.68,-0.48,-5.53,4395.0,3665.045
4990,600725.SH,19990416,9.0,9.09,8.68,8.68,9.0,-0.32,-3.56,2533.0,2249.876
4991,600725.SH,19990415,8.82,9.1,8.75,9.0,8.82,0.18,2.04,4719.0,4202.637
4992,600725.SH,19990414,8.85,8.95,8.65,8.82,8.84,-0.02,-0.23,2178.0,1919.809
4993,600725.SH,19990413,8.81,9.08,8.68,8.84,8.92,-0.08,-0.9,4718.0,4136.889
4994,600725.SH,19990412,9.4,9.4,8.9,8.92,9.4,-0.48,-5.11,5831.0,5285.242
4995,600725.SH,19990409,9.22,9.52,9.08,9.4,9.25,0.15,1.62,7196.0,6633.966
4996,600725.SH,19990408,9.32,9.52,9.2,9.25,9.47,-0.22,-2.32,5357.0,4982.65
4997,600725.SH,19990407,9.7,9.71,9.42,9.47,9.75,-0.28,-2.87,4677.0,4479.745
4998,600725.SH,19990406,9.69,9.96,9.58,9.75,9.78,-0.03,-0.31,10636.0,10447.019
4999,600725.SH,19990405,9.32,9.78,9.15,9.78,9.27,0.51,5.5,7778.0,7227.458
