,ts_code,trade_date,open,high,low,close,pre_close,change,pct_chg,vol,amount
0,601890.SH,20210901,6.95,7.37,6.9,7.03,7.0,0.03,0.4286,879398.78,628867.754
1,601890.SH,20210831,6.49,7.14,6.33,7.0,6.49,0.51,7.8582,1041815.38,714153.116
2,601890.SH,20210830,6.68,6.71,6.41,6.49,6.54,-0.05,-0.7645,407339.77,265700.082
3,601890.SH,20210827,6.4,6.67,6.33,6.54,6.43,0.11,1.7107,577610.6,378012.74
4,601890.SH,20210826,6.32,6.65,6.27,6.43,6.41,0.02,0.312,719845.18,463997.483
5,601890.SH,20210825,6.08,6.52,6.05,6.41,6.1,0.31,5.082,697156.82,442411.549
6,601890.SH,20210824,6.09,6.15,5.96,6.1,6.17,-0.07,-1.1345,389579.67,235713.695
7,601890.SH,20210823,6.1,6.25,6.06,6.17,6.12,0.05,0.817,349320.26,215399.273
8,601890.SH,20210820,6.12,6.25,6.03,6.12,6.14,-0.02,-0.3257,269205.7,165115.116
9,601890.SH,20210819,6.25,6.25,6.03,6.14,6.25,-0.11,-1.76,324216.71,198232.948
10,601890.SH,20210818,5.89,6.26,5.84,6.25,5.91,0.34,5.753,564235.03,346311.045
11,601890.SH,20210817,6.0,6.13,5.9,5.91,6.05,-0.14,-2.314,321769.37,193173.252
12,601890.SH,20210816,5.96,6.14,5.92,6.05,5.96,0.09,1.5101,374922.3,227333.141
13,601890.SH,20210813,5.78,6.02,5.78,5.96,5.81,0.15,2.5818,341408.27,202864.416
14,601890.SH,20210812,5.87,5.91,5.77,5.81,5.91,-0.1,-1.692,185416.03,107893.903
15,601890.SH,20210811,5.86,5.94,5.82,5.91,5.86,0.05,0.8532,244285.39,143432.088
16,601890.SH,20210810,5.75,5.96,5.73,5.86,5.77,0.09,1.5598,297724.78,174720.281
17,601890.SH,20210809,5.71,5.83,5.7,5.77,5.74,0.03,0.5226,166222.13,95798.604
18,601890.SH,20210806,5.76,5.82,5.68,5.74,5.82,-0.08,-1.3746,209037.07,120084.828
19,601890.SH,20210805,5.53,5.89,5.51,5.82,5.53,0.29,5.2441,390992.77,224721.918
20,601890.SH,20210804,5.5,5.58,5.49,5.53,5.53,0.0,0.0,90201.78,49962.263
21,601890.SH,20210803,5.57,5.68,5.51,5.53,5.61,-0.08,-1.426,129508.29,72356.37
22,601890.SH,20210802,5.44,5.64,5.43,5.61,5.48,0.13,2.3723,148165.6,82607.591
23,601890.SH,20210730,5.55,5.56,5.42,5.48,5.51,-0.03,-0.5445,116760.52,64122.976
24,601890.SH,20210729,5.49,5.57,5.47,5.51,5.46,0.05,0.9158,122044.35,67364.024
25,601890.SH,20210728,5.75,5.77,5.4,5.46,5.8,-0.34,-5.8621,192521.79,105973.53
26,601890.SH,20210727,5.85,5.97,5.76,5.8,5.88,-0.08,-1.3605,206461.86,120807.718
27,601890.SH,20210726,5.82,6.04,5.74,5.88,5.87,0.01,0.1704,307265.01,181075.328
28,601890.SH,20210723,5.67,5.91,5.65,5.87,5.68,0.19,3.3451,293120.15,169731.341
29,601890.SH,20210722,5.73,5.74,5.61,5.68,5.74,-0.06,-1.0453,120952.08,68554.038
30,601890.SH,20210721,5.72,5.79,5.72,5.74,5.75,-0.01,-0.1739,109929.11,63139.957
31,601890.SH,20210720,5.67,5.78,5.66,5.75,5.73,0.02,0.349,117933.25,67579.008
32,601890.SH,20210719,5.66,5.77,5.65,5.73,5.7,0.03,0.5263,126882.99,72456.169
33,601890.SH,20210716,5.55,5.75,5.52,5.7,5.56,0.14,2.518,186253.38,105630.414
34,601890.SH,20210715,5.54,5.63,5.52,5.56,5.55,0.01,0.1802,89955.91,50155.01
35,601890.SH,20210714,5.67,5.68,5.55,5.55,5.68,-0.13,-2.2887,108049.0,60357.589
36,601890.SH,20210713,5.67,5.69,5.57,5.68,5.67,0.01,0.1764,96937.63,54566.691
37,601890.SH,20210712,5.67,5.69,5.64,5.67,5.64,0.03,0.5319,104440.21,59137.789
38,601890.SH,20210709,5.72,5.76,5.52,5.64,5.76,-0.12,-2.0833,169838.76,95472.214
39,601890.SH,20210708,5.68,5.84,5.67,5.76,5.69,0.07,1.2302,152964.64,88137.499
40,601890.SH,20210707,5.71,5.73,5.65,5.69,5.71,-0.02,-0.3503,86212.0,49075.374
41,601890.SH,20210706,5.66,5.75,5.61,5.71,5.66,0.05,0.8834,127501.7,72338.181
42,601890.SH,20210705,5.61,5.68,5.59,5.66,5.64,0.02,0.3546,94602.53,53362.271
43,601890.SH,20210702,5.74,5.77,5.56,5.64,5.66,-0.02,-0.3534,139188.36,78727.881
44,601890.SH,20210701,5.97,6.01,5.65,5.66,5.97,-0.31,-5.1926,257092.02,148827.19
45,601890.SH,20210630,5.94,5.97,5.86,5.97,5.92,0.05,0.8446,158961.56,94113.078
46,601890.SH,20210629,6.07,6.11,5.89,5.92,6.07,-0.15,-2.4712,194248.38,116249.731
47,601890.SH,20210628,6.16,6.21,6.04,6.07,6.17,-0.1,-1.6207,174742.49,106570.81
48,601890.SH,20210625,6.22,6.23,6.08,6.17,6.25,-0.08,-1.28,210374.11,129265.649
49,601890.SH,20210624,6.33,6.41,6.24,6.25,6.35,-0.1,-1.5748,185864.17,117192.183
50,601890.SH,20210623,6.3,6.37,6.25,6.35,6.31,0.04,0.6339,233349.25,147184.609
51,601890.SH,20210622,6.28,6.4,6.22,6.31,6.27,0.04,0.638,351576.18,221754.861
52,601890.SH,20210621,6.0,6.27,5.99,6.27,6.01,0.26,4.3261,296635.32,183089.91
53,601890.SH,20210618,5.96,6.08,5.89,6.01,5.99,0.02,0.3339,130327.0,78205.783
54,601890.SH,20210617,5.95,6.05,5.84,6.02,5.88,0.14,2.381,162655.47,96598.468
55,601890.SH,20210616,6.11,6.13,5.87,5.88,6.14,-0.26,-4.2345,222457.6,133171.567
56,601890.SH,20210615,6.11,6.25,6.07,6.14,6.14,0.0,0.0,178926.1,110102.832
57,601890.SH,20210611,6.28,6.4,6.12,6.14,6.34,-0.2,-3.1546,279784.7,174465.986
58,601890.SH,20210610,6.25,6.4,6.17,6.34,6.32,0.02,0.3165,276251.32,173998.952
59,601890.SH,20210609,6.44,6.56,6.28,6.32,6.38,-0.06,-0.9404,374446.54,239757.308
60,601890.SH,20210608,6.24,6.41,6.11,6.38,6.25,0.13,2.08,389701.92,244164.877
61,601890.SH,20210607,6.09,6.35,6.05,6.25,6.07,0.18,2.9654,336256.78,209911.855
62,601890.SH,20210604,6.16,6.28,6.02,6.07,6.21,-0.14,-2.2544,297107.06,182146.78
63,601890.SH,20210603,6.16,6.3,6.14,6.21,6.21,0.0,0.0,222368.23,138224.996
64,601890.SH,20210602,6.27,6.44,6.15,6.21,6.26,-0.05,-0.7987,297858.1,187324.355
65,601890.SH,20210601,6.32,6.4,6.25,6.26,6.41,-0.15,-2.3401,314705.91,198158.448
66,601890.SH,20210531,6.32,6.46,6.18,6.41,6.3,0.11,1.746,507098.59,320961.948
67,601890.SH,20210528,6.12,6.4,6.06,6.3,6.12,0.18,2.9412,488000.14,305192.363
68,601890.SH,20210527,6.11,6.25,6.08,6.12,6.15,-0.03,-0.4878,251195.73,154042.475
69,601890.SH,20210526,6.1,6.38,6.06,6.15,6.11,0.04,0.6547,395672.82,245647.453
70,601890.SH,20210525,6.08,6.19,6.0,6.11,6.12,-0.01,-0.1634,306822.88,187091.882
71,601890.SH,20210524,5.8,6.16,5.78,6.12,5.81,0.31,5.3356,425165.41,257830.644
72,601890.SH,20210521,5.91,5.91,5.8,5.81,5.91,-0.1,-1.692,187914.76,109733.118
73,601890.SH,20210520,6.06,6.11,5.89,5.91,6.07,-0.16,-2.6359,244234.56,146106.932
74,601890.SH,20210519,6.06,6.17,6.01,6.07,6.12,-0.05,-0.817,261232.91,158709.372
75,601890.SH,20210518,5.86,6.18,5.85,6.12,5.9,0.22,3.7288,425624.01,258614.613
76,601890.SH,20210517,6.03,6.1,5.83,5.9,6.09,-0.19,-3.1199,275426.25,163014.693
77,601890.SH,20210514,6.0,6.14,5.96,6.09,6.06,0.03,0.495,327787.46,198303.426
78,601890.SH,20210513,5.86,6.2,5.85,6.06,5.93,0.13,2.1922,458376.31,278338.47
79,601890.SH,20210512,5.88,5.97,5.81,5.93,5.91,0.02,0.3384,248061.47,145973.247
80,601890.SH,20210511,5.88,6.0,5.77,5.91,5.92,-0.01,-0.1689,345135.94,202731.753
81,601890.SH,20210510,5.56,6.05,5.56,5.92,5.62,0.3,5.3381,411903.54,238949.153
82,601890.SH,20210507,5.7,5.88,5.61,5.62,5.72,-0.1,-1.7483,331672.07,190467.784
83,601890.SH,20210506,5.46,5.9,5.45,5.72,5.46,0.26,4.7619,445455.16,254162.597
84,601890.SH,20210430,5.66,5.7,5.4,5.46,5.72,-0.26,-4.5455,298348.98,164490.055
85,601890.SH,20210429,5.68,5.8,5.64,5.72,5.72,0.0,0.0,193119.15,110488.531
86,601890.SH,20210428,5.79,5.79,5.68,5.72,5.83,-0.11,-1.8868,177896.63,101694.301
87,601890.SH,20210427,5.83,5.88,5.59,5.83,5.79,0.04,0.6908,332822.65,190460.784
88,601890.SH,20210426,6.01,6.06,5.75,5.79,6.01,-0.22,-3.6606,376832.67,221808.483
89,601890.SH,20210423,6.08,6.15,5.93,6.01,6.14,-0.13,-2.1173,400663.53,241298.184
90,601890.SH,20210422,6.26,6.34,6.03,6.14,6.25,-0.11,-1.76,439699.0,271183.389
91,601890.SH,20210421,6.2,6.36,6.08,6.25,6.29,-0.04,-0.6359,455017.59,282278.195
92,601890.SH,20210420,6.05,6.55,5.97,6.29,6.11,0.18,2.946,794421.01,496932.76
93,601890.SH,20210419,5.75,6.48,5.73,6.11,6.0,0.11,1.8333,866445.13,522895.205
94,601890.SH,20210416,5.43,6.0,5.4,6.0,5.45,0.55,10.0917,757651.26,440236.192
95,601890.SH,20210415,5.25,5.73,5.2,5.45,5.27,0.18,3.4156,219193.37,119725.417
96,601890.SH,20210414,5.23,5.27,5.19,5.27,5.23,0.04,0.7648,56255.95,29421.657
97,601890.SH,20210413,5.34,5.34,5.22,5.23,5.37,-0.14,-2.6071,73198.98,38495.053
98,601890.SH,20210412,5.36,5.43,5.32,5.37,5.36,0.01,0.1866,92555.77,49820.168
99,601890.SH,20210409,5.33,5.43,5.32,5.36,5.34,0.02,0.3745,83290.31,44769.721
100,601890.SH,20210408,5.49,5.49,5.32,5.34,5.43,-0.09,-1.6575,109373.88,58748.976
101,601890.SH,20210407,5.36,5.56,5.3,5.43,5.39,0.04,0.7421,190298.21,103439.617
102,601890.SH,20210406,5.22,5.53,5.22,5.39,5.21,0.18,3.4549,236984.6,127883.517
103,601890.SH,20210402,5.21,5.23,5.18,5.21,5.21,0.0,0.0,46574.02,24225.448
104,601890.SH,20210401,5.22,5.26,5.17,5.21,5.25,-0.04,-0.7619,64966.4,33831.57
105,601890.SH,20210331,5.29,5.34,5.19,5.25,5.34,-0.09,-1.6854,84094.64,43968.639
106,601890.SH,20210330,5.25,5.38,5.22,5.34,5.26,0.08,1.5209,152196.22,81290.972
107,601890.SH,20210329,5.21,5.3,5.2,5.26,5.23,0.03,0.5736,79312.17,41713.836
108,601890.SH,20210326,5.16,5.26,5.16,5.23,5.16,0.07,1.3566,51511.45,26839.471
109,601890.SH,20210325,5.15,5.19,5.14,5.16,5.16,0.0,0.0,37375.61,19306.011
110,601890.SH,20210324,5.21,5.26,5.15,5.16,5.24,-0.08,-1.5267,59569.45,30923.085
111,601890.SH,20210323,5.28,5.28,5.21,5.24,5.29,-0.05,-0.9452,63536.78,33287.056
112,601890.SH,20210322,5.27,5.29,5.23,5.29,5.28,0.01,0.1894,64796.55,34104.404
113,601890.SH,20210319,5.23,5.35,5.2,5.28,5.26,0.02,0.3802,113167.52,59768.574
114,601890.SH,20210318,5.27,5.33,5.22,5.26,5.29,-0.03,-0.5671,64340.78,33863.117
115,601890.SH,20210317,5.2,5.33,5.18,5.29,5.2,0.09,1.7308,102512.57,53902.321
116,601890.SH,20210316,5.16,5.21,5.14,5.2,5.15,0.05,0.9709,49911.17,25814.236
117,601890.SH,20210315,5.13,5.2,5.1,5.15,5.15,0.0,0.0,50016.43,25780.247
118,601890.SH,20210312,5.16,5.17,5.09,5.15,5.15,0.0,0.0,48082.98,24626.491
119,601890.SH,20210311,5.07,5.17,5.07,5.15,5.08,0.07,1.378,47373.18,24304.463
120,601890.SH,20210310,5.16,5.2,5.06,5.08,5.15,-0.07,-1.3592,56408.33,28829.614
121,601890.SH,20210309,5.26,5.3,5.04,5.15,5.3,-0.15,-2.8302,100328.73,51812.238
122,601890.SH,20210308,5.42,5.44,5.3,5.3,5.4,-0.1,-1.8519,97917.98,52469.88
123,601890.SH,20210305,5.3,5.43,5.26,5.4,5.35,0.05,0.9346,124580.25,66868.51
124,601890.SH,20210304,5.28,5.4,5.27,5.35,5.31,0.04,0.7533,136041.13,72720.339
125,601890.SH,20210303,5.25,5.32,5.25,5.31,5.28,0.03,0.5682,70701.0,37393.226
126,601890.SH,20210302,5.31,5.33,5.23,5.28,5.31,-0.03,-0.565,59911.1,31541.908
127,601890.SH,20210301,5.22,5.31,5.22,5.31,5.21,0.1,1.9194,61373.38,32371.483
128,601890.SH,20210226,5.19,5.25,5.16,5.21,5.26,-0.05,-0.9506,59838.63,31229.183
129,601890.SH,20210225,5.35,5.4,5.25,5.26,5.35,-0.09,-1.6822,87157.11,46261.43
130,601890.SH,20210224,5.35,5.45,5.28,5.35,5.34,0.01,0.1873,97354.92,52158.181
131,601890.SH,20210223,5.29,5.44,5.22,5.34,5.3,0.04,0.7547,115658.61,61710.357
132,601890.SH,20210222,5.31,5.42,5.3,5.3,5.3,0.0,0.0,135029.28,72340.123
133,601890.SH,20210219,5.17,5.31,5.16,5.3,5.17,0.13,2.5145,89532.85,47069.066
134,601890.SH,20210218,5.15,5.22,5.11,5.17,5.05,0.12,2.3762,95162.37,49212.491
135,601890.SH,20210210,5.06,5.09,5.0,5.05,5.06,-0.01,-0.1976,61039.99,30790.195
136,601890.SH,20210209,4.94,5.1,4.93,5.06,4.94,0.12,2.4291,84334.55,42486.89
137,601890.SH,20210208,4.97,4.99,4.91,4.94,4.97,-0.03,-0.6036,53218.0,26342.202
138,601890.SH,20210205,4.98,5.08,4.93,4.97,4.98,-0.01,-0.2008,81397.09,40587.387
139,601890.SH,20210204,5.09,5.16,4.86,4.98,5.1,-0.12,-2.3529,121203.01,60445.304
140,601890.SH,20210203,5.28,5.28,5.08,5.1,5.29,-0.19,-3.5917,107984.42,55815.593
141,601890.SH,20210202,5.24,5.31,5.19,5.29,5.22,0.07,1.341,76057.06,40021.47
142,601890.SH,20210201,5.24,5.28,5.18,5.22,5.23,-0.01,-0.1912,72916.66,38063.33
143,601890.SH,20210129,5.38,5.43,5.15,5.23,5.36,-0.13,-2.4254,141890.14,74616.963
144,601890.SH,20210128,5.5,5.54,5.35,5.36,5.54,-0.18,-3.2491,146545.55,79558.169
145,601890.SH,20210127,5.55,5.64,5.51,5.54,5.57,-0.03,-0.5386,114808.4,63736.417
146,601890.SH,20210126,5.97,6.0,5.55,5.57,6.07,-0.5,-8.2372,359739.88,203709.201
147,601890.SH,20210125,6.04,6.18,6.03,6.07,6.07,0.0,0.0,150167.41,91515.277
148,601890.SH,20210122,6.18,6.18,6.03,6.07,6.15,-0.08,-1.3008,192412.12,117276.589
149,601890.SH,20210121,6.19,6.23,6.12,6.15,6.23,-0.08,-1.2841,222889.89,137583.397
150,601890.SH,20210120,6.27,6.32,6.12,6.23,6.29,-0.06,-0.9539,178722.52,110983.637
151,601890.SH,20210119,6.32,6.41,6.23,6.29,6.37,-0.08,-1.2559,205103.36,129309.51
152,601890.SH,20210118,6.2,6.44,6.17,6.37,6.18,0.19,3.0744,271220.28,171885.094
153,601890.SH,20210115,6.09,6.22,6.03,6.18,6.16,0.02,0.3247,183069.89,112346.146
154,601890.SH,20210114,6.12,6.19,6.0,6.16,6.21,-0.05,-0.8052,250813.86,152718.874
155,601890.SH,20210113,6.39,6.4,6.13,6.21,6.43,-0.22,-3.4215,338890.08,212369.817
156,601890.SH,20210112,6.0,6.6,5.99,6.43,6.08,0.35,5.7566,465245.96,296302.358
157,601890.SH,20210111,6.15,6.3,6.02,6.08,6.14,-0.06,-0.9772,264011.91,162495.419
158,601890.SH,20210108,6.4,6.45,6.13,6.14,6.52,-0.38,-5.8282,394782.1,246009.865
159,601890.SH,20210107,6.44,6.7,6.21,6.52,6.58,-0.06,-0.9119,510839.54,328891.635
160,601890.SH,20210106,6.55,6.84,6.46,6.58,6.49,0.09,1.3867,725314.01,482255.816
161,601890.SH,20210105,6.52,6.66,6.46,6.49,6.62,-0.13,-1.9637,449272.72,294240.537
162,601890.SH,20210104,6.55,6.7,6.51,6.62,6.49,0.13,2.0031,695533.46,459427.38
163,601890.SH,20201231,6.08,6.55,6.06,6.49,6.09,0.4,6.5681,672616.99,429464.518
164,601890.SH,20201230,6.1,6.24,5.96,6.09,6.2,-0.11,-1.7742,277336.87,168770.012
165,601890.SH,20201229,6.41,6.6,6.17,6.2,6.45,-0.25,-3.876,393886.34,251183.604
166,601890.SH,20201228,6.2,6.49,6.14,6.45,6.23,0.22,3.5313,481331.87,306431.109
167,601890.SH,20201225,6.2,6.29,6.07,6.23,6.27,-0.04,-0.638,327996.18,202912.694
168,601890.SH,20201224,6.14,6.48,6.13,6.27,6.22,0.05,0.8039,602034.37,381493.485
169,601890.SH,20201223,6.0,6.23,5.97,6.22,6.06,0.16,2.6403,415230.42,253118.217
170,601890.SH,20201222,6.0,6.15,5.93,6.06,6.05,0.01,0.1653,340421.0,205114.338
171,601890.SH,20201221,5.87,6.13,5.78,6.05,5.93,0.12,2.0236,327585.83,195802.554
172,601890.SH,20201218,5.96,6.1,5.93,5.93,6.09,-0.16,-2.6273,263049.0,157858.529
173,601890.SH,20201217,6.2,6.26,5.8,6.09,6.26,-0.17,-2.7157,456811.78,275379.928
174,601890.SH,20201216,6.16,6.31,6.12,6.26,6.21,0.05,0.8052,358994.57,223622.897
175,601890.SH,20201215,6.34,6.44,6.13,6.21,6.44,-0.23,-3.5714,471472.88,295358.39
176,601890.SH,20201214,6.35,6.53,6.27,6.44,6.53,-0.09,-1.3783,668540.21,426567.578
177,601890.SH,20201211,6.09,6.79,6.04,6.53,6.17,0.36,5.8347,1081612.25,708510.214
178,601890.SH,20201210,5.98,6.3,5.9,6.17,6.09,0.08,1.3136,373257.39,228239.718
179,601890.SH,20201209,5.83,6.44,5.75,6.09,5.85,0.24,4.1026,477927.95,292869.692
180,601890.SH,20201208,5.92,5.97,5.83,5.85,5.95,-0.1,-1.6807,104258.57,61416.724
181,601890.SH,20201207,5.89,6.0,5.86,5.95,5.87,0.08,1.3629,143880.8,85526.313
182,601890.SH,20201204,5.79,5.91,5.78,5.87,5.82,0.05,0.8591,85095.67,49711.634
183,601890.SH,20201203,5.86,5.88,5.78,5.82,5.88,-0.06,-1.0204,85280.78,49602.152
184,601890.SH,20201202,5.94,5.98,5.87,5.88,5.96,-0.08,-1.3423,125814.97,74261.009
185,601890.SH,20201201,5.9,5.98,5.88,5.96,5.92,0.04,0.6757,131120.97,77842.977
186,601890.SH,20201130,5.91,6.02,5.85,5.92,5.94,-0.02,-0.3367,164459.5,97860.68
187,601890.SH,20201127,5.87,6.05,5.82,5.94,5.94,0.0,0.0,230571.06,136924.313
188,601890.SH,20201126,5.7,6.02,5.68,5.94,5.7,0.24,4.2105,281332.71,165822.861
189,601890.SH,20201125,5.83,5.85,5.7,5.7,5.82,-0.12,-2.0619,100020.35,57661.529
190,601890.SH,20201124,5.82,5.91,5.8,5.82,5.84,-0.02,-0.3425,96852.36,56719.044
191,601890.SH,20201123,5.82,5.91,5.76,5.84,5.82,0.02,0.3436,120106.79,70176.955
192,601890.SH,20201120,5.83,5.92,5.8,5.82,5.88,-0.06,-1.0204,120282.66,70218.373
193,601890.SH,20201119,5.67,5.93,5.63,5.88,5.7,0.18,3.1579,210253.71,122171.528
194,601890.SH,20201118,5.63,5.73,5.62,5.7,5.59,0.11,1.9678,100566.62,57194.859
195,601890.SH,20201117,5.62,5.63,5.56,5.59,5.63,-0.04,-0.7105,51379.22,28668.311
196,601890.SH,20201116,5.58,5.64,5.55,5.63,5.58,0.05,0.8961,65071.41,36472.619
197,601890.SH,20201113,5.52,5.6,5.46,5.58,5.55,0.03,0.5405,71730.49,39745.752
198,601890.SH,20201112,5.6,5.6,5.52,5.55,5.63,-0.08,-1.421,80532.46,44711.814
199,601890.SH,20201111,5.71,5.72,5.61,5.63,5.72,-0.09,-1.5734,70428.27,39814.165
200,601890.SH,20201110,5.75,5.81,5.7,5.72,5.74,-0.02,-0.3484,102157.94,58784.372
201,601890.SH,20201109,5.65,5.75,5.62,5.74,5.64,0.1,1.773,107178.37,61234.505
202,601890.SH,20201106,5.75,5.75,5.63,5.64,5.74,-0.1,-1.7422,89843.43,50975.977
203,601890.SH,20201105,5.74,5.76,5.68,5.74,5.73,0.01,0.1745,80857.39,46297.636
204,601890.SH,20201104,5.68,5.75,5.6,5.73,5.7,0.03,0.5263,88623.39,50473.022
205,601890.SH,20201103,5.56,5.7,5.54,5.7,5.57,0.13,2.3339,77748.29,43911.878
206,601890.SH,20201102,5.65,5.67,5.5,5.57,5.67,-0.1,-1.7637,100472.16,55773.322
207,601890.SH,20201030,5.9,5.99,5.64,5.67,5.91,-0.24,-4.0609,125530.29,73108.211
208,601890.SH,20201029,5.91,5.93,5.86,5.91,5.98,-0.07,-1.1706,63555.37,37513.133
209,601890.SH,20201028,6.0,6.02,5.91,5.98,6.03,-0.05,-0.8292,79719.48,47416.806
210,601890.SH,20201027,5.9,6.05,5.88,6.03,5.92,0.11,1.8581,126823.47,76213.117
211,601890.SH,20201026,5.9,5.97,5.86,5.92,5.95,-0.03,-0.5042,54230.25,32049.183
212,601890.SH,20201023,5.92,5.99,5.9,5.95,5.9,0.05,0.8475,83406.85,49595.084
213,601890.SH,20201022,5.88,5.92,5.84,5.9,5.91,-0.01,-0.1692,48697.68,28617.127
214,601890.SH,20201021,6.0,6.0,5.88,5.91,6.01,-0.1,-1.6639,63943.86,37852.765
215,601890.SH,20201020,5.95,6.02,5.86,6.01,5.98,0.03,0.5017,76654.44,45589.718
216,601890.SH,20201019,5.99,6.07,5.97,5.98,5.97,0.01,0.1675,70750.02,42569.04
217,601890.SH,20201016,5.94,6.02,5.94,5.97,5.98,-0.01,-0.1672,67537.29,40316.312
218,601890.SH,20201015,6.04,6.1,5.97,5.98,6.14,-0.16,-2.6059,142948.49,86105.915
219,601890.SH,20201014,6.21,6.32,6.13,6.14,6.2,-0.06,-0.9677,122481.62,76016.552
220,601890.SH,20201013,6.24,6.26,6.14,6.2,6.28,-0.08,-1.2739,145459.14,90057.991
221,601890.SH,20201012,6.14,6.32,6.13,6.28,6.17,0.11,1.7828,163484.77,102031.766
222,601890.SH,20201009,6.15,6.2,6.11,6.17,6.1,0.07,1.1475,127221.2,78335.072
223,601890.SH,20200930,6.02,6.1,5.97,6.1,6.0,0.1,1.6667,125424.97,75852.83
224,601890.SH,20200929,5.89,6.09,5.87,6.0,5.85,0.15,2.5641,120601.07,72382.822
225,601890.SH,20200928,5.99,5.99,5.83,5.85,5.99,-0.14,-2.3372,75721.03,44688.778
226,601890.SH,20200925,5.93,6.05,5.91,5.99,5.92,0.07,1.1824,85930.98,51369.162
227,601890.SH,20200924,6.09,6.09,5.91,5.92,6.11,-0.19,-3.1097,116247.32,69337.419
228,601890.SH,20200923,6.16,6.17,6.1,6.11,6.12,-0.01,-0.1634,70783.74,43360.783
229,601890.SH,20200922,6.21,6.26,6.1,6.12,6.28,-0.16,-2.5478,115828.35,71453.47
230,601890.SH,20200921,6.17,6.42,6.11,6.28,6.14,0.14,2.2801,230202.83,145278.978
231,601890.SH,20200918,5.96,6.17,5.96,6.14,5.98,0.16,2.6756,147563.29,90229.356
232,601890.SH,20200917,6.06,6.06,5.87,5.98,6.04,-0.06,-0.9934,132810.81,78985.62
233,601890.SH,20200916,6.16,6.16,6.02,6.04,6.17,-0.13,-2.107,91198.0,55338.23
234,601890.SH,20200915,6.16,6.22,6.08,6.17,6.14,0.03,0.4886,89103.9,54942.516
235,601890.SH,20200914,6.14,6.18,6.09,6.14,6.13,0.01,0.1631,85850.42,52639.69
236,601890.SH,20200911,6.02,6.13,6.0,6.13,6.09,0.04,0.6568,112440.79,68285.182
237,601890.SH,20200910,6.55,6.55,6.06,6.09,6.51,-0.42,-6.4516,273467.4,171001.28
238,601890.SH,20200909,6.51,6.64,6.36,6.51,6.58,-0.07,-1.0638,231708.13,150793.92
239,601890.SH,20200908,6.56,6.62,6.45,6.58,6.53,0.05,0.7657,160707.31,105217.868
240,601890.SH,20200907,6.8,6.81,6.52,6.53,6.77,-0.24,-3.5451,234098.79,155638.572
241,601890.SH,20200904,6.67,6.81,6.63,6.77,6.77,0.0,0.0,135728.83,91125.291
242,601890.SH,20200903,6.79,6.88,6.66,6.77,6.78,-0.01,-0.1475,242149.26,163256.803
243,601890.SH,20200902,6.98,6.98,6.7,6.78,7.01,-0.23,-3.281,362026.02,246543.945
244,601890.SH,20200901,6.9,7.12,6.89,7.01,6.87,0.14,2.0378,392329.65,276026.01
245,601890.SH,20200831,6.87,6.97,6.81,6.87,6.9,-0.03,-0.4348,256645.61,176690.65
246,601890.SH,20200828,6.73,7.0,6.71,6.9,6.73,0.17,2.526,332322.26,229316.319
247,601890.SH,20200827,6.7,6.77,6.59,6.73,6.7,0.03,0.4478,182313.65,122014.83
248,601890.SH,20200826,6.68,6.85,6.66,6.7,6.68,0.02,0.2994,253775.35,171235.439
249,601890.SH,20200825,6.8,6.88,6.62,6.68,6.86,-0.18,-2.6239,320844.38,215441.918
250,601890.SH,20200824,6.89,6.96,6.81,6.86,6.89,-0.03,-0.4354,171227.78,117370.582
251,601890.SH,20200821,6.86,6.94,6.8,6.89,6.83,0.06,0.8785,268738.41,184424.614
252,601890.SH,20200820,7.15,7.17,6.8,6.83,7.21,-0.38,-5.2705,572076.65,398609.766
253,601890.SH,20200819,7.41,7.54,7.21,7.21,7.48,-0.27,-3.6096,559882.9,413005.469
254,601890.SH,20200818,7.42,7.6,7.31,7.48,7.51,-0.03,-0.3995,555015.3,411941.372
255,601890.SH,20200817,7.33,7.71,7.15,7.51,7.33,0.18,2.4557,762508.45,568270.724
256,601890.SH,20200814,7.14,7.45,7.1,7.33,7.29,0.04,0.5487,578266.33,423075.866
257,601890.SH,20200813,7.25,7.42,7.05,7.29,7.27,0.02,0.2751,691385.53,501249.758
258,601890.SH,20200812,7.5,7.6,7.1,7.27,7.74,-0.47,-6.0724,1015884.3,744295.086
259,601890.SH,20200811,6.93,7.74,6.9,7.74,7.04,0.7,9.9432,1497890.43,1127390.992
260,601890.SH,20200810,7.17,7.57,7.01,7.04,7.22,-0.18,-2.4931,765928.83,557073.527
261,601890.SH,20200807,7.06,7.38,6.8,7.22,7.12,0.1,1.4045,937351.28,666193.208
262,601890.SH,20200806,6.94,7.3,6.91,7.12,7.04,0.08,1.1364,836422.64,596133.695
263,601890.SH,20200805,6.8,7.17,6.73,7.04,6.85,0.19,2.7737,615032.87,430683.525
264,601890.SH,20200804,7.15,7.2,6.82,6.85,7.14,-0.29,-4.0616,575486.05,397811.954
265,601890.SH,20200803,6.67,7.21,6.65,7.14,6.63,0.51,7.6923,804438.9,561503.498
266,601890.SH,20200731,6.67,6.75,6.55,6.63,6.71,-0.08,-1.1923,410081.42,272056.202
267,601890.SH,20200730,6.81,6.97,6.7,6.71,6.86,-0.15,-2.1866,399040.33,271508.016
268,601890.SH,20200729,6.66,6.87,6.58,6.86,6.79,0.07,1.0309,438020.23,295120.091
269,601890.SH,20200728,6.69,6.99,6.61,6.79,6.75,0.04,0.5926,407074.7,276247.148
270,601890.SH,20200727,6.95,6.99,6.55,6.75,7.12,-0.37,-5.1966,603880.04,406988.262
271,601890.SH,20200724,7.26,7.76,6.95,7.12,7.22,-0.1,-1.385,1175240.49,862257.76
272,601890.SH,20200723,6.99,7.42,6.99,7.22,6.96,0.26,3.7356,1035440.79,749215.786
273,601890.SH,20200722,6.79,7.11,6.71,6.96,6.85,0.11,1.6058,465951.27,322717.236
274,601890.SH,20200721,7.1,7.1,6.82,6.85,7.2,-0.35,-4.8611,594028.93,409982.046
275,601890.SH,20200720,6.72,7.2,6.72,7.2,6.65,0.55,8.2707,681241.37,478846.735
276,601890.SH,20200717,6.52,6.85,6.4,6.65,6.51,0.14,2.1505,418371.78,277258.651
277,601890.SH,20200716,6.74,7.0,6.51,6.51,6.8,-0.29,-4.2647,495197.32,334900.892
278,601890.SH,20200715,7.21,7.25,6.76,6.8,7.25,-0.45,-6.2069,656245.35,456632.149
279,601890.SH,20200714,7.01,7.59,6.92,7.25,7.11,0.14,1.9691,927512.45,678540.522
280,601890.SH,20200713,6.75,7.27,6.75,7.11,7.01,0.1,1.4265,903254.72,633162.444
281,601890.SH,20200710,7.65,7.65,6.88,7.01,7.0,0.01,0.1429,1751516.44,1274813.496
282,601890.SH,20200709,6.71,7.0,6.71,7.0,6.36,0.64,10.0629,862793.57,599293.015
283,601890.SH,20200708,5.75,6.36,5.72,6.36,5.78,0.58,10.0346,901159.7,553590.882
284,601890.SH,20200707,5.84,5.95,5.68,5.78,5.78,0.0,0.0,431796.76,251731.956
285,601890.SH,20200706,5.62,5.81,5.61,5.78,5.57,0.21,3.7702,400310.56,229402.97
286,601890.SH,20200703,5.52,5.58,5.51,5.57,5.49,0.08,1.4572,192798.56,106901.306
287,601890.SH,20200702,5.4,5.51,5.39,5.49,5.42,0.07,1.2915,156016.18,85188.578
288,601890.SH,20200701,5.4,5.42,5.37,5.42,5.41,0.01,0.1848,96174.22,51853.161
289,601890.SH,20200630,5.41,5.43,5.35,5.41,5.41,0.0,0.0,105190.43,56753.63
290,601890.SH,20200629,5.38,5.47,5.38,5.41,5.39,0.02,0.3711,95054.91,51543.077
291,601890.SH,20200624,5.45,5.46,5.35,5.39,5.45,-0.06,-1.1009,98649.48,53225.938
292,601890.SH,20200623,5.59,5.59,5.43,5.45,5.59,-0.14,-2.5045,133249.24,73264.867
293,601890.SH,20200622,5.47,5.6,5.45,5.59,5.47,0.12,2.1938,184856.34,102243.035
294,601890.SH,20200619,5.43,5.47,5.41,5.47,5.45,0.02,0.367,90979.62,49520.187
295,601890.SH,20200618,5.48,5.48,5.4,5.45,5.54,-0.09,-1.6245,148223.91,80584.269
296,601890.SH,20200617,5.52,5.65,5.51,5.54,5.45,0.09,1.6514,257129.62,143473.468
297,601890.SH,20200616,5.34,5.46,5.34,5.45,5.33,0.12,2.2514,97383.54,52667.824
298,601890.SH,20200615,5.39,5.4,5.33,5.33,5.4,-0.07,-1.2963,81280.85,43586.167
299,601890.SH,20200612,5.29,5.42,5.26,5.4,5.38,0.02,0.3717,111243.87,59696.418
300,601890.SH,20200611,5.45,5.49,5.36,5.38,5.46,-0.08,-1.4652,116854.4,63395.252
301,601890.SH,20200610,5.53,5.54,5.44,5.46,5.55,-0.09,-1.6216,99981.53,54744.32
302,601890.SH,20200609,5.5,5.56,5.46,5.55,5.5,0.05,0.9091,90495.03,49897.891
303,601890.SH,20200608,5.57,5.58,5.48,5.5,5.57,-0.07,-1.2567,105011.35,58034.003
304,601890.SH,20200605,5.68,5.69,5.54,5.6,5.7,-0.1,-1.7544,131126.23,73481.302
305,601890.SH,20200604,5.65,5.7,5.58,5.7,5.66,0.04,0.7067,170843.5,96387.468
306,601890.SH,20200603,5.72,5.86,5.65,5.66,5.71,-0.05,-0.8757,237484.18,136509.142
307,601890.SH,20200602,5.67,5.83,5.63,5.71,5.67,0.04,0.7055,287497.52,164866.348
308,601890.SH,20200601,5.53,5.67,5.5,5.67,5.55,0.12,2.1622,219379.21,123012.366
309,601890.SH,20200529,5.5,5.57,5.45,5.55,5.54,0.01,0.1805,162592.4,89627.277
310,601890.SH,20200528,5.52,5.55,5.41,5.54,5.52,0.02,0.3623,158653.96,87196.685
311,601890.SH,20200527,5.57,5.63,5.47,5.52,5.58,-0.06,-1.0753,142506.88,79013.213
312,601890.SH,20200526,5.47,5.6,5.45,5.58,5.47,0.11,2.011,159774.04,88292.22
313,601890.SH,20200525,5.44,5.49,5.38,5.47,5.44,0.03,0.5515,128291.61,69781.969
314,601890.SH,20200522,5.53,5.57,5.33,5.44,5.52,-0.08,-1.4493,201711.33,109997.914
315,601890.SH,20200521,5.67,5.69,5.48,5.52,5.67,-0.15,-2.6455,219437.58,122172.166
316,601890.SH,20200520,5.89,5.91,5.61,5.67,5.9,-0.23,-3.8983,351594.55,201313.097
317,601890.SH,20200519,5.93,5.93,5.77,5.9,5.98,-0.08,-1.3378,338540.45,197836.142
318,601890.SH,20200518,5.78,6.07,5.72,5.98,5.85,0.13,2.2222,463977.22,275576.89
319,601890.SH,20200515,5.91,5.95,5.81,5.85,5.91,-0.06,-1.0152,372863.12,218672.547
320,601890.SH,20200514,5.77,6.07,5.73,5.91,5.74,0.17,2.9617,544467.16,321626.705
321,601890.SH,20200513,5.73,5.89,5.69,5.74,5.81,-0.07,-1.2048,347012.29,200781.359
322,601890.SH,20200512,5.65,6.05,5.61,5.81,5.64,0.17,3.0142,545165.11,317402.502
323,601890.SH,20200511,5.51,5.74,5.48,5.64,5.48,0.16,2.9197,310665.3,174620.531
324,601890.SH,20200508,5.47,5.55,5.42,5.48,5.48,0.0,0.0,168824.26,92486.986
325,601890.SH,20200507,5.35,5.53,5.35,5.48,5.4,0.08,1.4815,232022.34,126643.798
326,601890.SH,20200506,5.26,5.43,5.26,5.4,5.35,0.05,0.9346,185432.99,99633.893
327,601890.SH,20200430,5.33,5.39,5.31,5.35,5.27,0.08,1.518,183894.38,98610.264
328,601890.SH,20200429,5.27,5.41,5.24,5.27,5.28,-0.01,-0.1894,197645.94,105308.662
329,601890.SH,20200428,5.59,5.61,5.13,5.28,5.69,-0.41,-7.2056,400238.53,214381.975
330,601890.SH,20200427,5.8,5.88,5.68,5.69,6.03,-0.34,-5.6385,366294.9,211599.387
331,601890.SH,20200424,5.89,6.28,5.63,6.03,6.06,-0.03,-0.495,891153.02,523381.484
332,601890.SH,20200423,5.78,6.34,5.73,6.06,5.76,0.3,5.2083,1046807.72,639412.428
333,601890.SH,20200422,5.68,5.84,5.55,5.76,5.77,-0.01,-0.1733,323952.5,184412.088
334,601890.SH,20200421,5.6,5.89,5.59,5.77,5.64,0.13,2.305,335773.48,192372.198
335,601890.SH,20200420,5.6,5.67,5.54,5.64,5.58,0.06,1.0753,167278.15,94034.973
336,601890.SH,20200417,5.7,5.73,5.57,5.58,5.78,-0.2,-3.4602,255678.28,144511.136
337,601890.SH,20200416,5.62,5.8,5.55,5.78,5.7,0.08,1.4035,369461.99,209664.912
338,601890.SH,20200415,5.81,5.95,5.7,5.7,5.89,-0.19,-3.2258,396940.84,230792.562
339,601890.SH,20200414,5.88,5.94,5.74,5.89,5.91,-0.02,-0.3384,438422.53,255688.747
340,601890.SH,20200413,5.61,5.98,5.58,5.91,5.7,0.21,3.6842,564431.56,328979.317
341,601890.SH,20200410,5.54,5.94,5.46,5.7,5.51,0.19,3.4483,540941.51,307970.02
342,601890.SH,20200409,5.61,5.73,5.48,5.51,5.6,-0.09,-1.6071,286779.78,159989.609
343,601890.SH,20200408,5.35,5.78,5.31,5.6,5.39,0.21,3.8961,413092.76,230517.029
344,601890.SH,20200407,5.35,5.45,5.32,5.39,5.27,0.12,2.277,155139.22,83548.539
345,601890.SH,20200403,5.35,5.39,5.24,5.27,5.36,-0.09,-1.6791,111022.07,59037.703
346,601890.SH,20200402,5.24,5.42,5.22,5.36,5.28,0.08,1.5152,141713.97,75782.239
347,601890.SH,20200401,5.26,5.34,5.21,5.28,5.3,-0.02,-0.3774,124933.37,65749.185
348,601890.SH,20200331,5.26,5.5,5.24,5.3,5.33,-0.03,-0.5629,207380.79,111184.758
349,601890.SH,20200330,5.11,5.45,5.01,5.33,5.1,0.23,4.5098,246605.51,129869.598
350,601890.SH,20200327,5.13,5.18,5.09,5.1,5.08,0.02,0.3937,57458.62,29468.884
351,601890.SH,20200326,5.15,5.17,5.07,5.08,5.18,-0.1,-1.9305,61357.7,31358.006
352,601890.SH,20200325,5.19,5.19,5.11,5.18,5.09,0.09,1.7682,67072.42,34567.135
353,601890.SH,20200324,5.09,5.11,4.99,5.09,5.01,0.08,1.5968,61131.43,30956.264
354,601890.SH,20200323,5.06,5.14,5.0,5.01,5.2,-0.19,-3.6538,70102.0,35527.168
355,601890.SH,20200320,5.15,5.24,5.11,5.2,5.08,0.12,2.3622,86527.51,44735.082
356,601890.SH,20200319,5.05,5.1,4.95,5.08,5.05,0.03,0.5941,94551.72,47520.011
357,601890.SH,20200318,5.15,5.21,5.03,5.05,5.12,-0.07,-1.3672,80743.03,41464.502
358,601890.SH,20200317,5.18,5.26,4.97,5.12,5.19,-0.07,-1.3487,114446.17,58261.326
359,601890.SH,20200316,5.36,5.43,5.14,5.19,5.31,-0.12,-2.2599,110600.12,58540.291
360,601890.SH,20200313,5.11,5.39,5.05,5.31,5.43,-0.12,-2.2099,156920.72,82294.303
361,601890.SH,20200312,5.48,5.57,5.38,5.43,5.58,-0.15,-2.6882,143567.87,78404.351
362,601890.SH,20200311,5.6,5.77,5.57,5.58,5.59,-0.01,-0.1789,211845.64,120216.725
363,601890.SH,20200310,5.38,5.6,5.33,5.59,5.49,0.1,1.8215,176163.76,96210.609
364,601890.SH,20200309,5.6,5.65,5.48,5.49,5.7,-0.21,-3.6842,200101.0,111093.967
365,601890.SH,20200306,5.77,5.79,5.66,5.7,5.89,-0.19,-3.2258,248253.37,142137.804
366,601890.SH,20200305,5.61,6.05,5.56,5.89,5.58,0.31,5.5556,431155.09,248513.489
367,601890.SH,20200304,5.42,5.64,5.41,5.58,5.48,0.1,1.8248,166179.32,92158.544
368,601890.SH,20200303,5.47,5.63,5.39,5.48,5.41,0.07,1.2939,199085.8,110014.376
369,601890.SH,20200302,5.24,5.43,5.24,5.41,5.24,0.17,3.2443,144217.38,77440.651
370,601890.SH,20200228,5.37,5.46,5.23,5.24,5.6,-0.36,-6.4286,231753.06,123350.333
371,601890.SH,20200227,5.76,5.76,5.53,5.6,5.78,-0.18,-3.1142,279347.58,156742.526
372,601890.SH,20200226,5.45,5.9,5.36,5.78,5.5,0.28,5.0909,494999.78,284658.337
373,601890.SH,20200225,5.48,5.56,5.23,5.5,5.64,-0.14,-2.4823,245940.42,133940.279
374,601890.SH,20200224,5.58,5.65,5.52,5.64,5.64,0.0,0.0,180548.8,100905.081
375,601890.SH,20200221,5.58,5.73,5.57,5.64,5.58,0.06,1.0753,190310.03,107516.219
376,601890.SH,20200220,5.55,5.61,5.45,5.58,5.53,0.05,0.9042,176554.66,97689.295
377,601890.SH,20200219,5.62,5.72,5.53,5.53,5.68,-0.15,-2.6408,235647.54,132352.719
378,601890.SH,20200218,5.56,5.83,5.53,5.68,5.53,0.15,2.7125,329989.73,187625.829
379,601890.SH,20200217,5.23,5.61,5.23,5.53,5.21,0.32,6.142,290180.18,158341.856
380,601890.SH,20200214,5.22,5.27,5.17,5.21,5.22,-0.01,-0.1916,98369.53,51334.711
381,601890.SH,20200213,5.26,5.35,5.19,5.22,5.27,-0.05,-0.9488,127865.65,67215.548
382,601890.SH,20200212,5.2,5.28,5.17,5.27,5.21,0.06,1.1516,113266.43,59314.672
383,601890.SH,20200211,5.2,5.32,5.15,5.21,5.19,0.02,0.3854,147529.66,77281.582
384,601890.SH,20200210,5.07,5.22,5.02,5.19,5.09,0.1,1.9646,152574.95,78428.377
385,601890.SH,20200207,5.07,5.1,5.0,5.09,5.09,0.0,0.0,153653.61,77595.753
386,601890.SH,20200206,5.03,5.14,4.97,5.09,5.04,0.05,0.9921,183092.43,92817.66
387,601890.SH,20200205,5.0,5.13,4.94,5.04,4.94,0.1,2.0243,163787.3,82704.944
388,601890.SH,20200204,4.69,5.1,4.69,4.94,5.21,-0.27,-5.1823,238757.05,117292.553
389,601890.SH,20200203,5.21,5.21,5.21,5.21,5.79,-0.58,-10.0173,27372.0,14260.812
390,601890.SH,20200123,5.82,6.01,5.71,5.79,5.86,-0.07,-1.1945,162479.56,95282.463
391,601890.SH,20200122,5.91,5.92,5.75,5.86,5.94,-0.08,-1.3468,123471.77,72243.598
392,601890.SH,20200121,5.99,6.02,5.93,5.94,6.02,-0.08,-1.3289,111978.07,66687.472
393,601890.SH,20200120,6.0,6.09,5.99,6.02,5.95,0.07,1.1765,124932.96,75394.147
394,601890.SH,20200117,5.99,6.02,5.93,5.95,6.03,-0.08,-1.3267,133632.16,79645.157
395,601890.SH,20200116,5.95,6.14,5.94,6.03,5.93,0.1,1.6863,225497.7,136784.504
396,601890.SH,20200115,6.03,6.05,5.91,5.93,6.05,-0.12,-1.9835,127611.0,76033.206
397,601890.SH,20200114,6.06,6.07,5.98,6.05,6.05,0.0,0.0,166737.7,100376.937
398,601890.SH,20200113,6.07,6.11,5.92,6.05,6.06,-0.01,-0.165,180267.95,108125.598
399,601890.SH,20200110,6.22,6.24,6.01,6.06,6.2,-0.14,-2.2581,286288.76,174124.032
400,601890.SH,20200109,6.18,6.34,6.13,6.2,6.48,-0.28,-4.321,514843.92,319946.957
401,601890.SH,20200108,5.95,6.48,5.92,6.48,5.89,0.59,10.017,806049.73,500957.721
402,601890.SH,20200107,5.9,5.93,5.82,5.89,5.88,0.01,0.1701,179301.27,105157.086
403,601890.SH,20200106,5.97,6.08,5.86,5.88,5.86,0.02,0.3413,295006.8,175943.612
404,601890.SH,20200103,5.8,5.95,5.74,5.86,5.79,0.07,1.209,227442.75,133116.197
405,601890.SH,20200102,5.75,5.79,5.72,5.79,5.72,0.07,1.2238,114308.23,65956.645
406,601890.SH,20191231,5.68,5.73,5.65,5.72,5.68,0.04,0.7042,74525.06,42498.948
407,601890.SH,20191230,5.67,5.7,5.58,5.68,5.66,0.02,0.3534,73377.44,41413.907
408,601890.SH,20191227,5.65,5.72,5.65,5.66,5.65,0.01,0.177,102168.32,58148.606
409,601890.SH,20191226,5.63,5.66,5.61,5.65,5.63,0.02,0.3552,63683.1,35885.953
410,601890.SH,20191225,5.65,5.68,5.61,5.63,5.65,-0.02,-0.354,60050.0,33895.053
411,601890.SH,20191224,5.56,5.65,5.56,5.65,5.61,0.04,0.713,60813.57,34243.885
412,601890.SH,20191223,5.7,5.74,5.61,5.61,5.71,-0.1,-1.7513,80388.4,45590.766
413,601890.SH,20191220,5.77,5.78,5.71,5.71,5.79,-0.08,-1.3817,127087.75,72914.589
414,601890.SH,20191219,5.77,5.82,5.68,5.79,5.88,-0.09,-1.5306,214098.06,123296.618
415,601890.SH,20191218,6.02,6.22,5.86,5.88,6.0,-0.12,-2.0,460802.56,277884.29
416,601890.SH,20191217,5.86,6.04,5.79,6.0,5.82,0.18,3.0928,361103.68,213270.304
417,601890.SH,20191216,5.61,5.87,5.61,5.82,5.6,0.22,3.9286,249319.84,143466.651
418,601890.SH,20191213,5.58,5.65,5.56,5.6,5.58,0.02,0.3584,106646.9,59680.315
419,601890.SH,20191212,5.59,5.61,5.52,5.58,5.58,0.0,0.0,84475.15,47033.762
420,601890.SH,20191211,5.51,5.65,5.46,5.58,5.51,0.07,1.2704,127213.05,70852.495
421,601890.SH,20191210,5.58,5.58,5.42,5.51,5.58,-0.07,-1.2545,78857.41,43407.841
422,601890.SH,20191209,5.54,5.59,5.53,5.58,5.54,0.04,0.722,67598.48,37618.397
423,601890.SH,20191206,5.5,5.57,5.49,5.54,5.5,0.04,0.7273,67985.74,37616.098
424,601890.SH,20191205,5.5,5.52,5.48,5.5,5.5,0.0,0.0,55106.4,30324.546
425,601890.SH,20191204,5.46,5.51,5.45,5.5,5.48,0.02,0.365,50179.53,27446.011
426,601890.SH,20191203,5.43,5.49,5.41,5.48,5.44,0.04,0.7353,39447.2,21480.616
427,601890.SH,20191202,5.47,5.48,5.41,5.44,5.46,-0.02,-0.3663,46633.62,25377.825
428,601890.SH,20191129,5.47,5.49,5.43,5.46,5.45,0.01,0.1835,32056.85,17504.483
429,601890.SH,20191128,5.5,5.55,5.45,5.45,5.51,-0.06,-1.0889,52904.14,29019.169
430,601890.SH,20191127,5.63,5.66,5.49,5.51,5.67,-0.16,-2.8219,118370.08,65558.006
431,601890.SH,20191126,5.63,5.78,5.63,5.67,5.65,0.02,0.354,82588.62,47053.86
432,601890.SH,20191125,5.66,5.71,5.57,5.65,5.74,-0.09,-1.5679,111200.32,62662.986
433,601890.SH,20191122,5.55,5.95,5.53,5.74,5.62,0.12,2.1352,241518.97,139035.117
434,601890.SH,20191121,5.52,5.78,5.48,5.62,5.52,0.1,1.8116,150871.43,85441.406
435,601890.SH,20191120,5.53,5.54,5.49,5.52,5.52,0.0,0.0,50544.08,27874.915
436,601890.SH,20191119,5.47,5.52,5.45,5.52,5.45,0.07,1.2844,48566.26,26693.176
437,601890.SH,20191118,5.43,5.49,5.35,5.45,5.43,0.02,0.3683,49564.8,26996.171
438,601890.SH,20191115,5.54,5.56,5.42,5.43,5.52,-0.09,-1.6304,60574.52,33063.766
439,601890.SH,20191114,5.51,5.56,5.51,5.52,5.51,0.01,0.1815,38627.35,21368.341
440,601890.SH,20191113,5.55,5.56,5.5,5.51,5.58,-0.07,-1.2545,36272.0,20039.146
441,601890.SH,20191112,5.52,5.61,5.5,5.58,5.53,0.05,0.9042,53990.03,29982.763
442,601890.SH,20191111,5.67,5.67,5.51,5.53,5.68,-0.15,-2.6408,72947.23,40583.79
443,601890.SH,20191108,5.76,5.8,5.67,5.68,5.75,-0.07,-1.2174,63159.0,36159.391
444,601890.SH,20191107,5.76,5.8,5.68,5.75,5.84,-0.09,-1.5411,97004.3,55563.132
445,601890.SH,20191106,5.65,5.98,5.63,5.84,5.65,0.19,3.3628,220355.18,129153.393
446,601890.SH,20191105,5.67,5.72,5.63,5.65,5.65,0.0,0.0,53494.25,30310.13
447,601890.SH,20191104,5.71,5.76,5.63,5.65,5.71,-0.06,-1.0508,56159.0,31930.122
448,601890.SH,20191101,5.57,5.72,5.57,5.71,5.58,0.13,2.3297,65461.75,37241.685
449,601890.SH,20191031,5.71,5.76,5.57,5.58,5.69,-0.11,-1.9332,62467.05,35406.069
450,601890.SH,20191030,5.75,5.8,5.66,5.69,5.74,-0.05,-0.8711,46253.0,26455.061
451,601890.SH,20191029,5.87,5.87,5.74,5.74,5.86,-0.12,-2.0478,64111.1,37114.275
452,601890.SH,20191028,5.79,5.86,5.79,5.86,5.78,0.08,1.3841,71064.55,41491.508
453,601890.SH,20191025,5.84,5.84,5.71,5.78,5.79,-0.01,-0.1727,54359.86,31255.617
454,601890.SH,20191024,5.69,5.83,5.63,5.79,5.68,0.11,1.9366,90527.08,52156.11
455,601890.SH,20191023,5.78,5.79,5.66,5.68,5.76,-0.08,-1.3889,45796.48,26154.209
456,601890.SH,20191022,5.7,5.77,5.7,5.76,5.74,0.02,0.3484,40647.25,23343.253
457,601890.SH,20191021,5.7,5.83,5.56,5.74,5.75,-0.01,-0.1739,64516.3,36714.119
458,601890.SH,20191018,5.88,5.92,5.72,5.75,5.92,-0.17,-2.8716,98196.35,57009.455
459,601890.SH,20191017,5.91,5.99,5.91,5.92,5.91,0.01,0.1692,48428.41,28772.389
460,601890.SH,20191016,5.96,5.99,5.91,5.91,5.95,-0.04,-0.6723,48054.4,28507.603
461,601890.SH,20191015,6.02,6.03,5.91,5.95,6.06,-0.11,-1.8152,84376.75,50264.481
462,601890.SH,20191014,5.94,6.2,5.89,6.06,5.87,0.19,3.2368,165583.72,99717.816
463,601890.SH,20191011,5.94,5.95,5.81,5.87,5.91,-0.04,-0.6768,68605.13,40252.754
464,601890.SH,20191010,5.88,5.98,5.88,5.91,5.88,0.03,0.5102,69802.85,41364.198
465,601890.SH,20191009,5.81,5.88,5.73,5.88,5.83,0.05,0.8576,55257.41,32125.802
466,601890.SH,20191008,5.95,5.97,5.81,5.83,5.93,-0.1,-1.6863,75311.0,44372.243
467,601890.SH,20190930,5.93,6.03,5.92,5.93,5.93,0.0,0.0,76495.55,45723.858
468,601890.SH,20190927,5.9,5.99,5.88,5.93,5.9,0.03,0.5085,72299.2,42942.678
469,601890.SH,20190926,6.21,6.25,5.89,5.9,6.19,-0.29,-4.685,203514.13,122200.298
470,601890.SH,20190925,6.27,6.39,6.18,6.19,6.33,-0.14,-2.2117,139708.25,87874.052
471,601890.SH,20190924,6.42,6.43,6.31,6.33,6.4,-0.07,-1.0938,115708.25,73543.895
472,601890.SH,20190923,6.39,6.47,6.31,6.4,6.42,-0.02,-0.3115,112103.86,71737.928
473,601890.SH,20190920,6.46,6.46,6.35,6.42,6.47,-0.05,-0.7728,124799.56,79868.205
474,601890.SH,20190919,6.4,6.47,6.31,6.47,6.4,0.07,1.0938,142757.19,91572.164
475,601890.SH,20190918,6.6,6.65,6.37,6.4,6.57,-0.17,-2.5875,211652.06,136151.708
476,601890.SH,20190917,6.73,6.84,6.52,6.57,6.77,-0.2,-2.9542,259985.7,173154.108
477,601890.SH,20190916,6.8,6.88,6.72,6.77,6.76,0.01,0.1479,239013.82,161886.355
478,601890.SH,20190912,6.54,6.79,6.49,6.76,6.54,0.22,3.3639,364823.98,244662.32
479,601890.SH,20190911,6.75,6.8,6.54,6.54,6.77,-0.23,-3.3973,313693.14,207827.526
480,601890.SH,20190910,6.78,6.95,6.75,6.77,6.79,-0.02,-0.2946,352195.75,241100.51
481,601890.SH,20190909,6.76,6.8,6.7,6.79,6.71,0.08,1.1923,286416.96,193328.507
482,601890.SH,20190906,6.76,6.82,6.68,6.71,6.8,-0.09,-1.3235,293462.47,197619.423
483,601890.SH,20190905,6.75,6.96,6.66,6.8,6.74,0.06,0.8902,470493.68,319164.586
484,601890.SH,20190904,6.78,6.82,6.68,6.74,6.9,-0.16,-2.3188,350766.83,236279.995
485,601890.SH,20190903,6.83,7.1,6.71,6.9,6.83,0.07,1.0249,536470.34,367574.525
486,601890.SH,20190902,6.69,7.18,6.57,6.83,6.67,0.16,2.3988,742429.58,513667.614
487,601890.SH,20190830,6.28,6.88,6.26,6.67,6.3,0.37,5.873,638514.4,416689.217
488,601890.SH,20190829,6.44,6.47,6.27,6.3,6.33,-0.03,-0.4739,244782.14,155468.67
489,601890.SH,20190828,6.26,6.54,6.23,6.33,6.29,0.04,0.6359,358312.19,229501.692
490,601890.SH,20190827,6.16,6.29,6.16,6.29,6.15,0.14,2.2764,214082.13,133615.703
491,601890.SH,20190826,5.99,6.24,5.94,6.15,6.15,0.0,0.0,155932.3,95624.134
492,601890.SH,20190823,6.22,6.26,6.1,6.15,6.25,-0.1,-1.6,183811.24,113395.969
493,601890.SH,20190822,6.08,6.34,6.05,6.25,6.07,0.18,2.9654,326565.67,202912.97
494,601890.SH,20190821,6.05,6.13,6.02,6.07,6.1,-0.03,-0.4918,127660.9,77373.075
495,601890.SH,20190820,6.06,6.17,6.0,6.1,6.05,0.05,0.8264,211856.11,128908.561
496,601890.SH,20190819,5.92,6.05,5.91,6.05,5.94,0.11,1.8519,159330.72,95655.899
497,601890.SH,20190816,5.97,6.03,5.88,5.94,6.02,-0.08,-1.3289,155513.81,92537.044
498,601890.SH,20190815,5.95,6.28,5.86,6.02,6.12,-0.1,-1.634,259911.3,157710.674
499,601890.SH,20190814,5.95,6.2,5.85,6.12,5.9,0.22,3.7288,270336.95,162153.55
500,601890.SH,20190813,5.8,5.98,5.71,5.9,5.87,0.03,0.5111,145775.27,85736.971
501,601890.SH,20190812,5.78,5.87,5.7,5.87,5.84,0.03,0.5137,92941.2,53881.567
502,601890.SH,20190809,5.99,5.99,5.75,5.84,6.01,-0.17,-2.8286,192593.32,112696.774
503,601890.SH,20190808,5.63,6.09,5.63,6.01,5.59,0.42,7.5134,296195.04,175296.684
504,601890.SH,20190807,5.78,5.83,5.52,5.59,5.77,-0.18,-3.1196,119526.97,67937.975
505,601890.SH,20190806,5.75,5.87,5.5,5.77,5.95,-0.18,-3.0252,188374.6,107303.275
506,601890.SH,20190805,5.96,6.09,5.93,5.95,5.99,-0.04,-0.6678,108838.93,65379.634
507,601890.SH,20190802,6.08,6.09,5.9,5.99,6.22,-0.23,-3.6977,172133.45,103257.668
508,601890.SH,20190801,6.38,6.43,6.21,6.22,6.44,-0.22,-3.4161,151743.08,95791.512
509,601890.SH,20190731,6.35,6.45,6.29,6.44,6.39,0.05,0.7825,167237.38,106899.226
510,601890.SH,20190730,6.43,6.45,6.35,6.39,6.41,-0.02,-0.312,138022.0,88298.563
511,601890.SH,20190729,6.36,6.44,6.31,6.41,6.35,0.06,0.9449,144438.65,92123.341
512,601890.SH,20190726,6.24,6.37,6.23,6.35,6.28,0.07,1.1146,149037.31,94313.907
513,601890.SH,20190725,6.3,6.34,6.23,6.28,6.32,-0.04,-0.6329,125301.24,78684.03
514,601890.SH,20190724,6.3,6.42,6.28,6.32,6.26,0.06,0.9585,226616.04,143882.343
515,601890.SH,20190723,6.11,6.28,6.08,6.26,6.05,0.21,3.4711,163297.36,101162.792
516,601890.SH,20190722,6.23,6.23,5.96,6.05,6.23,-0.18,-2.8892,162366.01,98241.341
517,601890.SH,20190719,6.22,6.3,6.21,6.23,6.22,0.01,0.1608,103439.1,64619.377
518,601890.SH,20190718,6.31,6.34,6.18,6.22,6.39,-0.17,-2.6604,153913.65,96004.438
519,601890.SH,20190717,6.45,6.55,6.36,6.39,6.38,0.01,0.1567,174593.17,112691.507
520,601890.SH,20190716,6.4,6.49,6.35,6.38,6.46,-0.08,-1.2384,150288.91,96256.664
521,601890.SH,20190715,6.2,6.5,6.18,6.46,6.19,0.27,4.3619,254304.22,161693.261
522,601890.SH,20190712,6.31,6.31,6.1,6.19,6.31,-0.12,-1.9017,164011.0,101678.039
523,601890.SH,20190711,6.43,6.52,6.28,6.31,6.41,-0.1,-1.5601,179505.0,114580.029
524,601890.SH,20190710,6.5,6.63,6.37,6.41,6.5,-0.09,-1.3846,209708.07,136119.149
525,601890.SH,20190709,6.48,6.59,6.4,6.5,6.56,-0.06,-0.9146,190820.46,123778.16
526,601890.SH,20190708,6.7,6.72,6.26,6.56,6.75,-0.19,-2.8148,406110.06,263292.606
527,601890.SH,20190705,6.83,6.96,6.73,6.75,7.1,-0.35,-4.9296,529024.07,360515.289
528,601890.SH,20190704,6.55,7.26,6.45,7.1,6.6,0.5,7.5758,1070977.04,745556.881
529,601890.SH,20190703,6.33,6.79,6.24,6.6,6.49,0.11,1.6949,540131.23,352679.92
530,601890.SH,20190702,6.73,6.93,6.45,6.49,6.32,0.17,2.6899,499647.22,331566.213
531,601890.SH,20190701,6.4,6.48,6.29,6.32,6.24,0.08,1.2821,241747.4,153333.999
532,601890.SH,20190628,6.45,6.5,6.24,6.24,6.46,-0.22,-3.4056,231050.75,146628.581
533,601890.SH,20190627,6.47,6.81,6.41,6.46,6.64,-0.18,-2.7108,495255.66,326567.049
534,601890.SH,20190626,6.18,6.65,6.12,6.64,6.26,0.38,6.0703,387943.39,249257.525
535,601890.SH,20190625,6.18,6.29,6.1,6.26,6.18,0.08,1.2945,277666.39,172694.541
536,601890.SH,20190624,6.19,6.29,6.13,6.18,6.26,-0.08,-1.278,200081.62,123959.395
537,601890.SH,20190621,6.13,6.3,6.06,6.26,6.15,0.11,1.7886,374749.18,231789.587
538,601890.SH,20190620,5.9,6.22,5.81,6.15,5.9,0.25,4.2373,319042.43,192681.129
539,601890.SH,20190619,5.86,5.99,5.81,5.9,5.74,0.16,2.7875,175442.66,103225.961
540,601890.SH,20190618,5.76,5.85,5.71,5.74,5.84,-0.1,-1.7123,118582.58,68238.025
541,601890.SH,20190617,5.8,5.97,5.73,5.84,5.99,-0.15,-2.5042,182113.7,106533.962
542,601890.SH,20190614,5.82,6.34,5.81,5.99,5.8,0.19,3.2759,396768.24,242156.008
543,601890.SH,20190613,5.75,5.87,5.65,5.8,5.76,0.04,0.6944,148675.3,85987.063
544,601890.SH,20190612,5.73,5.84,5.66,5.76,5.71,0.05,0.8757,181732.12,104853.87
545,601890.SH,20190611,5.47,5.75,5.41,5.71,5.43,0.28,5.1565,174457.64,98170.027
546,601890.SH,20190610,5.41,5.49,5.39,5.43,5.39,0.04,0.7421,82021.29,44622.251
547,601890.SH,20190606,5.73,5.78,5.36,5.39,5.73,-0.34,-5.9337,145751.53,79599.491
548,601890.SH,20190605,5.76,5.84,5.72,5.73,5.73,0.0,0.0,105815.0,61105.694
549,601890.SH,20190604,6.01,6.04,5.7,5.73,6.0,-0.27,-4.5,190975.75,110500.424
550,601890.SH,20190603,6.18,6.22,6.0,6.0,6.11,-0.11,-1.8003,145742.0,88641.908
551,601890.SH,20190531,6.18,6.23,6.07,6.11,6.18,-0.07,-1.1327,147486.91,90659.797
552,601890.SH,20190530,6.3,6.31,6.07,6.18,6.33,-0.15,-2.3697,214626.36,132085.873
553,601890.SH,20190529,6.3,6.4,6.2,6.33,6.29,0.04,0.6359,224135.54,141255.993
554,601890.SH,20190528,6.3,6.45,6.25,6.29,6.29,0.0,0.0,223484.7,141278.302
555,601890.SH,20190527,6.15,6.35,6.14,6.29,6.16,0.13,2.1104,148692.05,92871.504
556,601890.SH,20190524,6.26,6.37,6.15,6.16,6.37,-0.21,-3.2967,166311.07,103307.422
557,601890.SH,20190523,6.3,6.53,6.15,6.37,6.33,0.04,0.6319,252013.51,160088.644
558,601890.SH,20190522,6.46,6.53,6.28,6.33,6.44,-0.11,-1.7081,196275.86,125630.41
559,601890.SH,20190521,6.28,6.58,6.18,6.44,6.3,0.14,2.2222,258007.45,165226.253
560,601890.SH,20190520,6.22,6.38,6.02,6.3,6.22,0.08,1.2862,190806.43,118928.111
561,601890.SH,20190517,6.61,6.64,6.1,6.22,6.65,-0.43,-6.4662,331181.98,210894.72
562,601890.SH,20190516,6.59,6.85,6.54,6.65,6.55,0.1,1.5267,327323.81,218720.214
563,601890.SH,20190515,6.47,6.6,6.47,6.55,6.51,0.04,0.6144,245840.15,160492.217
564,601890.SH,20190514,6.44,6.71,6.36,6.51,6.54,-0.03,-0.4587,277129.02,181495.518
565,601890.SH,20190513,6.56,6.76,6.5,6.54,6.67,-0.13,-1.949,252465.78,166821.196
566,601890.SH,20190510,6.48,6.81,6.23,6.67,6.48,0.19,2.9321,499457.01,331219.56
567,601890.SH,20190509,6.5,6.79,6.42,6.48,6.64,-0.16,-2.4096,406000.72,268321.199
568,601890.SH,20190508,6.11,6.85,5.96,6.64,6.25,0.39,6.24,492451.99,316463.951
569,601890.SH,20190507,6.16,6.3,6.02,6.25,6.15,0.1,1.626,298022.5,184748.618
570,601890.SH,20190506,6.04,6.6,5.91,6.15,6.29,-0.14,-2.2258,426108.6,264887.633
571,601890.SH,20190430,6.03,6.35,6.03,6.29,5.94,0.35,5.8923,327682.19,203911.409
572,601890.SH,20190429,6.49,6.53,5.88,5.94,6.42,-0.48,-7.4766,349520.47,213755.948
573,601890.SH,20190426,6.6,6.69,6.4,6.42,6.6,-0.18,-2.7273,285578.06,186057.233
574,601890.SH,20190425,7.09,7.15,6.52,6.6,7.08,-0.48,-6.7797,426616.64,289892.502
575,601890.SH,20190424,7.11,7.29,6.84,7.08,7.2,-0.12,-1.6667,380150.56,266399.707
576,601890.SH,20190423,7.76,7.78,7.02,7.2,7.76,-0.56,-7.2165,559198.41,411810.715
577,601890.SH,20190422,8.08,8.14,7.69,7.76,8.08,-0.32,-3.9604,446815.81,349421.172
578,601890.SH,20190419,8.25,8.25,7.8,8.08,8.32,-0.24,-2.8846,673794.63,538149.497
579,601890.SH,20190418,8.13,8.69,7.99,8.32,8.13,0.19,2.337,908474.2,759973.332
580,601890.SH,20190417,8.08,8.28,7.91,8.13,8.04,0.09,1.1194,591871.03,479660.942
581,601890.SH,20190416,7.54,8.1,7.45,8.04,7.56,0.48,6.3492,596498.51,465676.974
582,601890.SH,20190415,7.49,7.83,7.45,7.56,7.4,0.16,2.1622,420080.95,320081.38
583,601890.SH,20190412,7.47,7.53,7.27,7.4,7.55,-0.15,-1.9868,328058.64,241253.156
584,601890.SH,20190411,7.52,7.87,7.45,7.55,7.55,0.0,0.0,407821.38,311890.596
585,601890.SH,20190410,7.5,7.69,7.32,7.55,7.84,-0.29,-3.699,530131.48,399929.854
586,601890.SH,20190409,8.11,8.18,7.7,7.84,8.11,-0.27,-3.3292,555542.54,435453.007
587,601890.SH,20190408,8.42,8.69,8.0,8.11,8.29,-0.18,-2.1713,745040.54,616808.874
588,601890.SH,20190404,8.03,8.78,7.9,8.29,8.39,-0.1,-1.1919,1058734.66,885094.629
589,601890.SH,20190403,7.8,8.69,7.6,8.39,8.0,0.39,4.875,1503377.88,1206294.928
590,601890.SH,20190402,7.43,8.0,7.43,8.0,7.27,0.73,10.0413,1127493.01,890189.684
591,601890.SH,20190401,7.05,7.58,7.05,7.27,6.94,0.33,4.755,808071.4,591774.563
592,601890.SH,20190329,6.8,6.98,6.68,6.94,6.51,0.43,6.6052,669999.88,459923.577
593,601890.SH,20190328,6.61,6.97,6.45,6.51,6.61,-0.1,-1.5129,426600.2,286449.76
594,601890.SH,20190327,6.63,6.76,6.35,6.61,6.78,-0.17,-2.5074,478707.18,312321.607
595,601890.SH,20190326,7.73,7.77,6.7,6.78,7.41,-0.63,-8.502,949452.54,680234.938
596,601890.SH,20190325,6.73,7.41,6.6,7.41,6.74,0.67,9.9407,960077.35,689755.98
597,601890.SH,20190322,6.7,6.9,6.6,6.74,6.89,-0.15,-2.1771,380556.65,255274.062
598,601890.SH,20190321,6.79,7.22,6.7,6.89,6.85,0.04,0.5839,679512.4,476140.081
599,601890.SH,20190320,6.69,7.08,6.37,6.85,6.56,0.29,4.4207,594722.56,400282.94
600,601890.SH,20190319,6.8,6.82,6.5,6.56,6.73,-0.17,-2.526,434074.8,288169.271
601,601890.SH,20190318,6.26,6.9,6.22,6.73,6.28,0.45,7.1656,580395.85,385890.588
602,601890.SH,20190315,6.32,6.55,6.21,6.28,6.23,0.05,0.8026,388697.45,246694.278
603,601890.SH,20190314,6.6,6.6,6.1,6.23,6.71,-0.48,-7.1535,535862.53,337899.423
604,601890.SH,20190313,7.3,7.3,6.6,6.71,7.32,-0.61,-8.3333,696975.11,485489.765
605,601890.SH,20190312,6.66,7.32,6.54,7.32,6.66,0.66,9.9099,946080.16,658530.098
606,601890.SH,20190311,6.4,6.8,6.29,6.66,6.99,-0.33,-4.721,851601.85,551267.595
607,601890.SH,20190308,7.0,7.7,6.99,6.99,7.77,-0.78,-10.0386,781309.88,561930.023
608,601890.SH,20190307,7.51,7.77,7.0,7.77,7.06,0.71,10.0567,958515.1,713695.975
609,601890.SH,20190306,6.77,7.06,6.77,7.06,6.42,0.64,9.9688,867584.28,603622.828
610,601890.SH,20190305,6.03,6.42,5.72,6.42,5.84,0.58,9.9315,749433.36,466050.667
611,601890.SH,20190304,5.4,5.84,5.2,5.84,5.31,0.53,9.9812,1026285.77,574517.157
612,601890.SH,20190301,4.74,5.31,4.62,5.31,4.83,0.48,9.9379,790940.37,399009.917
613,601890.SH,20190228,4.99,5.15,4.83,4.83,4.73,0.1,2.1142,778582.41,388295.431
614,601890.SH,20190227,4.32,4.73,4.29,4.73,4.3,0.43,10.0,250345.4,115841.016
615,601890.SH,20190226,4.32,4.48,4.25,4.3,4.32,-0.02,-0.463,278086.13,121523.197
616,601890.SH,20190225,4.11,4.37,4.11,4.32,4.12,0.2,4.8544,270482.98,115264.867
617,601890.SH,20190222,4.06,4.17,4.05,4.12,4.09,0.03,0.7335,140436.82,57693.914
618,601890.SH,20190221,4.12,4.28,4.05,4.09,4.21,-0.12,-2.8504,230682.52,95922.813
619,601890.SH,20190220,4.02,4.44,3.98,4.21,4.07,0.14,3.4398,336953.35,143012.521
620,601890.SH,20190219,3.98,4.08,3.92,4.07,3.96,0.11,2.7778,128392.86,51244.033
621,601890.SH,20190218,3.88,3.97,3.86,3.96,3.85,0.11,2.8571,93656.02,36914.064
622,601890.SH,20190215,3.87,3.89,3.84,3.85,3.88,-0.03,-0.7732,51423.55,19881.489
623,601890.SH,20190214,3.86,3.91,3.83,3.88,3.86,0.02,0.5181,51484.31,19923.941
624,601890.SH,20190213,3.8,3.92,3.77,3.86,3.79,0.07,1.847,73457.58,28248.247
625,601890.SH,20190212,3.74,3.8,3.73,3.79,3.75,0.04,1.0667,46231.76,17468.942
626,601890.SH,20190211,3.65,3.75,3.65,3.75,3.65,0.1,2.7397,34566.81,12868.22
627,601890.SH,20190201,3.59,3.65,3.59,3.65,3.58,0.07,1.9553,26651.2,9688.099
628,601890.SH,20190131,3.62,3.68,3.58,3.58,3.66,-0.08,-2.1858,48115.1,17375.924
629,601890.SH,20190130,3.69,3.78,3.65,3.66,3.69,-0.03,-0.813,33830.25,12556.782
630,601890.SH,20190129,3.79,3.81,3.62,3.69,3.78,-0.09,-2.381,45165.1,16740.361
631,601890.SH,20190128,3.85,3.87,3.78,3.78,3.82,-0.04,-1.0471,33379.0,12762.735
632,601890.SH,20190125,3.9,3.91,3.8,3.82,3.91,-0.09,-2.3018,57263.3,22099.381
633,601890.SH,20190124,3.9,3.95,3.87,3.91,3.9,0.01,0.2564,57471.36,22543.235
634,601890.SH,20190123,3.87,3.91,3.87,3.9,3.89,0.01,0.2571,34673.92,13507.772
635,601890.SH,20190122,3.91,3.91,3.86,3.89,3.92,-0.03,-0.7653,35420.65,13750.376
636,601890.SH,20190121,3.92,3.94,3.89,3.92,3.91,0.01,0.2558,42890.36,16797.392
637,601890.SH,20190118,3.9,3.94,3.85,3.91,3.9,0.01,0.2564,57917.18,22596.973
638,601890.SH,20190117,3.87,3.93,3.85,3.9,3.9,0.0,0.0,56432.71,21961.759
639,601890.SH,20190116,4.05,4.06,3.89,3.9,4.0,-0.1,-2.5,89026.73,35269.926
640,601890.SH,20190115,3.98,4.03,3.92,4.0,3.97,0.03,0.7557,83954.4,33372.685
641,601890.SH,20190114,4.02,4.02,3.95,3.97,4.02,-0.05,-1.2438,87735.17,34839.894
642,601890.SH,20190111,4.05,4.08,3.96,4.02,3.99,0.03,0.7519,118203.0,47648.256
643,601890.SH,20190110,4.06,4.11,3.97,3.99,4.1,-0.11,-2.6829,163315.0,65861.03
644,601890.SH,20190109,4.06,4.26,4.06,4.1,4.22,-0.12,-2.8436,284190.84,117136.424
645,601890.SH,20190108,4.48,4.6,4.18,4.22,4.19,0.03,0.716,482850.1,210040.232
646,601890.SH,20190107,3.86,4.19,3.82,4.19,3.81,0.38,9.9738,216144.97,87456.201
647,601890.SH,20190104,3.65,3.88,3.63,3.81,3.73,0.08,2.1448,159851.22,60064.774
648,601890.SH,20190103,3.55,3.88,3.54,3.73,3.54,0.19,5.3672,166589.83,62730.896
649,601890.SH,20190102,3.52,3.57,3.51,3.54,3.52,0.02,0.5682,18077.47,6399.016
650,601890.SH,20181228,3.51,3.56,3.51,3.52,3.51,0.01,0.2849,14460.0,5098.927
651,601890.SH,20181227,3.6,3.63,3.5,3.51,3.54,-0.03,-0.8475,20922.55,7427.882
652,601890.SH,20181226,3.54,3.58,3.52,3.54,3.54,0.0,0.0,14233.25,5045.226
653,601890.SH,20181225,3.61,3.62,3.51,3.54,3.62,-0.08,-2.2099,31085.0,11014.897
654,601890.SH,20181224,3.66,3.68,3.61,3.62,3.61,0.01,0.277,24485.48,8898.503
655,601890.SH,20181221,3.63,3.64,3.6,3.61,3.64,-0.03,-0.8242,17516.82,6335.16
656,601890.SH,20181220,3.62,3.68,3.62,3.64,3.66,-0.02,-0.5464,22527.55,8212.384
657,601890.SH,20181219,3.74,3.77,3.64,3.66,3.79,-0.13,-3.4301,57497.79,21220.8
658,601890.SH,20181218,3.67,3.91,3.61,3.79,3.67,0.12,3.2698,97392.3,36854.736
659,601890.SH,20181217,3.64,3.69,3.61,3.67,3.69,-0.02,-0.542,21528.02,7866.333
660,601890.SH,20181214,3.77,3.81,3.68,3.69,3.77,-0.08,-2.122,28873.0,10769.21
661,601890.SH,20181213,3.77,3.82,3.76,3.77,3.77,0.0,0.0,20256.0,7679.367
662,601890.SH,20181212,3.78,3.8,3.76,3.77,3.76,0.01,0.266,16712.05,6317.297
663,601890.SH,20181211,3.77,3.81,3.74,3.76,3.77,-0.01,-0.2653,25268.15,9508.992
664,601890.SH,20181210,3.78,3.82,3.76,3.77,3.79,-0.02,-0.5277,21574.07,8154.307
665,601890.SH,20181207,3.81,3.84,3.78,3.79,3.81,-0.02,-0.5249,23903.0,9107.185
666,601890.SH,20181206,3.84,3.92,3.81,3.81,3.85,-0.04,-1.039,41573.0,16030.918
667,601890.SH,20181205,3.83,3.89,3.8,3.85,3.89,-0.04,-1.0283,38794.72,14907.077
668,601890.SH,20181204,3.87,3.92,3.85,3.89,3.86,0.03,0.7772,46244.73,17957.651
669,601890.SH,20181203,3.82,3.88,3.82,3.86,3.76,0.1,2.6596,51963.15,20007.297
670,601890.SH,20181130,3.7,3.79,3.7,3.76,3.77,-0.01,-0.2653,36767.3,13745.385
671,601890.SH,20181129,3.84,3.91,3.76,3.77,3.83,-0.06,-1.5666,53166.38,20398.816
672,601890.SH,20181128,3.82,3.86,3.74,3.83,3.84,-0.01,-0.2604,46305.31,17612.696
673,601890.SH,20181127,3.74,3.96,3.74,3.84,3.72,0.12,3.2258,76806.03,29530.906
674,601890.SH,20181126,3.82,3.82,3.69,3.72,3.69,0.03,0.813,28320.05,10591.969
675,601890.SH,20181123,3.88,3.88,3.69,3.69,3.89,-0.2,-5.1414,73755.0,27768.774
676,601890.SH,20181122,3.89,3.97,3.85,3.89,3.87,0.02,0.5168,62075.38,24277.406
677,601890.SH,20181121,3.88,3.88,3.76,3.87,3.95,-0.08,-2.0253,88610.65,33972.826
678,601890.SH,20181120,3.91,4.14,3.88,3.95,3.91,0.04,1.023,184190.61,74223.556
679,601890.SH,20181119,3.91,3.94,3.86,3.91,3.91,0.0,0.0,50299.3,19596.58
680,601890.SH,20181116,3.91,3.96,3.89,3.91,3.92,-0.01,-0.2551,82914.65,32488.783
681,601890.SH,20181115,3.87,3.96,3.86,3.92,3.89,0.03,0.7712,78554.11,30811.124
682,601890.SH,20181114,3.9,3.95,3.86,3.89,3.92,-0.03,-0.7653,84198.24,32777.623
683,601890.SH,20181113,3.76,3.94,3.75,3.92,3.82,0.1,2.6178,109593.02,42606.457
684,601890.SH,20181112,3.73,3.87,3.72,3.82,3.8,0.02,0.5263,79242.57,30154.489
685,601890.SH,20181109,3.62,3.88,3.6,3.8,3.62,0.18,4.9724,104898.72,39227.47
686,601890.SH,20181108,3.66,3.7,3.61,3.62,3.66,-0.04,-1.0929,36729.1,13394.617
687,601890.SH,20181107,3.64,3.73,3.62,3.66,3.64,0.02,0.5495,60713.42,22333.349
688,601890.SH,20181106,3.67,3.67,3.6,3.64,3.67,-0.03,-0.8174,29774.75,10799.015
689,601890.SH,20181105,3.64,3.68,3.61,3.67,3.64,0.03,0.8242,46317.11,16911.293
690,601890.SH,20181102,3.6,3.64,3.56,3.64,3.57,0.07,1.9608,46416.61,16743.581
691,601890.SH,20181101,3.53,3.66,3.53,3.57,3.54,0.03,0.8475,53386.73,19231.683
692,601890.SH,20181031,3.5,3.57,3.48,3.54,3.51,0.03,0.8547,33638.85,11925.091
693,601890.SH,20181030,3.51,3.54,3.41,3.51,3.5,0.01,0.2857,22391.18,7807.123
694,601890.SH,20181029,3.58,3.61,3.49,3.5,3.55,-0.05,-1.4085,22916.4,8086.325
695,601890.SH,20181026,3.47,3.57,3.47,3.55,3.47,0.08,2.3055,30092.02,10633.144
696,601890.SH,20181025,3.43,3.49,3.34,3.47,3.49,-0.02,-0.5731,24732.0,8457.834
697,601890.SH,20181024,3.49,3.54,3.47,3.49,3.5,-0.01,-0.2857,23647.05,8297.471
698,601890.SH,20181023,3.51,3.57,3.48,3.5,3.54,-0.04,-1.1299,32254.02,11391.207
699,601890.SH,20181022,3.44,3.58,3.42,3.54,3.4,0.14,4.1176,46060.93,16195.786
700,601890.SH,20181019,3.3,3.42,3.22,3.4,3.36,0.04,1.1905,31541.0,10543.987
701,601890.SH,20181018,3.54,3.54,3.36,3.36,3.54,-0.18,-5.0847,27892.17,9557.382
702,601890.SH,20181017,3.56,3.59,3.5,3.54,3.52,0.02,0.5682,16098.13,5706.792
703,601890.SH,20181016,3.6,3.68,3.52,3.52,3.55,-0.03,-0.8451,26827.66,9620.372
704,601890.SH,20181015,3.65,3.68,3.55,3.55,3.6,-0.05,-1.3889,22776.0,8247.71
705,601890.SH,20181012,3.59,3.67,3.38,3.6,3.7,-0.1,-2.7027,47509.04,16870.762
706,601890.SH,20181011,4.0,4.01,3.68,3.7,4.09,-0.39,-9.5355,64316.76,24640.557
707,601890.SH,20181010,4.08,4.11,4.06,4.09,4.08,0.01,0.2451,18153.2,7418.735
708,601890.SH,20181009,4.09,4.13,4.07,4.08,4.09,-0.01,-0.2445,23303.02,9545.286
709,601890.SH,20181008,4.12,4.16,4.09,4.09,4.18,-0.09,-2.1531,31321.0,12911.952
710,601890.SH,20180928,4.18,4.19,4.16,4.18,4.16,0.02,0.4808,23543.05,9832.268
711,601890.SH,20180927,4.25,4.25,4.16,4.16,4.24,-0.08,-1.8868,33674.15,14142.0
712,601890.SH,20180926,4.25,4.27,4.22,4.24,4.25,-0.01,-0.2353,26502.8,11244.253
713,601890.SH,20180925,4.24,4.28,4.22,4.25,4.25,0.0,0.0,23437.98,9957.895
714,601890.SH,20180921,4.23,4.26,4.2,4.25,4.22,0.03,0.7109,32441.6,13762.024
715,601890.SH,20180920,4.23,4.26,4.21,4.22,4.26,-0.04,-0.939,29210.0,12359.102
716,601890.SH,20180919,4.23,4.3,4.2,4.26,4.23,0.03,0.7092,50267.54,21385.91
717,601890.SH,20180918,4.19,4.23,4.17,4.23,4.19,0.04,0.9547,27725.03,11649.621
718,601890.SH,20180917,4.21,4.23,4.17,4.19,4.23,-0.04,-0.9456,27607.3,11562.607
719,601890.SH,20180914,4.28,4.33,4.23,4.23,4.28,-0.05,-1.1682,53521.0,22930.154
720,601890.SH,20180913,4.21,4.3,4.17,4.28,4.19,0.09,2.148,55351.14,23493.195
721,601890.SH,20180912,4.16,4.24,4.14,4.19,4.16,0.03,0.7212,27368.0,11508.86
722,601890.SH,20180911,4.12,4.19,4.12,4.16,4.18,-0.02,-0.4785,23724.51,9858.941
723,601890.SH,20180910,4.19,4.25,4.18,4.18,4.19,-0.01,-0.2387,29426.04,12395.876
724,601890.SH,20180907,4.21,4.24,4.16,4.19,4.2,-0.01,-0.2381,26414.85,11091.865
725,601890.SH,20180906,4.2,4.27,4.17,4.2,4.22,-0.02,-0.4739,30382.3,12796.344
726,601890.SH,20180905,4.28,4.33,4.22,4.22,4.28,-0.06,-1.4019,36614.69,15642.894
727,601890.SH,20180904,4.22,4.36,4.21,4.28,4.22,0.06,1.4218,51376.74,22062.043
728,601890.SH,20180903,4.2,4.22,4.16,4.22,4.2,0.02,0.4762,24592.2,10287.145
729,601890.SH,20180831,4.23,4.25,4.2,4.2,4.23,-0.03,-0.7092,18067.28,7616.939
730,601890.SH,20180830,4.32,4.32,4.23,4.23,4.32,-0.09,-2.0833,34476.86,14668.098
731,601890.SH,20180829,4.29,4.35,4.29,4.32,4.31,0.01,0.232,30302.0,13097.403
732,601890.SH,20180828,4.31,4.36,4.29,4.31,4.33,-0.02,-0.4619,33941.57,14649.627
733,601890.SH,20180827,4.28,4.36,4.26,4.33,4.25,0.08,1.8824,37033.0,16016.965
734,601890.SH,20180824,4.27,4.29,4.23,4.25,4.3,-0.05,-1.1628,27930.0,11894.141
735,601890.SH,20180823,4.3,4.32,4.24,4.3,4.3,0.0,0.0,20875.88,8967.955
736,601890.SH,20180822,4.32,4.36,4.28,4.3,4.32,-0.02,-0.463,26040.0,11239.563
737,601890.SH,20180821,4.28,4.35,4.25,4.32,4.28,0.04,0.9346,25670.07,11079.397
738,601890.SH,20180820,4.23,4.29,4.22,4.28,4.26,0.02,0.4695,22270.0,9467.973
739,601890.SH,20180817,4.35,4.39,4.24,4.26,4.32,-0.06,-1.3889,32729.0,14070.804
740,601890.SH,20180816,4.28,4.38,4.28,4.32,4.38,-0.06,-1.3699,40819.45,17696.398
741,601890.SH,20180815,4.5,4.56,4.36,4.38,4.52,-0.14,-3.0973,58485.0,26073.707
742,601890.SH,20180814,4.46,4.54,4.45,4.52,4.53,-0.01,-0.2208,62641.67,28121.594
743,601890.SH,20180813,4.32,4.69,4.28,4.53,4.41,0.12,2.7211,108611.3,48849.715
744,601890.SH,20180810,4.42,4.42,4.35,4.41,4.4,0.01,0.2273,39700.0,17454.183
745,601890.SH,20180809,4.36,4.43,4.28,4.4,4.36,0.04,0.9174,52634.65,23136.834
746,601890.SH,20180808,4.33,4.43,4.27,4.36,4.32,0.04,0.9259,56230.3,24470.669
747,601890.SH,20180807,4.23,4.32,4.22,4.32,4.22,0.1,2.3697,34707.67,14842.631
748,601890.SH,20180806,4.35,4.35,4.2,4.22,4.3,-0.08,-1.8605,39810.25,16934.543
749,601890.SH,20180803,4.33,4.38,4.28,4.3,4.33,-0.03,-0.6928,31826.4,13772.508
750,601890.SH,20180802,4.45,4.5,4.21,4.33,4.5,-0.17,-3.7778,80017.48,34876.841
751,601890.SH,20180801,4.64,4.69,4.5,4.5,4.64,-0.14,-3.0172,62275.0,28567.764
752,601890.SH,20180731,4.68,4.73,4.6,4.64,4.74,-0.1,-2.1097,74938.66,34897.101
753,601890.SH,20180730,4.57,4.85,4.5,4.74,4.64,0.1,2.1552,164898.81,77072.956
754,601890.SH,20180727,4.63,4.79,4.55,4.64,4.62,0.02,0.4329,124127.34,57961.015
755,601890.SH,20180726,4.56,4.64,4.51,4.62,4.58,0.04,0.8734,98281.54,44850.558
756,601890.SH,20180725,4.48,4.71,4.46,4.58,4.5,0.08,1.7778,118459.72,54243.816
757,601890.SH,20180724,4.47,4.62,4.46,4.5,4.47,0.03,0.6711,105666.36,47683.484
758,601890.SH,20180723,4.29,4.58,4.29,4.47,4.3,0.17,3.9535,133710.39,59467.166
759,601890.SH,20180720,4.24,4.32,4.23,4.3,4.25,0.05,1.1765,25730.76,11004.591
760,601890.SH,20180719,4.3,4.34,4.24,4.25,4.31,-0.06,-1.39,30957.0,13252.885
761,601890.SH,20180718,4.31,4.37,4.3,4.31,4.33,-0.02,-0.46,38154.8,16522.969
762,601890.SH,20180717,4.3,4.37,4.28,4.33,4.33,0.0,0.0,35817.67,15434.815
763,601890.SH,20180716,4.28,4.41,4.24,4.33,4.28,0.05,1.17,55543.92,24006.924
764,601890.SH,20180713,4.29,4.35,4.26,4.28,4.29,-0.01,-0.23,32779.05,14072.764
765,601890.SH,20180712,4.2,4.3,4.18,4.29,4.2,0.09,2.14,52727.71,22471.788
766,601890.SH,20180711,4.29,4.29,4.16,4.2,4.33,-0.13,-3.0,45934.0,19321.312
767,601890.SH,20180710,4.32,4.34,4.29,4.33,4.31,0.02,0.46,33615.37,14499.984
768,601890.SH,20180709,4.28,4.34,4.27,4.31,4.27,0.04,0.94,33252.56,14326.152
769,601890.SH,20180706,4.27,4.3,4.16,4.27,4.23,0.04,0.95,32239.62,13700.876
770,601890.SH,20180705,4.33,4.37,4.23,4.23,4.34,-0.11,-2.53,42179.07,18083.71
771,601890.SH,20180704,4.41,4.41,4.33,4.34,4.43,-0.09,-2.03,52048.3,22771.649
772,601890.SH,20180703,4.28,4.43,4.27,4.43,4.28,0.15,3.5,82618.86,36183.434
773,601890.SH,20180702,4.32,4.38,4.25,4.28,4.33,-0.05,-1.15,44481.31,19234.841
774,601890.SH,20180629,4.25,4.34,4.21,4.33,4.22,0.11,2.61,44357.23,19033.373
775,601890.SH,20180628,4.3,4.33,4.2,4.22,4.3,-0.08,-1.86,31471.0,13461.963
776,601890.SH,20180627,4.29,4.33,4.27,4.3,4.29,0.01,0.23,34253.62,14721.233
777,601890.SH,20180626,4.22,4.3,4.12,4.29,4.26,0.03,0.7,37275.6,15805.044
778,601890.SH,20180625,4.3,4.35,4.25,4.26,4.26,0.0,0.0,29458.97,12672.035
779,601890.SH,20180622,4.15,4.27,4.14,4.26,4.21,0.05,1.19,37949.05,16077.033
780,601890.SH,20180621,4.27,4.41,4.21,4.21,4.26,-0.05,-1.17,73951.43,31928.65
781,601890.SH,20180620,4.2,4.32,4.12,4.26,4.2,0.06,1.43,47286.02,20114.869
782,601890.SH,20180619,4.63,4.63,4.21,4.22,4.68,-0.46,-9.83,98591.32,42925.676
783,601890.SH,20180615,4.9,4.92,4.6,4.68,4.91,-0.23,-4.68,70309.64,33290.398
784,601890.SH,20180614,4.96,5.01,4.91,4.91,4.96,-0.05,-1.01,31253.0,15459.282
785,601890.SH,20180613,5.12,5.12,4.95,4.96,5.12,-0.16,-3.13,60834.27,30514.714
786,601890.SH,20180612,5.08,5.14,5.07,5.12,5.07,0.05,0.99,31135.15,15915.126
787,601890.SH,20180611,5.2,5.21,5.05,5.07,5.22,-0.15,-2.87,45445.02,23338.842
788,601890.SH,20180608,5.35,5.35,5.19,5.22,5.35,-0.13,-2.43,49107.02,25702.0
789,601890.SH,20180607,5.42,5.42,5.33,5.35,5.41,-0.06,-1.11,37281.0,20013.495
790,601890.SH,20180606,5.4,5.43,5.35,5.41,5.4,0.01,0.19,34384.0,18536.013
791,601890.SH,20180605,5.33,5.42,5.33,5.4,5.33,0.07,1.31,33014.0,17743.565
792,601890.SH,20180604,5.35,5.4,5.31,5.33,5.35,-0.02,-0.37,23502.0,12564.837
793,601890.SH,20180601,5.27,5.42,5.27,5.35,5.31,0.04,0.75,41615.0,22277.703
794,601890.SH,20180531,5.28,5.35,5.26,5.31,5.26,0.05,0.95,36654.17,19443.513
795,601890.SH,20180530,5.42,5.44,5.24,5.26,5.48,-0.22,-4.01,70644.2,37690.211
796,601890.SH,20180529,5.46,5.52,5.43,5.48,5.46,0.02,0.37,35300.15,19341.089
797,601890.SH,20180528,5.54,5.57,5.4,5.46,5.53,-0.07,-1.27,54310.65,29701.324
798,601890.SH,20180525,5.65,5.65,5.51,5.53,5.65,-0.12,-2.12,72982.53,40638.66
799,601890.SH,20180524,5.72,5.73,5.64,5.65,5.74,-0.09,-1.57,61153.0,34678.943
800,601890.SH,20180523,5.69,5.82,5.67,5.74,5.71,0.03,0.53,89804.21,51734.182
801,601890.SH,20180522,5.72,5.73,5.65,5.71,5.73,-0.02,-0.35,64750.54,36816.226
802,601890.SH,20180521,5.73,5.78,5.72,5.73,5.71,0.02,0.35,61199.95,35186.705
803,601890.SH,20180518,5.64,5.72,5.64,5.71,5.64,0.07,1.24,46463.09,26370.498
804,601890.SH,20180517,5.72,5.75,5.64,5.64,5.72,-0.08,-1.4,54538.11,31016.887
805,601890.SH,20180516,5.8,5.8,5.71,5.72,5.8,-0.08,-1.38,62319.3,35780.502
806,601890.SH,20180515,5.66,5.83,5.66,5.8,5.79,0.01,0.17,74856.15,43177.549
807,601890.SH,20180514,6.1,6.1,5.75,5.79,5.98,-0.19,-3.18,162530.78,95798.561
808,601890.SH,20180511,6.0,6.02,5.94,5.98,5.96,0.02,0.34,74288.47,44381.68
809,601890.SH,20180510,6.04,6.06,5.92,5.96,6.06,-0.1,-1.65,109460.34,65635.051
810,601890.SH,20180509,6.1,6.16,6.01,6.06,6.16,-0.1,-1.62,130733.52,79332.486
811,601890.SH,20180508,5.99,6.27,5.98,6.16,5.98,0.18,3.01,205354.99,125342.104
812,601890.SH,20180507,5.9,6.01,5.83,5.98,5.93,0.05,0.84,134902.49,79869.143
813,601890.SH,20180504,5.77,5.97,5.73,5.93,5.76,0.17,2.95,139614.36,82067.362
814,601890.SH,20180503,5.76,5.81,5.63,5.76,5.78,-0.02,-0.35,91865.68,52594.737
815,601890.SH,20180502,5.86,5.94,5.75,5.78,5.95,-0.17,-2.86,99731.3,58128.853
816,601890.SH,20180427,5.89,5.98,5.66,5.95,5.84,0.11,1.88,153042.17,88938.54
817,601890.SH,20180426,6.09,6.14,5.82,5.84,6.08,-0.24,-3.95,179072.44,107164.318
818,601890.SH,20180425,6.15,6.19,6.04,6.08,6.26,-0.18,-2.88,217412.5,132505.213
819,601890.SH,20180424,6.55,6.55,6.09,6.26,6.77,-0.51,-7.53,423000.54,263269.416
820,601890.SH,20180423,6.7,7.05,6.64,6.77,6.69,0.08,1.2,354924.16,241386.311
821,601890.SH,20180420,6.6,6.86,6.58,6.69,6.67,0.02,0.3,278772.58,187911.055
822,601890.SH,20180419,6.56,6.85,6.53,6.67,6.66,0.01,0.15,278470.59,186784.07
823,601890.SH,20180418,6.77,6.79,6.3,6.66,6.77,-0.11,-1.62,268868.82,176704.186
824,601890.SH,20180417,6.78,7.08,6.64,6.77,6.92,-0.15,-2.17,303124.22,207245.928
825,601890.SH,20180416,6.66,7.15,6.58,6.92,6.79,0.13,1.91,478200.32,326387.936
826,601890.SH,20180413,6.66,7.17,6.58,6.79,6.52,0.27,4.14,523461.04,361294.344
827,601890.SH,20180412,6.6,6.84,6.51,6.52,6.72,-0.2,-2.98,373799.78,249596.196
828,601890.SH,20180411,6.28,6.91,6.18,6.72,6.28,0.44,7.01,403644.52,265088.728
829,601890.SH,20180410,6.38,6.38,6.16,6.28,6.42,-0.14,-2.18,175110.11,109931.575
830,601890.SH,20180409,6.28,6.47,6.12,6.42,6.31,0.11,1.74,288281.71,182302.893
831,601890.SH,20180404,6.16,6.6,6.12,6.31,6.1,0.21,3.44,359437.26,229981.045
832,601890.SH,20180403,5.94,6.13,5.9,6.1,6.05,0.05,0.83,147649.13,89249.373
833,601890.SH,20180402,5.97,6.14,5.94,6.05,6.04,0.01,0.17,152474.9,92056.575
834,601890.SH,20180330,5.86,6.14,5.84,6.04,5.82,0.22,3.78,188770.15,113640.215
835,601890.SH,20180329,5.78,5.88,5.78,5.82,5.79,0.03,0.52,50305.31,29324.783
836,601890.SH,20180328,5.79,5.92,5.76,5.79,5.88,-0.09,-1.53,80788.7,47121.146
837,601890.SH,20180327,5.72,6.05,5.67,5.88,5.67,0.21,3.7,122922.64,72234.279
838,601890.SH,20180326,5.45,5.72,5.4,5.67,5.49,0.18,3.28,93906.92,52708.488
839,601890.SH,20180323,5.7,5.75,5.37,5.49,5.85,-0.36,-6.15,118543.4,66062.596
840,601890.SH,20180322,5.94,5.97,5.84,5.85,5.99,-0.14,-2.34,95995.3,56600.334
841,601890.SH,20180321,5.96,6.1,5.93,5.99,5.96,0.03,0.5,137440.53,82706.551
842,601890.SH,20180320,5.88,5.99,5.86,5.96,5.95,0.01,0.17,56267.52,33295.355
843,601890.SH,20180319,5.93,6.03,5.92,5.95,5.91,0.04,0.68,50407.56,30085.736
844,601890.SH,20180316,5.9,5.98,5.89,5.91,5.93,-0.02,-0.34,38953.05,23107.868
845,601890.SH,20180315,5.87,5.99,5.84,5.93,5.89,0.04,0.68,56175.69,33274.066
846,601890.SH,20180314,6.01,6.03,5.88,5.89,6.05,-0.16,-2.64,79781.12,47362.93
847,601890.SH,20180313,6.09,6.12,6.0,6.05,6.08,-0.03,-0.49,73228.5,44379.908
848,601890.SH,20180312,5.92,6.14,5.9,6.08,5.92,0.16,2.7,124673.91,75199.032
849,601890.SH,20180309,5.88,5.96,5.84,5.92,5.85,0.07,1.2,59849.52,35355.802
850,601890.SH,20180308,5.87,5.9,5.83,5.85,5.87,-0.02,-0.34,39140.45,22928.505
851,601890.SH,20180307,5.96,5.97,5.85,5.87,5.95,-0.08,-1.34,54711.03,32259.179
852,601890.SH,20180306,5.88,6.0,5.86,5.95,5.94,0.01,0.17,64063.52,37958.689
853,601890.SH,20180305,5.95,6.03,5.93,5.94,5.95,-0.01,-0.17,49797.02,29693.868
854,601890.SH,20180302,5.93,6.13,5.9,5.95,5.99,-0.04,-0.67,81552.86,48825.806
855,601890.SH,20180301,5.91,6.07,5.87,5.99,6.07,-0.08,-1.32,122621.22,73156.614
856,601890.SH,20180228,5.9,6.3,5.74,6.07,5.81,0.26,4.48,207991.11,124807.037
857,601890.SH,20180227,5.77,5.96,5.7,5.81,5.77,0.04,0.69,116230.44,67733.135
858,601890.SH,20180226,5.68,5.78,5.65,5.77,5.69,0.08,1.41,56032.84,32144.808
859,601890.SH,20180223,5.58,5.84,5.54,5.69,5.57,0.12,2.15,67916.37,38728.454
860,601890.SH,20180222,5.5,5.58,5.5,5.57,5.5,0.07,1.27,31597.2,17542.207
861,601890.SH,20180214,5.47,5.53,5.4,5.5,5.44,0.06,1.1,25491.44,13963.792
862,601890.SH,20180213,5.4,5.54,5.4,5.44,5.37,0.07,1.3,39199.19,21476.774
863,601890.SH,20180212,5.29,5.41,5.29,5.37,5.28,0.09,1.7,33507.39,18012.789
864,601890.SH,20180209,5.42,5.42,5.22,5.28,5.53,-0.25,-4.52,63789.29,34033.771
865,601890.SH,20180208,5.48,5.56,5.44,5.53,5.45,0.08,1.47,35881.53,19806.654
866,601890.SH,20180207,5.45,5.6,5.31,5.45,5.41,0.04,0.74,59655.62,32649.506
867,601890.SH,20180206,5.77,5.88,5.35,5.41,5.91,-0.5,-8.46,94519.12,53570.282
868,601890.SH,20180205,5.85,5.95,5.75,5.91,5.91,0.0,0.0,41228.52,24292.735
869,601890.SH,20180202,6.07,6.08,5.8,5.91,6.07,-0.16,-2.64,94884.11,56183.671
870,601890.SH,20180201,6.41,6.48,6.06,6.07,6.46,-0.39,-6.04,116223.4,72512.503
871,601890.SH,20180131,6.6,6.71,6.45,6.46,6.63,-0.17,-2.56,90514.07,59178.914
872,601890.SH,20180130,6.64,6.65,6.57,6.63,6.62,0.01,0.15,51441.0,34022.849
873,601890.SH,20180129,6.76,6.78,6.61,6.62,6.76,-0.14,-2.07,85925.1,57317.046
874,601890.SH,20180126,6.78,6.85,6.73,6.76,6.86,-0.1,-1.46,118634.66,80318.934
875,601890.SH,20180125,6.7,7.12,6.64,6.86,6.76,0.1,1.48,297179.69,204990.502
876,601890.SH,20180124,6.59,6.99,6.53,6.76,6.6,0.16,2.42,188700.76,127170.756
877,601890.SH,20180123,6.56,6.63,6.56,6.6,6.59,0.01,0.15,57489.54,37872.487
878,601890.SH,20180122,6.6,6.62,6.53,6.59,6.62,-0.03,-0.45,77085.75,50646.239
879,601890.SH,20180119,6.42,6.65,6.41,6.62,6.43,0.19,2.95,170339.94,112438.231
880,601890.SH,20180118,6.39,6.45,6.36,6.43,6.38,0.05,0.78,39514.75,25315.051
881,601890.SH,20180117,6.38,6.41,6.31,6.38,6.39,-0.01,-0.16,50862.1,32370.255
882,601890.SH,20180116,6.38,6.45,6.35,6.39,6.39,0.0,0.0,43564.08,27855.42
883,601890.SH,20180115,6.58,6.58,6.38,6.39,6.6,-0.21,-3.18,63251.0,40878.205
884,601890.SH,20180112,6.57,6.66,6.52,6.6,6.59,0.01,0.15,61108.54,40267.909
885,601890.SH,20180111,6.5,6.69,6.45,6.59,6.51,0.08,1.23,74042.61,48736.639
886,601890.SH,20180110,6.6,6.62,6.44,6.51,6.63,-0.12,-1.81,69005.58,44984.381
887,601890.SH,20180109,6.56,6.64,6.52,6.63,6.55,0.08,1.22,83381.85,55078.187
888,601890.SH,20180108,6.57,6.58,6.5,6.55,6.6,-0.05,-0.76,48667.89,31791.221
889,601890.SH,20180105,6.6,6.63,6.53,6.6,6.56,0.04,0.61,71206.67,46870.439
890,601890.SH,20180104,6.54,6.57,6.5,6.56,6.54,0.02,0.31,49850.08,32580.981
891,601890.SH,20180103,6.45,6.56,6.44,6.54,6.46,0.08,1.24,60811.71,39652.039
892,601890.SH,20180102,6.41,6.48,6.41,6.46,6.45,0.01,0.16,43117.82,27803.787
893,601890.SH,20171229,6.37,6.55,6.35,6.45,6.37,0.08,1.26,49187.97,31778.754
894,601890.SH,20171228,6.37,6.4,6.35,6.37,6.38,-0.01,-0.16,35363.72,22544.833
895,601890.SH,20171227,6.4,6.45,6.35,6.38,6.4,-0.02,-0.31,34363.38,21937.598
896,601890.SH,20171226,6.34,6.43,6.34,6.4,6.35,0.05,0.79,30769.52,19635.087
897,601890.SH,20171225,6.54,6.56,6.34,6.35,6.53,-0.18,-2.76,52743.2,33882.431
898,601890.SH,20171222,6.54,6.57,6.51,6.53,6.53,0.0,0.0,27956.93,18252.45
899,601890.SH,20171221,6.61,6.61,6.5,6.53,6.61,-0.08,-1.21,40915.96,26778.683
900,601890.SH,20171220,6.71,6.73,6.58,6.61,6.71,-0.1,-1.49,43288.49,28719.445
901,601890.SH,20171219,6.7,6.74,6.66,6.71,6.7,0.01,0.15,47810.73,32000.993
902,601890.SH,20171218,6.64,6.79,6.58,6.7,6.63,0.07,1.06,74119.57,49607.329
903,601890.SH,20171215,6.61,6.64,6.56,6.63,6.61,0.02,0.3,36857.35,24336.142
904,601890.SH,20171214,6.66,6.66,6.6,6.61,6.67,-0.06,-0.9,34806.65,23029.054
905,601890.SH,20171213,6.63,6.69,6.62,6.67,6.63,0.04,0.6,34098.86,22680.789
906,601890.SH,20171212,6.73,6.76,6.61,6.63,6.75,-0.12,-1.78,56283.57,37584.711
907,601890.SH,20171211,6.71,6.77,6.68,6.75,6.74,0.01,0.15,46750.43,31456.919
908,601890.SH,20171208,6.7,6.75,6.66,6.74,6.74,0.0,0.0,66584.33,44670.6
909,601890.SH,20171207,6.56,6.85,6.56,6.74,6.63,0.11,1.66,117296.87,79261.367
910,601890.SH,20171206,6.61,6.65,6.5,6.63,6.68,-0.05,-0.75,60277.67,39535.379
911,601890.SH,20171205,6.77,6.89,6.62,6.68,6.67,0.01,0.15,95605.78,64699.585
912,601890.SH,20171204,6.72,6.77,6.63,6.67,6.74,-0.07,-1.04,45952.5,30719.776
913,601890.SH,20171201,6.69,6.76,6.63,6.74,6.73,0.01,0.15,49360.35,33019.865
914,601890.SH,20171130,6.61,6.95,6.58,6.73,6.63,0.1,1.51,93264.54,63322.896
915,601890.SH,20171129,6.61,6.65,6.56,6.63,6.62,0.01,0.15,40110.96,26476.131
916,601890.SH,20171128,6.6,6.64,6.55,6.62,6.6,0.02,0.3,31072.28,20552.807
917,601890.SH,20171127,6.67,6.71,6.53,6.6,6.67,-0.07,-1.05,38519.17,25531.593
918,601890.SH,20171124,6.64,6.71,6.61,6.67,6.64,0.03,0.45,36339.69,24201.939
919,601890.SH,20171123,6.86,6.89,6.63,6.64,6.92,-0.28,-4.05,90937.85,61337.884
920,601890.SH,20171122,6.7,7.1,6.63,6.92,6.67,0.25,3.75,129838.93,89271.115
921,601890.SH,20171121,6.7,6.75,6.64,6.67,6.7,-0.03,-0.45,49056.92,32776.476
922,601890.SH,20171120,6.8,6.81,6.41,6.7,6.87,-0.17,-2.47,79357.83,52561.266
923,601890.SH,20171117,7.29,7.32,6.86,6.87,7.3,-0.43,-5.89,123986.7,87013.927
924,601890.SH,20171116,7.28,7.33,7.28,7.3,7.28,0.02,0.27,46783.69,34163.403
925,601890.SH,20171115,7.33,7.33,7.26,7.28,7.33,-0.05,-0.68,43834.0,31942.601
926,601890.SH,20171114,7.28,7.36,7.26,7.33,7.26,0.07,0.96,65942.38,48253.994
927,601890.SH,20171113,7.3,7.32,7.25,7.26,7.33,-0.07,-0.96,47411.0,34491.891
928,601890.SH,20171110,7.34,7.36,7.26,7.33,7.36,-0.03,-0.41,54101.79,39556.268
929,601890.SH,20171109,7.33,7.37,7.29,7.36,7.34,0.02,0.27,60094.82,44045.2
930,601890.SH,20171108,7.31,7.36,7.27,7.34,7.33,0.01,0.14,76769.57,56175.451
931,601890.SH,20171107,7.3,7.37,7.25,7.33,7.33,0.0,0.0,76653.55,56009.474
932,601890.SH,20171106,7.26,7.46,7.26,7.33,7.26,0.07,0.96,88808.35,65417.358
933,601890.SH,20171103,7.51,7.52,7.22,7.26,7.49,-0.23,-3.07,125699.94,92070.855
934,601890.SH,20171102,7.85,7.85,7.48,7.49,7.93,-0.44,-5.55,186604.48,141826.519
935,601890.SH,20171101,7.94,7.98,7.92,7.93,7.95,-0.02,-0.25,36714.82,29161.21
936,601890.SH,20171031,7.93,7.97,7.89,7.95,7.92,0.03,0.38,46276.65,36695.518
937,601890.SH,20171030,8.14,8.14,7.9,7.92,8.15,-0.23,-2.82,106202.02,84618.5
938,601890.SH,20171027,8.22,8.23,8.14,8.15,8.22,-0.07,-0.85,61802.75,50478.486
939,601890.SH,20171026,8.2,8.23,8.14,8.22,8.2,0.02,0.24,66352.29,54377.863
940,601890.SH,20171025,8.16,8.21,8.15,8.2,8.16,0.04,0.49,42543.39,34798.207
941,601890.SH,20171024,8.2,8.2,8.11,8.16,8.21,-0.05,-0.61,48658.35,39669.481
942,601890.SH,20171023,8.2,8.26,8.19,8.21,8.2,0.01,0.12,40293.0,33088.679
943,601890.SH,20171020,8.13,8.21,8.13,8.2,8.13,0.07,0.86,44145.89,36093.609
944,601890.SH,20171019,8.34,8.37,8.11,8.13,8.39,-0.26,-3.1,136118.55,111564.578
945,601890.SH,20171018,8.36,8.51,8.32,8.39,8.37,0.02,0.24,100734.15,84688.844
946,601890.SH,20171017,8.38,8.4,8.34,8.37,8.38,-0.01,-0.12,61104.01,51127.851
947,601890.SH,20171016,8.51,8.54,8.38,8.38,8.51,-0.13,-1.53,114103.55,96420.661
948,601890.SH,20171013,8.54,8.54,8.46,8.51,8.56,-0.05,-0.58,98871.09,83885.455
949,601890.SH,20171012,8.45,8.6,8.43,8.56,8.45,0.11,1.3,213899.07,182580.57
950,601890.SH,20171011,8.48,8.49,8.44,8.45,8.48,-0.03,-0.35,77116.42,65215.678
951,601890.SH,20171010,8.47,8.49,8.41,8.48,8.47,0.01,0.12,72843.16,61558.682
952,601890.SH,20171009,8.51,8.51,8.43,8.47,8.44,0.03,0.36,83493.15,70613.05
953,601890.SH,20170929,8.42,8.5,8.39,8.44,8.42,0.02,0.24,82512.41,69574.443
954,601890.SH,20170928,8.38,8.54,8.37,8.42,8.47,-0.05,-0.59,125886.01,106329.887
955,601890.SH,20170927,8.59,8.71,8.45,8.47,8.43,0.04,0.47,169668.6,145445.842
956,601890.SH,20170926,8.33,8.47,8.31,8.43,8.32,0.11,1.32,96102.5,80710.311
957,601890.SH,20170925,8.33,8.43,8.3,8.32,8.34,-0.02,-0.24,66211.67,55400.744
958,601890.SH,20170922,8.43,8.43,8.33,8.34,8.43,-0.09,-1.07,100151.81,83768.953
959,601890.SH,20170921,8.49,8.51,8.43,8.43,8.51,-0.08,-0.94,83955.6,70988.11
960,601890.SH,20170920,8.48,8.54,8.45,8.51,8.46,0.05,0.59,89855.84,76390.037
961,601890.SH,20170919,8.53,8.55,8.43,8.46,8.52,-0.06,-0.7,81578.84,69287.676
962,601890.SH,20170918,8.51,8.55,8.47,8.52,8.52,0.0,0.0,76250.71,64780.751
963,601890.SH,20170915,8.47,8.57,8.45,8.52,8.47,0.05,0.59,120499.03,102713.164
964,601890.SH,20170914,8.48,8.5,8.41,8.47,8.48,-0.01,-0.12,79473.68,67106.299
965,601890.SH,20170913,8.45,8.52,8.43,8.48,8.46,0.02,0.24,69930.3,59273.94
966,601890.SH,20170912,8.54,8.54,8.42,8.46,8.51,-0.05,-0.59,111144.86,94075.043
967,601890.SH,20170911,8.41,8.55,8.41,8.51,8.45,0.06,0.71,75663.62,64231.238
968,601890.SH,20170908,8.5,8.54,8.42,8.45,8.51,-0.06,-0.71,105587.53,89516.945
969,601890.SH,20170907,8.56,8.59,8.5,8.51,8.59,-0.08,-0.93,119257.4,101743.761
970,601890.SH,20170906,8.54,8.65,8.49,8.59,8.56,0.03,0.35,118319.62,101286.995
971,601890.SH,20170905,8.69,8.71,8.56,8.56,8.67,-0.11,-1.27,130890.57,112570.498
972,601890.SH,20170904,8.67,8.72,8.61,8.67,8.58,0.09,1.05,175969.75,152526.728
973,601890.SH,20170901,8.55,8.59,8.52,8.58,8.56,0.02,0.23,118603.66,101389.555
974,601890.SH,20170831,8.57,8.61,8.48,8.56,8.57,-0.01,-0.12,121645.85,103883.982
975,601890.SH,20170830,8.65,8.66,8.51,8.57,8.63,-0.06,-0.7,173957.41,148917.938
976,601890.SH,20170829,8.7,8.73,8.61,8.63,8.75,-0.12,-1.37,188022.6,162577.431
977,601890.SH,20170828,8.69,8.8,8.61,8.75,8.65,0.1,1.16,187128.34,163172.659
978,601890.SH,20170825,8.55,8.67,8.53,8.65,8.59,0.06,0.7,119397.31,102996.433
979,601890.SH,20170824,8.71,8.75,8.59,8.59,8.76,-0.17,-1.94,161290.56,139521.791
980,601890.SH,20170823,8.71,8.82,8.64,8.76,8.72,0.04,0.46,136643.21,119300.004
981,601890.SH,20170822,8.8,8.85,8.66,8.72,8.8,-0.08,-0.91,159433.89,139387.45
982,601890.SH,20170821,8.9,8.92,8.71,8.8,8.88,-0.08,-0.9,212520.55,186525.801
983,601890.SH,20170818,8.91,9.05,8.84,8.88,9.05,-0.17,-1.88,334457.71,298325.428
984,601890.SH,20170817,8.79,9.3,8.72,9.05,8.79,0.26,2.96,668940.17,607352.164
985,601890.SH,20170816,8.65,8.84,8.59,8.79,8.74,0.05,0.57,310166.28,269933.925
986,601890.SH,20170815,8.53,8.98,8.53,8.74,8.58,0.16,1.86,415101.3,363333.373
987,601890.SH,20170814,8.4,8.59,8.38,8.58,8.47,0.11,1.3,208761.77,177243.916
988,601890.SH,20170811,8.39,8.66,8.34,8.47,8.46,0.01,0.12,364953.68,312259.297
989,601890.SH,20170810,8.43,8.65,8.39,8.46,8.45,0.01,0.12,197642.96,168080.119
990,601890.SH,20170809,8.48,8.48,8.4,8.45,8.53,-0.08,-0.94,144205.24,121618.531
991,601890.SH,20170808,8.45,8.64,8.36,8.53,8.53,0.0,0.0,243250.92,206784.549
992,601890.SH,20170807,8.57,8.6,8.44,8.53,8.68,-0.15,-1.73,263797.65,224361.588
993,601890.SH,20170804,8.26,8.97,8.25,8.68,8.26,0.42,5.08,637500.46,548461.78
994,601890.SH,20170803,8.2,8.27,8.18,8.26,8.21,0.05,0.61,100429.48,82741.338
995,601890.SH,20170802,8.33,8.36,8.2,8.21,8.33,-0.12,-1.44,156582.05,129291.643
996,601890.SH,20170801,8.36,8.42,8.3,8.33,8.35,-0.02,-0.24,137711.66,114922.48
997,601890.SH,20170731,8.42,8.45,8.28,8.35,8.38,-0.03,-0.36,164139.01,136601.365
998,601890.SH,20170728,8.49,8.5,8.37,8.38,8.52,-0.14,-1.64,157772.52,132961.765
999,601890.SH,20170727,8.45,8.54,8.36,8.52,8.49,0.03,0.35,171692.95,145346.177
1000,601890.SH,20170726,8.47,8.54,8.35,8.49,8.46,0.03,0.35,143077.85,120837.396
1001,601890.SH,20170725,8.58,8.59,8.4,8.46,8.55,-0.09,-1.05,148035.52,125308.87
1002,601890.SH,20170724,8.37,8.6,8.28,8.55,8.36,0.19,2.27,211491.25,179087.023
1003,601890.SH,20170721,8.31,8.49,8.26,8.36,8.36,0.0,0.0,138772.59,115977.478
1004,601890.SH,20170720,8.36,8.48,8.31,8.36,8.35,0.01,0.12,148944.59,124845.139
1005,601890.SH,20170719,8.2,8.39,8.17,8.35,8.25,0.1,1.21,141131.58,117262.99
1006,601890.SH,20170718,8.08,8.29,8.07,8.25,8.12,0.13,1.6,123638.04,101213.929
1007,601890.SH,20170717,8.65,8.65,7.99,8.12,8.72,-0.6,-6.88,268138.56,222279.624
1008,601890.SH,20170714,8.64,8.83,8.56,8.72,8.71,0.01,0.11,206187.19,179726.935
1009,601890.SH,20170713,8.53,8.78,8.42,8.71,8.53,0.18,2.11,218164.87,187710.823
1010,601890.SH,20170712,8.6,8.69,8.4,8.53,8.65,-0.12,-1.39,193082.62,164554.19
1011,601890.SH,20170711,8.82,8.85,8.63,8.65,8.9,-0.25,-2.81,263724.31,230898.809
1012,601890.SH,20170710,8.92,9.16,8.89,8.9,8.95,-0.05,-0.56,330685.44,298122.987
1013,601890.SH,20170707,8.93,9.06,8.86,8.95,8.94,0.01,0.11,395422.65,354545.313
1014,601890.SH,20170706,8.83,8.97,8.72,8.94,8.84,0.1,1.13,307446.24,272391.196
1015,601890.SH,20170705,8.85,8.88,8.76,8.84,8.87,-0.03,-0.34,191511.46,168902.976
1016,601890.SH,20170704,8.8,8.88,8.72,8.87,8.81,0.06,0.68,228365.86,200897.051
1017,601890.SH,20170703,8.72,8.82,8.64,8.81,8.69,0.12,1.38,165375.64,144456.536
1018,601890.SH,20170630,8.7,8.73,8.61,8.69,8.71,-0.02,-0.23,106779.66,92489.618
1019,601890.SH,20170629,8.7,8.8,8.68,8.71,8.68,0.03,0.35,140869.78,122891.748
1020,601890.SH,20170628,8.71,8.74,8.58,8.68,8.77,-0.09,-1.03,155417.08,134463.405
1021,601890.SH,20170627,8.79,8.85,8.68,8.77,8.79,-0.02,-0.23,228140.27,200156.196
1022,601890.SH,20170626,8.59,8.85,8.52,8.79,8.55,0.24,2.81,281797.52,246278.156
1023,601890.SH,20170623,8.5,8.65,8.32,8.55,8.55,0.0,0.0,202463.11,171845.246
1024,601890.SH,20170622,8.69,8.75,8.53,8.55,8.76,-0.21,-2.4,256819.66,221659.635
1025,601890.SH,20170621,8.78,9.02,8.67,8.76,8.8,-0.04,-0.45,299857.99,265393.605
1026,601890.SH,20170620,8.93,8.97,8.76,8.8,8.93,-0.13,-1.46,281915.14,248726.791
1027,601890.SH,20170619,8.7,9.05,8.67,8.96,8.75,0.21,2.4,415032.41,369455.257
1028,601890.SH,20170616,8.57,8.93,8.53,8.75,8.6,0.15,1.74,368510.91,320566.774
1029,601890.SH,20170615,8.46,8.65,8.45,8.6,8.52,0.08,0.94,257177.73,220776.283
1030,601890.SH,20170614,8.5,8.63,8.36,8.52,8.44,0.08,0.95,256491.15,218460.033
1031,601890.SH,20170613,8.25,8.48,8.21,8.44,8.27,0.17,2.06,146002.41,122422.066
1032,601890.SH,20170612,8.46,8.5,8.24,8.27,8.55,-0.28,-3.27,192385.57,160880.139
1033,601890.SH,20170609,8.55,8.66,8.42,8.55,8.56,-0.01,-0.12,221098.15,188793.484
1034,601890.SH,20170608,8.63,8.71,8.51,8.56,8.63,-0.07,-0.81,237948.76,204586.403
1035,601890.SH,20170607,8.44,8.74,8.37,8.63,8.44,0.19,2.25,304620.04,261065.281
1036,601890.SH,20170606,8.35,8.54,8.26,8.44,8.37,0.07,0.84,165450.92,139300.173
1037,601890.SH,20170605,8.3,8.5,8.26,8.37,8.31,0.06,0.72,171152.34,143559.106
1038,601890.SH,20170602,8.1,8.35,8.06,8.31,8.14,0.17,2.09,143297.75,118082.183
1039,601890.SH,20170601,8.44,8.44,8.11,8.14,8.48,-0.34,-4.01,168399.23,138958.308
1040,601890.SH,20170531,8.45,8.64,8.41,8.48,8.38,0.1,1.19,208276.56,177347.946
1041,601890.SH,20170526,8.49,8.51,8.37,8.38,8.5,-0.12,-1.41,177423.58,149735.477
1042,601890.SH,20170525,8.43,8.55,8.17,8.5,8.29,0.21,2.53,293005.94,246220.713
1043,601890.SH,20170524,8.01,8.36,7.91,8.29,8.02,0.27,3.37,211345.12,172015.449
1044,601890.SH,20170523,8.38,8.39,8.0,8.02,8.41,-0.39,-4.64,236040.05,192689.175
1045,601890.SH,20170522,8.55,8.74,8.4,8.41,8.64,-0.23,-2.66,209963.65,178770.974
1046,601890.SH,20170519,8.58,8.78,8.53,8.64,8.58,0.06,0.7,204506.77,177228.307
1047,601890.SH,20170518,8.56,8.79,8.5,8.58,8.72,-0.14,-1.61,239643.86,206766.459
1048,601890.SH,20170517,8.5,8.95,8.45,8.72,8.57,0.15,1.75,435141.61,380942.721
1049,601890.SH,20170516,8.24,8.77,8.04,8.57,8.28,0.29,3.5,376842.22,317426.264
1050,601890.SH,20170515,8.46,8.51,8.27,8.28,8.43,-0.15,-1.78,167781.67,140493.415
1051,601890.SH,20170512,8.46,8.59,8.3,8.43,8.57,-0.14,-1.63,267622.4,225796.137
1052,601890.SH,20170511,8.15,8.66,7.91,8.57,8.26,0.31,3.75,400886.16,332781.833
1053,601890.SH,20170510,8.65,8.72,8.21,8.26,8.67,-0.41,-4.73,340457.71,287939.906
1054,601890.SH,20170509,8.47,8.79,8.42,8.67,8.56,0.11,1.29,292541.74,253460.744
1055,601890.SH,20170508,9.05,9.15,8.52,8.56,9.19,-0.63,-6.86,391713.92,344926.127
1056,601890.SH,20170505,9.5,9.73,9.1,9.19,9.56,-0.37,-3.87,433510.1,407923.531
1057,601890.SH,20170504,9.76,9.78,9.51,9.56,9.88,-0.32,-3.24,484657.57,466509.209
1058,601890.SH,20170503,9.95,10.18,9.86,9.88,10.13,-0.25,-2.47,439952.47,439037.424
1059,601890.SH,20170502,10.2,10.24,9.82,10.13,10.23,-0.1,-0.98,502817.13,502407.943
1060,601890.SH,20170428,10.07,10.5,10.0,10.23,10.21,0.02,0.2,481238.16,494022.917
1061,601890.SH,20170427,10.3,10.44,9.91,10.21,10.72,-0.51,-4.76,800510.71,813318.595
1062,601890.SH,20170426,11.1,11.22,10.54,10.72,11.14,-0.42,-3.77,1142090.5,1235953.272
1063,601890.SH,20170425,9.86,11.14,9.55,11.14,10.13,1.01,9.97,1071997.19,1123368.691
1064,601890.SH,20170424,10.74,11.13,10.08,10.13,10.62,-0.49,-4.61,619735.38,660087.9
1065,601890.SH,20170421,10.95,11.25,10.53,10.62,11.16,-0.54,-4.84,712207.64,772908.264
1066,601890.SH,20170420,10.42,11.28,10.25,11.16,10.43,0.73,7.0,829883.45,892740.969
1067,601890.SH,20170419,10.62,10.62,10.06,10.43,10.63,-0.2,-1.88,494626.76,511204.092
1068,601890.SH,20170418,10.28,10.75,10.15,10.63,10.25,0.38,3.71,609836.9,639638.942
1069,601890.SH,20170417,10.94,10.94,10.24,10.25,11.38,-1.13,-9.93,726382.82,759564.864
1070,601890.SH,20170414,11.42,11.85,11.3,11.38,11.35,0.03,0.26,784042.42,905435.343
1071,601890.SH,20170413,11.3,11.49,11.09,11.35,11.54,-0.19,-1.65,687008.79,773849.605
1072,601890.SH,20170412,11.31,12.0,11.13,11.54,11.48,0.06,0.52,1333813.41,1544351.703
1073,601890.SH,20170411,10.6,11.8,10.51,11.48,10.84,0.64,5.9,1592665.14,1768388.624
1074,601890.SH,20170410,10.33,11.12,10.08,10.84,10.11,0.73,7.22,1453737.28,1560381.078
1075,601890.SH,20170407,10.3,10.49,10.08,10.11,10.28,-0.17,-1.65,829965.81,853305.033
1076,601890.SH,20170406,9.93,10.5,9.77,10.28,10.12,0.16,1.58,967585.13,983646.542
1077,601890.SH,20170405,9.75,10.73,9.62,10.12,9.85,0.27,2.74,1281322.36,1295867.923
1078,601890.SH,20170331,9.22,9.85,9.21,9.85,8.95,0.9,10.06,399889.64,389238.221
1079,601890.SH,20170330,9.09,9.19,8.93,8.95,9.12,-0.17,-1.86,240557.07,218148.813
1080,601890.SH,20170329,9.05,9.23,8.99,9.12,9.05,0.07,0.77,267097.73,243727.413
1081,601890.SH,20170328,9.06,9.13,8.98,9.05,9.17,-0.12,-1.31,197627.92,178914.891
1082,601890.SH,20170327,8.79,9.59,8.74,9.17,8.82,0.35,3.97,432582.6,397064.523
1083,601890.SH,20170324,8.73,8.83,8.68,8.82,8.78,0.04,0.46,131612.98,115265.464
1084,601890.SH,20170323,8.68,8.78,8.5,8.78,8.64,0.14,1.62,146517.39,126693.524
1085,601890.SH,20170322,8.68,8.74,8.61,8.64,8.75,-0.11,-1.26,100148.94,86748.992
1086,601890.SH,20170321,8.85,8.86,8.69,8.75,8.84,-0.09,-1.02,136844.88,119770.419
1087,601890.SH,20170320,8.81,8.85,8.75,8.84,8.79,0.05,0.57,77342.67,67996.349
1088,601890.SH,20170317,8.91,8.91,8.75,8.79,8.92,-0.13,-1.46,126907.6,112215.971
1089,601890.SH,20170316,8.84,8.94,8.84,8.92,8.81,0.11,1.25,108543.51,96505.007
1090,601890.SH,20170315,8.95,8.95,8.8,8.81,8.95,-0.14,-1.56,134999.22,119480.257
1091,601890.SH,20170314,9.05,9.08,8.92,8.95,9.02,-0.07,-0.78,128382.0,115571.58
1092,601890.SH,20170313,8.96,9.02,8.92,9.02,8.93,0.09,1.01,112063.63,100754.858
1093,601890.SH,20170310,8.94,9.01,8.9,8.93,8.94,-0.01,-0.11,98257.59,87766.678
1094,601890.SH,20170309,9.11,9.11,8.94,8.94,9.14,-0.2,-2.19,172688.74,155131.131
1095,601890.SH,20170308,9.07,9.23,9.04,9.14,9.09,0.05,0.55,192677.93,176518.832
1096,601890.SH,20170307,9.12,9.14,9.05,9.09,9.15,-0.06,-0.66,145929.53,132370.153
1097,601890.SH,20170306,9.08,9.19,9.03,9.15,9.1,0.05,0.55,162199.97,147831.398
1098,601890.SH,20170303,9.0,9.23,8.97,9.1,9.06,0.04,0.44,211339.78,192985.17
1099,601890.SH,20170302,9.31,9.32,9.05,9.06,9.33,-0.27,-2.89,332546.56,304029.224
1100,601890.SH,20170301,9.46,9.48,9.3,9.33,9.44,-0.11,-1.17,280305.38,262390.359
1101,601890.SH,20170228,9.33,9.52,9.29,9.44,9.32,0.12,1.29,277606.91,260820.851
1102,601890.SH,20170227,9.32,9.41,9.23,9.32,9.36,-0.04,-0.43,244483.8,227495.23
1103,601890.SH,20170224,9.3,9.52,9.25,9.36,9.45,-0.09,-0.95,307066.53,288360.692
1104,601890.SH,20170223,9.36,9.68,9.31,9.45,9.41,0.04,0.43,613983.85,583353.409
1105,601890.SH,20170222,9.53,9.54,9.34,9.41,9.6,-0.19,-1.98,529550.0,498537.181
1106,601890.SH,20170221,9.68,9.68,9.4,9.6,9.76,-0.16,-1.64,785387.9,747745.87
1107,601890.SH,20170220,10.14,10.14,9.63,9.76,9.22,0.54,5.86,1301046.53,1285066.363
1108,601890.SH,20170217,8.39,9.22,8.32,9.22,8.38,0.84,10.02,288402.8,260666.935
1109,601890.SH,20170216,8.31,8.41,8.31,8.38,8.35,0.03,0.36,63612.24,53278.715
1110,601890.SH,20170215,8.48,8.5,8.34,8.35,8.48,-0.13,-1.53,95548.25,80417.317
1111,601890.SH,20170214,8.53,8.58,8.46,8.48,8.54,-0.06,-0.7,66742.41,56798.859
1112,601890.SH,20170213,8.47,8.59,8.46,8.54,8.53,0.01,0.12,66112.55,56426.553
1113,601890.SH,20170210,8.59,8.61,8.51,8.53,8.61,-0.08,-0.93,81412.41,69579.075
1114,601890.SH,20170209,8.6,8.62,8.55,8.61,8.6,0.01,0.12,85841.29,73660.588
1115,601890.SH,20170208,8.51,8.65,8.4,8.6,8.51,0.09,1.06,123257.99,105556.546
1116,601890.SH,20170207,8.53,8.6,8.46,8.51,8.57,-0.06,-0.7,60102.74,51134.464
1117,601890.SH,20170206,8.48,8.6,8.41,8.57,8.51,0.06,0.71,88601.14,75698.331
1118,601890.SH,20170203,8.34,8.66,8.33,8.51,8.34,0.17,2.04,129123.24,110184.595
1119,601890.SH,20170126,8.3,8.35,8.28,8.34,8.28,0.06,0.72,34630.8,28783.74
1120,601890.SH,20170125,8.21,8.33,8.2,8.28,8.31,-0.03,-0.36,45908.52,37975.296
1121,601890.SH,20170124,8.41,8.48,8.31,8.31,8.42,-0.11,-1.31,54894.5,45813.687
1122,601890.SH,20170123,8.25,8.44,8.23,8.42,8.19,0.23,2.81,104707.6,87785.701
1123,601890.SH,20170120,8.12,8.25,8.1,8.19,8.11,0.08,0.99,53978.86,44192.146
1124,601890.SH,20170119,8.18,8.18,8.07,8.11,8.18,-0.07,-0.86,52936.37,42931.134
1125,601890.SH,20170118,8.28,8.28,8.16,8.18,8.28,-0.1,-1.21,68606.79,56243.681
1126,601890.SH,20170117,8.14,8.31,8.04,8.28,8.26,0.02,0.24,92678.36,76098.167
1127,601890.SH,20170116,8.73,8.79,7.87,8.26,8.74,-0.48,-5.49,194266.66,162553.196
1128,601890.SH,20170113,8.85,8.94,8.73,8.74,8.85,-0.11,-1.24,107212.98,94624.672
1129,601890.SH,20170112,9.08,9.1,8.81,8.85,9.06,-0.21,-2.32,138396.99,123752.907
1130,601890.SH,20170111,9.01,9.17,9.01,9.06,9.05,0.01,0.11,135726.46,123255.153
1131,601890.SH,20170110,9.22,9.22,9.04,9.05,9.2,-0.15,-1.63,173395.67,158087.796
1132,601890.SH,20170109,8.92,9.26,8.85,9.2,8.96,0.24,2.68,280411.86,255311.742
1133,601890.SH,20170106,8.97,9.06,8.92,8.96,8.94,0.02,0.22,154285.81,138749.126
1134,601890.SH,20170105,8.89,9.0,8.86,8.94,8.94,0.0,0.0,153637.32,137341.405
1135,601890.SH,20170104,8.89,8.95,8.81,8.94,8.88,0.06,0.68,128013.26,113766.776
1136,601890.SH,20170103,8.79,8.94,8.76,8.88,8.79,0.09,1.02,111397.98,98905.2
1137,601890.SH,20161230,8.79,8.86,8.75,8.79,8.83,-0.04,-0.45,89470.17,78816.646
1138,601890.SH,20161229,8.8,8.93,8.78,8.83,8.87,-0.04,-0.45,94938.85,83960.434
1139,601890.SH,20161228,9.03,9.07,8.83,8.87,9.07,-0.2,-2.21,188608.67,168460.363
1140,601890.SH,20161227,9.18,9.24,9.0,9.07,9.22,-0.15,-1.63,171948.53,156381.815
1141,601890.SH,20161226,9.17,9.23,8.98,9.22,9.23,-0.01,-0.11,163799.81,148828.149
1142,601890.SH,20161223,9.27,9.39,9.18,9.23,9.33,-0.1,-1.07,179529.5,166609.918
1143,601890.SH,20161222,9.36,9.47,9.23,9.33,9.45,-0.12,-1.27,200165.99,186694.095
1144,601890.SH,20161221,9.13,9.49,9.11,9.45,9.16,0.29,3.17,351746.01,328229.873
1145,601890.SH,20161220,9.31,9.35,9.0,9.16,9.35,-0.19,-2.03,260192.74,237906.158
1146,601890.SH,20161219,9.44,9.6,9.25,9.35,9.42,-0.07,-0.74,250906.35,235435.327
1147,601890.SH,20161216,9.38,9.46,9.27,9.42,9.48,-0.06,-0.63,290024.04,271921.674
1148,601890.SH,20161215,9.1,9.68,9.1,9.48,9.18,0.3,3.27,565342.86,532876.942
1149,601890.SH,20161214,9.2,9.48,9.1,9.18,9.26,-0.08,-0.86,499638.96,464021.856
1150,601890.SH,20161213,8.68,9.3,8.65,9.26,8.77,0.49,5.59,443920.38,402527.895
1151,601890.SH,20161212,9.07,9.19,8.73,8.77,9.12,-0.35,-3.84,254946.26,229819.351
1152,601890.SH,20161209,9.12,9.16,8.99,9.12,9.15,-0.03,-0.33,192988.74,174656.636
1153,601890.SH,20161208,9.24,9.29,9.12,9.15,9.28,-0.13,-1.4,223355.41,205260.46
1154,601890.SH,20161207,8.95,9.3,8.91,9.28,8.92,0.36,4.04,425162.88,389943.354
1155,601890.SH,20161206,9.0,9.06,8.9,8.92,9.04,-0.12,-1.33,133392.49,119424.449
1156,601890.SH,20161205,8.72,9.2,8.67,9.04,8.9,0.14,1.57,243150.37,219424.496
1157,601890.SH,20161202,8.96,9.17,8.89,8.9,9.0,-0.1,-1.11,184076.29,166263.056
1158,601890.SH,20161201,8.8,9.04,8.8,9.0,8.82,0.18,2.04,155657.07,139281.093
1159,601890.SH,20161130,8.96,8.97,8.8,8.82,8.95,-0.13,-1.45,81138.02,71719.131
1160,601890.SH,20161129,8.87,9.01,8.83,8.95,8.87,0.08,0.9,145037.81,129684.003
1161,601890.SH,20161128,8.88,8.92,8.84,8.87,8.87,0.0,0.0,60097.24,53298.883
1162,601890.SH,20161125,8.84,8.89,8.68,8.87,8.85,0.02,0.23,73695.58,64832.885
1163,601890.SH,20161124,8.91,8.95,8.82,8.85,8.95,-0.1,-1.12,89924.75,79880.346
1164,601890.SH,20161123,8.99,9.04,8.92,8.95,8.97,-0.02,-0.22,114379.25,102845.661
1165,601890.SH,20161122,8.93,9.02,8.9,8.97,8.95,0.02,0.22,89655.74,80261.906
1166,601890.SH,20161121,8.9,9.09,8.88,8.95,8.89,0.06,0.67,106976.7,96307.708
1167,601890.SH,20161118,9.0,9.0,8.88,8.89,9.07,-0.18,-1.98,109010.08,97301.73
1168,601890.SH,20161117,9.06,9.18,9.0,9.07,9.02,0.05,0.55,201192.67,182615.184
1169,601890.SH,20161116,8.95,9.03,8.9,9.02,8.9,0.12,1.35,142175.58,127500.129
1170,601890.SH,20161115,8.94,8.95,8.85,8.9,8.93,-0.03,-0.34,70310.15,62459.194
1171,601890.SH,20161114,8.84,8.95,8.82,8.93,8.85,0.08,0.9,108460.17,96419.195
1172,601890.SH,20161111,8.83,8.87,8.77,8.85,8.8,0.05,0.57,94906.75,83764.572
1173,601890.SH,20161110,8.72,8.83,8.71,8.8,8.7,0.1,1.15,82758.17,72736.519
1174,601890.SH,20161109,8.78,8.79,8.65,8.7,8.78,-0.08,-0.91,70777.19,61606.661
1175,601890.SH,20161108,8.77,8.8,8.74,8.78,8.74,0.04,0.46,46706.03,40933.77
1176,601890.SH,20161107,8.71,8.75,8.7,8.74,8.71,0.03,0.34,54883.89,47892.143
1177,601890.SH,20161104,8.79,8.8,8.7,8.71,8.8,-0.09,-1.02,68122.04,59576.308
1178,601890.SH,20161103,8.79,8.85,8.72,8.8,8.78,0.02,0.23,64246.29,56440.235
1179,601890.SH,20161102,8.8,8.89,8.77,8.78,8.83,-0.05,-0.57,56363.22,49750.038
1180,601890.SH,20161101,8.77,8.87,8.76,8.83,8.79,0.04,0.46,56252.48,49627.579
1181,601890.SH,20161031,8.85,8.89,8.72,8.79,8.91,-0.12,-1.35,67532.94,59228.862
1182,601890.SH,20161028,8.95,9.09,8.9,8.91,8.88,0.03,0.34,111159.97,100021.71
1183,601890.SH,20161027,8.93,8.93,8.85,8.88,8.93,-0.05,-0.56,53173.38,47213.706
1184,601890.SH,20161026,9.0,9.0,8.9,8.93,9.01,-0.08,-0.89,71548.6,63844.237
1185,601890.SH,20161025,8.99,9.02,8.95,9.01,8.98,0.03,0.33,58115.05,52207.907
1186,601890.SH,20161024,8.9,9.01,8.9,8.98,8.93,0.05,0.56,64235.84,57640.319
1187,601890.SH,20161021,8.98,9.0,8.88,8.93,9.02,-0.09,-1.0,62620.76,55936.482
1188,601890.SH,20161020,9.07,9.08,8.98,9.02,8.99,0.03,0.33,58473.33,52732.636
1189,601890.SH,20161019,9.01,9.07,8.96,8.99,9.01,-0.02,-0.22,65313.04,58848.727
1190,601890.SH,20161018,8.93,9.03,8.85,9.01,8.93,0.08,0.9,75898.52,67967.334
1191,601890.SH,20161017,9.0,9.13,8.86,8.93,8.98,-0.05,-0.56,67229.98,60481.093
1192,601890.SH,20161014,9.03,9.03,8.93,8.98,9.08,-0.1,-1.1,66536.14,59740.362
1193,601890.SH,20161013,9.06,9.17,9.03,9.08,9.06,0.02,0.22,70652.16,64282.058
1194,601890.SH,20161012,9.05,9.13,8.95,9.06,9.13,-0.07,-0.77,77314.03,69803.467
1195,601890.SH,20161011,8.89,9.34,8.88,9.13,8.89,0.24,2.7,165049.41,151242.319
1196,601890.SH,20161010,8.83,8.9,8.78,8.89,8.78,0.11,1.25,61115.99,54077.384
1197,601890.SH,20160930,8.67,8.83,8.65,8.78,8.67,0.11,1.27,53804.13,47230.876
1198,601890.SH,20160929,8.66,8.7,8.64,8.67,8.66,0.01,0.12,43429.38,37654.934
1199,601890.SH,20160928,8.65,8.67,8.59,8.66,8.65,0.01,0.12,38436.33,33194.277
1200,601890.SH,20160927,8.64,8.68,8.56,8.65,8.62,0.03,0.35,44335.48,38255.1
1201,601890.SH,20160926,8.85,8.87,8.56,8.62,8.84,-0.22,-2.49,67172.77,58608.025
1202,601890.SH,20160923,8.95,8.95,8.83,8.84,8.93,-0.09,-1.01,46535.0,41242.18
1203,601890.SH,20160922,8.9,8.97,8.89,8.93,8.89,0.04,0.45,49018.99,43678.682
1204,601890.SH,20160921,8.85,8.94,8.85,8.89,8.87,0.02,0.23,33122.51,29481.702
1205,601890.SH,20160920,8.96,8.98,8.83,8.87,8.95,-0.08,-0.89,51649.3,45839.75
1206,601890.SH,20160919,8.98,8.98,8.91,8.95,8.93,0.02,0.22,52732.04,47172.83
1207,601890.SH,20160914,8.91,8.98,8.82,8.93,8.95,-0.02,-0.22,53486.8,47527.612
1208,601890.SH,20160913,8.99,9.04,8.9,8.95,8.94,0.01,0.11,58713.36,52541.721
1209,601890.SH,20160912,9.08,9.1,8.93,8.94,9.26,-0.32,-3.46,126933.57,114425.515
1210,601890.SH,20160909,9.22,9.35,9.21,9.26,9.22,0.04,0.43,118868.81,110382.679
1211,601890.SH,20160908,9.17,9.25,9.13,9.22,9.17,0.05,0.55,83753.7,77083.378
1212,601890.SH,20160907,9.18,9.22,9.15,9.17,9.18,-0.01,-0.11,91805.61,84371.244
1213,601890.SH,20160906,9.11,9.19,9.02,9.18,9.11,0.07,0.77,65722.34,59878.729
1214,601890.SH,20160905,9.11,9.17,9.1,9.11,9.11,0.0,0.0,38444.34,35081.713
1215,601890.SH,20160902,9.14,9.17,9.07,9.11,9.14,-0.03,-0.33,48712.41,44417.282
1216,601890.SH,20160901,9.19,9.21,9.13,9.14,9.19,-0.05,-0.54,50097.73,45900.975
1217,601890.SH,20160831,9.19,9.23,9.12,9.19,9.22,-0.03,-0.33,57336.92,52549.723
1218,601890.SH,20160830,9.21,9.29,9.16,9.22,9.2,0.02,0.22,82507.66,76078.228
1219,601890.SH,20160829,9.19,9.29,9.18,9.2,9.17,0.03,0.33,60726.73,56090.696
1220,601890.SH,20160826,9.21,9.25,9.14,9.17,9.19,-0.02,-0.22,76197.36,70077.821
1221,601890.SH,20160825,9.34,9.34,9.12,9.19,9.35,-0.16,-1.71,77934.69,71570.263
1222,601890.SH,20160824,9.35,9.42,9.3,9.35,9.32,0.03,0.32,62455.33,58402.981
1223,601890.SH,20160823,9.4,9.44,9.26,9.32,9.4,-0.08,-0.85,78306.64,73038.532
1224,601890.SH,20160822,9.42,9.53,9.38,9.4,9.43,-0.03,-0.32,85795.21,81089.774
1225,601890.SH,20160819,9.38,9.49,9.37,9.43,9.39,0.04,0.43,82603.84,77866.218
1226,601890.SH,20160818,9.45,9.46,9.36,9.39,9.46,-0.07,-0.74,114566.22,107730.187
1227,601890.SH,20160817,9.42,9.63,9.35,9.46,9.4,0.06,0.64,168439.76,160211.974
1228,601890.SH,20160816,9.37,9.43,9.35,9.4,9.39,0.01,0.11,116875.9,109764.738
1229,601890.SH,20160815,9.24,9.44,9.2,9.39,9.23,0.16,1.73,147099.76,137505.03
1230,601890.SH,20160812,9.1,9.3,9.1,9.23,9.14,0.09,0.98,70021.23,64358.929
1231,601890.SH,20160811,9.31,9.33,9.13,9.14,9.34,-0.2,-2.14,89814.71,82564.395
1232,601890.SH,20160810,9.44,9.44,9.33,9.34,9.4,-0.06,-0.64,85047.67,79737.874
1233,601890.SH,20160809,9.36,9.43,9.31,9.4,9.46,-0.06,-0.63,123372.79,115511.579
1234,601890.SH,20160808,9.09,9.5,9.01,9.46,9.12,0.34,3.73,162025.89,149946.743
1235,601890.SH,20160805,9.18,9.19,9.11,9.12,9.18,-0.06,-0.65,66240.18,60537.07
1236,601890.SH,20160804,9.2,9.21,9.1,9.18,9.19,-0.01,-0.11,88618.19,81119.524
1237,601890.SH,20160803,9.17,9.24,9.11,9.19,9.2,-0.01,-0.11,79964.79,73448.885
1238,601890.SH,20160802,9.18,9.29,9.1,9.2,9.16,0.04,0.44,74844.57,68747.552
1239,601890.SH,20160801,9.37,9.37,9.1,9.16,9.38,-0.22,-2.35,87315.97,80157.735
1240,601890.SH,20160729,9.55,9.58,9.32,9.38,9.55,-0.17,-1.78,105595.37,99179.825
1241,601890.SH,20160728,9.51,9.77,9.3,9.55,9.49,0.06,0.63,166617.14,159275.006
1242,601890.SH,20160727,10.03,10.13,9.21,9.49,10.02,-0.53,-5.29,297560.26,289092.9
1243,601890.SH,20160726,9.91,10.04,9.91,10.02,9.95,0.07,0.7,114731.64,114593.731
1244,601890.SH,20160725,10.01,10.07,9.87,9.95,10.06,-0.11,-1.09,130854.38,130193.144
1245,601890.SH,20160722,10.1,10.24,10.01,10.06,10.03,0.03,0.3,243922.88,247069.059
1246,601890.SH,20160721,9.94,10.19,9.9,10.03,9.93,0.1,1.01,197790.26,198231.57
1247,601890.SH,20160720,9.92,10.05,9.87,9.93,9.92,0.01,0.1,143515.39,142861.633
1248,601890.SH,20160719,9.91,10.04,9.75,9.92,9.95,-0.03,-0.3,159652.15,157915.169
1249,601890.SH,20160718,9.93,10.07,9.89,9.95,9.97,-0.02,-0.2,149236.43,149069.083
1250,601890.SH,20160715,10.09,10.16,9.95,9.97,10.17,-0.2,-1.97,226681.49,226999.641
1251,601890.SH,20160714,10.12,10.35,10.02,10.17,10.23,-0.06,-0.59,285412.18,290374.808
1252,601890.SH,20160713,10.5,10.67,10.11,10.23,10.25,-0.02,-0.2,428167.76,442204.847
1253,601890.SH,20160712,10.06,10.26,9.9,10.25,10.12,0.13,1.28,379066.61,381093.785
1254,601890.SH,20160711,10.4,10.79,10.03,10.12,10.17,-0.05,-0.49,612447.92,637758.247
1255,601890.SH,20160708,9.86,10.35,9.86,10.17,9.88,0.29,2.94,548520.0,558126.485
1256,601890.SH,20160707,10.0,10.08,9.8,9.88,10.13,-0.25,-2.47,356191.68,353345.812
1257,601890.SH,20160706,10.0,10.2,9.87,10.13,10.19,-0.06,-0.59,477200.56,479407.097
1258,601890.SH,20160705,9.97,10.88,9.82,10.19,9.98,0.21,2.1,970084.56,995312.325
1259,601890.SH,20160704,9.2,10.1,9.2,9.98,9.18,0.8,8.71,723810.34,701222.161
1260,601890.SH,20160701,9.1,9.39,9.06,9.18,9.09,0.09,0.99,269953.03,249388.853
1261,601890.SH,20160630,9.12,9.24,9.0,9.09,9.18,-0.09,-0.98,226284.69,205404.425
1262,601890.SH,20160629,9.11,9.6,9.03,9.18,9.08,0.1,1.1,441954.78,411490.415
1263,601890.SH,20160628,8.66,9.3,8.66,9.08,8.74,0.34,3.89,413915.46,372987.118
1264,601890.SH,20160627,8.53,8.78,8.47,8.74,8.6,0.14,1.63,159813.42,139015.925
1265,601890.SH,20160624,8.81,8.93,8.33,8.66,8.9,-0.24,-2.7,228854.88,198769.906
1266,601890.SH,20160623,8.59,9.2,8.51,8.9,8.59,0.31,3.61,294523.56,260333.947
1267,601890.SH,20160622,8.51,8.62,8.49,8.59,8.54,0.05,0.59,84999.1,72690.25
1268,601890.SH,20160621,8.64,8.68,8.51,8.54,8.59,-0.05,-0.58,113860.72,97941.675
1269,601890.SH,20160620,8.66,8.68,8.5,8.59,8.68,-0.09,-1.04,104483.05,89426.986
1270,601890.SH,20160617,8.59,8.75,8.59,8.68,8.59,0.09,1.05,150576.54,130485.307
1271,601890.SH,20160616,8.7,8.71,8.55,8.59,8.74,-0.15,-1.72,175225.82,150788.152
1272,601890.SH,20160615,8.46,8.8,8.4,8.74,8.61,0.13,1.51,228536.82,198373.832
1273,601890.SH,20160614,8.73,8.87,8.49,8.61,8.81,-0.2,-2.27,222290.86,191291.438
1274,601890.SH,20160613,8.6,9.41,8.53,8.81,8.73,0.08,0.92,348132.4,314629.835
1275,601890.SH,20160608,8.76,8.77,8.61,8.73,8.74,-0.01,-0.11,94858.16,82386.995
1276,601890.SH,20160607,8.78,8.8,8.7,8.74,8.78,-0.04,-0.46,65565.7,57250.066
1277,601890.SH,20160606,8.83,8.85,8.73,8.78,8.82,-0.04,-0.45,85129.94,74588.106
1278,601890.SH,20160603,8.88,8.9,8.76,8.82,8.84,-0.02,-0.23,97482.71,85942.108
1279,601890.SH,20160602,8.76,8.85,8.73,8.84,8.8,0.04,0.45,92786.92,81673.877
1280,601890.SH,20160601,8.8,8.97,8.73,8.8,8.79,0.01,0.11,135754.89,120124.268
1281,601890.SH,20160531,8.46,8.8,8.46,8.79,8.45,0.34,4.02,136824.83,118590.087
1282,601890.SH,20160530,8.5,8.57,8.32,8.45,8.53,-0.08,-0.94,66717.0,56485.451
1283,601890.SH,20160527,8.51,8.6,8.44,8.53,8.51,0.02,0.24,70305.03,60023.883
1284,601890.SH,20160526,8.55,8.64,8.35,8.51,8.54,-0.03,-0.35,65719.32,55511.382
1285,601890.SH,20160525,8.62,8.73,8.51,8.54,8.61,-0.07,-0.81,61777.58,53149.138
1286,601890.SH,20160524,8.8,8.8,8.54,8.61,8.83,-0.22,-2.49,77465.74,66836.594
1287,601890.SH,20160523,8.66,8.9,8.66,8.83,8.82,0.01,0.11,98112.47,86487.63
1288,601890.SH,20160520,8.42,8.98,8.36,8.82,8.51,0.31,3.64,148096.77,129520.487
1289,601890.SH,20160519,8.5,8.61,8.44,8.51,8.48,0.03,0.35,64728.41,55283.723
1290,601890.SH,20160518,8.79,8.79,8.36,8.48,8.84,-0.36,-4.07,89931.88,77050.857
1291,601890.SH,20160517,8.95,8.95,8.78,8.84,8.89,-0.05,-0.56,57817.58,51152.462
1292,601890.SH,20160516,8.83,8.9,8.71,8.89,8.82,0.07,0.79,62402.48,55033.219
1293,601890.SH,20160513,8.8,8.94,8.72,8.82,8.8,0.02,0.23,68520.02,60589.703
1294,601890.SH,20160512,8.83,8.86,8.57,8.8,8.94,-0.14,-1.57,82025.27,71504.396
1295,601890.SH,20160511,9.06,9.12,8.91,8.94,9.03,-0.09,-1.0,62694.96,56388.289
1296,601890.SH,20160510,8.92,9.1,8.91,9.03,8.94,0.09,1.01,70796.67,63835.911
1297,601890.SH,20160509,9.29,9.35,8.91,8.94,9.29,-0.35,-3.77,104668.62,94431.473
1298,601890.SH,20160506,9.61,9.66,9.28,9.29,9.63,-0.34,-3.53,134167.28,126374.036
1299,601890.SH,20160505,9.6,9.69,9.56,9.63,9.61,0.02,0.21,80713.89,77641.065
1300,601890.SH,20160504,9.59,9.7,9.52,9.61,9.61,0.0,0.0,100714.15,96711.196
1301,601890.SH,20160503,9.39,9.62,9.35,9.61,9.39,0.22,2.34,99883.93,95224.535
1302,601890.SH,20160429,9.32,9.48,9.32,9.39,9.4,-0.01,-0.11,58701.86,55260.444
1303,601890.SH,20160428,9.57,9.57,9.24,9.4,9.52,-0.12,-1.26,88192.59,82826.462
1304,601890.SH,20160427,9.62,9.68,9.51,9.52,9.68,-0.16,-1.65,99421.41,95246.972
1305,601890.SH,20160426,9.6,9.88,9.56,9.68,9.51,0.17,1.79,132072.43,128293.952
1306,601890.SH,20160425,9.55,9.56,9.36,9.51,9.54,-0.03,-0.31,70989.13,67234.695
1307,601890.SH,20160422,9.4,9.64,9.36,9.54,9.44,0.1,1.06,82617.67,78496.433
1308,601890.SH,20160421,9.63,9.67,9.42,9.44,9.63,-0.19,-1.97,123757.66,118334.984
1309,601890.SH,20160420,10.2,10.24,9.21,9.63,10.17,-0.54,-5.31,225657.15,220741.494
1310,601890.SH,20160419,10.17,10.22,10.1,10.17,10.14,0.03,0.3,96957.75,98515.483
1311,601890.SH,20160418,10.24,10.24,10.08,10.14,10.36,-0.22,-2.12,132157.8,134001.988
1312,601890.SH,20160415,10.32,10.5,10.27,10.36,10.29,0.07,0.68,249985.26,259656.187
1313,601890.SH,20160414,10.35,10.4,10.16,10.29,10.25,0.04,0.39,160577.11,164809.075
1314,601890.SH,20160413,10.18,10.36,10.17,10.25,10.13,0.12,1.18,247066.46,254239.733
1315,601890.SH,20160412,10.26,10.27,9.99,10.13,10.25,-0.12,-1.17,126452.4,127780.393
1316,601890.SH,20160411,10.16,10.34,10.11,10.25,10.07,0.18,1.79,138766.4,142147.998
1317,601890.SH,20160408,10.08,10.18,9.96,10.07,10.21,-0.14,-1.37,167438.22,168566.234
1318,601890.SH,20160407,10.45,10.48,10.2,10.21,10.4,-0.19,-1.83,191654.07,197610.412
1319,601890.SH,20160406,10.34,10.46,10.21,10.4,10.35,0.05,0.48,245287.61,253994.629
1320,601890.SH,20160405,10.16,10.35,10.12,10.35,10.15,0.2,1.97,209716.19,215618.188
1321,601890.SH,20160401,10.13,10.21,9.98,10.15,10.22,-0.07,-0.68,143259.26,144526.898
1322,601890.SH,20160331,10.3,10.42,10.16,10.22,10.24,-0.02,-0.2,216274.96,222276.219
1323,601890.SH,20160330,10.08,10.26,10.0,10.24,9.96,0.28,2.81,172980.27,175430.051
1324,601890.SH,20160329,10.25,10.25,9.89,9.96,10.22,-0.26,-2.54,161919.62,162392.886
1325,601890.SH,20160328,10.51,10.58,10.13,10.22,10.23,-0.01,-0.1,180576.89,186676.616
1326,601890.SH,20160325,10.11,10.32,10.11,10.23,10.19,0.04,0.39,171296.53,174706.566
1327,601890.SH,20160324,10.33,10.7,10.15,10.19,10.45,-0.26,-2.49,336246.27,350079.368
1328,601890.SH,20160323,10.4,10.55,10.25,10.45,10.66,-0.21,-1.97,357012.82,371066.884
1329,601890.SH,20160322,10.05,10.98,10.05,10.66,10.29,0.37,3.6,641094.82,677304.337
1330,601890.SH,20160321,10.16,10.34,10.0,10.29,10.05,0.24,2.39,346897.45,352782.561
1331,601890.SH,20160318,9.7,10.1,9.68,10.05,9.7,0.35,3.61,315627.47,314215.821
1332,601890.SH,20160317,9.58,9.8,9.57,9.7,9.48,0.22,2.32,168916.06,163924.169
1333,601890.SH,20160316,9.69,9.74,9.45,9.48,9.7,-0.22,-2.27,110184.42,105509.129
1334,601890.SH,20160315,9.8,9.82,9.51,9.7,9.78,-0.08,-0.82,138930.25,134376.436
1335,601890.SH,20160314,9.54,9.9,9.54,9.78,9.48,0.3,3.16,159788.08,156212.441
1336,601890.SH,20160311,9.5,9.67,9.38,9.48,9.57,-0.09,-0.94,103188.15,97914.828
1337,601890.SH,20160310,9.8,9.98,9.55,9.57,9.8,-0.23,-2.35,127462.38,123723.668
1338,601890.SH,20160309,9.75,10.2,9.62,9.8,10.06,-0.26,-2.58,183664.17,182173.986
1339,601890.SH,20160308,10.12,10.12,9.57,10.06,10.22,-0.16,-1.57,240798.94,237347.782
1340,601890.SH,20160307,10.22,10.45,10.03,10.22,10.07,0.15,1.49,292203.08,298357.75
1341,601890.SH,20160304,10.01,10.65,9.82,10.07,10.13,-0.06,-0.59,402751.71,412847.71
1342,601890.SH,20160303,9.9,10.55,9.81,10.13,9.83,0.3,3.05,391549.98,398113.824
1343,601890.SH,20160302,9.38,9.85,9.3,9.83,9.39,0.44,4.69,235876.95,227149.543
1344,601890.SH,20160301,9.19,9.49,9.07,9.39,9.07,0.32,3.53,166894.9,154872.383
1345,601890.SH,20160229,9.6,9.63,8.83,9.07,9.67,-0.6,-6.2,176029.17,159885.564
1346,601890.SH,20160226,9.87,9.97,9.35,9.67,9.69,-0.02,-0.21,181049.83,175582.718
1347,601890.SH,20160225,10.53,10.63,9.68,9.69,10.76,-1.07,-9.94,369224.1,374910.939
1348,601890.SH,20160224,10.25,11.08,10.2,10.76,10.36,0.4,3.86,408326.3,436809.74
1349,601890.SH,20160223,10.57,10.58,10.13,10.36,10.57,-0.21,-1.99,210922.81,217865.848
1350,601890.SH,20160222,10.68,10.69,10.45,10.57,10.41,0.16,1.54,228565.09,241162.462
1351,601890.SH,20160219,10.34,10.75,10.3,10.41,10.24,0.17,1.66,283126.77,297430.575
1352,601890.SH,20160218,10.53,10.6,10.14,10.24,10.5,-0.26,-2.48,332787.77,342430.335
1353,601890.SH,20160217,10.43,10.89,10.27,10.5,10.27,0.23,2.24,444121.26,471659.779
1354,601890.SH,20160216,9.41,10.27,9.4,10.27,9.34,0.93,9.96,272499.81,269073.923
1355,601890.SH,20160215,9.1,9.48,9.02,9.34,9.54,-0.2,-2.1,130020.61,120437.927
1356,601890.SH,20160205,9.59,9.78,9.44,9.54,9.5,0.04,0.42,187282.49,180130.386
1357,601890.SH,20160204,9.41,9.66,9.39,9.5,9.35,0.15,1.6,196204.25,186790.394
1358,601890.SH,20160203,9.3,9.44,9.09,9.35,9.44,-0.09,-0.95,153422.46,141660.178
1359,601890.SH,20160202,9.28,9.6,9.21,9.44,9.21,0.23,2.5,198307.98,187050.786
1360,601890.SH,20160201,9.41,9.55,8.8,9.21,9.35,-0.14,-1.5,197150.94,181497.393
1361,601890.SH,20160129,9.11,9.49,8.85,9.35,9.17,0.18,1.96,228093.39,211722.347
1362,601890.SH,20160128,9.8,10.07,9.17,9.17,10.19,-1.02,-10.01,260223.91,249567.38
1363,601890.SH,20160127,10.36,10.52,9.6,10.19,10.59,-0.4,-3.78,372644.66,372100.207
1364,601890.SH,20160126,10.23,11.11,10.18,10.59,10.18,0.41,4.03,589868.74,624432.409
1365,601890.SH,20160125,10.18,10.46,10.07,10.18,10.12,0.06,0.59,135126.94,138016.06
1366,601890.SH,20160122,10.06,10.28,9.81,10.12,10.06,0.06,0.6,185091.53,186560.2
1367,601890.SH,20160121,10.1,10.67,10.0,10.06,10.27,-0.21,-2.04,244017.26,252390.058
1368,601890.SH,20160120,10.52,10.64,10.23,10.27,10.61,-0.34,-3.2,216815.91,225865.883
1369,601890.SH,20160119,10.23,10.84,10.03,10.61,10.29,0.32,3.11,289508.57,302308.673
1370,601890.SH,20160118,9.91,10.46,9.85,10.29,10.29,0.0,0.0,223212.66,228244.113
1371,601890.SH,20160115,10.32,10.95,10.06,10.29,10.32,-0.03,-0.29,309377.5,325756.639
1372,601890.SH,20160114,9.51,10.47,9.51,10.32,10.0,0.32,3.2,225809.37,226860.259
1373,601890.SH,20160113,10.83,10.83,9.9,10.0,10.82,-0.82,-7.58,209552.46,218314.381
1374,601890.SH,20160112,10.55,11.28,9.85,10.82,10.67,0.15,1.41,324355.44,338232.148
1375,601890.SH,20160111,11.22,11.49,10.67,10.67,11.86,-1.19,-10.03,363969.75,399810.901
1376,601890.SH,20160108,12.52,12.97,10.91,11.86,12.09,-0.23,-1.9,492812.84,591323.342
1377,601890.SH,20160107,13.05,13.05,12.09,12.09,13.43,-1.34,-9.98,198683.09,246433.655
1378,601890.SH,20160106,12.95,13.8,12.82,13.43,12.82,0.61,4.76,886412.39,1183367.619
1379,601890.SH,20160105,11.0,12.82,10.8,12.82,11.65,1.17,10.04,756149.03,936287.439
1380,601890.SH,20160104,12.8,13.48,11.4,11.65,12.27,-0.62,-5.05,473004.57,614283.904
1381,601890.SH,20151231,12.55,12.55,12.2,12.27,12.46,-0.19,-1.52,130796.92,161477.823
1382,601890.SH,20151230,12.19,12.64,12.0,12.46,12.19,0.27,2.21,279967.81,345202.835
1383,601890.SH,20151229,12.25,12.36,12.01,12.19,12.29,-0.1,-0.81,158154.34,191710.869
1384,601890.SH,20151228,12.75,12.75,12.28,12.29,12.72,-0.43,-3.38,191878.69,240433.176
1385,601890.SH,20151225,12.78,12.86,12.56,12.72,12.69,0.03,0.24,170083.18,215830.356
1386,601890.SH,20151224,12.52,12.79,12.51,12.69,12.65,0.04,0.32,132400.89,167145.258
1387,601890.SH,20151223,12.83,12.9,12.59,12.65,12.87,-0.22,-1.71,179509.1,228061.48
1388,601890.SH,20151222,12.93,12.98,12.67,12.87,12.92,-0.05,-0.39,194221.31,248578.093
1389,601890.SH,20151221,12.84,13.08,12.77,12.92,12.83,0.09,0.7,191100.91,247428.946
1390,601890.SH,20151218,13.0,13.06,12.78,12.83,13.0,-0.17,-1.31,177356.8,228630.841
1391,601890.SH,20151217,12.75,13.09,12.75,13.0,12.67,0.33,2.6,269877.12,348662.569
1392,601890.SH,20151216,12.8,12.88,12.61,12.67,12.8,-0.13,-1.02,165529.65,210705.686
1393,601890.SH,20151215,12.63,12.98,12.58,12.8,12.78,0.02,0.16,163115.41,208889.186
1394,601890.SH,20151214,12.49,12.86,12.28,12.78,12.59,0.19,1.51,185042.49,232462.383
1395,601890.SH,20151211,12.61,12.95,12.53,12.59,12.61,-0.02,-0.16,161177.73,205320.449
1396,601890.SH,20151210,12.98,13.0,12.55,12.61,13.0,-0.39,-3.0,200185.02,255514.745
1397,601890.SH,20151209,12.75,13.18,12.65,13.0,12.86,0.14,1.09,234261.96,303947.186
1398,601890.SH,20151208,13.33,13.33,12.84,12.86,13.33,-0.47,-3.53,230826.3,300312.661
1399,601890.SH,20151207,13.47,13.5,13.04,13.33,13.48,-0.15,-1.11,204494.74,271429.317
1400,601890.SH,20151204,13.59,13.86,13.38,13.48,13.6,-0.12,-0.88,360413.66,490404.601
1401,601890.SH,20151203,13.05,13.7,12.94,13.6,13.01,0.59,4.54,347774.5,463079.68
1402,601890.SH,20151202,13.07,13.18,12.35,13.01,13.06,-0.05,-0.38,211213.34,271534.643
1403,601890.SH,20151201,13.18,13.27,12.8,13.06,13.15,-0.09,-0.68,264184.62,343678.408
1404,601890.SH,20151130,13.26,13.65,12.25,13.15,13.57,-0.42,-3.1,483026.32,629815.862
1405,601890.SH,20151127,14.95,15.2,13.31,13.57,14.71,-1.14,-7.75,771624.82,1119541.372
1406,601890.SH,20151126,14.5,15.27,14.07,14.71,14.28,0.43,3.01,928770.62,1356833.641
1407,601890.SH,20151125,14.0,14.42,14.0,14.28,13.73,0.55,4.01,593737.71,843738.063
1408,601890.SH,20151124,13.54,13.9,13.49,13.73,13.61,0.12,0.88,197695.26,270654.346
1409,601890.SH,20151123,13.96,13.96,13.51,13.61,13.96,-0.35,-2.51,349662.73,480451.602
1410,601890.SH,20151120,14.15,14.24,13.88,13.96,14.07,-0.11,-0.78,367149.98,515201.956
1411,601890.SH,20151119,13.85,14.27,13.65,14.07,13.81,0.26,1.88,316133.59,439054.38
1412,601890.SH,20151118,14.4,14.49,13.68,13.81,14.36,-0.55,-3.83,391227.01,547864.622
1413,601890.SH,20151117,14.05,14.8,14.01,14.36,13.99,0.37,2.64,658074.65,947037.007
1414,601890.SH,20151116,13.6,14.2,13.49,13.99,13.88,0.11,0.79,304481.33,423721.518
1415,601890.SH,20151113,14.45,14.54,13.67,13.88,14.65,-0.77,-5.26,551387.41,775944.504
1416,601890.SH,20151112,14.46,14.93,14.3,14.65,14.54,0.11,0.76,717490.34,1051196.781
1417,601890.SH,20151111,14.35,14.7,14.2,14.54,14.34,0.2,1.39,513326.39,743091.212
1418,601890.SH,20151110,14.26,14.69,14.08,14.34,14.44,-0.1,-0.69,551223.98,794132.721
1419,601890.SH,20151109,14.1,14.75,13.81,14.44,14.36,0.08,0.56,711427.97,1016340.474
1420,601890.SH,20151106,13.98,14.75,13.92,14.36,14.21,0.15,1.06,701639.05,1005760.415
1421,601890.SH,20151105,14.2,14.98,13.9,14.21,14.09,0.12,0.85,790233.56,1131893.025
1422,601890.SH,20151104,13.43,14.11,13.37,14.09,13.32,0.77,5.78,523292.09,720242.974
1423,601890.SH,20151103,13.6,13.87,13.15,13.32,13.53,-0.21,-1.55,340964.22,457890.528
1424,601890.SH,20151102,13.58,14.36,13.41,13.53,13.99,-0.46,-3.29,393319.78,544649.761
1425,601890.SH,20151030,14.22,14.42,13.9,13.99,14.54,-0.55,-3.78,506593.68,714412.964
1426,601890.SH,20151029,14.3,15.18,13.81,14.54,14.46,0.08,0.55,841987.73,1209994.948
1427,601890.SH,20151028,15.63,16.09,14.3,14.46,15.35,-0.89,-5.8,1331183.39,2039509.863
1428,601890.SH,20151027,13.66,15.35,13.62,15.35,13.95,1.4,10.04,1210813.38,1761129.797
1429,601890.SH,20151026,13.53,14.31,13.2,13.95,13.36,0.59,4.42,780463.52,1075914.762
1430,601890.SH,20151023,13.35,13.67,13.04,13.36,13.48,-0.12,-0.89,633469.59,848380.274
1431,601890.SH,20151022,12.26,13.65,12.16,13.48,12.71,0.77,6.06,783650.83,1016488.434
1432,601890.SH,20151021,14.0,14.0,12.71,12.71,14.12,-1.41,-9.99,710775.85,950022.074
1433,601890.SH,20151020,13.98,14.3,13.66,14.12,13.96,0.16,1.15,724565.3,1015274.534
1434,601890.SH,20151019,14.11,14.56,13.51,13.96,13.83,0.13,0.94,866434.3,1215220.796
1435,601890.SH,20151016,13.46,14.14,13.01,13.83,13.36,0.47,3.52,974646.21,1326240.834
1436,601890.SH,20151015,12.8,13.6,12.58,13.36,12.95,0.41,3.17,652680.54,861065.834
1437,601890.SH,20151014,13.4,13.8,12.9,12.95,13.62,-0.67,-4.92,742583.45,987405.091
1438,601890.SH,20151013,13.4,13.98,13.18,13.62,13.37,0.25,1.87,1051751.27,1434660.068
1439,601890.SH,20151012,11.94,13.37,11.86,13.37,12.15,1.22,10.04,963899.27,1217317.344
1440,601890.SH,20151009,11.9,12.88,11.6,12.15,12.07,0.08,0.66,798530.26,983163.917
1441,601890.SH,20151008,12.18,12.42,11.8,12.07,11.75,0.32,2.72,715556.6,868605.094
1442,601890.SH,20150930,11.41,12.39,11.41,11.75,11.37,0.38,3.34,891551.72,1058605.838
1443,601890.SH,20150929,11.88,12.08,11.13,11.37,12.35,-0.98,-7.94,771809.62,897325.985
1444,601890.SH,20150928,11.99,12.59,11.77,12.35,12.28,0.07,0.57,883951.17,1079267.605
1445,601890.SH,20150925,13.58,13.85,12.1,12.28,12.77,-0.49,-3.84,1549734.98,2021329.01
1446,601890.SH,20150924,12.31,12.77,12.18,12.77,11.61,1.16,9.99,596852.66,757094.559
1447,601890.SH,20150923,10.5,11.61,10.0,11.61,10.55,1.06,10.05,1133416.31,1283450.664
1448,601890.SH,20150922,9.88,10.55,9.66,10.55,9.59,0.96,10.01,809772.04,817588.009
1449,601890.SH,20150921,8.72,9.59,8.6,9.59,8.72,0.87,9.98,539316.61,500408.131
1450,601890.SH,20150918,8.71,8.98,8.45,8.72,8.69,0.03,0.35,284803.29,246763.584
1451,601890.SH,20150917,9.05,9.5,8.67,8.69,9.22,-0.53,-5.75,463492.28,425123.107
1452,601890.SH,20150916,8.4,9.26,8.21,9.22,8.42,0.8,9.5,398402.14,349309.021
1453,601890.SH,20150915,9.0,9.09,8.42,8.42,9.35,-0.93,-9.95,296174.64,256995.452
1454,601890.SH,20150914,10.6,10.72,9.35,9.35,10.39,-1.04,-10.01,353810.03,350645.347
1455,601890.SH,20150911,10.5,10.8,10.2,10.39,10.65,-0.26,-2.44,344307.77,359129.789
1456,601890.SH,20150910,10.45,11.15,10.19,10.65,10.69,-0.04,-0.37,543333.5,585669.378
1457,601890.SH,20150909,10.38,10.9,10.11,10.69,10.26,0.43,4.19,538673.45,568375.891
1458,601890.SH,20150908,10.1,10.6,9.09,10.26,10.06,0.2,1.99,438106.61,428431.256
1459,601890.SH,20150907,10.6,11.23,9.9,10.06,10.48,-0.42,-4.01,409418.32,434144.166
1460,601890.SH,20150902,10.48,12.0,10.48,10.48,11.64,-1.16,-9.97,455005.84,491690.297
1461,601890.SH,20150901,12.56,12.58,11.64,11.64,12.93,-1.29,-9.98,368634.62,437766.631
1462,601890.SH,20150831,13.3,13.5,12.6,12.93,12.74,0.19,1.49,825813.13,1081643.504
1463,601890.SH,20150828,11.84,12.74,11.59,12.74,11.58,1.16,10.02,553824.46,678777.353
1464,601890.SH,20150827,10.92,11.69,10.32,11.58,10.9,0.68,6.24,662713.93,747246.092
1465,601890.SH,20150826,11.9,12.61,10.9,10.9,12.11,-1.21,-9.99,656531.74,755213.625
1466,601890.SH,20150825,12.11,12.11,12.11,12.11,13.46,-1.35,-10.03,76335.0,92441.685
1467,601890.SH,20150824,14.4,14.78,13.46,13.46,14.96,-1.5,-10.03,296495.63,406024.517
1468,601890.SH,20150821,14.55,15.98,14.54,14.96,15.02,-0.06,-0.4,531485.33,811318.703
1469,601890.SH,20150820,16.28,16.28,14.86,15.02,16.31,-1.29,-7.91,459334.44,717025.444
1470,601890.SH,20150819,15.05,16.5,14.69,16.31,15.79,0.52,3.29,714546.79,1123793.632
1471,601890.SH,20150818,17.3,17.45,15.79,15.79,17.54,-1.75,-9.98,879589.11,1462249.334
1472,601890.SH,20150817,16.97,18.5,16.51,17.54,17.0,0.54,3.18,1083615.18,1915301.055
1473,601890.SH,20150814,17.5,17.63,16.88,17.0,17.43,-0.43,-2.47,737333.71,1260572.093
1474,601890.SH,20150813,17.23,17.51,16.5,17.43,17.6,-0.17,-0.97,989823.42,1688475.394
1475,601890.SH,20150812,17.28,18.43,16.9,17.6,17.49,0.11,0.63,1219521.49,2186015.962
1476,601890.SH,20150811,17.73,18.2,16.8,17.49,17.72,-0.23,-1.3,1483861.02,2581661.022
1477,601890.SH,20150810,16.83,17.9,16.57,17.72,16.32,1.4,8.58,1331628.25,2303265.617
1478,601890.SH,20150807,16.3,16.8,16.0,16.32,15.99,0.33,2.06,886246.64,1442770.191
1479,601890.SH,20150806,16.05,17.02,15.84,15.99,16.92,-0.93,-5.5,915070.51,1491767.309
1480,601890.SH,20150805,17.13,17.58,16.04,16.92,16.35,0.57,3.49,1590868.74,2684647.621
1481,601890.SH,20150804,13.5,16.35,13.5,16.35,14.86,1.49,10.03,1194877.93,1850432.416
1482,601890.SH,20150803,15.11,15.76,14.86,14.86,16.51,-1.65,-9.99,537549.61,806444.863
1483,601890.SH,20150731,18.1,18.67,16.43,16.51,18.26,-1.75,-9.58,1637899.2,2874386.253
1484,601890.SH,20150730,17.36,18.29,16.7,18.26,16.63,1.63,9.8,1770641.77,3167881.833
1485,601890.SH,20150729,15.6,16.63,15.0,16.63,15.12,1.51,9.99,1188807.3,1880111.904
1486,601890.SH,20150728,14.8,17.1,14.44,15.12,16.04,-0.92,-5.74,1382935.85,2124218.1
1487,601890.SH,20150727,15.69,17.39,14.74,16.04,15.84,0.2,1.26,1559116.21,2579119.254
1488,601890.SH,20150724,15.2,15.84,14.5,15.84,14.4,1.44,10.0,1358382.69,2106873.998
1489,601890.SH,20150723,13.49,14.4,13.48,14.4,13.09,1.31,10.01,757107.31,1061385.011
1490,601890.SH,20150722,11.92,13.09,11.92,13.09,11.9,1.19,10.0,715017.09,905483.779
1491,601890.SH,20150721,11.4,11.96,10.88,11.9,11.09,0.81,7.3,734418.49,858181.939
1492,601890.SH,20150720,10.7,11.09,10.32,11.09,10.08,1.01,10.02,780026.57,852644.65
1493,601890.SH,20150717,9.16,10.08,9.16,10.08,9.16,0.92,10.04,608533.13,599661.138
1494,601890.SH,20150716,8.2,9.36,7.97,9.16,8.81,0.35,3.97,529076.71,473064.364
1495,601890.SH,20150715,9.64,9.64,8.65,8.81,8.76,0.05,0.57,832818.77,768319.379
1496,601890.SH,20150714,8.76,8.76,8.76,8.76,7.96,0.8,10.05,8260.73,7236.399
1497,601890.SH,20150713,7.96,7.96,7.96,7.96,7.24,0.72,9.94,13951.12,11105.092
1498,601890.SH,20150707,7.49,7.49,7.24,7.24,8.04,-0.8,-9.95,113725.89,82705.552
1499,601890.SH,20150706,9.8,9.8,8.04,8.04,8.93,-0.89,-9.97,364670.42,316332.918
1500,601890.SH,20150703,9.04,9.84,8.93,8.93,9.92,-0.99,-9.98,262721.92,238649.223
1501,601890.SH,20150702,11.02,11.2,9.92,9.92,11.02,-1.1,-9.98,307960.94,314163.565
1502,601890.SH,20150701,12.23,12.5,11.02,11.02,12.24,-1.22,-9.97,342061.17,406321.039
1503,601890.SH,20150630,11.29,12.3,10.54,12.24,11.71,0.53,4.53,422759.18,483006.27
1504,601890.SH,20150629,13.32,13.6,11.71,11.71,13.01,-1.3,-9.99,347037.82,425746.793
1505,601890.SH,20150626,13.84,14.12,13.01,13.01,14.46,-1.45,-10.03,290435.86,388070.939
1506,601890.SH,20150625,15.05,15.74,13.89,14.46,15.03,-0.57,-3.79,429772.11,646525.388
1507,601890.SH,20150624,14.7,15.4,14.59,15.03,14.59,0.44,3.02,499151.31,749656.93
1508,601890.SH,20150623,14.02,14.8,12.62,14.59,14.02,0.57,4.07,404668.23,543088.802
1509,601890.SH,20150619,15.3,15.38,14.02,14.02,15.58,-1.56,-10.01,322673.02,468566.695
1510,601890.SH,20150618,15.95,16.39,15.48,15.58,15.93,-0.35,-2.2,319042.89,509312.632
1511,601890.SH,20150617,16.09,16.35,14.71,15.93,16.13,-0.2,-1.24,426118.92,665629.797
1512,601890.SH,20150616,16.89,16.95,15.85,16.13,17.15,-1.02,-5.95,428403.06,708430.552
1513,601890.SH,20150615,16.5,17.88,16.3,17.15,17.11,0.04,0.23,770623.85,1319204.416
1514,601890.SH,20150612,15.88,17.38,15.61,17.11,15.85,1.26,7.95,887423.75,1480466.13
1515,601890.SH,20150611,16.1,16.29,15.61,15.85,16.36,-0.51,-3.12,449688.14,713391.915
1516,601890.SH,20150610,15.9,16.96,15.5,16.36,16.96,-0.6,-3.54,682105.85,1108786.649
1517,601890.SH,20150609,15.47,16.96,15.47,16.96,15.42,1.54,9.99,330663.25,557093.126
1518,601890.SH,20150608,32.5,32.5,30.0,31.66,32.88,-1.22,-3.71,251906.99,792827.171
1519,601890.SH,20150605,34.5,35.0,32.02,32.88,33.53,-0.65,-1.94,349021.29,1156407.611
1520,601890.SH,20150604,31.57,33.65,28.5,33.53,31.28,2.25,7.19,376752.97,1222549.561
1521,601890.SH,20150603,30.9,31.28,28.68,31.28,28.44,2.84,9.99,407244.04,1238078.501
1522,601890.SH,20150602,28.5,28.74,27.41,28.44,28.68,-0.24,-0.84,283975.95,799758.042
1523,601890.SH,20150601,28.06,29.53,27.0,28.68,27.99,0.69,2.47,369396.75,1044227.2
1524,601890.SH,20150529,25.0,28.2,24.7,27.99,25.75,2.24,8.7,412501.96,1099765.732
1525,601890.SH,20150528,29.39,31.3,25.7,25.75,28.53,-2.78,-9.74,453273.76,1304140.66
1526,601890.SH,20150527,27.0,28.53,26.5,28.53,25.94,2.59,9.98,283874.51,787354.491
1527,601890.SH,20150526,24.48,25.94,23.68,25.94,23.58,2.36,10.01,275342.67,688293.072
1528,601890.SH,20150525,21.57,23.58,20.97,23.58,21.44,2.14,9.98,265912.21,600653.382
1529,601890.SH,20150522,20.23,22.0,20.23,21.44,20.05,1.39,6.93,201344.14,426154.056
1530,601890.SH,20150521,19.29,20.06,19.29,20.05,19.27,0.78,4.05,145278.28,287008.493
1531,601890.SH,20150520,18.6,19.98,18.38,19.27,18.5,0.77,4.16,179340.81,345294.807
1532,601890.SH,20150519,17.91,18.55,17.89,18.5,17.89,0.61,3.41,146645.86,267921.157
1533,601890.SH,20150518,17.2,18.0,16.9,17.89,17.19,0.7,4.07,172171.65,304012.494
1534,601890.SH,20150515,17.5,17.7,17.01,17.19,17.67,-0.48,-2.72,128871.16,223046.047
1535,601890.SH,20150514,17.2,17.85,17.02,17.67,17.18,0.49,2.85,179197.54,313328.379
1536,601890.SH,20150513,17.12,17.44,16.82,17.18,17.3,-0.12,-0.69,136585.78,234325.772
1537,601890.SH,20150512,16.94,17.44,16.76,17.3,16.99,0.31,1.82,166502.87,285390.943
1538,601890.SH,20150511,16.15,17.27,16.15,16.99,15.94,1.05,6.59,149241.2,250208.046
1539,601890.SH,20150508,15.41,16.14,15.35,15.94,15.23,0.71,4.66,116898.79,183752.857
1540,601890.SH,20150507,16.18,16.28,15.22,15.23,16.15,-0.92,-5.7,122292.69,191394.62
1541,601890.SH,20150506,16.84,17.12,15.87,16.15,16.83,-0.68,-4.04,133966.86,222395.656
1542,601890.SH,20150505,17.61,17.87,16.68,16.83,17.91,-1.08,-6.03,164470.11,285022.579
1543,601890.SH,20150504,17.03,18.37,16.71,17.91,16.96,0.95,5.6,203445.62,358110.035
1544,601890.SH,20150430,16.58,17.31,16.5,16.96,16.71,0.25,1.5,158129.52,267913.786
1545,601890.SH,20150429,16.78,16.91,16.09,16.71,16.69,0.02,0.12,159483.47,263337.584
1546,601890.SH,20150428,17.5,17.5,16.52,16.69,16.27,0.42,2.58,409172.58,696684.854
1547,601890.SH,20150427,15.15,16.49,15.15,16.27,15.03,1.24,8.25,265647.58,417996.321
1548,601890.SH,20150424,15.09,15.4,15.0,15.03,15.4,-0.37,-2.4,131886.5,199598.049
1549,601890.SH,20150423,15.5,15.5,15.05,15.4,15.5,-0.1,-0.65,154598.23,236565.515
1550,601890.SH,20150422,15.27,15.87,15.15,15.5,15.14,0.36,2.38,173463.99,269741.103
1551,601890.SH,20150421,14.71,15.19,14.58,15.14,14.92,0.22,1.47,161001.93,240552.714
1552,601890.SH,20150420,15.17,15.7,14.51,14.92,15.16,-0.24,-1.58,281099.23,426774.509
1553,601890.SH,20150417,15.1,15.76,15.07,15.16,15.05,0.11,0.73,236459.94,363492.373
1554,601890.SH,20150416,14.3,15.26,14.02,15.05,14.39,0.66,4.59,156773.97,232173.675
1555,601890.SH,20150415,14.8,14.91,14.29,14.39,14.98,-0.59,-3.94,144689.92,211161.471
1556,601890.SH,20150414,14.82,15.57,14.51,14.98,14.8,0.18,1.22,234831.83,355262.209
1557,601890.SH,20150413,13.97,14.95,13.9,14.8,13.97,0.83,5.94,216174.43,314741.752
1558,601890.SH,20150410,13.3,14.15,13.24,13.97,13.25,0.72,5.43,218021.46,300209.885
1559,601890.SH,20150409,13.35,13.66,12.86,13.25,13.34,-0.09,-0.67,152651.33,202102.572
1560,601890.SH,20150408,13.72,13.85,13.17,13.34,13.71,-0.37,-2.7,176710.74,237076.74
1561,601890.SH,20150407,13.67,14.24,13.67,13.71,13.58,0.13,0.96,199870.02,276583.561
1562,601890.SH,20150403,13.08,13.59,12.97,13.58,13.15,0.43,3.27,248698.09,331044.379
1563,601890.SH,20150402,12.94,13.24,12.82,13.15,12.92,0.23,1.78,172608.73,225086.454
1564,601890.SH,20150401,12.73,13.07,12.71,12.92,12.88,0.04,0.31,160081.2,206241.056
1565,601890.SH,20150331,12.98,13.12,12.83,12.88,13.05,-0.17,-1.3,176763.75,228583.873
1566,601890.SH,20150330,13.08,13.55,12.71,13.05,12.9,0.15,1.16,263251.35,345571.072
1567,601890.SH,20150327,13.5,13.7,12.71,12.9,13.12,-0.22,-1.68,409669.36,538704.525
1568,601890.SH,20150326,11.99,13.12,11.94,13.12,11.93,1.19,9.97,424984.14,544041.781
1569,601890.SH,20150325,11.48,12.09,11.37,11.93,11.49,0.44,3.83,210103.55,247573.43
1570,601890.SH,20150324,11.69,11.77,11.21,11.49,11.72,-0.23,-1.96,183247.4,211213.181
1571,601890.SH,20150323,11.52,11.74,11.38,11.72,11.46,0.26,2.27,149969.42,173663.221
1572,601890.SH,20150320,11.42,11.53,11.31,11.46,11.41,0.05,0.44,109835.27,125317.386
1573,601890.SH,20150319,11.23,11.47,11.16,11.41,11.32,0.09,0.8,156198.04,176623.416
1574,601890.SH,20150318,11.15,11.32,11.03,11.32,11.1,0.22,1.98,126491.03,141543.977
1575,601890.SH,20150317,11.08,11.24,10.98,11.1,11.04,0.06,0.54,139040.83,154464.223
1576,601890.SH,20150316,10.8,11.07,10.8,11.04,10.76,0.28,2.6,113822.35,124825.249
1577,601890.SH,20150313,10.78,10.92,10.71,10.76,10.74,0.02,0.19,61431.65,66251.871
1578,601890.SH,20150312,10.87,10.94,10.69,10.74,10.84,-0.1,-0.92,73241.15,79090.243
1579,601890.SH,20150311,10.8,10.98,10.76,10.84,10.8,0.04,0.37,97553.26,106080.467
1580,601890.SH,20150310,10.98,10.99,10.76,10.8,10.84,-0.04,-0.37,142210.8,154715.651
1581,601890.SH,20150309,10.38,10.88,10.24,10.84,10.41,0.43,4.13,116196.27,123586.991
1582,601890.SH,20150306,10.51,10.58,10.39,10.41,10.53,-0.12,-1.14,53771.66,56257.341
1583,601890.SH,20150305,10.68,10.7,10.41,10.53,10.65,-0.12,-1.13,82310.28,86831.083
1584,601890.SH,20150304,10.5,10.67,10.48,10.65,10.52,0.13,1.24,84300.17,89065.255
1585,601890.SH,20150303,10.57,10.65,10.46,10.52,10.56,-0.04,-0.38,99907.36,105306.156
1586,601890.SH,20150302,10.5,10.57,10.38,10.56,10.46,0.1,0.96,85803.12,90138.38
1587,601890.SH,20150227,10.3,10.56,10.27,10.46,10.3,0.16,1.55,77668.2,81263.245
1588,601890.SH,20150226,10.16,10.3,10.16,10.3,10.19,0.11,1.08,47015.89,48045.709
1589,601890.SH,20150225,10.21,10.27,10.16,10.19,10.21,-0.02,-0.2,28405.24,28968.752
1590,601890.SH,20150217,10.34,10.34,10.17,10.21,10.27,-0.06,-0.58,35471.4,36211.72
1591,601890.SH,20150216,10.08,10.28,10.03,10.27,9.96,0.31,3.11,60600.57,61797.544
1592,601890.SH,20150213,9.8,10.03,9.8,9.96,9.77,0.19,1.94,43009.16,42873.185
1593,601890.SH,20150212,9.75,9.8,9.67,9.77,9.74,0.03,0.31,25066.46,24431.415
1594,601890.SH,20150211,9.82,9.85,9.61,9.74,9.78,-0.04,-0.41,35236.51,34322.898
1595,601890.SH,20150210,9.7,9.81,9.7,9.78,9.73,0.05,0.51,20470.2,19966.9
1596,601890.SH,20150209,9.68,9.78,9.6,9.73,9.7,0.03,0.31,20786.08,20194.333
1597,601890.SH,20150206,10.01,10.01,9.66,9.7,10.06,-0.36,-3.58,42087.94,41318.419
1598,601890.SH,20150205,10.29,10.33,10.03,10.06,10.12,-0.06,-0.59,36287.45,36792.699
1599,601890.SH,20150204,10.21,10.3,10.12,10.12,10.24,-0.12,-1.17,41023.94,41976.422
1600,601890.SH,20150203,10.15,10.25,10.06,10.24,10.15,0.09,0.89,31337.68,31816.697
1601,601890.SH,20150202,10.18,10.23,10.03,10.15,10.09,0.06,0.59,34662.95,35076.487
1602,601890.SH,20150130,10.2,10.3,10.05,10.09,10.24,-0.15,-1.46,37666.12,38308.539
1603,601890.SH,20150129,10.36,10.45,10.15,10.24,10.46,-0.22,-2.1,48167.64,49449.58
1604,601890.SH,20150128,10.4,10.59,10.31,10.46,10.41,0.05,0.48,72179.23,75765.643
1605,601890.SH,20150127,10.28,10.48,10.25,10.41,10.27,0.14,1.36,75425.77,78292.311
1606,601890.SH,20150126,10.16,10.3,10.15,10.27,10.15,0.12,1.18,52854.91,54065.163
1607,601890.SH,20150123,10.35,10.35,10.11,10.15,10.37,-0.22,-2.12,60449.47,61823.937
1608,601890.SH,20150122,10.07,10.46,10.07,10.37,10.06,0.31,3.08,87362.77,89615.678
1609,601890.SH,20150121,9.84,10.09,9.75,10.06,9.8,0.26,2.65,56894.59,56857.048
1610,601890.SH,20150120,9.56,9.86,9.56,9.8,9.55,0.25,2.62,40696.58,39584.627
1611,601890.SH,20150119,9.89,10.05,9.31,9.55,10.04,-0.49,-4.88,54133.49,52888.724
1612,601890.SH,20150116,9.96,10.12,9.9,10.04,9.96,0.08,0.8,41346.51,41340.894
1613,601890.SH,20150115,9.84,9.99,9.75,9.96,9.88,0.08,0.81,39763.55,39393.349
1614,601890.SH,20150114,9.94,10.02,9.71,9.88,9.93,-0.05,-0.5,31616.37,31376.653
1615,601890.SH,20150113,9.85,10.0,9.85,9.93,9.86,0.07,0.71,38039.07,37794.867
1616,601890.SH,20150112,10.15,10.17,9.8,9.86,10.38,-0.52,-5.01,82709.49,82042.993
1617,601890.SH,20150109,10.1,10.85,10.08,10.38,10.21,0.17,1.67,146770.91,154582.816
1618,601890.SH,20150108,10.08,10.23,10.02,10.21,10.12,0.09,0.89,45976.43,46460.61
1619,601890.SH,20150107,10.17,10.29,10.05,10.12,10.2,-0.08,-0.78,52852.91,53638.478
1620,601890.SH,20150106,9.97,10.27,9.87,10.2,10.0,0.2,2.0,74600.81,75368.953
1621,601890.SH,20150105,10.04,10.05,9.65,10.0,10.04,-0.04,-0.4,84298.2,83284.833
1622,601890.SH,20141231,9.9,10.14,9.9,10.04,9.89,0.15,1.52,42764.43,42857.989
1623,601890.SH,20141230,10.45,10.45,9.87,9.89,10.42,-0.53,-5.09,92812.71,93583.608
1624,601890.SH,20141229,10.68,10.7,10.3,10.42,10.84,-0.42,-3.87,73537.56,77193.304
1625,601890.SH,20141226,10.4,10.91,10.23,10.84,10.38,0.46,4.43,107528.16,114065.059
1626,601890.SH,20141225,10.25,10.39,10.09,10.38,10.25,0.13,1.27,49288.54,50616.818
1627,601890.SH,20141224,10.09,10.29,10.06,10.25,10.08,0.17,1.69,41341.28,42191.311
1628,601890.SH,20141223,10.0,10.26,10.0,10.08,10.07,0.01,0.1,49139.44,49792.424
1629,601890.SH,20141222,10.75,10.76,10.0,10.07,10.9,-0.83,-7.61,114904.86,118076.928
1630,601890.SH,20141219,11.23,11.23,10.7,10.9,11.27,-0.37,-3.28,82035.5,89694.285
1631,601890.SH,20141218,10.88,11.5,10.87,11.27,10.98,0.29,2.64,92091.85,103362.784
1632,601890.SH,20141217,11.3,11.3,10.81,10.98,11.3,-0.32,-2.83,83328.01,91552.429
1633,601890.SH,20141216,11.37,11.74,11.2,11.3,11.4,-0.1,-0.88,107585.81,123553.301
1634,601890.SH,20141215,11.2,11.47,11.04,11.4,11.27,0.13,1.15,111756.67,126517.688
1635,601890.SH,20141212,10.8,11.61,10.7,11.27,10.76,0.51,4.74,154902.23,171959.245
1636,601890.SH,20141211,10.69,10.9,10.41,10.76,10.88,-0.12,-1.1,106841.22,114197.213
1637,601890.SH,20141210,10.56,10.96,10.02,10.88,10.76,0.12,1.12,179139.14,188199.147
1638,601890.SH,20141209,11.91,11.91,10.76,10.76,11.95,-1.19,-9.96,278364.19,315364.106
1639,601890.SH,20141208,11.3,12.19,11.15,11.95,11.59,0.36,3.11,328306.11,389049.998
1640,601890.SH,20141205,10.84,11.71,10.41,11.59,10.72,0.87,8.12,332845.54,369065.254
1641,601890.SH,20141204,10.6,10.83,10.6,10.72,10.58,0.14,1.32,96665.34,103469.568
1642,601890.SH,20141203,10.53,10.8,10.4,10.58,10.54,0.04,0.38,80104.13,84527.922
1643,601890.SH,20141202,10.44,10.62,10.35,10.54,10.43,0.11,1.05,57098.31,59894.525
1644,601890.SH,20141201,10.68,10.78,10.3,10.43,10.7,-0.27,-2.52,73607.03,77228.213
1645,601890.SH,20141128,10.75,10.82,10.6,10.7,10.83,-0.13,-1.2,67275.37,71973.741
1646,601890.SH,20141127,10.54,10.96,10.54,10.83,10.52,0.31,2.95,94102.74,101562.503
1647,601890.SH,20141126,10.52,10.65,10.4,10.52,10.5,0.02,0.19,55671.86,58532.196
1648,601890.SH,20141125,10.41,10.68,10.4,10.5,10.46,0.04,0.38,65358.24,68939.074
1649,601890.SH,20141124,10.21,10.48,10.2,10.46,10.16,0.3,2.95,73154.59,75815.518
1650,601890.SH,20141121,10.08,10.17,10.06,10.16,10.04,0.12,1.2,33868.25,34309.659
1651,601890.SH,20141120,10.22,10.22,10.0,10.04,10.22,-0.18,-1.76,38820.81,39085.45
1652,601890.SH,20141119,10.3,10.31,10.18,10.22,10.28,-0.06,-0.58,28882.09,29561.779
1653,601890.SH,20141118,10.22,10.33,10.16,10.28,10.2,0.08,0.78,33324.56,34200.909
1654,601890.SH,20141117,10.12,10.28,10.01,10.2,10.12,0.08,0.79,37794.11,38459.797
1655,601890.SH,20141114,10.05,10.35,10.0,10.12,10.1,0.02,0.2,57244.88,58085.638
1656,601890.SH,20141113,10.23,10.25,10.0,10.1,10.22,-0.12,-1.17,46626.39,46986.932
1657,601890.SH,20141112,10.1,10.25,10.0,10.22,10.15,0.07,0.69,66747.53,67759.017
1658,601890.SH,20141111,10.85,10.86,9.98,10.15,10.87,-0.72,-6.62,81043.1,84129.927
1659,601890.SH,20141110,10.67,10.88,10.61,10.87,10.67,0.2,1.87,45811.51,49150.513
1660,601890.SH,20141107,10.98,11.03,10.6,10.67,10.96,-0.29,-2.65,52759.95,57423.011
1661,601890.SH,20141106,11.0,11.08,10.75,10.96,11.0,-0.04,-0.36,40612.9,44313.837
1662,601890.SH,20141105,11.05,11.08,10.84,11.0,11.1,-0.1,-0.9,60136.92,65786.108
1663,601890.SH,20141104,11.39,11.39,11.0,11.1,11.39,-0.29,-2.55,92659.51,102986.938
1664,601890.SH,20141103,11.66,11.84,11.27,11.39,11.37,0.02,0.18,95962.35,109942.117
1665,601890.SH,20141031,11.04,11.43,11.01,11.37,11.03,0.34,3.08,111520.57,125149.846
1666,601890.SH,20141030,11.08,11.16,10.93,11.03,11.06,-0.03,-0.27,59667.93,65840.766
1667,601890.SH,20141029,11.02,11.16,10.87,11.06,11.02,0.04,0.36,96651.82,106672.099
1668,601890.SH,20141028,10.61,11.03,10.55,11.02,10.51,0.51,4.85,113463.67,122424.401
1669,601890.SH,20141027,10.28,10.55,10.14,10.51,10.33,0.18,1.74,38823.7,40257.597
1670,601890.SH,20141024,10.73,10.73,10.29,10.33,10.64,-0.31,-2.91,51129.63,53685.512
1671,601890.SH,20141023,10.85,10.9,10.6,10.64,10.9,-0.26,-2.39,46018.47,49223.137
1672,601890.SH,20141022,10.62,10.93,10.62,10.9,10.69,0.21,1.96,83278.73,90208.107
1673,601890.SH,20141021,10.99,11.01,10.66,10.69,10.94,-0.25,-2.29,48577.5,52529.257
1674,601890.SH,20141020,10.79,10.98,10.68,10.94,10.75,0.19,1.77,42887.72,46603.061
1675,601890.SH,20141017,11.0,11.16,10.5,10.75,11.02,-0.27,-2.45,74785.27,80951.189
1676,601890.SH,20141016,11.24,11.41,11.0,11.02,11.31,-0.29,-2.56,91039.05,101826.457
1677,601890.SH,20141015,11.44,11.45,11.12,11.31,11.48,-0.17,-1.48,66773.02,75271.77
1678,601890.SH,20141014,11.68,11.85,11.31,11.48,11.79,-0.31,-2.63,84996.85,98919.044
1679,601890.SH,20141013,11.37,11.83,11.21,11.79,11.43,0.36,3.15,103314.71,119090.699
1680,601890.SH,20141010,11.3,11.89,11.18,11.43,11.49,-0.06,-0.52,128780.9,149007.874
1681,601890.SH,20141009,11.26,11.57,10.96,11.49,11.31,0.18,1.59,146985.16,165834.545
1682,601890.SH,20141008,10.68,11.35,10.65,11.31,10.72,0.59,5.5,152471.15,168945.717
1683,601890.SH,20140930,10.72,10.92,10.59,10.72,10.8,-0.08,-0.74,74894.21,79991.412
1684,601890.SH,20140929,10.72,11.08,10.7,10.8,10.64,0.16,1.5,82342.25,89227.773
1685,601890.SH,20140926,10.63,10.7,10.5,10.64,10.64,0.0,0.0,43659.03,46270.928
1686,601890.SH,20140925,10.71,10.9,10.55,10.64,10.66,-0.02,-0.19,76916.94,82719.586
1687,601890.SH,20140924,10.38,10.79,10.3,10.66,10.41,0.25,2.4,75700.88,80334.183
1688,601890.SH,20140923,10.24,10.5,10.23,10.41,10.23,0.18,1.76,62911.08,65313.578
1689,601890.SH,20140922,10.6,10.65,10.21,10.23,10.72,-0.49,-4.57,61675.89,63898.381
1690,601890.SH,20140919,10.33,10.81,10.3,10.72,10.39,0.33,3.18,66636.43,70738.048
1691,601890.SH,20140918,10.38,10.46,10.18,10.39,10.4,-0.01,-0.1,47722.23,49335.176
1692,601890.SH,20140917,10.46,10.6,10.2,10.4,10.48,-0.08,-0.76,63463.72,65876.714
1693,601890.SH,20140916,11.0,11.1,10.43,10.48,11.04,-0.56,-5.07,97464.31,105186.361
1694,601890.SH,20140915,10.72,11.14,10.58,11.04,10.79,0.25,2.32,124900.44,136490.22
1695,601890.SH,20140912,10.21,11.07,10.2,10.79,10.25,0.54,5.27,143363.19,153277.205
1696,601890.SH,20140911,10.4,10.62,10.15,10.25,10.48,-0.23,-2.19,91389.58,94543.385
1697,601890.SH,20140910,10.39,10.6,10.24,10.48,10.49,-0.01,-0.1,95067.04,98903.473
1698,601890.SH,20140909,10.31,10.71,10.14,10.49,10.37,0.12,1.16,117028.49,122661.917
1699,601890.SH,20140905,10.14,10.77,9.89,10.37,10.06,0.31,3.08,176958.2,182530.865
1700,601890.SH,20140904,9.85,10.19,9.79,10.06,9.84,0.22,2.24,112414.4,113124.452
1701,601890.SH,20140903,9.83,9.93,9.67,9.84,9.86,-0.02,-0.2,89000.09,87331.777
1702,601890.SH,20140902,9.57,9.98,9.46,9.86,9.5,0.36,3.79,116477.82,113318.149
1703,601890.SH,20140901,9.3,9.56,9.3,9.5,9.24,0.26,2.81,73171.94,69391.819
1704,601890.SH,20140829,9.12,9.36,9.11,9.24,9.15,0.09,0.98,39941.61,36997.147
1705,601890.SH,20140828,9.53,9.55,9.14,9.15,9.48,-0.33,-3.48,58024.2,53810.008
1706,601890.SH,20140827,8.8,9.74,8.8,9.48,8.85,0.63,7.12,158703.06,149097.378
1707,601890.SH,20140826,9.12,9.19,8.72,8.85,9.12,-0.27,-2.96,65532.49,58741.133
1708,601890.SH,20140825,9.38,9.38,9.11,9.12,9.35,-0.23,-2.46,57730.66,53218.267
1709,601890.SH,20140822,9.3,9.45,9.29,9.35,9.33,0.02,0.21,71991.21,67376.464
1710,601890.SH,20140821,9.38,9.49,9.23,9.33,9.38,-0.05,-0.53,57734.55,53714.866
1711,601890.SH,20140820,9.56,9.56,9.31,9.38,9.4,-0.02,-0.21,54944.2,51738.704
1712,601890.SH,20140819,9.54,9.64,9.26,9.4,9.52,-0.12,-1.26,64756.81,61004.428
1713,601890.SH,20140818,9.35,9.68,9.32,9.52,9.38,0.14,1.49,52934.63,50409.845
1714,601890.SH,20140815,9.31,9.39,9.22,9.38,9.31,0.07,0.75,37074.44,34567.361
1715,601890.SH,20140814,9.28,9.41,9.14,9.31,9.26,0.05,0.54,58038.11,53935.36
1716,601890.SH,20140813,9.52,9.55,9.18,9.26,9.51,-0.25,-2.63,79088.45,73375.404
1717,601890.SH,20140812,9.49,9.6,9.39,9.51,9.56,-0.05,-0.52,44929.29,42506.187
1718,601890.SH,20140811,9.46,9.65,9.35,9.56,9.4,0.16,1.7,62023.5,59163.646
1719,601890.SH,20140808,9.56,9.6,9.27,9.4,9.54,-0.14,-1.47,88627.59,83126.869
1720,601890.SH,20140807,9.75,9.81,9.47,9.54,9.69,-0.15,-1.55,70830.06,67895.932
1721,601890.SH,20140806,9.45,9.81,9.31,9.69,9.46,0.23,2.43,97703.14,93982.72
1722,601890.SH,20140805,9.4,9.79,9.33,9.46,9.43,0.03,0.32,167768.5,160937.31
1723,601890.SH,20140804,9.02,9.49,9.01,9.43,9.02,0.41,4.55,111317.35,103972.926
1724,601890.SH,20140801,9.15,9.39,8.95,9.02,9.22,-0.2,-2.17,110714.73,101297.211
1725,601890.SH,20140731,8.9,9.34,8.78,9.22,9.0,0.22,2.44,129097.1,117850.68
1726,601890.SH,20140730,8.68,9.25,8.56,9.0,8.68,0.32,3.69,142426.14,126775.752
1727,601890.SH,20140729,8.55,8.79,8.51,8.68,8.44,0.24,2.84,122623.7,106414.219
1728,601890.SH,20140728,8.33,8.54,8.28,8.44,8.36,0.08,0.96,63383.72,53269.615
1729,601890.SH,20140725,8.3,8.39,8.21,8.36,8.31,0.05,0.6,35402.24,29418.179
1730,601890.SH,20140724,8.49,8.51,8.26,8.31,8.53,-0.22,-2.58,53484.81,44650.159
1731,601890.SH,20140723,8.54,8.63,8.33,8.53,8.55,-0.02,-0.23,58906.94,49812.942
1732,601890.SH,20140722,8.45,8.7,8.4,8.55,8.51,0.04,0.47,82457.01,70489.494
1733,601890.SH,20140721,8.22,8.59,8.21,8.51,8.19,0.32,3.91,95311.34,80428.848
1734,601890.SH,20140718,8.33,8.43,8.18,8.19,8.39,-0.2,-2.38,47648.93,39575.098
1735,601890.SH,20140717,8.2,8.43,8.12,8.39,8.24,0.15,1.82,58277.72,48294.57
1736,601890.SH,20140716,8.38,8.65,8.23,8.24,8.32,-0.08,-0.96,129213.09,109203.971
1737,601890.SH,20140715,8.38,8.4,8.2,8.32,8.4,-0.08,-0.95,67696.02,56117.036
1738,601890.SH,20140714,8.29,8.51,8.16,8.4,8.29,0.11,1.33,112769.54,93930.749
1739,601890.SH,20140711,7.93,8.36,7.85,8.29,7.92,0.37,4.67,115670.82,94433.294
1740,601890.SH,20140710,7.83,8.03,7.83,7.92,7.95,-0.03,-0.38,70240.02,55577.909
1741,601890.SH,20140709,8.1,8.45,7.93,7.95,8.12,-0.17,-2.09,155840.97,128257.39
1742,601890.SH,20140708,8.1,8.26,7.97,8.12,8.13,-0.01,-0.12,67081.07,54220.118
1743,601890.SH,20140707,7.85,8.26,7.85,8.13,7.9,0.23,2.91,118804.41,96362.001
1744,601890.SH,20140704,8.02,8.02,7.83,7.9,8.03,-0.13,-1.62,54512.14,43048.158
1745,601890.SH,20140703,8.1,8.1,7.95,8.03,8.13,-0.1,-1.23,72250.49,57818.641
1746,601890.SH,20140702,7.84,8.28,7.81,8.13,7.84,0.29,3.7,131631.46,106407.901
1747,601890.SH,20140701,7.94,7.97,7.75,7.84,7.93,-0.09,-1.13,65151.76,50828.884
1748,601890.SH,20140630,7.76,8.04,7.75,7.93,7.73,0.2,2.59,97499.02,77380.898
1749,601890.SH,20140627,7.5,7.89,7.5,7.73,7.53,0.2,2.66,52672.64,40472.394
1750,601890.SH,20140626,7.48,7.62,7.45,7.53,7.49,0.04,0.53,35609.23,26935.095
1751,601890.SH,20140625,7.56,7.57,7.42,7.49,7.59,-0.1,-1.32,28377.63,21210.364
1752,601890.SH,20140624,7.39,7.6,7.35,7.59,7.43,0.16,2.15,33464.36,25099.061
1753,601890.SH,20140623,7.46,7.55,7.37,7.43,7.47,-0.04,-0.54,39279.1,29343.666
1754,601890.SH,20140620,7.33,7.47,7.33,7.47,7.38,0.09,1.22,37285.49,27677.121
1755,601890.SH,20140619,7.7,7.8,7.21,7.38,7.7,-0.32,-4.16,79393.37,59760.465
1756,601890.SH,20140618,7.81,7.88,7.66,7.7,7.89,-0.19,-2.41,63768.55,49306.553
1757,601890.SH,20140617,8.08,8.08,7.88,7.89,8.09,-0.2,-2.47,68025.16,53950.41
1758,601890.SH,20140616,8.12,8.2,8.06,8.09,8.16,-0.07,-0.86,67061.71,54466.386
1759,601890.SH,20140613,7.91,8.27,7.87,8.16,7.95,0.21,2.64,109650.41,88431.603
1760,601890.SH,20140612,8.02,8.08,7.88,7.95,8.08,-0.13,-1.61,85310.75,67827.019
1761,601890.SH,20140611,7.71,8.11,7.65,8.08,7.72,0.36,4.66,146663.03,116173.43
1762,601890.SH,20140610,7.65,7.76,7.56,7.72,7.71,0.01,0.13,64884.25,49740.355
1763,601890.SH,20140609,7.66,7.86,7.61,7.71,7.75,-0.04,-0.52,60498.49,46649.665
1764,601890.SH,20140606,7.9,8.09,7.61,7.75,7.88,-0.13,-1.65,108910.11,85091.948
1765,601890.SH,20140605,7.7,7.96,7.68,7.88,7.83,0.05,0.64,113032.69,88843.506
1766,601890.SH,20140604,7.64,7.92,7.56,7.83,7.76,0.07,0.9,135922.41,105590.504
1767,601890.SH,20140603,7.47,8.07,7.43,7.76,7.46,0.3,4.02,208886.78,162713.536
1768,601890.SH,20140530,7.18,7.5,7.08,7.46,7.12,0.34,4.78,99879.83,73330.773
1769,601890.SH,20140529,7.36,7.36,7.11,7.12,7.37,-0.25,-3.39,50036.91,36296.466
1770,601890.SH,20140528,7.25,7.38,7.19,7.37,7.25,0.12,1.66,70739.09,51725.829
1771,601890.SH,20140527,7.22,7.32,7.18,7.25,7.24,0.01,0.14,58288.27,42320.653
1772,601890.SH,20140526,7.14,7.25,7.07,7.24,7.15,0.09,1.26,36234.04,25922.632
1773,601890.SH,20140523,7.11,7.16,7.03,7.15,7.13,0.02,0.28,31958.76,22665.635
1774,601890.SH,20140522,7.24,7.26,7.11,7.13,7.24,-0.11,-1.52,44370.2,31808.054
1775,601890.SH,20140521,7.17,7.26,7.05,7.24,7.19,0.05,0.7,36545.49,26259.703
1776,601890.SH,20140520,7.2,7.29,7.1,7.19,7.23,-0.04,-0.55,50252.02,36238.606
1777,601890.SH,20140519,7.04,7.25,7.03,7.23,7.04,0.19,2.7,71228.04,50963.823
1778,601890.SH,20140516,6.95,7.09,6.92,7.04,7.12,-0.08,-1.12,49566.35,34665.732
1779,601890.SH,20140515,7.04,7.39,6.96,7.12,7.04,0.08,1.14,99342.54,71722.688
1780,601890.SH,20140514,7.07,7.2,7.03,7.04,7.07,-0.03,-0.42,33948.51,24145.64
1781,601890.SH,20140513,7.09,7.09,6.99,7.07,7.08,-0.01,-0.14,32649.77,22988.569
1782,601890.SH,20140512,7.07,7.09,6.96,7.08,7.0,0.08,1.14,53087.43,37404.522
1783,601890.SH,20140509,6.73,7.02,6.67,7.0,6.74,0.26,3.86,45253.25,31139.992
1784,601890.SH,20140508,6.75,6.81,6.67,6.74,6.72,0.02,0.3,18595.34,12528.154
1785,601890.SH,20140507,6.83,6.88,6.68,6.72,6.87,-0.15,-2.18,19615.71,13370.56
1786,601890.SH,20140506,6.82,6.9,6.82,6.87,6.85,0.02,0.29,23308.01,15981.795
1787,601890.SH,20140505,6.79,6.88,6.71,6.85,6.78,0.07,1.03,18070.24,12278.623
1788,601890.SH,20140430,6.7,6.81,6.68,6.78,6.72,0.06,0.89,10790.29,7275.085
1789,601890.SH,20140429,6.63,6.77,6.63,6.72,6.64,0.08,1.2,14827.48,9929.469
1790,601890.SH,20140428,6.83,6.85,6.63,6.64,6.83,-0.19,-2.78,34613.36,23357.119
1791,601890.SH,20140425,6.83,6.96,6.81,6.83,6.83,0.0,0.0,22462.64,15415.949
1792,601890.SH,20140424,6.96,6.97,6.83,6.83,6.98,-0.15,-2.15,16065.11,11096.428
1793,601890.SH,20140423,6.88,6.98,6.8,6.98,6.86,0.12,1.75,25777.57,17825.781
1794,601890.SH,20140422,6.91,7.0,6.74,6.86,6.92,-0.06,-0.87,31538.81,21550.829
1795,601890.SH,20140421,7.03,7.14,6.91,6.92,7.08,-0.16,-2.26,30604.53,21503.532
1796,601890.SH,20140418,7.03,7.1,7.0,7.08,7.12,-0.04,-0.56,31521.62,22217.373
1797,601890.SH,20140417,7.02,7.38,7.02,7.12,6.97,0.15,2.15,65449.31,47093.293
1798,601890.SH,20140416,7.05,7.06,6.92,6.97,7.01,-0.04,-0.57,24461.53,17056.005
1799,601890.SH,20140415,7.2,7.2,6.99,7.01,7.16,-0.15,-2.1,40070.99,28253.251
1800,601890.SH,20140414,7.1,7.2,7.09,7.16,7.15,0.01,0.14,30132.07,21535.559
1801,601890.SH,20140411,7.03,7.22,6.96,7.15,7.03,0.12,1.71,62183.51,44283.013
1802,601890.SH,20140410,7.08,7.09,7.0,7.03,7.07,-0.04,-0.57,39990.97,28154.745
1803,601890.SH,20140409,7.11,7.16,7.01,7.07,7.1,-0.03,-0.42,37503.27,26519.468
1804,601890.SH,20140408,7.08,7.25,7.04,7.1,7.08,0.02,0.28,62228.48,44382.92
1805,601890.SH,20140404,6.92,7.11,6.91,7.08,6.94,0.14,2.02,43261.66,30439.991
1806,601890.SH,20140403,7.01,7.12,6.93,6.94,7.06,-0.12,-1.7,39136.02,27485.906
1807,601890.SH,20140402,7.04,7.13,6.96,7.06,7.04,0.02,0.28,46724.56,32903.688
1808,601890.SH,20140401,7.08,7.08,6.94,7.04,7.14,-0.1,-1.4,65002.44,45633.655
1809,601890.SH,20140331,6.72,7.16,6.7,7.14,6.72,0.42,6.25,74543.5,51785.014
1810,601890.SH,20140328,6.77,6.85,6.68,6.72,6.8,-0.08,-1.18,22147.65,15036.49
1811,601890.SH,20140327,6.91,6.97,6.79,6.8,6.91,-0.11,-1.59,22136.61,15193.896
1812,601890.SH,20140326,6.86,6.92,6.81,6.91,6.88,0.03,0.44,29430.23,20198.62
1813,601890.SH,20140325,6.94,6.96,6.83,6.88,6.95,-0.07,-1.01,26357.66,18175.178
1814,601890.SH,20140324,6.85,6.99,6.83,6.95,6.86,0.09,1.31,57379.85,39675.86
1815,601890.SH,20140321,6.67,6.86,6.56,6.86,6.77,0.09,1.33,42864.51,28789.92
1816,601890.SH,20140320,6.94,7.1,6.77,6.77,6.81,-0.04,-0.59,72402.2,50141.545
1817,601890.SH,20140319,6.67,6.83,6.57,6.81,6.66,0.15,2.25,28695.17,19207.482
1818,601890.SH,20140318,6.68,6.74,6.63,6.66,6.7,-0.04,-0.6,17159.72,11476.382
1819,601890.SH,20140317,6.58,6.73,6.58,6.7,6.61,0.09,1.36,19179.94,12797.772
1820,601890.SH,20140314,6.52,6.62,6.48,6.61,6.55,0.06,0.92,17600.79,11519.727
1821,601890.SH,20140313,6.53,6.63,6.5,6.55,6.51,0.04,0.61,15420.36,10132.176
1822,601890.SH,20140312,6.54,6.55,6.4,6.51,6.54,-0.03,-0.46,20713.21,13401.719
1823,601890.SH,20140311,6.51,6.62,6.51,6.54,6.56,-0.02,-0.3,17401.95,11400.0
1824,601890.SH,20140310,6.82,6.82,6.5,6.56,6.84,-0.28,-4.09,28991.42,19235.622
1825,601890.SH,20140307,6.86,6.92,6.8,6.84,6.86,-0.02,-0.29,21736.05,14922.237
1826,601890.SH,20140306,6.88,6.89,6.73,6.86,6.89,-0.03,-0.44,25893.2,17636.839
1827,601890.SH,20140305,6.85,6.94,6.78,6.89,6.87,0.02,0.29,41819.37,28772.346
1828,601890.SH,20140304,6.8,6.91,6.75,6.87,6.83,0.04,0.59,35032.71,23976.668
1829,601890.SH,20140303,6.72,6.85,6.72,6.83,6.71,0.12,1.79,30959.45,21017.355
1830,601890.SH,20140228,6.6,6.78,6.42,6.71,6.64,0.07,1.05,25513.99,16861.556
1831,601890.SH,20140227,6.58,6.89,6.49,6.64,6.49,0.15,2.31,43044.55,28872.526
1832,601890.SH,20140226,6.32,6.5,6.32,6.49,6.43,0.06,0.93,17526.93,11253.556
1833,601890.SH,20140225,6.68,6.77,6.35,6.43,6.69,-0.26,-3.89,21065.12,13873.731
1834,601890.SH,20140224,6.8,6.8,6.64,6.69,6.8,-0.11,-1.62,16848.42,11292.05
1835,601890.SH,20140221,6.81,6.89,6.73,6.8,6.81,-0.01,-0.15,19477.47,13249.722
1836,601890.SH,20140220,6.86,6.97,6.8,6.81,6.9,-0.09,-1.3,28396.93,19495.882
1837,601890.SH,20140219,6.86,7.0,6.85,6.9,6.91,-0.01,-0.14,28501.71,19749.13
1838,601890.SH,20140218,6.94,6.95,6.86,6.91,6.93,-0.02,-0.29,30152.58,20805.19
1839,601890.SH,20140217,6.83,6.96,6.81,6.93,6.8,0.13,1.91,41822.03,28921.895
1840,601890.SH,20140214,6.69,6.82,6.66,6.8,6.7,0.1,1.49,23681.15,16024.056
1841,601890.SH,20140213,6.84,6.85,6.69,6.7,6.82,-0.12,-1.76,29710.58,20149.062
1842,601890.SH,20140212,6.74,6.84,6.66,6.82,6.74,0.08,1.19,36128.91,24446.451
1843,601890.SH,20140211,6.72,6.75,6.61,6.74,6.75,-0.01,-0.15,30965.64,20717.233
1844,601890.SH,20140210,6.6,6.76,6.59,6.75,6.6,0.15,2.27,43293.23,28947.625
1845,601890.SH,20140207,6.29,6.68,6.26,6.6,6.33,0.27,4.27,31536.16,20502.889
1846,601890.SH,20140130,6.36,6.38,6.26,6.33,6.39,-0.06,-0.94,21093.78,13335.269
1847,601890.SH,20140129,6.38,6.57,6.33,6.39,6.66,-0.27,-4.05,42012.42,26887.299
1848,601890.SH,20140128,6.59,6.71,6.59,6.66,6.61,0.05,0.76,10994.11,7323.52
1849,601890.SH,20140127,6.68,6.77,6.59,6.61,6.71,-0.1,-1.49,16215.48,10836.209
1850,601890.SH,20140124,6.62,6.71,6.59,6.71,6.62,0.09,1.36,14475.65,9661.051
1851,601890.SH,20140123,6.62,6.66,6.58,6.62,6.67,-0.05,-0.75,14877.59,9855.16
1852,601890.SH,20140122,6.49,6.7,6.43,6.67,6.46,0.21,3.25,24786.3,16396.677
1853,601890.SH,20140121,6.36,6.47,6.36,6.46,6.41,0.05,0.78,10064.65,6480.297
1854,601890.SH,20140120,6.32,6.46,6.31,6.41,6.31,0.1,1.58,11326.78,7234.057
1855,601890.SH,20140117,6.45,6.45,6.29,6.31,6.45,-0.14,-2.17,10100.58,6411.565
1856,601890.SH,20140116,6.44,6.48,6.39,6.45,6.44,0.01,0.16,11890.49,7656.159
1857,601890.SH,20140115,6.45,6.5,6.4,6.44,6.43,0.01,0.16,10327.0,6670.484
1858,601890.SH,20140114,6.36,6.45,6.31,6.43,6.36,0.07,1.1,10776.04,6890.634
1859,601890.SH,20140113,6.27,6.38,6.25,6.36,6.29,0.07,1.11,8753.36,5534.782
1860,601890.SH,20140110,6.35,6.37,6.22,6.29,6.32,-0.03,-0.47,12541.05,7888.637
1861,601890.SH,20140109,6.43,6.49,6.3,6.32,6.4,-0.08,-1.25,14478.52,9256.837
1862,601890.SH,20140108,6.5,6.55,6.39,6.4,6.43,-0.03,-0.47,15950.88,10302.091
1863,601890.SH,20140107,6.39,6.48,6.32,6.43,6.41,0.02,0.31,12047.73,7728.014
1864,601890.SH,20140106,6.62,6.68,6.4,6.41,6.64,-0.23,-3.46,19441.63,12597.401
1865,601890.SH,20140103,6.75,6.83,6.61,6.64,6.8,-0.16,-2.35,24476.28,16453.603
1866,601890.SH,20140102,6.78,6.82,6.71,6.8,6.77,0.03,0.44,12760.75,8635.299
1867,601890.SH,20131231,6.71,6.84,6.69,6.77,6.71,0.06,0.89,23599.41,16027.732
1868,601890.SH,20131230,6.7,6.76,6.6,6.71,6.71,0.0,0.0,19498.92,13083.845
1869,601890.SH,20131227,6.46,6.82,6.45,6.71,6.47,0.24,3.71,27023.66,17931.409
1870,601890.SH,20131226,6.65,6.68,6.47,6.47,6.68,-0.21,-3.14,13302.33,8720.053
1871,601890.SH,20131225,6.63,6.7,6.6,6.68,6.65,0.03,0.45,11754.85,7818.396
1872,601890.SH,20131224,6.6,6.72,6.57,6.65,6.58,0.07,1.06,17138.45,11393.673
1873,601890.SH,20131223,6.63,6.67,6.52,6.58,6.63,-0.05,-0.75,13304.7,8762.735
1874,601890.SH,20131220,6.69,6.76,6.59,6.63,6.69,-0.06,-0.9,12509.99,8309.864
1875,601890.SH,20131219,6.79,6.82,6.68,6.69,6.76,-0.07,-1.04,13078.19,8819.356
1876,601890.SH,20131218,6.79,6.83,6.71,6.76,6.79,-0.03,-0.44,14402.26,9748.182
1877,601890.SH,20131217,6.78,6.83,6.63,6.79,6.79,0.0,0.0,24573.36,16535.215
1878,601890.SH,20131216,6.97,7.02,6.78,6.79,6.95,-0.16,-2.3,22453.47,15485.416
1879,601890.SH,20131213,6.9,6.99,6.86,6.95,6.94,0.01,0.14,19186.57,13301.348
1880,601890.SH,20131212,6.91,7.03,6.91,6.94,6.99,-0.05,-0.72,20634.59,14364.247
1881,601890.SH,20131211,7.15,7.17,6.94,6.99,7.18,-0.19,-2.65,34855.9,24469.19
1882,601890.SH,20131210,7.26,7.26,7.13,7.18,7.28,-0.1,-1.37,34944.52,25069.929
1883,601890.SH,20131209,7.1,7.33,7.1,7.28,7.15,0.13,1.82,52425.59,37850.317
1884,601890.SH,20131206,7.15,7.25,7.1,7.15,7.17,-0.02,-0.28,31433.48,22506.031
1885,601890.SH,20131205,7.2,7.23,7.1,7.17,7.21,-0.04,-0.55,44642.98,31937.066
1886,601890.SH,20131204,7.02,7.32,7.02,7.21,6.99,0.22,3.15,72779.14,52553.615
1887,601890.SH,20131203,6.75,7.03,6.71,6.99,6.83,0.16,2.34,41011.61,28480.077
1888,601890.SH,20131202,7.06,7.19,6.73,6.83,7.28,-0.45,-6.18,71842.53,50070.155
1889,601890.SH,20131129,7.05,7.44,6.98,7.28,7.03,0.25,3.56,110328.02,79986.206
1890,601890.SH,20131128,7.08,7.14,7.0,7.03,7.1,-0.07,-0.99,52841.0,37287.896
1891,601890.SH,20131127,6.98,7.1,6.92,7.1,6.97,0.13,1.87,56565.27,39708.28
1892,601890.SH,20131126,6.87,7.02,6.73,6.97,6.86,0.11,1.6,43832.96,30190.702
1893,601890.SH,20131125,6.88,7.03,6.84,6.86,6.87,-0.01,-0.15,36782.26,25551.902
1894,601890.SH,20131122,6.81,6.97,6.8,6.87,6.81,0.06,0.88,38718.12,26723.739
1895,601890.SH,20131121,6.91,6.91,6.73,6.81,6.91,-0.1,-1.45,36736.69,25018.167
1896,601890.SH,20131120,6.72,7.05,6.67,6.91,6.72,0.19,2.83,55183.24,38026.743
1897,601890.SH,20131119,6.79,6.83,6.71,6.72,6.78,-0.06,-0.89,26101.31,17634.135
1898,601890.SH,20131118,6.68,6.86,6.67,6.78,6.68,0.1,1.5,39291.17,26695.329
1899,601890.SH,20131115,6.55,6.79,6.51,6.68,6.59,0.09,1.37,47021.55,31476.197
1900,601890.SH,20131114,6.37,6.7,6.21,6.59,6.4,0.19,2.9688,34568.59,22537.39
1901,601890.SH,20131113,6.42,6.6,6.37,6.4,6.4,0.0,0.0,23052.47,14899.036
1902,601890.SH,20131112,6.29,6.45,6.29,6.4,6.32,0.08,1.27,9213.51,5875.598
1903,601890.SH,20131111,6.32,6.35,6.23,6.32,6.31,0.01,0.16,8413.02,5297.136
1904,601890.SH,20131108,6.5,6.5,6.2,6.31,6.52,-0.21,-3.22,19278.41,12237.37
1905,601890.SH,20131107,6.54,6.6,6.5,6.52,6.58,-0.06,-0.91,15479.19,10122.607
1906,601890.SH,20131106,6.58,6.77,6.54,6.58,6.61,-0.03,-0.45,28015.52,18554.23
1907,601890.SH,20131105,6.58,6.63,6.44,6.61,6.58,0.03,0.46,16039.68,10506.989
1908,601890.SH,20131104,6.5,6.63,6.5,6.58,6.54,0.04,0.61,11199.02,7364.84
1909,601890.SH,20131101,6.64,6.64,6.48,6.54,6.54,0.0,0.0,12934.6,8473.389
1910,601890.SH,20131031,6.59,6.62,6.46,6.54,6.62,-0.08,-1.21,12556.25,8215.347
1911,601890.SH,20131030,6.44,6.69,6.34,6.62,6.38,0.24,3.76,25381.59,16582.657
1912,601890.SH,20131029,6.55,6.65,6.22,6.38,6.55,-0.17,-2.6,23345.1,15017.286
1913,601890.SH,20131028,6.5,6.57,6.5,6.55,6.53,0.02,0.31,11992.27,7844.397
1914,601890.SH,20131025,6.72,6.73,6.39,6.53,6.71,-0.18,-2.68,26236.5,17277.942
1915,601890.SH,20131024,6.93,6.93,6.69,6.71,6.93,-0.22,-3.17,40167.21,27172.999
1916,601890.SH,20131023,7.02,7.14,6.9,6.93,7.02,-0.09,-1.28,27639.98,19432.597
1917,601890.SH,20131022,7.06,7.08,7.0,7.02,7.07,-0.05,-0.71,21232.37,14934.486
1918,601890.SH,20131021,7.0,7.09,6.91,7.07,6.97,0.1,1.43,28826.39,20233.615
1919,601890.SH,20131018,6.96,7.02,6.89,6.97,6.94,0.03,0.43,11427.03,7966.234
1920,601890.SH,20131017,6.94,7.04,6.87,6.94,6.91,0.03,0.43,17825.93,12408.871
1921,601890.SH,20131016,7.17,7.18,6.86,6.91,7.15,-0.24,-3.36,30312.26,21190.629
1922,601890.SH,20131015,7.2,7.23,7.08,7.15,7.24,-0.09,-1.24,28484.85,20356.299
1923,601890.SH,20131014,7.14,7.26,7.11,7.24,7.12,0.12,1.69,36034.87,26025.529
1924,601890.SH,20131011,6.99,7.14,6.98,7.12,6.97,0.15,2.15,28308.59,20073.987
1925,601890.SH,20131010,7.12,7.14,6.97,6.97,7.12,-0.15,-2.11,32645.49,22978.232
1926,601890.SH,20131009,7.09,7.14,7.05,7.12,7.11,0.01,0.14,23421.45,16616.81
1927,601890.SH,20131008,7.03,7.13,7.01,7.11,6.98,0.13,1.86,24804.88,17554.284
1928,601890.SH,20130930,6.89,7.0,6.89,6.98,6.87,0.11,1.6,15765.54,10966.211
1929,601890.SH,20130927,6.93,7.0,6.82,6.87,6.95,-0.08,-1.15,28350.15,19542.48
1930,601890.SH,20130926,7.08,7.12,6.94,6.95,7.11,-0.16,-2.25,35395.14,24846.469
1931,601890.SH,20130925,7.27,7.32,7.1,7.11,7.31,-0.2,-2.74,35083.39,25302.251
1932,601890.SH,20130924,7.28,7.32,7.16,7.31,7.28,0.03,0.41,38890.28,28190.534
1933,601890.SH,20130923,7.27,7.29,7.19,7.28,7.21,0.07,0.97,37754.66,27324.881
1934,601890.SH,20130918,7.18,7.24,7.15,7.21,7.21,0.0,0.0,25914.71,18647.075
1935,601890.SH,20130917,7.25,7.35,7.16,7.21,7.25,-0.04,-0.55,40384.21,29341.974
1936,601890.SH,20130916,7.33,7.43,7.23,7.25,7.37,-0.12,-1.63,51059.41,37376.832
1937,601890.SH,20130913,7.5,7.5,7.28,7.37,7.54,-0.17,-2.25,64536.16,47578.355
1938,601890.SH,20130912,7.5,7.65,7.41,7.54,7.74,-0.2,-2.58,102098.12,76688.716
1939,601890.SH,20130911,7.94,8.39,7.7,7.74,7.63,0.11,1.44,289440.9,234143.223
1940,601890.SH,20130910,7.22,7.8,7.11,7.63,7.22,0.41,5.68,175230.71,130415.29
1941,601890.SH,20130909,7.08,7.33,7.03,7.22,7.1,0.12,1.69,102281.54,73672.821
1942,601890.SH,20130906,6.75,7.14,6.75,7.1,6.81,0.29,4.26,66232.16,46411.025
1943,601890.SH,20130905,6.97,7.0,6.81,6.81,7.04,-0.23,-3.27,35174.26,24184.032
1944,601890.SH,20130904,6.99,7.19,6.9,7.04,6.99,0.05,0.72,53846.25,37947.081
1945,601890.SH,20130903,6.91,7.0,6.86,6.99,6.85,0.14,2.04,44921.82,31211.178
1946,601890.SH,20130902,6.89,6.98,6.73,6.85,6.8,0.05,0.74,29154.03,19987.048
1947,601890.SH,20130830,6.84,7.03,6.73,6.8,6.87,-0.07,-1.02,46327.96,31883.147
1948,601890.SH,20130829,7.09,7.09,6.79,6.87,7.06,-0.19,-2.69,54657.91,37767.527
1949,601890.SH,20130828,6.84,7.16,6.76,7.06,6.88,0.18,2.62,100143.4,70092.761
1950,601890.SH,20130827,6.7,6.96,6.67,6.88,6.71,0.17,2.53,62821.38,43061.011
1951,601890.SH,20130826,6.56,6.72,6.56,6.71,6.6,0.11,1.67,29639.9,19768.835
1952,601890.SH,20130823,6.67,6.73,6.5,6.6,6.66,-0.06,-0.9,28416.56,18843.073
1953,601890.SH,20130822,6.65,6.7,6.63,6.66,6.7,-0.04,-0.6,22530.08,15004.28
1954,601890.SH,20130821,6.5,6.72,6.48,6.7,6.53,0.17,2.6,35988.43,23812.824
1955,601890.SH,20130820,6.5,6.63,6.5,6.53,6.56,-0.03,-0.46,19461.62,12775.085
1956,601890.SH,20130819,6.46,6.56,6.41,6.56,6.47,0.09,1.39,15878.83,10334.221
1957,601890.SH,20130816,6.57,6.7,6.46,6.47,6.59,-0.12,-1.82,32054.56,21035.628
1958,601890.SH,20130815,6.69,6.76,6.58,6.59,6.72,-0.13,-1.93,25824.61,17173.978
1959,601890.SH,20130814,6.77,6.79,6.63,6.72,6.77,-0.05,-0.74,35159.93,23541.445
1960,601890.SH,20130813,6.79,6.83,6.74,6.77,6.76,0.01,0.15,32334.02,21893.289
1961,601890.SH,20130812,6.65,6.77,6.62,6.76,6.64,0.12,1.81,37508.97,25115.62
1962,601890.SH,20130809,6.62,6.67,6.54,6.64,6.61,0.03,0.45,29654.49,19560.166
1963,601890.SH,20130808,6.72,6.73,6.58,6.61,6.78,-0.17,-2.51,48308.39,32027.768
1964,601890.SH,20130807,6.75,7.08,6.71,6.78,6.82,-0.04,-0.59,83904.6,57775.252
1965,601890.SH,20130806,6.79,6.84,6.7,6.82,6.93,-0.11,-1.59,66519.0,45077.32
1966,601890.SH,20130805,6.7,7.14,6.5,6.93,6.69,0.24,3.59,152439.99,103801.503
1967,601890.SH,20130802,6.31,6.83,6.31,6.69,6.38,0.31,4.86,129299.17,85917.422
1968,601890.SH,20130801,6.39,6.57,6.32,6.38,6.11,0.27,4.42,71477.03,45739.673
1969,601890.SH,20130731,6.03,6.16,6.02,6.11,6.04,0.07,1.16,21794.72,13270.246
1970,601890.SH,20130730,6.01,6.08,5.9,6.04,6.01,0.03,0.5,16000.5,9610.343
1971,601890.SH,20130729,6.17,6.17,6.0,6.01,6.16,-0.15,-2.44,20125.55,12153.871
1972,601890.SH,20130726,6.2,6.22,6.09,6.16,6.24,-0.08,-1.28,22668.07,13945.143
1973,601890.SH,20130725,6.22,6.33,6.18,6.24,6.22,0.02,0.32,31629.07,19797.117
1974,601890.SH,20130724,6.23,6.25,6.1,6.22,6.25,-0.03,-0.48,25711.78,15908.501
1975,601890.SH,20130723,6.1,6.25,6.05,6.25,6.1,0.15,2.46,28752.05,17787.4
1976,601890.SH,20130722,6.0,6.1,5.94,6.1,6.1,0.0,0.0,21865.85,13161.115
1977,601890.SH,20130719,6.16,6.33,6.09,6.1,6.16,-0.06,-0.97,30106.98,18656.328
1978,601890.SH,20130718,6.23,6.23,6.09,6.16,6.22,-0.06,-0.96,23499.16,14476.717
1979,601890.SH,20130717,6.36,6.42,6.22,6.22,6.39,-0.17,-2.66,24937.86,15754.154
1980,601890.SH,20130716,6.26,6.46,6.17,6.39,6.26,0.13,2.08,44840.33,28426.01
1981,601890.SH,20130715,6.15,6.27,6.14,6.26,6.15,0.11,1.79,22214.11,13807.887
1982,601890.SH,20130712,6.23,6.3,6.14,6.15,6.26,-0.11,-1.76,27759.48,17249.232
1983,601890.SH,20130711,6.09,6.33,6.09,6.26,6.09,0.17,2.79,38391.61,23906.347
1984,601890.SH,20130710,5.95,6.09,5.88,6.09,5.91,0.18,3.05,19188.17,11530.447
1985,601890.SH,20130709,5.91,5.98,5.85,5.91,5.91,0.0,0.0,14947.6,8835.405
1986,601890.SH,20130708,6.12,6.13,5.88,5.91,6.21,-0.3,-4.83,18987.78,11359.714
1987,601890.SH,20130705,6.15,6.25,6.15,6.21,6.18,0.03,0.49,23094.37,14321.266
1988,601890.SH,20130704,6.0,6.23,6.0,6.18,6.07,0.11,1.81,29786.75,18301.469
1989,601890.SH,20130703,6.24,6.24,6.0,6.07,6.23,-0.16,-2.57,24212.38,14731.559
1990,601890.SH,20130702,6.14,6.24,6.13,6.23,6.14,0.09,1.47,21330.76,13196.581
1991,601890.SH,20130701,6.05,6.15,6.01,6.14,6.07,0.07,1.15,13665.54,8314.051
1992,601890.SH,20130628,6.0,6.17,5.95,6.07,6.05,0.02,0.33,15205.56,9228.26
1993,601890.SH,20130627,6.22,6.29,6.04,6.05,6.21,-0.16,-2.58,25156.13,15529.444
1994,601890.SH,20130626,6.27,6.27,6.02,6.21,6.2,0.01,0.16,18376.33,11290.857
1995,601890.SH,20130625,6.35,6.35,5.75,6.26,6.38,-0.12,-1.88,39622.37,24083.703
1996,601890.SH,20130624,6.78,6.79,6.3,6.38,6.85,-0.47,-6.86,30785.28,20221.444
1997,601890.SH,20130621,6.75,6.92,6.61,6.85,6.94,-0.09,-1.3,34185.96,23154.864
1998,601890.SH,20130620,6.9,7.22,6.82,6.94,6.89,0.05,0.73,53593.03,37964.801
1999,601890.SH,20130619,7.0,7.0,6.75,6.89,7.09,-0.2,-2.82,28450.06,19518.983
2000,601890.SH,20130618,7.15,7.28,7.01,7.09,7.23,-0.14,-1.94,46437.4,32958.158
2001,601890.SH,20130617,6.78,7.28,6.74,7.23,6.74,0.49,7.27,84927.03,60845.51
2002,601890.SH,20130614,6.7,6.76,6.65,6.74,6.7,0.04,0.6,19999.56,13428.768
2003,601890.SH,20130613,7.03,7.03,6.56,6.7,7.04,-0.34,-4.83,26186.34,17585.944
2004,601890.SH,20130607,7.2,7.26,6.95,7.04,7.19,-0.15,-2.09,24742.65,17528.251
2005,601890.SH,20130606,7.28,7.35,7.15,7.19,7.33,-0.14,-1.91,20609.54,14896.06
2006,601890.SH,20130605,7.33,7.45,7.25,7.33,7.33,0.0,0.0,21129.5,15507.976
2007,601890.SH,20130604,7.54,7.54,7.29,7.33,7.53,-0.2,-2.66,31428.16,23220.332
2008,601890.SH,20130603,7.51,7.6,7.51,7.53,7.54,-0.01,-0.13,22303.25,16838.556
2009,601890.SH,20130531,7.68,7.7,7.53,7.54,7.69,-0.15,-1.95,32259.0,24586.476
2010,601890.SH,20130530,7.77,7.81,7.6,7.69,7.82,-0.13,-1.66,41528.08,31970.088
2011,601890.SH,20130529,7.7,7.84,7.66,7.82,7.67,0.15,1.96,60744.6,47232.535
2012,601890.SH,20130528,7.72,7.72,7.54,7.67,7.7,-0.03,-0.39,38440.72,29372.493
2013,601890.SH,20130527,7.75,7.75,7.63,7.7,7.7,0.0,0.0,35816.13,27484.395
2014,601890.SH,20130524,7.74,7.78,7.58,7.7,7.72,-0.02,-0.26,43814.06,33537.659
2015,601890.SH,20130523,7.7,7.86,7.7,7.72,7.69,0.03,0.39,67839.41,52853.355
2016,601890.SH,20130522,7.71,7.8,7.63,7.69,7.7,-0.01,-0.13,53894.74,41598.059
2017,601890.SH,20130521,7.6,7.8,7.6,7.7,7.7,0.0,0.0,61995.38,47785.937
2018,601890.SH,20130520,7.53,7.84,7.44,7.7,7.39,0.31,4.19,82117.89,62830.578
2019,601890.SH,20130517,7.3,7.4,7.27,7.39,7.29,0.1,1.37,33784.63,24851.025
2020,601890.SH,20130516,7.28,7.36,7.18,7.29,7.25,0.04,0.55,31338.56,22852.083
2021,601890.SH,20130515,7.19,7.3,7.18,7.25,7.2,0.05,0.69,19565.46,14164.147
2022,601890.SH,20130514,7.38,7.38,7.16,7.2,7.38,-0.18,-2.44,34733.31,25151.604
2023,601890.SH,20130513,7.33,7.49,7.22,7.38,7.34,0.04,0.55,48943.98,36123.858
2024,601890.SH,20130510,7.27,7.39,7.21,7.34,7.21,0.13,1.8,48527.88,35502.103
2025,601890.SH,20130509,7.14,7.35,7.11,7.21,7.14,0.07,0.98,33460.0,24098.277
2026,601890.SH,20130508,7.07,7.21,7.07,7.14,7.07,0.07,0.99,23233.68,16627.774
2027,601890.SH,20130507,7.08,7.09,7.0,7.07,7.07,0.0,0.0,12571.97,8862.258
2028,601890.SH,20130506,7.03,7.1,6.97,7.07,6.95,0.12,1.73,17934.5,12669.436
2029,601890.SH,20130503,6.87,7.04,6.87,6.95,6.85,0.1,1.46,13740.99,9597.948
2030,601890.SH,20130502,6.85,6.91,6.81,6.85,6.85,0.0,0.0,10213.11,7007.43
2031,601890.SH,20130426,7.1,7.15,6.84,6.85,7.1,-0.25,-3.52,23613.88,16436.155
2032,601890.SH,20130425,7.21,7.22,7.08,7.1,7.23,-0.13,-1.8,20793.69,14830.842
2033,601890.SH,20130424,7.2,7.25,7.11,7.23,7.09,0.14,1.97,22017.58,15831.622
2034,601890.SH,20130423,7.3,7.3,7.04,7.09,7.34,-0.25,-3.41,32215.03,23027.106
2035,601890.SH,20130422,7.06,7.34,7.0,7.34,7.1,0.24,3.38,43185.3,31135.739
2036,601890.SH,20130419,6.92,7.12,6.92,7.1,6.96,0.14,2.01,26396.36,18646.737
2037,601890.SH,20130418,6.97,7.03,6.86,6.96,7.0,-0.04,-0.57,16491.19,11466.763
2038,601890.SH,20130417,6.98,7.06,6.92,7.0,6.97,0.03,0.43,16782.94,11716.572
2039,601890.SH,20130416,6.84,6.99,6.8,6.97,6.91,0.06,0.87,20532.62,14131.554
2040,601890.SH,20130415,7.1,7.1,6.88,6.91,7.14,-0.23,-3.22,28841.52,20101.505
2041,601890.SH,20130412,7.22,7.33,7.13,7.14,7.22,-0.08,-1.11,17987.07,12963.989
2042,601890.SH,20130411,7.36,7.4,7.2,7.22,7.41,-0.19,-2.56,24602.29,18013.435
2043,601890.SH,20130410,7.31,7.46,7.23,7.41,7.3,0.11,1.51,34987.6,25771.529
2044,601890.SH,20130409,7.33,7.36,7.26,7.3,7.33,-0.03,-0.41,23233.42,16967.474
2045,601890.SH,20130408,7.11,7.35,6.95,7.33,7.25,0.08,1.1,33144.98,23859.017
2046,601890.SH,20130403,7.12,7.32,7.11,7.25,7.11,0.14,1.97,31004.09,22383.488
2047,601890.SH,20130402,7.23,7.28,7.06,7.11,7.21,-0.1,-1.39,28034.59,20055.72
2048,601890.SH,20130401,7.17,7.29,7.17,7.21,7.2,0.01,0.14,21253.96,15366.065
2049,601890.SH,20130329,7.29,7.35,7.17,7.2,7.25,-0.05,-0.69,27086.28,19666.307
2050,601890.SH,20130328,7.6,7.62,7.25,7.25,7.64,-0.39,-5.1,45613.25,33699.678
2051,601890.SH,20130327,7.63,7.76,7.57,7.64,7.63,0.01,0.13,31689.06,24255.996
2052,601890.SH,20130326,7.82,7.83,7.52,7.63,7.83,-0.2,-2.55,43313.98,32986.1
2053,601890.SH,20130325,7.83,7.93,7.77,7.83,7.83,0.0,0.0,31772.16,24860.592
2054,601890.SH,20130322,7.78,7.86,7.76,7.83,7.85,-0.02,-0.25,27881.45,21771.09
2055,601890.SH,20130321,7.85,7.92,7.78,7.85,7.85,0.0,0.0,50909.99,39986.235
2056,601890.SH,20130320,7.64,8.0,7.58,7.85,7.6,0.25,3.29,46584.04,36247.358
2057,601890.SH,20130319,7.66,7.73,7.41,7.6,7.69,-0.09,-1.17,48629.91,36810.291
2058,601890.SH,20130318,7.9,7.96,7.67,7.69,7.93,-0.24,-3.03,44834.45,35118.167
2059,601890.SH,20130315,7.98,8.12,7.85,7.93,8.02,-0.09,-1.12,54568.43,43517.874
2060,601890.SH,20130314,8.06,8.16,7.98,8.02,8.08,-0.06,-0.74,42173.51,34020.726
2061,601890.SH,20130313,8.31,8.38,8.02,8.08,8.33,-0.25,-3.0,63427.04,51707.848
2062,601890.SH,20130312,8.45,8.49,8.1,8.33,8.47,-0.14,-1.65,111705.8,92826.369
2063,601890.SH,20130311,8.09,8.57,8.08,8.47,8.09,0.38,4.7,178922.64,150596.742
2064,601890.SH,20130308,8.2,8.26,8.07,8.09,8.18,-0.09,-1.1,44556.36,36374.698
2065,601890.SH,20130307,8.1,8.35,8.08,8.18,8.14,0.04,0.49,88451.83,72704.375
2066,601890.SH,20130306,8.05,8.16,8.05,8.14,8.05,0.09,1.12,51185.49,41541.965
2067,601890.SH,20130305,7.98,8.06,7.93,8.05,7.96,0.09,1.13,41464.23,33175.55
2068,601890.SH,20130304,8.2,8.2,7.9,7.96,8.23,-0.27,-3.28,69366.25,55465.773
2069,601890.SH,20130301,8.2,8.26,8.13,8.23,8.2,0.03,0.37,59177.07,48483.679
2070,601890.SH,20130228,8.05,8.23,8.05,8.2,8.08,0.12,1.49,73426.43,59939.362
2071,601890.SH,20130227,7.95,8.09,7.93,8.08,7.95,0.13,1.64,47449.61,38077.988
2072,601890.SH,20130226,7.97,8.14,7.91,7.95,8.03,-0.08,-1.0,51809.01,41551.345
2073,601890.SH,20130225,8.02,8.09,7.94,8.03,8.05,-0.02,-0.25,41808.56,33486.111
2074,601890.SH,20130222,7.91,8.33,7.87,8.05,7.91,0.14,1.77,94499.64,76992.104
2075,601890.SH,20130221,8.21,8.22,7.87,7.91,8.28,-0.37,-4.47,79362.17,63793.701
2076,601890.SH,20130220,8.18,8.29,8.15,8.28,8.22,0.06,0.73,44703.82,36816.326
2077,601890.SH,20130219,8.42,8.46,8.18,8.22,8.4,-0.18,-2.14,61897.21,51350.529
2078,601890.SH,20130218,8.33,8.46,8.27,8.4,8.3,0.1,1.2,64057.99,53678.108
2079,601890.SH,20130208,8.25,8.35,8.23,8.3,8.26,0.04,0.48,46817.55,38829.009
2080,601890.SH,20130207,8.44,8.44,8.2,8.26,8.4,-0.14,-1.67,74230.99,61673.132
2081,601890.SH,20130206,8.48,8.6,8.37,8.4,8.47,-0.07,-0.83,87489.82,74009.559
2082,601890.SH,20130205,8.41,8.6,8.3,8.47,8.47,0.0,0.0,112354.82,94804.737
2083,601890.SH,20130204,8.35,8.53,8.2,8.47,8.26,0.21,2.54,139449.37,117111.645
2084,601890.SH,20130201,8.19,8.45,8.09,8.26,8.22,0.04,0.49,82161.78,68277.201
2085,601890.SH,20130131,8.33,8.38,8.16,8.22,8.41,-0.19,-2.26,81509.09,67080.725
2086,601890.SH,20130130,8.23,8.48,8.15,8.41,8.29,0.12,1.45,124880.64,104323.739
2087,601890.SH,20130129,8.3,8.49,8.14,8.29,8.3,-0.01,-0.12,117405.8,97326.542
2088,601890.SH,20130128,8.12,8.45,8.11,8.3,8.07,0.23,2.85,90928.57,75517.011
2089,601890.SH,20130125,8.41,8.48,8.06,8.07,8.57,-0.5,-5.83,115031.02,94560.976
2090,601890.SH,20130124,8.4,8.69,8.24,8.57,8.4,0.17,2.02,228503.99,194904.057
2091,601890.SH,20130123,8.25,8.5,8.2,8.4,8.29,0.11,1.33,114859.99,96082.003
2092,601890.SH,20130122,8.32,8.49,8.17,8.29,8.3,-0.01,-0.12,103922.05,86496.489
2093,601890.SH,20130121,8.38,8.5,8.22,8.3,8.42,-0.12,-1.43,107557.16,89328.177
2094,601890.SH,20130118,8.25,8.78,8.25,8.42,8.29,0.13,1.57,147476.74,125404.335
2095,601890.SH,20130117,8.76,8.88,8.2,8.29,8.95,-0.66,-7.37,200025.01,170615.493
2096,601890.SH,20130116,8.39,8.98,8.18,8.95,8.34,0.61,7.31,277247.58,238080.754
2097,601890.SH,20130115,8.26,8.99,8.15,8.34,8.28,0.06,0.72,272181.71,230954.605
2098,601890.SH,20130114,7.68,8.4,7.5,8.28,7.75,0.53,6.84,250949.15,203621.309
2099,601890.SH,20130111,7.86,8.22,7.73,7.75,7.71,0.04,0.52,235243.37,186591.338
2100,601890.SH,20130110,7.53,7.73,7.45,7.71,7.52,0.19,2.53,130663.97,99421.97
2101,601890.SH,20130109,7.43,7.6,7.37,7.52,7.49,0.03,0.4,94190.92,70635.931
2102,601890.SH,20130108,7.37,7.58,7.28,7.49,7.38,0.11,1.49,99966.87,74833.103
2103,601890.SH,20130107,7.25,7.46,7.18,7.38,7.29,0.09,1.23,62748.74,46091.21
2104,601890.SH,20130104,7.44,7.49,7.18,7.29,7.44,-0.15,-2.02,70970.68,52002.905
2105,601890.SH,20121231,7.34,7.59,7.26,7.44,7.35,0.09,1.22,128113.42,95306.519
2106,601890.SH,20121228,7.11,7.46,7.09,7.35,7.14,0.21,2.94,113568.67,82699.51
2107,601890.SH,20121227,7.3,7.36,7.12,7.14,7.3,-0.16,-2.19,97022.13,70229.509
2108,601890.SH,20121226,7.18,7.33,7.13,7.3,7.16,0.14,1.96,101401.88,73350.654
2109,601890.SH,20121225,7.0,7.19,6.94,7.16,6.97,0.19,2.73,107941.75,76364.387
2110,601890.SH,20121224,6.92,7.04,6.9,6.97,6.94,0.03,0.43,39400.55,27412.262
2111,601890.SH,20121221,6.99,7.12,6.9,6.94,6.99,-0.05,-0.72,50211.53,35029.48
2112,601890.SH,20121220,6.96,7.08,6.89,6.99,7.02,-0.03,-0.43,39970.16,27906.605
2113,601890.SH,20121219,6.94,7.15,6.88,7.02,6.96,0.06,0.86,57245.77,40280.79
2114,601890.SH,20121218,7.04,7.12,6.9,6.96,7.07,-0.11,-1.56,70487.49,49359.537
2115,601890.SH,20121217,6.95,7.2,6.92,7.07,7.0,0.07,1.0,92674.92,65384.314
2116,601890.SH,20121214,6.58,7.02,6.58,7.0,6.57,0.43,6.54,96703.5,66249.45
2117,601890.SH,20121213,6.75,6.77,6.54,6.57,6.77,-0.2,-2.95,39018.72,25909.85
2118,601890.SH,20121212,6.82,6.88,6.65,6.77,6.89,-0.12,-1.74,59684.61,40350.721
2119,601890.SH,20121211,6.78,7.15,6.67,6.89,6.8,0.09,1.32,103833.49,72195.519
2120,601890.SH,20121210,6.68,6.81,6.62,6.8,6.68,0.12,1.8,59801.7,40297.272
2121,601890.SH,20121207,6.44,6.72,6.44,6.68,6.55,0.13,1.98,55561.15,36707.982
2122,601890.SH,20121206,6.48,6.8,6.44,6.55,6.48,0.07,1.08,49426.87,32672.484
2123,601890.SH,20121205,6.2,6.57,6.17,6.48,6.25,0.23,3.68,47403.96,30498.535
2124,601890.SH,20121204,6.05,6.29,6.02,6.25,6.06,0.19,3.14,33206.52,20441.803
2125,601890.SH,20121203,6.4,6.46,6.03,6.06,6.41,-0.35,-5.46,25229.18,15842.62
2126,601890.SH,20121130,6.35,6.45,6.31,6.41,6.35,0.06,0.94,21440.34,13722.594
2127,601890.SH,20121129,6.56,6.64,6.32,6.35,6.55,-0.2,-3.05,24364.94,15835.045
2128,601890.SH,20121128,6.7,6.75,6.54,6.55,6.71,-0.16,-2.38,29568.41,19556.701
2129,601890.SH,20121127,7.18,7.18,6.7,6.71,7.2,-0.49,-6.81,45594.69,31562.498
2130,601890.SH,20121126,7.23,7.36,7.19,7.2,7.18,0.02,0.28,39684.15,28910.652
2131,601890.SH,20121123,7.16,7.29,7.16,7.18,7.19,-0.01,-0.14,21491.67,15518.774
2132,601890.SH,20121122,7.35,7.35,7.19,7.19,7.39,-0.2,-2.71,27053.6,19600.185
2133,601890.SH,20121121,7.3,7.4,7.16,7.39,7.31,0.08,1.09,36413.26,26524.634
2134,601890.SH,20121120,7.2,7.36,7.18,7.31,7.22,0.09,1.25,37320.12,27049.066
2135,601890.SH,20121119,7.15,7.25,7.02,7.22,7.15,0.07,0.98,28934.89,20630.866
2136,601890.SH,20121116,7.18,7.24,7.09,7.15,7.24,-0.09,-1.24,29489.35,21059.894
2137,601890.SH,20121115,7.4,7.4,7.23,7.24,7.45,-0.21,-2.82,26917.76,19709.642
2138,601890.SH,20121114,7.44,7.48,7.36,7.45,7.43,0.02,0.27,23795.34,17644.08
2139,601890.SH,20121113,7.78,7.82,7.41,7.43,7.77,-0.34,-4.38,44156.91,33424.197
2140,601890.SH,20121112,7.68,7.96,7.6,7.77,7.7,0.07,0.91,36730.32,28559.075
2141,601890.SH,20121109,7.66,7.75,7.61,7.7,7.66,0.04,0.52,23049.88,17682.884
2142,601890.SH,20121108,7.75,7.79,7.61,7.66,7.87,-0.21,-2.67,37074.99,28631.866
2143,601890.SH,20121107,7.89,7.94,7.78,7.87,7.84,0.03,0.38,29725.76,23352.066
2144,601890.SH,20121106,7.98,8.05,7.69,7.84,7.97,-0.13,-1.63,41814.13,32610.915
2145,601890.SH,20121105,7.93,8.08,7.85,7.97,7.95,0.02,0.25,45516.84,36275.661
2146,601890.SH,20121102,7.94,8.06,7.87,7.95,7.93,0.02,0.25,35276.33,28066.656
2147,601890.SH,20121101,7.8,7.97,7.78,7.93,7.8,0.13,1.67,42178.28,33336.758
2148,601890.SH,20121031,7.79,7.86,7.72,7.8,7.78,0.02,0.26,27547.7,21456.487
2149,601890.SH,20121030,7.75,7.85,7.65,7.78,7.72,0.06,0.78,30075.81,23275.694
2150,601890.SH,20121029,7.79,7.84,7.66,7.72,7.79,-0.07,-0.9,33022.36,25545.616
2151,601890.SH,20121026,8.12,8.15,7.78,7.79,8.1,-0.31,-3.83,58775.31,46532.565
2152,601890.SH,20121025,8.07,8.16,8.02,8.1,8.05,0.05,0.62,43362.93,35104.175
2153,601890.SH,20121024,8.04,8.1,7.98,8.05,8.12,-0.07,-0.86,41246.37,33201.944
2154,601890.SH,20121023,8.16,8.22,8.08,8.12,8.2,-0.08,-0.98,53833.13,43829.425
2155,601890.SH,20121022,8.21,8.23,8.03,8.2,8.3,-0.1,-1.2,69724.58,56635.907
2156,601890.SH,20121019,8.5,8.56,8.28,8.3,8.34,-0.04,-0.48,83746.69,70332.559
2157,601890.SH,20121018,8.2,8.38,8.2,8.34,8.3,0.04,0.48,89150.01,73998.575
2158,601890.SH,20121017,8.31,8.46,8.18,8.3,8.18,0.12,1.47,127256.45,105974.502
2159,601890.SH,20121016,7.95,8.2,7.89,8.18,7.95,0.23,2.89,93024.98,75509.522
2160,601890.SH,20121015,7.96,8.07,7.82,7.95,8.01,-0.06,-0.75,49681.0,39390.936
2161,601890.SH,20121012,8.07,8.18,7.88,8.01,8.07,-0.06,-0.74,70309.69,56317.375
2162,601890.SH,20121011,8.43,8.43,8.04,8.07,8.42,-0.35,-4.16,121632.98,99633.777
2163,601890.SH,20121010,8.3,8.49,8.25,8.42,8.36,0.06,0.72,115149.57,96631.309
2164,601890.SH,20121009,8.2,8.4,8.16,8.36,8.28,0.08,0.97,120784.17,100439.456
2165,601890.SH,20121008,7.99,8.3,7.99,8.28,8.09,0.19,2.35,108449.05,88455.273
2166,601890.SH,20120928,7.89,8.1,7.83,8.09,7.96,0.13,1.63,91088.46,72958.86
2167,601890.SH,20120927,7.74,8.04,7.71,7.96,7.81,0.15,1.92,110440.38,87145.7
2168,601890.SH,20120926,8.16,8.29,7.8,7.81,8.33,-0.52,-6.24,136018.67,108850.895
2169,601890.SH,20120925,8.2,8.59,8.0,8.33,8.25,0.08,0.97,167129.68,139006.327
2170,601890.SH,20120924,8.2,8.44,8.14,8.25,8.22,0.03,0.37,125336.16,103989.273
2171,601890.SH,20120921,8.7,8.75,8.18,8.22,9.09,-0.87,-9.57,252065.26,209993.58
2172,601890.SH,20120920,8.87,9.81,8.83,9.09,8.93,0.16,1.79,345060.15,322726.746
2173,601890.SH,20120919,8.98,9.14,8.8,8.93,8.98,-0.05,-0.56,146067.59,130584.795
2174,601890.SH,20120918,9.1,9.15,8.82,8.98,9.18,-0.2,-2.18,185015.56,165801.996
2175,601890.SH,20120917,9.36,9.8,9.14,9.18,9.55,-0.37,-3.87,321079.2,302924.775
2176,601890.SH,20120914,10.1,10.57,9.11,9.55,10.1,-0.55,-5.45,455258.88,437600.729
2177,601890.SH,20120913,8.95,10.1,8.8,10.1,9.18,0.92,10.02,541846.04,523630.251
2178,601890.SH,20120912,9.45,9.68,8.74,9.18,9.03,0.15,1.66,394933.54,361316.963
2179,601890.SH,20120911,9.03,9.03,8.7,9.03,8.21,0.82,9.99,342274.85,306453.375
2180,601890.SH,20120910,8.19,8.37,8.12,8.21,8.16,0.05,0.61,69052.33,57020.512
2181,601890.SH,20120907,7.94,8.29,7.86,8.16,7.89,0.27,3.42,85368.42,69045.42
2182,601890.SH,20120906,7.82,7.91,7.76,7.89,7.81,0.08,1.02,38055.74,29872.861
2183,601890.SH,20120905,7.63,7.84,7.6,7.81,7.69,0.12,1.56,38834.74,30069.303
2184,601890.SH,20120904,7.82,7.94,7.66,7.69,7.82,-0.13,-1.66,43329.13,33857.083
2185,601890.SH,20120903,7.64,7.83,7.64,7.82,7.66,0.16,2.09,34657.33,26896.86
2186,601890.SH,20120831,7.64,7.71,7.5,7.66,7.64,0.02,0.26,26875.55,20493.327
2187,601890.SH,20120830,7.68,7.77,7.43,7.64,7.73,-0.09,-1.16,48516.41,36876.822
2188,601890.SH,20120829,7.77,7.97,7.72,7.73,7.75,-0.02,-0.26,42156.94,33044.619
2189,601890.SH,20120828,7.58,7.83,7.58,7.75,7.66,0.09,1.17,32258.34,24946.345
2190,601890.SH,20120827,8.0,8.0,7.65,7.66,8.11,-0.45,-5.55,65449.64,51087.379
2191,601890.SH,20120824,8.39,8.58,8.1,8.11,8.42,-0.31,-3.68,69423.93,58016.049
2192,601890.SH,20120823,8.44,8.52,8.32,8.42,8.44,-0.02,-0.24,60549.05,50899.214
2193,601890.SH,20120822,8.4,8.62,8.32,8.44,8.44,0.0,0.0,98198.29,82929.096
2194,601890.SH,20120821,8.15,8.51,8.12,8.44,8.19,0.25,3.05,97376.12,81270.36
2195,601890.SH,20120820,8.15,8.26,8.0,8.19,8.32,-0.13,-1.56,64323.57,52181.539
2196,601890.SH,20120817,8.31,8.42,8.17,8.32,8.44,-0.12,-1.42,75811.98,62666.298
2197,601890.SH,20120816,8.23,8.66,8.05,8.44,8.25,0.19,2.3,139293.99,117721.034
2198,601890.SH,20120815,8.2,8.6,8.18,8.25,8.24,0.01,0.12,100880.33,84774.581
2199,601890.SH,20120814,8.3,8.3,7.92,8.24,8.28,-0.04,-0.48,75383.97,61233.192
2200,601890.SH,20120813,8.28,8.41,8.2,8.28,8.25,0.03,0.36,79483.12,66011.916
2201,601890.SH,20120810,8.25,8.39,8.18,8.25,8.4,-0.15,-1.79,68518.92,56650.613
2202,601890.SH,20120809,8.23,8.78,8.19,8.4,8.16,0.24,2.94,132375.81,111992.81
2203,601890.SH,20120808,8.33,8.33,8.06,8.16,8.32,-0.16,-1.92,74714.71,61042.446
2204,601890.SH,20120807,8.17,8.37,8.1,8.32,8.19,0.13,1.59,101202.08,83521.482
2205,601890.SH,20120806,7.98,8.25,7.91,8.19,8.03,0.16,1.99,91993.24,74441.862
2206,601890.SH,20120803,7.71,8.05,7.71,8.03,7.74,0.29,3.75,74277.25,58659.192
2207,601890.SH,20120802,7.9,8.06,7.6,7.74,7.92,-0.18,-2.27,58563.1,45876.266
2208,601890.SH,20120801,7.8,8.11,7.77,7.92,7.81,0.11,1.41,67747.45,53804.612
2209,601890.SH,20120731,8.06,8.1,7.71,7.81,8.17,-0.36,-4.41,77195.33,60690.568
2210,601890.SH,20120730,7.78,8.38,7.76,8.17,7.81,0.36,4.61,139153.92,112922.795
2211,601890.SH,20120727,7.95,8.04,7.7,7.81,7.92,-0.11,-1.39,76692.56,60353.148
2212,601890.SH,20120726,8.16,8.26,7.89,7.92,8.25,-0.33,-4.0,131237.05,105813.294
2213,601890.SH,20120725,7.43,8.25,7.38,8.25,7.5,0.75,10.0,175594.76,140258.72
2214,601890.SH,20120724,7.36,7.53,7.3,7.5,7.37,0.13,1.76,36824.33,27472.497
2215,601890.SH,20120723,7.42,7.47,7.21,7.37,7.52,-0.15,-1.99,44701.37,32836.047
2216,601890.SH,20120720,7.61,7.78,7.5,7.52,7.65,-0.13,-1.7,48496.44,37130.889
2217,601890.SH,20120719,7.61,7.78,7.5,7.65,7.7,-0.05,-0.65,71485.23,54834.036
2218,601890.SH,20120718,7.39,7.78,7.36,7.7,7.49,0.21,2.8,78101.01,59461.421
2219,601890.SH,20120717,7.23,7.59,7.23,7.49,7.63,-0.14,-1.83,68019.16,50458.371
2220,601890.SH,20120716,8.46,8.46,7.63,7.63,8.48,-0.85,-10.02,151221.71,117489.274
2221,601890.SH,20120713,8.45,8.74,8.39,8.48,8.53,-0.05,-0.59,95602.06,81860.015
2222,601890.SH,20120712,8.46,8.63,8.25,8.53,8.51,0.02,0.24,93626.56,79170.653
2223,601890.SH,20120711,8.32,8.52,8.14,8.51,8.33,0.18,2.16,81861.87,68448.167
2224,601890.SH,20120710,8.44,8.57,8.18,8.33,8.57,-0.24,-2.8,90581.35,75482.199
2225,601890.SH,20120709,8.66,9.03,8.48,8.57,8.87,-0.3,-3.38,125636.57,110434.672
2226,601890.SH,20120706,8.75,8.88,8.35,8.87,8.71,0.16,1.84,155542.1,133626.962
2227,601890.SH,20120705,8.65,9.1,8.52,8.71,8.78,-0.07,-0.8,198969.44,176119.676
2228,601890.SH,20120704,8.98,9.1,8.62,8.78,8.57,0.21,2.45,288777.89,255394.567
2229,601890.SH,20120703,7.97,8.57,7.93,8.57,7.79,0.78,10.01,98943.34,83470.566
2230,601890.SH,20120702,7.87,7.97,7.71,7.79,7.81,-0.02,-0.26,48194.81,37651.219
2231,601890.SH,20120629,7.59,7.84,7.48,7.81,7.68,0.13,1.69,47137.16,36119.153
2232,601890.SH,20120628,8.06,8.12,7.66,7.68,7.97,-0.29,-3.64,62777.17,49819.594
2233,601890.SH,20120627,7.9,8.35,7.9,7.97,7.82,0.15,1.92,115814.67,94410.755
2234,601890.SH,20120626,7.48,7.88,7.42,7.82,7.59,0.23,3.03,50657.1,38789.13
2235,601890.SH,20120625,7.77,7.93,7.56,7.59,7.77,-0.18,-2.32,44309.47,34525.973
2236,601890.SH,20120621,8.02,8.02,7.75,7.77,8.05,-0.28,-3.48,45356.53,35502.388
2237,601890.SH,20120620,8.16,8.16,7.99,8.05,8.13,-0.08,-0.98,35969.69,28980.287
2238,601890.SH,20120619,8.24,8.24,8.06,8.13,8.24,-0.11,-1.34,38356.77,31144.483
2239,601890.SH,20120618,8.18,8.31,8.14,8.24,8.18,0.06,0.73,40685.64,33496.876
2240,601890.SH,20120615,8.14,8.21,7.99,8.18,8.13,0.05,0.62,42787.2,34734.734
2241,601890.SH,20120614,8.16,8.25,8.09,8.13,8.16,-0.03,-0.37,40913.77,33442.504
2242,601890.SH,20120613,8.11,8.18,8.03,8.16,8.09,0.07,0.87,44353.15,36014.307
2243,601890.SH,20120612,8.14,8.33,8.01,8.19,8.17,0.02,0.24,53458.18,43748.701
2244,601890.SH,20120611,8.01,8.18,7.98,8.17,8.0,0.17,2.13,42512.93,34461.116
2245,601890.SH,20120608,8.01,8.09,7.94,8.0,7.96,0.04,0.5,50643.4,40534.947
2246,601890.SH,20120607,8.35,8.36,7.92,7.96,8.22,-0.26,-3.16,70410.54,56958.527
2247,601890.SH,20120606,8.11,8.38,8.09,8.22,8.15,0.07,0.86,64952.2,53458.683
2248,601890.SH,20120605,8.38,8.49,8.09,8.15,8.37,-0.22,-2.63,83426.17,68591.522
2249,601890.SH,20120604,8.7,8.84,8.35,8.37,8.97,-0.6,-6.69,92088.12,79313.958
2250,601890.SH,20120601,8.83,9.16,8.8,8.97,8.81,0.16,1.82,91717.2,82718.222
2251,601890.SH,20120531,8.91,9.02,8.76,8.81,9.02,-0.21,-2.33,76323.82,67766.079
2252,601890.SH,20120530,9.0,9.08,8.87,9.02,9.02,0.0,0.0,92297.36,82755.656
2253,601890.SH,20120529,8.85,9.09,8.73,9.02,8.87,0.15,1.69,122931.34,110370.025
2254,601890.SH,20120528,8.8,8.94,8.45,8.87,8.99,-0.12,-1.33,130378.42,113072.118
2255,601890.SH,20120525,9.41,9.42,8.9,8.99,9.57,-0.58,-6.06,195902.22,179066.085
2256,601890.SH,20120524,9.06,10.07,9.05,9.57,9.16,0.41,4.48,321309.72,309340.719
2257,601890.SH,20120523,9.17,9.2,8.83,9.16,9.23,-0.07,-0.76,113440.67,102781.016
2258,601890.SH,20120522,8.86,9.37,8.83,9.23,8.9,0.33,3.71,174781.46,159580.872
2259,601890.SH,20120521,8.9,9.14,8.6,8.9,8.79,0.11,1.25,140231.64,124074.859
2260,601890.SH,20120518,9.22,9.33,8.63,8.79,9.36,-0.57,-6.09,184314.39,164941.717
2261,601890.SH,20120517,9.18,9.37,9.1,9.36,9.28,0.08,0.86,143406.38,132625.805
2262,601890.SH,20120516,9.36,9.46,9.13,9.28,9.65,-0.37,-3.83,164679.57,152376.124
2263,601890.SH,20120514,9.56,9.73,9.34,9.65,9.69,-0.04,-0.41,277807.16,263901.041
2264,601890.SH,20120511,10.01,10.4,9.55,9.69,10.01,-0.32,-3.2,332340.17,324606.169
2265,601890.SH,20120510,10.01,10.01,9.42,10.01,9.1,0.91,10.0,592933.7,585160.83
2266,601890.SH,20120509,8.35,9.1,8.34,9.1,8.27,0.83,10.04,157653.39,141204.812
2267,601890.SH,20120508,8.0,8.35,7.96,8.27,7.98,0.29,3.63,94010.45,76883.763
2268,601890.SH,20120507,8.02,8.06,7.82,7.98,8.06,-0.08,-0.99,43250.55,34289.055
2269,601890.SH,20120504,8.01,8.08,7.98,8.06,8.0,0.06,0.75,32806.7,26334.294
2270,601890.SH,20120503,7.95,8.06,7.95,8.0,8.01,-0.01,-0.12,26796.47,21438.675
2271,601890.SH,20120502,7.96,8.07,7.89,8.01,7.85,0.16,2.04,38493.07,30769.692
2272,601890.SH,20120427,8.02,8.04,7.8,7.85,8.07,-0.22,-2.73,35147.62,27804.283
2273,601890.SH,20120426,8.0,8.11,7.91,8.07,7.98,0.09,1.13,54095.23,43356.519
2274,601890.SH,20120425,7.96,8.02,7.81,7.98,8.07,-0.09,-1.12,57565.17,45607.314
2275,601890.SH,20120424,8.5,8.5,7.69,8.07,8.54,-0.47,-5.5,89593.43,72850.271
2276,601890.SH,20120423,8.25,8.67,8.2,8.54,8.23,0.31,3.77,106422.0,89492.384
2277,601890.SH,20120420,8.16,8.25,8.09,8.23,8.19,0.04,0.49,37675.82,30810.051
2278,601890.SH,20120419,8.04,8.21,8.04,8.19,8.08,0.11,1.36,51080.63,41586.472
2279,601890.SH,20120418,7.86,8.12,7.86,8.08,7.86,0.22,2.8,39366.48,31520.98
2280,601890.SH,20120417,8.05,8.05,7.82,7.86,7.96,-0.1,-1.26,22908.6,18134.817
2281,601890.SH,20120416,7.88,8.04,7.8,7.96,7.94,0.02,0.25,26342.02,20817.457
2282,601890.SH,20120413,7.84,8.0,7.79,7.94,7.84,0.1,1.28,36643.69,28960.107
2283,601890.SH,20120412,7.71,7.85,7.63,7.84,7.68,0.16,2.08,37384.99,29085.639
2284,601890.SH,20120411,7.54,7.74,7.41,7.68,7.61,0.07,0.92,27830.2,21284.623
2285,601890.SH,20120410,7.5,7.64,7.33,7.61,7.56,0.05,0.66,22965.71,17243.428
2286,601890.SH,20120409,7.68,7.73,7.53,7.56,7.73,-0.17,-2.2,16069.3,12260.347
2287,601890.SH,20120406,7.67,7.75,7.61,7.73,7.67,0.06,0.78,23631.15,18149.684
2288,601890.SH,20120405,7.31,7.73,7.31,7.67,7.3,0.37,5.07,29738.45,22412.049
2289,601890.SH,20120330,7.36,7.42,7.25,7.3,7.3,0.0,0.0,21944.37,16047.976
2290,601890.SH,20120329,7.57,7.59,7.24,7.3,7.57,-0.27,-3.57,26774.53,19866.829
2291,601890.SH,20120328,8.08,8.08,7.56,7.57,8.08,-0.51,-6.31,36499.65,28353.853
2292,601890.SH,20120327,8.13,8.24,8.04,8.08,8.12,-0.04,-0.49,18644.99,15175.944
2293,601890.SH,20120326,8.17,8.23,8.02,8.12,8.16,-0.04,-0.49,24312.2,19712.761
2294,601890.SH,20120323,8.35,8.4,8.13,8.16,8.41,-0.25,-2.97,39461.78,32403.184
2295,601890.SH,20120322,8.4,8.53,8.37,8.41,8.37,0.04,0.48,44572.28,37700.46
2296,601890.SH,20120321,8.28,8.38,8.2,8.37,8.27,0.1,1.21,38353.09,31811.946
2297,601890.SH,20120320,8.55,8.55,8.22,8.27,8.57,-0.3,-3.5,44992.31,37649.618
2298,601890.SH,20120319,8.42,8.59,8.32,8.57,8.46,0.11,1.3,42173.03,35674.025
2299,601890.SH,20120316,8.33,8.47,8.2,8.46,8.32,0.14,1.68,57609.99,48217.11
2300,601890.SH,20120315,8.62,8.73,8.21,8.32,8.66,-0.34,-3.93,76401.3,64325.753
2301,601890.SH,20120314,9.37,9.37,8.4,8.66,9.28,-0.62,-6.68,108513.04,97812.406
2302,601890.SH,20120313,9.35,9.38,9.16,9.28,9.3,-0.02,-0.22,90464.8,83756.857
2303,601890.SH,20120312,9.06,9.32,8.94,9.3,8.97,0.33,3.68,108963.0,99180.696
2304,601890.SH,20120309,8.86,9.03,8.86,8.97,8.85,0.12,1.36,62470.56,55949.084
2305,601890.SH,20120308,8.78,8.92,8.71,8.85,8.79,0.06,0.68,58093.92,51186.568
2306,601890.SH,20120307,8.54,9.05,8.52,8.79,8.68,0.11,1.27,98272.93,86791.553
2307,601890.SH,20120306,8.77,8.84,8.63,8.68,8.88,-0.2,-2.25,60295.55,52480.216
2308,601890.SH,20120305,8.97,9.17,8.8,8.88,8.88,0.0,0.0,111455.47,100057.408
2309,601890.SH,20120302,8.64,8.91,8.6,8.88,8.61,0.27,3.14,94673.89,82865.391
2310,601890.SH,20120301,8.48,8.68,8.46,8.61,8.52,0.09,1.06,49459.56,42345.515
2311,601890.SH,20120229,8.57,8.74,8.51,8.52,8.6,-0.08,-0.93,52595.06,45243.657
2312,601890.SH,20120228,8.52,8.67,8.43,8.6,8.64,-0.04,-0.46,66653.0,57120.632
2313,601890.SH,20120227,8.66,8.87,8.63,8.64,8.64,0.0,0.0,94755.85,82871.23
2314,601890.SH,20120224,8.51,8.67,8.45,8.64,8.51,0.13,1.53,79323.99,67929.317
2315,601890.SH,20120223,8.56,8.64,8.41,8.51,8.52,-0.01,-0.12,82998.85,70722.574
2316,601890.SH,20120222,8.32,8.54,8.24,8.52,8.27,0.25,3.02,115731.95,96868.227
2317,601890.SH,20120221,8.22,8.28,8.05,8.27,8.24,0.03,0.36,61418.78,50199.613
2318,601890.SH,20120220,8.35,8.45,8.22,8.24,8.27,-0.03,-0.36,59700.97,49792.467
2319,601890.SH,20120217,8.32,8.38,8.14,8.27,8.3,-0.03,-0.36,54659.65,45281.15
2320,601890.SH,20120216,8.31,8.46,8.19,8.3,8.36,-0.06,-0.72,85278.22,71003.26
2321,601890.SH,20120215,8.08,8.36,8.03,8.36,8.14,0.22,2.7,96186.75,79044.398
2322,601890.SH,20120214,8.19,8.26,8.04,8.14,8.18,-0.04,-0.49,67948.75,55242.05
2323,601890.SH,20120213,8.05,8.26,8.02,8.18,8.13,0.05,0.62,91997.89,74806.521
2324,601890.SH,20120210,7.97,8.15,7.92,8.13,8.01,0.12,1.5,89311.59,71476.889
2325,601890.SH,20120209,7.8,8.06,7.78,8.01,7.88,0.13,1.65,86164.93,68440.75
2326,601890.SH,20120208,7.63,7.96,7.61,7.88,7.63,0.25,3.28,75105.25,58777.781
2327,601890.SH,20120207,7.8,7.82,7.57,7.63,7.88,-0.25,-3.17,53428.99,40994.893
2328,601890.SH,20120206,7.63,7.92,7.62,7.88,7.69,0.19,2.47,77528.25,60544.51
2329,601890.SH,20120203,7.46,7.76,7.45,7.69,7.48,0.21,2.81,68495.96,52297.405
2330,601890.SH,20120202,7.34,7.49,7.3,7.48,7.36,0.12,1.63,35318.99,26179.959
2331,601890.SH,20120201,7.43,7.48,7.35,7.36,7.43,-0.07,-0.94,25381.87,18804.902
2332,601890.SH,20120131,7.43,7.48,7.33,7.43,7.46,-0.03,-0.4,25568.83,18938.473
2333,601890.SH,20120130,7.42,7.58,7.36,7.46,7.41,0.05,0.67,42829.33,32052.763
2334,601890.SH,20120120,7.32,7.44,7.31,7.41,7.33,0.08,1.09,30578.06,22603.981
2335,601890.SH,20120119,7.32,7.41,7.2,7.33,7.32,0.01,0.14,35513.04,26022.033
2336,601890.SH,20120118,7.43,7.6,7.27,7.32,7.42,-0.1,-1.35,61552.48,45724.389
2337,601890.SH,20120117,6.94,7.45,6.94,7.42,6.94,0.48,6.92,64893.56,47000.682
2338,601890.SH,20120116,7.14,7.22,6.93,6.94,7.27,-0.33,-4.54,42038.44,29817.3
2339,601890.SH,20120113,7.8,7.85,7.21,7.27,7.8,-0.53,-6.79,76608.11,56870.502
2340,601890.SH,20120112,7.67,8.0,7.63,7.8,7.72,0.08,1.04,73221.04,57352.479
2341,601890.SH,20120111,7.7,7.88,7.6,7.72,7.73,-0.01,-0.13,71906.05,55665.592
2342,601890.SH,20120110,7.4,7.81,7.36,7.73,7.45,0.28,3.76,98037.99,74879.361
2343,601890.SH,20120109,7.14,7.48,7.03,7.45,7.15,0.3,4.2,82620.09,60405.71
2344,601890.SH,20120106,6.99,7.18,6.89,7.15,7.08,0.07,0.99,60277.27,42383.987
2345,601890.SH,20120105,7.6,7.6,7.04,7.08,7.71,-0.63,-8.17,91523.57,66550.81
2346,601890.SH,20120104,8.43,8.47,7.7,7.71,8.4,-0.69,-8.21,94168.59,76691.61
2347,601890.SH,20111230,8.78,8.9,8.35,8.4,8.63,-0.23,-2.67,144346.66,122444.22
2348,601890.SH,20111229,8.63,8.8,8.43,8.63,8.72,-0.09,-1.03,144382.69,124558.384
2349,601890.SH,20111228,8.64,8.98,8.04,8.72,8.71,0.01,0.11,141128.44,118021.489
2350,601890.SH,20111227,8.61,9.2,8.57,8.71,9.52,-0.81,-8.51,104282.13,91849.591
2351,601890.SH,20111226,10.0,10.0,9.52,9.52,10.58,-1.06,-10.02,90641.44,86549.981
2352,601890.SH,20111223,11.85,11.93,10.58,10.58,11.75,-1.17,-9.96,128869.07,144634.37
2353,601890.SH,20111222,11.72,12.2,11.52,11.75,12.03,-0.28,-2.33,90304.34,106225.799
2354,601890.SH,20111221,12.35,12.35,11.92,12.03,12.19,-0.16,-1.31,57725.35,69650.967
2355,601890.SH,20111220,12.29,12.29,12.05,12.19,12.19,0.0,0.0,63966.83,77866.641
2356,601890.SH,20111219,12.2,12.25,11.76,12.19,12.19,0.0,0.0,92018.02,111170.662
2357,601890.SH,20111216,12.1,12.27,11.95,12.19,12.07,0.12,0.99,114814.9,138856.825
2358,601890.SH,20111215,11.81,12.27,11.7,12.07,12.15,-0.08,-0.66,112629.03,136231.668
2359,601890.SH,20111214,12.0,12.2,11.31,12.15,12.19,-0.04,-0.33,113358.79,131992.697
2360,601890.SH,20111213,13.0,13.0,11.9,12.19,13.13,-0.94,-7.16,114947.0,143428.398
2361,601890.SH,20111212,13.28,13.59,12.91,13.13,13.15,-0.02,-0.15,181497.89,239390.553
2362,601890.SH,20111209,13.15,13.25,12.76,13.15,13.08,0.07,0.54,142999.54,186387.393
2363,601890.SH,20111208,13.2,13.3,12.63,13.08,13.08,0.0,0.0,143676.83,187278.672
2364,601890.SH,20111207,13.18,13.38,12.87,13.08,13.22,-0.14,-1.06,118801.99,155760.478
2365,601890.SH,20111206,13.38,13.5,12.71,13.22,13.22,0.0,0.0,140941.74,184082.382
2366,601890.SH,20111205,13.28,13.45,12.93,13.22,13.23,-0.01,-0.08,112174.21,147960.157
2367,601890.SH,20111202,13.08,13.38,12.74,13.23,13.11,0.12,0.92,126575.86,166243.742
2368,601890.SH,20111201,12.7,13.43,12.5,13.11,12.46,0.65,5.22,121766.32,158260.403
2369,601890.SH,20111130,12.54,12.64,12.16,12.46,12.72,-0.26,-2.04,58041.25,71909.511
2370,601890.SH,20111129,12.31,12.93,12.3,12.72,12.21,0.51,4.18,38656.37,48572.486
2371,601890.SH,20111128,12.23,12.3,12.07,12.21,12.13,0.08,0.66,18724.49,22856.182
2372,601890.SH,20111125,12.06,12.35,12.05,12.13,12.19,-0.06,-0.49,15814.04,19372.538
2373,601890.SH,20111124,11.93,12.33,11.93,12.19,12.17,0.02,0.16,20908.98,25425.829
2374,601890.SH,20111123,11.91,12.31,11.76,12.17,11.9,0.27,2.27,33833.45,41037.956
2375,601890.SH,20111122,11.84,11.91,11.7,11.9,11.94,-0.04,-0.34,15011.39,17738.501
2376,601890.SH,20111121,12.25,12.25,11.75,11.94,12.24,-0.3,-2.45,22811.1,27201.353
2377,601890.SH,20111118,12.63,12.69,12.0,12.24,12.68,-0.44,-3.47,24013.83,29581.575
2378,601890.SH,20111117,12.78,12.87,12.64,12.68,12.78,-0.1,-0.78,15808.8,20165.806
2379,601890.SH,20111116,13.2,13.25,12.72,12.78,13.18,-0.4,-3.03,31694.57,40963.218
2380,601890.SH,20111115,13.1,13.39,13.06,13.18,13.1,0.08,0.61,34574.84,45743.652
2381,601890.SH,20111114,13.05,13.18,12.93,13.1,12.87,0.23,1.79,23493.46,30781.564
2382,601890.SH,20111111,12.79,13.15,12.68,12.87,12.69,0.18,1.42,29160.77,37558.254
2383,601890.SH,20111110,13.01,13.01,12.68,12.69,13.18,-0.49,-3.72,32743.85,42120.37
2384,601890.SH,20111109,12.95,13.39,12.92,13.18,12.93,0.25,1.93,34639.59,45380.027
2385,601890.SH,20111108,12.88,13.12,12.85,12.93,12.87,0.06,0.47,26753.61,34666.546
2386,601890.SH,20111107,13.08,13.19,12.83,12.87,13.18,-0.31,-2.35,35366.85,45901.92
2387,601890.SH,20111104,13.22,13.5,12.97,13.18,13.11,0.07,0.53,48269.48,63664.771
2388,601890.SH,20111103,13.3,13.54,13.1,13.11,13.34,-0.23,-1.72,67971.98,90427.95
2389,601890.SH,20111102,12.82,13.35,12.71,13.34,13.08,0.26,1.99,58092.21,75883.662
2390,601890.SH,20111101,12.7,13.19,12.61,13.08,12.88,0.2,1.55,52808.9,68640.558
2391,601890.SH,20111031,13.04,13.09,12.76,12.88,13.04,-0.16,-1.23,45819.21,59040.67
2392,601890.SH,20111028,12.91,13.17,12.78,13.04,12.76,0.28,2.19,71800.68,93145.347
2393,601890.SH,20111027,12.7,13.1,12.58,12.76,12.69,0.07,0.55,71572.33,91965.614
2394,601890.SH,20111026,12.55,12.8,12.43,12.69,12.75,-0.06,-0.47,74183.91,93883.336
2395,601890.SH,20111025,12.48,12.87,12.4,12.75,12.66,0.09,0.71,75191.02,95327.644
2396,601890.SH,20111024,11.83,12.75,11.72,12.66,11.82,0.84,7.11,65175.62,80342.676
2397,601890.SH,20111021,11.88,12.03,11.71,11.82,11.85,-0.03,-0.25,17763.81,21076.363
2398,601890.SH,20111020,12.22,12.3,11.69,11.85,12.39,-0.54,-4.36,29592.74,35576.155
2399,601890.SH,20111019,12.36,12.5,12.13,12.39,12.36,0.03,0.24,33030.55,40838.885
2400,601890.SH,20111018,12.49,12.7,12.15,12.36,12.56,-0.2,-1.59,55304.72,68554.963
2401,601890.SH,20111017,12.51,12.85,12.37,12.56,12.73,-0.17,-1.34,81521.12,101966.976
2402,601890.SH,20111014,12.64,12.99,12.5,12.73,12.86,-0.13,-1.01,125805.21,159426.359
2403,601890.SH,20111013,12.09,12.88,12.02,12.86,12.19,0.67,5.5,86482.42,107560.16
2404,601890.SH,20111012,11.25,12.28,11.1,12.19,11.32,0.87,7.69,67379.03,80916.668
2405,601890.SH,20111011,11.35,11.53,11.13,11.32,11.15,0.17,1.52,8107.77,9173.173
2406,601890.SH,20111010,11.25,11.3,11.13,11.15,11.22,-0.07,-0.62,4541.9,5082.976
2407,601890.SH,20110930,11.3,11.42,11.16,11.22,11.27,-0.05,-0.44,5412.71,6094.91
2408,601890.SH,20110929,11.62,11.67,11.26,11.27,11.67,-0.4,-3.43,9926.56,11360.828
2409,601890.SH,20110928,11.92,12.1,11.62,11.67,11.71,-0.04,-0.34,9462.38,11183.75
2410,601890.SH,20110927,11.75,11.83,11.64,11.71,11.75,-0.04,-0.34,6017.0,7058.501
2411,601890.SH,20110926,11.83,12.05,11.62,11.75,11.83,-0.08,-0.68,6765.47,7959.761
2412,601890.SH,20110923,11.71,11.86,11.61,11.83,11.82,0.01,0.08,9642.45,11311.66
2413,601890.SH,20110922,12.13,12.25,11.82,11.82,12.26,-0.44,-3.59,11395.87,13736.887
2414,601890.SH,20110921,12.0,12.41,11.77,12.26,11.95,0.31,2.59,21931.44,26730.267
2415,601890.SH,20110920,11.7,12.19,11.53,11.95,11.71,0.24,2.05,15953.14,18902.855
2416,601890.SH,20110919,11.96,12.04,11.6,11.71,11.92,-0.21,-1.76,11714.3,13876.618
2417,601890.SH,20110916,11.99,12.07,11.92,11.92,11.96,-0.04,-0.33,6692.8,8019.351
2418,601890.SH,20110915,12.08,12.08,11.96,11.96,12.02,-0.06,-0.5,5589.24,6714.995
2419,601890.SH,20110914,11.84,12.03,11.79,12.02,11.88,0.14,1.18,6638.01,7907.569
2420,601890.SH,20110913,11.89,11.93,11.77,11.88,12.14,-0.26,-2.14,6648.2,7873.652
2421,601890.SH,20110909,12.22,12.23,11.97,12.14,12.1,0.04,0.33,7283.09,8817.456
2422,601890.SH,20110908,12.4,12.45,12.09,12.1,12.42,-0.32,-2.58,14620.18,17881.321
2423,601890.SH,20110907,12.22,12.44,12.18,12.42,12.21,0.21,1.72,12761.0,15710.018
2424,601890.SH,20110906,12.06,12.23,11.88,12.21,12.28,-0.07,-0.57,18231.62,21975.491
2425,601890.SH,20110905,12.67,12.98,12.25,12.28,12.93,-0.65,-5.03,29690.41,37481.442
2426,601890.SH,20110902,12.8,13.1,12.4,12.93,12.76,0.17,1.33,28449.95,36385.033
2427,601890.SH,20110901,12.41,12.78,12.37,12.76,12.42,0.34,2.74,25540.84,32242.562
2428,601890.SH,20110831,12.65,12.71,12.34,12.42,12.62,-0.2,-1.58,10691.37,13326.046
2429,601890.SH,20110830,12.86,12.96,12.6,12.62,12.77,-0.15,-1.17,13535.89,17348.614
2430,601890.SH,20110829,12.8,12.89,12.7,12.77,12.84,-0.07,-0.55,11426.61,14610.054
2431,601890.SH,20110826,12.78,12.91,12.7,12.84,12.78,0.06,0.47,14874.82,19053.465
2432,601890.SH,20110825,12.51,12.82,12.46,12.78,12.51,0.27,2.16,20268.47,25736.978
2433,601890.SH,20110824,12.52,12.77,12.47,12.51,12.48,0.03,0.24,15540.04,19619.643
2434,601890.SH,20110823,12.47,12.5,12.28,12.48,12.3,0.18,1.46,11532.34,14313.229
2435,601890.SH,20110822,12.32,12.48,12.25,12.3,12.33,-0.03,-0.24,10179.81,12573.61
2436,601890.SH,20110819,12.38,12.43,12.18,12.33,12.54,-0.21,-1.67,19411.18,23816.445
2437,601890.SH,20110818,12.84,12.95,12.51,12.54,12.86,-0.32,-2.49,15937.46,20208.659
2438,601890.SH,20110817,12.98,13.1,12.85,12.86,13.09,-0.23,-1.76,13934.1,18054.774
2439,601890.SH,20110816,13.36,13.36,13.0,13.09,13.5,-0.41,-3.04,30797.38,40562.935
2440,601890.SH,20110815,13.33,13.51,13.2,13.5,13.23,0.27,2.04,19097.23,25527.448
2441,601890.SH,20110812,13.2,13.35,13.11,13.23,13.02,0.21,1.61,21169.19,28000.238
2442,601890.SH,20110811,12.55,13.05,12.5,13.02,12.93,0.09,0.7,13890.01,17923.82
2443,601890.SH,20110810,13.25,13.4,12.85,12.93,12.95,-0.02,-0.15,27957.44,36670.744
2444,601890.SH,20110809,12.5,13.3,12.24,12.95,12.86,0.09,0.7,23582.54,30228.007
2445,601890.SH,20110808,13.41,13.65,12.6,12.86,13.93,-1.07,-7.68,23028.59,30266.325
2446,601890.SH,20110805,13.6,14.2,13.31,13.93,13.98,-0.05,-0.36,17640.72,24420.591
2447,601890.SH,20110804,14.06,14.22,13.96,13.98,14.05,-0.07,-0.5,14250.19,20062.988
2448,601890.SH,20110803,13.49,14.18,13.28,14.05,13.56,0.49,3.61,21064.49,28896.475
2449,601890.SH,20110802,13.9,13.95,13.21,13.56,13.9,-0.34,-2.45,14758.02,19983.35
2450,601890.SH,20110801,13.88,14.06,13.88,13.9,13.87,0.03,0.22,10656.09,14876.539
2451,601890.SH,20110729,14.41,14.44,13.7,13.87,14.41,-0.54,-3.75,30817.9,43176.617
2452,601890.SH,20110728,14.62,14.85,14.29,14.41,14.74,-0.33,-2.24,25088.76,36486.742
2453,601890.SH,20110727,14.52,14.92,14.18,14.74,14.41,0.33,2.29,31837.18,46763.924
2454,601890.SH,20110726,14.22,14.5,13.86,14.41,14.26,0.15,1.05,24324.54,34468.474
2455,601890.SH,20110725,14.6,15.09,14.22,14.26,14.63,-0.37,-2.53,33575.49,49388.731
2456,601890.SH,20110722,14.64,14.79,14.6,14.63,14.62,0.01,0.07,14477.94,21251.696
2457,601890.SH,20110721,14.99,14.99,14.6,14.62,14.99,-0.37,-2.47,25749.11,37942.933
2458,601890.SH,20110720,15.11,15.21,14.85,14.99,14.99,0.0,0.0,20883.32,31424.639
2459,601890.SH,20110719,15.26,15.26,14.73,14.99,15.25,-0.26,-1.7,36149.63,54015.81
2460,601890.SH,20110718,15.14,15.54,15.14,15.25,15.21,0.04,0.26,38433.87,59060.569
2461,601890.SH,20110715,15.4,15.57,15.11,15.21,15.41,-0.2,-1.3,46503.84,71193.522
2462,601890.SH,20110714,15.38,15.96,15.38,15.41,15.43,-0.02,-0.13,61696.28,96462.021
2463,601890.SH,20110713,15.18,15.5,14.88,15.43,15.08,0.35,2.32,67098.07,102286.659
2464,601890.SH,20110712,15.27,15.6,15.07,15.08,15.43,-0.35,-2.27,63767.61,97656.888
2465,601890.SH,20110711,15.03,15.54,14.94,15.43,15.18,0.25,1.65,68506.15,104647.594
2466,601890.SH,20110708,14.73,15.22,14.71,15.18,14.79,0.39,2.64,75697.69,113862.185
2467,601890.SH,20110707,14.44,15.03,14.42,14.79,14.51,0.28,1.93,78691.25,116657.881
2468,601890.SH,20110706,14.56,14.57,14.34,14.51,14.68,-0.17,-1.16,29360.88,42415.191
2469,601890.SH,20110705,14.56,14.9,14.47,14.68,14.55,0.13,0.89,56145.5,82632.459
2470,601890.SH,20110704,14.4,14.65,14.3,14.55,14.23,0.32,2.25,39771.06,57690.232
2471,601890.SH,20110701,14.48,14.49,14.19,14.23,14.45,-0.22,-1.52,43730.46,62596.029
2472,601890.SH,20110630,14.27,14.53,14.27,14.45,14.36,0.09,0.63,32501.42,46861.549
2473,601890.SH,20110629,14.51,14.63,14.25,14.36,14.51,-0.15,-1.03,37105.75,53519.65
2474,601890.SH,20110628,14.57,14.71,14.31,14.51,14.66,-0.15,-1.02,54781.82,79267.547
2475,601890.SH,20110627,14.2,14.92,14.2,14.66,14.2,0.46,3.24,100840.44,147225.104
2476,601890.SH,20110624,13.63,14.39,13.5,14.2,13.65,0.55,4.03,80920.3,114525.399
2477,601890.SH,20110623,13.5,13.7,13.2,13.65,13.51,0.14,1.04,23328.93,31543.673
2478,601890.SH,20110622,13.69,13.84,13.48,13.51,13.66,-0.15,-1.1,19920.31,27097.168
2479,601890.SH,20110621,13.39,13.67,13.26,13.66,13.33,0.33,2.48,27329.57,36857.106
2480,601890.SH,20110620,13.27,13.38,13.0,13.33,13.27,0.06,0.45,20160.7,26568.51
2481,601890.SH,20110617,13.32,13.57,13.04,13.27,13.45,-0.18,-1.34,27999.39,37326.653
2482,601890.SH,20110616,13.39,13.88,13.27,13.45,13.43,0.02,0.15,42575.55,58144.348
2483,601890.SH,20110615,13.73,13.95,13.42,13.43,13.96,-0.53,-3.8,33199.47,45378.738
2484,601890.SH,20110614,13.7,14.09,13.58,13.96,13.95,0.01,0.07,60068.06,83015.292
2485,601890.SH,20110613,12.92,14.29,12.78,13.95,12.99,0.96,7.39,101593.53,141853.276
2486,601890.SH,20110610,12.41,13.09,12.41,12.99,12.53,0.46,3.67,31227.89,40238.158
2487,601890.SH,20110609,12.88,13.07,12.52,12.53,13.04,-0.51,-3.91,12562.61,16103.122
2488,601890.SH,20110608,12.87,13.5,12.55,13.04,12.79,0.25,1.95,12702.64,16642.15
2489,601890.SH,20110607,16.63,16.83,16.62,16.78,16.63,0.15,0.9,10381.8,17363.823
2490,601890.SH,20110603,16.49,16.64,16.23,16.63,16.32,0.31,1.9,7442.9,12291.732
2491,601890.SH,20110602,16.46,16.64,16.16,16.32,16.66,-0.34,-2.04,9381.65,15381.632
2492,601890.SH,20110601,16.45,16.67,16.32,16.66,16.36,0.3,1.83,11643.68,19249.475
2493,601890.SH,20110531,16.03,16.37,16.03,16.36,16.03,0.33,2.06,8592.35,13944.01
2494,601890.SH,20110530,16.09,16.3,15.98,16.03,16.19,-0.16,-0.99,8799.73,14210.016
2495,601890.SH,20110527,16.7,16.7,15.98,16.19,16.61,-0.42,-2.53,14585.47,23699.109
2496,601890.SH,20110526,16.87,16.89,16.6,16.61,16.87,-0.26,-1.54,10965.33,18337.095
2497,601890.SH,20110525,17.0,17.05,16.6,16.87,17.07,-0.2,-1.17,13968.17,23412.594
2498,601890.SH,20110524,17.2,17.38,16.7,17.07,17.18,-0.11,-0.64,14135.59,23988.412
2499,601890.SH,20110523,18.4,18.49,17.1,17.18,18.52,-1.34,-7.24,26806.61,47535.519
2500,601890.SH,20110520,18.52,18.64,18.49,18.52,18.57,-0.05,-0.27,6401.37,11863.515
2501,601890.SH,20110519,18.62,18.78,18.46,18.57,18.62,-0.05,-0.27,7054.71,13141.797
2502,601890.SH,20110518,18.63,18.65,18.51,18.62,18.62,0.0,0.0,8446.62,15702.321
2503,601890.SH,20110517,18.77,18.77,18.31,18.62,18.71,-0.09,-0.48,11963.85,22198.083
2504,601890.SH,20110516,18.85,18.89,18.63,18.71,18.88,-0.17,-0.9,7959.75,14934.672
2505,601890.SH,20110513,18.72,18.9,18.6,18.88,18.98,-0.1,-0.53,10810.79,20235.083
2506,601890.SH,20110511,18.98,19.03,18.87,18.98,18.94,0.04,0.21,12541.67,23799.093
2507,601890.SH,20110510,18.99,18.99,18.81,18.94,18.95,-0.01,-0.05,9483.67,17902.1
2508,601890.SH,20110509,18.9,19.09,18.9,18.95,18.88,0.07,0.37,14349.96,27270.258
2509,601890.SH,20110506,18.85,18.99,18.69,18.88,18.86,0.02,0.11,11494.0,21655.996
2510,601890.SH,20110505,18.72,18.98,18.72,18.86,18.68,0.18,0.96,11566.5,21780.758
2511,601890.SH,20110504,19.15,19.28,18.65,18.68,19.26,-0.58,-3.01,19290.88,36437.638
2512,601890.SH,20110503,18.9,19.35,18.9,19.26,18.9,0.36,1.9,13551.27,25941.161
2513,601890.SH,20110429,18.84,18.96,18.6,18.9,18.89,0.01,0.05,15771.84,29613.055
2514,601890.SH,20110428,18.93,19.65,18.84,18.89,18.89,0.0,0.0,22157.25,42466.646
2515,601890.SH,20110427,19.0,19.15,18.82,18.89,18.95,-0.06,-0.32,13269.66,25166.981
2516,601890.SH,20110426,19.3,19.41,18.81,18.95,19.29,-0.34,-1.76,18037.17,34261.897
2517,601890.SH,20110425,19.63,19.63,19.25,19.29,19.55,-0.26,-1.33,21255.99,41318.439
2518,601890.SH,20110422,19.25,19.9,19.25,19.55,19.45,0.1,0.51,36893.23,72525.012
2519,601890.SH,20110421,19.28,19.47,19.17,19.45,19.27,0.18,0.93,23492.08,45413.241
2520,601890.SH,20110420,19.15,19.3,19.11,19.27,19.11,0.16,0.84,14882.34,28602.792
2521,601890.SH,20110419,19.25,19.25,19.01,19.11,19.35,-0.24,-1.24,16276.36,31119.02
2522,601890.SH,20110418,18.89,19.45,18.59,19.35,18.88,0.47,2.49,37889.5,72110.184
2523,601890.SH,20110415,19.2,19.22,18.83,18.88,19.2,-0.32,-1.67,30226.39,57318.342
2524,601890.SH,20110414,19.3,19.31,19.16,19.2,19.32,-0.12,-0.62,16048.64,30837.165
2525,601890.SH,20110413,19.13,19.34,19.03,19.32,19.19,0.13,0.68,15906.49,30512.139
2526,601890.SH,20110412,19.2,19.37,19.08,19.19,19.22,-0.03,-0.16,22714.94,43531.579
2527,601890.SH,20110411,19.45,19.52,19.21,19.22,19.4,-0.18,-0.93,20582.47,39884.854
2528,601890.SH,20110408,19.18,19.44,19.15,19.4,19.22,0.18,0.94,26993.99,51976.792
2529,601890.SH,20110407,19.51,19.69,19.1,19.22,19.5,-0.28,-1.44,32405.44,62355.87
2530,601890.SH,20110406,19.53,19.88,19.41,19.5,19.53,-0.03,-0.15,29527.76,57722.176
2531,601890.SH,20110401,19.26,19.54,19.2,19.53,19.19,0.34,1.77,15739.86,30556.477
2532,601890.SH,20110331,19.35,19.4,19.01,19.19,19.55,-0.36,-1.84,31065.62,59702.407
2533,601890.SH,20110330,20.29,20.29,18.88,19.55,20.53,-0.98,-4.77,58352.29,113389.909
2534,601890.SH,20110329,21.11,21.13,20.5,20.53,21.14,-0.61,-2.89,26773.67,55379.741
2535,601890.SH,20110328,21.55,21.79,21.09,21.14,21.51,-0.37,-1.72,35076.84,74762.713
2536,601890.SH,20110325,20.9,21.6,20.9,21.51,20.91,0.6,2.87,33773.2,72171.064
2537,601890.SH,20110324,21.02,21.1,20.8,20.91,20.94,-0.03,-0.14,14353.29,30056.226
2538,601890.SH,20110323,20.8,20.95,20.7,20.94,20.8,0.14,0.67,18000.37,37514.57
2539,601890.SH,20110322,20.73,20.93,20.5,20.8,20.8,0.0,0.0,13659.52,28338.091
2540,601890.SH,20110321,20.65,21.0,20.65,20.8,20.67,0.13,0.63,12204.92,25356.489
2541,601890.SH,20110318,20.59,20.82,20.5,20.67,20.53,0.14,0.68,12506.86,25838.03
2542,601890.SH,20110317,21.1,21.1,20.5,20.53,21.15,-0.62,-2.93,27899.9,57708.412
2543,601890.SH,20110316,21.15,21.3,21.03,21.15,21.16,-0.01,-0.05,25522.18,53982.837
2544,601890.SH,20110315,21.59,21.72,20.83,21.16,21.72,-0.56,-2.58,32969.42,69774.576
2545,601890.SH,20110314,21.58,22.05,21.5,21.72,22.05,-0.33,-1.5,35560.5,77003.346
2546,601890.SH,20110311,22.1,22.45,21.99,22.05,22.07,-0.02,-0.09,35156.35,78107.413
2547,601890.SH,20110310,22.34,22.78,22.02,22.07,22.32,-0.25,-1.12,59178.71,132299.406
2548,601890.SH,20110309,21.55,22.36,21.55,22.32,21.49,0.83,3.86,74660.28,164533.618
2549,601890.SH,20110308,21.19,21.69,21.04,21.49,21.19,0.3,1.42,30782.98,65962.275
2550,601890.SH,20110307,21.12,21.28,20.99,21.19,21.17,0.02,0.09,27421.8,57924.404
2551,601890.SH,20110304,20.94,21.19,20.92,21.17,20.95,0.22,1.05,17074.83,35943.581
2552,601890.SH,20110303,21.59,21.96,20.95,20.95,21.76,-0.81,-3.72,41166.69,87953.786
2553,601890.SH,20110301,21.95,22.45,21.68,21.76,21.94,-0.18,-0.82,51364.5,113335.292
2554,601890.SH,20110228,21.56,21.99,21.56,21.94,21.54,0.4,1.86,36694.74,80132.966
2555,601890.SH,20110225,21.62,21.62,21.31,21.54,21.71,-0.17,-0.78,23486.81,50390.327
2556,601890.SH,20110224,21.65,22.22,21.65,21.71,21.54,0.17,0.79,53393.64,117118.779
2557,601890.SH,20110223,21.12,21.56,21.1,21.54,21.35,0.19,0.89,29880.1,63603.886
2558,601890.SH,20110222,21.31,21.82,21.22,21.35,21.05,0.3,1.43,94398.14,203017.742
2559,601890.SH,20110221,20.8,21.11,20.68,21.05,20.8,0.25,1.2,27780.74,58168.305
2560,601890.SH,20110218,21.2,21.33,20.79,20.8,21.33,-0.53,-2.48,33516.98,70180.389
2561,601890.SH,20110217,21.5,21.62,21.01,21.33,21.49,-0.16,-0.74,33867.06,72016.913
2562,601890.SH,20110216,20.88,21.5,20.78,21.49,20.93,0.56,2.68,42438.49,89992.038
2563,601890.SH,20110215,21.28,21.4,20.9,20.93,21.26,-0.33,-1.55,45716.07,96617.6
2564,601890.SH,20110214,21.1,21.55,20.8,21.26,21.14,0.12,0.57,57044.07,120806.779
2565,601890.SH,20110211,20.6,21.39,20.6,21.14,20.46,0.68,3.32,73160.73,154533.17
2566,601890.SH,20110210,20.01,20.48,19.72,20.46,20.01,0.45,2.25,35067.73,70662.714
2567,601890.SH,20110209,20.43,20.43,19.8,20.01,20.45,-0.44,-2.15,30306.44,60637.887
2568,601890.SH,20110201,20.66,20.95,20.39,20.45,20.24,0.21,1.04,47772.5,98394.46
2569,601890.SH,20110131,19.77,20.29,19.6,20.24,19.82,0.42,2.12,44403.36,88836.795
2570,601890.SH,20110128,19.65,19.96,19.6,19.82,19.85,-0.03,-0.15,31475.47,62288.738
2571,601890.SH,20110127,19.58,20.34,19.35,19.85,19.72,0.13,0.66,60653.37,121168.411
2572,601890.SH,20110126,19.0,19.96,18.91,19.72,19.05,0.67,3.52,46712.57,91396.037
2573,601890.SH,20110125,19.2,19.2,18.49,19.05,19.25,-0.2,-1.04,26793.49,50376.458
2574,601890.SH,20110124,19.0,19.69,18.75,19.25,18.92,0.33,1.74,45148.11,86979.01
2575,601890.SH,20110121,18.3,19.2,18.29,18.92,18.38,0.54,2.94,38437.34,72511.981
2576,601890.SH,20110120,19.13,19.2,18.36,18.38,19.28,-0.9,-4.67,32906.95,61678.443
2577,601890.SH,20110119,18.9,19.6,18.83,19.28,18.98,0.3,1.58,41239.16,79418.432
2578,601890.SH,20110118,18.62,18.99,18.4,18.98,18.62,0.36,1.93,25993.73,48768.71
2579,601890.SH,20110117,19.08,19.34,18.55,18.62,19.2,-0.58,-3.02,37343.81,70631.681
2580,601890.SH,20110114,20.0,20.0,19.11,19.2,20.14,-0.94,-4.67,63238.93,122994.741
2581,601890.SH,20110113,20.29,20.35,20.06,20.14,20.29,-0.15,-0.74,33290.14,67015.202
2582,601890.SH,20110112,20.6,20.68,20.03,20.29,20.44,-0.15,-0.73,57733.58,117224.064
2583,601890.SH,20110111,21.4,21.56,20.24,20.44,21.49,-1.05,-4.89,88256.99,183636.293
2584,601890.SH,20110110,21.43,22.13,21.38,21.49,21.53,-0.04,-0.19,61454.05,133200.415
2585,601890.SH,20110107,21.48,21.87,21.41,21.53,21.67,-0.14,-0.65,58778.91,127127.229
2586,601890.SH,20110106,21.99,22.2,21.58,21.67,22.28,-0.61,-2.74,78558.71,171363.278
2587,601890.SH,20110105,21.65,22.83,21.33,22.28,21.72,0.56,2.58,150087.46,333565.95
2588,601890.SH,20110104,21.6,21.88,21.3,21.72,21.5,0.22,1.02,98806.2,213517.478
2589,601890.SH,20101231,21.37,21.76,21.3,21.5,21.63,-0.13,-0.6,123122.85,264647.228
2590,601890.SH,20101230,21.88,22.26,21.5,21.63,22.51,-0.88,-3.91,142113.56,309845.133
2591,601890.SH,20101229,22.5,23.01,21.6,22.51,23.98,-1.47,-6.13,255501.67,565762.219
2592,601890.SH,20101228,26.0,26.66,23.92,23.98,22.5,1.48,6.58,500637.01,1262386.816
