Date,Open,High,Low,Close,AdjustedClose,Volume
1991-01-25,15,15,15,15,15,25900
1991-01-28,15.125,15.125,15,15.125,15.125,3600
1991-01-29,15.125,15.125,15,15.125,15.125,14000
1991-01-30,15.125,15.125,15,15.125,15.125,18500
1991-01-31,15.125,15.125,15.125,15.125,15.125,5400
1991-02-01,15,15.125,15,15,15,7100
1991-02-04,15.125,15.125,15.125,15.125,15.125,20200
1991-02-05,15,15.125,15,15,15,19600
1991-02-06,15,15.125,15,15,15,285200
1991-02-07,15,15.125,15,15,15,108800
1991-02-08,15.125,15.125,15,15.125,15.125,33000
1991-02-11,15,15.125,15,15,15,58300
1991-02-12,15.125,15.125,15,15.125,15.125,33100
1991-02-13,15,15.125,15,15,15,30200
1991-02-14,15.125,15.125,15,15.125,15.125,31700
1991-02-15,15,15.125,15,15,15,32100
1991-02-19,15.125,15.125,15,15.125,15.125,37500
1991-02-20,15.125,15.125,15,15.125,15.125,26200
1991-02-21,15.125,15.125,15,15.125,15.125,23600
1991-02-22,15,15.125,15,15,15,113800
1991-02-25,15.125,15.125,15,15.125,15.125,20300
1991-02-26,15,15.125,15,15,15,47100
1991-02-27,15.125,15.125,15,15.125,15.125,11800
1991-02-28,15.125,15.125,15,15.125,15.125,26200
1991-03-01,15.125,15.125,15,15.125,15.125,16700
1991-03-04,15.125,15.125,15,15.125,15.125,18000
1991-03-05,15.125,15.125,15,15.125,15.125,11800
1991-03-06,15.125,15.125,15,15.125,15.125,10600
1991-03-07,15.125,15.125,15,15.125,15.125,27000
1991-03-08,15,15.125,15,15,15,16200
1991-03-11,15.125,15.125,15,15.125,15.125,32000
1991-03-12,15.125,15.25,15,15.125,15.125,16800
1991-03-13,15.25,15.25,15,15.25,15.25,27400
1991-03-14,15.25,15.375,15.125,15.25,15.25,30800
1991-03-15,15.125,15.25,15.125,15.125,15.125,11100
1991-03-18,15.125,15.25,15.125,15.125,15.125,18000
1991-03-19,15.25,15.25,15.125,15.25,15.25,12300
1991-03-20,15.375,15.375,15.125,15.375,15.375,25000
1991-03-21,15.5,15.5,15.25,15.5,15.5,33200
1991-03-22,15.25,15.5,15.25,15.25,15.25,17000
1991-03-25,15.375,15.5,15.125,15.375,15.375,17100
1991-03-26,15.25,15.375,15.25,15.25,15.25,19500
1991-03-27,15.5,15.625,15.375,15.5,15.5,33100
1991-03-28,15.375,15.5,15.25,15.375,15.375,26900
1991-04-01,15.5,15.5,15.25,15.5,15.5,29000
1991-04-02,15.625,15.625,15.375,15.625,15.625,15000
1991-04-03,15.5,15.625,15.375,15.5,15.5,29200
1991-04-04,15.5,15.5,15.375,15.5,15.5,20100
1991-04-05,15.375,15.625,15.375,15.375,15.375,19400
1991-04-08,15.5,15.5,15.25,15.5,15.5,20000
1991-04-09,15.625,15.75,15.5,15.625,15.625,40600
1991-04-10,15.5,15.625,15.375,15.5,15.5,14300
1991-04-11,15.625,15.625,15.375,15.625,15.625,12500
1991-04-12,15.375,15.625,15.375,15.375,15.375,24200
1991-04-15,15.625,15.625,15.375,15.625,15.625,17900
1991-04-16,15.625,15.625,15.5,15.625,15.625,23900
1991-04-17,15.75,15.875,15.625,15.75,15.75,69700
1991-04-18,15.625,15.875,15.625,15.625,15.625,25000
1991-04-19,15.75,15.75,15.5,15.75,15.75,24300
1991-04-22,15.5,15.75,15.5,15.5,15.5,19800
1991-04-23,15.625,15.875,15.5,15.625,15.625,30300
1991-04-24,15.875,15.875,15.625,15.875,15.875,16100
1991-04-25,15.75,15.875,15.625,15.75,15.75,10200
1991-04-26,15.875,15.875,15.75,15.875,15.875,17700
1991-04-29,15.75,15.875,15.625,15.75,15.75,22100
1991-04-30,15.875,16,15.75,15.875,15.875,25600
1991-05-01,16,16,15.625,16,16,24700
1991-05-02,16,16.125,15.875,16,16,19600
1991-05-03,16,16,15.625,16,16,16800
1991-05-06,15.875,16,15.875,15.875,15.875,14900
1991-05-07,16.125,16.125,16,16.125,16.125,18700
1991-05-08,16.125,16.25,15.875,16.125,16.125,31000
1991-05-09,16,16.25,15.875,16,16,19400
1991-05-10,16,16.125,15.875,16,16,21600
1991-05-13,16,16.25,16,16,16,24700
1991-05-14,16,16.125,16,16,16,30700
1991-05-15,15.875,16,15.625,15.875,15.875,38700
1991-05-16,16,16.125,15.875,16,16,18100
1991-05-17,16,16.125,15.875,16,16,19200
1991-05-20,16,16,15.75,16,16,13100
1991-05-21,16.125,16.125,15.875,16.125,16.125,11500
1991-05-22,16,16.125,15.875,16,16,23000
1991-05-23,16,16.125,16,16,16,15900
1991-05-24,16.125,16.25,16,16.125,16.125,16500
1991-05-28,16.375,16.375,16.125,16.375,16.375,5900
1991-05-29,16.25,16.375,16.125,16.25,16.25,21300
1991-05-30,16.375,16.375,16.125,16.375,16.375,20600
1991-05-31,16.5,16.5,16.25,16.5,16.5,19300
1991-06-03,16.5,16.5,16.25,16.5,16.5,12800
1991-06-04,16.5,16.625,16.375,16.5,16.5,17600
1991-06-05,16.375,16.625,16.375,16.375,16.375,27700
1991-06-06,16.375,16.5,16.25,16.375,16.375,20700
1991-06-07,16.375,16.5,16.125,16.375,16.375,54500
1991-06-10,16.125,16.375,16,16.125,16.125,26400
1991-06-11,16.375,16.75,16,16.375,16.375,35000
1991-06-12,16.375,16.375,16.125,16.375,16.375,27600
1991-06-13,16.25,16.5,16.125,16.25,16.25,35700
1991-06-14,16.25,16.25,16.125,16.25,16.25,34800
1991-06-17,16.5,16.5,16.25,16.5,16.5,35800
1991-06-18,16.375,16.75,16.375,16.375,16.375,49000
1991-06-19,16.5,16.625,16.375,16.5,16.5,54300
1991-06-20,16.625,16.625,16.375,16.625,16.625,65500
1991-06-21,16.5,16.625,16.5,16.5,16.5,43000
1991-06-24,16.375,16.5,16.375,16.375,16.375,27400
1991-06-25,16.5,16.5,16.25,16.5,16.5,22800
1991-06-26,16.625,16.625,16.375,16.625,16.625,30100
1991-06-27,16.5,16.75,16.5,16.5,16.5,31000
1991-06-28,16.5,16.625,16.5,16.5,16.5,15600
1991-07-01,16.75,16.75,16.5,16.75,16.75,23500
1991-07-02,16.625,16.75,16.5,16.625,16.625,23600
1991-07-03,16.625,16.625,16.5,16.625,16.625,16900
1991-07-05,16.625,16.625,16.5,16.625,16.625,10400
1991-07-08,16.625,16.75,16.625,16.625,16.625,22300
1991-07-09,16.625,16.75,16.5,16.625,16.625,37800
1991-07-10,16.75,16.75,16.625,16.75,16.75,39800
1991-07-11,16.625,16.625,16.5,16.625,16.625,59900
1991-07-12,16.5,16.625,16.375,16.5,16.5,28900
1991-07-15,16.125,16.5,16.125,16.125,16.125,56000
1991-07-16,16.5,16.5,16.25,16.5,16.5,29700
1991-07-17,16.5,16.625,16.5,16.5,16.5,50200
1991-07-18,16.5,16.5,16.25,16.5,16.5,38700
1991-07-19,16.625,16.75,16.5,16.625,16.625,20700
1991-07-22,16.625,16.75,16.5,16.625,16.625,18400
1991-07-23,16.625,16.75,16.625,16.625,16.625,43200
1991-07-24,16.625,16.75,16.625,16.625,16.625,15400
1991-07-25,16.625,16.875,16.625,16.625,16.625,36300
1991-07-26,16.625,16.75,16.625,16.625,16.625,10800
1991-07-29,16.75,16.875,16.625,16.75,16.75,26700
1991-07-30,16.625,16.75,16.5,16.625,16.625,27600
1991-07-31,16.75,16.75,16.625,16.75,16.75,12700
1991-08-01,16.75,16.75,16.625,16.75,16.75,18900
1991-08-02,17,17,16.75,17,17,24100
1991-08-05,17.125,17.125,16.875,17.125,17.125,18700
1991-08-06,17,17.375,17,17,17,36100
1991-08-07,17,17.25,16.875,17,17,29900
1991-08-08,16.75,17,16.75,16.75,16.75,30200
1991-08-09,16.875,16.875,16.75,16.875,16.875,34200
1991-08-12,16.75,17,16.5,16.75,16.75,47500
1991-08-13,16.75,16.875,16.625,16.75,16.75,42900
1991-08-14,16.875,16.875,16.5,16.875,16.875,31400
1991-08-15,16.875,16.875,16.625,16.875,16.875,43300
1991-08-16,16.875,16.875,16.625,16.875,16.875,17700
1991-08-19,16.625,16.75,16.5,16.625,16.625,30800
1991-08-20,16.875,16.875,16.625,16.875,16.875,29000
1991-08-21,16.75,16.875,16.625,16.75,16.75,9600
1991-08-22,17,17,16.75,17,17,35400
1991-08-23,17.25,17.25,16.875,17.25,17.25,27200
1991-08-26,17,17.125,16.875,17,17,25900
1991-08-27,17,17,16.875,17,17,43200
1991-08-28,17,17.125,16.875,17,17,25100
1991-08-29,16.875,17,16.75,16.875,16.875,21600
1991-08-30,16.75,16.875,16.625,16.75,16.75,31400
1991-09-03,16.875,17,16.75,16.875,16.875,18000
1991-09-04,17.125,17.125,16.875,17.125,17.125,29400
1991-09-05,16.875,17.125,16.875,16.875,16.875,18000
1991-09-06,17.25,17.5,17,17.25,17.25,30600
1991-09-09,17.375,17.625,17.25,17.375,17.375,23000
1991-09-10,17.375,17.375,17.125,17.375,17.375,25500
1991-09-11,17.25,17.375,17.125,17.25,17.25,35600
1991-09-12,17.5,17.5,17.25,17.5,17.5,56500
1991-09-13,17.75,17.875,17.375,17.75,17.75,76000
1991-09-16,17.875,17.875,17.5,17.875,17.875,54500
1991-09-17,17.625,17.75,17.625,17.625,17.625,31800
1991-09-18,17.5,17.75,17.5,17.5,17.5,34400
1991-09-19,17.5,17.625,17.375,17.5,17.5,49100
1991-09-20,17.5,17.625,17.375,17.5,17.5,47800
1991-09-23,17.375,17.625,17.375,17.375,17.375,30500
1991-09-24,17.375,17.5,17.375,17.375,17.375,17600
1991-09-25,17.5,17.5,17.375,17.5,17.5,19100
1991-09-26,17.625,17.625,17.5,17.625,17.625,16500
1991-09-27,17.625,17.75,17.5,17.625,17.625,20400
1991-09-30,17.75,17.75,17.5,17.75,17.75,14100
1991-10-01,17.75,17.75,17.5,17.75,17.75,17500
1991-10-02,17.875,17.875,17.75,17.875,17.875,42800
1991-10-03,17.75,17.75,17.625,17.75,17.75,20700
1991-10-04,17.75,17.75,17.625,17.75,17.75,9800
1991-10-07,17.75,17.75,17.5,17.75,17.75,24200
1991-10-08,17.75,17.875,17.625,17.75,17.75,28600
1991-10-09,17.625,17.875,17.625,17.625,17.625,38700
1991-10-10,18,18,17.75,18,18,19400
1991-10-11,17.75,18,17.75,17.75,17.75,21100
1991-10-14,17.75,18,17.75,17.75,17.75,22300
1991-10-15,17.75,17.875,17.75,17.75,17.75,27800
1991-10-16,17.75,17.875,17.625,17.75,17.75,33100
1991-10-17,17.75,18,17.75,17.75,17.75,24600
1991-10-18,17.75,17.75,17.625,17.75,17.75,28700
1991-10-21,17.875,17.875,17.625,17.875,17.875,12900
1991-10-22,17.875,17.875,17.75,17.875,17.875,17300
1991-10-23,17.625,17.875,17.625,17.625,17.625,46600
1991-10-24,17.5,17.75,17.375,17.5,17.5,53000
1991-10-25,17.625,17.625,17.25,17.625,17.625,12600
1991-10-28,17.5,17.5,17.375,17.5,17.5,14500
1991-10-29,17.75,17.75,17.5,17.75,17.75,22600
1991-10-30,18,18,17.625,18,18,25800
1991-10-31,17.875,18,17.75,17.875,17.875,21700
1991-11-01,17.75,18,17.75,17.75,17.75,17100
1991-11-04,17.875,18,17.75,17.875,17.875,11500
1991-11-05,18,18,17.75,18,18,30600
1991-11-06,17.875,18,17.75,17.875,17.875,14600
1991-11-07,17.75,17.875,17.625,17.75,17.75,16800
1991-11-08,17.875,17.875,17.625,17.875,17.875,16700
1991-11-11,17.875,18,17.75,18,18,25500
1991-11-12,17.875,18,17.875,18,18,35000
1991-11-13,18,18,17.75,17.75,17.75,37100
1991-11-14,17.875,18,17.75,18,18,15200
1991-11-15,17.875,18,17.75,17.875,17.875,21500
1991-11-18,17.875,17.875,17.5,17.5,17.5,40600
1991-11-19,17.625,17.75,17.5,17.75,17.75,27900
1991-11-20,17.75,17.75,17.125,17.375,17.375,59700
1991-11-21,17.25,17.625,17,17.5,17.5,36400
1991-11-22,17.5,17.625,17.375,17.625,17.625,13300
1991-11-25,17.625,17.625,17.5,17.625,17.625,12900
1991-11-26,17.5,17.75,17.5,17.75,17.75,16000
1991-11-27,17.5,17.875,17.5,17.875,17.875,19600
1991-11-29,17.875,17.875,17.75,17.875,17.875,2400
1991-12-02,17.625,17.75,17.625,17.75,17.75,26100
1991-12-03,17.875,17.875,17.625,17.875,17.875,19700
1991-12-04,17.875,18,17.75,18,18,23700
1991-12-05,17.75,18,17.75,17.875,17.875,21600
1991-12-06,17.875,17.875,17.625,17.875,17.875,28600
1991-12-09,17.875,18,17.625,17.625,17.625,23500
1991-12-10,17.75,18,17.625,18,18,48000
1991-12-11,18,18,17.875,18,18,23100
1991-12-12,18.125,18.375,17.875,18.25,18.25,42700
1991-12-13,18.5,18.75,17.875,18,18,44400
1991-12-16,18.25,18.25,17.875,18.25,18.25,26200
1991-12-17,17.5,17.625,17.375,17.375,17.375,34800
1991-12-18,17.375,17.5,17.25,17.25,17.25,37500
1991-12-19,17.375,17.375,17,17,17,25000
1991-12-20,17.25,17.25,16.75,17.125,17.125,39000
1991-12-23,17.25,17.5,17.25,17.5,17.5,21300
1991-12-24,17.375,17.5,17.375,17.5,17.5,9400
1991-12-26,17.75,17.875,17.5,17.75,17.75,4300
1991-12-27,17.5,17.75,17.375,17.75,17.75,17300
1991-12-30,17.75,17.875,17.5,17.5,17.5,29200
1991-12-31,17.5,18.25,17.5,18.125,18.125,23800
1992-01-02,18,18.125,17.875,18,18,17600
1992-01-03,17.75,18.25,17.75,18,18,26800
1992-01-06,18,18.5,18,18.125,18.125,32200
1992-01-07,18.125,18.25,17.5,17.625,17.625,45300
1992-01-08,17.75,17.75,17.625,17.625,17.625,54100
1992-01-09,17.75,18.125,17.75,17.875,17.875,46800
1992-01-10,18,18.625,17.75,18.375,18.375,27500
1992-01-13,18,18.5,17.875,18.125,18.125,31800
1992-01-14,18.375,18.375,17.75,18,18,38000
1992-01-15,18,18.25,17.75,17.75,17.75,19900
1992-01-16,17.75,18.125,17.75,18,18,25500
1992-01-17,18,18.125,17.875,18.125,18.125,18000
1992-01-20,17.875,18,17.75,18,18,17900
1992-01-21,18,18.125,17.875,18.125,18.125,31600
1992-01-22,17.875,18.125,17.875,18,18,17100
1992-01-23,18,18.125,17.875,18.125,18.125,23200
1992-01-24,18.125,18.125,18,18.125,18.125,42700
1992-01-27,18.125,18.125,17.875,18.125,18.125,20300
1992-01-28,17.875,18.125,17.875,18,18,15800
1992-01-29,18.125,18.125,17.75,17.75,17.75,43800
1992-01-30,17.875,17.875,17.625,17.625,17.625,32600
1992-01-31,17.75,17.75,17.25,17.5,17.5,40900
1992-02-03,17.375,17.75,17.375,17.625,17.625,63400
1992-02-04,17.75,17.875,17.625,17.875,17.875,27900
1992-02-05,17.875,18,17.625,17.75,17.75,49700
1992-02-06,17.75,17.75,17.5,17.625,17.625,40800
1992-02-07,17.625,17.875,17.5,17.875,17.875,27400
1992-02-10,17.875,17.875,17.75,17.875,17.875,27500
1992-02-11,18,18,17.75,17.75,17.75,24400
1992-02-12,18,18,17.875,18,18,19400
1992-02-13,18,18.125,17.875,18,18,15900
1992-02-14,18,18.125,17.75,18,18,29400
1992-02-18,18,18.25,18,18.125,18.125,25400
1992-02-19,18,18.25,18,18.25,18.25,25300
1992-02-20,18.125,18.125,18,18,18,16000
1992-02-21,18.125,18.25,17.875,17.875,17.875,52700
1992-02-24,18.125,18.125,17.75,17.875,17.875,44300
1992-02-25,17.875,18.25,17.75,18.125,18.125,23900
1992-02-26,18,18.125,17.875,18,18,21500
1992-02-27,18,18.125,17.875,17.875,17.875,34400
1992-02-28,17.75,18,17.75,18,18,14100
1992-03-02,18,18.125,18,18.125,18.125,8800
1992-03-03,18.125,18.125,17.875,17.875,17.875,30200
1992-03-04,17.875,18,17.75,17.875,17.875,16100
1992-03-05,17.75,17.875,17.625,17.875,17.875,12400
1992-03-06,17.875,18,17.625,18,18,18700
1992-03-09,17.875,18.25,17.75,18.25,18.25,27000
1992-03-10,18.25,18.25,18.125,18.125,18.125,15800
1992-03-11,18.125,18.25,18,18.25,18.25,18900
1992-03-12,18.125,18.125,18,18.125,18.125,29700
1992-03-13,18,18.125,17.875,18.125,18.125,9700
1992-03-16,17.875,18,17.875,18,18,20800
1992-03-17,18,18.125,17.875,18,18,22300
1992-03-18,17.875,18,17.75,17.875,17.875,25900
1992-03-19,18,18,17.75,18,18,22200
1992-03-20,18,18,17.875,18,18,10000
1992-03-23,18,18,17.75,17.75,17.75,32500
1992-03-24,17.75,18,17.75,17.875,17.875,17700
1992-03-25,17.75,18,17.75,17.875,17.875,15900
1992-03-26,17.875,18,17.75,17.75,17.75,8900
1992-03-27,18,18,17.75,18,18,12000
1992-03-30,18,18.125,18,18.125,18.125,28000
1992-03-31,18.125,18.125,18,18,18,10800
1992-04-01,18.125,18.25,17.875,18.125,18.125,25200
1992-04-02,18.125,18.375,18.125,18.125,18.125,27100
1992-04-03,18.25,18.375,17.875,18.125,18.125,49800
1992-04-06,18.125,18.25,18,18.125,18.125,17900
1992-04-07,18.25,18.375,18.125,18.25,18.25,11600
1992-04-08,18.25,18.375,18,18.125,18.125,36000
1992-04-09,18.125,18.375,18.125,18.25,18.25,11700
1992-04-10,18.375,18.375,18.125,18.375,18.375,6900
1992-04-13,18.375,18.375,18.25,18.375,18.375,17400
1992-04-14,18.375,18.375,18.25,18.25,18.25,36200
1992-04-15,18.375,18.5,18.25,18.375,18.375,27600
1992-04-16,18.25,18.375,18.125,18.375,18.375,25700
1992-04-20,18.125,18.375,18.125,18.125,18.125,14100
1992-04-21,18.25,18.375,18.125,18.125,18.125,18000
1992-04-22,18.25,18.375,18.25,18.25,18.25,16600
1992-04-23,18.375,18.5,18.25,18.25,18.25,29400
1992-04-24,18.375,18.5,18.25,18.375,18.375,6600
1992-04-27,18.5,18.5,18.375,18.375,18.375,12900
1992-04-28,18.5,18.625,18.375,18.625,18.625,12100
1992-04-29,18.625,18.625,18.5,18.5,18.5,8300
1992-04-30,18.625,18.75,18.5,18.75,18.75,10700
1992-05-01,18.5,18.625,18.5,18.625,18.625,4400
1992-05-04,18.5,18.75,18.5,18.625,18.625,10000
1992-05-05,18.5,18.75,18.5,18.625,18.625,11300
1992-05-06,18.625,18.75,18.5,18.5,18.5,8200
1992-05-07,18.75,18.75,18.5,18.75,18.75,9100
1992-05-08,18.75,18.75,18.5,18.625,18.625,13900
1992-05-11,18.5,18.625,18.5,18.625,18.625,9500
1992-05-12,18.625,18.875,18.5,18.625,18.625,29700
1992-05-13,18.75,18.75,18.625,18.625,18.625,13600
1992-05-14,18.75,18.75,18.625,18.75,18.75,6400
1992-05-15,18.625,18.75,18.5,18.625,18.625,12800
1992-05-18,18.625,18.75,18.5,18.5,18.5,13700
1992-05-19,18.625,18.625,18.375,18.375,18.375,30300
1992-05-20,18.375,18.375,18.125,18.375,18.375,16500
1992-05-21,18.25,18.375,18.125,18.25,18.25,13700
1992-05-22,18.375,18.375,18.25,18.25,18.25,4800
1992-05-26,18.375,18.5,18.25,18.375,18.375,12000
1992-05-27,18.375,18.375,18.25,18.25,18.25,25600
1992-05-28,18.375,18.375,18.25,18.25,18.25,10000
1992-05-29,18.375,18.375,18.125,18.25,18.25,24100
1992-06-01,18.375,18.375,18.25,18.375,18.375,18800
1992-06-02,18.375,18.625,18.25,18.625,18.625,14100
1992-06-03,18.625,18.75,18.5,18.75,18.75,14500
1992-06-04,18.625,18.875,18.375,18.5,18.5,28600
1992-06-05,18.75,18.75,18.625,18.75,18.75,10800
1992-06-08,18.625,19,18.625,18.75,18.75,21800
1992-06-09,18.75,18.75,18.5,18.625,18.625,11200
1992-06-10,18.5,18.75,18.375,18.375,18.375,16900
1992-06-11,18.625,18.625,18.5,18.5,18.5,14300
1992-06-12,18.375,18.75,18.375,18.625,18.625,20700
1992-06-15,18.625,18.75,18.5,18.625,18.625,15100
1992-06-16,18.75,18.75,18.5,18.75,18.75,13100
1992-06-17,18.5,18.625,18.5,18.625,18.625,18100
1992-06-18,18.625,18.625,18.5,18.625,18.625,8300
1992-06-19,18.625,18.625,18.5,18.5,18.5,9900
1992-06-22,18.625,18.875,18.5,18.75,18.75,13100
1992-06-23,18.875,19,18.75,18.875,18.875,12500
1992-06-24,18.875,19,18.875,18.875,18.875,28700
1992-06-25,19,19,18.875,18.875,18.875,9200
1992-06-26,19,19.125,18.875,19,19,8800
1992-06-29,18.875,19,18.875,18.875,18.875,8800
1992-06-30,18.875,19.125,18.875,18.875,18.875,6100
1992-07-01,18.875,19.125,18.875,19.125,19.125,24000
1992-07-02,18.875,19.125,18.875,19.125,19.125,17600
1992-07-06,19,19.125,18.875,19.125,19.125,8400
1992-07-07,19.125,19.125,18.875,18.875,18.875,13900
1992-07-08,19.125,19.25,19,19,19,15600
1992-07-09,19.125,19.375,19.125,19.25,19.25,10500
1992-07-10,19.25,19.375,19.125,19.375,19.375,19600
1992-07-13,19.25,19.375,19.125,19.375,19.375,15200
1992-07-14,19.375,19.5,19.25,19.25,19.25,20300
1992-07-15,19.375,19.5,19.25,19.25,19.25,16300
1992-07-16,19.375,19.375,19.125,19.375,19.375,29400
1992-07-17,19.375,19.625,19.25,19.375,19.375,13200
1992-07-20,19.375,19.5,19.25,19.375,19.375,17800
1992-07-21,19.25,19.5,19.125,19.375,19.375,23600
1992-07-22,19.375,19.625,19.25,19.5,19.5,21600
1992-07-23,19.625,19.75,19.5,19.625,19.625,24500
1992-07-24,19.75,19.75,19.5,19.625,19.625,14600
1992-07-27,19.5,19.75,19.5,19.625,19.625,26800
1992-07-28,19.875,20,19.625,19.875,19.875,15100
1992-07-29,19.875,19.875,19.625,19.75,19.75,17000
1992-07-30,19.625,19.625,19.375,19.5,19.5,15900
1992-07-31,19.375,19.75,19.375,19.625,19.625,19300
1992-08-03,19.625,19.75,19.625,19.75,19.75,9000
1992-08-04,19.625,19.75,19.625,19.75,19.75,10800
1992-08-05,19.625,19.75,19.5,19.625,19.625,7800
1992-08-06,19.625,19.75,19.5,19.5,19.5,8300
1992-08-07,19.75,19.75,19.625,19.75,19.75,12400
1992-08-10,19.75,19.75,19.625,19.75,19.75,10900
1992-08-11,19.75,19.75,19.625,19.625,19.625,13900
1992-08-12,19.75,19.75,19.625,19.625,19.625,16000
1992-08-13,19.625,19.625,19.375,19.375,19.375,14700
1992-08-14,19.5,19.5,19.375,19.5,19.5,8900
1992-08-17,19.625,19.875,19.625,19.75,19.75,40600
1992-08-18,19.625,19.75,19.5,19.75,19.75,19500
1992-08-19,19.75,19.75,19.5,19.75,19.75,10200
1992-08-20,19.625,19.75,19.5,19.5,19.5,25700
1992-08-21,19.5,19.625,19.25,19.375,19.375,28200
1992-08-24,19.25,19.375,19,19,19,37600
1992-08-25,19.125,19.25,19,19.125,19.125,13300
1992-08-26,19.25,19.375,19.125,19.25,19.25,4600
1992-08-27,19.25,19.375,19.125,19.125,19.125,5400
1992-08-28,19.25,19.25,19.125,19.25,19.25,14800
1992-08-31,19.25,19.25,19.125,19.25,19.25,27500
1992-09-01,19.25,19.375,19,19.125,19.125,17500
1992-09-02,19.375,19.375,19.125,19.25,19.25,10500
1992-09-03,19.125,19.25,19,19.25,19.25,11100
1992-09-04,19.25,19.25,19.125,19.25,19.25,8500
1992-09-08,19,19.25,19,19,19,9700
1992-09-09,19.25,19.375,19.125,19.375,19.375,15200
1992-09-10,19.375,19.5,19.25,19.5,19.5,13400
1992-09-11,19.5,19.5,19.375,19.5,19.5,11900
1992-09-14,19.5,19.625,19.375,19.625,19.625,24400
1992-09-15,19.625,19.625,19.5,19.625,19.625,18600
1992-09-16,19.625,19.625,19.375,19.5,19.5,22700
1992-09-17,19.25,19.5,19.25,19.5,19.5,25000
1992-09-18,19.625,19.625,19.5,19.625,19.625,20100
1992-09-21,19.75,19.75,19.375,19.375,19.375,31200
1992-09-22,19.375,19.5,19.375,19.375,19.375,18500
1992-09-23,19.625,19.75,19.375,19.625,19.625,11300
1992-09-24,19.625,19.75,19.375,19.625,19.625,21900
1992-09-25,19.5,19.625,19.375,19.375,19.375,26000
1992-09-28,19.5,19.625,19.375,19.625,19.625,27800
1992-09-29,19.625,19.75,19.5,19.75,19.75,11900
1992-09-30,19.75,19.75,19.625,19.625,19.625,16100
1992-10-01,19.75,19.875,19.625,19.875,19.875,16100
1992-10-02,19.875,20.125,19.75,20,20,25300
1992-10-05,20,20,19.625,19.625,19.625,24400
1992-10-06,19.625,19.875,19.625,19.625,19.625,13600
1992-10-07,20,20,19.75,19.75,19.75,26800
1992-10-08,19.875,19.875,19.75,19.875,19.875,10400
1992-10-09,19.875,19.875,19.5,19.625,19.625,25100
1992-10-12,19.625,19.75,19.5,19.75,19.75,16800
1992-10-13,19.625,20,19.625,19.875,19.875,15800
1992-10-14,20,20,19.625,19.75,19.75,20300
1992-10-15,19.625,20.125,19.5,19.75,19.75,17600
1992-10-16,19.5,19.75,19.5,19.625,19.625,16100
1992-10-19,19.75,20.125,19.75,20.125,20.125,17000
1992-10-20,20.25,20.375,19.75,20,20,57700
1992-10-21,20.25,20.25,19.5,19.5,19.5,55800
1992-10-22,19.75,19.75,19.25,19.25,19.25,15500
1992-10-23,19.375,19.375,19.125,19.375,19.375,36700
1992-10-26,19.25,19.5,19.25,19.5,19.5,12700
1992-10-27,19.625,19.875,19.625,19.75,19.75,28100
1992-10-28,19.625,19.875,19.625,19.75,19.75,17200
1992-10-29,20,20.125,19.875,20.125,20.125,33500
1992-10-30,20.125,20.25,20,20,20,16800
1992-11-02,20.25,20.25,19.75,19.875,19.875,21500
1992-11-03,19.875,20,19.625,19.75,19.75,34500
1992-11-04,19.875,19.875,19.5,19.75,19.75,42200
1992-11-05,19.75,19.75,19.375,19.5,19.5,28300
1992-11-06,19.375,19.5,19.125,19.375,19.375,26900
1992-11-09,19.25,19.5,19.125,19.5,19.5,32200
1992-11-10,19.625,19.75,19.5,19.625,19.625,26500
1992-11-11,19.75,19.75,19.625,19.625,19.625,6600
1992-11-12,19.75,19.875,19.625,19.75,19.75,10200
1992-11-13,19.75,19.875,19.625,19.75,19.75,35500
1992-11-16,19.5,19.5,19.375,19.5,19.5,47300
1992-11-17,19.5,19.625,19.25,19.625,19.625,10900
1992-11-18,19.5,19.5,19.25,19.5,19.5,12200
1992-11-19,19.375,19.5,19.25,19.375,19.375,9900
1992-11-20,19.375,19.375,19.25,19.25,19.25,12700
1992-11-23,19.375,19.375,19.25,19.375,19.375,18300
1992-11-24,19.375,19.375,19.25,19.375,19.375,16500
1992-11-25,19.5,19.625,19.375,19.625,19.625,11200
1992-11-27,19.625,19.75,19.5,19.5,19.5,8300
1992-11-30,19.75,19.875,19.625,19.75,19.75,12800
1992-12-01,19.875,19.875,19.625,19.875,19.875,20600
1992-12-02,19.75,20,19.5,19.75,19.75,23400
1992-12-03,19.875,19.875,19.625,19.875,19.875,13200
1992-12-04,19.875,19.875,19.625,19.875,19.875,8300
1992-12-07,19.75,19.875,19.625,19.625,19.625,15500
1992-12-08,19.625,19.75,19.5,19.625,19.625,20900
1992-12-09,19.375,19.625,19.375,19.375,19.375,11200
1992-12-10,19.5,19.5,19.375,19.375,19.375,19900
1992-12-11,19.5,19.75,19.375,19.75,19.75,20000
1992-12-14,19.625,19.875,19.5,19.875,19.875,14100
1992-12-15,19.875,20.125,19.75,19.75,19.75,57400
1992-12-16,19.75,20.125,19.75,20,20,54400
1992-12-17,18.375,18.375,17.75,17.75,17.75,35900
1992-12-18,18,18.125,17.875,18,18,19300
1992-12-21,18.125,18.25,17.75,18,18,20200
1992-12-22,18,18,17.75,18,18,29500
1992-12-23,18.125,18.125,17.875,18,18,7400
1992-12-24,18.125,18.125,17.875,18.125,18.125,6700
1992-12-28,18.125,18.25,18.125,18.125,18.125,4500
1992-12-29,18.25,18.25,18.125,18.25,18.25,15100
1992-12-30,18.25,18.25,18.125,18.125,18.125,15400
1992-12-31,18.125,18.375,18.125,18.375,18.375,11500
1993-01-04,18.375,18.5,18.25,18.5,18.5,8400
1993-01-05,18.5,18.5,18.25,18.5,18.5,13300
1993-01-06,18.375,18.75,18.25,18.75,18.75,19700
1993-01-07,18.75,18.875,18.5,18.75,18.75,7700
1993-01-08,18.75,18.875,18.625,18.875,18.875,18500
1993-01-11,18.875,19,18.75,18.875,18.875,12900
1993-01-12,19,19,18.75,19,19,17500
1993-01-13,19,19,18.875,19,19,11200
1993-01-14,19,19.25,18.875,19.25,19.25,15900
1993-01-15,19.25,19.25,19.125,19.125,19.125,11700
1993-01-18,19.125,19.25,19.125,19.25,19.25,600
1993-01-19,19.25,19.375,19.125,19.125,19.125,25100
1993-01-20,19.25,19.375,19.125,19.25,19.25,12700
1993-01-21,19.125,19.625,19.125,19.625,19.625,19200
1993-01-22,19.375,19.625,19,19,19,46600
1993-01-25,18.875,18.875,18.75,18.875,18.875,7200
1993-01-26,18.875,18.875,18.625,18.625,18.625,46400
1993-01-27,18.5,18.75,18.5,18.625,18.625,10900
1993-01-28,18.75,18.75,18.5,18.5,18.5,18800
1993-01-29,18.5,18.75,18.5,18.625,18.625,16500
1993-02-01,18.5,18.75,18.5,18.625,18.625,9000
1993-02-02,18.5,18.75,18.5,18.625,18.625,11500
1993-02-03,18.625,18.625,18.375,18.375,18.375,18600
1993-02-04,18.375,18.625,18.375,18.375,18.375,18100
1993-02-05,18.5,18.625,18.375,18.375,18.375,24600
1993-02-08,18.625,18.625,18.375,18.5,18.5,12000
1993-02-09,18.375,18.625,18.375,18.375,18.375,24400
1993-02-10,18.5,18.5,18.375,18.375,18.375,12900
1993-02-11,18.5,18.5,18.375,18.5,18.5,11500
1993-02-12,18.25,18.375,18.125,18.25,18.25,8400
1993-02-16,18.375,18.375,18.25,18.375,18.375,9400
1993-02-17,18.375,18.5,18.125,18.5,18.5,16700
1993-02-18,18.5,18.5,18.125,18.25,18.25,13100
1993-02-19,18.375,18.5,18.125,18.375,18.375,5200
1993-02-22,18.375,18.375,18.125,18.125,18.125,10900
1993-02-23,18.375,18.5,18.25,18.375,18.375,17800
1993-02-24,18.375,18.625,18.375,18.375,18.375,9800
1993-02-25,18.5,18.75,18.5,18.75,18.75,17400
1993-02-26,18.75,18.875,18.625,18.875,18.875,10600
1993-03-01,18.75,19.25,18.75,18.875,18.875,10700
1993-03-02,19,19,18.75,19,19,20300
1993-03-03,18.75,19,18.75,19,19,8000
1993-03-04,19.125,19.5,19.125,19.375,19.375,9700
1993-03-05,19.5,19.75,19.5,19.625,19.625,8900
1993-03-08,19.5,19.875,19.375,19.375,19.375,22800
1993-03-09,19.625,19.875,19.25,19.75,19.75,18100
1993-03-10,19.625,19.625,19.375,19.375,19.375,16200
1993-03-11,19.75,19.75,19.25,19.5,19.5,19700
1993-03-12,19.5,19.5,19,19,19,17700
1993-03-15,19.125,19.25,18.75,19,19,23400
1993-03-16,19,19,18.75,18.875,18.875,19700
1993-03-17,18.75,18.875,18.5,18.625,18.625,30600
1993-03-18,18.375,18.625,18,18.25,18.25,52400
1993-03-19,18.375,18.375,18,18.375,18.375,45700
1993-03-22,18.375,18.5,18.125,18.5,18.5,24900
1993-03-23,18.5,18.75,18.5,18.75,18.75,22700
1993-03-24,18.875,19,18.75,18.875,18.875,12700
1993-03-25,18.875,19,18.75,19,19,8800
1993-03-26,19,19.125,18.875,19,19,18300
1993-03-29,19.125,19.25,18.875,19,19,10000
1993-03-30,19.25,19.5,19.125,19.5,19.5,8700
1993-03-31,19.5,19.5,19.375,19.5,19.5,16100
1993-04-01,19.375,19.375,19.25,19.375,19.375,7000
1993-04-02,19.375,19.5,19.25,19.375,19.375,7500
1993-04-05,19.375,19.375,19.125,19.375,19.375,17500
1993-04-06,19.25,19.375,19.125,19.25,19.25,12900
1993-04-07,19.25,19.375,19.125,19.375,19.375,12300
1993-04-08,19.25,19.375,19.25,19.375,19.375,8800
1993-04-12,19.25,19.5,19.25,19.375,19.375,8900
1993-04-13,19.375,19.375,19.125,19.375,19.375,21300
1993-04-14,19.375,19.5,19.125,19.375,19.375,20500
1993-04-15,19.25,19.5,19.25,19.5,19.5,10100
1993-04-16,19.375,19.5,19.25,19.25,19.25,5700
1993-04-19,19.125,19.375,19.125,19.25,19.25,10900
1993-04-20,19.125,19.375,19.125,19.125,19.125,21800
1993-04-21,19.125,19.25,19,19.25,19.25,20600
1993-04-22,19.375,19.375,19.125,19.375,19.375,10700
1993-04-23,19.25,19.375,19.125,19.375,19.375,11800
1993-04-26,19.375,19.5,19.125,19.25,19.25,7600
1993-04-27,19.25,19.5,19.25,19.5,19.5,8100
1993-04-28,19.5,19.5,19.375,19.5,19.5,12400
1993-04-29,19.25,19.5,19.125,19.375,19.375,16500
1993-04-30,19.25,19.5,19.125,19.25,19.25,12200
1993-05-03,19.25,19.625,19.25,19.375,19.375,16400
1993-05-04,19.625,19.625,19.25,19.625,19.625,15700
1993-05-05,19.5,19.625,19.375,19.625,19.625,7700
1993-05-06,19.5,19.5,19.375,19.375,19.375,24700
1993-05-07,19.375,19.75,19.375,19.75,19.75,15900
1993-05-10,19.5,19.625,19.5,19.625,19.625,21200
1993-05-11,19.375,19.625,19.375,19.625,19.625,10300
1993-05-12,19.5,19.625,19.25,19.5,19.5,13600
1993-05-13,19.5,19.5,19.25,19.25,19.25,6800
1993-05-14,19.25,19.5,19.25,19.5,19.5,4700
1993-05-17,19.125,19.375,19,19.25,19.25,21600
1993-05-18,19.25,19.25,19.125,19.25,19.25,9900
1993-05-19,19.375,19.5,19.25,19.375,19.375,5300
1993-05-20,19.25,19.375,19.25,19.375,19.375,13000
1993-05-21,19.375,19.5,19.25,19.25,19.25,8600
1993-05-24,19.25,19.375,19.125,19.375,19.375,8900
1993-05-25,19.25,19.375,19,19.25,19.25,13600
1993-05-26,19.25,19.375,19.125,19.25,19.25,9100
1993-05-27,19.375,19.375,19.125,19.375,19.375,8500
1993-05-28,19.25,19.375,19.125,19.375,19.375,5600
1993-06-01,19.375,19.375,19,19.375,19.375,6700
1993-06-02,19.375,19.375,19,19.125,19.125,14300
1993-06-03,19.25,19.375,19,19.125,19.125,19900
1993-06-04,19.25,19.25,19,19,19,17900
1993-06-07,19,19.125,18.625,18.75,18.75,13400
1993-06-08,19,19,18.75,18.875,18.875,28100
1993-06-09,18.75,18.875,18.75,18.75,18.75,5900
1993-06-10,18.75,19,18.75,18.75,18.75,11000
1993-06-11,18.75,19.125,18.75,18.875,18.875,15100
1993-06-14,19.125,19.125,19,19.125,19.125,12500
1993-06-15,19.125,19.25,19,19,19,21700
1993-06-16,18.875,19.25,18.875,19.25,19.25,15000
1993-06-17,19.25,19.25,19.125,19.25,19.25,9000
1993-06-18,19.25,19.25,19,19.125,19.125,15400
1993-06-21,19.125,19.125,19,19,19,8400
1993-06-22,19,19.25,19,19.125,19.125,6200
1993-06-23,19.25,19.375,19.125,19.375,19.375,8500
1993-06-24,19.375,19.375,19.25,19.25,19.25,18200
1993-06-25,19.375,19.5,19.25,19.5,19.5,20300
1993-06-28,19.5,19.625,19.375,19.375,19.375,8400
1993-06-29,19.625,19.625,19.375,19.5,19.5,16200
1993-06-30,19.5,19.5,19.25,19.25,19.25,12400
1993-07-01,19.25,19.25,19.125,19.25,19.25,7400
1993-07-02,19.25,19.25,19.125,19.125,19.125,2500
1993-07-06,19.25,19.25,19.125,19.25,19.25,12100
1993-07-07,19.125,19.375,19.125,19.375,19.375,8600
1993-07-08,19.125,19.375,19.125,19.375,19.375,3700
1993-07-09,19.375,19.375,19.125,19.375,19.375,2100
1993-07-12,19.375,19.375,19.125,19.25,19.25,9100
1993-07-13,19.25,19.375,19.125,19.375,19.375,16200
1993-07-14,19.375,19.375,19.125,19.25,19.25,9500
1993-07-15,19.25,19.375,19.125,19.25,19.25,10000
1993-07-16,19.375,19.375,19.25,19.375,19.375,9000
1993-07-19,19.25,19.5,19.125,19.5,19.5,10000
1993-07-20,19.375,19.5,19.375,19.375,19.375,4600
1993-07-21,19.5,19.625,19.25,19.625,19.625,11300
1993-07-22,19.5,19.625,19.375,19.375,19.375,19100
1993-07-23,19.5,19.625,19.375,19.375,19.375,6600
1993-07-26,19.375,19.375,19.25,19.25,19.25,7400
1993-07-27,19.25,19.375,19.125,19.375,19.375,28200
1993-07-28,19.375,19.375,19.25,19.375,19.375,6100
1993-07-29,19.25,19.5,19.125,19.25,19.25,15400
1993-07-30,19.25,19.5,19.125,19.5,19.5,13000
1993-08-02,19.5,19.625,19.25,19.5,19.5,17200
1993-08-03,19.625,19.75,19.5,19.75,19.75,14500
1993-08-04,19.75,19.75,19.625,19.75,19.75,8300
1993-08-05,19.75,19.75,19.625,19.625,19.625,11500
1993-08-06,19.625,19.875,19.625,19.875,19.875,10200
1993-08-09,19.625,19.875,19.5,19.625,19.625,9300
1993-08-10,19.75,19.75,19.5,19.75,19.75,9600
1993-08-11,19.625,19.625,19.375,19.625,19.625,19500
1993-08-12,19.5,19.5,19.375,19.5,19.5,7400
1993-08-13,19.5,19.5,19.375,19.375,19.375,16500
1993-08-16,19.5,19.5,19.375,19.375,19.375,13300
1993-08-17,19.5,19.5,19.375,19.5,19.5,5400
1993-08-18,19.5,19.625,19.375,19.5,19.5,9000
1993-08-19,19.25,19.5,19.25,19.25,19.25,14900
1993-08-20,19.5,19.5,19.125,19.125,19.125,15000
1993-08-23,19.25,19.25,19,19,19,17300
1993-08-24,19.25,19.375,19,19.375,19.375,6400
1993-08-25,19.25,19.375,19.25,19.25,19.25,9000
1993-08-26,19.125,19.375,19.125,19.375,19.375,4700
1993-08-27,19.25,19.5,19.25,19.25,19.25,8200
1993-08-30,19.125,19.375,19.125,19.125,19.125,31100
1993-08-31,19.25,19.375,19.125,19.375,19.375,13100
1993-09-01,19.375,19.5,19.25,19.375,19.375,18600
1993-09-02,19.375,19.375,19.125,19.25,19.25,15000
1993-09-03,19.375,19.375,19,19.375,19.375,15000
1993-09-07,19.25,19.5,19.25,19.5,19.5,33400
1993-09-08,19.5,19.625,19.25,19.375,19.375,20700
1993-09-09,19.375,19.5,19.375,19.375,19.375,7400
1993-09-10,19.375,19.5,19.25,19.25,19.25,6900
1993-09-13,19.375,19.5,19.375,19.375,19.375,10800
1993-09-14,19.5,19.625,19.25,19.625,19.625,9000
1993-09-15,19.5,19.625,19.375,19.5,19.5,8100
1993-09-16,19.625,19.625,19.375,19.375,19.375,9100
1993-09-17,19.375,19.375,19.125,19.375,19.375,48600
1993-09-20,19.25,19.5,19.125,19.375,19.375,28700
1993-09-21,19.5,19.75,19.375,19.75,19.75,16900
1993-09-22,19.625,19.75,19.5,19.625,19.625,18200
1993-09-23,19.5,19.625,19.25,19.375,19.375,16300
1993-09-24,19.25,19.375,18.875,19.125,19.125,29000
1993-09-27,19,19.125,18.875,19.125,19.125,3900
1993-09-28,19,19,18.875,19,19,11900
1993-09-29,19.125,19.125,18.875,19,19,5700
1993-09-30,19,19.125,19,19.125,19.125,3300
1993-10-01,19.125,19.125,19,19.125,19.125,10700
1993-10-04,19.25,19.25,19,19.25,19.25,13900
1993-10-05,19.125,19.375,19.125,19.25,19.25,6300
1993-10-06,19.375,19.375,19.125,19.25,19.25,14700
1993-10-07,19.25,19.25,19,19.125,19.125,12100
1993-10-08,19,19.125,18.875,18.875,18.875,15300
1993-10-11,19,19.25,19,19.125,19.125,12500
1993-10-12,19.125,19.125,19,19.125,19.125,9900
1993-10-13,19.125,19.25,19,19.25,19.25,8500
1993-10-14,19.25,19.375,19,19.25,19.25,12900
1993-10-15,19.375,19.375,19.125,19.125,19.125,13900
1993-10-18,19.125,19.25,18.875,19.125,19.125,13000
1993-10-19,19,19,18.875,18.875,18.875,17400
1993-10-20,18.75,19,18.625,18.875,18.875,26900
1993-10-21,18.875,18.875,18.625,18.625,18.625,16300
1993-10-22,18.625,18.75,18.5,18.75,18.75,35100
1993-10-25,18.5,18.75,18.375,18.625,18.625,14500
1993-10-26,18.625,18.625,18.375,18.5,18.5,19000
1993-10-27,18.5,18.625,18.5,18.5,18.5,14700
1993-10-28,18.5,18.625,18.5,18.625,18.625,9600
1993-10-29,18.625,18.75,18.375,18.5,18.5,13900
1993-11-01,18.5,18.625,18.25,18.375,18.375,19100
1993-11-02,18.625,18.75,18.625,18.625,18.625,23800
1993-11-03,18.625,18.75,18.5,18.75,18.75,16700
1993-11-04,18.5,18.75,18.5,18.625,18.625,25900
1993-11-05,18.5,18.75,18.5,18.625,18.625,11400
1993-11-08,18.75,18.75,18.5,18.5,18.5,14400
1993-11-09,18.625,18.75,18.5,18.625,18.625,279900
1993-11-10,18.625,18.75,18.375,18.375,18.375,36800
1993-11-11,18.375,18.625,18.375,18.5,18.5,12900
1993-11-12,18.375,18.5,18.375,18.375,18.375,7400
1993-11-15,18.375,18.5,18.25,18.375,18.375,17900
1993-11-16,18.125,18.5,18.125,18.25,18.25,30200
1993-11-17,18.25,18.375,18,18,18,19900
1993-11-18,18,18.125,17.875,17.875,17.875,23000
1993-11-19,17.875,18,17.75,17.75,17.75,13900
1993-11-22,17.75,17.875,17.625,17.75,17.75,36900
1993-11-23,17.75,18,17.75,18,18,14100
1993-11-24,18,18.25,18,18.25,18.25,22300
1993-11-26,18.375,18.5,18.25,18.375,18.375,7200
1993-11-29,18.375,18.5,18.25,18.375,18.375,30100
1993-11-30,18.25,18.375,18.25,18.375,18.375,15500
1993-12-01,18.375,18.5,18.125,18.25,18.25,35600
1993-12-02,18.25,18.25,18,18,18,25300
1993-12-03,18.125,18.125,18,18,18,11400
1993-12-06,18.125,18.125,18,18,18,19000
1993-12-07,18.125,18.125,17.875,18,18,12000
1993-12-08,17.875,18.125,17.875,18,18,7700
1993-12-09,17.875,18.25,17.875,18.25,18.25,16700
1993-12-10,18.375,18.375,18.25,18.25,18.25,22400
1993-12-13,18.375,18.375,18.125,18.25,18.25,9300
1993-12-14,18.25,18.25,18,18.125,18.125,14400
1993-12-15,18,18.125,18,18.125,18.125,11700
1993-12-16,17.875,18.125,17.875,17.875,17.875,8400
1993-12-17,16,17.25,16,17.25,17.25,43400
1993-12-20,17,17.125,16.875,17,17,12800
1993-12-21,17,17.125,16.875,17,17,10400
1993-12-22,16.875,17,16.875,17,17,10900
1993-12-23,16.75,16.75,16.625,16.625,16.625,8200
1993-12-27,16.625,16.75,16.5,16.625,16.625,14400
1993-12-28,16.5,16.625,16.375,16.625,16.625,24200
1993-12-29,16.625,16.625,16,16.25,16.25,41200
1993-12-30,16.125,16.25,16.125,16.25,16.25,9900
1993-12-31,16.25,16.25,16,16.25,16.25,18500
1994-01-03,16.25,16.625,16.25,16.625,16.625,97100
1994-01-04,16.75,16.875,16.75,16.875,16.875,25200
1994-01-05,16.75,16.875,16.75,16.75,16.75,10900
1994-01-06,16.875,17,16.75,17,17,24200
1994-01-07,16.875,17,16.75,16.875,16.875,10700
1994-01-10,16.75,17.125,16.75,17.125,17.125,15300
1994-01-11,17,17.25,16.875,16.875,16.875,15000
1994-01-12,16.875,17.125,16.875,17.125,17.125,11100
1994-01-13,17,17.25,16.875,17.125,17.125,10900
1994-01-14,17.25,17.25,16.875,17,17,22800
1994-01-17,17,17,16.875,17,17,8700
1994-01-18,17,17,16.5,16.625,16.625,20100
1994-01-19,16.75,16.75,16.5,16.625,16.625,14200
1994-01-20,16.625,16.75,16.375,16.5,16.5,11600
1994-01-21,16.625,16.625,16.375,16.5,16.5,28700
1994-01-24,16.375,16.5,16.375,16.5,16.5,14100
1994-01-25,16.5,16.625,16.375,16.625,16.625,14000
1994-01-26,16.375,16.625,16.375,16.5,16.5,15700
1994-01-27,16.5,16.625,16.375,16.5,16.5,18800
1994-01-28,16.5,16.5,16.25,16.25,16.25,26700
1994-01-31,16.5,16.5,16.25,16.375,16.375,16200
1994-02-01,16.25,16.5,16.25,16.375,16.375,23100
1994-02-02,16.5,16.625,16.375,16.625,16.625,25700
1994-02-03,16.5,16.625,16.375,16.625,16.625,41500
1994-02-04,16.5,16.625,16.375,16.5,16.5,9000
1994-02-07,16.625,16.625,16.375,16.625,16.625,12800
1994-02-08,16.625,16.75,16.5,16.5,16.5,12500
1994-02-09,16.5,16.75,16.5,16.75,16.75,15600
1994-02-10,16.75,16.75,16.5,16.5,16.5,12300
1994-02-11,16.75,16.75,16.375,16.375,16.375,12100
1994-02-14,16.375,16.5,16.125,16.125,16.125,23000
1994-02-15,16,16.125,15.875,16,16,21100
1994-02-16,16,16.125,15.875,15.875,15.875,18600
1994-02-17,16,16,15.25,15.5,15.5,24500
1994-02-18,15.625,15.625,15.25,15.5,15.5,34900
1994-02-22,15.5,15.5,15.25,15.375,15.375,36200
1994-02-23,15.375,15.5,15.375,15.375,15.375,20600
1994-02-24,15.375,15.5,15.25,15.375,15.375,36200
1994-02-25,15.375,15.875,15.375,15.875,15.875,35600
1994-02-28,15.875,16,15.875,15.875,15.875,10700
1994-03-01,16,16,15.75,16,16,17800
1994-03-02,16,16.625,15.875,16.375,16.375,51100
1994-03-03,16.5,16.625,16.5,16.5,16.5,29700
1994-03-04,16.5,16.625,16.375,16.625,16.625,30300
1994-03-07,16.5,16.625,16.5,16.625,16.625,25500
1994-03-08,16.625,16.75,16.5,16.5,16.5,28800
1994-03-09,16.625,16.625,16.375,16.375,16.375,18000
1994-03-10,16.5,16.625,16.375,16.5,16.5,21500
1994-03-11,16.5,16.625,16.375,16.375,16.375,7700
1994-03-14,16.625,16.625,16.375,16.5,16.5,15800
1994-03-15,16.5,16.5,16.375,16.375,16.375,12300
1994-03-16,16.5,16.5,16.25,16.375,16.375,20900
1994-03-17,16.375,16.375,16.125,16.375,16.375,16900
1994-03-18,16.25,16.25,16,16.125,16.125,13800
1994-03-21,16.125,16.125,15.75,15.875,15.875,16400
1994-03-22,15.875,16,15.75,15.75,15.75,8000
1994-03-23,15.875,15.875,15.75,15.75,15.75,12300
1994-03-24,15.75,15.875,15.75,15.75,15.75,16300
1994-03-25,15.875,16,15.75,15.875,15.875,61200
1994-03-28,15.875,15.875,15.75,15.875,15.875,12700
1994-03-29,15.75,15.875,15.625,15.625,15.625,14800
1994-03-30,15.625,15.875,15.625,15.625,15.625,48100
1994-03-31,15.625,15.75,15.625,15.75,15.75,28100
1994-04-04,15.5,15.875,15.5,15.75,15.75,43400
1994-04-05,15.875,16.125,15.75,16,16,31200
1994-04-06,16,16,15.625,15.625,15.625,23300
1994-04-07,15.625,15.75,15.625,15.625,15.625,5500
1994-04-08,15.625,15.625,15.125,15.25,15.25,19000
1994-04-11,15.125,15.375,15.125,15.25,15.25,24300
1994-04-12,15.375,15.5,15.25,15.375,15.375,8600
1994-04-13,15.375,15.375,15.125,15.25,15.25,76900
1994-04-14,15.25,15.25,15.125,15.125,15.125,19400
1994-04-15,15.125,15.375,15.125,15.375,15.375,10600
1994-04-18,15.375,15.5,15.25,15.25,15.25,15600
1994-04-19,15.5,15.5,15.125,15.125,15.125,15200
1994-04-20,15.25,15.25,15,15.125,15.125,11800
1994-04-21,15.25,15.375,15.25,15.25,15.25,12700
1994-04-22,15.125,15.375,15.125,15.25,15.25,6700
1994-04-25,15.125,15.375,15.125,15.125,15.125,21500
1994-04-26,15.25,15.25,15,15,15,8300
1994-04-28,15,15.25,15,15.125,15.125,13300
1994-04-29,15,15,14.625,14.875,14.875,16000
1994-05-02,15,15.375,14.875,15.25,15.25,38900
1994-05-03,15.25,15.375,15.125,15.25,15.25,16700
1994-05-04,15.375,15.5,15.375,15.375,15.375,20500
1994-05-05,15.375,15.5,15.3438,15.5,15.5,31100
1994-05-06,15.375,15.375,15.125,15.25,15.25,28200
1994-05-09,15.375,15.375,15.125,15.375,15.375,24900
1994-05-10,15.375,15.5,15.25,15.5,15.5,7500
1994-05-11,15.5,15.5,15.25,15.375,15.375,7000
1994-05-12,15.125,15.25,15.125,15.25,15.25,13600
1994-05-13,15.125,15.25,15.125,15.125,15.125,9000
1994-05-16,15.125,15.125,15,15,15,11100
1994-05-17,15,15.125,14.875,15.125,15.125,9900
1994-05-18,15.125,15.25,15,15.125,15.125,9800
1994-05-19,15.125,15.25,15.125,15.25,15.25,13400
1994-05-20,15.25,15.375,15.125,15.375,15.375,13200
1994-05-23,15.25,15.375,15.125,15.125,15.125,10300
1994-05-24,15.125,15.375,15.125,15.25,15.25,15500
1994-05-25,15.375,15.375,15.125,15.25,15.25,11900
1994-05-26,15.25,15.375,15.125,15.25,15.25,9200
1994-05-27,15.375,15.375,15.125,15.375,15.375,14700
1994-05-31,15.25,15.375,15.25,15.25,15.25,2700
1994-06-01,15.375,15.625,15.375,15.625,15.625,63300
1994-06-02,15.625,15.625,15.375,15.375,15.375,10300
1994-06-03,15.625,15.625,15.375,15.625,15.625,5500
1994-06-06,15.625,15.875,15.5,15.875,15.875,17300
1994-06-07,16,16,15.875,16,16,6700
1994-06-08,16,16,15.875,16,16,7400
1994-06-09,16,16.375,16,16.125,16.125,14400
1994-06-10,16.375,16.5,16.25,16.375,16.375,11200
1994-06-13,16.375,16.5,16.375,16.5,16.5,10600
1994-06-14,16.5,16.5,16.25,16.25,16.25,36100
1994-06-15,16.375,16.375,16,16,16,27000
1994-06-16,16,16.125,16,16.125,16.125,9900
1994-06-17,16,16,15.875,16,16,17900
1994-06-20,15.875,16,15.75,16,16,23800
1994-06-21,15.875,15.875,15.625,15.875,15.875,17000
1994-06-22,16,16.125,15.875,16,16,15000
1994-06-23,16,16.25,16,16,16,6200
1994-06-24,16.125,16.25,16,16.25,16.25,9000
1994-06-27,16.125,16.25,16,16,16,7400
1994-06-28,16.125,16.125,16,16,16,4000
1994-06-29,16.125,16.125,16,16,16,2200
1994-06-30,16.125,16.125,16,16,16,4700
1994-07-01,16.125,16.25,16,16,16,4300
1994-07-05,16.125,16.25,16.125,16.125,16.125,7400
1994-07-06,16.125,16.25,16,16,16,20700
1994-07-07,16.125,16.25,16.125,16.25,16.25,11400
1994-07-08,16.25,16.375,16.25,16.375,16.375,18100
1994-07-11,16.25,16.25,16.125,16.25,16.25,9600
1994-07-12,16.25,16.25,16.125,16.25,16.25,25300
1994-07-13,16.25,16.375,16.125,16.125,16.125,18100
1994-07-14,16.125,16.25,16,16.125,16.125,9900
1994-07-15,16.25,16.25,16.125,16.25,16.25,7600
1994-07-18,16.25,16.25,16,16.125,16.125,7100
1994-07-19,16.25,16.25,16.1875,16.25,16.25,4800
1994-07-20,16.125,16.25,16,16,16,8900
1994-07-21,16,16.125,15.75,15.75,15.75,18300
1994-07-22,16,16,15.625,15.6875,15.6875,9200
1994-07-25,15.75,15.75,15.625,15.75,15.75,7100
1994-07-26,15.75,15.75,15.625,15.625,15.625,9700
1994-07-27,15.625,15.75,15.625,15.75,15.75,5900
1994-07-28,15.625,15.75,15.5,15.625,15.625,9000
1994-07-29,15.625,15.75,15.5,15.75,15.75,15700
1994-08-01,15.75,15.75,15.625,15.75,15.75,4000
1994-08-02,15.625,15.875,15.625,15.875,15.875,11000
1994-08-03,16,16,15.875,15.875,15.875,8100
1994-08-04,15.875,16,15.875,16,16,8600
1994-08-05,16,16,15.625,15.625,15.625,10400
1994-08-08,15.625,15.75,15.375,15.625,15.625,8100
1994-08-09,15.625,15.625,15.375,15.5,15.5,12300
1994-08-10,15.375,15.5,15.375,15.375,15.375,16100
1994-08-11,15.5,15.5,15.375,15.5,15.5,8400
1994-08-12,15.375,15.5,15.375,15.5,15.5,12400
1994-08-15,15.375,15.5,15.375,15.5,15.5,6900
1994-08-16,15.5,15.5,15.25,15.5,15.5,9600
1994-08-17,15.5,15.5,15.25,15.25,15.25,9300
1994-08-18,15.25,15.25,15.125,15.125,15.125,23400
1994-08-19,15.25,15.375,15.125,15.375,15.375,4600
1994-08-22,15.5,15.5,15.125,15.375,15.375,18900
1994-08-23,15.375,15.375,15.25,15.25,15.25,27200
1994-08-24,15.375,15.375,15,15.125,15.125,14800
1994-08-25,15.125,15.125,15,15.125,15.125,9000
1994-08-26,15,15.125,15,15.125,15.125,12800
1994-08-29,15.125,15.25,15,15.125,15.125,20400
1994-08-30,15.125,15.125,15,15.0625,15.0625,14400
1994-08-31,15.125,15.125,15,15,15,5800
1994-09-01,15.125,15.375,15,15.25,15.25,18800
1994-09-02,15.25,15.375,15.25,15.25,15.25,20600
1994-09-06,15.375,15.375,15.25,15.25,15.25,37900
1994-09-07,15.25,15.375,15.25,15.25,15.25,8700
1994-09-08,15.375,15.5,15.25,15.5,15.5,18700
1994-09-09,15.5,15.5,15.375,15.375,15.375,5100
1994-09-12,15.375,15.5,15.375,15.375,15.375,11000
1994-09-13,15.375,15.5,15.375,15.375,15.375,5600
1994-09-14,15.375,15.375,15.25,15.375,15.375,22900
1994-09-15,15.375,15.5,15.25,15.25,15.25,10600
1994-09-16,15.375,15.375,15.125,15.25,15.25,8800
1994-09-19,15.25,15.25,15,15.125,15.125,18500
1994-09-20,15.25,15.25,15,15.25,15.25,16200
1994-09-21,15.125,15.125,15,15.125,15.125,7100
1994-09-22,15,15.125,15,15,15,21900
1994-09-23,15,15.125,15,15.125,15.125,6100
1994-09-26,15,15,14.75,14.875,14.875,19600
1994-09-27,14.75,14.875,14.625,14.625,14.625,11500
1994-09-28,14.75,14.75,14.625,14.625,14.625,22200
1994-09-29,14.625,14.875,14.625,14.75,14.75,17400
1994-09-30,14.75,14.75,14.625,14.625,14.625,5400
1994-10-03,14.625,14.75,14.375,14.5,14.5,42300
1994-10-04,14.375,14.75,14.375,14.75,14.75,15400
1994-10-05,14.625,14.875,14.25,14.25,14.25,26000
1994-10-06,14.125,14.125,13.75,13.75,13.75,17600
1994-10-07,13.75,13.875,13.625,13.625,13.625,10600
1994-10-10,13.75,13.75,13.5,13.5,13.5,17600
1994-10-11,13.5,13.75,13.5,13.5,13.5,26400
1994-10-12,13.625,13.625,13.375,13.625,13.625,37500
1994-10-13,13.5,13.75,13.5,13.75,13.75,15900
1994-10-14,13.75,13.75,13.625,13.75,13.75,10600
1994-10-17,13.75,13.75,13.5,13.5,13.5,14200
1994-10-18,13.5,13.625,13.375,13.5,13.5,7500
1994-10-19,13.5,13.625,13.375,13.5,13.5,9500
1994-10-20,13.5,13.5,13.125,13.25,13.25,31400
1994-10-21,13.125,13.25,13.125,13.125,13.125,16100
1994-10-24,13.25,13.25,13.125,13.125,13.125,26900
1994-10-25,13.25,13.375,13.125,13.25,13.25,30300
1994-10-26,13.375,13.75,13.25,13.625,13.625,32800
1994-10-27,13.75,14,13.75,13.875,13.875,20300
1994-10-28,13.875,14.125,13.875,14.125,14.125,21000
1994-10-31,14.125,14.125,14,14.125,14.125,21200
1994-11-01,14,14.125,14,14.125,14.125,20900
1994-11-02,14,14.125,13.875,14.125,14.125,51800
1994-11-03,14.125,14.125,13.875,13.875,13.875,16500
1994-11-04,14,14,13.75,14,14,16000
1994-11-07,13.875,13.875,13.625,13.875,13.875,9700
1994-11-08,13.75,13.875,13.625,13.625,13.625,6800
1994-11-09,13.625,13.75,13.625,13.75,13.75,10700
1994-11-10,13.75,13.875,13.75,13.875,13.875,7400
1994-11-11,13.875,13.875,13.75,13.75,13.75,16300
1994-11-14,13.875,13.875,13.625,13.75,13.75,22800
1994-11-15,13.875,13.875,13.625,13.625,13.625,8400
1994-11-16,13.5,13.625,13.5,13.5,13.5,16100
1994-11-17,13.5,13.625,13.375,13.375,13.375,21700
1994-11-18,13.375,13.5,13.375,13.375,13.375,19900
1994-11-21,13.5,13.5,13.375,13.375,13.375,18400
1994-11-22,13.375,13.625,13.375,13.5,13.5,36800
1994-11-23,13.5,13.75,13.5,13.75,13.75,31200
1994-11-25,13.625,13.75,13.625,13.625,13.625,5000
1994-11-28,13.75,13.75,13.5,13.75,13.75,29300
1994-11-29,13.625,13.75,13.5,13.75,13.75,17900
1994-11-30,13.75,13.75,13.5,13.5,13.5,9100
1994-12-01,13.625,13.75,13.5,13.625,13.625,26700
1994-12-02,13.75,13.875,13.75,13.875,13.875,31400
1994-12-05,13.875,13.875,13.75,13.875,13.875,35900
1994-12-06,13.875,14,13.75,14,14,26400
1994-12-07,13.875,14,13.875,14,14,8900
1994-12-08,13.875,14,13.75,13.75,13.75,5200
1994-12-09,13.75,14,13.75,14,14,12400
1994-12-12,13.875,14,13.875,14,14,8600
1994-12-13,14,14,13.75,13.875,13.875,26000
1994-12-14,13.875,14,13.75,14,14,11400
1994-12-15,13.875,14,13.875,13.875,13.875,6500
1994-12-16,12.75,12.875,12.625,12.875,12.875,22600
1994-12-19,12.625,13,12.625,12.875,12.875,22600
1994-12-20,12.875,13,12.75,12.75,12.75,14500
1994-12-21,13,13,12.75,12.75,12.75,14900
1994-12-22,12.625,12.75,12.5,12.5,12.5,13700
1994-12-23,12.5,12.625,12.5,12.5,12.5,19900
1994-12-27,12.5,12.625,12.5,12.5,12.5,6900
1994-12-28,12.5,12.75,12.5,12.75,12.75,26600
1994-12-29,12.5,12.625,12.5,12.5,12.5,23000
1994-12-30,12.625,12.625,12.5,12.5,12.5,48600
1995-01-03,12.625,12.875,12.5,12.875,12.875,24500
1995-01-04,13,13.25,13,13.25,13.25,26100
1995-01-05,13.25,13.375,13.25,13.375,13.375,3200
1995-01-06,13.375,13.5,13.25,13.375,13.375,24300
1995-01-09,13.375,13.5,13.25,13.5,13.5,42200
1995-01-10,13.5,13.625,13.375,13.5,13.5,124500
1995-01-11,13.5,13.625,13.5,13.625,13.625,13700
1995-01-12,13.625,13.625,13.5,13.625,13.625,8700
1995-01-13,13.5,13.625,13.5,13.625,13.625,21700
1995-01-16,13.625,13.875,13.625,13.75,13.75,8500
1995-01-17,13.625,13.875,13.625,13.7812,13.7812,47200
1995-01-18,13.75,13.75,13.5,13.625,13.625,18700
1995-01-19,13.5,13.5,13.125,13.25,13.25,16200
1995-01-20,13.25,13.25,12.875,13,13,11700
1995-01-23,12.75,12.75,12.5,12.75,12.75,4000
1995-01-24,12.75,13,12.625,12.75,12.75,13900
1995-01-25,12.625,12.75,12.5,12.75,12.75,8600
1995-01-26,12.625,12.875,12.625,12.75,12.75,21800
1995-01-27,12.875,13,12.875,12.875,12.875,11400
1995-01-30,13,13,12.875,13,13,15700
1995-01-31,13,13,12.875,13,13,7000
1995-02-01,13,13.25,13,13.25,13.25,34000
1995-02-02,13.5,13.875,13.5,13.875,13.875,38200
1995-02-03,13.75,14.125,13.75,14.125,14.125,23100
1995-02-06,14.125,14.125,13.875,13.875,13.875,8800
1995-02-07,13.875,14,13.75,13.75,13.75,9200
1995-02-08,13.875,13.875,13.5,13.625,13.625,12200
1995-02-09,13.5,13.625,13.5,13.5,13.5,4000
1995-02-10,13.5,13.625,13.375,13.625,13.625,4800
1995-02-13,13.375,13.5,13.25,13.25,13.25,10600
1995-02-14,13.125,13.5,13.125,13.5,13.5,12200
1995-02-15,13.25,13.5,13.25,13.5,13.5,11700
1995-02-16,13.375,13.5,13.375,13.5,13.5,12000
1995-02-17,13.375,13.625,13.375,13.5,13.5,4400
1995-02-21,13.5,13.625,13.25,13.5,13.5,12500
1995-02-22,13.375,13.5,13.375,13.375,13.375,10100
1995-02-23,13.5,14,13.375,14,14,25900
1995-02-24,14.125,14.125,14,14.125,14.125,12600
1995-02-27,13.875,14,13.875,13.875,13.875,7200
1995-02-28,14,14,13.875,13.875,13.875,6000
1995-03-01,14,14.25,13.875,14.125,14.125,35000
1995-03-02,14,14.25,14,14.125,14.125,16400
1995-03-03,14.125,14.25,14.125,14.25,14.25,15600
1995-03-06,14.25,14.5,14.125,14.125,14.125,16400
1995-03-07,14.125,14.125,13.875,13.875,13.875,20800
1995-03-08,13.875,14,13.75,14,14,14700
1995-03-09,13.875,14,13.75,13.75,13.75,10900
1995-03-10,13.875,13.875,13.625,13.625,13.625,8800
1995-03-13,13.625,13.625,13.375,13.5,13.5,11800
1995-03-14,13.5,13.5,13.25,13.375,13.375,13800
1995-03-15,13.25,13.375,13.25,13.25,13.25,15500
1995-03-16,13.25,13.5,13.25,13.375,13.375,15200
1995-03-17,13.5,13.5,13.375,13.375,13.375,8000
1995-03-20,13.375,13.625,13.375,13.625,13.625,12500
1995-03-21,13.625,13.625,13.5,13.5625,13.5625,11600
1995-03-22,13.625,13.625,13.5,13.5625,13.5625,3000
1995-03-23,13.5,13.625,13.375,13.5,13.5,16700
1995-03-24,13.375,13.5,13.375,13.375,13.375,15000
1995-03-27,13.375,13.5,13.375,13.375,13.375,6500
1995-03-28,13.375,13.5,13.375,13.375,13.375,6700
1995-03-29,13.5,13.625,13.375,13.375,13.375,9300
1995-03-30,13.375,13.625,13.375,13.625,13.625,17300
1995-03-31,13.625,13.875,13.625,13.75,13.75,24000
1995-04-03,13.75,14,13.75,14,14,22200
1995-04-04,13.875,14.125,13.875,14.125,14.125,14300
1995-04-05,14.25,14.25,14,14,14,8900
1995-04-06,14,14,13.875,13.875,13.875,17300
1995-04-07,13.875,14,13.875,13.875,13.875,13000
1995-04-10,13.875,14,13.875,13.875,13.875,10400
1995-04-11,14,14.125,13.875,13.875,13.875,10900
1995-04-12,13.875,14,13.875,13.875,13.875,15600
1995-04-13,14,14,13.875,14,14,12700
1995-04-17,13.875,13.875,13.75,13.75,13.75,5400
1995-04-18,13.75,13.75,13.625,13.75,13.75,7900
1995-04-19,13.625,13.75,13.625,13.625,13.625,16200
1995-04-20,13.75,13.75,13.625,13.75,13.75,8400
1995-04-21,13.75,13.75,13.625,13.625,13.625,6800
1995-04-24,13.75,13.75,13.625,13.625,13.625,3500
1995-04-25,13.625,13.875,13.625,13.75,13.75,19900
1995-04-26,13.75,13.875,13.75,13.75,13.75,3600
1995-04-27,13.75,13.875,13.75,13.875,13.875,13600
1995-04-28,13.875,14,13.875,14,14,13000
1995-05-01,14,14,13.875,13.9375,13.9375,11700
1995-05-02,13.875,14,13.875,14,14,15400
1995-05-03,14,14.125,14,14.125,14.125,15600
1995-05-04,14,14.375,14,14.25,14.25,17600
1995-05-05,14.25,14.375,14.25,14.25,14.25,13400
1995-05-08,14.125,14.5,14.125,14.375,14.375,12000
1995-05-09,14.375,14.625,14.375,14.375,14.375,21600
1995-05-10,14.5,14.625,14.5,14.625,14.625,18300
1995-05-11,14.625,14.625,14.5,14.5,14.5,19500
1995-05-12,14.5,14.75,14.5,14.625,14.625,10100
1995-05-15,14.625,14.625,14.375,14.375,14.375,15500
1995-05-16,14.375,14.5,14.375,14.375,14.375,14800
1995-05-17,14.5,14.5,14.25,14.25,14.25,9000
1995-05-18,14.375,14.375,14.25,14.375,14.375,21600
1995-05-19,14.375,14.375,14.25,14.25,14.25,15500
1995-05-22,14.25,14.25,14.125,14.25,14.25,14000
1995-05-23,14.1875,14.1875,14,14,14,7500
1995-05-24,13.875,13.875,13.75,13.875,13.875,5900
1995-05-25,13.75,13.875,13.75,13.75,13.75,4600
1995-05-26,13.875,14,13.75,13.75,13.75,12000
1995-05-30,13.75,14,13.75,14,14,12100
1995-05-31,13.875,14.25,13.875,14.25,14.25,25400
1995-06-01,14.5,14.625,14.375,14.375,14.375,29600
1995-06-02,14.5,14.875,14.5,14.875,14.875,34000
1995-06-05,14.75,14.875,14.625,14.75,14.75,28700
1995-06-06,14.875,14.875,14.5,14.5,14.5,19600
1995-06-07,14.5,14.5,14.375,14.375,14.375,18000
1995-06-08,14.375,14.375,14.125,14.25,14.25,18100
1995-06-09,14.125,14.25,14.125,14.125,14.125,20400
1995-06-12,14.25,14.25,14,14,14,12000
1995-06-13,14,14.25,14,14.25,14.25,16300
1995-06-14,14.125,14.25,14,14,14,43200
1995-06-15,14,14.125,13.875,13.875,13.875,15100
1995-06-16,14,14,13.625,14,14,16300
1995-06-19,13.875,14,13.875,13.875,13.875,22100
1995-06-20,13.875,14,13.875,13.875,13.875,16800
1995-06-21,13.75,14,13.75,13.75,13.75,7700
1995-06-22,14,14,13.875,14,14,12600
1995-06-23,13.875,13.875,13.75,13.875,13.875,3300
1995-06-26,13.875,13.875,13.625,13.75,13.75,14600
1995-06-27,13.75,13.875,13.625,13.625,13.625,30000
1995-06-28,13.625,13.75,13.625,13.75,13.75,15800
1995-06-29,13.875,13.875,13.625,13.875,13.875,20500
1995-06-30,13.875,14,13.875,14,14,20300
1995-07-03,14,14,13.875,14,14,13600
1995-07-05,14,14.125,14,14,14,19800
1995-07-06,14,14.25,14,14.25,14.25,18300
1995-07-07,14.125,14.375,14,14,14,34800
1995-07-10,14,14.125,14,14,14,13700
1995-07-11,14.125,14.125,13.875,13.875,13.875,11600
1995-07-12,13.875,14,13.875,13.875,13.875,23600
1995-07-13,13.875,14,13.75,13.875,13.875,17900
1995-07-14,14,14,13.75,13.75,13.75,7300
1995-07-17,13.75,13.875,13.75,13.75,13.75,15900
1995-07-18,13.75,13.875,13.75,13.875,13.875,17100
1995-07-19,13.75,13.875,13.625,13.625,13.625,23900
1995-07-20,13.625,13.75,13.5,13.5,13.5,6200
1995-07-21,13.625,13.75,13.5,13.5,13.5,9600
1995-07-24,13.625,13.75,13.5,13.75,13.75,5200
1995-07-25,13.625,13.625,13.5,13.5,13.5,21500
1995-07-26,13.5,13.625,13.5,13.5,13.5,18800
1995-07-27,13.5,13.625,13.375,13.5,13.5,16200
1995-07-28,13.5,13.625,13.5,13.625,13.625,3800
1995-07-31,13.625,13.75,13.5,13.625,13.625,31700
1995-08-01,13.75,13.75,13.625,13.75,13.75,23300
1995-08-02,13.625,13.875,13.625,13.75,13.75,18500
1995-08-03,13.875,13.875,13.75,13.75,13.75,8600
1995-08-04,13.75,13.75,13.625,13.75,13.75,10700
1995-08-07,13.75,13.75,13.625,13.625,13.625,7000
1995-08-08,13.625,13.75,13.625,13.75,13.75,11700
1995-08-09,13.75,13.75,13.625,13.625,13.625,12400
1995-08-10,13.625,13.75,13.625,13.6875,13.6875,13900
1995-08-11,13.75,13.75,13.5,13.625,13.625,27900
1995-08-14,13.625,13.625,13.5,13.5,13.5,13000
1995-08-15,13.5,13.625,13.5,13.625,13.625,13800
1995-08-16,13.625,13.75,13.5,13.75,13.75,11500
1995-08-17,13.625,13.75,13.5,13.5,13.5,17700
1995-08-18,13.625,13.75,13.625,13.75,13.75,7600
1995-08-21,13.75,14,13.625,14,14,45700
1995-08-22,13.875,14,13.75,13.75,13.75,25600
1995-08-23,13.75,13.875,13.625,13.875,13.875,15900
1995-08-24,13.875,14,13.75,14,14,18800
1995-08-25,13.875,14,13.875,14,14,63300
1995-08-28,14.125,14.25,14,14.125,14.125,15500
1995-08-29,14,14.125,14,14.125,14.125,6000
1995-08-30,14.125,14.25,14,14,14,6300
1995-08-31,14,14.125,14,14.125,14.125,11400
1995-09-01,14.25,14.25,14.125,14.25,14.25,30900
1995-09-05,14.125,14.25,14.125,14.25,14.25,13500
1995-09-06,14.125,14.25,14.125,14.25,14.25,16300
1995-09-07,14.125,14.25,14.125,14.25,14.25,15300
1995-09-08,14.125,14.25,14,14.125,14.125,49600
1995-09-11,14,14.25,14,14,14,10800
1995-09-12,14.125,14.125,14,14,14,15300
1995-09-13,14,14.125,14,14,14,16600
1995-09-14,14,14.125,14,14,14,25600
1995-09-15,14.125,14.125,14,14,14,15300
1995-09-18,14,14.125,14,14.125,14.125,9800
1995-09-19,14,14.125,14,14,14,15600
1995-09-20,13.875,14.125,13.875,13.875,13.875,10100
1995-09-21,14,14,13.875,14,14,5600
1995-09-22,13.875,14,13.75,13.75,13.75,11900
1995-09-25,13.75,14,13.75,13.75,13.75,10200
1995-09-26,13.75,14,13.75,14,14,17300
1995-09-27,13.875,14,13.75,13.875,13.875,12600
1995-09-28,13.875,14,13.75,13.875,13.875,10000
1995-09-29,13.75,14.125,13.75,14.125,14.125,34000
1995-10-02,14.125,14.125,14,14,14,14000
1995-10-03,14.125,14.125,14,14.125,14.125,14200
1995-10-04,14,14.125,14,14.125,14.125,23800
1995-10-05,14,14.125,14,14,14,5600
1995-10-06,14.125,14.125,14,14,14,8800
1995-10-09,14,14.125,14,14,14,14700
1995-10-10,14,14.125,13.875,13.875,13.875,22000
1995-10-11,14,14,13.875,14,14,23200
1995-10-12,13.875,14,13.875,13.875,13.875,7100
1995-10-13,14,14,13.875,13.9375,13.9375,18800
1995-10-16,13.875,14,13.875,13.875,13.875,11800
1995-10-17,14,14,13.875,14,14,26800
1995-10-18,13.875,14,13.875,14,14,10300
1995-10-19,13.875,14,13.75,13.875,13.875,30800
1995-10-20,13.75,13.875,13.75,13.875,13.875,15300
1995-10-23,13.875,13.875,13.75,13.875,13.875,20400
1995-10-24,13.875,13.875,13.75,13.75,13.75,25400
1995-10-25,13.875,13.875,13.75,13.75,13.75,18800
1995-10-26,13.875,13.875,13.625,13.625,13.625,21200
1995-10-27,13.75,13.75,13.625,13.625,13.625,7000
1995-10-30,13.75,13.75,13.625,13.625,13.625,16600
1995-10-31,13.75,13.8125,13.625,13.625,13.625,26000
1995-11-01,13.625,13.75,13.625,13.625,13.625,27400
1995-11-02,13.75,13.875,13.625,13.75,13.75,22800
1995-11-03,13.75,13.875,13.75,13.875,13.875,42800
1995-11-06,13.875,14,13.875,13.875,13.875,30200
1995-11-07,14,14,13.875,13.875,13.875,25600
1995-11-08,14,14,13.75,13.75,13.75,19000
1995-11-09,13.75,13.875,13.75,13.875,13.875,11200
1995-11-10,13.75,14,13.75,13.875,13.875,65500
1995-11-13,13.75,14,13.75,13.875,13.875,130700
1995-11-14,14,14.125,13.75,14,14,42000
1995-11-15,14,14.125,14,14,14,19800
1995-11-16,14,14.125,14,14.125,14.125,47400
1995-11-17,14,14.125,14,14,14,23000
1995-11-20,14,14.125,14,14,14,31600
1995-11-21,14.125,14.125,14,14.125,14.125,7800
1995-11-22,14.125,14.125,14,14,14,17800
1995-11-24,14.125,14.125,14,14,14,11600
1995-11-27,14.125,14.25,14,14.125,14.125,14900
1995-11-28,14.25,14.25,14.125,14.125,14.125,28200
1995-11-29,14.125,14.25,14.125,14.125,14.125,23500
1995-11-30,14.25,14.375,14.125,14.125,14.125,47700
1995-12-01,14.25,14.25,14.125,14.125,14.125,27800
1995-12-04,14.25,14.375,14.125,14.125,14.125,21000
1995-12-05,14.25,14.375,14.125,14.25,14.25,25600
1995-12-06,14.125,14.25,14.125,14.125,14.125,22700
1995-12-07,14.125,14.125,13.875,13.875,13.875,79500
1995-12-08,13.875,14,13.625,13.75,13.75,70500
1995-12-11,13.625,13.75,13.625,13.625,13.625,23500
1995-12-12,13.625,13.75,13.5,13.5,13.5,54500
1995-12-13,13.5,13.625,13.5,13.625,13.625,9300
1995-12-14,13.5,13.625,13.5,13.625,13.625,18500
1995-12-15,13.5,13.625,13.5,13.625,13.625,21800
1995-12-18,13.5,13.625,13.5,13.5,13.5,27500
1995-12-19,13.375,13.5,13.375,13.375,13.375,20000
1995-12-20,13.375,13.625,13.375,13.4375,13.4375,55400
1995-12-21,13.625,13.625,13.375,13.375,13.375,31500
1995-12-22,13.5,13.5,13.375,13.375,13.375,31000
1995-12-26,13.375,13.5,13.25,13.25,13.25,32500
1995-12-27,13.375,13.375,13.25,13.25,13.25,28700
1995-12-28,13.25,13.375,13.25,13.25,13.25,19900
1995-12-29,13.25,13.5,13.25,13.5,13.5,47800
1996-01-02,13.375,13.625,13.375,13.625,13.625,46200
1996-01-03,13.625,13.625,13.5,13.625,13.625,14500
1996-01-04,13.625,13.625,13.375,13.375,13.375,26900
1996-01-05,13.5,13.5,13.375,13.375,13.375,65100
1996-01-08,13.375,13.5,13.375,13.375,13.375,4300
1996-01-09,13.375,13.5,13.25,13.25,13.25,20500
1996-01-10,13.375,13.375,13.25,13.25,13.25,23500
1996-01-11,13.375,13.375,13.25,13.25,13.25,18900
1996-01-12,13.25,13.375,13.25,13.375,13.375,21100
1996-01-15,13.25,13.375,13.25,13.25,13.25,11300
1996-01-16,13.375,13.5,13.375,13.375,13.375,17400
1996-01-17,13.375,13.5,13.25,13.375,13.375,32900
1996-01-18,13.5,13.5,13.375,13.375,13.375,24400
1996-01-19,13.5,13.5,13.375,13.5,13.5,19900
1996-01-22,13.5,13.625,13.375,13.625,13.625,40000
1996-01-23,13.5,13.625,13.5,13.5,13.5,25500
1996-01-24,13.625,13.625,13.5,13.5,13.5,14400
1996-01-25,13.5,13.625,13.5,13.625,13.625,20800
1996-01-26,13.625,13.625,13.5,13.5,13.5,22300
1996-01-29,13.5,13.75,13.5,13.5,13.5,21700
1996-01-30,13.625,13.75,13.625,13.75,13.75,17400
1996-01-31,13.625,13.75,13.625,13.625,13.625,34600
1996-02-01,13.625,13.75,13.625,13.75,13.75,24600
1996-02-02,13.625,13.75,13.625,13.625,13.625,30800
1996-02-05,13.625,13.75,13.625,13.625,13.625,22900
1996-02-06,13.625,13.75,13.625,13.625,13.625,13300
1996-02-07,13.5,13.625,13.5,13.5,13.5,31400
1996-02-08,13.625,13.625,13.5,13.5,13.5,25900
1996-02-09,13.625,13.625,13.5,13.625,13.625,24100
1996-02-12,13.75,13.75,13.5,13.625,13.625,18100
1996-02-13,13.75,13.75,13.5,13.625,13.625,25200
1996-02-14,13.625,13.625,13.5,13.5,13.5,21700
1996-02-15,13.5,13.625,13.5,13.5,13.5,17800
1996-02-16,13.625,13.625,13.375,13.375,13.375,39100
1996-02-20,13.375,13.5,13.375,13.5,13.5,31600
1996-02-21,13.5,13.625,13.375,13.375,13.375,15200
1996-02-22,13.375,13.5,13.375,13.5,13.5,15300
1996-02-23,13.375,13.5,13.375,13.375,13.375,15600
1996-02-26,13.375,13.625,13.375,13.375,13.375,21400
1996-02-27,13.5,13.625,13.375,13.5,13.5,23600
1996-02-28,13.5,13.625,13.5,13.625,13.625,15900
1996-02-29,13.5,13.625,13.5,13.5,13.5,42400
1996-03-01,13.625,13.75,13.5,13.625,13.625,32400
1996-03-04,13.625,13.625,13.5,13.5,13.5,6300
1996-03-05,13.625,13.625,13.5,13.625,13.625,35900
1996-03-06,13.625,13.625,13.5,13.5,13.5,9900
1996-03-07,13.5,13.625,13.5,13.5,13.5,14900
1996-03-08,13.25,13.375,13.25,13.375,13.375,29300
1996-03-11,13.125,13.375,13,13.25,13.25,35300
1996-03-12,13.125,13.25,13.125,13.125,13.125,14900
1996-03-13,13.25,13.25,13.125,13.125,13.125,12000
1996-03-14,13.125,13.25,13.125,13.125,13.125,9100
1996-03-15,13.125,13.25,13.125,13.125,13.125,8500
1996-03-18,13.25,13.25,13.125,13.125,13.125,11700
1996-03-19,13.125,13.25,13.125,13.125,13.125,12200
1996-03-20,13.125,13.25,13.125,13.125,13.125,32000
1996-03-21,13.125,13.125,13,13,13,11500
1996-03-22,13.125,13.25,13,13,13,24900
1996-03-25,13.125,13.25,13.125,13.125,13.125,9100
1996-03-26,13.125,13.25,13.125,13.125,13.125,10200
1996-03-27,13.125,13.25,13.125,13.125,13.125,10100
1996-03-28,13.125,13.1875,13,13,13,24900
1996-03-29,13.125,13.25,13,13.1875,13.1875,23100
1996-04-01,13.25,13.375,13.125,13.375,13.375,44500
1996-04-02,13.25,13.375,13.25,13.25,13.25,18200
1996-04-03,13.25,13.25,13.25,13.25,13.25,10000
1996-04-04,13.375,13.375,13.25,13.375,13.375,21100
1996-04-08,13.125,13.125,13,13,13,25900
1996-04-09,13.125,13.25,13,13.125,13.125,20400
1996-04-10,13,13.125,13,13,13,25500
1996-04-11,13.125,13.125,13,13,13,20200
1996-04-12,13.125,13.25,13,13.125,13.125,15500
1996-04-15,13.25,13.375,13.25,13.375,13.375,20000
1996-04-16,13.375,13.4375,13.25,13.375,13.375,94200
1996-04-17,13.25,13.375,13.25,13.375,13.375,5000
1996-04-18,13.375,13.375,13.25,13.375,13.375,8200
1996-04-19,13.375,13.375,13.25,13.25,13.25,21900
1996-04-22,13.25,13.375,13.25,13.25,13.25,17000
1996-04-23,13.25,13.25,13.125,13.25,13.25,45700
1996-04-24,13.125,13.25,13,13,13,11100
1996-04-25,13.125,13.125,13,13,13,28500
1996-04-26,13.125,13.125,13,13.125,13.125,18500
1996-04-29,13.125,13.25,13.125,13.125,13.125,17600
1996-04-30,13.125,13.25,13.125,13.25,13.25,36500
1996-05-01,13.25,13.25,13.125,13.125,13.125,36000
1996-05-02,13.125,13.25,13,13.25,13.25,21600
1996-05-03,13.125,13.25,13.125,13.125,13.125,12700
1996-05-06,13.25,13.375,13.25,13.25,13.25,29300
1996-05-07,13.125,13.375,13.125,13.125,13.125,8300
1996-05-08,13.125,13.25,13.125,13.25,13.25,12400
1996-05-09,13.125,13.375,13.125,13.25,13.25,12700
1996-05-10,13.25,13.375,13.125,13.25,13.25,26800
1996-05-13,13.125,13.375,13.125,13.25,13.25,15200
1996-05-14,13.25,13.375,13.125,13.25,13.25,22400
1996-05-15,13.25,13.375,13.25,13.25,13.25,13000
1996-05-16,13.25,13.375,13.25,13.375,13.375,12800
1996-05-17,13.375,13.5,13.25,13.5,13.5,22900
1996-05-20,13.5,13.5,13.25,13.375,13.375,31500
1996-05-21,13.25,13.375,13.25,13.375,13.375,14700
1996-05-22,13.5,13.5,13.25,13.25,13.25,16500
1996-05-23,13.25,13.375,13.25,13.25,13.25,6700
1996-05-24,13.25,13.375,13.25,13.375,13.375,25500
1996-05-28,13.25,13.5,13.25,13.5,13.5,33000
1996-05-29,13.375,13.875,13.375,13.625,13.625,166500
1996-05-30,13.75,13.75,13.625,13.75,13.75,46700
1996-05-31,13.75,13.875,13.625,13.875,13.875,52700
1996-06-03,13.875,13.875,13.625,13.75,13.75,61600
1996-06-04,13.75,13.875,13.75,13.75,13.75,32000
1996-06-05,13.75,14,13.75,14,14,86500
1996-06-06,13.875,14,13.875,13.875,13.875,19300
1996-06-07,13.75,13.875,13.625,13.75,13.75,25900
1996-06-10,13.75,13.875,13.75,13.75,13.75,12400
1996-06-11,13.75,13.875,13.75,13.875,13.875,19600
1996-06-12,13.875,14,13.75,13.875,13.875,22300
1996-06-13,13.875,14,13.75,14,14,10400
1996-06-14,13.875,14,13.875,14,14,13500
1996-06-17,14,14,13.875,13.875,13.875,26900
1996-06-18,13.875,14,13.875,13.875,13.875,32300
1996-06-19,13.75,13.875,13.75,13.875,13.875,23600
1996-06-20,14,14,13.875,14,14,57500
1996-06-21,13.875,13.875,13.75,13.75,13.75,17200
1996-06-24,13.875,14,13.75,14,14,21400
1996-06-25,14,14,13.875,14,14,54900
1996-06-26,13.875,14,13.875,13.9375,13.9375,19900
1996-06-27,13.875,14,13.875,13.875,13.875,15700
1996-06-28,13.875,14,13.875,14,14,38500
1996-07-01,14,14.125,14,14,14,52900
1996-07-02,14.125,14.125,13.875,14,14,25200
1996-07-03,13.875,14.125,13.875,14,14,10600
1996-07-05,13.875,14,13.875,14,14,3100
1996-07-08,13.875,14,13.875,13.875,13.875,5500
1996-07-09,13.875,14,13.875,14,14,25300
1996-07-10,14,14,13.875,13.875,13.875,36500
1996-07-11,13.875,14,13.875,14,14,16600
1996-07-12,14,14.125,13.875,14.125,14.125,28000
1996-07-15,14,14.125,14,14.125,14.125,9200
1996-07-16,14,14.125,14,14.125,14.125,7300
1996-07-17,14.125,14.125,14,14,14,20200
1996-07-18,14,14.125,14,14,14,15800
1996-07-19,14.125,14.125,14,14,14,12600
1996-07-22,13.875,14,13.875,13.875,13.875,4700
1996-07-23,13.875,14,13.875,13.875,13.875,12500
1996-07-24,13.875,13.875,13.875,13.875,13.875,22700
1996-07-25,14,14,13.75,13.875,13.875,12400
1996-07-26,13.75,14,13.75,13.875,13.875,10700
1996-07-29,14,14,13.875,14,14,6200
1996-07-30,14,14,13.875,14,14,6500
1996-07-31,14,14.125,13.875,14,14,32800
1996-08-01,14.125,14.125,14,14.125,14.125,45100
1996-08-02,14,14.125,14,14,14,11800
1996-08-05,14.125,14.25,14,14.25,14.25,32300
1996-08-06,14.25,14.375,14.125,14.375,14.375,46500
1996-08-07,14.375,14.75,14.375,14.75,14.75,82300
1996-08-08,14.625,14.75,14.625,14.75,14.75,35000
1996-08-09,14.75,14.875,14.75,14.875,14.875,19600
1996-08-12,14.75,14.875,14.625,14.75,14.75,59300
1996-08-13,14.875,14.875,14.625,14.625,14.625,32200
1996-08-14,14.625,14.75,14.625,14.625,14.625,8700
1996-08-15,14.75,14.75,14.625,14.625,14.625,7900
1996-08-16,14.75,14.75,14.625,14.625,14.625,8300
1996-08-19,14.625,14.75,14.625,14.625,14.625,10600
1996-08-20,14.625,14.75,14.625,14.625,14.625,23600
1996-08-21,14.5,14.625,14.5,14.5,14.5,32200
1996-08-22,14.5,14.625,14.5,14.625,14.625,13300
1996-08-23,14.625,14.625,14.5,14.5,14.5,5500
1996-08-26,14.625,14.625,14.5,14.625,14.625,8300
1996-08-27,14.5,14.625,14.5,14.5,14.5,20700
1996-08-28,14.5,14.5,14.375,14.375,14.375,9400
1996-08-29,14.375,14.5,14.375,14.375,14.375,19900
1996-08-30,14.5,14.5,14.375,14.5,14.5,38100
1996-09-03,14.5,14.5,14.375,14.5,14.5,24900
1996-09-04,14.375,14.5,14.375,14.5,14.5,18600
1996-09-05,14.375,14.5,14.25,14.375,14.375,11400
1996-09-06,14.25,14.375,14.25,14.25,14.25,9700
1996-09-09,14.375,14.625,14.375,14.375,14.375,42700
1996-09-10,14.5,14.5,14.375,14.375,14.375,12600
1996-09-11,14.375,14.5,14.375,14.5,14.5,16000
1996-09-12,14.375,14.5,14.375,14.375,14.375,7700
1996-09-13,14.375,14.5,14.375,14.375,14.375,3700
1996-09-16,14.375,14.5,14.375,14.375,14.375,15000
1996-09-17,14.375,14.375,14.125,14.375,14.375,30800
1996-09-18,14.25,14.25,14.125,14.125,14.125,6300
1996-09-19,14,14.125,14,14,14,35600
1996-09-20,13.875,13.875,13.75,13.75,13.75,26500
1996-09-23,13.875,13.875,13.75,13.875,13.875,15700
1996-09-24,13.875,13.875,13.75,13.875,13.875,16200
1996-09-25,13.75,13.875,13.75,13.75,13.75,27900
1996-09-26,13.75,13.875,13.75,13.875,13.875,20900
1996-09-27,13.75,13.875,13.75,13.875,13.875,13200
1996-09-30,13.875,14,13.875,14,14,22400
1996-10-01,14,14,13.875,14,14,38500
1996-10-02,13.875,14,13.875,14,14,30500
1996-10-03,14.125,14.25,14,14.25,14.25,54100
1996-10-04,14.25,14.375,14.125,14.375,14.375,10300
1996-10-07,14.25,14.25,14.125,14.125,14.125,5300
1996-10-08,14.125,14.25,14.125,14.25,14.25,18400
1996-10-09,14.125,14.25,14.125,14.125,14.125,18000
1996-10-10,14.25,14.375,14.125,14.25,14.25,8900
1996-10-11,14.25,14.375,14.125,14.25,14.25,19500
1996-10-14,14.25,14.375,14.25,14.25,14.25,14500
1996-10-15,14.125,14.25,14.125,14.25,14.25,5200
1996-10-16,14.125,14.25,14.125,14.25,14.25,8800
1996-10-17,14.125,14.25,14.125,14.125,14.125,15500
1996-10-18,14.125,14.25,14.125,14.125,14.125,3200
1996-10-21,14.25,14.25,14.125,14.25,14.25,9700
1996-10-22,14.125,14.25,14.125,14.125,14.125,13000
1996-10-23,14.125,14.25,14.125,14.125,14.125,8400
1996-10-24,14.25,14.375,14.125,14.25,14.25,24000
1996-10-25,14.25,14.5,14.125,14.5,14.5,20700
1996-10-28,14.375,14.625,14.375,14.375,14.375,37000
1996-10-29,14.5,14.75,14.5,14.625,14.625,16700
1996-10-30,14.625,14.875,14.625,14.875,14.875,10600
1996-10-31,14.75,14.875,14.75,14.875,14.875,62500
1996-11-01,14.875,15,14.875,14.875,14.875,20100
1996-11-04,15,15,14.875,14.875,14.875,21700
1996-11-05,14.875,15,14.875,14.875,14.875,18100
1996-11-06,14.875,15,14.875,14.875,14.875,24300
1996-11-07,14.875,15,14.875,15,15,35800
1996-11-08,15.125,15.125,15,15,15,14500
1996-11-11,15,15.25,15,15.125,15.125,20300
1996-11-12,15.25,15.375,15.125,15.25,15.25,127700
1996-11-13,15.25,15.375,15.125,15.25,15.25,67400
1996-11-14,15.25,15.375,15.25,15.375,15.375,6100
1996-11-15,15.25,15.375,15.125,15.125,15.125,25600
1996-11-18,15.25,15.25,15.125,15.25,15.25,42000
1996-11-19,15.125,15.5,15.125,15.375,15.375,52000
1996-11-20,15.375,15.5,15.375,15.375,15.375,27100
1996-11-21,15.375,15.5,15.375,15.5,15.5,10900
1996-11-22,15.375,15.5,15.375,15.375,15.375,21200
1996-11-25,15.5,15.5,15.375,15.375,15.375,28200
1996-11-26,15.375,15.5,15.25,15.25,15.25,18600
1996-11-27,15.375,15.375,15.25,15.25,15.25,11400
1996-11-29,15.25,15.5,15.25,15.5,15.5,18800
1996-12-02,15.5,15.5,15.375,15.375,15.375,27600
1996-12-03,15.5,15.5625,15.375,15.5,15.5,63300
1996-12-04,15.5,15.625,15.375,15.375,15.375,28900
1996-12-05,15.375,15.625,15.375,15.375,15.375,5700
1996-12-06,15.375,15.375,15.25,15.25,15.25,8500
1996-12-09,15.25,15.375,15.25,15.25,15.25,29500
1996-12-10,15.25,15.375,15.125,15.375,15.375,24200
1996-12-11,15.25,15.25,14.875,15,15,14500
1996-12-12,15,15.125,15,15.125,15.125,26400
1996-12-13,15,15.125,15,15,15,8700
1996-12-16,15,15.125,15,15,15,16700
1996-12-17,15.125,15.375,15.125,15.375,15.375,30200
1996-12-18,15.375,15.375,15.25,15.25,15.25,17000
1996-12-19,15.375,15.375,15.25,15.375,15.375,10500
1996-12-20,15.375,15.5,15.125,15.125,15.125,27300
1996-12-23,14.5,14.625,14.375,14.375,14.375,38700
1996-12-24,14.625,14.625,14.375,14.375,14.375,7700
1996-12-26,14.375,14.5,14.375,14.375,14.375,15100
1996-12-27,14.375,14.5,14.375,14.375,14.375,14000
1996-12-30,14.5,14.5,14.375,14.5,14.5,156700
1996-12-31,14.5,14.75,14.5,14.75,14.75,41300
1997-01-02,14.75,14.875,14.75,14.875,14.875,25100
1997-01-03,15.125,15.375,15.125,15.125,15.125,109900
1997-01-06,15.25,15.375,15.125,15.375,15.375,80600
1997-01-07,15.25,15.375,15.25,15.375,15.375,32500
1997-01-08,15.25,15.2969,15.125,15.25,15.25,47200
1997-01-09,15.25,15.25,15,15,15,13100
1997-01-10,15,15,14.875,15,15,4700
1997-01-13,14.875,15,14.75,14.75,14.75,6300
1997-01-14,14.875,15,14.875,14.875,14.875,7400
1997-01-15,14.875,15,14.875,15,15,9300
1997-01-16,15,15,14.75,14.75,14.75,9700
1997-01-17,14.75,14.875,14.75,14.75,14.75,13200
1997-01-20,15,15,14.75,14.75,14.75,23800
1997-01-21,14.75,15,14.75,15,15,8900
1997-01-22,14.75,14.875,14.75,14.75,14.75,7200
1997-01-23,14.875,14.875,14.625,14.625,14.625,15900
1997-01-24,14.625,14.75,14.5,14.75,14.75,7800
1997-01-27,14.625,14.75,14.5,14.625,14.625,18300
1997-01-28,14.625,14.75,14.625,14.625,14.625,14500
1997-01-29,14.5,14.625,14.375,14.5,14.5,9800
1997-01-30,14.625,14.625,14.5,14.5,14.5,9100
1997-01-31,14.625,14.75,14.625,14.75,14.75,38900
1997-02-03,14.875,14.875,14.75,14.75,14.75,19500
1997-02-04,14.875,14.875,14.75,14.875,14.875,14900
1997-02-05,14.875,14.875,14.625,14.625,14.625,27100
1997-02-06,14.75,14.875,14.625,14.875,14.875,2100
1997-02-07,14.875,14.875,14.5,14.5,14.5,16600
1997-02-10,14.75,14.75,14.625,14.625,14.625,12400
1997-02-11,14.75,14.75,14.625,14.75,14.75,5300
1997-02-12,14.75,14.75,14.5,14.5,14.5,20400
1997-02-13,14.5,14.75,14.5,14.75,14.75,9700
1997-02-14,14.75,15,14.75,14.875,14.875,17400
1997-02-18,15,15.125,15,15.125,15.125,24800
1997-02-19,15.125,15.125,14.875,14.875,14.875,17100
1997-02-20,14.75,14.875,14.75,14.75,14.75,10100
1997-02-21,14.75,14.875,14.75,14.75,14.75,11000
1997-02-24,14.75,14.875,14.75,14.75,14.75,12100
1997-02-25,14.875,14.875,14.75,14.75,14.75,21400
1997-02-26,14.75,14.875,14.75,14.75,14.75,12700
1997-02-27,14.75,14.875,14.75,14.75,14.75,8600
1997-02-28,14.75,14.875,14.75,14.875,14.875,21800
1997-03-03,14.875,14.875,14.75,14.75,14.75,16700
1997-03-04,14.875,15,14.875,15,15,28600
1997-03-05,14.875,15,14.75,14.875,14.875,13700
1997-03-06,14.9062,15,14.875,14.875,14.875,306300
1997-03-07,14.875,15,14.875,15,15,17100
1997-03-10,15,15.125,14.875,15,15,7500
1997-03-11,15,15.125,15,15,15,6100
1997-03-12,15,15.125,15,15,15,4700
1997-03-13,15,15.125,15,15,15,11900
1997-03-14,15.125,15.125,14.875,15,15,17500
1997-03-17,15,15.125,14.875,14.875,14.875,33300
1997-03-18,15,15,14.875,14.875,14.875,9500
1997-03-19,14.875,15,14.875,14.875,14.875,16600
1997-03-20,14.875,15,14.875,14.875,14.875,29300
1997-03-21,14.875,14.875,14.75,14.75,14.75,21400
1997-03-24,14.75,15,14.75,14.875,14.875,32500
1997-03-25,15,15,14.875,15,15,28000
1997-03-26,14.875,15,14.875,14.875,14.875,16400
1997-03-27,14.875,15,14.875,15,15,20000
1997-03-31,15,15.125,15,15.125,15.125,45000
1997-04-01,15.125,15.25,15,15,15,30300
1997-04-02,15,15,15,15,15,5100
1997-04-03,15.125,15.25,15,15,15,17300
1997-04-04,15.125,15.125,14.875,14.875,14.875,9600
1997-04-07,15,15.125,14.875,14.875,14.875,22500
1997-04-08,14.875,15,14.875,14.875,14.875,7100
1997-04-09,14.875,15,14.75,14.75,14.75,11500
1997-04-10,14.75,14.875,14.625,14.625,14.625,10800
1997-04-11,14.625,14.625,14.375,14.5,14.5,38900
1997-04-14,14.375,14.5,14.375,14.375,14.375,15200
1997-04-15,14.5,14.5,14.375,14.375,14.375,17900
1997-04-16,14.375,14.5,14.375,14.375,14.375,13000
1997-04-17,14.375,14.5,14.375,14.375,14.375,14100
1997-04-18,14.5,14.5,14.375,14.375,14.375,3600
1997-04-21,14.25,14.375,14.25,14.25,14.25,5800
1997-04-22,14.375,14.5,14.375,14.375,14.375,13200
1997-04-23,14.5,14.625,14.375,14.625,14.625,12100
1997-04-24,14.5,14.625,14.375,14.375,14.375,16800
1997-04-25,14.375,14.5,14.375,14.5,14.5,16700
1997-04-28,14.625,14.625,14.375,14.5,14.5,9200
1997-04-29,14.5,14.625,14.5,14.625,14.625,19600
1997-04-30,14.75,14.875,14.75,14.875,14.875,46200
1997-05-01,14.875,15.25,14.875,15.25,15.25,17500
1997-05-02,15,15.25,15,15.125,15.125,16200
1997-05-05,15.125,15.25,15.125,15.125,15.125,22800
1997-05-06,15.125,15.25,15,15,15,107000
1997-05-07,15,15.125,15,15,15,12400
1997-05-08,15,15,14.875,15,15,16100
1997-05-09,15.125,15.125,14.875,15,15,7700
1997-05-12,15,15.125,14.875,15.125,15.125,7300
1997-05-13,14.875,15.125,14.875,15,15,122700
1997-05-14,15,15.125,15,15,15,28500
1997-05-15,15,15,15,15,15,8800
1997-05-16,15.125,15.125,15,15.125,15.125,10200
1997-05-19,15,15.125,15,15.125,15.125,10900
1997-05-20,15,15.125,15,15,15,14000
1997-05-21,15.125,15.125,15,15.125,15.125,6600
1997-05-22,15,15,15,15,15,17500
1997-05-23,15.125,15.125,15,15,15,4100
1997-05-27,15,15.125,15,15,15,4000
1997-05-28,15,15.125,15,15,15,11200
1997-05-29,15,15.125,15,15.125,15.125,20900
1997-05-30,15.25,15.25,15,15.125,15.125,20800
1997-06-02,15.25,15.375,15.125,15.25,15.25,33300
1997-06-03,15.25,15.375,15.125,15.375,15.375,90400
1997-06-04,15.375,15.375,15.125,15.25,15.25,28900
1997-06-05,15.25,15.25,15.25,15.25,15.25,7200
1997-06-06,15.25,15.375,15.25,15.25,15.25,8300
1997-06-09,15.25,15.375,15.25,15.375,15.375,18700
1997-06-10,15.25,15.375,15.25,15.375,15.375,15100
1997-06-11,15.25,15.375,15.25,15.25,15.25,5500
1997-06-12,15.25,15.375,15.25,15.3125,15.3125,20000
1997-06-13,15.25,15.75,15.25,15.375,15.375,125700
1997-06-16,15.5,15.5,15.375,15.375,15.375,16600
1997-06-17,15.375,15.5,15.375,15.375,15.375,35400
1997-06-18,15.375,15.5,15.375,15.375,15.375,35100
1997-06-19,15.375,15.375,15.25,15.25,15.25,6900
1997-06-20,15.25,15.5,15.25,15.375,15.375,30100
1997-06-23,15.625,15.625,15.375,15.375,15.375,14600
1997-06-24,15.375,15.4375,15.375,15.375,15.375,10400
1997-06-25,15.375,15.625,15.375,15.5,15.5,8300
1997-06-26,15.5,15.625,15.5,15.5,15.5,9300
1997-06-27,15.5,15.625,15.375,15.4375,15.4375,14500
1997-06-30,15.625,15.625,15.4531,15.5625,15.5625,309900
1997-07-01,15.5,15.625,15.5,15.5625,15.5625,12900
1997-07-02,15.6875,15.6875,15.5625,15.5625,15.5625,4200
1997-07-03,15.5625,15.75,15.5625,15.75,15.75,16900
1997-07-07,15.5625,15.625,15.5,15.5,15.5,9000
1997-07-08,15.5,15.625,15.5,15.625,15.625,30400
1997-07-09,15.5625,15.5625,15.5625,15.5625,15.5625,8000
1997-07-10,15.5,15.5,15.5,15.5,15.5,4800
1997-07-11,15.5,15.5625,15.5,15.5,15.5,6900
1997-07-14,15.5,15.5625,15.5,15.5,15.5,13400
1997-07-15,15.5,15.625,15.5,15.625,15.625,12500
1997-07-16,15.5,15.75,15.5,15.5,15.5,23800
1997-07-17,15.5,15.5,15.5,15.5,15.5,5600
1997-07-18,15.5,15.5625,15.5,15.5,15.5,12000
1997-07-21,15.5625,15.625,15.5,15.625,15.625,18900
1997-07-22,15.5,15.75,15.5,15.5,15.5,10200
1997-07-23,15.5,15.625,15.5,15.5625,15.5625,13100
1997-07-24,15.5625,15.625,15.5,15.625,15.625,19700
1997-07-25,15.625,15.625,15.5,15.625,15.625,8200
1997-07-28,15.5625,15.75,15.5,15.625,15.625,13500
1997-07-29,15.625,15.75,15.625,15.625,15.625,11500
1997-07-30,15.625,15.875,15.625,15.875,15.875,10800
1997-07-31,15.8125,16,15.8125,15.9375,15.9375,30300
1997-08-01,15.9375,16.0625,15.625,15.6875,15.6875,28500
1997-08-04,15.75,15.75,15.6875,15.75,15.75,11300
1997-08-05,15.75,15.75,15.625,15.6875,15.6875,26900
1997-08-06,15.6875,15.6875,15.6875,15.6875,15.6875,16800
1997-08-07,15.6875,15.6875,15.625,15.625,15.625,25400
1997-08-08,15.625,15.6875,15.5,15.5,15.5,12700
1997-08-11,15.5,15.75,15.5,15.625,15.625,3700
1997-08-12,15.625,15.75,15.5625,15.5625,15.5625,11700
1997-08-13,15.5625,15.6875,15.3125,15.3125,15.3125,48000
1997-08-14,15.375,15.5,15.375,15.4375,15.4375,8300
1997-08-15,15.3125,15.5,15.3125,15.3125,15.3125,11000
1997-08-18,15.3125,15.375,15.3125,15.375,15.375,2700
1997-08-19,15.4375,15.5,15.3125,15.375,15.375,13100
1997-08-20,15.25,15.5,15.25,15.5,15.5,8100
1997-08-21,15.5,15.5,15.3125,15.375,15.375,9100
1997-08-22,15.25,15.3125,15.1875,15.1875,15.1875,11200
1997-08-25,15.25,15.4375,15.25,15.25,15.25,19100
1997-08-26,15.3125,15.3125,15.1875,15.1875,15.1875,15200
1997-08-27,15.25,15.3125,15.1875,15.25,15.25,15700
1997-08-28,15.1875,15.4375,15.1875,15.4375,15.4375,23800
1997-08-29,15.4375,15.6875,15.4375,15.6875,15.6875,2400
1997-09-02,15.4375,15.8125,15.4375,15.6875,15.6875,9300
1997-09-03,15.75,15.9375,15.75,15.875,15.875,19200
1997-09-04,15.8125,15.8125,15.4375,15.4375,15.4375,15600
1997-09-05,15.4375,15.875,15.4375,15.5,15.5,11700
1997-09-08,15.4375,15.5,15.4375,15.5,15.5,6100
1997-09-09,15.75,15.75,15.4375,15.4375,15.4375,14400
1997-09-10,15.6875,15.875,15.4375,15.4375,15.4375,8800
1997-09-11,15.6875,15.875,15.375,15.4375,15.4375,14700
1997-09-12,15.4375,15.625,15.4375,15.5,15.5,7200
1997-09-15,15.5,15.6875,15.5,15.6875,15.6875,5700
1997-09-16,15.875,15.875,15.625,15.75,15.75,6300
1997-09-17,16,16,15.625,15.75,15.75,13900
1997-09-18,15.6875,15.75,15.625,15.625,15.625,23900
1997-09-19,15.5625,15.625,15.5,15.5,15.5,9500
1997-09-22,15.5,15.5625,15.5,15.5,15.5,23300
1997-09-23,15.5,15.875,15.5,15.625,15.625,13100
1997-09-24,15.5625,15.6875,15.5,15.6875,15.6875,7600
1997-09-25,15.625,15.75,15.625,15.625,15.625,6300
1997-09-26,15.625,15.9375,15.625,15.625,15.625,3200
1997-09-29,15.625,15.8125,15.625,15.75,15.75,13400
1997-09-30,15.75,16.25,15.75,15.875,15.875,24400
1997-10-01,15.875,16.125,15.875,16,16,9300
1997-10-02,16,16.5,16,16.25,16.25,8900
1997-10-03,16.5,16.5,16.25,16.25,16.25,5600
1997-10-06,16.25,16.25,16.25,16.25,16.25,10100
1997-10-07,16.25,16.375,16.25,16.3125,16.3125,7200
1997-10-08,16.375,16.375,16.125,16.25,16.25,9100
1997-10-09,16,16.1875,16,16,16,219300
1997-10-10,15.875,16.25,15.875,16,16,15200
1997-10-13,16.25,16.25,16,16,16,4200
1997-10-14,16,16.125,15.875,16,16,6800
1997-10-15,15.9375,16.25,15.9375,16.125,16.125,15900
1997-10-16,15.9375,16.25,15.9375,16.25,16.25,20700
1997-10-17,16.125,16.125,15.8125,15.875,15.875,7500
1997-10-20,15.75,16.25,15.75,16.25,16.25,13400
1997-10-21,16,16,15.75,15.75,15.75,9200
1997-10-22,15.6875,15.8125,15.6875,15.8125,15.8125,14600
1997-10-23,15.6875,15.75,15.6875,15.75,15.75,8800
1997-10-24,15.75,15.75,15.6875,15.75,15.75,23700
1997-10-27,16,16,15.75,15.75,15.75,4000
1997-10-28,15.9375,15.9375,15.5,15.5,15.5,14800
1997-10-29,15.5,15.75,15.5,15.75,15.75,12500
1997-10-30,16,16,15.5,15.625,15.625,6700
1997-10-31,16,16.0703,15.875,15.875,15.875,11300
1997-11-03,16,16.5,16,16,16,8600
1997-11-04,16,16.25,16,16.125,16.125,4500
1997-11-05,16,16.125,15.875,15.9375,15.9375,19600
1997-11-06,15.875,15.9375,15.875,15.875,15.875,7500
1997-11-07,16,16.0625,15.875,16,16,4000
1997-11-10,15.875,16,15.875,16,16,1900
1997-11-11,15.875,15.9375,15.875,15.9375,15.9375,11400
1997-11-12,15.875,15.9375,15.875,15.875,15.875,13200
1997-11-13,15.875,16.125,15.875,15.9375,15.9375,18800
1997-11-14,15.875,15.875,15.75,15.8125,15.8125,11800
1997-11-17,15.875,16,15.875,15.875,15.875,3900
1997-11-18,15.75,15.875,15.625,15.625,15.625,16700
1997-11-19,15.625,16.125,15.625,15.625,15.625,18600
1997-11-20,15.625,15.875,15.5,15.5,15.5,23400
1997-11-21,15.5,15.5625,15.5,15.5625,15.5625,8600
1997-11-24,15.5,15.5,15.375,15.375,15.375,26200
1997-11-25,15.5,15.5625,15.375,15.5625,15.5625,7900
1997-11-26,15.5,15.75,15.5,15.6875,15.6875,14800
1997-11-28,15.8125,16.1875,15.8125,16.1875,16.1875,10300
1997-12-01,16.0625,16.25,16,16,16,12400
1997-12-02,16,16.1875,16,16.1875,16.1875,5500
1997-12-03,16.1875,16.1875,16.0625,16.1875,16.1875,4100
1997-12-04,16,16.0625,16,16.0625,16.0625,1178700
1997-12-05,15.875,16.125,15.75,16,16,12500
1997-12-08,15.9375,16,15.8125,15.8125,15.8125,11000
1997-12-09,16.0625,16.125,15.75,15.75,15.75,13900
1997-12-10,15.75,15.875,15.75,15.75,15.75,3400
1997-12-11,16,16,15.5,15.5,15.5,15500
1997-12-12,15.625,16.0625,15.625,15.9375,15.9375,13500
1997-12-15,15.9375,16,15.9375,15.9375,15.9375,12100
1997-12-16,15.9375,16.3125,15.375,15.625,15.625,60800
1997-12-17,15.8125,15.8125,15.75,15.75,15.75,21600
1997-12-18,15.75,15.75,15.75,15.75,15.75,8200
1997-12-19,15.8125,15.875,15.75,15.8125,15.8125,5900
1997-12-22,15.4375,15.4375,15.3125,15.4375,15.4375,24600
1997-12-23,15.4375,15.5,15.4375,15.4375,15.4375,25000
1997-12-24,15.4375,15.5,15.4375,15.5,15.5,5400
1997-12-26,15.5,15.5,15.4375,15.4375,15.4375,2000
1997-12-29,15.5,15.625,15.4375,15.5625,15.5625,23600
1997-12-30,15.625,15.75,15.5625,15.75,15.75,27600
1997-12-31,15.9375,16.1875,15.9375,16.0625,16.0625,40700
1998-01-02,16.125,16.375,16.125,16.3125,16.3125,10100
1998-01-05,16.375,16.375,16.25,16.25,16.25,15900
1998-01-06,16.3125,16.3125,16.25,16.3125,16.3125,6400
1998-01-07,16.3125,16.3125,16.125,16.125,16.125,96100
1998-01-08,16.25,16.3125,16.25,16.25,16.25,30400
1998-01-09,16.25,16.3125,16.25,16.25,16.25,13800
1998-01-12,16.375,16.5,16.375,16.375,16.375,25800
1998-01-13,16.5,16.5625,16.375,16.375,16.375,26300
1998-01-14,16.5625,16.625,16.5,16.5,16.5,21200
1998-01-15,16.625,16.625,16.5,16.625,16.625,10900
1998-01-16,16.5,16.5625,16.375,16.5,16.5,21700
1998-01-20,16.4375,16.4375,16.25,16.25,16.25,28900
1998-01-21,16,16.125,15.9375,15.9375,15.9375,20600
1998-01-22,15.9375,16,15.9375,16,16,19700
1998-01-23,15.9375,15.9375,15.75,15.75,15.75,14400
1998-01-26,15.75,15.8125,15.625,15.8125,15.8125,15300
1998-01-27,15.8125,15.8125,15.75,15.8125,15.8125,17900
1998-01-28,15.75,15.75,15.625,15.75,15.75,22300
1998-01-29,15.6875,15.75,15.625,15.75,15.75,25300
1998-01-30,15.8125,16,15.8125,15.9375,15.9375,30800
1998-02-02,16,16.375,16,16.125,16.125,9500
1998-02-03,16.0625,16.25,16,16.25,16.25,8000
1998-02-04,16.25,16.25,16.0625,16.1875,16.1875,11900
1998-02-05,16.0625,16.0625,15.9375,15.9375,15.9375,20500
1998-02-06,16.0625,16.0625,15.9375,15.9375,15.9375,11600
1998-02-09,15.9375,15.9375,15.75,15.75,15.75,21600
1998-02-10,15.75,16,15.75,15.875,15.875,12400
1998-02-11,15.875,16,15.875,15.875,15.875,15300
1998-02-12,16,16,15.875,15.875,15.875,7300
1998-02-13,15.875,15.875,15.8125,15.8125,15.8125,13900
1998-02-17,15.75,15.875,15.75,15.8125,15.8125,19500
1998-02-18,15.6875,15.8125,15.6875,15.8125,15.8125,6600
1998-02-19,15.8125,15.8125,15.6875,15.75,15.75,6800
1998-02-20,15.8125,15.8125,15.6875,15.75,15.75,8200
1998-02-23,15.6875,15.8125,15.6875,15.6875,15.6875,4300
1998-02-24,15.6875,15.75,15.625,15.625,15.625,27100
1998-02-25,15.5625,15.6875,15.5625,15.625,15.625,20500
1998-02-26,15.5625,15.6875,15.5625,15.6875,15.6875,18900
1998-02-27,15.6875,15.8125,15.6875,15.8125,15.8125,19200
1998-03-02,15.8125,15.875,15.75,15.75,15.75,45800
1998-03-03,15.75,15.9375,15.6875,15.6875,15.6875,16300
1998-03-04,15.75,15.875,15.75,15.75,15.75,6400
1998-03-05,15.6875,15.875,15.6875,15.75,15.75,7900
1998-03-06,15.6875,15.875,15.6875,15.8125,15.8125,12000
1998-03-09,15.75,15.75,15.6875,15.6875,15.6875,11800
1998-03-10,15.75,15.875,15.75,15.75,15.75,13500
1998-03-11,15.75,15.8125,15.6875,15.75,15.75,11000
1998-03-12,15.8125,15.8125,15.6875,15.6875,15.6875,14400
1998-03-13,15.6875,15.8125,15.6875,15.6875,15.6875,10300
1998-03-16,15.875,15.9375,15.75,15.9375,15.9375,10900
1998-03-17,15.9375,15.9375,15.6875,15.6875,15.6875,15600
1998-03-18,15.6875,15.9375,15.6875,15.875,15.875,19900
1998-03-19,15.875,16,15.875,16,16,39500
1998-03-20,15.75,15.875,15.75,15.875,15.875,14300
1998-03-23,15.75,15.8125,15.75,15.8125,15.8125,10000
1998-03-24,15.8125,15.875,15.75,15.75,15.75,211800
1998-03-25,15.75,15.875,15.75,15.8125,15.8125,15000
1998-03-26,15.75,15.8125,15.75,15.75,15.75,10800
1998-03-27,15.75,15.75,15.75,15.75,15.75,3400
1998-03-30,15.75,15.9375,15.75,15.8125,15.8125,32500
1998-03-31,15.8125,16,15.8125,15.8125,15.8125,22400
1998-04-01,15.8125,15.9375,15.6875,15.6875,15.6875,58900
1998-04-02,15.6875,15.75,15.6875,15.6875,15.6875,8000
1998-04-03,15.6875,15.9375,15.6875,15.6875,15.6875,16300
1998-04-06,15.75,15.875,15.75,15.8125,15.8125,12900
1998-04-07,15.8125,15.875,15.8125,15.8125,15.8125,8300
1998-04-08,15.8125,15.875,15.8125,15.8125,15.8125,24400
1998-04-09,15.8125,15.875,15.8125,15.8125,15.8125,2200
1998-04-13,15.875,15.875,15.6875,15.6875,15.6875,16100
1998-04-14,15.8125,15.875,15.6875,15.6875,15.6875,11500
1998-04-15,15.6875,15.875,15.6875,15.6875,15.6875,6900
1998-04-16,15.6875,15.9375,15.6875,15.75,15.75,2100
1998-04-17,15.8125,16,15.75,15.75,15.75,8500
1998-04-20,15.75,16,15.6875,15.75,15.75,7800
1998-04-21,15.5625,15.625,15.5625,15.5625,15.5625,27300
1998-04-22,15.5625,15.625,15.5625,15.5625,15.5625,11500
1998-04-23,15.5625,15.625,15.5,15.5,15.5,8500
1998-04-24,15.5,15.625,15.5,15.5,15.5,6100
1998-04-27,15.5,15.5,15.25,15.4375,15.4375,17000
1998-04-28,15.3125,15.4375,15.25,15.25,15.25,9100
1998-04-29,15.25,15.375,15.25,15.375,15.375,33200
1998-04-30,15.375,15.625,15.375,15.625,15.625,17800
1998-05-01,15.6875,15.9375,15.5625,15.9375,15.9375,15800
1998-05-04,15.6875,15.9375,15.625,15.8125,15.8125,18600
1998-05-05,15.6875,15.75,15.6875,15.75,15.75,138500
1998-05-06,15.75,15.8125,15.75,15.75,15.75,9800
1998-05-07,15.6875,15.8125,15.6875,15.6875,15.6875,8400
1998-05-08,15.6875,15.75,15.6875,15.6875,15.6875,10800
1998-05-11,15.6875,15.875,15.6875,15.6875,15.6875,15400
1998-05-12,15.6875,15.8125,15.625,15.625,15.625,18900
1998-05-13,15.5625,15.625,15.5625,15.5625,15.5625,9900
1998-05-14,15.5625,15.75,15.5625,15.5625,15.5625,16400
1998-05-15,15.5625,15.625,15.5625,15.5625,15.5625,11900
1998-05-18,15.5625,15.6875,15.5625,15.5625,15.5625,5600
1998-05-19,15.6875,15.6875,15.4375,15.4375,15.4375,20600
1998-05-20,15.4375,15.75,15.4375,15.75,15.75,64300
1998-05-21,15.625,15.8125,15.5625,15.6875,15.6875,28200
1998-05-22,15.5625,15.5625,15.5,15.5,15.5,32600
1998-05-26,15.5,15.6875,15.5,15.625,15.625,28900
1998-05-27,15.5,15.9375,15.5,15.75,15.75,22800
1998-05-28,15.75,15.9375,15.75,15.9375,15.9375,15400
1998-05-29,15.8125,16,15.8125,15.9375,15.9375,9700
1998-06-01,16,16,15.875,15.875,15.875,5900
1998-06-02,15.875,16,15.875,15.9375,15.9375,11200
1998-06-03,15.875,15.9375,15.875,15.875,15.875,12300
1998-06-04,15.9375,16,15.9375,15.9375,15.9375,61100
1998-06-05,15.875,15.875,15.875,15.875,15.875,3600
1998-06-08,15.9375,16,15.9375,15.9375,15.9375,26500
1998-06-09,15.9375,16,15.9375,16,16,4600
1998-06-10,15.9375,16,15.9375,16,16,8700
1998-06-11,15.9375,15.9375,15.9375,15.9375,15.9375,10500
1998-06-12,15.9375,16,15.9375,15.9375,15.9375,4700
1998-06-15,16,16.25,16,16,16,13600
1998-06-16,16,16.0625,16,16,16,13500
1998-06-17,16,16.1875,15.9375,15.9375,15.9375,20800
1998-06-18,15.9375,16,15.875,15.875,15.875,13400
1998-06-19,15.8125,15.9375,15.8125,15.8125,15.8125,23200
1998-06-22,15.8125,16,15.8125,16,16,17200
1998-06-23,15.875,16,15.875,16,16,2900
1998-06-24,15.8125,16,15.8125,16,16,3600
1998-06-25,16,16,15.875,15.875,15.875,3200
1998-06-26,15.875,16.125,15.875,16.0625,16.0625,40700
1998-06-29,15.875,16,15.875,16,16,4000
1998-06-30,15.875,16.25,15.875,16.25,16.25,24300
1998-07-01,16.125,16.1875,16.0625,16.0625,16.0625,11700
1998-07-02,16.0625,16.1875,16.0625,16.0625,16.0625,4300
1998-07-06,16,16,15.9375,15.9375,15.9375,23900
1998-07-07,15.9375,15.9375,15.9375,15.9375,15.9375,11100
1998-07-08,15.9375,16,15.9375,16,16,6200
1998-07-09,16,16.0625,15.9375,15.9375,15.9375,15200
1998-07-10,15.9375,16,15.9375,15.9375,15.9375,5400
1998-07-13,15.875,16,15.875,15.875,15.875,6700
1998-07-14,16,16,15.875,15.875,15.875,10500
1998-07-15,15.8125,15.9375,15.8125,15.875,15.875,14700
1998-07-16,15.875,15.9375,15.875,15.875,15.875,5600
1998-07-17,15.9375,15.9375,15.8125,15.8125,15.8125,2700
1998-07-20,15.8125,15.875,15.8125,15.875,15.875,6300
1998-07-21,15.8125,15.875,15.8125,15.875,15.875,4100
1998-07-22,15.6875,15.75,15.625,15.6875,15.6875,14300
1998-07-23,15.625,15.625,15.625,15.625,15.625,6800
1998-07-24,15.625,15.6875,15.5625,15.6875,15.6875,6500
1998-07-27,15.625,15.9375,15.625,15.8125,15.8125,27000
1998-07-28,15.8125,16,15.8125,15.9375,15.9375,16500
1998-07-29,15.875,16,15.8125,15.8125,15.8125,3300
1998-07-30,15.9375,16,15.8125,15.8125,15.8125,14500
1998-07-31,15.8125,15.8125,15.8125,15.8125,15.8125,7600
1998-08-03,15.75,15.8125,15.75,15.75,15.75,19300
1998-08-04,15.75,15.9375,15.75,15.8125,15.8125,7500
1998-08-05,15.875,15.9375,15.875,15.875,15.875,9000
1998-08-06,15.875,15.875,15.75,15.8125,15.8125,14400
1998-08-07,15.8125,15.8125,15.75,15.75,15.75,9700
1998-08-10,15.75,15.8125,15.6875,15.75,15.75,15900
1998-08-11,15.6875,15.6875,15.5625,15.5625,15.5625,20600
1998-08-12,15.5,15.625,15.5,15.5625,15.5625,10800
1998-08-13,15.5,15.5625,15.5,15.5625,15.5625,11600
1998-08-14,15.5625,15.625,15.5,15.5,15.5,4100
1998-08-17,15.625,15.6875,15.625,15.625,15.625,4000
1998-08-18,15.75,15.875,15.75,15.75,15.75,17200
1998-08-19,15.75,15.8125,15.625,15.75,15.75,8700
1998-08-20,15.8125,15.8125,15.5,15.5,15.5,5700
1998-08-21,15.4375,15.5625,15.3125,15.4375,15.4375,12400
1998-08-24,15.375,15.625,15.375,15.625,15.625,19500
1998-08-25,15.75,16,15.75,15.9375,15.9375,95900
1998-08-26,16,16,15.75,15.75,15.75,1400
1998-08-27,15.75,15.75,15.625,15.6875,15.6875,4800
1998-08-28,15.625,15.875,15.5,15.875,15.875,10500
1998-08-31,15.9375,16,15.625,15.875,15.875,14200
1998-09-01,16,16,15.9375,15.9375,15.9375,30600
1998-09-02,16,16,15.9375,16,16,7800
1998-09-03,15.9375,15.9375,15.5,15.6875,15.6875,8700
1998-09-04,15.6875,16,15.6875,15.875,15.875,9800
1998-09-08,16,16,15.875,15.9375,15.9375,31100
1998-09-09,15.75,16,15.625,15.625,15.625,7500
1998-09-10,15.625,16.3125,15.625,16,16,9600
1998-09-11,15.75,16,15.75,16,16,11100
1998-09-14,16.125,16.375,15.875,15.9375,15.9375,5400
1998-09-15,15.9375,16.1875,15.875,15.9375,15.9375,9700
1998-09-16,15.9375,15.9375,15.875,15.875,15.875,2200
1998-09-17,15.75,16.3125,15.75,16.0625,16.0625,5800
1998-09-18,16.25,16.25,15.875,16,16,3000
1998-09-21,15.75,16,15.75,15.875,15.875,6300
1998-09-22,15.75,15.875,15.625,15.875,15.875,14200
1998-09-23,16,16,15.75,15.875,15.875,14300
1998-09-24,15.6875,15.75,15.6875,15.75,15.75,8700
1998-09-25,15.6875,15.9375,15.6875,15.875,15.875,6200
1998-09-28,15.75,15.875,15.6875,15.8125,15.8125,3900
1998-09-29,15.875,16,15.875,15.9336,15.9336,114000
1998-09-30,15.8125,15.9375,15.8125,15.9375,15.9375,7000
1998-10-01,16,16,15.9375,16,16,6900
1998-10-02,16,16.125,16,16,16,3200
1998-10-05,15.9375,15.9375,15.75,15.75,15.75,21200
1998-10-06,15.625,16.125,15.625,16,16,14700
1998-10-07,16,16,15.875,15.875,15.875,2800
1998-10-08,15.8125,15.8125,15.625,15.625,15.625,8000
1998-10-09,15.75,15.875,15.75,15.875,15.875,18800
1998-10-12,15.6875,15.875,15.5625,15.8125,15.8125,7400
1998-10-13,15.625,15.8125,15.5625,15.75,15.75,5000
1998-10-14,15.75,15.8125,15.5,15.8125,15.8125,6500
1998-10-15,16,16,15.875,16,16,6300
1998-10-16,15.875,16,15.875,15.9375,15.9375,500
1998-10-19,15.875,16,15.8125,15.9375,15.9375,6700
1998-10-20,15.875,16.125,15.875,16,16,6800
1998-10-21,15.9375,15.9375,15.625,15.9375,15.9375,1900
1998-10-22,15.6875,15.6875,15.5,15.625,15.625,12900
1998-10-23,15.625,16,15.625,16,16,8000
1998-10-26,15.75,15.875,15.75,15.875,15.875,6000
1998-10-27,16,16.125,16,16.125,16.125,18600
1998-10-28,16.125,16.125,15.875,15.875,15.875,4500
1998-10-29,16,16.125,15.875,15.875,15.875,3800
1998-10-30,15.75,16.125,15.75,16.0625,16.0625,13400
1998-11-02,16.0625,16.0625,15.75,15.75,15.75,18600
1998-11-03,15.75,16,15.6875,15.6875,15.6875,10400
1998-11-04,15.9375,16,15.75,15.875,15.875,10200
1998-11-05,15.6875,15.9375,15.6875,15.875,15.875,24100
1998-11-06,15.9375,15.9375,15.875,15.875,15.875,3400
1998-11-09,15.875,15.9375,15.8125,15.8125,15.8125,5400
1998-11-10,15.75,15.9375,15.75,15.875,15.875,5800
1998-11-11,15.875,15.875,15.8125,15.8125,15.8125,9500
1998-11-12,15.8125,15.9375,15.625,15.625,15.625,19000
1998-11-13,15.625,15.6875,15.625,15.6875,15.6875,10700
1998-11-16,15.6875,15.8125,15.625,15.6875,15.6875,5700
1998-11-17,15.8125,15.8125,15.6875,15.6875,15.6875,4800
1998-11-18,15.625,15.75,15.625,15.625,15.625,7100
1998-11-19,15.75,15.75,15.625,15.625,15.625,5100
1998-11-20,15.5625,15.5625,15.5625,15.5625,15.5625,2300
1998-11-23,15.6875,15.875,15.6875,15.875,15.875,7100
1998-11-24,15.625,15.9375,15.625,15.75,15.75,24400
1998-11-25,15.9375,16,15.9375,15.9375,15.9375,7900
1998-11-27,15.9375,16,15.875,15.875,15.875,2600
1998-11-30,15.875,15.9375,15.875,15.9375,15.9375,15700
1998-12-01,15.9375,16,15.875,15.875,15.875,9700
1998-12-02,15.875,15.875,15.875,15.875,15.875,9100
1998-12-03,15.9375,16,15.875,15.875,15.875,15400
1998-12-04,15.875,16,15.875,15.875,15.875,8300
1998-12-07,15.9375,16.125,15.75,15.8125,15.8125,23900
1998-12-08,15.8125,15.8125,15.75,15.75,15.75,5900
1998-12-09,15.75,16,15.75,15.875,15.875,11200
1998-12-10,15.75,15.75,15.75,15.75,15.75,24100
1998-12-11,15.75,16.0625,15.75,16.0625,16.0625,7500
1998-12-14,15.875,16.0625,15.75,15.75,15.75,9700
1998-12-15,15.875,15.875,15.75,15.875,15.875,4000
1998-12-16,15.875,16.125,15.875,16.125,16.125,26200
1998-12-17,16,16,15.9375,15.9375,15.9375,3900
1998-12-18,15.9375,16.0625,15.875,15.875,15.875,3100
1998-12-21,15.8125,16.125,15.8125,16.125,16.125,1400
1998-12-22,15.3125,15.3125,15.3125,15.3125,15.3125,1600
1998-12-23,15.3125,15.3125,15.1875,15.1875,15.1875,7300
1998-12-24,15.125,15.375,15.125,15.3125,15.3125,8000
1998-12-28,15.1875,15.5625,15.1875,15.5,15.5,19000
1998-12-29,15.4375,15.4375,15.4375,15.4375,15.4375,2300
1998-12-30,15.4375,15.5,15.4375,15.5,15.5,2600
1998-12-31,15.5625,15.625,15.375,15.5625,15.5625,6600
1999-01-04,15.625,15.8125,15.5625,15.6875,15.6875,45900
1999-01-05,15.5625,15.6875,15.5625,15.6875,15.6875,22300
1999-01-06,15.6875,15.6875,15.5,15.5,15.5,57900
1999-01-07,15.5,15.6875,15.5,15.6875,15.6875,32900
1999-01-08,15.5,15.5,15.25,15.375,15.375,70600
1999-01-11,15.4375,15.4375,14.8125,15,15,53900
1999-01-12,14.8125,15.3125,14.8125,15.25,15.25,19600
1999-01-13,15.375,15.375,14.8125,14.875,14.875,18000
1999-01-14,14.875,15.0625,14.8125,15.0625,15.0625,89100
1999-01-15,15.125,15.25,15.125,15.125,15.125,7900
1999-01-19,15.0625,15.375,15,15.25,15.25,26500
1999-01-20,14.875,15,14.75,14.8125,14.8125,8500
1999-01-21,15,15,14.875,15,15,18800
1999-01-22,14.875,14.9375,14.75,14.75,14.75,7300
1999-01-25,14.75,15.0625,14.75,14.875,14.875,9000
1999-01-26,15,15.0625,14.75,15,15,15300
1999-01-27,14.875,14.875,14.875,14.875,14.875,400
1999-01-28,14.875,15,14.625,14.625,14.625,4800
1999-01-29,14.75,14.875,14.6875,14.75,14.75,5000
1999-02-01,14.75,14.9375,14.75,14.8125,14.8125,4400
1999-02-02,14.8125,14.9375,14.8125,14.8438,14.8438,10400
1999-02-03,14.8125,15,14.8125,14.8125,14.8125,8300
1999-02-04,14.75,14.9375,14.6875,14.75,14.75,5500
1999-02-05,14.6875,14.9375,14.6875,14.6875,14.6875,2900
1999-02-08,14.6875,14.9375,14.6875,14.75,14.75,4600
1999-02-09,14.75,14.875,14.6875,14.875,14.875,8200
1999-02-10,14.875,14.875,14.6875,14.8125,14.8125,10200
1999-02-11,14.8125,14.875,14.625,14.625,14.625,9300
1999-02-12,14.625,14.625,14.5,14.5,14.5,4100
1999-02-16,14.375,14.625,14.25,14.5625,14.5625,20900
1999-02-17,14.4375,14.5,14.3125,14.375,14.375,9700
1999-02-18,14.4375,14.5625,14.375,14.5,14.5,16200
1999-02-19,14.375,14.5625,14.375,14.5625,14.5625,6100
1999-02-22,14.5625,14.5625,14.5,14.5,14.5,2600
1999-02-23,14.5625,14.5625,14.3125,14.3125,14.3125,13500
1999-02-24,14.0625,14.1875,14.0625,14.125,14.125,27000
1999-02-25,14.0625,14.0625,14,14,14,22600
1999-02-26,14.125,14.125,14,14.0625,14.0625,3900
1999-03-01,14.0625,14.25,14,14.0625,14.0625,7500
1999-03-02,14.1875,14.25,14,14,14,9800
1999-03-03,14.1875,14.25,14,14.0625,14.0625,25000
1999-03-04,14,14.25,14,14.0625,14.0625,4900
1999-03-05,14.125,14.375,14.125,14.375,14.375,29500
1999-03-08,14.25,14.25,14.0625,14.125,14.125,38900
1999-03-09,14.1875,14.1875,13.875,14.125,14.125,31100
1999-03-10,14.125,14.125,14.0625,14.0625,14.0625,6000
1999-03-11,14.0625,14.625,14.0625,14.625,14.625,47500
1999-03-12,14.625,14.75,14.5,14.5,14.5,11000
1999-03-15,14.5,14.625,14.375,14.625,14.625,7200
1999-03-16,14.375,14.375,14.25,14.3125,14.3125,7700
1999-03-17,14.25,14.375,14.1875,14.1875,14.1875,11900
1999-03-18,14.25,14.5,14.1875,14.25,14.25,14800
1999-03-19,14.375,14.375,14.125,14.25,14.25,4500
1999-03-22,14.375,14.375,14.125,14.125,14.125,10000
1999-03-23,14.125,14.25,14,14,14,24500
1999-03-24,14,14.1875,14,14,14,9900
1999-03-25,13.875,14.25,13.875,13.875,13.875,3500
1999-03-26,13.9375,14,13.875,14,14,11100
1999-03-29,14,14.25,14,14.125,14.125,28800
1999-03-30,14.3125,14.3125,14.125,14.3125,14.3125,10400
1999-03-31,14.3125,14.4375,14.3125,14.3125,14.3125,13300
1999-04-01,14.4375,14.4375,14.1875,14.3125,14.3125,8100
1999-04-05,14.25,14.4375,14.25,14.25,14.25,23400
1999-04-06,14.25,14.375,14.25,14.25,14.25,20100
1999-04-07,14.25,14.375,14.125,14.125,14.125,10300
1999-04-08,14.25,14.375,14.1562,14.25,14.25,7700
1999-04-09,14.25,14.25,14.0625,14.125,14.125,11400
1999-04-12,14.3125,14.3125,14.0625,14.125,14.125,15500
1999-04-13,14.125,14.125,14,14.0625,14.0625,17100
1999-04-14,14,14.1875,14,14.0625,14.0625,8200
1999-04-15,14.0625,14.0625,14.0625,14.0625,14.0625,2000
1999-04-16,14.0625,14.125,14,14,14,6500
1999-04-19,14.0625,14.125,13.9375,13.9375,13.9375,13600
1999-04-20,14.0625,14.0938,13.875,14.0625,14.0625,18200
1999-04-21,14,14.0625,14,14,14,6800
1999-04-22,14,14.125,14,14.0625,14.0625,15800
1999-04-23,14.0625,14.125,14.0625,14.0625,14.0625,5400
1999-04-26,14.0625,14.0625,14.0625,14.0625,14.0625,8900
1999-04-27,14.125,14.125,14,14.0625,14.0625,11600
1999-04-28,14,14.0625,13.75,13.75,13.75,9700
1999-04-29,13.8125,14,13.75,13.875,13.875,7400
1999-04-30,13.9375,14.125,13.75,14.125,14.125,7300
1999-05-03,14.1875,14.1875,13.9375,13.9375,13.9375,5600
1999-05-04,14,14.0625,14,14,14,13100
1999-05-05,13.875,14.1875,13.875,14,14,8700
1999-05-06,14,14.125,14,14.125,14.125,4600
1999-05-07,14,14.1875,14,14.0625,14.0625,7000
1999-05-10,14.0625,14.1875,14.0625,14.1875,14.1875,3300
1999-05-11,14.25,14.25,14.125,14.125,14.125,10800
1999-05-12,14.125,14.125,14.125,14.125,14.125,3600
1999-05-13,14.125,14.1875,14.125,14.1875,14.1875,4300
1999-05-14,14.125,14.1875,14.125,14.125,14.125,5600
1999-05-17,14.125,14.125,13.8125,13.875,13.875,13700
1999-05-18,13.8125,14.0625,13.8125,14,14,10300
1999-05-19,13.75,13.875,13.75,13.8125,13.8125,4400
1999-05-20,13.875,14,13.8125,14,14,2800
1999-05-21,14.125,14.125,13.75,13.75,13.75,16200
1999-05-24,13.875,13.9375,13.8125,13.8125,13.8125,2100
1999-05-25,14,14.0625,13.75,13.875,13.875,273600
1999-05-26,13.875,14,13.875,13.875,13.875,5900
1999-05-27,13.8125,14.0625,13.8125,13.875,13.875,19300
1999-05-28,14,14,13.8125,13.875,13.875,21100
1999-06-01,13.8125,13.875,13.625,13.625,13.625,23600
1999-06-02,13.75,13.75,13.625,13.75,13.75,16600
1999-06-03,13.6875,13.875,13.6875,13.75,13.75,21300
1999-06-04,13.75,13.875,13.75,13.875,13.875,6500
1999-06-07,13.8125,13.8125,13.6875,13.6875,13.6875,7000
1999-06-08,13.625,13.75,13.625,13.75,13.75,36300
1999-06-09,13.875,14.1875,13.875,14.125,14.125,45900
1999-06-10,14.1875,14.1875,14.125,14.125,14.125,8200
1999-06-11,14.1875,14.1875,13.5625,13.9375,13.9375,20800
1999-06-14,14.0625,14.125,14,14.0625,14.0625,12800
1999-06-15,14,14.125,14,14.0625,14.0625,3600
1999-06-16,14.125,14.125,14,14.125,14.125,19300
1999-06-17,14,14.125,14,14.125,14.125,5100
1999-06-18,14,14,13.9375,14,14,3300
1999-06-21,14,14,13.5625,13.5625,13.5625,7100
1999-06-22,13.625,13.6875,13.625,13.625,13.625,5200
1999-06-23,13.5625,14,13.5625,13.875,13.875,9600
1999-06-24,13.75,14,13.75,13.75,13.75,17300
1999-06-25,13.875,14.0625,13.75,13.75,13.75,4200
1999-06-28,13.75,14,13.75,13.75,13.75,5400
1999-06-29,13.75,14.0625,13.75,13.75,13.75,21400
1999-06-30,13.875,13.9375,13.6875,13.6875,13.6875,6000
1999-07-01,13.8125,13.9375,13.75,13.9375,13.9375,7300
1999-07-02,13.8125,14,13.75,13.875,13.875,24900
1999-07-06,13.75,13.9375,13.6875,13.9375,13.9375,9500
1999-07-07,13.875,13.875,13.6875,13.875,13.875,16000
1999-07-08,13.75,14,13.6875,13.9375,13.9375,12400
1999-07-09,13.875,14,13.875,13.9375,13.9375,12700
1999-07-12,14,14,13.875,14,14,24000
1999-07-13,13.875,14,13.875,14,14,4600
1999-07-14,13.875,14,13.875,13.9375,13.9375,9900
1999-07-15,14,14,13.9375,13.9375,13.9375,7100
1999-07-16,13.875,13.9375,13.6875,13.75,13.75,14600
1999-07-19,13.6875,14,13.6875,13.75,13.75,7500
1999-07-20,13.9375,13.9375,13.6875,13.75,13.75,6900
1999-07-21,13.625,13.75,13.5625,13.75,13.75,7600
1999-07-22,13.625,13.9375,13.625,13.9375,13.9375,2100
1999-07-23,13.9375,14,13.75,14,14,5800
1999-07-26,14,14,13.625,13.625,13.625,7500
1999-07-27,13.75,13.875,13.625,13.75,13.75,11900
1999-07-28,13.625,13.625,13.5625,13.625,13.625,10000
1999-07-29,13.5625,13.875,13.4375,13.8125,13.8125,30800
1999-07-30,13.875,13.9375,13.5625,13.9375,13.9375,13000
1999-08-02,13.9375,13.9375,13.6875,13.875,13.875,11100
1999-08-03,13.625,13.75,13.625,13.625,13.625,5400
1999-08-04,13.625,13.9375,13.625,13.6875,13.6875,8400
1999-08-05,13.6875,13.875,13.6875,13.875,13.875,2900
1999-08-06,13.75,13.875,13.6875,13.8125,13.8125,5700
1999-08-09,13.6875,13.75,13.625,13.6875,13.6875,8400
1999-08-10,13.6875,13.8125,13.6875,13.8125,13.8125,7500
1999-08-11,13.8125,13.8125,13.625,13.625,13.625,6500
1999-08-12,13.75,13.75,13.5625,13.5625,13.5625,7300
1999-08-13,13.625,13.625,13.25,13.4375,13.4375,10100
1999-08-16,13.3125,13.625,13.25,13.375,13.375,15800
1999-08-17,13.25,13.375,13.25,13.3125,13.3125,6600
1999-08-18,13.1875,13.375,13.125,13.3125,13.3125,11400
1999-08-19,13.25,13.5,13.25,13.5,13.5,12700
1999-08-20,13.3125,13.5625,13.25,13.5625,13.5625,21800
1999-08-23,13.1875,13.4375,13.0625,13.0625,13.0625,19100
1999-08-24,13,13.25,13,13.0625,13.0625,11800
1999-08-25,13.0625,13.125,13,13,13,11600
1999-08-26,13.125,13.1875,13.0625,13.125,13.125,9200
1999-08-27,13.25,13.625,13.25,13.625,13.625,6500
1999-08-30,13.5,13.875,13.5,13.625,13.625,5700
1999-08-31,13.875,13.875,13.75,13.75,13.75,10500
1999-09-01,13.8125,13.875,13.375,13.5,13.5,20200
1999-09-02,13.375,13.75,13.375,13.4375,13.4375,16100
1999-09-03,13.5,13.5,13.25,13.375,13.375,10700
1999-09-07,13.375,13.5,13.25,13.375,13.375,6300
1999-09-08,13.25,13.6875,13.25,13.375,13.375,20700
1999-09-09,13.25,13.5625,13.25,13.5625,13.5625,8200
1999-09-10,13.5,13.625,13.4375,13.625,13.625,10100
1999-09-13,13.75,14,13.75,14,14,18300
1999-09-14,14,14,13.8125,13.9688,13.9688,21200
1999-09-15,13.8125,13.8125,13.375,13.4375,13.4375,18100
1999-09-16,13.5625,13.6875,13.3125,13.4375,13.4375,13600
1999-09-17,13.5625,13.9375,13.1875,13.3125,13.3125,15100
1999-09-20,13.1875,13.625,13.1875,13.5625,13.5625,13300
1999-09-21,13.375,13.375,13.375,13.375,13.375,3800
1999-09-22,13.3125,13.5625,13.25,13.375,13.375,18500
1999-09-23,13.3125,13.625,13.3125,13.625,13.625,10500
1999-09-24,13.5625,13.75,13.4375,13.625,13.625,24100
1999-09-27,13.75,13.875,13.6875,13.6875,13.6875,7500
1999-09-28,13.625,13.75,13.625,13.625,13.625,12900
1999-09-29,13.5,14,13.5,13.6875,13.6875,21500
1999-09-30,13.75,13.75,13.625,13.625,13.625,9500
1999-10-01,13.6875,13.75,13.5,13.75,13.75,28800
1999-10-04,13.75,13.75,13.625,13.6875,13.6875,14900
1999-10-05,13.625,13.8125,13.625,13.75,13.75,8800
1999-10-06,13.875,13.875,13.8125,13.8125,13.8125,4500
1999-10-07,13.6875,13.75,13.6875,13.75,13.75,10200
1999-10-08,13.8125,13.875,13.625,13.6875,13.6875,6000
1999-10-11,13.6875,13.6875,13.5625,13.625,13.625,9600
1999-10-12,13.625,13.625,13.4375,13.5625,13.5625,14500
1999-10-13,13.5625,13.5625,13,13,13,14400
1999-10-14,12.9375,12.9375,12.9375,12.9375,12.9375,10800
1999-10-15,12.8125,12.8125,12.5625,12.5625,12.5625,25600
1999-10-18,12.375,12.625,12.375,12.625,12.625,16600
1999-10-19,12.75,13,12.625,12.8125,12.8125,10300
1999-10-20,12.875,12.875,12.625,12.75,12.75,8200
1999-10-21,12.75,12.8125,12.75,12.8125,12.8125,18700
1999-10-22,12.9375,12.9375,12.75,12.75,12.75,6800
1999-10-25,12.625,12.875,12.5,12.5,12.5,3600
1999-10-26,12.6875,12.6875,12.375,12.4375,12.4375,17400
1999-10-27,12.25,12.375,12.125,12.25,12.25,24900
1999-10-28,12.375,12.4375,12.25,12.4375,12.4375,6100
1999-10-29,12.4375,12.5625,12.4375,12.5625,12.5625,24200
1999-11-01,12.6875,12.8125,12.5625,12.75,12.75,13200
1999-11-02,12.8125,12.875,12.75,12.75,12.75,16000
1999-11-03,12.875,12.875,12.6875,12.8438,12.8438,9600
1999-11-04,12.75,13,12.625,12.8125,12.8125,12100
1999-11-05,12.875,12.9375,12.75,12.75,12.75,7100
1999-11-08,12.625,12.875,12.625,12.75,12.75,6100
1999-11-09,12.6875,12.875,12.6875,12.875,12.875,3600
1999-11-10,12.8125,12.9375,12.8125,12.8125,12.8125,28800
1999-11-11,12.6875,12.8125,12.625,12.75,12.75,21500
1999-11-12,12.75,12.75,12.75,12.75,12.75,5800
1999-11-15,12.75,12.8125,12.75,12.75,12.75,12300
1999-11-16,12.75,12.875,12.75,12.75,12.75,30200
1999-11-17,12.875,12.875,12.75,12.75,12.75,22200
1999-11-18,12.9375,13.0625,12.9375,13,13,32200
1999-11-19,12.75,13.0625,12.75,13,13,5900
1999-11-22,12.875,13,12.875,12.9375,12.9375,13500
1999-11-23,12.8125,12.9375,12.5625,12.625,12.625,17700
1999-11-24,12.75,12.875,12.75,12.75,12.75,13200
1999-11-26,12.75,12.875,12.75,12.8125,12.8125,3900
1999-11-29,12.8125,13,12.75,12.8125,12.8125,10500
1999-11-30,12.9375,12.9375,12.75,12.75,12.75,13400
1999-12-01,12.8125,12.8125,12.75,12.75,12.75,4900
1999-12-02,12.75,12.8125,12.75,12.75,12.75,18900
1999-12-03,12.75,12.8125,12.75,12.8125,12.8125,22900
1999-12-06,12.75,12.8125,12.6875,12.75,12.75,35300
1999-12-07,12.625,12.8125,12.625,12.75,12.75,30400
1999-12-08,12.625,12.75,12.625,12.75,12.75,7000
1999-12-09,12.625,12.75,12.625,12.75,12.75,15100
1999-12-10,12.6875,12.875,12.6875,12.75,12.75,17000
1999-12-13,12.6875,12.9375,12.6875,12.8125,12.8125,35300
1999-12-14,12.6875,12.8125,12.6875,12.8125,12.8125,29300
1999-12-15,12.6875,12.75,12.6875,12.75,12.75,21100
1999-12-16,12.625,12.625,12.375,12.625,12.625,29800
1999-12-17,12.5,12.625,12.4375,12.5,12.5,15400
1999-12-20,12.375,12.5,12.25,12.3125,12.3125,11900
1999-12-21,11.875,12,11.625,11.8125,11.8125,19100
1999-12-22,11.6875,11.6875,11.25,11.5625,11.5625,40500
1999-12-23,11.625,11.625,11.5,11.5,11.5,64300
1999-12-27,11.625,11.75,11.5,11.6875,11.6875,18000
1999-12-28,11.5625,11.75,11.5625,11.75,11.75,26000
1999-12-29,11.75,11.875,11.75,11.8125,11.8125,19800
1999-12-30,11.6875,11.875,11.625,11.875,11.875,57000
1999-12-31,12,12.3125,11.875,12.25,12.25,32800
2000-01-03,12.3125,12.6875,12.125,12.5625,12.5625,44700
2000-01-04,12.5625,12.75,12.5625,12.6875,12.6875,31400
2000-01-05,12.75,12.75,12.6875,12.6875,12.6875,12900
2000-01-06,12.75,12.75,12.5625,12.75,12.75,40800
2000-01-07,12.75,12.75,12.625,12.625,12.625,15000
2000-01-10,12.625,12.625,12.625,12.625,12.625,5300
2000-01-11,12.625,12.625,12.5,12.625,12.625,22200
2000-01-12,12.5625,12.625,12.5625,12.625,12.625,9200
2000-01-13,12.625,12.75,12.625,12.6875,12.6875,17100
2000-01-14,12.5625,13.0625,12.5625,13.0625,13.0625,22200
2000-01-18,12.875,13,12.875,12.9375,12.9375,30000
2000-01-19,12.9375,13,12.5,12.5,12.5,14000
2000-01-20,12.375,12.375,12,12,12,10700
2000-01-21,12,12,11.8125,11.9375,11.9375,7100
2000-01-24,11.9375,12.1875,11.9375,12.125,12.125,13500
2000-01-25,12.125,12.125,11.875,12,12,9700
2000-01-26,11.875,12.125,11.8125,11.9375,11.9375,8200
2000-01-27,12,12,11.875,11.875,11.875,6100
2000-01-28,12,12,11.75,11.75,11.75,6000
2000-01-31,11.625,12,11.625,12,12,10300
2000-02-01,12.0625,12.125,11.9375,11.9375,11.9375,11000
2000-02-02,11.9375,12.125,11.9375,12.125,12.125,4100
2000-02-03,12.25,12.9375,12.25,12.6875,12.6875,17800
2000-02-04,12.5625,13.0625,12.5625,13,13,35600
2000-02-07,12.9375,13.0625,12.8125,13,13,27500
2000-02-08,12.9375,13.0625,12.8125,12.8125,12.8125,26900
2000-02-09,12.8125,12.9375,12.75,12.8125,12.8125,25500
2000-02-10,12.8125,12.875,12.6875,12.875,12.875,12600
2000-02-11,12.6875,12.8125,12.5625,12.625,12.625,12300
2000-02-14,12.5,12.625,12.5,12.5625,12.5625,8900
2000-02-15,12.5,12.5,12.4375,12.4375,12.4375,4500
2000-02-16,12.4375,12.4375,12.375,12.375,12.375,12800
2000-02-17,12.375,12.4375,12.375,12.375,12.375,4700
2000-02-18,12.25,12.375,12.25,12.25,12.25,3300
2000-02-22,12.125,12.5,12.0625,12.25,12.25,11500
2000-02-23,12.4375,12.4375,12.3125,12.3125,12.3125,3000
2000-02-24,12.4375,12.5625,12.375,12.4375,12.4375,8500
2000-02-25,12.3125,12.4375,12.3125,12.3125,12.3125,13800
2000-02-28,12.3125,12.5625,12.3125,12.5625,12.5625,10800
2000-02-29,12.625,12.6875,12.4375,12.5,12.5,8900
2000-03-01,12.5,12.625,12.5,12.625,12.625,10800
2000-03-02,12.5625,12.5625,12.375,12.375,12.375,5200
2000-03-03,12.4375,12.625,12.4375,12.625,12.625,4700
2000-03-06,12.5625,12.5625,12.4375,12.4375,12.4375,20200
2000-03-07,12.3125,12.4375,12.3125,12.4375,12.4375,27300
2000-03-08,12.4375,12.4375,12.375,12.4375,12.4375,10400
2000-03-09,12.375,12.4375,12.375,12.4375,12.4375,21600
2000-03-10,12.375,12.5625,12.375,12.5625,12.5625,18700
2000-03-13,12.625,12.625,12.4375,12.5,12.5,15500
2000-03-14,12.375,12.5,12.3125,12.4375,12.4375,13700
2000-03-15,12.4375,12.4375,12.4375,12.4375,12.4375,3200
2000-03-16,12.4375,12.4375,12.25,12.4375,12.4375,14300
2000-03-17,12.5,12.5625,12.4375,12.5,12.5,6400
2000-03-20,12.375,12.4375,12.375,12.4375,12.4375,21000
2000-03-21,12.375,12.5,12.375,12.4375,12.4375,12800
2000-03-22,12.3125,12.4375,12.3125,12.4375,12.4375,14800
2000-03-23,12.375,12.375,12.0625,12.0625,12.0625,8500
2000-03-24,12.0625,12.0625,12.0625,12.0625,12.0625,7300
2000-03-27,12.125,12.125,12,12,12,4300
2000-03-28,12.0625,12.125,12.0625,12.0625,12.0625,8900
2000-03-29,12.125,12.25,12.125,12.25,12.25,3600
2000-03-30,12.1875,12.25,12.125,12.125,12.125,8600
2000-03-31,12.1875,12.1875,12.125,12.1875,12.1875,7500
2000-04-03,12.25,12.3125,12.1875,12.1875,12.1875,5700
2000-04-04,12.25,12.25,12.1875,12.1875,12.1875,5700
2000-04-05,12.1875,12.1875,12.1875,12.1875,12.1875,8300
2000-04-06,12.25,12.4375,12.25,12.4375,12.4375,5900
2000-04-07,12.375,12.5,12.375,12.5,12.5,4400
2000-04-10,12.4375,12.4375,12.3125,12.3125,12.3125,10000
2000-04-11,12.3125,12.3125,12.0625,12.125,12.125,20900
2000-04-12,12.125,12.1875,12.125,12.125,12.125,12100
2000-04-13,12.0625,12.125,12.0625,12.125,12.125,3200
2000-04-14,12.125,12.125,12.125,12.125,12.125,3800
2000-04-17,12.25,12.25,12.1875,12.1875,12.1875,5700
2000-04-18,11.9375,12.1875,11.9375,12.1875,12.1875,7800
2000-04-19,12.125,12.1875,12.125,12.125,12.125,3300
2000-04-20,12,12,11.9375,12,12,14700
2000-04-24,12.125,12.125,12,12,12,9100
2000-04-25,12.0625,12.125,12.0625,12.0625,12.0625,5000
2000-04-26,12.0625,12.1875,12.0625,12.125,12.125,7200
2000-04-27,12,12.125,11.9375,12.0625,12.0625,14700
2000-04-28,12.125,12.1875,12.0625,12.0625,12.0625,5600
2000-05-01,12.1875,12.1875,12.0625,12.125,12.125,8500
2000-05-02,12.0625,12.125,12,12.0625,12.0625,14900
2000-05-03,12,12.0625,12,12.0625,12.0625,7100
2000-05-04,12,12.125,12,12.0625,12.0625,16900
2000-05-05,12.0625,12.125,12.0625,12.0625,12.0625,14600
2000-05-08,12,12.0625,11.9375,11.9375,11.9375,5800
2000-05-09,11.9375,12,11.9375,11.9375,11.9375,4700
2000-05-10,11.9375,12.0625,11.875,12.0625,12.0625,20600
2000-05-11,12,12.125,12,12.0625,12.0625,3800
2000-05-12,12.0625,12.125,11.875,11.9375,11.9375,20400
2000-05-15,11.875,12.125,11.875,12.0625,12.0625,18100
2000-05-16,12.0625,12.125,12.0625,12.125,12.125,9100
2000-05-17,12.125,12.125,12.0625,12.0625,12.0625,1200
2000-05-18,12,12.0625,11.9375,11.9375,11.9375,3600
2000-05-19,11.875,12.125,11.875,12.125,12.125,5800
2000-05-22,12,12.125,12,12.125,12.125,8900
2000-05-23,12.125,12.125,12.0625,12.0625,12.0625,5200
2000-05-24,12.125,12.125,12.125,12.125,12.125,2100
2000-05-25,12.1875,12.1875,12.125,12.125,12.125,3300
2000-05-26,12.125,12.125,12.125,12.125,12.125,400
2000-05-30,12.1875,12.25,12.125,12.1875,12.1875,10000
2000-05-31,12.0625,12.1875,12,12.0625,12.0625,20400
2000-06-01,12.125,12.25,12.125,12.25,12.25,4100
2000-06-02,12.25,12.3125,12.1875,12.25,12.25,8600
2000-06-05,12.25,12.25,12.0625,12.125,12.125,14800
2000-06-06,12.125,12.25,12.125,12.25,12.25,7800
2000-06-07,12.1875,12.25,12.1875,12.1875,12.1875,28400
2000-06-08,12.1875,12.3125,12.125,12.1875,12.1875,14200
2000-06-09,12.25,12.25,12.1875,12.1875,12.1875,5600
2000-06-12,12.1875,12.25,12.1875,12.1875,12.1875,3300
2000-06-13,12.1875,12.25,12.0625,12.125,12.125,8100
2000-06-14,12.125,12.125,12.0625,12.125,12.125,2100
2000-06-15,12.125,12.125,12.125,12.125,12.125,4100
2000-06-16,12.25,12.375,12.25,12.25,12.25,4600
2000-06-19,12.25,12.25,12.125,12.125,12.125,4300
2000-06-20,12.1875,12.1875,12.125,12.1875,12.1875,2800
2000-06-21,12,12.0625,12,12.0625,12.0625,4400
2000-06-22,12.0625,12.1875,12.0625,12.125,12.125,23100
2000-06-23,12.125,12.125,12.0625,12.0625,12.0625,500
2000-06-26,12.125,12.125,12.0625,12.0625,12.0625,1500
2000-06-27,12.25,12.3125,12.1875,12.25,12.25,12500
2000-06-28,12.3125,12.375,12.25,12.3125,12.3125,5700
2000-06-29,12.375,12.375,12.1875,12.1875,12.1875,11400
2000-06-30,12.25,12.25,12.125,12.125,12.125,7700
2000-07-03,12.25,12.3125,12.25,12.25,12.25,3500
2000-07-05,12.25,12.25,12.125,12.125,12.125,14300
2000-07-06,12.25,12.25,12.125,12.125,12.125,3100
2000-07-07,12.125,12.1875,12.125,12.125,12.125,4900
2000-07-10,12.1875,12.1875,12.1875,12.1875,12.1875,5500
2000-07-11,12.1875,12.25,12.1875,12.1875,12.1875,6500
2000-07-12,12.25,12.25,12.1875,12.25,12.25,7500
2000-07-13,12.1875,12.1875,12.1875,12.1875,12.1875,4600
2000-07-14,12.25,12.25,12.25,12.25,12.25,1400
2000-07-17,12.1875,12.3125,12.1875,12.1875,12.1875,16100
2000-07-18,12.1875,12.1875,12.125,12.1875,12.1875,1500
2000-07-19,12.1875,12.1875,12.125,12.1875,12.1875,2700
2000-07-20,12.0625,12.1875,12.0625,12.0625,12.0625,3300
2000-07-21,12.125,12.1875,12.125,12.125,12.125,7100
2000-07-24,12.125,12.125,12.125,12.125,12.125,3100
2000-07-25,12.125,12.125,12.125,12.125,12.125,10800
2000-07-26,12.1875,12.1875,12.125,12.125,12.125,300
2000-07-27,12.1875,12.1875,12.125,12.125,12.125,6800
2000-07-28,12.125,12.1875,12.125,12.1875,12.1875,1300
2000-07-31,12.25,12.3125,12.1875,12.3125,12.3125,5600
2000-08-01,12.25,12.3125,12.25,12.25,12.25,7500
2000-08-02,12.25,12.3125,12.25,12.3125,12.3125,4600
2000-08-03,12.3125,12.375,12.25,12.25,12.25,12100
2000-08-04,12.25,12.25,12.25,12.25,12.25,7400
2000-08-07,12.25,12.3125,12.25,12.3125,12.3125,3800
2000-08-08,12.25,12.375,12.25,12.25,12.25,15200
2000-08-09,12.25,12.375,12.25,12.25,12.25,5500
2000-08-10,12.25,12.3125,12.25,12.25,12.25,10400
2000-08-11,12.3125,12.3125,12.25,12.25,12.25,21200
2000-08-14,12.3125,12.375,12.25,12.3125,12.3125,8100
2000-08-15,12.3125,12.4375,12.3125,12.375,12.375,5000
2000-08-16,12.5,12.5625,12.4375,12.5625,12.5625,10900
2000-08-17,12.625,12.625,12.4375,12.5,12.5,14600
2000-08-18,12.4375,12.5625,12.4375,12.5,12.5,8100
2000-08-21,12.5,12.5,12.5,12.5,12.5,800
2000-08-22,12.3125,12.4375,12.3125,12.375,12.375,7500
2000-08-23,12.3125,12.3125,12.3125,12.3125,12.3125,5200
2000-08-24,12.25,12.375,12.25,12.25,12.25,5600
2000-08-25,12.3125,12.375,12.25,12.25,12.25,7600
2000-08-28,12.3125,12.375,12.25,12.3125,12.3125,4200
2000-08-29,12.3125,12.375,12.3125,12.3125,12.3125,7900
2000-08-30,12.25,12.375,12.25,12.25,12.25,7500
2000-08-31,12.375,12.4375,12.375,12.375,12.375,5000
2000-09-01,12.4375,12.5625,12.4375,12.5625,12.5625,5300
2000-09-05,12.4375,12.5,12.4375,12.5,12.5,6600
2000-09-06,12.4375,12.5,12.4375,12.4375,12.4375,6800
2000-09-07,12.4375,12.4375,12.375,12.4375,12.4375,10900
2000-09-08,12.4375,12.4375,12.4375,12.4375,12.4375,4700
2000-09-11,12.4375,12.5,12.375,12.375,12.375,16700
2000-09-12,12.4375,12.5,12.375,12.4375,12.4375,3700
2000-09-13,12.4375,12.4375,12.375,12.375,12.375,11800
2000-09-14,12.3125,12.375,12.3125,12.375,12.375,11100
2000-09-15,12.3125,12.375,12.25,12.25,12.25,3100
2000-09-18,12.3125,12.3125,12.125,12.3125,12.3125,30700
2000-09-19,12.25,12.3125,12.25,12.3125,12.3125,3600
2000-09-20,12.1875,12.1875,12.1875,12.1875,12.1875,4900
2000-09-21,12.125,12.25,12.125,12.25,12.25,9900
2000-09-22,12.125,12.3125,12.125,12.1875,12.1875,8000
2000-09-25,12.25,12.3125,12.25,12.3125,12.3125,3600
2000-09-26,12.25,12.375,12.1875,12.3125,12.3125,16300
2000-09-27,12.25,12.25,12.1875,12.25,12.25,6800
2000-09-28,12.3125,12.3125,12,12.125,12.125,11100
2000-09-29,12.125,12.125,12.0625,12.0625,12.0625,7300
2000-10-02,12.0625,12.2188,12,12.1875,12.1875,19300
2000-10-03,12.125,12.1875,12.125,12.1875,12.1875,6500
2000-10-04,12.125,12.25,12.125,12.25,12.25,8300
2000-10-05,12.25,12.375,12.25,12.375,12.375,6100
2000-10-06,12.375,12.375,12.3125,12.3125,12.3125,8500
2000-10-09,12.3125,12.3125,12.25,12.3125,12.3125,5900
2000-10-10,12.25,12.3125,12.25,12.3125,12.3125,3700
2000-10-11,12.25,12.3125,12.25,12.25,12.25,9900
2000-10-12,12.25,12.25,12.25,12.25,12.25,15000
2000-10-13,12.25,12.3125,12.25,12.25,12.25,5000
2000-10-16,12.25,12.2812,12.25,12.25,12.25,10700
2000-10-17,12.25,12.375,12.25,12.375,12.375,2900
2000-10-18,12.3125,12.3438,12.25,12.3125,12.3125,9800
2000-10-19,12.25,12.375,12.25,12.25,12.25,9900
2000-10-20,12.25,12.3125,12.2188,12.25,12.25,27500
2000-10-23,12.25,12.3125,12.1875,12.3125,12.3125,9800
2000-10-24,12.25,12.375,12.1875,12.3125,12.3125,7200
2000-10-25,12.3125,12.375,12.3125,12.3125,12.3125,6900
2000-10-26,12.3125,12.375,12.3125,12.3125,12.3125,7400
2000-10-27,12.375,12.375,12.3125,12.375,12.375,3400
2000-10-30,12.375,12.375,12.3125,12.3125,12.3125,8700
2000-10-31,12.375,12.375,12.3438,12.375,12.375,5200
2000-11-01,12.375,12.4375,12.3125,12.375,12.375,15500
2000-11-02,12.4375,12.4375,12.375,12.4375,12.4375,3100
2000-11-03,12.375,12.4375,12.375,12.4375,12.4375,5900
2000-11-06,12.4375,12.4375,12.3125,12.3125,12.3125,14400
2000-11-07,12.375,12.375,12.125,12.25,12.25,14700
2000-11-08,12.25,12.3125,12.25,12.3125,12.3125,7200
2000-11-09,12.25,12.25,12.25,12.25,12.25,500
2000-11-10,12.125,12.25,12.0625,12.25,12.25,5000
2000-11-13,12.125,12.3125,12.125,12.3125,12.3125,3100
2000-11-14,12.25,12.3125,12.1875,12.1875,12.1875,6300
2000-11-15,12.1875,12.1875,12.125,12.125,12.125,3600
2000-11-16,12.1875,12.25,12.1875,12.1875,12.1875,6700
2000-11-17,12.125,12.1875,12,12,12,10400
2000-11-20,11.9375,11.9375,11.5625,11.6875,11.6875,21100
2000-11-21,11.625,11.6875,11.625,11.625,11.625,10400
2000-11-22,11.75,12,11.5,11.5,11.5,11900
2000-11-24,11.5,11.5,11.5,11.5,11.5,300
2000-11-27,11.5625,11.6875,11.5625,11.5625,11.5625,7900
2000-11-28,11.8125,11.9375,11.8125,11.9375,11.9375,8400
2000-11-29,11.9375,12.25,11.8125,12.1875,12.1875,17100
2000-11-30,12.25,12.25,12.125,12.125,12.125,3400
2000-12-01,12.25,12.3125,12.0625,12.1875,12.1875,9700
2000-12-04,12.125,12.125,12.0625,12.125,12.125,10000
2000-12-05,12.125,12.1875,12,12,12,12900
2000-12-06,12,12.1875,11.875,12.125,12.125,16800
2000-12-07,12.125,12.25,12.125,12.125,12.125,6600
2000-12-08,12.125,12.1875,12.0625,12.125,12.125,4400
2000-12-11,12.125,12.25,12,12.0625,12.0625,7200
2000-12-12,12.1875,12.1875,12.0625,12.0625,12.0625,18300
2000-12-13,12.0625,12.125,11.9375,12,12,7900
2000-12-14,11.9375,12,11.75,12,12,14600
2000-12-15,11.875,11.875,11.8125,11.875,11.875,9900
2000-12-18,11.9375,12,11.9375,11.9375,11.9375,17400
2000-12-19,11.875,12,11.8125,11.9375,11.9375,7500
2000-12-20,11.9375,12,11.875,12,12,29400
2000-12-21,12,12.3125,12,12.3125,12.3125,21900
2000-12-22,12.25,12.25,12,12.1875,12.1875,8400
2000-12-26,12.125,12.3125,12.125,12.1875,12.1875,12200
2000-12-27,12.3125,12.4375,12.3125,12.3125,12.3125,10700
2000-12-28,12.25,12.375,12.25,12.25,12.25,19400
2000-12-29,12.3125,12.3125,12.125,12.125,12.125,33200
2001-01-02,12.25,12.375,12.1875,12.375,12.375,21400
2001-01-03,12.4375,12.75,12.375,12.6875,12.6875,35000
2001-01-04,12.5625,12.875,12.5,12.875,12.875,18400
2001-01-05,12.8125,13.125,12.8125,13.125,13.125,13600
2001-01-08,13.0625,13.1875,13,13,13,6800
2001-01-09,13.125,13.4375,13.125,13.25,13.25,13800
2001-01-10,13.25,13.5,13.25,13.5,13.5,8000
2001-01-11,13.5,13.625,13.4375,13.625,13.625,16700
2001-01-12,13.5,13.5,13.4375,13.4375,13.4375,6700
2001-01-16,13.4375,13.4375,13.25,13.3125,13.3125,3100
2001-01-17,13.1875,13.4375,13.1875,13.375,13.375,11200
2001-01-18,13.375,13.4375,13.25,13.375,13.375,3800
2001-01-19,13.375,13.375,13.125,13.125,13.125,5700
2001-01-22,13,13.125,12.875,12.875,12.875,15700
2001-01-23,12.875,13,12.75,12.875,12.875,3000
2001-01-24,12.75,12.75,12.625,12.6875,12.6875,6500
2001-01-25,12.625,12.875,12.625,12.75,12.75,13900
2001-01-26,12.75,12.9375,12.75,12.9375,12.9375,8100
2001-01-29,12.82,13,12.82,12.98,12.98,20100
2001-01-30,12.98,12.98,12.7,12.92,12.92,21300
2001-01-31,12.97,13,12.88,13,13,10100
2001-02-01,13.1,13.2,13,13.1,13.1,13000
2001-02-02,13.2,13.2,13.05,13.2,13.2,1900
2001-02-05,13.34,13.45,13.34,13.4,13.4,7900
2001-02-06,13.37,13.47,13.37,13.38,13.38,4400
2001-02-07,13.3,13.38,13.3,13.37,13.37,6200
2001-02-08,13.36,13.38,13.36,13.38,13.38,4400
2001-02-09,13.36,13.37,13.31,13.37,13.37,9100
2001-02-12,13.38,13.38,13.23,13.3,13.3,7500
2001-02-13,13.2,13.25,13,13,13,13000
2001-02-14,13.05,13.35,13.05,13.35,13.35,7800
2001-02-15,13.38,13.38,13.23,13.3,13.3,3400
2001-02-16,13.3,13.4,13.25,13.25,13.25,9700
2001-02-20,13.35,13.4,12.95,13,13,10800
2001-02-21,13.1,13.25,13.05,13.15,13.15,8200
2001-02-22,13.1,13.1,12.85,12.95,12.95,9000
2001-02-23,13.1,13.44,13,13.25,13.25,8400
2001-02-26,13.3,13.45,13.3,13.45,13.45,1600
2001-02-27,13.35,13.49,13.3,13.49,13.49,4500
2001-02-28,13.5,13.5,13.4,13.5,13.5,5100
2001-03-01,13.5,13.72,13.5,13.6,13.6,9400
2001-03-02,13.7,13.9,13.6,13.82,13.82,8900
2001-03-05,13.85,13.85,13.45,13.55,13.55,10200
2001-03-06,13.5,13.7,13.3,13.4,13.4,4900
2001-03-07,13.35,13.35,13.21,13.21,13.21,4800
2001-03-08,13.21,13.21,13.11,13.2,13.2,16300
2001-03-09,13.1,13.2,13.1,13.2,13.2,2500
2001-03-12,13.11,13.25,13.11,13.25,13.25,2600
2001-03-13,13.25,13.25,12.8,13.2,13.2,20700
2001-03-14,13.1,13.1,13,13,13,3900
2001-03-15,13.2,13.2,13.1,13.1,13.1,2800
2001-03-16,13.15,13.17,13.05,13.17,13.17,11700
2001-03-19,13.25,13.35,13.2,13.35,13.35,2200
2001-03-20,13.3,13.4,13.2,13.35,13.35,7400
2001-03-21,13.13,13.6,13.13,13.4,13.4,20200
2001-03-22,13.3,13.5,13.25,13.5,13.5,6600
2001-03-23,13.5,13.55,13.4,13.5,13.5,7500
2001-03-26,13.49,13.53,13.4,13.5,13.5,3500
2001-03-27,13.5,13.55,13.3,13.3,13.3,3000
2001-03-28,13.35,13.35,13.23,13.35,13.35,3200
2001-03-29,13.4,13.4,13.25,13.25,13.25,1500
2001-03-30,13.5,13.55,13.3,13.5,13.5,11600
2001-04-02,13.45,13.5,13.25,13.25,13.25,10500
2001-04-03,13.3,13.45,13.3,13.45,13.45,2900
2001-04-04,13.35,13.6,13.35,13.55,13.55,14400
2001-04-05,13.7,13.7,13.55,13.64,13.64,5200
2001-04-06,13.64,13.65,13.55,13.64,13.64,4200
2001-04-09,13.54,13.65,13.54,13.55,13.55,6200
2001-04-10,13.55,13.7,13.5,13.7,13.7,7300
2001-04-11,13.6,13.8,13.6,13.8,13.8,1900
2001-04-12,13.7,13.94,13.7,13.8,13.8,3800
2001-04-16,13.82,13.82,13.57,13.6,13.6,7100
2001-04-17,13.61,13.8,13.61,13.7,13.7,5500
2001-04-18,13.61,13.61,13.15,13.15,13.15,9600
2001-04-19,13.16,13.2,13.16,13.2,13.2,1600
2001-04-20,13.1,13.2,13.1,13.2,13.2,1000
2001-04-23,13.1,13.25,13.02,13.25,13.25,5400
2001-04-24,13.35,13.35,13.15,13.25,13.25,3000
2001-04-25,13.25,13.39,13.25,13.39,13.39,1800
2001-04-26,13.45,13.5,13.36,13.36,13.36,1500
2001-04-27,13.45,13.5,13.4,13.5,13.5,1700
2001-04-30,13.6,13.75,13.55,13.65,13.65,8000
2001-05-01,13.66,13.7,13.6,13.7,13.7,1600
2001-05-02,13.65,13.85,13.65,13.85,13.85,5200
2001-05-03,13.75,13.85,13.65,13.85,13.85,5000
2001-05-04,13.85,13.98,13.8,13.98,13.98,5100
2001-05-07,13.9,13.9,13.5,13.55,13.55,9300
2001-05-08,13.65,13.7,13.6,13.6,13.6,3400
2001-05-09,13.65,13.85,13.65,13.8,13.8,4600
2001-05-10,13.7,13.7,13.54,13.54,13.54,2600
2001-05-11,13.7,13.8,13.47,13.47,13.47,7500
2001-05-14,13.57,13.65,13.5,13.5,13.5,5800
2001-05-15,13.52,13.63,13.42,13.62,13.62,6500
2001-05-16,13.72,13.8,13.72,13.8,13.8,2200
2001-05-17,13.9,13.9,13.7,13.7,13.7,3200
2001-05-18,13.8,13.97,13.8,13.9,13.9,3000
2001-05-21,13.93,14.21,13.93,14.1,14.1,6200
2001-05-22,13.95,13.95,13.7,13.9,13.9,16500
2001-05-23,13.9,13.9,13.6,13.6,13.6,10900
2001-05-24,13.55,13.6,13.45,13.48,13.48,3900
2001-05-25,13.48,13.5,13.38,13.5,13.5,3900
2001-05-29,13.6,13.6,13.6,13.6,13.6,500
2001-05-30,13.55,13.83,13.5,13.6,13.6,3800
2001-05-31,13.65,13.88,13.65,13.88,13.88,8600
2001-06-01,13.95,14.15,13.91,14.15,14.15,4500
2001-06-04,14.05,14.05,13.35,13.35,13.35,17400
2001-06-05,13.35,13.45,13.1,13.22,13.22,13500
2001-06-06,13.25,13.41,13.25,13.41,13.41,2000
2001-06-07,13.5,13.6,13.41,13.5,13.5,4100
2001-06-08,13.5,13.7,13.5,13.65,13.65,4000
2001-06-11,13.61,13.61,13.4,13.41,13.41,1400
2001-06-12,13.4,13.4,13.31,13.4,13.4,12700
2001-06-13,13.5,13.5,13.3,13.45,13.45,4800
2001-06-14,13.55,13.6,13.5,13.5,13.5,7100
2001-06-15,13.6,13.6,13.5,13.5,13.5,5600
2001-06-18,13.51,13.6,13.5,13.5,13.5,6700
2001-06-19,13.45,13.6,13.45,13.5,13.5,6100
2001-06-20,13.35,13.6,13.35,13.6,13.6,4900
2001-06-21,13.5,13.58,13.4,13.4,13.4,5300
2001-06-22,13.41,13.41,13.41,13.41,13.41,300
2001-06-25,13.41,13.5,13.22,13.45,13.45,7700
2001-06-26,13.55,13.59,13.55,13.59,13.59,5400
2001-06-27,13.55,13.59,13.45,13.5,13.5,3800
2001-06-28,13.55,13.59,13.48,13.49,13.49,4500
2001-06-29,13.55,13.7,13.55,13.6,13.6,7100
2001-07-02,13.65,13.8,13.51,13.8,13.8,5100
2001-07-03,13.8,13.8,13.7,13.7,13.7,1700
2001-07-05,13.8,14.1,13.8,14.1,14.1,3300
2001-07-06,14.1,14.15,14.05,14.05,14.05,3200
2001-07-09,14.05,14.05,13.91,14,14,4800
2001-07-10,14.02,14.02,13.95,13.95,13.95,2100
2001-07-11,13.92,13.92,13.6,13.75,13.75,11900
2001-07-12,13.7,13.84,13.62,13.7,13.7,2100
2001-07-13,13.75,13.75,13.5,13.55,13.55,3500
2001-07-16,13.6,13.75,13.6,13.75,13.75,2000
2001-07-17,13.85,14.13,13.8,14.13,14.13,10900
2001-07-18,14.08,14.25,13.95,14.05,14.05,6000
2001-07-19,14.15,14.3,14.1,14.25,14.25,6200
2001-07-20,14.26,14.26,14.26,14.26,14.26,2500
2001-07-23,14.36,14.4,14.27,14.4,14.4,10000
2001-07-24,14.4,14.48,14.3,14.48,14.48,12900
2001-07-25,14.55,14.6,14.4,14.4,14.4,5400
2001-07-26,14.3,14.8,14.3,14.72,14.72,3400
2001-07-27,14.82,14.9,14.7,14.72,14.72,3200
2001-07-30,14.72,14.8,14.55,14.55,14.55,6400
2001-07-31,14.56,14.65,14.45,14.45,14.45,5900
2001-08-01,14.46,14.46,14.22,14.22,14.22,7100
2001-08-02,14.15,14.15,14.05,14.05,14.05,9200
2001-08-03,14.07,14.19,14,14,14,4800
2001-08-06,13.95,13.95,13.8,13.8,13.8,18300
2001-08-07,13.83,13.83,13.71,13.72,13.72,25500
2001-08-08,13.75,13.78,13.71,13.78,13.78,19400
2001-08-09,13.78,13.82,13.75,13.82,13.82,6600
2001-08-10,13.82,13.84,13.7,13.7,13.7,10900
2001-08-13,13.66,13.8,13.66,13.8,13.8,15900
2001-08-14,13.7,13.99,13.7,13.9,13.9,6900
2001-08-15,13.8,13.95,13.75,13.94,13.94,10600
2001-08-16,13.94,13.96,13.94,13.96,13.96,400
2001-08-17,13.96,14.15,13.96,14.15,14.15,8600
2001-08-20,14.18,14.35,14.18,14.35,14.35,5400
2001-08-21,14.45,14.45,14.15,14.15,14.15,12400
2001-08-22,14.15,14.4,14.15,14.4,14.4,11700
2001-08-23,14.3,14.34,14.18,14.18,14.18,3100
2001-08-24,14.13,14.13,14.13,14.13,14.13,1900
2001-08-27,14.15,14.3,14.15,14.3,14.3,4800
2001-08-28,14.3,14.3,14.05,14.05,14.05,8800
2001-08-29,14.05,14.05,13.9,13.9,13.9,14600
2001-08-30,14,14.1,14,14.1,14.1,4800
2001-08-31,13.9,13.9,13.8,13.85,13.85,5800
2001-09-04,13.87,14.1,13.82,14.1,14.1,19400
2001-09-05,14.05,14.15,14.05,14.15,14.15,6300
2001-09-06,14.15,14.27,14.15,14.27,14.27,8500
2001-09-07,14.28,14.54,14.18,14.54,14.54,19000
2001-09-10,14.54,14.54,14.5,14.5,14.5,2500
2001-09-17,14.45,14.45,13.95,13.95,13.95,11200
2001-09-18,14,14.39,14,14.39,14.39,11100
2001-09-19,14.2,14.2,14,14.05,14.05,3100
2001-09-20,13.95,13.95,13.7,13.95,13.95,11700
2001-09-21,13.75,13.75,13.65,13.65,13.65,3700
2001-09-24,13.6,13.6,13.41,13.5,13.5,10500
2001-09-25,13.53,13.64,13.45,13.45,13.45,8500
2001-09-26,13.5,13.5,13.4,13.5,13.5,9200
2001-09-27,13.6,13.6,13.45,13.55,13.55,5400
2001-09-28,13.6,14.05,13.6,14.05,14.05,7000
2001-10-01,14.05,14.14,14,14.05,14.05,8900
2001-10-02,14.1,14.45,14.06,14.4,14.4,12100
2001-10-03,14.35,14.6,14.25,14.45,14.45,16500
2001-10-04,14.48,14.48,14.4,14.4,14.4,3800
2001-10-05,14.4,14.6,14.35,14.6,14.6,3900
2001-10-08,14.58,14.68,14.5,14.5,14.5,9000
2001-10-09,14.5,14.55,14.3,14.5,14.5,9200
2001-10-10,14.5,14.5,14.4,14.45,14.45,4700
2001-10-11,14.4,14.68,14.36,14.62,14.62,17000
2001-10-12,14.57,14.7,14.57,14.7,14.7,10400
2001-10-15,14.75,14.75,14.38,14.38,14.38,18500
2001-10-16,14.43,14.85,14.43,14.65,14.65,13100
2001-10-17,14.63,14.63,14.4,14.52,14.52,12400
2001-10-18,14.35,14.35,14.32,14.32,14.32,500
2001-10-19,14.35,14.39,14.34,14.37,14.37,2600
2001-10-22,14.32,14.4,14.32,14.4,14.4,6900
2001-10-23,14.4,14.45,14.38,14.45,14.45,2700
2001-10-24,14.48,14.76,14.45,14.75,14.75,24700
2001-10-25,14.68,14.8,14.68,14.8,14.8,13600
2001-10-26,14.85,15.12,14.85,14.95,14.95,9900
2001-10-29,15.05,15.05,14.65,14.7,14.7,12000
2001-10-30,14.75,14.78,14.42,14.55,14.55,14200
2001-10-31,14.6,14.64,14.6,14.64,14.64,4300
2001-11-01,14.65,14.72,14.6,14.72,14.72,8200
2001-11-02,14.7,14.78,14.7,14.78,14.78,6500
2001-11-05,14.68,14.8,14.68,14.69,14.69,6100
2001-11-06,14.75,14.78,14.69,14.78,14.78,13300
2001-11-07,14.77,14.9,14.77,14.77,14.77,4000
2001-11-08,14.8,14.82,14.76,14.82,14.82,3800
2001-11-09,14.78,14.9,14.7,14.9,14.9,5400
2001-11-12,14.9,14.98,14.8,14.98,14.98,11700
2001-11-13,14.99,15,14.92,14.95,14.95,13000
2001-11-14,15,15.12,14.91,15.05,15.05,12200
2001-11-15,15.05,15.15,14.8,14.95,14.95,25100
2001-11-16,14.98,14.98,14.73,14.85,14.85,16600
2001-11-19,14.9,14.98,14.41,14.54,14.54,36300
2001-11-20,14.5,15.14,14.5,15.05,15.05,28400
2001-11-21,15.03,15.03,14.81,14.92,14.92,11500
2001-11-23,14.87,14.87,14.87,14.87,14.87,200
2001-11-26,14.81,14.92,14.75,14.75,14.75,12900
2001-11-27,14.78,14.8,14.55,14.6,14.6,6700
2001-11-28,14.62,14.69,14.32,14.45,14.45,14100
2001-11-29,14.48,14.5,14.4,14.49,14.49,7800
2001-11-30,14.55,14.65,14.47,14.47,14.47,4900
2001-12-03,14.55,14.7,14.48,14.55,14.55,5500
2001-12-04,14.45,14.53,14.4,14.41,14.41,10300
2001-12-05,14.36,14.64,14.35,14.55,14.55,27900
2001-12-06,14.65,14.65,14.42,14.6,14.6,11600
2001-12-07,14.55,14.68,14.4,14.68,14.68,23700
2001-12-10,14.68,14.77,14.58,14.58,14.58,4100
2001-12-11,14.48,14.75,14.45,14.75,14.75,5500
2001-12-12,14.7,14.85,14.6,14.85,14.85,9900
2001-12-13,14.85,14.85,14.7,14.8,14.8,5000
2001-12-14,14.7,14.9,14.67,14.67,14.67,12000
2001-12-17,14.74,14.94,14.74,14.94,14.94,7000
2001-12-18,14.94,14.95,14.9,14.94,14.94,3500
2001-12-19,14.95,15.03,14.9,14.97,14.97,6500
2001-12-20,14.85,14.95,14.85,14.95,14.95,4800
2001-12-21,14.9,15.03,14.7,15.03,15.03,4900
2001-12-24,15,15.1,14.85,15,15,11900
2001-12-26,15.03,15.03,14.8,14.9,14.9,9700
2001-12-27,14.94,14.95,14.9,14.9,14.9,2300
2001-12-28,14.8,14.85,14.7,14.78,14.78,6200
2001-12-31,14.72,14.8,14.68,14.7,14.7,10700
2002-01-02,14.8,14.9,14.75,14.8,14.8,5500
2002-01-03,14.8,14.95,14.56,14.95,14.95,16200
2002-01-04,14.9,15.05,14.85,15.05,15.05,12200
2002-01-07,15.08,15.1,15,15.1,15.1,5700
2002-01-08,15.1,15.1,14.9,15,15,4300
2002-01-09,15.05,15.1,14.84,15.1,15.1,10500
2002-01-10,15.18,15.18,15.06,15.17,15.17,9900
2002-01-11,15.07,15.18,15,15.03,15.03,9300
2002-01-14,14.96,15.1,14.95,15.1,15.1,12000
2002-01-15,15.05,15.14,15.01,15.05,15.05,3200
2002-01-16,15.15,15.15,15,15.15,15.15,10900
2002-01-17,15.15,15.26,15.1,15.1,15.1,10700
2002-01-18,15.05,15.2,15.05,15.2,15.2,6100
2002-01-22,15.3,15.35,14.8,14.85,14.85,21900
2002-01-23,14.85,15.21,14.85,14.95,14.95,7400
2002-01-24,15,15.05,14.85,14.95,14.95,6500
2002-01-25,15,15.21,15,15.19,15.19,7300
2002-01-28,15.1,15.21,14.89,15.1,15.1,7500
2002-01-29,15.1,15.35,15,15.2,15.2,8000
2002-01-30,15.21,15.21,15,15.1,15.1,4500
2002-01-31,15.15,15.21,15.15,15.2,15.2,7200
2002-02-01,15.2,15.55,15.2,15.55,15.55,3400
2002-02-04,15.5,15.64,15.5,15.55,15.55,1700
2002-02-05,15.65,15.69,15.45,15.45,15.45,5300
2002-02-06,15.55,15.69,15.45,15.45,15.45,7600
2002-02-07,15.45,15.69,15.45,15.65,15.65,4800
2002-02-08,15.6,15.69,15.55,15.6,15.6,3400
2002-02-11,15.5,15.6,15.22,15.22,15.22,12100
2002-02-12,15.32,15.5,15.07,15.1,15.1,22400
2002-02-13,15.12,15.22,15.12,15.18,15.18,4200
2002-02-14,15.2,15.4,15.12,15.4,15.4,5400
2002-02-15,15.35,15.48,15.25,15.38,15.38,5600
2002-02-19,15.39,15.68,15.39,15.68,15.68,10100
2002-02-20,15.69,15.9,15.5,15.9,15.9,19100
2002-02-21,15.9,15.9,15.6,15.7,15.7,7800
2002-02-22,15.8,15.9,15.78,15.9,15.9,5300
2002-02-25,15.9,15.95,15.75,15.95,15.95,5000
2002-02-26,15.8,15.88,15.65,15.65,15.65,3400
2002-02-27,15.65,15.85,15.35,15.35,15.35,11600
2002-02-28,15.45,15.61,15.4,15.5,15.5,13600
2002-03-01,15.6,16,15.6,15.85,15.85,6800
2002-03-04,15.95,15.98,15.5,15.6,15.6,7700
2002-03-05,15.6,15.6,15.37,15.5,15.5,15700
2002-03-06,15.4,15.4,15.2,15.3,15.3,17500
2002-03-07,15.22,15.22,15.1,15.2,15.2,8100
2002-03-08,15.24,15.25,14.75,14.75,14.75,18900
2002-03-11,14.84,14.95,14.15,14.36,14.36,56400
2002-03-12,14.42,14.42,14.02,14.12,14.12,17900
2002-03-13,14.1,14.64,14.07,14.5,14.5,25700
2002-03-14,14.6,14.84,14.6,14.7,14.7,10100
2002-03-15,14.8,14.8,14.7,14.8,14.8,4400
2002-03-18,14.8,14.99,14.8,14.99,14.99,6100
2002-03-19,14.9,14.95,14.82,14.85,14.85,3800
2002-03-20,14.85,14.9,14.6,14.62,14.62,10500
2002-03-21,14.72,14.72,14.2,14.4,14.4,22900
2002-03-22,14.5,14.5,14.3,14.42,14.42,5700
2002-03-25,14.25,14.25,14.18,14.18,14.18,13900
2002-03-26,14.17,14.44,14.17,14.44,14.44,4100
2002-03-27,14.45,14.55,14.25,14.45,14.45,12000
2002-03-28,14.55,14.55,14.35,14.44,14.44,2200
2002-04-01,14.48,14.64,14.35,14.4,14.4,10700
2002-04-02,14.4,14.62,14.4,14.62,14.62,6700
2002-04-03,14.63,14.64,14.5,14.5,14.5,7600
2002-04-04,14.4,14.6,14.35,14.45,14.45,5300
2002-04-05,14.45,14.62,14.45,14.55,14.55,5500
2002-04-08,14.55,14.64,14.55,14.62,14.62,1300
2002-04-09,14.64,14.64,14.5,14.6,14.6,3700
2002-04-10,14.55,14.64,14.45,14.64,14.64,4500
2002-04-11,14.64,14.8,14.55,14.8,14.8,10100
2002-04-12,14.84,14.93,14.63,14.78,14.78,7500
2002-04-15,14.88,14.99,14.88,14.95,14.95,8300
2002-04-16,14.8,14.99,14.76,14.76,14.76,2400
2002-04-17,14.6,14.75,14.5,14.75,14.75,6400
2002-04-18,14.84,14.97,14.6,14.85,14.85,8600
2002-04-19,14.82,14.85,14.57,14.85,14.85,5300
2002-04-22,14.75,14.75,14.5,14.73,14.73,7900
2002-04-23,14.8,14.89,14.6,14.73,14.73,12000
2002-04-24,14.71,14.9,14.54,14.6,14.6,13500
2002-04-25,14.7,14.7,14.55,14.55,14.55,12400
2002-04-26,14.6,14.78,14.55,14.55,14.55,14400
2002-04-29,14.6,14.72,14.55,14.6,14.6,5400
2002-04-30,14.7,14.73,14.5,14.52,14.52,8600
2002-05-01,14.55,14.72,14.51,14.72,14.72,2000
2002-05-02,14.65,14.76,14.65,14.76,14.76,4200
2002-05-03,14.75,14.78,14.66,14.77,14.77,3100
2002-05-06,14.77,14.77,14.5,14.58,14.58,11100
2002-05-07,14.58,14.69,14.5,14.62,14.62,3900
2002-05-08,14.68,14.7,14.51,14.51,14.51,9200
2002-05-09,14.6,14.65,14.5,14.5,14.5,4400
2002-05-10,14.4,14.69,14.38,14.55,14.55,8500
2002-05-13,14.65,14.65,14.65,14.65,14.65,600
2002-05-14,14.54,14.68,14.41,14.66,14.66,9500
2002-05-15,14.65,14.68,14.5,14.63,14.63,3800
2002-05-16,14.6,14.63,14.5,14.63,14.63,3600
2002-05-17,14.63,14.64,14.43,14.43,14.43,6000
2002-05-20,14.52,14.6,14.41,14.57,14.57,2800
2002-05-21,14.63,14.64,14.46,14.64,14.64,10300
2002-05-22,14.65,14.65,14.27,14.45,14.45,8600
2002-05-23,14.4,14.64,14.32,14.35,14.35,9400
2002-05-24,14.45,14.7,14.45,14.6,14.6,10000
2002-05-28,14.62,14.9,14.62,14.9,14.9,9300
2002-05-29,14.7,14.71,14.52,14.6,14.6,11500
2002-05-30,14.45,14.84,14.35,14.74,14.74,5500
2002-05-31,14.69,14.76,14.67,14.75,14.75,3100
2002-06-03,14.8,14.9,14.58,14.6,14.6,5300
2002-06-04,14.5,14.9,14.5,14.9,14.9,8700
2002-06-05,14.9,14.92,14.74,14.81,14.81,16900
2002-06-06,14.9,14.9,14.84,14.86,14.86,2600
2002-06-07,14.9,14.93,14.81,14.9,14.9,6500
2002-06-10,14.88,15.14,14.85,15.13,15.13,8300
2002-06-11,15.14,15.18,15.07,15.15,15.15,5100
2002-06-12,15.15,15.15,14.81,14.95,14.95,26600
2002-06-13,15.1,15.2,15.1,15.2,15.2,9200
2002-06-14,15.15,15.15,14.81,14.98,14.98,16500
2002-06-17,15.05,15.48,14.97,15.48,15.48,12300
2002-06-18,15.48,15.49,15.11,15.2,15.2,11200
2002-06-19,15.15,15.19,15.15,15.15,15.15,5500
2002-06-20,15.15,15.19,14.9,15,15,18100
2002-06-21,15,15,14.8,14.9,14.9,9000
2002-06-24,14.85,14.9,14.81,14.88,14.88,5600
2002-06-25,14.93,14.95,14.86,14.87,14.87,20300
2002-06-26,14.77,15,14.77,15,15,6700
2002-06-27,14.95,15.19,14.95,15.16,15.16,10200
2002-06-28,15.17,15.45,14.95,15.25,15.25,17300
2002-07-01,15.3,15.38,15.25,15.34,15.34,6400
2002-07-02,15.3,15.31,15,15.27,15.27,9700
2002-07-03,15.15,15.15,14.87,14.9,14.9,8100
2002-07-05,15,15.2,15,15,15,2300
2002-07-08,15.1,15.15,14.87,14.87,14.87,6800
2002-07-09,15.1,15.4,15.1,15.3,15.3,27700
2002-07-10,15.3,15.35,15.08,15.25,15.25,12500
2002-07-11,15.25,15.26,15.1,15.24,15.24,10200
2002-07-12,15.2,15.2,15.1,15.1,15.1,9900
2002-07-15,15.2,15.5,15.1,15.28,15.28,9100
2002-07-16,15.38,15.49,15.15,15.3,15.3,20500
2002-07-17,15.3,15.48,15.2,15.48,15.48,6500
2002-07-18,15.5,15.6,15.35,15.6,15.6,16200
2002-07-19,15.65,16.1,15.4,16,16,18400
2002-07-22,16.15,16.15,15.41,15.41,15.41,17900
2002-07-23,15.41,15.41,15.02,15.02,15.02,25300
2002-07-24,15,15.2,14.8,14.8,14.8,16600
2002-07-25,14.8,15.1,14.78,15.05,15.05,3700
2002-07-26,15.2,15.75,15.2,15.67,15.67,11400
2002-07-29,15.5,15.64,15.27,15.42,15.42,14400
2002-07-30,15.52,15.65,15.4,15.65,15.65,1600
2002-07-31,15.65,15.75,15.55,15.55,15.55,7800
2002-08-01,15.5,15.5,15.05,15.07,15.07,11000
2002-08-02,15.3,15.48,15.25,15.35,15.35,7300
2002-08-05,15.25,15.5,15.25,15.35,15.35,16800
2002-08-06,15.25,15.25,15.1,15.12,15.12,33900
2002-08-07,15.25,15.45,15.11,15.4,15.4,5400
2002-08-08,15.45,15.45,15.11,15.39,15.39,15300
2002-08-09,15.2,15.4,15.12,15.2,15.2,12400
2002-08-12,15.12,15.48,15.12,15.46,15.46,20600
2002-08-13,15.5,15.53,15.31,15.4,15.4,8200
2002-08-14,15.45,15.75,15.35,15.5,15.5,19500
2002-08-15,15.4,15.55,15.4,15.5,15.5,5300
2002-08-16,15.45,15.5,15.45,15.5,15.5,800
2002-08-19,15.55,15.79,15.42,15.79,15.79,18700
2002-08-20,15.65,15.65,15.5,15.55,15.55,4700
2002-08-21,15.55,15.7,15.4,15.4,15.4,7800
2002-08-22,15.48,15.49,15.34,15.48,15.48,8800
2002-08-23,15.5,15.75,15.38,15.7,15.7,12400
2002-08-26,15.75,15.8,15.45,15.45,15.45,14800
2002-08-27,15.6,15.6,15.32,15.4,15.4,9400
2002-08-28,15.43,15.6,15.43,15.6,15.6,3200
2002-08-29,15.75,15.8,15.7,15.8,15.8,12000
2002-08-30,15.8,16.1,15.76,15.95,15.95,26700
2002-09-03,16,16.13,15.95,16,16,9900
2002-09-04,16.25,16.36,16.02,16.1,16.1,44400
2002-09-05,16,16.15,16,16.03,16.03,12200
2002-09-06,16.03,16.04,15.8,15.95,15.95,9900
2002-09-09,16,16,15.86,15.86,15.86,6700
2002-09-10,16,16.07,15.86,15.9,15.9,8200
2002-09-11,16.08,16.08,15.71,15.71,15.71,27300
2002-09-12,15.75,15.8,15.61,15.75,15.75,19400
2002-09-13,15.65,15.71,15.61,15.69,15.69,6700
2002-09-16,15.75,15.8,15.18,15.51,15.51,37700
2002-09-17,15.37,15.6,15.37,15.4,15.4,10100
2002-09-18,15.44,15.77,15.4,15.66,15.66,16200
2002-09-19,15.7,15.84,15.55,15.79,15.79,5900
2002-09-20,15.75,15.75,15.4,15.48,15.48,15500
2002-09-23,15.4,15.75,15.33,15.45,15.45,15500
2002-09-24,15.35,15.6,15.3,15.45,15.45,15600
2002-09-25,15.5,15.8,15.3,15.65,15.65,8100
2002-09-26,15.69,15.88,15.5,15.88,15.88,13800
2002-09-27,15.87,15.87,15.15,15.49,15.49,29600
2002-09-30,15.59,15.65,15.22,15.38,15.38,10700
2002-10-01,15.48,15.74,15.41,15.55,15.55,10200
2002-10-02,15.65,15.74,15.51,15.57,15.57,6400
2002-10-03,15.62,15.74,15.6,15.7,15.7,7300
2002-10-04,15.74,15.74,15.51,15.51,15.51,1700
2002-10-07,15.42,15.6,15.34,15.6,15.6,7000
2002-10-08,15.55,15.68,15.5,15.67,15.67,6200
2002-10-09,15.8,15.85,15.51,15.7,15.7,19300
2002-10-10,15.75,16,15.75,15.85,15.85,15500
2002-10-11,15.92,15.98,15.77,15.98,15.98,8500
2002-10-14,15.75,16.05,15.65,15.95,15.95,43200
2002-10-15,15.85,15.97,15.57,15.65,15.65,33300
2002-10-16,15.65,15.65,15.09,15.15,15.15,26300
2002-10-17,15.15,15.15,14.3,14.36,14.36,32000
2002-10-18,13.8,14,13.6,13.89,13.89,26900
2002-10-21,13.9,14.35,13.85,14.35,14.35,37600
2002-10-22,14.32,14.32,13.7,13.7,13.7,28600
2002-10-23,13.8,14.25,13.77,14,14,16200
2002-10-24,14.1,14.2,14.08,14.19,14.19,3500
2002-10-25,14.25,14.5,14.22,14.45,14.45,13600
2002-10-28,14.55,14.62,14.35,14.49,14.49,5300
2002-10-29,14.55,14.55,14.1,14.24,14.24,13600
2002-10-30,14.2,14.54,14.2,14.4,14.4,8200
2002-10-31,14.5,14.57,14.3,14.3,14.3,10700
2002-11-01,14.35,14.5,14.35,14.36,14.36,5500
2002-11-04,14.44,14.5,14.25,14.45,14.45,8300
2002-11-05,14.35,14.65,14.21,14.31,14.31,7500
2002-11-06,14.5,14.65,14.4,14.65,14.65,2200
2002-11-07,14.55,14.9,14.5,14.9,14.9,2900
2002-11-08,14.75,14.88,14.71,14.88,14.88,3000
2002-11-11,14.98,15.15,14.8,14.8,14.8,4900
2002-11-12,14.9,14.99,14.75,14.84,14.84,5400
2002-11-13,14.8,15.05,14.8,14.82,14.82,6500
2002-11-14,14.8,14.95,14.8,14.94,14.94,8000
2002-11-15,15.03,15.05,14.98,14.98,14.98,1400
2002-11-18,15,15,14.98,14.98,14.98,5100
2002-11-19,15,15,14.8,14.8,14.8,7700
2002-11-20,14.82,15.2,14.5,14.51,14.51,20800
2002-11-21,14.61,14.95,14.41,14.41,14.41,14300
2002-11-22,14.31,14.31,14.17,14.2,14.2,7600
2002-11-25,14.3,14.8,14.3,14.5,14.5,13700
2002-11-26,14.62,14.8,14.62,14.8,14.8,4900
2002-11-27,14.9,15.2,14.8,15,15,12600
2002-11-29,15,15.24,15,15,15,2900
2002-12-02,15.05,15.6,15,15.2,15.2,21000
2002-12-03,15.25,15.45,15.2,15.3,15.3,10800
2002-12-04,15.15,15.48,15.12,15.21,15.21,10800
2002-12-05,15.32,15.32,15.18,15.21,15.21,5400
2002-12-06,15.2,15.3,15.2,15.3,15.3,2900
2002-12-09,15.3,15.55,15.1,15.25,15.25,21300
2002-12-10,15.33,15.44,15.08,15.25,15.25,10400
2002-12-11,15.15,15.35,15,15.02,15.02,9100
2002-12-12,15,15.26,15,15.26,15.26,9900
2002-12-13,15.15,15.15,14.88,15,15,5800
2002-12-16,15.15,15.15,14.8,15.07,15.07,6300
2002-12-17,15.19,15.45,14.9,15.15,15.15,25800
2002-12-18,15.35,15.4,15.21,15.35,15.35,5000
2002-12-19,15.44,15.44,15.38,15.38,15.38,2100
2002-12-20,15.25,15.35,15.2,15.22,15.22,9200
2002-12-23,14.97,15.34,14.97,15.33,15.33,9200
2002-12-24,15.4,15.48,15.3,15.3,15.3,3100
2002-12-26,15.32,15.49,15.07,15.4,15.4,7300
2002-12-27,15.25,15.5,15.15,15.18,15.18,22500
2002-12-30,15.18,15.25,15.1,15.15,15.15,10600
2002-12-31,15.16,15.16,15.01,15.1,15.1,8700
2003-01-02,15.1,15.17,15.01,15.1,15.1,7900
2003-01-03,15.1,15.2,15.1,15.14,15.14,9600
2003-01-06,15.3,15.75,15.3,15.7,15.7,13700
2003-01-07,15.7,16.1,15.6,16,16,31000
2003-01-08,15.96,15.99,15.8,15.8,15.8,9200
2003-01-09,15.55,15.9,15.55,15.85,15.85,18000
2003-01-10,15.88,15.88,15.55,15.55,15.55,10200
2003-01-13,15.9,16.29,15.85,16.11,16.11,58400
2003-01-14,16.15,16.34,16.01,16.34,16.34,13800
2003-01-15,16.3,16.35,16.1,16.25,16.25,29000
2003-01-16,16.3,16.6,16.2,16.6,16.6,15700
2003-01-17,16.6,16.7,16.45,16.65,16.65,18700
2003-01-21,16.85,16.85,16.55,16.73,16.73,33700
2003-01-22,16.75,16.75,16.51,16.7,16.7,28300
2003-01-23,16.7,16.75,16.53,16.62,16.62,21700
2003-01-24,16.55,16.6,16.4,16.55,16.55,24900
2003-01-27,16.55,16.55,16.36,16.37,16.37,15500
2003-01-28,16.62,16.62,16.15,16.5,16.5,20600
2003-01-29,16.7,16.88,16.5,16.7,16.7,28700
2003-01-30,16.55,16.7,16.45,16.68,16.68,12500
2003-01-31,16.7,16.7,16.5,16.7,16.7,13300
2003-02-03,16.73,16.73,16.44,16.55,16.55,21500
2003-02-04,16.65,16.65,16.4,16.42,16.42,12000
2003-02-05,16.32,16.42,16.32,16.4,16.4,8300
2003-02-06,16.45,16.75,16.45,16.62,16.62,30300
2003-02-07,16.68,16.69,16.32,16.65,16.65,15800
2003-02-10,16.62,16.74,16.6,16.7,16.7,20400
2003-02-11,16.73,16.75,16.61,16.7,16.7,15200
2003-02-12,16.74,16.74,16.54,16.68,16.68,13400
2003-02-13,16.7,16.7,16.52,16.7,16.7,15200
2003-02-14,16.7,16.7,16.5,16.6,16.6,17500
2003-02-18,16.68,16.7,16.57,16.7,16.7,12000
2003-02-19,16.65,16.65,16.4,16.4,16.4,13500
2003-02-20,16.4,16.59,16.4,16.59,16.59,7800
2003-02-21,16.5,16.56,16.4,16.42,16.42,8000
2003-02-24,16.58,16.58,16.35,16.48,16.48,15300
2003-02-25,16.38,16.52,16.35,16.41,16.41,12900
2003-02-26,16.39,16.45,16.3,16.45,16.45,11600
2003-02-27,16.45,16.55,16.37,16.53,16.53,6000
2003-02-28,16.43,16.51,16.35,16.42,16.42,11900
2003-03-03,16.43,16.45,16.42,16.45,16.45,11600
2003-03-04,16.45,16.54,16.42,16.5,16.5,12500
2003-03-05,16.55,16.75,16.49,16.62,16.62,20200
2003-03-06,16.7,16.89,16.53,16.54,16.54,15500
2003-03-07,16.44,16.74,16.44,16.74,16.74,6200
2003-03-10,16.64,16.72,16.45,16.46,16.46,32300
2003-03-11,16.5,16.81,16.5,16.81,16.81,20600
2003-03-12,16.82,16.82,16.6,16.74,16.74,6600
2003-03-13,16.8,16.82,16.72,16.76,16.76,13600
2003-03-14,16.66,16.87,16.5,16.79,16.79,16500
2003-03-17,16.89,16.89,16.62,16.65,16.65,14100
2003-03-18,16.64,16.8,16.5,16.77,16.77,10000
2003-03-19,16.7,16.77,16.5,16.51,16.51,17900
2003-03-20,16.4,16.52,16.25,16.3,16.3,19500
2003-03-21,16.19,16.19,16,16.05,16.05,27500
2003-03-24,16,16.15,15.91,15.94,15.94,19800
2003-03-25,15.94,15.94,15.6,15.69,15.69,34600
2003-03-26,15.79,15.93,15.72,15.93,15.93,27100
2003-03-27,16,16.14,15.95,16.09,16.09,12500
2003-03-28,16.12,16.17,15.85,16.17,16.17,16800
2003-03-31,16.07,16.18,16.01,16.1,16.1,11000
2003-04-01,16.17,16.37,16.09,16.33,16.33,7400
2003-04-02,16.31,16.49,16.3,16.49,16.49,12500
2003-04-03,16.35,16.5,16.34,16.45,16.45,8900
2003-04-04,16.39,16.7,16.39,16.7,16.7,8100
2003-04-07,16.65,16.74,16.55,16.73,16.73,12900
2003-04-08,16.73,16.89,16.6,16.89,16.89,7900
2003-04-09,16.89,16.89,16.52,16.52,16.52,16000
2003-04-10,16.75,16.75,16.5,16.55,16.55,11800
2003-04-11,16.53,16.7,16.52,16.55,16.55,9600
2003-04-14,16.65,16.85,16.6,16.85,16.85,9300
2003-04-15,16.85,16.85,16.62,16.75,16.75,4100
2003-04-16,16.72,16.73,16.52,16.55,16.55,6800
2003-04-17,16.7,16.8,16.52,16.7,16.7,20000
2003-04-21,16.75,16.75,16.3,16.41,16.41,22500
2003-04-22,16.55,16.55,16.2,16.37,16.37,19800
2003-04-23,16.26,16.34,16.2,16.3,16.3,14900
2003-04-24,16.3,16.47,16.3,16.47,16.47,4400
2003-04-25,16.47,16.55,16.47,16.55,16.55,7900
2003-04-28,16.77,16.77,16.31,16.42,16.42,24700
2003-04-29,16.55,16.59,16.33,16.33,16.33,11400
2003-04-30,16.32,16.38,16.14,16.2,16.2,16900
2003-05-01,16.05,16.16,15.65,15.75,15.75,91900
2003-05-02,16,16.05,15.88,15.93,15.93,27500
2003-05-05,16,16.15,15.95,15.95,15.95,41900
2003-05-06,16.13,16.15,15.93,16.03,16.03,33200
2003-05-07,16.1,16.1,15.87,15.91,15.91,29300
2003-05-08,16.12,16.12,15.85,15.86,15.86,28100
2003-05-09,16.02,16.02,15.73,15.73,15.73,56400
2003-05-12,15.73,16,15.73,15.82,15.82,27900
2003-05-13,15.82,15.82,15.75,15.78,15.78,8500
2003-05-14,15.78,15.8,15.75,15.78,15.78,22800
2003-05-15,15.76,15.78,15.71,15.72,15.72,21600
2003-05-16,15.8,15.95,15.72,15.85,15.85,17600
2003-05-19,16,16,15.73,15.84,15.84,54900
2003-05-20,15.76,15.85,15.73,15.79,15.79,39800
2003-05-21,15.63,15.8,15.63,15.72,15.72,14100
2003-05-22,15.92,15.95,15.76,15.95,15.95,25600
2003-05-23,16.05,16.23,15.82,16.23,16.23,30100
2003-05-27,16.48,16.7,16.48,16.65,16.65,79000
2003-05-28,16.85,16.87,16.65,16.67,16.67,46400
2003-05-29,16.8,16.8,16.6,16.72,16.72,21400
2003-05-30,16.66,16.75,16.5,16.63,16.63,46300
2003-06-02,16.75,16.75,16.5,16.59,16.59,33400
2003-06-03,16.5,16.65,16.48,16.63,16.63,27800
2003-06-04,16.48,16.61,16.45,16.46,16.46,26100
2003-06-05,16.35,16.36,16.27,16.36,16.36,37400
2003-06-06,16.43,16.45,16.2,16.21,16.21,38500
2003-06-09,16.21,16.25,16.1,16.25,16.25,66800
2003-06-10,16.3,16.4,16.13,16.39,16.39,26500
2003-06-11,16.5,16.6,16.39,16.4,16.4,24200
2003-06-12,16.57,16.88,16.4,16.67,16.67,25600
2003-06-13,16.7,16.7,16.5,16.6,16.6,21700
2003-06-16,16.57,16.58,16.4,16.42,16.42,35900
2003-06-17,16.42,16.58,16.23,16.44,16.44,54600
2003-06-18,16.47,16.47,16.3,16.42,16.42,17300
2003-06-19,16.3,16.67,16.3,16.55,16.55,19100
2003-06-20,16.65,16.65,16.56,16.63,16.63,26300
2003-06-23,16.75,16.75,16.47,16.62,16.62,26200
2003-06-24,16.45,16.56,16.35,16.52,16.52,62000
2003-06-25,16.65,16.65,16.34,16.42,16.42,19300
2003-06-26,16.35,16.53,16.35,16.49,16.49,5100
2003-06-27,16.55,16.6,16.38,16.49,16.49,14600
2003-06-30,16.49,16.49,16.35,16.35,16.35,39800
2003-07-01,16.4,16.4,16.27,16.3,16.3,31300
2003-07-02,16.35,16.48,16.3,16.48,16.48,72600
2003-07-03,16.48,16.7,16.4,16.64,16.64,11000
2003-07-07,16.7,16.7,16.3,16.5,16.5,62000
2003-07-08,16.4,16.44,16.2,16.3,16.3,23300
2003-07-09,16.4,16.4,16.1,16.27,16.27,75600
2003-07-10,16.3,16.3,16,16.1,16.1,34600
2003-07-11,16,16.08,15.92,16.01,16.01,26700
2003-07-14,16.2,16.2,15.87,16.09,16.09,24300
2003-07-15,16.15,16.15,15.85,16,16,47300
2003-07-16,15.88,16,15.55,16,16,26800
2003-07-17,15.78,16.03,15.78,15.8,15.8,31900
2003-07-18,15.8,15.9,15.74,15.75,15.75,29700
2003-07-21,15.8,15.8,15.57,15.61,15.61,33600
2003-07-22,15.61,15.61,15.5,15.52,15.52,24800
2003-07-23,15.5,15.51,15.43,15.45,15.45,14800
2003-07-24,15.49,15.5,15.45,15.5,15.5,13900
2003-07-25,15.5,15.5,15.36,15.4,15.4,34700
2003-07-28,15.5,15.6,15.36,15.5,15.5,23300
2003-07-29,15.54,15.55,15.4,15.5,15.5,12000
2003-07-30,15.55,15.61,15.53,15.54,15.54,11900
2003-07-31,15.7,15.7,15.2,15.34,15.34,87000
2003-08-01,15.45,15.45,15,15.19,15.19,48800
2003-08-04,15.3,15.3,15.1,15.28,15.28,41900
2003-08-05,15.34,15.34,15.18,15.3,15.3,19500
2003-08-06,15.05,15.22,15.05,15.22,15.22,26800
2003-08-07,15.25,15.29,15.15,15.27,15.27,166400
2003-08-08,15.28,15.31,15.2,15.25,15.25,57200
2003-08-11,15.26,15.26,15.12,15.13,15.13,61800
2003-08-12,15.13,15.16,15.1,15.16,15.16,15900
2003-08-13,15.16,15.2,15.1,15.17,15.17,25500
2003-08-14,15.2,15.3,15.13,15.2,15.2,32500
2003-08-15,15.38,15.38,15.23,15.27,15.27,16100
2003-08-18,15.3,15.39,15.27,15.34,15.34,14900
2003-08-19,15.34,15.4,15.3,15.39,15.39,37000
2003-08-20,15.4,15.45,15.32,15.32,15.32,50900
2003-08-21,15.4,15.43,15.33,15.38,15.38,15600
2003-08-22,15.39,15.43,15.3,15.35,15.35,288500
2003-08-25,15.4,15.5,15.32,15.5,15.5,25700
2003-08-26,15.5,15.52,15.4,15.5,15.5,17500
2003-08-27,15.48,15.5,15.4,15.46,15.46,21400
2003-08-28,15.52,15.6,15.31,15.6,15.6,39600
2003-08-29,15.55,15.65,15.55,15.61,15.61,16200
2003-09-02,15.75,15.76,15.6,15.7,15.7,25700
2003-09-03,15.7,15.7,15.6,15.66,15.66,27000
2003-09-04,15.65,15.75,15.6,15.75,15.75,20600
2003-09-05,15.77,15.77,15.6,15.68,15.68,31500
2003-09-08,15.68,15.75,15.55,15.69,15.69,31100
2003-09-09,15.69,15.69,15.55,15.63,15.63,13000
2003-09-10,15.65,15.65,15.56,15.56,15.56,24800
2003-09-11,15.62,15.62,15.57,15.62,15.62,15600
2003-09-12,15.57,15.65,15.57,15.65,15.65,22000
2003-09-15,15.67,15.75,15.61,15.65,15.65,57600
2003-09-16,15.78,15.78,15.64,15.66,15.66,16800
2003-09-17,15.62,15.74,15.62,15.73,15.73,11900
2003-09-18,15.75,15.75,15.63,15.69,15.69,53700
2003-09-19,15.6,15.65,15.58,15.63,15.63,10200
2003-09-22,15.63,15.64,15.55,15.58,15.58,57100
2003-09-23,15.55,15.55,15.37,15.4,15.4,34400
2003-09-24,15.4,15.4,15.25,15.3,15.3,31900
2003-09-25,15.3,15.3,15.23,15.25,15.25,20500
2003-09-26,15.3,15.4,15.26,15.39,15.39,26000
2003-09-29,15.35,15.44,15.35,15.43,15.43,17300
2003-09-30,15.43,15.62,15.41,15.62,15.62,38100
2003-10-01,15.62,15.64,15.3,15.46,15.46,334400
2003-10-02,15.5,15.55,15.42,15.52,15.52,47200
2003-10-03,15.48,15.54,15.4,15.53,15.53,12000
2003-10-06,15.5,15.5,15.42,15.47,15.47,13000
2003-10-07,15.46,15.6,15.42,15.59,15.59,47000
2003-10-08,15.59,15.61,15.52,15.61,15.61,29600
2003-10-09,15.61,15.61,15.5,15.58,15.58,16600
2003-10-10,15.57,15.58,15.5,15.52,15.52,18600
2003-10-13,15.55,15.55,15.5,15.51,15.51,52700
2003-10-14,15.51,15.51,15.3,15.39,15.39,301100
2003-10-15,15.45,15.47,15.38,15.47,15.47,67200
2003-10-16,15.47,15.47,15.33,15.42,15.42,68200
2003-10-17,15.5,15.5,15.35,15.36,15.36,149200
2003-10-20,15.43,15.55,15.35,15.46,15.46,90000
2003-10-21,15.54,15.75,15.5,15.7,15.7,68900
2003-10-22,15.6,15.65,15.45,15.61,15.61,75600
2003-10-23,15.61,15.65,15.58,15.59,15.59,80600
2003-10-24,15.65,15.65,15.5,15.53,15.53,89300
2003-10-27,15.6,15.67,15.55,15.67,15.67,420200
2003-10-28,15.7,15.92,15.65,15.92,15.92,51000
2003-10-29,15.95,16.05,15.9,16.05,16.05,61700
2003-10-30,16.05,16.27,16,16.27,16.27,40300
2003-10-31,16.3,16.45,16.3,16.44,16.44,30200
2003-11-03,16.5,16.5,16.1,16.15,16.15,61577
2003-11-04,16.25,16.28,16.15,16.18,16.18,25600
2003-11-05,16.2,16.21,16.05,16.1,16.1,53700
2003-11-06,16.08,16.08,16.02,16.07,16.07,52400
2003-11-07,16.08,16.08,15.8,15.9,15.9,47600
2003-11-10,16.15,16.2,15.87,15.95,15.95,218200
2003-11-11,16.1,16.18,16.05,16.16,16.16,99300
2003-11-12,16.16,16.17,16.04,16.15,16.15,92300
2003-11-13,16.15,16.3,16.15,16.25,16.25,280700
2003-11-14,16.4,16.65,16.4,16.65,16.65,130700
2003-11-17,16.75,17.44,16.75,17.34,17.34,85600
2003-11-18,17.25,17.29,17.05,17.29,17.29,57700
2003-11-19,17.29,17.35,17.06,17.35,17.35,41200
2003-11-20,17.35,17.44,17.12,17.44,17.44,35600
2003-11-21,17.4,17.47,17.36,17.4,17.4,31400
2003-11-24,17.5,17.7,17.43,17.6,17.6,42100
2003-11-25,17.68,17.73,17.55,17.55,17.55,20600
2003-11-26,17.55,17.8,17.55,17.7,17.7,26300
2003-11-28,17.71,18,17.65,17.65,17.65,27000
2003-12-01,17.8,17.85,17.5,17.8,17.8,39900
2003-12-02,17.85,18.1,17.81,18.08,18.08,33900
2003-12-03,18.2,18.3,17.75,17.83,17.83,55000
2003-12-04,17.99,18.1,17.78,18.04,18.04,21300
2003-12-05,17.95,17.95,17.7,17.9,17.9,65400
2003-12-08,18.1,18.1,17.85,18,18,27900
2003-12-09,18,18.2,17.95,18.05,18.05,30000
2003-12-10,18.05,18.08,17.94,18.03,18.03,20500
2003-12-11,18.17,18.2,18,18.1,18.1,22900
2003-12-12,18.11,18.11,17.99,18,18,33400
2003-12-15,18.1,18.11,17.7,17.75,17.75,39600
2003-12-16,18,18.11,17.8107,17.86,17.86,53400
2003-12-17,17.96,18.1,17.82,18.02,18.02,25400
2003-12-18,18.08,18.25,18.02,18.2,18.2,31800
2003-12-19,18.25,18.6,18.2,18.35,18.35,36100
2003-12-22,18.75,18.75,18.3,18.3,18.3,40000
2003-12-23,18.32,18.42,18.28,18.4,18.4,26200
2003-12-24,18.25,18.41,18.25,18.32,18.32,7800
2003-12-26,18.33,18.46,18.33,18.4,18.4,8300
2003-12-29,18.31,18.42,18.28,18.33,18.33,19200
2003-12-30,18.35,18.38,18.28,18.31,18.31,11900
2003-12-31,18.31,18.4,18.31,18.4,18.4,7800
2004-01-02,18.28,18.39,18.24,18.26,18.26,19400
2004-01-05,18.37,18.56,18.26,18.56,18.56,61300
2004-01-06,18.57,18.57,18.4,18.47,18.47,19500
2004-01-07,18.51,18.51,18.3,18.33,18.33,22000
2004-01-08,18.32,18.45,18.31,18.36,18.36,15600
2004-01-09,18.3,18.44,18.27,18.44,18.44,12500
2004-01-12,18.35,18.47,18.28,18.4,18.4,13000
2004-01-13,18.3,18.52,18.3,18.34,18.34,27100
2004-01-14,18.48,18.55,18.4,18.55,18.55,11400
2004-01-15,18.47,18.56,18.26,18.39,18.39,28900
2004-01-16,18.4,18.65,18.36,18.6,18.6,17900
2004-01-20,18.55,19,18.51,18.95,18.95,54100
2004-01-21,19,19.14,18.85,18.9,18.9,38600
2004-01-22,18.97,18.97,18.71,18.79,18.79,18900
2004-01-23,18.84,18.85,18.71,18.79,18.79,12400
2004-01-26,18.75,18.84,18.69,18.7,18.7,17100
2004-01-27,18.58,18.85,18.58,18.64,18.64,22700
2004-01-28,18.62,18.8,18.5,18.5,18.5,15800
2004-01-29,18.55,18.55,18.31,18.38,18.38,21000
2004-01-30,18.28,18.5,18.21,18.35,18.35,9400
2004-02-02,18.2,18.4,18.2,18.35,18.35,25100
2004-02-03,18.25,18.28,18.11,18.12,18.12,23000
2004-02-04,18,18.3,17.9,18.14,18.14,50600
2004-02-05,18.1,18.44,18.1,18.3,18.3,13300
2004-02-06,18.38,18.54,18.38,18.45,18.45,15000
2004-02-09,18.45,18.7,18.39,18.56,18.56,20400
2004-02-10,18.45,18.59,18.3,18.55,18.55,25000
2004-02-11,18.45,18.53,18.39,18.53,18.53,12700
2004-02-12,18.55,18.55,18.4,18.5,18.5,7000
2004-02-13,18.54,18.55,18.43,18.55,18.55,15800
2004-02-17,18.6,18.8,18.55,18.8,18.8,20100
2004-02-18,18.78,18.8,18.7,18.78,18.78,11000
2004-02-19,18.85,18.97,18.85,18.91,18.91,28400
2004-02-20,18.98,18.98,18.71,18.88,18.88,9500
2004-02-23,18.89,18.9,18.75,18.9,18.9,12600
2004-02-24,18.8,18.95,18.7,18.81,18.81,19500
2004-02-25,18.71,19.1,18.71,18.87,18.87,28200
2004-02-26,18.77,19,18.75,18.87,18.87,13700
2004-02-27,18.97,19.04,18.86,18.97,18.97,20700
2004-03-01,19.1,19.14,18.91,18.92,18.92,22000
2004-03-02,19,19,18.92,19,19,16700
2004-03-03,19.02,19.06,18.83,18.83,18.83,16300
2004-03-04,18.93,19.1,18.81,19.04,19.04,25100
2004-03-05,19.04,19.85,18.95,19.28,19.28,40500
2004-03-08,19.14,19.59,19.14,19.41,19.41,24200
2004-03-09,19.38,19.38,19.2,19.32,19.32,29000
2004-03-10,19.4,19.4,19.1,19.15,19.15,16000
2004-03-11,19.25,19.34,19.13,19.3,19.3,21600
2004-03-12,19.1,19.33,19.1,19.3,19.3,15200
2004-03-15,19.3,19.4,19.28,19.4,19.4,13900
2004-03-16,19.34,19.45,19.15,19.44,19.44,24000
2004-03-17,19.54,19.67,19.32,19.52,19.52,29000
2004-03-18,19.4,19.58,19.4,19.41,19.41,13000
2004-03-19,19.49,19.62,19.45,19.58,19.58,16000
2004-03-22,19.58,19.6,19.2,19.28,19.28,21400
2004-03-23,19.14,19.57,19.1,19.35,19.35,20900
2004-03-24,19.3,19.69,19.3,19.6,19.6,34000
2004-03-25,19.52,19.79,19.52,19.79,19.79,15700
2004-03-26,19.79,19.8,19.7,19.7,19.7,10800
2004-03-29,19.8,19.99,19.63,19.7,19.7,24000
2004-03-30,19.82,19.98,19.6,19.75,19.75,27100
2004-03-31,19.75,19.8,19.62,19.62,19.62,19900
2004-04-01,19.7,19.9,19.65,19.7,19.7,15700
2004-04-02,19.6,19.6,19.05,19.12,19.12,34900
2004-04-05,19.25,19.25,16.72,16.82,16.82,255700
2004-04-06,16.8,17.55,16.3,17.5,17.5,139500
2004-04-07,17.4,17.49,17.16,17.25,17.25,43600
2004-04-08,17.26,17.5,16.98,17.2,17.2,33000
2004-04-12,17.33,17.56,17.3,17.56,17.56,53000
2004-04-13,17.55,17.55,16.8,17.01,17.01,74800
2004-04-14,16.85,16.97,16.76,16.78,16.78,48800
2004-04-15,16.7,16.84,16.2,16.41,16.41,95100
2004-04-16,16.45,16.84,16.45,16.83,16.83,55200
2004-04-19,17,17.05,16.88,16.99,16.99,20200
2004-04-20,16.94,17.18,16.91,17.13,17.13,29600
2004-04-21,16.98,16.99,16.45,16.83,16.83,23800
2004-04-22,16.83,16.83,15.86,16.2,16.2,86000
2004-04-23,16.02,16.15,15.75,16.12,16.12,80400
2004-04-26,16,16,15.48,15.6,15.6,61600
2004-04-27,15.6,15.75,15.45,15.53,15.53,63200
2004-04-28,15.58,15.83,15.5,15.83,15.83,36500
2004-04-29,15.85,16.39,15.85,16.05,16.05,37200
2004-04-30,16.3,16.46,16.08,16.11,16.11,25700
2004-05-03,16.31,16.45,16.31,16.38,16.38,25200
2004-05-04,16.3,16.3,16,16.05,16.05,23300
2004-05-05,15.95,16.47,15.93,16.25,16.25,28800
2004-05-06,16.35,16.4,16.27,16.39,16.39,24000
2004-05-07,16.4,16.4,15.5,15.52,15.52,37400
2004-05-10,15.4,15.4,14.85,14.95,14.95,103400
2004-05-11,14.77,15.3,14.77,15.08,15.08,42800
2004-05-12,15.3,15.39,15.02,15.25,15.25,44100
2004-05-13,15.35,15.7,15.27,15.65,15.65,31000
2004-05-14,15.75,15.94,15.7,15.83,15.83,19900
2004-05-17,15.93,15.99,15.75,15.96,15.96,35600
2004-05-18,15.99,16.22,15.82,16.22,16.22,22100
2004-05-19,16,16.34,16,16.25,16.25,20900
2004-05-20,16.32,16.4,16.3,16.35,16.35,15600
2004-05-21,16.3,16.45,16.25,16.45,16.45,12700
2004-05-24,16.58,17.19,16.58,17.16,17.16,54400
2004-05-25,17.19,17.2,16.82,17,17,38300
2004-05-26,17.14,17.23,17.09,17.23,17.23,21700
2004-05-27,17.4,17.43,17.2,17.38,17.38,20900
2004-05-28,17.35,17.62,17.16,17.62,17.62,20400
2004-06-01,17.55,17.89,17.35,17.56,17.56,37900
2004-06-02,17.6,17.68,17.03,17.03,17.03,21200
2004-06-03,17.02,17.65,16.93,17.31,17.31,46800
2004-06-04,17.38,17.38,17.07,17.25,17.25,25500
2004-06-07,17.33,17.33,17.11,17.17,17.17,18400
2004-06-08,17.31,17.31,17.1,17.19,17.19,8100
2004-06-09,17.16,17.25,17.11,17.25,17.25,12700
2004-06-10,17.15,17.5,17.07,17.5,17.5,16800
2004-06-14,17.6,17.73,17.5,17.59,17.59,25100
2004-06-15,17.65,17.68,17.55,17.6,17.6,7400
2004-06-16,17.75,17.79,17.51,17.51,17.51,11700
2004-06-17,17.3,17.6,17.25,17.3,17.3,22600
2004-06-18,17.3,17.65,17.12,17.65,17.65,19200
2004-06-21,17.6,17.64,17.28,17.58,17.58,22100
2004-06-22,17.58,17.59,17.2,17.2,17.2,11400
2004-06-23,17.25,17.6,17.08,17.45,17.45,21700
2004-06-24,17.55,17.59,17.33,17.41,17.41,18700
2004-06-25,17.45,17.59,17.43,17.54,17.54,26500
2004-06-28,17.55,17.55,17.1,17.2,17.2,12200
2004-06-29,17.1,17.2,16.9,16.9,16.9,16100
2004-06-30,16.96,17.03,16.9,17.03,17.03,4600
2004-07-01,17.2,17.24,16.91,17.15,17.15,8200
2004-07-02,17.25,17.45,17.2,17.45,17.45,7000
2004-07-06,17.45,17.45,17.09,17.09,17.09,14200
2004-07-07,17.3,17.3,17.07,17.15,17.15,15500
2004-07-08,17.15,17.29,17.11,17.22,17.22,6900
2004-07-09,17.1,17.25,17.05,17.23,17.23,16900
2004-07-12,17.23,17.24,17.15,17.18,17.18,24100
2004-07-13,17.13,17.17,17.08,17.13,17.13,10600
2004-07-14,17.09,17.19,17.09,17.17,17.17,9000
2004-07-15,17.19,17.19,17.08,17.08,17.08,10600
2004-07-16,16.98,17.2,16.92,17.19,17.19,27100
2004-07-19,17.2,17.51,17.2,17.32,17.32,17500
2004-07-20,17.45,17.54,17.12,17.35,17.35,20400
2004-07-21,17.17,17.34,17.05,17.15,17.15,11000
2004-07-22,17.23,17.33,17.12,17.33,17.33,8000
2004-07-23,17.2,17.35,16.98,17.03,17.03,14300
2004-07-26,17.02,17.07,16.9,16.96,16.96,15000
2004-07-27,16.96,16.99,16.86,16.91,16.91,22600
2004-07-28,16.85,16.91,16.8,16.88,16.88,10100
2004-07-29,16.8,16.84,16.67,16.75,16.75,20600
2004-07-30,16.67,16.81,16.67,16.78,16.78,11700
2004-08-02,16.67,16.85,16.67,16.83,16.83,9200
2004-08-03,16.94,16.95,16.85,16.87,16.87,10000
2004-08-04,16.87,17.13,16.87,17.13,17.13,12200
2004-08-05,17.03,17.15,17.01,17.1,17.1,12700
2004-08-06,17.07,17.23,17.02,17.07,17.07,25100
2004-08-09,17.15,17.17,17.07,17.16,17.16,5600
2004-08-10,17.19,17.24,17.15,17.15,17.15,14500
2004-08-11,17.2,17.2,17.11,17.16,17.16,19500
2004-08-12,17.2,17.29,17.13,17.29,17.29,11700
2004-08-13,17.35,17.35,17.23,17.35,17.35,9400
2004-08-16,17.35,17.45,17.17,17.45,17.45,32200
2004-08-17,17.48,17.58,17.48,17.54,17.54,13800
2004-08-18,17.61,17.65,17.46,17.6,17.6,14700
2004-08-19,17.65,17.85,17.46,17.74,17.74,29800
2004-08-20,17.64,18,17.62,17.93,17.93,12900
2004-08-23,17.95,17.95,17.8,17.81,17.81,8600
2004-08-24,17.97,17.98,17.82,17.84,17.84,14300
2004-08-25,17.84,18.1,17.78,18,18,16000
2004-08-26,18,18,17.91,18,18,10900
2004-08-27,17.95,18,17.91,17.93,17.93,12600
2004-08-30,18,18,17.8,17.85,17.85,11500
2004-08-31,18,18.09,17.85,17.9,17.9,9700
2004-09-01,17.8,17.99,17.8,17.91,17.91,12600
2004-09-02,18.05,18.09,17.98,17.98,17.98,16000
2004-09-03,18.05,18.05,17.8,18.03,18.03,12000
2004-09-07,17.95,18.04,17.85,17.9,17.9,11400
2004-09-08,17.9,18.18,17.9,18.05,18.05,6600
2004-09-09,18.05,18.21,18.05,18.12,18.12,10300
2004-09-10,18.09,18.25,18.09,18.24,18.24,20600
2004-09-13,18.25,18.35,18.1,18.12,18.12,32900
2004-09-14,18.25,18.25,18.12,18.24,18.24,6200
2004-09-15,18.24,18.38,18.24,18.34,18.34,16200
2004-09-16,18.39,18.5,18.39,18.5,18.5,13900
2004-09-17,18.45,18.46,18.32,18.33,18.33,12400
2004-09-20,18.27,18.48,18.25,18.43,18.43,19300
2004-09-21,18.25,18.33,18.25,18.27,18.27,13300
2004-09-22,18.26,18.3,18.25,18.3,18.3,7400
2004-09-23,18.3,18.3,18.26,18.27,18.27,6000
2004-09-24,18.4,18.4,17.93,18,18,43300
2004-09-27,18.03,18.14,17.95,18.11,18.11,13700
2004-09-28,18.13,18.22,17.95,18.17,18.17,20400
2004-09-29,18.12,18.38,18.1,18.14,18.14,17100
2004-09-30,18.3,18.35,17.95,17.96,17.96,15500
2004-10-01,17.98,18.01,17.82,17.85,17.85,27000
2004-10-04,17.82,17.95,17.82,17.91,17.91,20500
2004-10-05,17.93,18.09,17.82,18.09,18.09,19700
2004-10-06,18.09,18.09,18.02,18.05,18.05,7300
2004-10-07,18.09,18.35,18.09,18.25,18.25,25800
2004-10-08,18.26,18.39,18.24,18.39,18.39,8800
2004-10-11,18.39,18.39,18.34,18.39,18.39,3500
2004-10-12,18.32,18.4,18.32,18.39,18.39,9300
2004-10-13,18.3,18.4,18.27,18.36,18.36,7500
2004-10-14,18.31,18.49,18.31,18.47,18.47,8900
2004-10-15,18.37,18.5,18.31,18.47,18.47,6600
2004-10-18,18.49,18.5,18.33,18.45,18.45,12500
2004-10-19,18.48,18.65,18.31,18.55,18.55,26000
2004-10-20,18.55,18.64,18.5,18.59,18.59,12800
2004-10-21,18.59,18.61,18.2,18.35,18.35,20000
2004-10-22,18.3,18.48,18.3,18.48,18.48,4800
2004-10-25,18.32,19,18.32,19,19,30600
2004-10-26,19,19,18.84,18.84,18.84,19000
2004-10-27,18.83,19,18.57,18.6,18.6,28200
2004-10-28,18.65,18.67,18.33,18.45,18.45,13100
2004-10-29,18.55,18.55,18.15,18.3,18.3,20200
2004-11-01,18.16,18.3,18.1,18.25,18.25,36300
2004-11-02,18.29,18.29,18.12,18.21,18.21,16700
2004-11-03,18.24,18.39,18.2,18.28,18.28,18200
2004-11-04,18.32,18.5,18.25,18.38,18.38,24500
2004-11-05,18.4,18.5,17.95,18.08,18.08,30000
2004-11-08,17.95,18.04,17.71,17.99,17.99,40100
2004-11-09,17.77,17.92,17.77,17.92,17.92,19100
2004-11-10,17.9,18.1,17.84,17.98,17.98,32500
2004-11-11,17.98,18.07,17.95,17.95,17.95,15000
2004-11-12,18.18,18.2,18.12,18.18,18.18,13200
2004-11-15,18.2,18.25,18.16,18.16,18.16,15100
2004-11-16,18.16,18.2,17.95,18.12,18.12,19200
2004-11-17,18.12,18.3,18.12,18.3,18.3,15200
2004-11-18,18.3,18.35,18.21,18.35,18.35,11000
2004-11-19,18.33,18.45,18.22,18.32,18.32,17200
2004-11-22,18.43,18.44,18.09,18.15,18.15,18500
2004-11-23,18.12,18.12,18,18.04,18.04,26900
2004-11-24,18.18,18.3,18.06,18.24,18.24,17400
2004-11-26,18.25,18.37,17.99,18.27,18.27,9300
2004-11-29,18.25,18.31,17.91,17.95,17.95,14700
2004-11-30,17.9,17.96,17.37,17.42,17.42,70600
2004-12-01,17.3,17.36,17.25,17.36,17.36,23200
2004-12-02,17.35,17.4,17.02,17.1,17.1,44100
2004-12-03,17.25,17.34,17.14,17.26,17.26,20000
2004-12-06,17.34,17.47,17.22,17.22,17.22,36400
2004-12-07,17.2,17.28,17.1,17.15,17.15,24400
2004-12-08,17.2,17.36,16.94,17.08,17.08,30700
2004-12-09,17.1,17.31,17.1,17.23,17.23,18400
2004-12-10,17.23,17.35,17.12,17.35,17.35,17300
2004-12-13,17.34,17.52,17.28,17.52,17.52,23100
2004-12-14,17.57,17.59,17.47,17.58,17.58,26600
2004-12-15,17.6,17.77,17.6,17.75,17.75,11700
2004-12-16,17.79,17.8,17.71,17.78,17.78,13700
2004-12-17,17.8,17.8,17.71,17.77,17.77,11100
2004-12-20,17.79,18.22,17.73,18.22,18.22,26400
2004-12-21,18,18.25,17.81,17.82,17.82,28600
2004-12-22,17.75,17.94,17.54,17.86,17.86,38600
2004-12-23,18.02,18.14,17.96,18.1,18.1,17700
2004-12-27,18.2,18.25,18.1,18.16,18.16,14500
2004-12-28,18.24,18.25,18.04,18.24,18.24,20800
2004-12-29,18.12,18.24,18.11,18.19,18.19,5600
2004-12-30,18.19,18.25,18.09,18.24,18.24,11700
2004-12-31,18.3,18.36,18.15,18.25,18.25,13100
2005-01-03,18.15,18.3,18.01,18.07,18.07,16800
2005-01-04,18.18,18.2,18.02,18.1,18.1,18300
2005-01-05,18.25,18.37,18.12,18.15,18.15,9100
2005-01-06,18.1,18.27,18.01,18.27,18.27,27000
2005-01-07,18.27,18.34,18.15,18.27,18.27,14600
2005-01-10,18.28,18.28,18.15,18.2,18.2,14200
2005-01-11,18.23,18.29,18.2,18.2,18.2,27600
2005-01-12,18.22,18.3,18.21,18.21,18.21,18100
2005-01-13,18.28,18.34,18.18,18.23,18.23,13400
2005-01-14,18.2,18.21,18.08,18.13,18.13,19600
2005-01-18,18.28,18.44,18.25,18.35,18.35,14100
2005-01-19,18.3,18.43,18.28,18.43,18.43,6200
2005-01-20,18.43,18.45,18.3,18.35,18.35,12900
2005-01-21,18.4,18.4,18.29,18.33,18.33,11000
2005-01-24,18.28,18.38,18.16,18.21,18.21,23400
2005-01-25,18.23,18.25,18.15,18.17,18.17,15100
2005-01-26,18.21,18.25,18.15,18.2,18.2,12700
2005-01-27,18.11,18.26,18.11,18.26,18.26,10500
2005-01-28,18.12,18.43,18.11,18.43,18.43,8500
2005-01-31,18.3,18.39,18.13,18.23,18.23,13000
2005-02-01,18.3,18.37,18.14,18.21,18.21,30500
2005-02-02,18.36,18.37,18.21,18.31,18.31,11400
2005-02-03,18.36,18.37,18.27,18.36,18.36,16400
2005-02-04,18.37,18.43,18.31,18.39,18.39,15200
2005-02-07,18.44,18.48,18.35,18.45,18.45,14300
2005-02-08,18.45,18.46,18.38,18.406,18.406,17400
2005-02-09,18.37,18.74,18.37,18.6,18.6,18900
2005-02-10,18.7,18.76,18.6,18.76,18.76,13500
2005-02-11,18.82,18.85,18.6,18.67,18.67,16700
2005-02-14,18.54,18.6,18.5,18.53,18.53,19500
2005-02-15,18.55,18.64,18.46,18.55,18.55,21100
2005-02-16,18.5,18.8,18.5,18.64,18.64,18100
2005-02-17,18.65,18.85,18.61,18.72,18.72,10400
2005-02-18,18.62,18.78,18.58,18.77,18.77,11000
2005-02-22,18.6,18.6,18.44,18.49,18.49,16600
2005-02-23,18.27,18.45,18.25,18.43,18.43,24100
2005-02-24,18.5,18.54,18.4,18.49,18.49,5900
2005-02-25,18.4,18.68,18.4,18.64,18.64,15000
2005-02-28,18.73,18.77,18.55,18.77,18.77,15500
2005-03-01,18.65,18.77,18.59,18.76,18.76,10300
2005-03-02,18.75,18.82,18.61,18.78,18.78,11500
2005-03-03,18.68,18.82,18.59,18.68,18.68,14400
2005-03-04,18.55,18.72,18.2,18.25,18.25,50400
2005-03-07,18.24,18.4,18.11,18.11,18.11,34300
2005-03-08,18.13,18.2,18.1,18.15,18.15,17800
2005-03-09,17.95,18.12,17.4,17.55,17.55,65200
2005-03-10,17.4,17.5,16.9,17.38,17.38,61600
2005-03-11,17.35,17.77,17.26,17.7,17.7,33600
2005-03-14,17.65,17.71,17.05,17.55,17.55,29400
2005-03-15,17.45,17.55,17.08,17.19,17.19,23100
2005-03-16,17.1,17.15,16.45,16.55,16.55,84600
2005-03-17,16.2,16.55,15.85,16.45,16.45,104400
2005-03-18,16.2,16.22,16.01,16.08,16.08,38800
2005-03-21,16.15,16.32,16.13,16.3,16.3,57200
2005-03-22,16.3,16.44,15.5,15.8,15.8,78100
2005-03-23,15.98,16.04,15.25,15.6,15.6,52000
2005-03-24,15.55,15.68,15.5,15.6,15.6,44400
2005-03-28,15.6,15.6,15.26,15.41,15.41,51400
2005-03-29,15.27,15.7,15.25,15.7,15.7,37700
2005-03-30,15.51,15.59,15.26,15.3,15.3,41900
2005-03-31,15.29,15.75,15.28,15.74,15.74,26500
2005-04-01,15.77,16.05,15.77,16.03,16.03,25600
2005-04-04,16.15,16.17,15.95,16.03,16.03,39700
2005-04-05,16.03,16.07,15.96,16.01,16.01,23800
2005-04-06,16.02,16.2,16,16.2,16.2,13800
2005-04-07,16.25,16.3,16.15,16.15,16.15,16000
2005-04-08,16.23,16.29,16.13,16.25,16.25,16800
2005-04-11,16.29,16.29,16.05,16.09,16.09,15500
2005-04-12,16.01,16.27,16,16.06,16.06,15600
2005-04-13,16.09,16.3,16.03,16.1,16.1,20200
2005-04-14,16.1,16.34,16.06,16.27,16.27,48700
2005-04-15,16.3,16.37,16.05,16.37,16.37,17900
2005-04-18,16.33,16.47,16.13,16.17,16.17,23500
2005-04-19,16.2,16.35,16.05,16.26,16.26,34900
2005-04-20,16.34,16.35,16.1,16.18,16.18,18000
2005-04-21,16,16.09,15.98,16.07,16.07,21400
2005-04-22,16,16.09,15.98,16.09,16.09,15900
2005-04-25,16.13,16.36,16.02,16.36,16.36,18300
2005-04-26,16.4,16.47,16.23,16.47,16.47,17600
2005-04-27,16.56,16.69,16.38,16.45,16.45,16300
2005-04-28,16.47,16.9,16.47,16.7,16.7,19300
2005-04-29,16.78,16.78,16.6,16.75,16.75,5600
2005-05-02,16.75,16.82,16.56,16.75,16.75,9600
2005-05-03,16.85,16.95,16.744,16.86,16.86,10700
2005-05-04,16.75,17.25,16.59,17.1,17.1,28900
2005-05-05,17.2,17.26,17.02,17.22,17.22,14500
2005-05-06,17.12,17.26,16.7,16.83,16.83,28000
2005-05-09,16.84,16.89,16.65,16.67,16.67,10100
2005-05-10,16.9,16.96,16.766,16.84,16.84,10100
2005-05-11,16.85,16.91,16.55,16.71,16.71,11500
2005-05-12,16.71,16.79,16.53,16.79,16.79,9700
2005-05-13,16.79,16.79,16.68,16.75,16.75,4900
2005-05-16,16.65,16.95,16.53,16.76,16.76,10600
2005-05-17,16.82,16.94,16.53,16.8,16.8,4800
2005-05-18,16.65,16.75,16.4,16.705,16.705,14800
2005-05-19,16.75,16.75,16.46,16.6,16.6,25500
2005-05-20,16.45,16.71,16.45,16.7,16.7,18100
2005-05-23,16.75,16.75,16.6,16.6,16.6,5000
2005-05-24,16.5,16.6,16.36,16.42,16.42,20000
2005-05-25,16.37,16.48,16.35,16.48,16.48,17300
2005-05-26,16.55,16.62,16.41,16.55,16.55,13500
2005-05-27,16.75,16.75,16.69,16.7,16.7,6400
2005-05-31,16.68,17,16.57,16.95,16.95,51800
2005-06-01,16.85,17.04,16.76,16.87,16.87,18000
2005-06-02,16.88,16.94,16.68,16.83,16.83,27000
2005-06-03,16.93,17.2,16.85,16.99,16.99,28200
2005-06-06,17.05,17.2,17.05,17.2,17.2,4900
2005-06-07,17.24,17.3,17.2,17.3,17.3,14400
2005-06-08,17.42,17.45,16.82,16.97,16.97,19600
2005-06-09,16.92,17.14,16.9,17.14,17.14,11800
2005-06-10,17,17.07,16.95,17.02,17.02,5800
2005-06-13,16.95,16.95,16.7,16.8,16.8,18800
2005-06-14,16.75,16.95,16.75,16.85,16.85,13500
2005-06-15,16.75,16.82,16.26,16.47,16.47,25500
2005-06-16,16.3,16.6,16.25,16.41,16.41,33100
2005-06-17,16.45,16.66,16.45,16.51,16.51,13300
2005-06-20,16.56,16.8,16.48,16.62,16.62,19300
2005-06-21,16.75,16.83,16.5,16.82,16.82,19600
2005-06-22,16.76,16.83,16.4,16.76,16.76,23800
2005-06-23,16.82,16.84,16.61,16.69,16.69,12600
2005-06-24,16.65,16.75,16.65,16.75,16.75,4400
2005-06-27,16.98,16.98,16.67,16.8,16.8,20600
2005-06-28,17.05,17.2,16.85,17.09,17.09,25200
2005-06-29,17.09,17.09,16.86,16.88,16.88,5700
2005-06-30,16.92,17.18,16.9,17,17,7600
2005-07-01,16.95,17.15,16.82,17.15,17.15,9200
2005-07-05,17.2,17.38,17.1,17.29,17.29,22600
2005-07-06,17.25,17.4,17.25,17.4,17.4,11100
2005-07-07,17.4,17.4,17.35,17.39,17.39,7300
2005-07-08,17.4,17.44,17.36,17.42,17.42,14200
2005-07-11,17.6,17.7,17.56,17.7,17.7,24400
2005-07-12,17.7,17.7,17.6,17.7,17.7,9900
2005-07-13,17.6,17.8,17.48,17.72,17.72,12600
2005-07-14,17.56,17.65,17.48,17.55,17.55,13200
2005-07-15,17.55,17.69,17.55,17.69,17.69,8400
2005-07-18,17.69,17.82,17.6,17.65,17.65,21100
2005-07-19,17.65,17.85,17.63,17.81,17.81,17600
2005-07-20,17.84,17.84,17.66,17.75,17.75,16800
2005-07-21,17.75,17.75,17.57,17.65,17.65,8600
2005-07-22,17.75,17.75,17.5218,17.67,17.67,18500
2005-07-25,17.67,17.7,17.56,17.61,17.61,10000
2005-07-26,17.7,17.78,17.56,17.61,17.61,11400
2005-07-27,17.69,17.71,17.51,17.57,17.57,27300
2005-07-28,17.7,17.7,17.31,17.38,17.38,22800
2005-07-29,17.46,17.47,17.16,17.24,17.24,19100
2005-08-01,17.24,17.34,17.19,17.34,17.34,17100
2005-08-02,17.2,17.22,17.12,17.15,17.15,22900
2005-08-03,17.27,17.45,17.1,17.1,17.1,21500
2005-08-04,17.28,17.38,17.1,17.38,17.38,17000
2005-08-05,17.5,17.5,17.2,17.5,17.5,9900
2005-08-08,17.4,17.5,17.24,17.34,17.34,21100
2005-08-09,17.4,17.5,17.21,17.47,17.47,7200
2005-08-10,17.32,17.68,17.32,17.51,17.51,12800
2005-08-11,17.65,17.85,17.65,17.73,17.73,7200
2005-08-12,17.66,17.67,17.56,17.6,17.6,3700
2005-08-15,17.57,17.74,17.57,17.74,17.74,14400
2005-08-16,17.68,17.92,17.66,17.71,17.71,10700
2005-08-17,17.71,17.93,17.69,17.832,17.832,17500
2005-08-18,17.92,17.99,17.87,17.98,17.98,14700
2005-08-19,18,18,17.71,17.8,17.8,14100
2005-08-22,17.57,17.97,17.57,17.97,17.97,19000
2005-08-23,17.85,17.95,17.64,17.66,17.66,11100
2005-08-24,17.65,17.68,17.57,17.66,17.66,10600
2005-08-25,17.67,17.72,17.5,17.6,17.6,11500
2005-08-26,17.51,17.75,17.5,17.62,17.62,8200
2005-08-29,17.55,17.99,17.55,17.96,17.96,8600
2005-08-30,17.96,17.99,17.782,17.85,17.85,15800
2005-08-31,17.75,17.9,17.68,17.74,17.74,6100
2005-09-01,17.6,17.65,17.49,17.64,17.64,17900
2005-09-02,17.6,17.7,17.55,17.7,17.7,8300
2005-09-06,17.8,17.89,17.6,17.84,17.84,7700
2005-09-07,17.84,17.9,17.7,17.9,17.9,5800
2005-09-08,17.8,17.9,17.8,17.9,17.9,4000
2005-09-09,17.8,17.9,17.75,17.9,17.9,7100
2005-09-12,17.85,17.9,17.8,17.8,17.8,3600
2005-09-13,17.93,17.93,17.75,17.76,17.76,8200
2005-09-14,17.8,17.84,17.75,17.75,17.75,3600
2005-09-15,17.83,17.84,17.77,17.79,17.79,7100
2005-09-16,17.85,17.85,17.77,17.84,17.84,8500
2005-09-19,17.84,17.84,17.7,17.82,17.82,9900
2005-09-20,17.79,17.84,17.53,17.65,17.65,17800
2005-09-21,17.5,17.55,17.34,17.55,17.55,8800
2005-09-22,17.55,17.59,17.3,17.35,17.35,15500
2005-09-23,17.45,17.5,17,17.2,17.2,15700
2005-09-26,17.19,17.19,16.8,16.98,16.98,22000
2005-09-27,17,17.1,16.41,16.48,16.48,32100
2005-09-28,16.48,16.5,15.75,16.262,16.262,79400
2005-09-29,16.25,16.48,16.15,16.33,16.33,26200
2005-09-30,16.45,16.48,16.24,16.25,16.25,16500
2005-10-03,16.35,16.7,16.35,16.55,16.55,20100
2005-10-04,16.4,16.66,16.38,16.59,16.59,21400
2005-10-05,16.52,16.73,16.42,16.65,16.65,16700
2005-10-06,16.7,16.7,16.5,16.7,16.7,8200
2005-10-07,16.7,16.95,16.6,16.9,16.9,7400
2005-10-10,16.8,16.98,16.75,16.7501,16.7501,13000
2005-10-11,16.82,16.98,16.76,16.95,16.95,8700
2005-10-12,16.85,16.85,16.511,16.6,16.6,10600
2005-10-13,16.56,16.62,16.35,16.62,16.62,13900
2005-10-14,16.46,16.65,16.12,16.16,16.16,20800
2005-10-17,16.12,16.4,16.1,16.21,16.21,16700
2005-10-18,16.2,16.5,16.2,16.3,16.3,12100
2005-10-19,16.2,16.33,16.2,16.26,16.26,7900
2005-10-20,16.15,16.16,15.8,15.88,15.88,24400
2005-10-21,15.95,16.0001,15.77,15.92,15.92,22200
2005-10-24,15.9,15.94,15.8,15.93,15.93,22000
2005-10-25,15.94,15.94,15.5,15.61,15.61,23900
2005-10-26,15.71,15.87,15.6,15.6,15.6,12100
2005-10-27,15.6,15.8,15.41,15.61,15.61,14000
2005-10-28,15.64,15.6499,15.61,15.634,15.634,7000
2005-10-31,15.75,15.75,15.26,15.31,15.31,30200
2005-11-01,15.3,15.6,15.21,15.54,15.54,17800
2005-11-02,15.45,15.67,15.37,15.56,15.56,13100
2005-11-03,15.63,15.81,15.53,15.7,15.7,19000
2005-11-04,15.83,15.83,15.51,15.67,15.67,14200
2005-11-07,15.9,15.96,15.701,15.82,15.82,24600
2005-11-08,15.83,16.05,15.83,16,16,8500
2005-11-09,16.08,16.09,15.97,15.97,15.97,10500
2005-11-10,15.95,16.31,15.88,16.05,16.05,18300
2005-11-11,16.1,16.139,15.992,16.1,16.1,3100
2005-11-14,16.13,16.266,16.07,16.08,16.08,14600
2005-11-15,16.05,16.1899,15.81,15.81,15.81,15300
2005-11-16,16.05,16.27,15.99,16.1,16.1,11500
2005-11-17,16.1,16.29,16.09,16.28,16.28,10900
2005-11-18,16.2,16.4,16.1,16.4,16.4,24100
2005-11-21,16.22,16.6,16.22,16.43,16.43,19200
2005-11-22,16.43,16.6,16.43,16.6,16.6,13300
2005-11-23,16.6,16.7,16.3,16.36,16.36,17000
2005-11-25,16.22,16.6,16.22,16.6,16.6,3200
2005-11-28,16.73,16.8,16.39,16.8,16.8,16400
2005-11-29,16.7,16.7,16.1,16.27,16.27,22800
2005-11-30,16.35,16.6,16.3101,16.4372,16.4372,20700
2005-12-01,16.3,16.54,16.27,16.33,16.33,14200
2005-12-02,16.3,16.3,15.93,15.98,15.98,18200
2005-12-05,16,16.09,15.75,16.09,16.09,22900
2005-12-06,16.25,16.25,15.88,15.88,15.88,16600
2005-12-07,15.93,16.09,15.77,15.77,15.77,13200
2005-12-08,15.77,15.94,15.76,15.94,15.94,5000
2005-12-09,16.1,16.25,15.8,16.17,16.17,15200
2005-12-12,15.8,15.9,15.63,15.63,15.63,36400
2005-12-13,15.63,15.66,15.37,15.4,15.4,35900
2005-12-14,15.42,15.82,15.42,15.46,15.46,18600
2005-12-15,15.44,16,15.4,16,16,47200
2005-12-16,16,16.05,16,16.04,16.04,32000
2005-12-19,16.05,16.2,15.81,16.2,16.2,35900
2005-12-20,16.18,16.2,16.03,16.03,16.03,13900
2005-12-21,16.05,16.2,16.05,16.19,16.19,9500
2005-12-22,16.19,16.19,15.9,16.03,16.03,12100
2005-12-23,16.01,16.19,15.92,16.11,16.11,10300
2005-12-27,16.05,16.19,16,16.1,16.1,31900
2005-12-28,16.02,16.19,16.02,16.041,16.041,8000
2005-12-29,16.19,16.2499,15.72,16.03,16.03,20600
2005-12-30,16.08,16.1499,16,16.09,16.09,30300
2006-01-03,16.05,16.14,15.99,16.14,16.14,13000
2006-01-04,16.15,16.3499,16.15,16.15,16.15,16300
2006-01-05,16.07,16.2,16.01,16.15,16.15,13500
2006-01-06,16.15,16.4,16.11,16.38,16.38,15400
2006-01-09,16.54,16.69,16.4,16.69,16.69,18000
2006-01-10,16.7,16.839,16.5,16.839,16.839,22400
2006-01-11,16.85,16.85,16.66,16.7399,16.7399,14600
2006-01-12,16.65,16.65,16.38,16.52,16.52,35100
2006-01-13,16.55,16.58,16.32,16.35,16.35,21100
2006-01-17,16.26,16.3399,16.15,16.29,16.29,32800
2006-01-18,16.2,16.34,16.2,16.32,16.32,14900
2006-01-19,16.43,16.77,16.371,16.75,16.75,16900
2006-01-20,16.48,16.8,16.48,16.7,16.7,12200
2006-01-23,16.73,16.75,16.66,16.75,16.75,8900
2006-01-24,16.73,16.92,16.62,16.87,16.87,12300
2006-01-25,16.76,16.999,16.75,16.83,16.83,19100
2006-01-26,16.95,17,16.81,16.94,16.94,7100
2006-01-27,16.86,16.9699,16.85,16.86,16.86,7100
2006-01-30,16.88,16.88,16.81,16.84,16.84,13400
2006-01-31,16.89,16.89,16.8,16.89,16.89,9400
2006-02-01,16.95,17,16.86,16.88,16.88,6900
2006-02-02,16.98,16.98,16.82,16.94,16.94,8700
2006-02-03,16.9,16.9999,16.82,16.87,16.87,5200
2006-02-06,16.84,16.99,16.811,16.88,16.88,13000
2006-02-07,16.93,16.93,16.81,16.86,16.86,9900
2006-02-08,16.82,16.88,16.8,16.81,16.81,4600
2006-02-09,16.88,16.89,16.7,16.76,16.76,11800
2006-02-10,16.72,16.88,16.7101,16.8,16.8,14700
2006-02-13,16.8,16.86,16.75,16.81,16.81,8200
2006-02-14,16.81,16.93,16.75,16.85,16.85,9300
2006-02-15,16.73,16.84,16.73,16.84,16.84,11800
2006-02-16,16.8,16.8,16.65,16.72,16.72,10200
2006-02-17,16.56,16.69,16.56,16.69,16.69,14900
2006-02-21,16.7,16.7,16.55,16.57,16.57,20600
2006-02-22,16.58,16.67,16.56,16.56,16.56,12000
2006-02-23,16.62,16.67,16.51,16.59,16.59,12000
2006-02-24,16.57,16.6,16.54,16.59,16.59,6500
2006-02-27,16.7,16.89,16.65,16.79,16.79,17900
2006-02-28,16.84,16.84,16.55,16.65,16.65,14900
2006-03-01,16.75,16.8,16.6496,16.79,16.79,7600
2006-03-02,16.7,16.8,16.7,16.75,16.75,5100
2006-03-03,16.84,16.95,16.74,16.91,16.91,28300
2006-03-06,16.8,16.93,16.76,16.76,16.76,18700
2006-03-07,16.75,16.75,16.34,16.34,16.34,26100
2006-03-08,16.48,16.49,15.92,15.92,15.92,16600
2006-03-09,16.05,16.33,16,16.33,16.33,30900
2006-03-10,16.34,16.5,16.34,16.37,16.37,7400
2006-03-13,16.22,16.4,16.06,16.06,16.06,23700
2006-03-14,16.06,16.06,15.95,15.96,15.96,16100
2006-03-15,15.97,15.99,15.9001,15.95,15.95,10800
2006-03-16,15.95,16.17,15.91,16.09,16.09,33200
2006-03-17,16.32,16.32,16.01,16.19,16.19,16800
2006-03-20,16.38,16.4,16.27,16.3,16.3,28800
2006-03-21,16.3,16.4,16.01,16.06,16.06,14200
2006-03-22,15.97,16.25,15.83,16,16,19300
2006-03-23,16.16,16.18,15.87,15.91,15.91,17900
2006-03-24,15.91,16.07,15.91,16.07,16.07,10300
2006-03-27,16.01,16.12,15.82,15.86,15.86,18300
2006-03-28,15.86,16.17,15.86,16.17,16.17,10200
2006-03-29,16,16.12,15.88,16.06,16.06,7700
2006-03-30,16.25,16.25,15.84,16.03,16.03,12800
2006-03-31,16.13,16.13,15.9,16.08,16.08,14800
2006-04-03,16,16.14,15.9,16,16,10800
2006-04-04,15.92,16.1,15.9,15.92,15.92,10600
2006-04-05,16.05,16.05,15.89,16,16,6500
2006-04-06,15.95,16.09,15.83,15.98,15.98,7800
2006-04-07,15.99,15.99,15.82,15.95,15.95,16400
2006-04-10,15.83,15.95,15.81,15.84,15.84,20100
2006-04-11,15.91,15.91,15.81,15.87,15.87,16200
2006-04-12,15.88,15.88,15.81,15.87,15.87,5700
2006-04-13,15.82,15.87,15.56,15.64,15.64,25400
2006-04-17,15.56,15.6,15.21,15.24,15.24,34500
2006-04-18,15.28,15.58,15.28,15.55,15.55,32000
2006-04-19,15.52,15.55,15.26,15.5,15.5,14900
2006-04-20,15.42,15.54,15.39,15.54,15.54,12300
2006-04-21,15.37,15.45,15.27,15.38,15.38,21100
2006-04-24,15.48,15.48,15.29,15.37,15.37,27400
2006-04-25,15.47,15.55,15.31,15.4,15.4,13000
2006-04-26,15.5,15.5,15.31,15.46,15.46,23000
2006-04-27,15.4,15.55,15.4,15.55,15.55,13200
2006-04-28,15.59,15.6,15.42,15.55,15.55,12900
2006-05-01,15.6,15.6,15.46,15.55,15.55,12900
2006-05-02,15.44,15.9,15.44,15.72,15.72,13800
2006-05-03,16.22,16.22,15.75,15.85,15.85,26000
2006-05-04,15.7,16.06,15.52,15.78,15.78,17600
2006-05-05,15.97,15.97,15.5,15.63,15.63,15600
2006-05-08,15.47,15.66,15.47,15.66,15.66,14800
2006-05-09,15.79,15.79,15.55,15.64,15.64,17200
2006-05-10,15.68,15.89,15.57,15.74,15.74,19400
2006-05-11,15.74,15.87,15.68,15.79,15.79,29000
2006-05-12,15.67,15.8,15.67,15.74,15.74,11000
2006-05-15,15.88,15.9,15.76,15.88,15.88,25600
2006-05-16,15.9,16.2,15.85,16.19,16.19,21500
2006-05-17,16.63,16.63,16.046,16.1,16.1,26800
2006-05-18,16.25,16.3,15.87,15.91,15.91,8600
2006-05-19,15.74,15.85,15.62,15.65,15.65,31100
2006-05-22,15.6,15.67,15.33,15.3601,15.3601,35800
2006-05-23,15.48,15.52,15.3,15.45,15.45,19500
2006-05-24,15.58,15.58,15.15,15.25,15.25,49800
2006-05-25,15.27,15.38,15.2,15.38,15.38,12800
2006-05-26,15.38,15.43,15.22,15.43,15.43,14400
2006-05-30,15.44,15.68,15.38,15.56,15.56,18200
2006-05-31,15.7,15.7199,15.55,15.55,15.55,18500
2006-06-01,15.47,15.67,15.47,15.67,15.67,12800
2006-06-02,15.6,15.6901,15.48,15.54,15.54,21400
2006-06-05,15.53,15.66,15.5,15.53,15.53,15000
2006-06-06,15.56,15.62,15.43,15.43,15.43,18000
2006-06-07,15.55,15.58,15.4,15.4,15.4,16800
2006-06-08,15.4,15.45,15.33,15.33,15.33,10000
2006-06-09,15.31,15.35,15.21,15.21,15.21,7800
2006-06-12,15.21,15.28,15.16,15.16,15.16,13200
2006-06-13,15.15,15.2,15,15,15,26000
2006-06-14,14.91,14.97,14.86,14.9,14.9,30000
2006-06-15,14.93,15.14,14.9101,15.14,15.14,26300
2006-06-16,15.18,15.26,15.15,15.26,15.26,25900
2006-06-19,15.27,15.3499,15.18,15.28,15.28,10700
2006-06-20,15.25,15.35,15.25,15.3,15.3,7900
2006-06-21,15.2,15.34,15.2,15.25,15.25,10000
2006-06-22,15.25,15.3,15.2,15.2,15.2,14500
2006-06-23,15.2,15.29,15.2,15.26,15.26,13200
2006-06-26,15.26,15.27,15.2,15.23,15.23,6000
2006-06-27,15.24,15.29,15.2,15.2,15.2,9200
2006-06-28,15.21,15.26,15.17,15.17,15.17,9500
2006-06-29,15.17,15.28,15.15,15.28,15.28,4200
2006-06-30,15.15,16,15.11,15.1901,15.1901,15300
2006-07-03,15.22,15.295,15.18,15.19,15.19,7100
2006-07-05,15.23,15.25,15.1,15.23,15.23,13500
2006-07-06,15.15,15.18,15.05,15.05,15.05,14300
2006-07-07,15.12,15.15,15.07,15.08,15.08,7500
2006-07-10,15.06,15.14,15.06,15.09,15.09,15400
2006-07-11,15.09,15.14,15.08,15.1,15.1,14600
2006-07-12,15.13,15.14,15.1,15.14,15.14,7800
2006-07-13,15.1,15.25,15.1,15.25,15.25,14600
2006-07-14,15.25,15.25,15.12,15.19,15.19,13100
2006-07-17,15.19,15.3,15.13,15.3,15.3,32400
2006-07-18,15.26,15.35,15.26,15.35,15.35,9700
2006-07-19,15.45,15.54,15.31,15.44,15.44,23400
2006-07-20,15.35,15.49,15.31,15.39,15.39,10500
2006-07-21,15.32,15.65,15.32,15.65,15.65,9500
2006-07-24,15.65,15.89,15.65,15.84,15.84,16100
2006-07-25,15.85,15.9,15.8,15.85,15.85,18000
2006-07-26,15.83,15.9,15.83,15.9,15.9,10100
2006-07-27,15.95,15.95,15.8101,15.94,15.94,6100
2006-07-28,15.95,15.9825,15.71,15.95,15.95,17400
2006-07-31,15.99,16,15.71,15.73,15.73,23100
2006-08-01,15.78,15.89,15.7,15.81,15.81,11600
2006-08-02,15.92,15.93,15.76,15.87,15.87,15200
2006-08-03,15.98,15.98,15.7,15.87,15.87,22900
2006-08-04,15.95,16,15.9101,15.9899,15.9899,12200
2006-08-07,15.98,16.03,15.96,16,16,12700
2006-08-08,16.03,16.04,15.95,15.97,15.97,11700
2006-08-09,16.03,16.05,15.88,16,16,11200
2006-08-10,16.12,16.14,16.0601,16.1,16.1,7500
2006-08-11,16.06,16.13,15.85,16.1,16.1,16600
2006-08-14,16.1,16.14,15.96,16.05,16.05,8800
2006-08-15,16.03,16.17,15.97,16.01,16.01,7800
2006-08-16,16.13,16.1399,15.95,16.03,16.03,7900
2006-08-17,16.13,16.13,15.98,16.02,16.02,13600
2006-08-18,16.1,16.1,15.95,16.07,16.07,8100
2006-08-21,16.09,16.17,16.05,16.13,16.13,8300
2006-08-22,16.16,16.2,16.11,16.2,16.2,14300
2006-08-23,16.24,16.4,16.1,16.23,16.23,35800
2006-08-24,16.23,16.25,16.2,16.21,16.21,20300
2006-08-25,16.25,16.25,16.16,16.19,16.19,31600
2006-08-28,16.38,16.65,16.31,16.64,16.64,39400
2006-08-29,16.65,16.65,16.44,16.65,16.65,17600
2006-08-30,16.65,16.74,16.55,16.64,16.64,12000
2006-08-31,16.75,16.79,16.32,16.51,16.51,24800
2006-09-01,16.6,16.72,16.6,16.64,16.64,11300
2006-09-05,16.75,16.7799,16.61,16.71,16.71,12800
2006-09-06,16.72,16.79,16.5,16.5,16.5,21100
2006-09-07,16.35,16.5125,16.3,16.36,16.36,21700
2006-09-08,16.26,16.5,16.26,16.45,16.45,20200
2006-09-11,16.48,16.59,16.4,16.5899,16.5899,12800
2006-09-12,16.6,16.67,16.5,16.67,16.67,9600
2006-09-13,16.55,16.74,16.45,16.53,16.53,12400
2006-09-14,16.35,16.51,16.35,16.39,16.39,12000
2006-09-15,16.4,16.5,16.37,16.4799,16.4799,8000
2006-09-18,16.45,16.5,16.29,16.29,16.29,11900
2006-09-19,16.35,16.45,16.35,16.35,16.35,6500
2006-09-20,16.33,16.5,16.33,16.4999,16.4999,11000
2006-09-21,16.36,16.5,16.36,16.5,16.5,7900
2006-09-22,16.4,16.45,16.34,16.38,16.38,8200
2006-09-25,16.3,16.47,16.3,16.3877,16.3877,8600
2006-09-26,16.49,16.5,16.33,16.47,16.47,16300
2006-09-27,16.47,16.48,16.47,16.48,16.48,1500
2006-09-28,16.48,16.5299,16.46,16.5,16.5,2100
2006-09-29,16.54,16.55,16.49,16.51,16.51,5500
2006-10-02,16.53,16.75,16.53,16.69,16.69,13600
2006-10-03,16.75,16.8,16.56,16.56,16.56,17200
2006-10-04,16.57,16.7,16.5,16.55,16.55,17400
2006-10-05,16.59,16.76,16.59,16.68,16.68,7300
2006-10-06,16.78,16.78,16.68,16.78,16.78,9300
2006-10-09,16.78,16.78,16.65,16.65,16.65,8600
2006-10-10,16.65,16.78,16.65,16.74,16.74,8900
2006-10-11,16.7,16.84,16.66,16.7,16.7,15000
2006-10-12,16.7,16.7,16.5028,16.51,16.51,9200
2006-10-13,16.5,16.65,16.5,16.51,16.51,8000
2006-10-16,16.5,16.59,16.5,16.57,16.57,13600
2006-10-17,16.47,16.58,16.47,16.56,16.56,9000
2006-10-18,16.56,16.75,16.56,16.75,16.75,12700
2006-10-19,16.65,16.75,16.62,16.68,16.68,6800
2006-10-20,16.52,16.68,16.47,16.62,16.62,12400
2006-10-23,16.53,16.7,16.53,16.5501,16.5501,10700
2006-10-24,16.69,16.79,16.56,16.6,16.6,20300
2006-10-25,16.7,16.78,16.63,16.72,16.72,8200
2006-10-26,16.76,16.77,16.62,16.7,16.7,17000
2006-10-27,16.62,16.7,16.6,16.61,16.61,3500
2006-10-30,16.6,16.63,16.46,16.59,16.59,12800
2006-10-31,16.53,16.59,16.5,16.55,16.55,12400
2006-11-01,16.48,16.63,16.48,16.6,16.6,12200
2006-11-02,16.51,16.78,16.51,16.6,16.6,17100
2006-11-03,16.7,16.78,16.6,16.64,16.64,6800
2006-11-06,16.64,16.97,16.63,16.87,16.87,18300
2006-11-07,16.87,16.93,16.7,16.79,16.79,6400
2006-11-08,16.79,16.9399,16.62,16.62,16.62,12100
2006-11-09,16.7,16.75,16.62,16.63,16.63,12300
2006-11-10,16.63,16.75,16.63,16.75,16.75,10200
2006-11-13,16.74,16.78,16.65,16.68,16.68,5800
2006-11-14,16.75,16.92,16.7,16.73,16.73,7200
2006-11-15,16.72,16.72,16.6,16.61,16.61,9000
2006-11-16,16.67,16.68,16.6,16.6,16.6,6300
2006-11-17,16.6,16.9,16.6,16.85,16.85,16700
2006-11-20,16.8,16.9,16.67,16.84,16.84,9000
2006-11-21,16.87,16.94,16.7801,16.94,16.94,12100
2006-11-22,16.92,16.95,16.83,16.95,16.95,11600
2006-11-24,16.9,16.97,16.9,16.97,16.97,2800
2006-11-27,16.95,17,16.75,16.92,16.92,15700
2006-11-28,16.9,16.99,16.76,16.9,16.9,10800
2006-11-29,16.78,16.98,16.7501,16.98,16.98,11000
2006-11-30,16.98,17,16.88,16.98,16.98,8800
2006-12-01,16.8,16.98,16.73,16.76,16.76,18600
2006-12-04,16.68,16.84,16.68,16.84,16.84,17400
2006-12-05,16.76,16.85,16.72,16.83,16.83,21600
2006-12-06,16.85,16.85,16.66,16.78,16.78,10900
2006-12-07,16.69,16.9,16.69,16.9,16.9,7400
2006-12-08,16.92,16.95,16.86,16.93,16.93,10700
2006-12-11,16.86,16.89,16.77,16.89,16.89,4900
2006-12-12,16.8,16.93,16.5,16.69,16.69,27300
2006-12-13,16.75,16.75,16.65,16.72,16.72,8400
2006-12-14,16.76,16.76,16.62,16.76,16.76,15500
2006-12-15,16.76,16.95,16.76,16.89,16.89,10800
2006-12-18,16.89,16.9,16.7801,16.8899,16.8899,10700
2006-12-19,16.9,16.9,16.73,16.75,16.75,6100
2006-12-20,16.53,16.9399,16.41,16.81,16.81,17600
2006-12-21,16.77,16.8499,16.34,16.7,16.7,19800
2006-12-22,16.58,16.9,16.56,16.82,16.82,14900
2006-12-26,16.88,16.95,16.8501,16.9499,16.9499,8600
2006-12-27,16.89,16.93,16.75,16.85,16.85,3900
2006-12-28,16.9,16.94,16.78,16.9399,16.9399,11900
2006-12-29,16.93,16.95,16.84,16.86,16.86,5100
2007-01-03,16.78,17,16.53,16.92,16.92,19300
2007-01-04,16.95,16.98,16.81,16.85,16.85,14000
2007-01-05,16.86,17,16.71,16.99,16.99,21900
2007-01-08,17,17.14,16.65,16.82,16.82,14100
2007-01-09,16.75,17.4,16.51,17.22,17.22,16900
2007-01-10,17.22,17.5,16.96,17.38,17.38,11700
2007-01-11,17.38,17.4,17.01,17.29,17.29,10500
2007-01-12,17.31,17.32,17.09,17.32,17.32,12300
2007-01-16,17.3,17.32,16.92,17.32,17.32,27900
2007-01-17,17.32,17.32,17.2,17.25,17.25,8600
2007-01-18,17.2401,17.38,17,17.2,17.2,20600
2007-01-19,17.29,17.35,17.1,17.35,17.35,11600
2007-01-22,17.39,17.4,17.1,17.24,17.24,21500
2007-01-23,17.27,17.38,17.1,17.2101,17.2101,10600
2007-01-24,17.34,17.74,17.23,17.65,17.65,21200
2007-01-25,17.72,17.72,17.45,17.68,17.68,11500
2007-01-26,17.72,17.75,17.4,17.5,17.5,10100
2007-01-29,17.35,17.5701,17.15,17.3,17.3,15900
2007-01-30,17.2,17.3799,17.2,17.25,17.25,5500
2007-01-31,17.3,17.3,17.2,17.2,17.2,3200
2007-02-01,17.16,17.48,17.03,17.3,17.3,27900
2007-02-02,17.22,17.4,17.16,17.3,17.3,14200
2007-02-05,17.31,17.35,17.2,17.33,17.33,12000
2007-02-06,17.25,17.5,17.17,17.22,17.22,9400
2007-02-07,17.19,17.49,17.17,17.35,17.35,21400
2007-02-08,17.33,17.34,17.16,17.21,17.21,10800
2007-02-09,17.21,17.29,17.17,17.2899,17.2899,10400
2007-02-12,17.17,17.2492,17.16,17.16,17.16,4500
2007-02-13,17.16,17.35,17.1,17.229,17.229,9064
2007-02-14,17.14,17.23,17.1201,17.17,17.17,11200
2007-02-15,17.18,17.3,17.18,17.3,17.3,10100
2007-02-16,17.13,17.2,17.11,17.2,17.2,6400
2007-02-20,17.11,17.28,17.11,17.16,17.16,9100
2007-02-21,17.15,17.2,17.09,17.18,17.18,8400
2007-02-22,17.28,17.35,17.16,17.35,17.35,12700
2007-02-23,17.35,17.35,17.15,17.35,17.35,4700
2007-02-26,17.21,17.28,17.13,17.23,17.23,15600
2007-02-27,17.2,17.23,17.15,17.23,17.23,6500
2007-02-28,17.23,17.3,17.1,17.25,17.25,5900
2007-03-01,17.25,17.3,17.11,17.18,17.18,8500
2007-03-02,17.2,17.28,17,17.04,17.04,25700
2007-03-05,17,17.0499,16.91,16.91,16.91,7300
2007-03-06,16.91,16.979,16.81,16.82,16.82,19000
2007-03-07,16.82,16.82,16.57,16.65,16.65,21300
2007-03-08,16.7,16.9,16.7,16.9,16.9,23700
2007-03-09,16.95,16.95,16.75,16.8996,16.8996,5100
2007-03-12,16.95,17,16.85,17,17,9600
2007-03-13,17,17,16.7601,16.77,16.77,11400
2007-03-14,16.87,16.95,16.76,16.78,16.78,3900
2007-03-15,16.73,16.85,16.73,16.84,16.84,7500
2007-03-16,16.85,16.95,16.8001,16.82,16.82,7900
2007-03-19,16.95,17,16.81,16.8699,16.8699,6800
2007-03-20,16.88,16.98,16.83,16.9499,16.9499,10300
2007-03-21,16.88,17.16,16.88,16.989,16.989,8000
2007-03-22,16.94,17.24,16.84,16.88,16.88,24100
2007-03-23,16.81,17.172,16.81,17.172,17.172,19300
2007-03-26,17.15,17.25,17.15,17.25,17.25,6700
2007-03-27,17.16,17.24,17.15,17.18,17.18,7300
2007-03-28,17.15,17.211,17.15,17.21,17.21,6700
2007-03-29,17.17,17.3,17.1,17.17,17.17,15200
2007-03-30,17.19,17.19,17.01,17.0899,17.0899,11900
2007-04-02,17,17.2,16.9,17.2,17.2,12200
2007-04-03,17.3,17.33,17.15,17.2,17.2,8500
2007-04-04,17.3,17.5,17.2,17.5,17.5,17800
2007-04-05,17.45,17.5,17.3,17.5,17.5,5600
2007-04-09,17.54,17.6,17.4,17.4,17.4,15600
2007-04-10,17.4,17.4,17.35,17.35,17.35,8600
2007-04-11,17.15,17.35,17.15,17.2,17.2,11300
2007-04-12,17.2,17.2,16.92,17.1799,17.1799,20100
2007-04-13,17.22,17.222,17.06,17.06,17.06,7300
2007-04-16,17.05,17.15,17,17,17,6600
2007-04-17,17,17.05,16.93,17.01,17.01,11000
2007-04-18,16.91,17.1,16.91,16.99,16.99,14600
2007-04-19,17.03,17.1,16.85,16.9099,16.9099,13200
2007-04-20,16.92,17.05,16.91,17.05,17.05,8100
2007-04-23,17.1,17.11,17.0008,17.01,17.01,3600
2007-04-24,17,17.1,16.9501,16.99,16.99,12300
2007-04-25,17,17.12,16.82,16.91,16.91,15300
2007-04-26,16.82,17.1,16.82,16.82,16.82,18800
2007-04-27,16.85,16.98,16.76,16.86,16.86,11000
2007-04-30,16.77,16.9,16.63,16.64,16.64,21100
2007-05-01,16.62,16.692,16.52,16.55,16.55,16000
2007-05-02,16.58,16.58,16.45,16.45,16.45,13700
2007-05-03,16.45,16.51,16.38,16.481,16.481,12200
2007-05-04,16.4,16.54,16.35,16.42,16.42,22500
2007-05-07,16.36,16.53,16.36,16.4,16.4,11000
2007-05-08,16.37,16.38,16.33,16.3501,16.3501,8500
2007-05-09,16.42,16.54,16.32,16.53,16.53,15200
2007-05-10,16.4,17.1,16.34,16.37,16.37,60800
2007-05-11,16.39,16.49,15.81,16.05,16.05,66700
2007-05-14,16.01,16.15,16.01,16.06,16.06,15700
2007-05-15,16.07,16.24,16.05,16.24,16.24,15700
2007-05-16,16.22,16.24,15.98,16.05,16.05,12300
2007-05-17,16.15,16.1699,16.03,16.1299,16.1299,4800
2007-05-18,16.16,16.18,16.01,16.09,16.09,10500
2007-05-21,16.02,16.0201,15.92,16,16,15500
2007-05-22,16.1,16.1,15.85,16.0494,16.0494,22200
2007-05-23,16.01,16.07,15.85,16.03,16.03,29400
2007-05-24,16.12,16.15,15.92,15.99,15.99,14500
2007-05-25,16.1,16.1,15.82,16.04,16.04,9900
2007-05-29,16.07,16.14,16.01,16.12,16.12,12200
2007-05-30,16,16.0899,15.92,16,16,16100
2007-05-31,16,16.04,15.91,16,16,16400
2007-06-01,16.04,16.25,16,16.25,16.25,15300
2007-06-04,16.35,16.35,15.96,16.1006,16.1006,20000
2007-06-05,16.19,16.3,16.0601,16.28,16.28,16300
2007-06-06,16.13,16.25,16.01,16.16,16.16,15600
2007-06-07,16.15,16.19,15.93,16,16,22600
2007-06-08,15.96,16,15.9,15.99,15.99,13700
2007-06-11,16.04,16.18,16.04,16.11,16.11,8800
2007-06-12,16.25,16.25,15.92,16.12,16.12,23800
2007-06-13,16.02,16.35,15.92,16.13,16.13,38400
2007-06-14,16.28,16.34,16.04,16.1901,16.1901,10800
2007-06-15,16.24,16.5,16.1988,16.4217,16.4217,12800
2007-06-18,16.4,16.62,16.38,16.5499,16.5499,24200
2007-06-19,16.56,16.74,16.54,16.601,16.601,20000
2007-06-20,16.59,16.59,16.28,16.4,16.4,12300
2007-06-21,16.37,16.49,16.09,16.37,16.37,16400
2007-06-22,16.47,16.5301,16.19,16.45,16.45,13900
2007-06-25,16.49,16.49,16.06,16.29,16.29,28500
2007-06-26,16.23,16.33,16.17,16.25,16.25,5700
2007-06-27,16.26,16.36,16.06,16.26,16.26,12900
2007-06-28,16.06,16.3,16.05,16.28,16.28,11500
2007-06-29,16.29,16.35,16.08,16.13,16.13,14900
2007-07-02,16.1,16.2,15.86,15.94,15.94,21100
2007-07-03,15.81,15.9,15.7582,15.8,15.8,13100
2007-07-05,15.76,15.86,15.5,15.76,15.76,21200
2007-07-06,15.7,16.2,15.5,15.74,15.74,20300
2007-07-09,15.62,15.75,15.62,15.65,15.65,18400
2007-07-10,15.65,15.7018,15.45,15.56,15.56,12400
2007-07-11,15.61,15.69,15.37,15.65,15.65,16500
2007-07-12,15.68,15.68,15.51,15.55,15.55,23900
2007-07-13,15.69,16.15,15.5,15.53,15.53,40600
2007-07-16,15.45,15.71,15.3,15.37,15.37,25900
2007-07-17,15.7,15.7,15.31,15.47,15.47,21200
2007-07-18,15.4,15.63,15.32,15.6199,15.6199,11900
2007-07-19,15.6,15.69,15.38,15.46,15.46,13500
2007-07-20,15.28,15.39,15.271,15.38,15.38,10600
2007-07-23,15.31,15.36,15.06,15.25,15.25,37100
2007-07-24,15.08,15.19,15,15.05,15.05,40300
2007-07-25,15.14,15.56,14.75,15.31,15.31,50100
2007-07-26,15.19,15.5,15.171,15.32,15.32,16700
2007-07-27,15.26,15.78,15.26,15.78,15.78,23900
2007-07-30,15.8,15.94,15.54,15.85,15.85,26900
2007-07-31,15.77,15.95,15.75,15.94,15.94,9200
2007-08-01,15.99,15.99,15.56,15.63,15.63,16900
2007-08-02,15.55,15.63,15.5,15.63,15.63,8000
2007-08-03,15.74,15.74,15.55,15.59,15.59,8200
2007-08-06,15.73,15.73,15.14,15.5,15.5,27300
2007-08-07,15.33,15.43,15.11,15.28,15.28,8200
2007-08-08,15.2,15.41,15.05,15.23,15.23,10600
2007-08-09,15.25,15.35,15.11,15.33,15.33,8400
2007-08-10,15.17,15.2999,14.74,14.85,14.85,25500
2007-08-13,14.85,14.85,13.85,14.03,14.03,62800
2007-08-14,13.95,14.02,13.31,13.68,13.68,48000
2007-08-15,13.4,13.98,12.93,13.15,13.15,50900
2007-08-16,12.75,12.83,11.1,12.44,12.44,85300
2007-08-17,12.95,15.75,12.66,13.72,13.72,62600
2007-08-20,13.9,14.16,13.51,13.8,13.8,32400
2007-08-21,14.14,14.48,14.01,14.4799,14.4799,24100
2007-08-22,14.49,14.49,14.2732,14.42,14.42,13100
2007-08-23,14.47,14.5402,14.08,14.1101,14.1101,21800
2007-08-24,14.37,14.49,14.37,14.41,14.41,20500
2007-08-27,14.6,14.69,14.31,14.5,14.5,16400
2007-08-28,14.4,14.45,14.17,14.17,14.17,9400
2007-08-29,14.2,14.5,14.2,14.5,14.5,13400
2007-08-30,14.67,14.67,14.02,14.26,14.26,18100
2007-08-31,14.9,14.9,14.09,14.13,14.13,26200
2007-09-04,14.22,14.54,14,14.429,14.429,22500
2007-09-05,14.28,14.45,14.25,14.37,14.37,12300
2007-09-06,14.3,14.45,14.19,14.4499,14.4499,13100
2007-09-07,14.44,14.45,14.15,14.45,14.45,9100
2007-09-10,14.3,14.45,14.15,14.2599,14.2599,11600
2007-09-11,14.35,14.4399,14.17,14.328,14.328,8800
2007-09-12,14.44,14.44,14.15,14.3399,14.3399,6600
2007-09-13,14.32,14.45,14.22,14.44,14.44,12800
2007-09-14,14.43,14.44,14.27,14.44,14.44,11300
2007-09-17,14.35,14.65,14.16,14.55,14.55,9400
2007-09-18,14.51,14.6001,14.19,14.576,14.576,21900
2007-09-19,14.7,14.7,14.2864,14.476,14.476,22600
2007-09-20,14.47,14.52,14.35,14.5,14.5,10700
2007-09-21,14.42,14.8,14.42,14.79,14.79,15800
2007-09-24,14.65,14.7,14.5,14.67,14.67,20100
2007-09-25,14.69,14.95,14.51,14.92,14.92,14000
2007-09-26,14.82,14.91,14.52,14.52,14.52,14700
2007-09-27,14.6,14.601,14.5,14.6,14.6,18000
2007-09-28,14.51,14.7075,14.51,14.6999,14.6999,32500
2007-10-01,14.78,14.9,14.65,14.7599,14.7599,12900
2007-10-02,14.63,14.67,14.5,14.51,14.51,13300
2007-10-03,14.51,14.66,14.4,14.6,14.6,12600
2007-10-04,14.65,14.89,14.55,14.8,14.8,17200
2007-10-05,14.97,14.97,14.65,14.83,14.83,22700
2007-10-08,14.88,14.94,14.66,14.7701,14.7701,19700
2007-10-09,14.62,14.65,14.5,14.57,14.57,47800
2007-10-10,14.5,14.56,14.4,14.48,14.48,34100
2007-10-11,14.52,14.52,14.01,14.12,14.12,51100
2007-10-12,14.13,14.15,14.02,14.09,14.09,25700
2007-10-15,14.13,14.2499,14.07,14.23,14.23,21600
2007-10-16,14.12,14.22,14,14.14,14.14,28600
2007-10-17,14.15,14.28,13.77,13.79,13.79,30900
2007-10-18,13.76,13.9,13.56,13.9,13.9,24500
2007-10-19,13.94,13.96,13.9,13.93,13.93,26400
2007-10-22,13.98,14.26,13.9,14,14,31700
2007-10-23,14,14.05,13.68,13.8,13.8,42300
2007-10-24,13.8,14.04,13.61,13.91,13.91,49400
2007-10-25,13.81,14.15,13.81,14.12,14.12,19800
2007-10-26,14.05,14.2,13.92,14.03,14.03,12900
2007-10-29,13.93,14.02,13.63,13.788,13.788,30000
2007-10-30,13.75,13.866,13.7,13.8,13.8,16900
2007-10-31,13.85,13.9,13.7,13.71,13.71,27900
2007-11-01,13.65,13.7386,13.02,13.55,13.55,51700
2007-11-02,13.55,13.58,13.24,13.409,13.409,21300
2007-11-05,13.5,13.5,12.66,12.94,12.94,64700
2007-11-06,12.05,12.85,12.05,12.84,12.84,52406
2007-11-07,12.5,12.74,12.23,12.23,12.23,107102
2007-11-08,12.1,12.3499,12.1,12.3,12.3,62200
2007-11-09,12.3,12.33,12.06,12.21,12.21,49400
2007-11-12,12.1,12.35,12.1,12.25,12.25,55300
2007-11-13,12.34,12.57,12.29,12.57,12.57,19500
2007-11-14,12.5,12.82,12.47,12.5501,12.5501,33300
2007-11-15,12.55,12.8,12.55,12.75,12.75,42200
2007-11-16,12.57,12.8,12.55,12.63,12.63,48800
2007-11-19,13.8,13.8,12.25,12.26,12.26,70218
2007-11-20,12,12.38,11.76,11.92,11.92,66700
2007-11-21,11.53,12.46,11.41,11.71,11.71,81000
2007-11-23,11.72,12.16,11.72,12.15,12.15,6500
2007-11-26,12.5,12.5,12,12,12,40100
2007-11-27,11.9,12.25,11.9,12.05,12.05,51900
2007-11-28,12.15,12.39,12.0799,12.31,12.31,22100
2007-11-29,12.26,12.5,12.05,12.11,12.11,46000
2007-11-30,12.41,12.58,12.3,12.41,12.41,44500
2007-12-03,11.52,12.8,11.52,12.7999,12.7999,54001
2007-12-04,12.48,12.8,12.23,12.32,12.32,50706
2007-12-05,12.45,12.45,12.1,12.1201,12.1201,37200
2007-12-06,12.01,12.36,12,12.36,12.36,59000
2007-12-07,12.2,12.24,12.03,12.15,12.15,37800
2007-12-10,12.18,12.25,12.06,12.2,12.2,26300
2007-12-11,12.1,12.31,12,12.01,12.01,78500
2007-12-12,12.02,12.19,11.8,11.92,11.92,50600
2007-12-13,11.93,11.93,11.63,11.83,11.83,29700
2007-12-14,11.7,11.83,11.54,11.68,11.68,84200
2007-12-17,11.61,11.87,11.3,11.4497,11.4497,78700
2007-12-18,11.66,11.66,11.328,11.57,11.57,108900
2007-12-19,11.48,11.78,11.39,11.54,11.54,55810
2007-12-20,11.54,11.67,11.44,11.65,11.65,76000
2007-12-21,11.7499,12,11.66,11.96,11.96,66443
2007-12-24,11.8,12.15,11.71,11.88,11.88,48805
2007-12-26,11.88,12.18,11.85,12.07,12.07,49200
2007-12-27,12.05,12.2,12.05,12.19,12.19,35300
2007-12-28,12.06,12.06,11.8001,11.86,11.86,56885
2007-12-31,11.75,11.85,11.52,11.7,11.7,83240
2008-01-02,11.82,12.58,11.66,12.5602,12.5602,46100
2008-01-03,12.63,12.8268,12.54,12.77,12.77,26455
2008-01-04,12.77,12.77,12.29,12.56,12.56,26600
2008-01-07,12.5,12.76,12.3,12.51,12.51,33245
2008-01-08,12.52,12.99,12.4,12.69,12.69,44900
2008-01-09,12.7,12.7,12.31,12.5,12.5,69500
2008-01-10,12.36,12.89,12.36,12.69,12.69,36300
2008-01-11,12.85,13,12.55,12.6,12.6,23700
2008-01-14,12.66,12.9,12.55,12.796,12.796,27147
2008-01-15,12.75,12.75,12.4,12.61,12.61,35980
2008-01-16,12.53,12.73,12.53,12.7101,12.7101,20900
2008-01-17,12.75,13.24,12.6812,12.79,12.79,54500
2008-01-18,12.86,12.89,12.55,12.706,12.706,21100
2008-01-22,12.41,13,12.41,12.7,12.7,47430
2008-01-23,12.58,13.15,12.55,13,13,61200
2008-01-24,13.14,13.5,13.12,13.4,13.4,27700
2008-01-25,13.49,13.84,13.49,13.7,13.7,32718
2008-01-28,13.74,13.75,13.57,13.66,13.66,32475
2008-01-29,13.82,13.85,13.27,13.461,13.461,17388
2008-01-30,13.35,13.44,13.22,13.22,13.22,12800
2008-01-31,13.07,13.07,12.4,12.82,12.82,73600
2008-02-01,12.9,12.99,12.7,12.87,12.87,74100
2008-02-04,12.89,12.89,12.75,12.8,12.8,23645
2008-02-05,12.63,12.9,12.63,12.85,12.85,21795
2008-02-06,12.9,12.95,12.8,12.95,12.95,33600
2008-02-07,12.99,13.1,12.85,12.95,12.95,19900
2008-02-08,13.05,13.07,12.81,12.85,12.85,19300
2008-02-11,12.76,13.1,12.76,12.86,12.86,31400
2008-02-12,12.82,12.97,12.82,12.84,12.84,13856
2008-02-13,12.86,12.94,12.24,12.44,12.44,68200
2008-02-14,12.35,12.35,11.86,11.97,11.97,95200
2008-02-15,11.99,11.9999,11.62,11.97,11.97,64268
2008-02-19,11.91,12.35,11.9001,12.1,12.1,31100
2008-02-20,11.9,12.04,11.82,12,12,27000
2008-02-21,12,12.0199,11.85,11.91,11.91,21800
2008-02-22,12.09,12.11,11.85,12.054,12.054,32850
2008-02-25,12.03,12.15,11.97,12.12,12.12,22800
2008-02-26,11.98,12.16,11.7489,11.86,11.86,61100
2008-02-27,11.76,11.98,11.76,11.97,11.97,18300
2008-02-28,11.78,11.97,11.78,11.97,11.97,14800
2008-02-29,11.98,12.02,11.86,11.997,11.997,7600
2008-03-03,11.96,12.14,11.7,12,12,51300
2008-03-04,11.9,11.96,11.65,11.76,11.76,43600
2008-03-05,11.73,11.982,11.73,11.81,11.81,27400
2008-03-06,11.71,11.88,11.71,11.82,11.82,13800
2008-03-07,12.42,12.42,11.71,11.8,11.8,18600
2008-03-10,11.7,11.89,11,11.09,11.09,56200
2008-03-11,11.14,11.3399,11.03,11.2,11.2,29600
2008-03-12,11.14,11.18,11,11.1399,11.1399,21600
2008-03-13,11.1,11.1,10.75,10.86,10.86,45080
2008-03-14,10.94,10.97,10.8,10.95,10.95,38600
2008-03-17,10.68,10.68,10.26,10.48,10.48,30747
2008-03-18,10.5,11.88,10.41,10.84,10.84,40105
2008-03-19,10.62,10.98,10.42,10.5,10.5,26400
2008-03-20,10.3,10.83,10.3,10.67,10.67,27900
2008-03-24,10.72,10.81,10.52,10.57,10.57,69975
2008-03-25,10.6,10.69,10.46,10.46,10.46,46400
2008-03-26,10.54,10.56,10.39,10.46,10.46,34950
2008-03-27,10.47,10.59,10.4,10.46,10.46,36700
2008-03-28,10.42,10.51,10.32,10.3701,10.3701,14654
2008-03-31,10.36,10.36,10.01,10.18,10.18,44500
2008-04-01,10.26,10.5,10.26,10.36,10.36,46600
2008-04-02,10.31,10.41,10.21,10.28,10.28,36550
2008-04-03,10.19,10.53,10.19,10.53,10.53,31900
2008-04-04,10.58,10.6,10.45,10.55,10.55,14997
2008-04-07,10.62,10.69,10.49,10.65,10.65,28600
2008-04-08,10.67,10.7,10.54,10.69,10.69,19600
2008-04-09,11.35,11.35,10.55,10.55,10.55,12950
2008-04-10,10.68,10.68,10.45,10.59,10.59,15996
2008-04-11,10.46,10.64,10.46,10.64,10.64,24500
2008-04-14,10.69,10.69,10.5,10.67,10.67,14090
2008-04-15,10.52,10.656,10.5,10.53,10.53,23000
2008-04-16,10.65,10.65,10.58,10.61,10.61,9313
2008-04-17,10.7,10.74,10.61,10.71,10.71,27100
2008-04-18,10.75,10.84,10.71,10.79,10.79,22874
2008-04-21,10.76,10.88,10.74,10.77,10.77,19327
2008-04-22,11,11.04,10.65,10.85,10.85,37808
2008-04-23,10.77,11.13,10.77,10.94,10.94,23050
2008-04-24,11,11.27,10.87,11.27,11.27,52398
2008-04-25,11.27,11.28,11.16,11.17,11.17,35100
2008-04-28,11.25,11.25,11.19,11.2,11.2,49600
2008-04-29,11.3,11.31,10.95,11.07,11.07,36864
2008-04-30,10.99,11.0699,10.9,11.03,11.03,38741
2008-05-01,11.05,11.34,11,11.2601,11.2601,50077
2008-05-02,11.16,11.33,11.07,11.19,11.19,27072
2008-05-05,11.25,11.26,11.01,11.12,11.12,26147
2008-05-06,11.02,11.19,11.01,11.15,11.15,19937
2008-05-07,11.27,11.34,11.1,11.29,11.29,32567
2008-05-08,11.33,11.48,11.1,11.17,11.17,29096
2008-05-09,11.24,11.25,11.17,11.17,11.17,14414
2008-05-12,11.36,11.39,11.17,11.2901,11.2901,30832
2008-05-13,11.38,11.38,11.28,11.34,11.34,13952
2008-05-14,11.32,11.41,11.21,11.3,11.3,14958
2008-05-15,11.31,11.45,11.3,11.33,11.33,13750
2008-05-16,11.47,11.54,11.38,11.5,11.5,18074
2008-05-19,11.57,11.57,11.4,11.44,11.44,18835
2008-05-20,11.4,11.48,11.33,11.33,11.33,16833
2008-05-21,11.44,11.6,11.3,11.55,11.55,42700
2008-05-22,11.67,11.67,11.58,11.64,11.64,11800
2008-05-23,11.62,11.68,11.57,11.62,11.62,13041
2008-05-27,11.59,11.74,11.58,11.69,11.69,25029
2008-05-28,11.69,11.85,11.69,11.78,11.78,9905
2008-05-29,11.67,11.78,11.66,11.77,11.77,22789
2008-05-30,11.79,11.8,11.67,11.73,11.73,10514
2008-06-02,11.74,11.76,11.67,11.7,11.7,16083
2008-06-03,11.7,11.7,11.5,11.67,11.67,8876
2008-06-04,11.62,11.67,11.6,11.64,11.64,19846
2008-06-05,11.64,11.66,11.6,11.6,11.6,27950
2008-06-06,11.62,11.69,11.6,11.61,11.61,25453
2008-06-09,11.64,11.75,11.6,11.61,11.61,27081
2008-06-10,11.61,11.63,11.31,11.39,11.39,23719
2008-06-11,11.29,11.2926,10.71,10.95,10.95,64921
2008-06-12,10.81,11.0499,10.81,11,11,12745
2008-06-13,11.18,11.18,10.57,11.1,11.1,25487
2008-06-16,11.24,11.27,11,11.22,11.22,9956
2008-06-17,11.43,11.43,11.09,11.29,11.29,20773
2008-06-18,11.34,11.34,11.01,11.18,11.18,14683
2008-06-19,11.08,11.15,10.76,11,11,19600
2008-06-20,10.91,11.12,10.7,10.94,10.94,15676
2008-06-23,10.99,11,10.57,10.59,10.59,23311
2008-06-24,10.69,10.69,10.49,10.59,10.59,23318
2008-06-25,10.69,10.9,10.25,10.63,10.63,32754
2008-06-26,10.64,10.64,10.27,10.34,10.34,11557
2008-06-27,10.31,10.45,10.16,10.29,10.29,18105
2008-06-30,10.27,10.5,10.16,10.44,10.44,26263
2008-07-01,10.25,10.44,10.21,10.26,10.26,21469
2008-07-02,10.3,10.53,10.3,10.53,10.53,11443
2008-07-03,10.69,10.69,10.02,10.1,10.1,16910
2008-07-07,10.06,10.28,9.5,9.61,9.61,49563
2008-07-08,9.5,9.75,9.31,9.75,9.75,40103
2008-07-09,9.66,9.8599,9.31,9.58,9.58,36497
2008-07-10,9.91,9.94,9.45,9.55,9.55,17007
2008-07-11,9.8,9.8,9.01,9.38,9.38,21798
2008-07-14,9.21,9.21,8.74,9.04,9.04,44629
2008-07-15,8.8,9.02,8.21,8.9799,8.9799,69229
2008-07-16,8.91,9.64,8.61,9.43,9.43,35642
2008-07-17,9.49,10.072,9.48,10.0001,10.0001,26124
2008-07-18,10.05,10.4,9.9,10.355,10.355,39001
2008-07-21,10.6,10.6,9.87,10.23,10.23,38759
2008-07-22,9.91,10.1399,9.82,10.1399,10.1399,46055
2008-07-23,10.1,10.1799,9.8101,9.85,9.85,10674
2008-07-24,9.78,9.8,9.66,9.67,9.67,16114
2008-07-25,9.67,10.15,9.65,9.79,9.79,11326
2008-07-28,10.1,10.18,9.86,10.18,10.18,42808
2008-07-29,10.25,10.65,10.11,10.64,10.64,15109
2008-07-30,10.6,10.6,10.14,10.27,10.27,24168
2008-07-31,10.33,10.35,10,10.19,10.19,9911
2008-08-01,10.45,10.45,10,10.03,10.03,22389
2008-08-04,10.22,10.22,10,10.1,10.1,20635
2008-08-05,10.25,10.31,10.1201,10.178,10.178,12564
2008-08-06,10.25,10.25,10.0372,10.08,10.08,16707
2008-08-07,10.1,10.1,9.93,9.95,9.95,13633
2008-08-08,10.15,10.6,10.0501,10.341,10.341,14798
2008-08-11,10.35,10.35,10.2101,10.27,10.27,19103
2008-08-12,10.39,10.3999,10.25,10.27,10.27,24829
2008-08-13,10.27,10.2965,10.15,10.2,10.2,16601
2008-08-14,10.3,10.3,10.2,10.209,10.209,18164
2008-08-15,10.3,10.3,10.06,10.25,10.25,3593
2008-08-18,10.32,10.32,10.2001,10.3,10.3,16078
2008-08-19,10.15,10.15,9.97,10.14,10.14,19766
2008-08-20,9.92,10.15,9.88,10.1,10.1,31645
2008-08-21,10,10.168,9.9,10.08,10.08,17157
2008-08-22,10.01,10.13,10,10.007,10.007,12315
2008-08-25,9.92,9.92,9.4524,9.51,9.51,16979
2008-08-26,9.7,9.871,9.44,9.73,9.73,11775
2008-08-27,10,10.1,9.42,9.6281,9.6281,15303
2008-08-28,9.43,10.08,9.42,9.84,9.84,23873
2008-08-29,9.97,10.08,9.9,10.08,10.08,13786
2008-09-02,10.08,10.4,10.08,10.38,10.38,29219
2008-09-03,10.25,10.25,9.9,10.15,10.15,18587
2008-09-04,10.24,10.24,10,10.15,10.15,7927
2008-09-05,10.1,10.2,9.95,10.186,10.186,9957
2008-09-08,10.49,10.5,9.85,10.041,10.041,31763
2008-09-09,9.86,9.9,9.45,9.45,9.45,40822
2008-09-10,9.45,9.46,8.92,9.32,9.32,82250
2008-09-11,9.1,9.47,8.92,9.15,9.15,47316
2008-09-12,9.15,9.32,9,9.2,9.2,18851
2008-09-15,8.89,8.962,8.55,8.584,8.584,47027
2008-09-16,8.25,8.4,8.09,8.27,8.27,25490
2008-09-17,8.02,8.05,6.69,6.8,6.8,62623
2008-09-18,6.8,7.11,6.8,7,7,77898
2008-09-19,8.4,9.1,7.5,8.5,8.5,63958
2008-09-22,8.01,8.32,8,8.27,8.27,46033
2008-09-23,8.25,8.89,7.75,8.62,8.62,50755
2008-09-24,8.8,8.89,7.65,7.93,7.93,42198
2008-09-25,8.46,8.46,7.89,8.1,8.1,29176
2008-09-26,8.09,8.09,7.8173,8.05,8.05,28050
2008-09-29,7.99,7.99,7.05,7.05,7.05,57261
2008-09-30,7.14,7.14,5.77,6.12,6.12,99682
2008-10-01,6.12,6.14,5.53,5.62,5.62,216384
2008-10-02,5.22,5.3,4.75,4.81,4.81,413861
2008-10-03,4.88,5.25,4.77,4.77,4.77,162085
2008-10-06,4.51,4.57,4.05,4.45,4.45,214666
2008-10-07,4.76,4.82,3.98,4.27,4.27,116866
2008-10-08,4.01,4.14,3.63,3.96,3.96,199773
2008-10-09,3.85,4,3.03,3.142,3.142,182920
2008-10-10,2.59,3.26,2.04,2.82,2.82,116283
2008-10-13,3.12,4.94,3.12,4.92,4.92,252500
2008-10-14,5.72,6.88,5.72,6.88,6.88,319406
2008-10-15,6.45,6.45,5.79,5.95,5.95,86525
2008-10-16,5.99,5.99,5.23,5.6,5.6,82715
2008-10-17,5.65,5.65,5.3,5.4,5.4,62310
2008-10-20,5.41,5.8,5.4,5.6,5.6,93851
2008-10-21,5.15,5.51,5.14,5.44,5.44,40906
2008-10-22,5.14,5.17,4.96,5.1,5.1,50863
2008-10-23,4.94,5.14,4.82,5,5,60293
2008-10-24,4.16,4.9,4.16,4.68,4.68,83321
2008-10-27,4.54,4.99,4.096,4.6001,4.6001,105757
2008-10-28,4.65,5.15,4.65,5.1,5.1,79319
2008-10-29,4.86,5.93,4.86,5.73,5.73,110920
2008-10-30,5.78,6.18,5.75,6.02,6.02,70406
2008-10-31,5.75,6.1,5.56,5.7,5.7,41535
2008-11-03,5.7,5.9,5.7,5.9,5.9,59427
2008-11-04,5.97,6.19,5.956,6.1399,6.1399,49452
2008-11-05,6.05,6.19,5.75,5.89,5.89,28224
2008-11-06,5.88,5.94,5.66,5.73,5.73,33051
2008-11-07,5.73,5.9599,5.56,5.82,5.82,49708
2008-11-10,5.67,5.7,5.48,5.48,5.48,58118
2008-11-11,5.48,5.48,5.25,5.25,5.25,5209
2008-11-12,4.97,5.05,4.7,4.7,4.7,30625
2008-11-13,4.67,4.99,4.42,4.99,4.99,53485
2008-11-14,4.89,4.99,4.66,4.85,4.85,26908
2008-11-17,4.71,4.9,4.62,4.7,4.7,43533
2008-11-18,4.6,4.6699,4.51,4.53,4.53,29302
2008-11-19,4.4,4.57,3.96,4.08,4.08,37657
2008-11-20,4.12,4.12,3.57,3.71,3.71,42297
2008-11-21,3.68,3.68,3.19,3.59,3.59,56953
2008-11-24,3.6,4.2736,3.6,4.09,4.09,58536
2008-11-25,4.2,4.71,4.11,4.71,4.71,49228
2008-11-26,4.71,5.64,4.6399,5.256,5.256,114674
2008-11-28,5.26,5.83,5.26,5.67,5.67,56014
2008-12-01,5.64,5.64,5.25,5.34,5.34,79777
2008-12-02,5.45,5.47,5.1,5.33,5.33,37666
2008-12-03,5.11,5.27,4.6,5.14,5.14,75108
2008-12-04,5.18,5.28,4.75,4.8,4.8,39498
2008-12-05,4.83,4.9,4.7,4.9,4.9,29243
2008-12-08,5,5.67,5,5.4501,5.4501,75824
2008-12-09,5.24,5.67,5.24,5.33,5.33,32534
2008-12-10,5.5,5.53,5.41,5.5,5.5,34450
2008-12-11,5.41,5.79,5.39,5.4999,5.4999,47543
2008-12-12,5.48,5.59,5.38,5.46,5.46,32113
2008-12-15,5.4,5.4,5.15,5.16,5.16,29772
2008-12-16,5.15,5.31,5,5.268,5.268,29347
2008-12-17,5.17,5.63,5.16,5.3826,5.3826,40194
2008-12-18,5.34,5.74,5.34,5.57,5.57,74415
2008-12-19,5.9,5.94,5.65,5.91,5.91,45014
2008-12-22,5.9,5.98,5.67,5.86,5.86,79666
2008-12-23,5.9,5.99,5.58,5.84,5.84,65056
2008-12-24,5.78,5.94,5.5,5.6,5.6,53328
2008-12-26,5.69,5.94,5.3,5.6,5.6,67928
2008-12-29,5.52,5.59,5.48,5.49,5.49,50271
2008-12-30,5.44,5.94,5.44,5.88,5.88,41845
2008-12-31,5.9,5.97,5.78,5.9,5.9,100351
2009-01-02,5.9,6.57,5.9,6.5,6.5,126602
2009-01-05,6.99,7.4,6.6,7.2,7.2,242602
2009-01-06,7.5,7.85,7.3,7.3,7.3,192698
2009-01-07,7.29,7.4,7.15,7.3,7.3,66497
2009-01-08,7.28,7.55,7.21,7.5,7.5,43718
2009-01-09,7.53,7.9,7.455,7.85,7.85,77722
2009-01-12,7.85,8.05,7.49,7.5,7.5,93843
2009-01-13,7.51,7.55,7.03,7.11,7.11,54323
2009-01-14,7.05,7.05,6.14,6.55,6.55,121701
2009-01-15,6.45,6.45,5.95,6.23,6.23,59207
2009-01-16,6.3,6.76,6.3,6.61,6.61,37322
2009-01-20,6.5,6.59,6.0499,6.0499,6.0499,34100
2009-01-21,6.07,6.33,5.88,6.33,6.33,33587
2009-01-22,6.15,6.15,5.61,5.74,5.74,102174
2009-01-23,5.6,5.96,5.24,5.9,5.9,46580
2009-01-26,5.9,6.23,5.9,6.18,6.18,47461
2009-01-27,6.28,6.63,6.08,6.5056,6.5056,40185
2009-01-28,6.7,7.47,6.53,7.34,7.34,105544
2009-01-29,7.28,7.28,7.03,7.1,7.1,19962
2009-01-30,7.29,7.48,7.05,7.05,7.05,26534
2009-02-02,6.79,6.94,6.62,6.8,6.8,32811
2009-02-03,6.85,7.02,6.8,6.81,6.81,20802
2009-02-04,6.77,6.95,6.55,6.76,6.76,22622
2009-02-05,6.61,6.85,6.3,6.7601,6.7601,27077
2009-02-06,6.84,7.19,6.78,6.92,6.92,38059
2009-02-09,6.9,7.0308,6.75,6.75,6.75,50419
2009-02-10,6.8,6.85,6.75,6.79,6.79,26772
2009-02-11,6.86,6.9,6.74,6.9,6.9,49647
2009-02-12,6.68,6.94,6.64,6.9,6.9,18259
2009-02-13,6.9,6.93,6.6114,6.78,6.78,32634
2009-02-17,7,7,5.78,6.1,6.1,88392
2009-02-18,6,6.13,5.56,5.7,5.7,53410
2009-02-19,5.8,6.1,5.71,6.0001,6.0001,51450
2009-02-20,5.88,5.88,4.38,5.55,5.55,165516
2009-02-23,5.48,5.54,5.02,5.11,5.11,34135
2009-02-24,4.95,5.88,4.69,5.6,5.6,84719
2009-02-25,5.55,5.6,5.17,5.52,5.52,32414
2009-02-26,5.51,6.24,5.38,5.6,5.6,63993
2009-02-27,5.54,5.54,5.32,5.43,5.43,27086
2009-03-02,5.06,5.12,4.55,4.83,4.83,81011
2009-03-03,4.58,4.5968,4.21,4.31,4.31,51377
2009-03-04,4.36,4.78,4.17,4.75,4.75,88518
2009-03-05,4.67,4.68,4.39,4.5,4.5,25662
2009-03-06,4.43,4.48,3.74,3.9,3.9,51097
2009-03-09,3.78,3.9799,3.74,3.84,3.84,34188
2009-03-10,3.92,4.33,3.92,4.2572,4.2572,34700
2009-03-11,4.39,4.63,4.39,4.4501,4.4501,24275
2009-03-12,4.38,4.941,4.38,4.8,4.8,60178
2009-03-13,4.83,5.17,4.82,4.8899,4.8899,47484
2009-03-16,4.8,5.05,4.77,4.99,4.99,78567
2009-03-17,4.99,5.3,4.85,5.1901,5.1901,36842
2009-03-18,5.28,5.28,4.91,5.18,5.18,55746
2009-03-19,5.1638,5.6,5.11,5.3011,5.3011,51050
2009-03-20,5.2,5.48,4.92,4.96,4.96,36663
2009-03-23,5.15,5.57,5.15,5.52,5.52,20437
2009-03-24,5.46,5.64,5.4,5.52,5.52,26546
2009-03-25,5.43,6,5.43,5.81,5.81,58793
2009-03-26,5.88,5.9499,5.45,5.45,5.45,41311
2009-03-27,5.35,5.67,5.28,5.5,5.5,37323
2009-03-30,5.32,5.32,5.1,5.2499,5.2499,26771
2009-03-31,5.32,5.63,5.3045,5.5,5.5,17189
2009-04-01,5.4,5.89,5.4,5.5701,5.5701,31728
2009-04-02,5.66,5.92,5.66,5.88,5.88,11856
2009-04-03,5.89,6.15,5.71,5.82,5.82,27111
2009-04-06,5.82,5.82,5.65,5.82,5.82,20842
2009-04-07,5.65,5.87,5.65,5.7,5.7,4998
2009-04-08,5.65,5.9,5.61,5.6101,5.6101,19198
2009-04-09,5.72,5.8999,5.63,5.8,5.8,28993
2009-04-13,5.89,6.16,5.814,6.02,6.02,20207
2009-04-14,5.9,6.3,5.9,6,6,19438
2009-04-15,6,6.39,6,6.39,6.39,7021
2009-04-16,6.33,6.55,6.15,6.5499,6.5499,19211
2009-04-17,6.6,6.88,6.31,6.53,6.53,38905
2009-04-20,6.16,6.36,6.1,6.14,6.14,34049
2009-04-21,6,6.19,6,6.09,6.09,8974
2009-04-22,6.02,6.64,5.93,6.03,6.03,54264
2009-04-23,6.2,6.25,6.12,6.19,6.19,7606
2009-04-24,6.28,6.49,6.2799,6.49,6.49,14645
2009-04-27,6.39,6.69,6.19,6.19,6.19,54205
2009-04-28,6.13,6.26,5.81,5.97,5.97,48483
2009-04-29,5.99,6.1668,5.99,6.02,6.02,51505
2009-04-30,6.01,6.25,6.01,6.02,6.02,43473
2009-05-01,5.99,6.21,5.99,6.2,6.2,27413
2009-05-04,6.39,6.5,6.272,6.349,6.349,44102
2009-05-05,6.34,6.51,6.3198,6.34,6.34,19419
2009-05-06,6.35,6.58,6.34,6.47,6.47,33621
2009-05-07,6.52,6.6,6.51,6.57,6.57,61849
2009-05-08,6.74,6.84,6.6001,6.75,6.75,29382
2009-05-11,6.84,6.84,6.76,6.8393,6.8393,25006
2009-05-12,6.84,6.84,6.68,6.76,6.76,35263
2009-05-13,6.7,7.27,6.7,7,7,96067
2009-05-14,6.9,6.99,6.38,6.62,6.62,53386
2009-05-15,6.7,7.12,6.68,6.7401,6.7401,43692
2009-05-18,6.71,7.21,6.7,7.01,7.01,10210
2009-05-19,6.94,7.66,6.94,7.26,7.26,36648
2009-05-20,7.02,7.2101,7.01,7.02,7.02,39089
2009-05-21,7.01,7.02,6.85,6.87,6.87,36728
2009-05-22,6.98,7.45,6.872,7.16,7.16,49051
2009-05-26,7.18,7.25,7.08,7.21,7.21,20202
2009-05-27,7.21,7.48,7.1,7.1,7.1,24133
2009-05-28,7.25,7.2501,7.12,7.18,7.18,24800
2009-05-29,7.23,7.45,7.08,7.35,7.35,39664
2009-06-01,7.48,7.95,7.48,7.65,7.65,37920
2009-06-02,7.59,7.6955,7.5,7.66,7.66,16581
2009-06-03,7.69,7.7,7.5708,7.65,7.65,20327
2009-06-04,7.68,7.8,7.61,7.66,7.66,11177
2009-06-05,7.75,7.99,7.75,7.91,7.91,11437
2009-06-08,8,8,7.74,7.7681,7.7681,10991
2009-06-09,7.85,7.92,7.8001,7.804,7.804,19062
2009-06-10,7.82,7.9699,7.8,7.82,7.82,16501
2009-06-11,7.84,8.08,7.84,7.93,7.93,8562
2009-06-12,7.97,8.56,7.88,7.97,7.97,13356
2009-06-15,8,8,7.85,7.87,7.87,18496
2009-06-16,7.85,8,7.8,7.8001,7.8001,24927
2009-06-17,7.77,7.95,7.66,7.873,7.873,17234
2009-06-18,7.84,8.09,7.84,7.84,7.84,23786
2009-06-19,8.06,8.1001,7.9,8.06,8.06,33708
2009-06-22,7.86,7.99,7.7,7.8,7.8,18834
2009-06-23,7.8,7.86,7.63,7.86,7.86,31861
2009-06-24,7.87,8.16,7.87,8.09,8.09,61326
2009-06-25,8.08,8.27,7.94,8.05,8.05,41790
2009-06-26,8.08,8.11,8,8.07,8.07,30320
2009-06-29,8,8.2,7.99,8.06,8.06,34294
2009-06-30,8.13,8.26,7.96,8,8,32958
2009-07-01,7.97,8.2475,7.97,8.05,8.05,14033
2009-07-02,7.85,8.29,7.82,7.86,7.86,17012
2009-07-06,7.81,8.02,7.8,7.89,7.89,23078
2009-07-07,7.86,8.24,7.7,7.73,7.73,36767
2009-07-08,7.6,7.65,7.55,7.62,7.62,32632
2009-07-09,7.56,7.66,7.56,7.56,7.56,29234
2009-07-10,7.49,7.6999,7.48,7.6,7.6,21626
2009-07-13,7.65,7.82,7.6,7.78,7.78,19462
2009-07-14,7.76,7.92,7.65,7.87,7.87,22115
2009-07-15,7.84,8.2,7.84,8.01,8.01,34090
2009-07-16,8.02,8.72,8,8.61,8.61,90307
2009-07-17,8.64,8.82,8.59,8.82,8.82,48198
2009-07-20,8.75,8.94,8.57,8.58,8.58,26341
2009-07-21,8.57,8.67,7.88,8.32,8.32,32104
2009-07-22,8.29,8.3342,8.23,8.23,8.23,13164
2009-07-23,8.28,8.3,8.16,8.3,8.3,34764
2009-07-24,8.25,8.28,8.21,8.21,8.21,20316
2009-07-27,8.25,8.37,8.13,8.28,8.28,54376
2009-07-28,8.33,8.3499,8.12,8.2616,8.2616,15878
2009-07-29,8.19,8.29,8.19,8.24,8.24,14131
2009-07-30,8.27,8.65,8.19,8.19,8.19,23788
2009-07-31,8.33,8.33,8.09,8.11,8.11,23687
2009-08-03,8.14,8.63,8.14,8.63,8.63,50528
2009-08-04,8.63,8.63,8.3,8.34,8.34,38002
2009-08-05,8.3604,8.64,8.28,8.39,8.39,50810
2009-08-06,8.43,8.4699,8.17,8.17,8.17,25057
2009-08-07,8.11,8.3,8.11,8.23,8.23,36495
2009-08-10,8.23,8.3,8.1,8.2414,8.2414,42478
2009-08-11,8.15,8.3,8.15,8.24,8.24,28997
2009-08-12,8.3,8.4,8.254,8.389,8.389,61251
2009-08-13,8.39,8.62,8.35,8.62,8.62,37200
2009-08-14,8.48,8.56,8.45,8.53,8.53,23744
2009-08-17,8.41,8.42,8.25,8.38,8.38,32326
2009-08-18,8.4,8.4799,8.29,8.422,8.422,40390
2009-08-19,8.44,8.4699,8.34,8.4699,8.4699,13786
2009-08-20,8.35,8.51,8.35,8.42,8.42,12360
2009-08-21,8.38,8.5,8.38,8.46,8.46,21103
2009-08-24,8.4,8.54,8.4,8.46,8.46,20199
2009-08-25,8.5,8.59,8.4557,8.53,8.53,21463
2009-08-26,8.56,8.61,8.5203,8.55,8.55,11811
2009-08-27,8.62,8.66,8.468,8.634,8.634,17625
2009-08-28,8.57,8.6984,8.57,8.6955,8.6955,15905
2009-08-31,8.71,8.722,8.43,8.496,8.496,24335
2009-09-01,8.45,8.59,8.45,8.5202,8.5202,18657
2009-09-02,8.47,8.58,8.47,8.56,8.56,24187
2009-09-03,8.55,8.65,8.55,8.57,8.57,38548
2009-09-04,8.6,8.7,8.51,8.6432,8.6432,17184
2009-09-08,8.69,8.75,8.65,8.65,8.65,19494
2009-09-09,8.72,8.73,8.65,8.702,8.702,12853
2009-09-10,8.78,8.78,8.6401,8.7,8.7,11805
2009-09-11,8.7,8.7655,8.66,8.66,8.66,9359
2009-09-14,8.65,8.77,8.65,8.7599,8.7599,14544
2009-09-15,8.76,8.8684,8.755,8.8,8.8,10278
2009-09-16,8.86,9.12,8.86,9.009,9.009,23293
2009-09-17,9.08,9.1,8.9506,9,9,15990
2009-09-18,9.02,9.09,8.9999,9.04,9.04,17505
2009-09-21,9,9,8.75,8.97,8.97,18196
2009-09-22,8.89,9.1698,8.89,9.08,9.08,27260
2009-09-23,9.08,9.28,9.0501,9.1578,9.1578,41074
2009-09-24,9.12,9.17,9.11,9.15,9.15,8400
2009-09-25,9.17,9.22,9.12,9.22,9.22,27976
2009-09-28,9.27,9.3,9.16,9.2799,9.2799,13966
2009-09-29,9.24,9.4,9.23,9.3,9.3,32189
2009-09-30,9.4,9.44,9.31,9.4,9.4,19327
2009-10-01,9.44,9.55,9.35,9.5101,9.5101,39531
2009-10-02,9.43,9.4354,9.37,9.397,9.397,20030
2009-10-05,9.37,9.4,9.33,9.3303,9.3303,14773
2009-10-06,9.31,9.31,9.24,9.24,9.24,9012
2009-10-07,9.31,9.3111,9.22,9.2301,9.2301,45589
2009-10-08,9.21,9.32,9.21,9.3,9.3,9050
2009-10-09,9.25,9.39,9.25,9.39,9.39,36604
2009-10-12,9.36,9.46,9.36,9.46,9.46,14123
2009-10-13,9.4,9.47,9.39,9.47,9.47,24049
2009-10-14,9.44,9.49,9.36,9.4,9.4,25317
2009-10-15,9.3,9.5,9.23,9.43,9.43,34610
2009-10-16,9.32,9.58,9.2,9.58,9.58,35419
2009-10-19,9.58,9.65,9.5407,9.65,9.65,8630
2009-10-20,9.8,9.8,9.65,9.7,9.7,20531
2009-10-21,9.65,9.696,9.508,9.53,9.53,28211
2009-10-22,9.5,9.55,9.45,9.45,9.45,21075
2009-10-23,9.43,9.5,9.37,9.41,9.41,18966
2009-10-26,9.42,9.45,9.32,9.45,9.45,16607
2009-10-27,9.42,9.49,9.4,9.46,9.46,18782
2009-10-28,9.45,9.4799,9.05,9.06,9.06,41103
2009-10-29,9.2,9.3,9.2,9.26,9.26,11188
2009-10-30,9.27,9.2987,9,9.0304,9.0304,27423
2009-11-02,8.38,9.31,8.36,9.18,9.18,20863
2009-11-03,9.15,9.15,8.8999,8.97,8.97,19374
2009-11-04,9.07,9.13,8.93,9.1,9.1,17315
2009-11-05,9.11,9.18,9.07,9.1,9.1,17471
2009-11-06,9.15,9.15,8.9901,9.0213,9.0213,15331
2009-11-09,9.19,9.25,9.1,9.14,9.14,12082
2009-11-10,9.22,9.29,9.1,9.18,9.18,40299
2009-11-11,9.33,9.33,9.1203,9.23,9.23,22626
2009-11-12,9.18,9.21,9.16,9.21,9.21,1800
2009-11-13,9.22,9.49,9.22,9.429,9.429,30860
2009-11-16,9.55,9.59,9.38,9.4901,9.4901,24709
2009-11-17,9.45,9.48,9.3402,9.36,9.36,18531
2009-11-18,9.38,9.38,9.23,9.29,9.29,5144
2009-11-19,9.32,9.46,9.19,9.21,9.21,16858
2009-11-20,9.23,9.26,9.15,9.17,9.17,10690
2009-11-23,9.33,9.33,8.94,9.15,9.15,14243
2009-11-24,9.07,9.2,9.07,9.16,9.16,8590
2009-11-25,9.2,9.21,9.16,9.2,9.2,10747
2009-11-27,9.16,9.19,9.1319,9.1834,9.1834,7200
2009-11-30,9.24,9.25,9.1123,9.12,9.12,14241
2009-12-01,9.14,9.53,9.14,9.42,9.42,46734
2009-12-02,9.35,9.45,9.35,9.36,9.36,22152
2009-12-03,9.26,9.47,9.25,9.28,9.28,40696
2009-12-04,9.27,9.34,9.23,9.23,9.23,13945
2009-12-07,9.29,9.42,9.25,9.4,9.4,19740
2009-12-08,9.39,9.42,9.3,9.42,9.42,27480
2009-12-09,9.37,9.439,9.2,9.21,9.21,45695
2009-12-10,9.29,9.39,9.21,9.26,9.26,19533
2009-12-11,9.25,9.38,9.24,9.315,9.315,24431
2009-12-14,9.33,9.54,9.33,9.51,9.51,31126
2009-12-15,9.55,9.819,9.55,9.7301,9.7301,55129
2009-12-16,9.71,9.99,9.71,9.99,9.99,21180
2009-12-17,9.99,10.12,9.95,10.12,10.12,20083
2009-12-18,10.15,10.4234,10.15,10.24,10.24,47906
2009-12-21,10.41,10.48,10.29,10.41,10.41,23175
2009-12-22,10.46,10.48,10.46,10.48,10.48,16030
2009-12-23,10.45,10.54,10.45,10.52,10.52,21124
2009-12-24,10.63,10.66,10.5699,10.66,10.66,6950
2009-12-28,10.66,10.66,10.57,10.58,10.58,17568
2009-12-29,10.48,10.6,10.48,10.55,10.55,7050
2009-12-30,10.54,10.6,10.49,10.49,10.49,8470
2009-12-31,10.5,10.55,10.47,10.47,10.47,17030
2010-01-04,10.47,10.5791,10.12,10.29,10.29,43923
2010-01-05,10.34,10.39,10.29,10.29,10.29,12083
2010-01-06,10.26,10.29,10.17,10.19,10.19,15904
2010-01-07,10.18,10.5672,10.15,10.53,10.53,29326
2010-01-08,10.6,11.09,10.5173,10.71,10.71,28269
2010-01-11,10.84,10.86,10.77,10.86,10.86,17001
2010-01-12,10.76,10.9,10.76,10.85,10.85,24218
2010-01-13,10.94,11.06,10.8,11.04,11.04,29069
2010-01-14,10.86,11.05,10.86,10.93,10.93,17176
2010-01-15,11.05,11.05,10.91,10.91,10.91,17794
2010-01-19,11.03,11.1,10.941,11.055,11.055,28577
2010-01-20,11.06,11.06,10.66,10.9599,10.9599,22275
2010-01-21,10.9301,10.9825,10.641,10.71,10.71,20577
2010-01-22,10.73,10.7447,10.48,10.5499,10.5499,32098
2010-01-25,10.74,10.74,10.43,10.55,10.55,25566
2010-01-26,10.58,10.81,10.518,10.6301,10.6301,11443
2010-01-27,10.7,10.7,10.5928,10.5928,10.5928,6429
2010-01-28,10.7,10.7,10.4,10.52,10.52,19796
2010-01-29,10.69,10.7,10.54,10.59,10.59,19040
2010-02-01,10.74,10.79,10.59,10.75,10.75,12455
2010-02-02,10.75,10.81,10.65,10.81,10.81,30411
2010-02-03,10.69,11,10.69,10.86,10.86,15687
2010-02-04,10.92,10.92,10.55,10.61,10.61,10965
2010-02-05,10.7,10.7,10.06,10.3289,10.3289,37161
2010-02-08,10.11,10.358,10.11,10.23,10.23,15841
2010-02-09,10.39,10.41,10.15,10.28,10.28,19500
2010-02-10,10.67,11.03,10.38,10.68,10.68,58046
2010-02-11,10.74,11.06,10.73,11,11,47127
2010-02-12,11.01,11.09,10.81,11.0883,11.0883,33027
2010-02-16,11.33,11.5,11.12,11.3,11.3,70869
2010-02-17,11.57,11.57,11.23,11.41,11.41,43739
2010-02-18,11.22,11.44,11.14,11.25,11.25,28073
2010-02-19,11.15,11.48,11.1401,11.34,11.34,17985
2010-02-22,11.49,11.56,11.08,11.09,11.09,24054
2010-02-23,11,11.23,10.82,10.96,10.96,68733
2010-02-24,10.97,11.19,10.95,11.19,11.19,10851
2010-02-25,10.98,11.25,10.98,11.24,11.24,15459
2010-02-26,11.36,11.45,11.31,11.37,11.37,22607
2010-03-01,11.49,11.76,11.4899,11.63,11.63,48619
2010-03-02,11.68,11.87,11.68,11.79,11.79,25057
2010-03-03,11.88,11.8801,11.5,11.72,11.72,22600
2010-03-04,11.7,11.758,11.46,11.63,11.63,20416
2010-03-05,11.73,11.73,11.37,11.49,11.49,27798
2010-03-08,11.42,11.59,11.29,11.3,11.3,38515
2010-03-09,11.3,11.3136,11.15,11.1501,11.1501,32330
2010-03-10,11.17,11.2199,11.09,11.14,11.14,12420
2010-03-11,11.01,11.19,11,11.03,11.03,37710
2010-03-12,11.01,11.25,10.93,11.15,11.15,34165
2010-03-15,11.22,11.488,11.12,11.3261,11.3261,39356
2010-03-16,11.45,11.5498,11.23,11.4899,11.4899,28310
2010-03-17,11.67,11.93,11.67,11.88,11.88,59265
2010-03-18,11.92,11.98,11.55,11.8399,11.8399,37790
2010-03-19,11.8,12.05,11.8,11.94,11.94,24784
2010-03-22,11.83,11.9,11.5203,11.65,11.65,35097
2010-03-23,11.57,12.18,11.57,11.83,11.83,60992
2010-03-24,11.86,11.9,11.18,11.6,11.6,35360
2010-03-25,11.82,11.98,11.8,11.81,11.81,46239
2010-03-26,11.69,11.89,11.55,11.66,11.66,49652
2010-03-29,11.55,11.67,11.4733,11.52,11.52,19778
2010-03-30,11.45,11.56,11.26,11.4,11.4,74160
2010-03-31,11.45,11.45,11.3,11.32,11.32,15855
2010-04-01,11.44,11.59,11.41,11.5647,11.5647,25682
2010-04-05,11.5,11.6,11.4,11.44,11.44,26156
2010-04-06,11.33,11.52,11.31,11.4799,11.4799,16913
2010-04-07,11.4,11.45,11.31,11.4052,11.4052,18889
2010-04-08,11.32,11.82,11.26,11.8,11.8,41695
2010-04-09,11.92,11.9628,11.853,11.8999,11.8999,10905
2010-04-12,11.75,11.85,11.62,11.75,11.75,18103
2010-04-13,11.66,11.85,11.51,11.65,11.65,24371
2010-04-14,11.84,11.84,11.664,11.78,11.78,19576
2010-04-15,11.83,11.84,11.5,11.64,11.64,17888
2010-04-16,11.54,11.71,11.48,11.48,11.48,16102
2010-04-19,11.48,11.73,11.41,11.41,11.41,19269
2010-04-20,11.51,11.6,11.48,11.6,11.6,6835
2010-04-21,11.6,11.6,11.41,11.4385,11.4385,17699
2010-04-22,11.48,11.57,11.3701,11.43,11.43,15832
2010-04-23,11.58,11.85,11.58,11.82,11.82,30966
2010-04-26,11.85,11.99,11.8399,11.92,11.92,24488
2010-04-27,11.92,11.92,11.78,11.88,11.88,17626
2010-04-28,11.9,11.93,11.78,11.91,11.91,34038
2010-04-29,11.91,11.9391,11.85,11.9,11.9,20412
2010-04-30,11.98,12,11.8901,11.93,11.93,8890
2010-05-03,12,12.11,11.95,12.05,12.05,14070
2010-05-04,12.05,12.13,11.905,12.01,12.01,16575
2010-05-05,12.07,12.07,11.85,11.86,11.86,39260
2010-05-06,11.86,11.9,9.58,10.4,10.4,426593
2010-05-07,10.68,10.79,9.7,10.52,10.52,114280
2010-05-10,11.12,11.18,10.8,11.04,11.04,53617
2010-05-11,11.05,11.25,10.94,11.24,11.24,37433
2010-05-12,11.42,11.48,11.208,11.42,11.42,48914
2010-05-13,11.48,11.56,11.28,11.56,11.56,51472
2010-05-14,11.55,11.55,11.25,11.44,11.44,76725
2010-05-17,11.46,11.46,11.03,11.27,11.27,50066
2010-05-18,11.5,11.5,11.1,11.18,11.18,51900
2010-05-19,10.96,11.06,10.65,11.06,11.06,53070
2010-05-20,10.68,10.68,10.3,10.35,10.35,70823
2010-05-21,9.91,10.9,9.65,10.4716,10.4716,154283
2010-05-24,10.23,10.7454,10.23,10.41,10.41,42078
2010-05-25,10.4,10.4,10.06,10.3,10.3,36987
2010-05-26,10.53,10.69,10.33,10.4152,10.4152,50048
2010-05-27,10.79,10.79,10.52,10.66,10.66,15976
2010-05-28,10.72,10.72,10.5,10.67,10.67,24621
2010-06-01,10.57,10.8,10.57,10.7499,10.7499,21937
2010-06-02,10.88,10.88,10.67,10.865,10.865,29687
2010-06-03,10.85,11.08,10.85,11.08,11.08,34528
2010-06-04,11.05,11.07,10.88,10.88,10.88,22724
2010-06-07,10.85,11.01,10.85,10.91,10.91,12647
2010-06-08,11.01,11.01,10.85,10.89,10.89,20228
2010-06-09,11.05,11.2,11.05,11.17,11.17,13765
2010-06-10,11.21,11.21,11.021,11.09,11.09,23523
2010-06-11,11,11.33,11,11.28,11.28,15721
2010-06-14,11.42,11.5,11.22,11.24,11.24,29265
2010-06-15,11.47,11.47,11.35,11.3599,11.3599,15376
2010-06-16,11.15,11.37,11.15,11.36,11.36,16124
2010-06-17,11.26,11.469,11.26,11.4,11.4,24753
2010-06-18,11.32,11.409,11.3,11.35,11.35,16274
2010-06-21,11.44,11.44,11.199,11.24,11.24,30202
2010-06-22,11.23,11.27,11.2,11.21,11.21,18139
2010-06-23,11.2001,11.2699,11.11,11.125,11.125,12388
2010-06-24,11.13,11.15,11.07,11.15,11.15,13535
2010-06-25,11.22,11.5,11.14,11.5,11.5,9490
2010-06-28,11.47,11.48,11.4,11.47,11.47,6525
2010-06-29,11.44,11.56,11.35,11.44,11.44,14673
2010-06-30,11.28,11.45,11.25,11.3,11.3,15735
2010-07-01,11.25,11.279,11,11.1,11.1,30763
2010-07-02,11.05,11.12,11.05,11.1,11.1,6785
2010-07-06,11.15,11.4055,11.11,11.4055,11.4055,13550
2010-07-07,11.3,11.43,11.21,11.43,11.43,27846
2010-07-08,11.38,11.61,11.24,11.6,11.6,34998
2010-07-09,11.7,11.7,11.54,11.56,11.56,13960
2010-07-12,11.53,11.54,11.3201,11.48,11.48,24856
2010-07-13,11.47,11.65,11.47,11.57,11.57,21136
2010-07-14,11.51,11.51,11.46,11.4678,11.4678,11520
2010-07-15,11.59,11.59,11.4608,11.4792,11.4792,16139
2010-07-16,11.4899,11.49,11.3,11.4,11.4,24903
2010-07-19,11.54,11.59,11.45,11.49,11.49,8613
2010-07-20,11.43,11.5799,11.43,11.56,11.56,12002
2010-07-21,11.61,11.8,11.58,11.7399,11.7399,22231
2010-07-22,11.85,11.89,11.5999,11.6,11.6,29208
2010-07-23,11.6664,11.85,11.59,11.61,11.61,22546
2010-07-26,11.68,11.98,11.68,11.87,11.87,44775
2010-07-27,11.82,11.883,11.76,11.82,11.82,15497
2010-07-28,11.94,12.04,11.86,12.04,12.04,35273
2010-07-29,12.1,12.1,12.04,12.1,12.1,19367
2010-07-30,12.16,12.37,12.0399,12.3301,12.3301,46030
2010-08-02,12.43,12.43,12.2,12.268,12.268,46595
2010-08-03,12.32,12.47,12.2,12.29,12.29,25071
2010-08-04,12.25,12.3399,12.1108,12.2,12.2,61322
2010-08-05,12.22,12.3,12.21,12.22,12.22,20348
2010-08-06,12.25,12.41,12.25,12.4,12.4,21607
2010-08-09,12.5,12.83,12.49,12.7,12.7,46301
2010-08-10,12.75,12.9199,12.56,12.83,12.83,23249
2010-08-11,12.67,12.7595,12.5,12.7595,12.7595,31043
2010-08-12,12.51,12.68,12.5,12.58,12.58,35794
2010-08-13,12.61,12.67,12.4,12.49,12.49,32180
2010-08-16,12.56,12.73,12.42,12.5,12.5,38126
2010-08-17,12.52,12.7,12.52,12.6757,12.6757,20499
2010-08-18,12.69,12.92,12.681,12.75,12.75,40355
2010-08-19,12.7,12.87,12.7,12.85,12.85,33711
2010-08-20,12.8,12.85,12.5499,12.55,12.55,17002
2010-08-23,12.47,12.62,12.47,12.615,12.615,12277
2010-08-24,12.63,12.63,12.34,12.3701,12.3701,44633
2010-08-25,12.31,12.365,12.28,12.34,12.34,38356
2010-08-26,12.35,12.636,12.13,12.15,12.15,73140
2010-08-27,12.21,12.21,12.05,12.18,12.18,38424
2010-08-30,12.26,12.33,12.03,12.25,12.25,28078
2010-08-31,12.28,12.462,12.21,12.37,12.37,30935
2010-09-01,12.46,12.55,12.29,12.45,12.45,31982
2010-09-02,12.5,12.5,12.33,12.44,12.44,32197
2010-09-03,12.55,12.55,12.38,12.46,12.46,20826
2010-09-07,12.5,12.87,12.49,12.87,12.87,33303
2010-09-08,12.82,13.16,12.82,13.05,13.05,46234
2010-09-09,13.23,13.23,12.8,12.97,12.97,47357
2010-09-10,13,13.1584,12.85,13.09,13.09,27491
2010-09-13,13.2,13.27,13.09,13.21,13.21,25138
2010-09-14,13.12,13.34,13.04,13.29,13.29,18174
2010-09-15,13.19,13.402,13.11,13.24,13.24,29938
2010-09-16,13.08,13.48,13.08,13.42,13.42,25158
2010-09-17,13.47,13.63,13.33,13.4099,13.4099,58359
2010-09-20,13.4,13.49,13.11,13.35,13.35,31863
2010-09-21,13.32,13.32,13.0601,13.13,13.13,35189
2010-09-22,13.125,13.19,12.88,12.9699,12.9699,34032
2010-09-23,12.8,13.08,12.7,12.75,12.75,164218
2010-09-24,12.85,12.89,12.68,12.7,12.7,29870
2010-09-27,12.8,12.91,12.77,12.91,12.91,18866
2010-09-28,12.98,13.07,12.9,13.07,13.07,30026
2010-09-29,13.01,13.1,12.96,12.99,12.99,36353
2010-09-30,12.95,13.24,12.95,13.18,13.18,19042
2010-10-01,13.16,13.4,13.03,13.11,13.11,36210
2010-10-04,13.09,13.13,12.961,13.0205,13.0205,24381
2010-10-05,13.01,13.11,12.83,12.86,12.86,37915
2010-10-06,12.81,13.16,12.81,12.952,12.952,38401
2010-10-07,12.9,13.17,12.9,13.13,13.13,20754
2010-10-08,13.19,13.23,13.09,13.09,13.09,6874
2010-10-11,13.13,13.2,13.08,13.13,13.13,18033
2010-10-12,13.16,13.38,13.1,13.38,13.38,18850
2010-10-13,13.7,13.7,13.3324,13.3324,13.3324,48406
2010-10-14,13.47,13.47,13.17,13.38,13.38,20232
2010-10-15,13.36,13.37,13.01,13.17,13.17,38075
2010-10-18,13.12,13.12,12.86,12.9799,12.9799,64123
2010-10-19,12.8,12.99,12.59,12.65,12.65,56487
2010-10-20,12.6,12.77,12.51,12.658,12.658,28772
2010-10-21,12.74,12.87,12.68,12.72,12.72,22339
2010-10-22,12.78,12.78,12.63,12.74,12.74,11902
2010-10-25,12.84,12.84,12.6,12.63,12.63,26089
2010-10-26,12.59,12.69,12.46,12.5,12.5,40908
2010-10-27,12.4,12.42,12.16,12.4,12.4,69989
2010-10-28,12.42,12.51,12.28,12.48,12.48,18131
2010-10-29,12.53,12.63,12.38,12.63,12.63,11125
2010-11-01,12.7,12.81,12.5728,12.81,12.81,25060
2010-11-02,12.89,12.9,12.711,12.73,12.73,18052
2010-11-03,12.72,12.72,12.43,12.6199,12.6199,47287
2010-11-04,12.57,12.77,12.5,12.69,12.69,61990
2010-11-05,12.77,12.81,12.72,12.72,12.72,7857
2010-11-08,12.72,12.8897,12.72,12.76,12.76,19975
2010-11-09,12.77,12.89,12.72,12.73,12.73,22747
2010-11-10,12.7,12.86,12.65,12.76,12.76,12095
2010-11-11,12.78,12.81,12.37,12.51,12.51,34837
2010-11-12,12.49,12.53,12.37,12.415,12.415,23368
2010-11-15,12.41,12.65,12.26,12.5,12.5,21589
2010-11-16,12.49,12.508,11.53,12.16,12.16,95473
2010-11-17,12.17,12.5,12,12.45,12.45,29750
2010-11-18,12.41,12.43,12.29,12.33,12.33,22427
2010-11-19,12.32,12.36,12.2,12.29,12.29,13403
2010-11-22,12.32,12.32,11.97,12.1,12.1,44618
2010-11-23,11.91,12.13,11.88,12.04,12.04,31401
2010-11-24,12.13,12.14,11.95,12.12,12.12,15974
2010-11-26,12,12.25,12,12.0701,12.0701,4008
2010-11-29,12.1,12.1,12.01,12.06,12.06,10867
2010-11-30,12.07,12.17,12,12.03,12.03,59264
2010-12-01,12.04,12.2,12.01,12.01,12.01,45653
2010-12-02,12,12.09,11.78,11.93,11.93,64157
2010-12-03,11.82,11.96,11.69,11.79,11.79,41214
2010-12-06,11.72,11.91,11.63,11.8808,11.8808,26527
2010-12-07,11.87,11.87,11.613,11.71,11.71,44000
2010-12-08,11.65,11.7,11.4,11.46,11.46,54181
2010-12-09,11.38,11.58,11.1972,11.4,11.4,70007
2010-12-10,11.56,11.56,11.28,11.37,11.37,48982
2010-12-13,11.32,11.32,11,11.06,11.06,62698
2010-12-14,11.15,11.37,11.13,11.34,11.34,47779
2010-12-15,11.22,11.43,11.22,11.3,11.3,38327
2010-12-16,11.21,11.54,11.21,11.35,11.35,134300
2010-12-17,11.41,11.55,11.3,11.5,11.5,73575
2010-12-20,11.62,11.66,11.48,11.59,11.59,29030
2010-12-21,11.47,11.65,11.35,11.47,11.47,18171
2010-12-22,11.5,11.6199,11.5,11.51,11.51,31555
2010-12-23,11.57,11.59,11.48,11.49,11.49,14975
2010-12-27,11.4,11.59,11.3,11.535,11.535,42936
2010-12-28,11.5,11.5,11.38,11.48,11.48,28645
2010-12-29,11.42,11.61,11.4,11.5164,11.5164,24048
2010-12-30,11.46,11.52,11.25,11.52,11.52,39925
2010-12-31,11.5,11.65,11.5,11.62,11.62,15277
2011-01-03,11.59,11.72,11.56,11.7,11.7,71713
2011-01-04,11.67,11.72,11.59,11.7,11.7,26822
2011-01-05,11.71,11.76,11.6816,11.71,11.71,31483
2011-01-06,11.74,11.81,11.67,11.78,11.78,65029
2011-01-07,11.78,11.811,11.65,11.75,11.75,47013
2011-01-10,11.71,11.75,11.66,11.75,11.75,31635
2011-01-11,11.74,11.84,11.63,11.7419,11.7419,37881
2011-01-12,11.75,11.85,11.6601,11.8,11.8,62966
2011-01-13,11.83,11.87,11.82,11.84,11.84,42123
2011-01-14,11.86,11.8626,11.77,11.82,11.82,90775
2011-01-18,11.82,11.86,11.77,11.79,11.79,36912
2011-01-19,11.79,11.8297,11.7592,11.7603,11.7603,30673
2011-01-20,11.66,11.72,11.63,11.7,11.7,11655
2011-01-21,11.78,11.78,11.61,11.7,11.7,22702
2011-01-24,11.7,11.8,11.7,11.77,11.77,41129
2011-01-25,11.83,11.83,11.65,11.72,11.72,50832
2011-01-26,11.68,11.77,11.65,11.69,11.69,49062
2011-01-27,11.72,11.8,11.68,11.8,11.8,36354
2011-01-28,11.8,11.88,11.72,11.8,11.8,33249
2011-01-31,11.82,11.85,11.78,11.8005,11.8005,17163
2011-02-01,11.84,11.93,11.799,11.92,11.92,46836
2011-02-02,11.98,11.99,11.9599,11.99,11.99,27890
2011-02-03,11.98,12,11.95,11.99,11.99,11996
2011-02-04,12,12,11.94,11.95,11.95,21790
2011-02-07,11.96,12.049,11.96,12,12,17163
2011-02-08,11.99,12.03,11.97,12.01,12.01,18399
2011-02-09,12.02,12.02,11.91,12.01,12.01,20555
2011-02-10,12,12.0294,11.97,11.99,11.99,14330
2011-02-11,11.98,12.07,11.97,12.03,12.03,16752
2011-02-14,12.09,12.19,12.09,12.18,12.18,46385
2011-02-15,12.18,12.2001,12.09,12.15,12.15,85203
2011-02-16,12.12,12.25,12.06,12.14,12.14,15566
2011-02-17,12.09,12.15,12.09,12.15,12.15,40943
2011-02-18,12.15,12.15,12.1,12.1,12.1,21439
2011-02-22,12.03,12.14,12,12.05,12.05,36191
2011-02-23,12.12,12.14,11.87,11.98,11.98,28898
2011-02-24,11.91,12.042,11.91,12.02,12.02,26008
2011-02-25,12.04,12.05,11.97,12.05,12.05,17750
2011-02-28,12.12,12.1772,12.0901,12.13,12.13,22591
2011-03-01,12.1,12.15,12.088,12.15,12.15,12233
2011-03-02,12.14,12.25,12.13,12.2,12.2,19910
2011-03-03,12.2,12.3,12.15,12.16,12.16,29541
2011-03-04,12.07,12.16,12.07,12.15,12.15,27800
2011-03-07,12.1,12.2,12.08,12.14,12.14,16982
2011-03-08,12.16,12.24,12.16,12.23,12.23,17418
2011-03-09,12.22,12.25,12.22,12.25,12.25,15720
2011-03-10,12.23,12.33,12.126,12.23,12.23,23224
2011-03-11,12.21,12.35,12.2072,12.32,12.32,53364
2011-03-14,12.33,12.33,12.2,12.28,12.28,18930
2011-03-15,12.08,12.22,12.06,12.22,12.22,25638
2011-03-16,12.22,12.24,11.99,12.05,12.05,34719
2011-03-17,12.17,12.17,12.01,12.1199,12.1199,25862
2011-03-18,12.2,12.22,12.14,12.22,12.22,22651
2011-03-21,12.26,12.41,12.25,12.41,12.41,36397
2011-03-22,12.36,12.399,12.16,12.38,12.38,27300
2011-03-23,12.38,12.45,12.22,12.45,12.45,18576
2011-03-24,12.44,12.5498,12.3,12.43,12.43,53775
2011-03-25,12.47,12.47,12.31,12.39,12.39,41377
2011-03-28,12.42,12.45,12.32,12.32,12.32,16170
2011-03-29,12.33,12.4,12.3224,12.4,12.4,8680
2011-03-30,12.41,12.47,12.35,12.4,12.4,24846
2011-03-31,12.43,12.43,12.36,12.36,12.36,15622
2011-04-01,12.41,12.5,12.3408,12.5,12.5,22154
2011-04-04,12.53,12.53,12.47,12.49,12.49,9606
2011-04-05,12.5,12.58,12.47,12.52,12.52,14399
2011-04-06,12.59,12.59,12.5,12.59,12.59,20342
2011-04-07,12.58,12.641,12.52,12.54,12.54,21183
2011-04-08,12.63,12.63,12.446,12.45,12.45,30887
2011-04-11,12.45,12.48,12.42,12.45,12.45,33843
2011-04-12,12.4,12.48,12.39,12.48,12.48,14306
2011-04-13,12.47,12.48,12.44,12.48,12.48,29153
2011-04-14,12.45,12.55,12.4295,12.55,12.55,40847
2011-04-15,12.49,12.59,12.49,12.59,12.59,27447
2011-04-18,12.59,12.66,12.51,12.6536,12.6536,26353
2011-04-19,12.63,12.71,12.54,12.61,12.61,27782
2011-04-20,12.63,12.72,12.58,12.71,12.71,39282
2011-04-21,12.75,12.8665,12.705,12.85,12.85,28313
2011-04-25,12.86,12.88,12.76,12.77,12.77,11631
2011-04-26,12.82,12.84,12.75,12.76,12.76,20157
2011-04-27,12.78,12.84,12.73,12.76,12.76,31921
2011-04-28,12.76,12.8,12.65,12.69,12.69,28710
2011-04-29,12.68,12.75,12.66,12.71,12.71,24223
2011-05-02,12.75,12.81,12.72,12.8,12.8,26897
2011-05-03,12.77,12.81,12.75,12.81,12.81,23602
2011-05-04,12.82,12.86,12.76,12.83,12.83,15992
2011-05-05,12.82,12.85,12.75,12.75,12.75,14053
2011-05-06,12.8,12.89,12.75,12.89,12.89,28503
2011-05-09,12.87,12.93,12.862,12.93,12.93,16216
2011-05-10,12.95,13,12.9456,13,13,15764
2011-05-11,13.01,13.28,12.9,13.28,13.28,26436
2011-05-12,13.14,13.46,13.14,13.35,13.35,44788
2011-05-13,13.42,13.512,13.35,13.46,13.46,40310
2011-05-16,13.5,13.565,13.22,13.31,13.31,47244
2011-05-17,13.36,13.4,13.3,13.3,13.3,19088
2011-05-18,13.34,13.43,13.21,13.43,13.43,32292
2011-05-19,13.4,13.4,13.241,13.32,13.32,32395
2011-05-20,13.34,13.34,13.158,13.3,13.3,15439
2011-05-23,13.26,13.26,13.15,13.2,13.2,24152
2011-05-24,13.26,13.32,13.19,13.19,13.19,24192
2011-05-25,13.23,13.27,13.13,13.16,13.16,16696
2011-05-26,13.19,13.22,13.1816,13.21,13.21,15616
2011-05-27,13.25,13.26,13.13,13.25,13.25,11502
2011-05-31,13.31,13.39,13.2901,13.34,13.34,40221
2011-06-01,13.35,13.42,13.35,13.39,13.39,54125
2011-06-02,13.41,13.5,13.26,13.38,13.38,26282
2011-06-03,13.32,13.42,13.2736,13.37,13.37,15423
2011-06-06,13.39,13.46,13.29,13.33,13.33,20707
2011-06-07,13.38,13.46,13.38,13.42,13.42,20799
2011-06-08,13.44,13.54,13.2975,13.3,13.3,35081
2011-06-09,13.38,13.42,13.3,13.3614,13.3614,18195
2011-06-10,13.38,13.39,13,13.14,13.14,60625
2011-06-13,13.21,13.2118,13,13.02,13.02,35017
2011-06-14,13.1,13.3,12.93,13.21,13.21,38681
2011-06-15,13.17,13.24,13.0884,13.15,13.15,8688
2011-06-16,13.18,13.18,12.98,13.17,13.17,16495
2011-06-17,13.15,13.22,12.92,13.12,13.12,19461
2011-06-20,13.1,13.31,13.1,13.29,13.29,26222
2011-06-21,13.33,13.435,13.18,13.31,13.31,20744
2011-06-22,13.38,13.45,13.21,13.39,13.39,14144
2011-06-23,13.41,13.55,13.36,13.489,13.489,42184
2011-06-24,13.5,13.6,13.34,13.44,13.44,64158
2011-06-27,13.52,14.3,13.4372,13.45,13.45,25257
2011-06-28,13.63,13.69,13.45,13.49,13.49,40235
2011-06-29,13.59,13.66,13.5375,13.58,13.58,18369
2011-06-30,13.63,13.71,13.37,13.45,13.45,43921
2011-07-01,13.55,13.55,13.39,13.54,13.54,14955
2011-07-05,13.6,13.6,13.5076,13.55,13.55,13140
2011-07-06,13.58,13.65,13.58,13.64,13.64,27678
2011-07-07,13.68,13.8,13.58,13.64,13.64,38014
2011-07-08,13.76,13.76,13.61,13.64,13.64,22816
2011-07-11,13.71,13.71,13.53,13.61,13.61,31194
2011-07-12,13.56,13.69,13.56,13.69,13.69,17856
2011-07-13,13.68,13.72,13.56,13.68,13.68,15853
2011-07-14,13.72,13.78,13.7003,13.73,13.73,13347
2011-07-15,13.8,13.84,13.68,13.7292,13.7292,10173
2011-07-18,13.84,13.84,13.57,13.62,13.62,17762
2011-07-19,13.67,13.78,13.63,13.73,13.73,17974
2011-07-20,13.84,13.99,13.77,13.98,13.98,59675
2011-07-21,14,14.18,13.71,13.92,13.92,61396
2011-07-22,13.83,13.99,13.7,13.94,13.94,36854
2011-07-25,13.94,14.01,13.62,13.63,13.63,42493
2011-07-26,13.78,13.78,13.43,13.53,13.53,41684
2011-07-27,13.66,13.66,13.1,13.12,13.12,44943
2011-07-28,13.1,13.1,12.73,12.85,12.85,77958
2011-07-29,12.77,13.06,12.55,12.9,12.9,48956
2011-08-01,13,13.22,12.95,13.12,13.12,50881
2011-08-02,13.1,13.28,13.0301,13.12,13.12,71256
2011-08-03,13.19,13.19,12.901,13.0401,13.0401,41336
2011-08-04,12.97,13.12,12.75,12.75,12.75,41667
2011-08-05,12.74,12.89,11.45,12.31,12.31,133029
2011-08-08,11.99,11.99,11.05,11.08,11.08,61968
2011-08-09,11.22,12.19,11.1,12.13,12.13,127212
2011-08-10,12.12,12.31,11.9,12.247,12.247,47654
2011-08-11,12.49,12.81,12.27,12.774,12.774,38955
2011-08-12,12.88,13.26,12.88,13.24,13.24,69281
2011-08-15,13.26,13.57,13.2406,13.43,13.43,70372
2011-08-16,13.34,13.51,13.18,13.43,13.43,42277
2011-08-17,13.53,13.6552,13.26,13.58,13.58,37536
2011-08-18,13.4,13.4,12.74,13.29,13.29,79560
2011-08-19,13.04,13.3292,12.71,13.0995,13.0995,44178
2011-08-22,13.29,13.29,12.8,12.815,12.815,25358
2011-08-23,13,13.1,12.77,12.95,12.95,40245
2011-08-24,12.84,13.03,12.82,12.97,12.97,30890
2011-08-25,12.97,13.07,12.61,12.92,12.92,25718
2011-08-26,12.89,13.26,12.89,13.18,13.18,56952
2011-08-29,13.22,13.41,13.1205,13.41,13.41,65967
2011-08-30,13.45,13.499,13.35,13.46,13.46,19084
2011-08-31,13.51,13.66,13.32,13.61,13.61,20811
2011-09-01,13.7,13.75,13.489,13.61,13.61,21909
2011-09-02,13.4,13.6,13.39,13.56,13.56,26357
2011-09-06,13.4,13.41,13.3,13.33,13.33,38729
2011-09-07,13.38,13.6,13.38,13.57,13.57,23715
2011-09-08,13.5,13.629,13.4,13.44,13.44,26561
2011-09-09,13.34,13.47,13.15,13.32,13.32,18958
2011-09-12,13.32,13.45,13.29,13.41,13.41,34972
2011-09-13,13.47,13.61,13.3801,13.61,13.61,12527
2011-09-14,13.65,13.97,13.62,13.89,13.89,34310
2011-09-15,13.92,14,13.83,13.92,13.92,22949
2011-09-16,13.92,14.18,13.92,14.0945,14.0945,29717
2011-09-19,14.07,14.355,13.89,14.18,14.18,46314
2011-09-20,14.3,14.3,14.06,14.11,14.11,54765
2011-09-21,14.2,14.2,13.5,13.536,13.536,62326
2011-09-22,13.45,13.45,13,13.19,13.19,55308
2011-09-23,13.19,13.19,13.06,13.15,13.15,26204
2011-09-26,13.23,13.23,13.05,13.13,13.13,15279
2011-09-27,13.39,13.39,13.21,13.33,13.33,23058
2011-09-28,13.31,13.4,13.25,13.25,13.25,34418
2011-09-29,13.43,13.4499,13.25,13.33,13.33,23555
2011-09-30,13.3,13.47,13.3,13.38,13.38,20715
2011-10-03,13.39,13.47,12.65,12.85,12.85,61792
2011-10-04,12.56,12.63,12.15,12.34,12.34,64219
2011-10-05,12.43,12.82,12.43,12.76,12.76,23500
2011-10-06,12.83,13.1832,12.7932,13,13,25653
2011-10-07,13.18,13.25,13,13.03,13.03,21362
2011-10-10,13.15,13.57,13.15,13.48,13.48,25738
2011-10-11,13.38,13.4,13.23,13.28,13.28,33016
2011-10-12,13.39,13.39,13.18,13.39,13.39,16292
2011-10-13,13.33,13.3805,13.1801,13.3348,13.3348,17374
2011-10-14,13.54,13.58,13.37,13.53,13.53,34129
2011-10-17,13.62,13.83,13.568,13.81,13.81,43097
2011-10-18,13.87,14.08,13.705,14.08,14.08,24182
2011-10-19,14.11,14.28,14.02,14.226,14.226,42266
2011-10-20,14.22,14.29,14.02,14.2,14.2,29910
2011-10-21,14.42,14.42,13.55,13.55,13.55,88733
2011-10-24,13.53,13.66,13.08,13.15,13.15,107564
2011-10-25,13.15,13.2,12.86,13.08,13.08,74292
2011-10-26,13.35,13.35,13.0676,13.18,13.18,29260
2011-10-27,13.6,13.6,13.05,13.18,13.18,49638
2011-10-28,13.32,13.3599,13.139,13.25,13.25,26099
2011-10-31,13.37,13.37,13.175,13.22,13.22,19557
2011-11-01,13.15,13.16,13,13.05,13.05,26624
2011-11-02,13.22,13.27,13.11,13.19,13.19,15554
2011-11-03,13.23,13.2348,13.06,13.14,13.14,19249
2011-11-04,13.14,13.19,13.12,13.19,13.19,6644
2011-11-07,13.25,13.32,13.16,13.17,13.17,21576
2011-11-08,13.21,13.34,13.19,13.31,13.31,17617
2011-11-09,13.28,13.28,13.12,13.19,13.19,30239
2011-11-10,13.31,13.3401,13.18,13.18,13.18,14253
2011-11-11,13.26,13.46,13.26,13.39,13.39,16083
2011-11-14,13.43,13.439,13.28,13.37,13.37,7976
2011-11-15,13.37,13.5,13.37,13.49,13.49,17752
2011-11-16,13.44,13.582,13.41,13.58,13.58,20342
2011-11-17,13.6,13.74,13.25,13.5,13.5,41451
2011-11-18,13.5,13.5399,13.317,13.45,13.45,24855
2011-11-21,13.36,13.4,13.3,13.4,13.4,14356
2011-11-22,13.54,13.54,13.38,13.48,13.48,39389
2011-11-23,13.47,13.47,13.14,13.23,13.23,35666
2011-11-25,13.28,13.36,13.27,13.34,13.34,6541
2011-11-28,13.61,13.61,13.49,13.52,13.52,12186
2011-11-29,13.51,13.51,13.46,13.5,13.5,11162
2011-11-30,13.75,13.75,13.56,13.63,13.63,37473
2011-12-01,13.69,13.75,13.42,13.69,13.69,20342
2011-12-02,13.76,13.76,13.49,13.5316,13.5316,27320
2011-12-05,13.61,13.78,13.55,13.57,13.57,32418
2011-12-06,13.65,13.7,13.57,13.66,13.66,27925
2011-12-07,13.69,13.69,13.5206,13.61,13.61,21499
2011-12-08,13.64,13.64,13.42,13.44,13.44,15911
2011-12-09,13.59,13.69,13.51,13.59,13.59,17878
2011-12-12,13.61,13.66,13.44,13.6,13.6,12543
2011-12-13,13.63,13.64,13.49,13.58,13.58,45082
2011-12-14,13.59,13.59,13.46,13.49,13.49,18299
2011-12-15,13.57,13.89,13.57,13.751,13.751,22168
2011-12-16,13.72,13.97,13.71,13.86,13.86,32881
2011-12-19,13.91,14.14,13.87,13.95,13.95,20757
2011-12-20,14,14,13.5,13.92,13.92,31993
2011-12-21,14,14.0275,13.92,13.96,13.96,23694
2011-12-22,13.95,14.21,13.95,14.09,14.09,16264
2011-12-23,14.12,14.19,14.07,14.1042,14.1042,18880
2011-12-27,14.02,14.07,13.95,14.01,14.01,25314
2011-12-28,14,14.09,14,14,14,12522
2011-12-29,13.96,13.99,13.851,13.8911,13.8911,16244
2011-12-30,13.97,14.2,13.75,14.14,14.14,35915
2012-01-03,14.19,14.25,14.136,14.16,14.16,25334
2012-01-04,14.21,14.25,14.16,14.25,14.25,22215
2012-01-05,14.32,14.46,14.31,14.45,14.45,38893
2012-01-06,14.47,14.48,14.35,14.36,14.36,12927
2012-01-09,14.36,14.48,14.35,14.48,14.48,22007
2012-01-10,14.61,14.65,14.5024,14.63,14.63,26665
2012-01-11,14.53,14.7,14.53,14.69,14.69,40551
2012-01-12,14.65,14.8,14.51,14.75,14.75,20676
2012-01-13,14.7,14.8,14.7,14.708,14.708,22404
2012-01-17,14.76,14.7739,14.4,14.64,14.64,55639
2012-01-18,14.56,14.6,14.42,14.46,14.46,31437
2012-01-19,14.45,14.9,14.41,14.76,14.76,56503
2012-01-20,14.65,14.96,14.61,14.78,14.78,26742
2012-01-23,14.84,14.84,14.63,14.81,14.81,24871
2012-01-24,14.78,14.83,14.58,14.69,14.69,31560
2012-01-25,14.65,14.7676,14.61,14.75,14.75,50563
2012-01-26,14.77,14.92,14.75,14.92,14.92,34153
2012-01-27,14.95,14.95,14.8396,14.88,14.88,13053
2012-01-30,14.74,14.779,14.69,14.7,14.7,21778
2012-01-31,14.92,14.96,14.78,14.9,14.9,16453
2012-02-01,14.91,15.09,14.9,14.92,14.92,21915
2012-02-02,14.91,14.99,14.71,14.93,14.93,15723
2012-02-03,15,15.039,14.83,14.98,14.98,37902
2012-02-06,14.87,15.07,14.86,15.04,15.04,17375
2012-02-07,15.04,15.24,15.024,15.09,15.09,36659
2012-02-08,15.17,15.23,15.1,15.11,15.11,13670
2012-02-09,15.12,15.39,15.12,15.2412,15.2412,17437
2012-02-10,15.29,15.29,15.11,15.17,15.17,21226
2012-02-13,15.17,15.67,15.17,15.4118,15.4118,31937
2012-02-14,15.44,15.62,15.4108,15.6,15.6,16581
2012-02-15,16.1,16.1,15.2,15.47,15.47,35305
2012-02-16,15.8,15.8,15.3901,15.49,15.49,39736
2012-02-17,15.5,15.5,15.25,15.3999,15.3999,26093
2012-02-21,15.48,15.6,15.47,15.59,15.59,44137
2012-02-22,15.59,15.59,15.43,15.45,15.45,24264
2012-02-23,15.46,15.667,15.4504,15.54,15.54,23917
2012-02-24,15.61,15.7,15.45,15.62,15.62,28242
2012-02-27,15.5,15.5528,15.31,15.44,15.44,36627
2012-02-28,15.48,15.55,15.39,15.518,15.518,14369
2012-02-29,15.46,15.65,15.46,15.6,15.6,14061
2012-03-01,15.53,15.58,15.4,15.5,15.5,21443
2012-03-02,15.45,15.58,15.45,15.54,15.54,48434
2012-03-05,15.53,15.55,15.31,15.4,15.4,20101
2012-03-06,15.26,15.28,14.9,15.27,15.27,60303
2012-03-07,15.22,15.29,15.12,15.24,15.24,110988
2012-03-08,15.3,15.44,15.21,15.38,15.38,24710
2012-03-09,15.36,15.52,15.35,15.48,15.48,39683
2012-03-12,15.4,15.52,15.36,15.43,15.43,51020
2012-03-13,15.4,15.44,15.39,15.43,15.43,21645
2012-03-14,15.42,15.44,15.3404,15.44,15.44,19164
2012-03-15,15.44,15.88,15.43,15.62,15.62,76885
2012-03-16,15.71,15.7199,15.43,15.4724,15.4724,57205
2012-03-19,15.54,15.55,15.06,15.11,15.11,56709
2012-03-20,15.12,15.12,14.9,14.95,14.95,42816
2012-03-21,14.8,14.87,14.261,14.53,14.53,74083
2012-03-22,14.34,14.53,14.05,14.53,14.53,60392
2012-03-23,14.44,14.675,14.4,14.4,14.4,40744
2012-03-26,14.53,14.58,13.89,14.15,14.15,34959
2012-03-27,14.06,14.16,13.64,13.67,13.67,210135
2012-03-28,13.63,14.0236,13.63,13.9484,13.9484,92293
2012-03-29,14.04,14.04,13.7764,13.99,13.99,25012
2012-03-30,14.04,14.2215,13.984,14.2215,14.2215,24293
2012-04-02,14.22,14.39,14.11,14.11,14.11,53149
2012-04-03,14.05,14.21,14.04,14.15,14.15,28663
2012-04-04,14.13,14.2,14.1,14.11,14.11,64705
2012-04-05,14.15,14.22,14.05,14.2099,14.2099,76023
2012-04-09,14.01,14.3,13.99,14.19,14.19,35843
2012-04-10,14.2,14.2,14.08,14.14,14.14,22819
2012-04-11,14.17,14.25,14.1691,14.22,14.22,12327
2012-04-12,14.22,14.3299,14.08,14.24,14.24,22981
2012-04-13,14.24,14.26,14.16,14.24,14.24,12063
2012-04-16,14.3,14.46,14.2,14.28,14.28,29144
2012-04-17,14.3,14.5,14.296,14.404,14.404,31964
2012-04-18,14.39,14.46,14.35,14.42,14.42,14426
2012-04-19,14.4,14.54,14.4,14.54,14.54,7464
2012-04-20,14.55,14.55,14.42,14.42,14.42,7810
2012-04-23,14.42,14.557,14.3,14.5001,14.5001,13198
2012-04-24,14.63,14.67,14.05,14.19,14.19,60972
2012-04-25,14.16,14.3033,14.15,14.22,14.22,31358
2012-04-26,14.2,14.348,14.2,14.3,14.3,8806
2012-04-27,14.35,14.3529,14.23,14.23,14.23,11125
2012-04-30,14.25,14.47,14.22,14.43,14.43,33153
2012-05-01,14.48,14.48,14.2,14.3,14.3,23587
2012-05-02,14.22,14.255,14.06,14.07,14.07,23322
2012-05-03,14.05,14.12,13.98,14,14,21679
2012-05-04,13.98,14.09,13.91,14.05,14.05,18385
2012-05-07,14.12,14.22,14.1,14.22,14.22,15348
2012-05-08,14.2,14.24,14.12,14.1322,14.1322,8400
2012-05-09,14.06,14.17,14,14.15,14.15,12992
2012-05-10,14.12,14.3782,14,14.02,14.02,28397
2012-05-11,13.96,14.15,13.96,14.14,14.14,18161
2012-05-14,14.02,14.0892,13.98,13.99,13.99,9108
2012-05-15,14,14.044,13.99,13.99,13.99,15121
2012-05-16,14.09,14.14,14.0135,14.09,14.09,13339
2012-05-17,14.06,14.12,13.98,14.07,14.07,21718
2012-05-18,14.07,14.16,13.95,14.08,14.08,16416
2012-05-21,13.99,14.02,13.83,14.01,14.01,14847
2012-05-22,14.01,14.05,13.83,13.85,13.85,31861
2012-05-23,13.76,13.92,13.71,13.92,13.92,24206
2012-05-24,14.01,14.12,13.92,14.07,14.07,13901
2012-05-25,14,14,13.8736,13.9,13.9,23407
2012-05-29,13.87,13.97,13.8301,13.89,13.89,13868
2012-05-30,13.78,13.92,13.7,13.79,13.79,24824
2012-05-31,13.84,13.92,13.7905,13.88,13.88,21966
2012-06-01,13.83,13.83,13.5,13.7299,13.7299,28942
2012-06-04,13.66,13.77,13.66,13.72,13.72,11705
2012-06-05,13.65,13.77,13.65,13.7,13.7,7728
2012-06-06,13.71,13.93,13.71,13.92,13.92,11217
2012-06-07,13.9,13.9056,13.76,13.85,13.85,7291
2012-06-08,13.77,14,13.77,14,14,6141
2012-06-11,14,14,13.8,13.85,13.85,11337
2012-06-12,13.76,13.9,13.76,13.849,13.849,10741
2012-06-13,13.8,13.88,13.76,13.85,13.85,6790
2012-06-14,13.8,13.9699,13.8,13.83,13.83,9782
2012-06-15,13.83,13.98,13.83,13.85,13.85,11111
2012-06-18,13.85,14.0595,13.85,14.0118,14.0118,15483
2012-06-19,14.01,14.27,14.01,14.2699,14.2699,11686
2012-06-20,14.15,14.22,14.05,14.17,14.17,11316
2012-06-21,14.09,14.12,13.9975,14.06,14.06,13692
2012-06-22,14,14.28,14,14.28,14.28,18690
2012-06-25,14.25,14.25,14.2,14.209,14.209,13035
2012-06-26,14.21,14.3899,14.2,14.37,14.37,17487
2012-06-27,14.36,14.38,14.27,14.2918,14.2918,12138
2012-06-28,14.23,14.48,14.23,14.4699,14.4699,4935
2012-06-29,14.69,14.8,14.2,14.2,14.2,21305
2012-07-02,14.15,14.26,14.07,14.23,14.23,18347
2012-07-03,14.27,14.39,14.08,14.39,14.39,17016
2012-07-05,14.33,14.4,14.18,14.27,14.27,10209
2012-07-06,14.14,14.45,14.14,14.27,14.27,20907
2012-07-09,14.23,14.484,14.19,14.47,14.47,7259
2012-07-10,14.42,14.501,14.25,14.25,14.25,30864
2012-07-11,14.21,14.38,14.17,14.26,14.26,8011
2012-07-12,14.26,14.72,14.2,14.451,14.451,15980
2012-07-13,14.45,14.57,14.245,14.46,14.46,29470
2012-07-16,14.52,14.63,14.41,14.63,14.63,13766
2012-07-17,14.59,14.71,14.48,14.67,14.67,40888
2012-07-18,14.58,14.8,14.58,14.79,14.79,18928
2012-07-19,14.76,14.87,14.7,14.85,14.85,16868
2012-07-20,14.7,14.81,14.5,14.64,14.64,26281
2012-07-23,14.72,14.7499,14.33,14.4335,14.4335,29057
2012-07-24,14.45,14.67,14.15,14.211,14.211,30893
2012-07-25,14.34,14.4113,14.21,14.2999,14.2999,16155
2012-07-26,14.39,14.68,14.33,14.57,14.57,25589
2012-07-27,14.52,14.52,14.29,14.35,14.35,62801
2012-07-30,14.34,14.49,14.34,14.46,14.46,21643
2012-07-31,14.44,14.74,14.44,14.59,14.59,28878
2012-08-01,14.62,14.82,14.5999,14.7,14.7,30579
2012-08-02,14.7,14.85,14.69,14.76,14.76,30195
2012-08-03,14.85,14.85,14.6,14.76,14.76,25125
2012-08-06,14.71,14.84,14.71,14.74,14.74,20681
2012-08-07,14.77,14.89,14.77,14.83,14.83,13853
2012-08-08,14.83,15.088,14.83,15.04,15.04,51458
2012-08-09,15.04,15.26,15.04,15.09,15.09,62049
2012-08-10,15.09,15.09,14.85,15.05,15.05,13001
2012-08-13,14.97,15.23,14.92,15.16,15.16,27448
2012-08-14,15.23,15.25,15.15,15.25,15.25,15089
2012-08-15,15.16,15.17,15.04,15.15,15.15,29951
2012-08-16,15.11,15.32,15.0115,15.32,15.32,27342
2012-08-17,15.23,15.47,15.23,15.44,15.44,28831
2012-08-20,15.38,15.44,15.1935,15.2423,15.2423,21941
2012-08-21,15.25,15.49,15.1801,15.47,15.47,29114
2012-08-22,15.28,15.37,15.08,15.2299,15.2299,17256
2012-08-23,15.1,15.315,15.0405,15.12,15.12,19801
2012-08-24,15.04,15.15,15.01,15.09,15.09,15871
2012-08-27,15.17,15.2,15.15,15.16,15.16,22734
2012-08-28,15.19,15.19,14.83,15.05,15.05,25064
2012-08-29,14.95,15.12,14.85,15.12,15.12,19748
2012-08-30,14.92,15.2,14.91,15.11,15.11,12137
2012-08-31,15.2,15.3585,15,15.21,15.21,16637
2012-09-04,15.2,15.24,15.07,15.16,15.16,24764
2012-09-05,15.07,15.209,15.07,15.13,15.13,20386
2012-09-06,15.11,15.28,15.0602,15.22,15.22,21936
2012-09-07,15.21,15.28,15.19,15.2,15.2,19772
2012-09-10,15.05,15.19,15.05,15.19,15.19,30076
2012-09-11,15.13,15.3,15.13,15.29,15.29,16063
2012-09-12,15.22,15.3395,15.22,15.31,15.31,10814
2012-09-13,15.26,15.49,15.26,15.41,15.41,14705
2012-09-14,15.37,15.5,15.36,15.48,15.48,16506
2012-09-17,15.43,15.46,15.25,15.4,15.4,16319
2012-09-18,15.33,15.54,15.27,15.4483,15.4483,15742
2012-09-19,15.33,15.56,15.33,15.56,15.56,17776
2012-09-20,15.45,15.77,15.44,15.602,15.602,30864
2012-09-21,15.56,15.56,15.38,15.38,15.38,20277
2012-09-24,15.3,15.58,15.2152,15.42,15.42,25107
2012-09-25,15.41,15.43,15.31,15.3507,15.3507,27118
2012-09-26,15.28,15.4,15.25,15.35,15.35,19158
2012-09-27,15.32,15.4,15.25,15.286,15.286,12644
2012-09-28,15.35,15.4518,15.25,15.39,15.39,18724
2012-10-01,15.37,15.5,15.23,15.26,15.26,30054
2012-10-02,15.26,15.2999,15.06,15.24,15.24,20527
2012-10-03,15.21,15.46,15.09,15.31,15.31,28636
2012-10-04,15.31,15.3695,15.25,15.32,15.32,16680
2012-10-05,15.25,15.37,15.12,15.29,15.29,18170
2012-10-08,15.29,15.32,15.25,15.32,15.32,19682
2012-10-09,15.27,15.4,15.26,15.35,15.35,17932
2012-10-10,15.26,15.31,15.15,15.18,15.18,27872
2012-10-11,15.12,15.31,15.12,15.3,15.3,26597
2012-10-12,15.25,15.3656,15.2316,15.34,15.34,14725
2012-10-15,15.29,15.3482,15.29,15.33,15.33,4761
2012-10-16,15.28,15.47,15.25,15.409,15.409,23350
2012-10-17,15.35,15.5,15.3,15.48,15.48,21414
2012-10-18,15.58,15.58,15.37,15.47,15.47,7874
2012-10-19,15.44,15.8,15.44,15.64,15.64,28635
2012-10-22,15.48,15.5001,15.3738,15.43,15.43,18780
2012-10-23,15.5,15.5,15.18,15.1801,15.1801,25374
2012-10-24,15.2,15.22,14.999,15.19,15.19,42477
2012-10-25,15.18,15.2599,15.08,15.2599,15.2599,15827
2012-10-26,15.19,15.2,15,15.07,15.07,26407
2012-10-31,15.14,15.19,15.06,15.1,15.1,29551
2012-11-01,15.03,15.25,14.89,15.13,15.13,40188
2012-11-02,15.2,15.25,15.021,15.12,15.12,24300
2012-11-05,15.07,15.1,14.91,15.01,15.01,17369
2012-11-06,14.96,15.1499,14.96,15.08,15.08,20909
2012-11-07,14.96,15.13,14.9001,14.97,14.97,43055
2012-11-08,14.91,15.04,14.9,14.91,14.91,18513
2012-11-09,14.9,15.17,14.9,15.03,15.03,61857
2012-11-12,15.01,15.15,15.01,15.02,15.02,19347
2012-11-13,15.03,15.13,15.02,15.0801,15.0801,12964
2012-11-14,15.14,15.14,14.79,14.87,14.87,94397
2012-11-15,14.73,14.73,14.12,14.2,14.2,102851
2012-11-16,14.35,14.73,14.3167,14.73,14.73,22271
2012-11-19,14.83,15.17,14.83,14.89,14.89,22350
2012-11-20,14.99,15.0199,14.83,14.88,14.88,22576
2012-11-21,14.94,15.064,14.83,15.04,15.04,16142
2012-11-23,14.95,14.99,14.95,14.99,14.99,3424
2012-11-26,14.88,14.956,14.74,14.78,14.78,28103
2012-11-27,14.84,15.02,14.79,14.9,14.9,18707
2012-11-28,14.82,14.9299,14.75,14.92,14.92,22374
2012-11-29,14.91,14.93,14.87,14.9,14.9,3990
2012-11-30,14.98,14.99,14.84,14.85,14.85,22242
2012-12-03,14.86,14.86,14.71,14.72,14.72,13984
2012-12-04,14.74,14.85,14.63,14.85,14.85,22943
2012-12-05,14.79,15.06,14.64,14.83,14.83,15427
2012-12-06,14.79,14.83,14.72,14.75,14.75,13938
2012-12-07,14.79,14.79,14.54,14.54,14.54,23767
2012-12-10,14.5,14.54,14.195,14.37,14.37,62304
2012-12-11,14.29,14.42,14.23,14.23,14.23,56969
2012-12-12,14.22,14.46,14.22,14.43,14.43,35511
2012-12-13,14.5,14.5,14.27,14.33,14.33,36460
2012-12-14,14.29,14.42,14.26,14.34,14.34,9475
2012-12-17,14.27,14.49,14.09,14.22,14.22,46483
2012-12-18,14.21,14.31,14,14.05,14.05,58103
2012-12-19,13.78,13.8673,13.65,13.71,13.71,34907
2012-12-20,13.74,13.75,13.68,13.69,13.69,25109
2012-12-21,13.63,13.97,13.63,13.86,13.86,39702
2012-12-24,13.84,13.9,13.74,13.82,13.82,8061
2012-12-26,13.82,13.82,13.6,13.62,13.62,42460
2012-12-27,13.64,13.74,13.42,13.56,13.56,40508
2012-12-28,13.46,13.59,13.29,13.39,13.39,41325
2012-12-31,13.44,13.73,13.392,13.63,13.63,52378
2013-01-02,13.72,14.07,13.72,14.02,14.02,43497
2013-01-03,14.06,14.31,14.01,14.226,14.226,47659
2013-01-04,14.26,14.55,14.23,14.46,14.46,48944
2013-01-07,14.46,14.58,14.26,14.37,14.37,36656
2013-01-08,14.33,14.68,14.33,14.6,14.6,33070
2013-01-09,14.54,14.7,14.54,14.7,14.7,23108
2013-01-10,14.66,14.93,14.64,14.87,14.87,31257
2013-01-11,14.82,14.83,14.65,14.7301,14.7301,25230
2013-01-14,14.68,14.79,14.67,14.74,14.74,22552
2013-01-15,14.74,14.89,14.71,14.89,14.89,25197
2013-01-16,14.82,14.87,14.63,14.8,14.8,32706
2013-01-17,14.76,14.99,14.76,14.97,14.97,14480
2013-01-18,14.92,15.25,14.92,15.09,15.09,19785
2013-01-22,14.94,15.139,14.9,15.1,15.1,12804
2013-01-23,15.09,15.13,15.03,15.13,15.13,22554
2013-01-24,15.15,15.291,15.04,15.16,15.16,31766
2013-01-25,15.2,15.3348,15.1004,15.13,15.13,13768
2013-01-28,15.09,15.13,15.03,15.1195,15.1195,16998
2013-01-29,15.14,15.14,15.07,15.08,15.08,15119
2013-01-30,15.08,15.15,15.01,15.04,15.04,14588
2013-01-31,15.09,15.0999,15.01,15.09,15.09,31595
2013-02-01,15.09,15.15,15.06,15.09,15.09,12429
2013-02-04,15.09,15.09,15.03,15.0434,15.0434,16309
2013-02-05,15.05,15.19,15.05,15.18,15.18,22335
2013-02-06,15.15,15.2082,15.08,15.11,15.11,10509
2013-02-07,15.08,15.0999,14.9065,14.94,14.94,14493
2013-02-08,14.93,15.1,14.92,15.0852,15.0852,23146
2013-02-11,15.05,15.1,14.9522,15.0399,15.0399,14752
2013-02-12,15.11,15.11,15,15.0301,15.0301,11304
2013-02-13,15.11,15.11,14.96,15.031,15.031,9546
2013-02-14,15.05,15.19,15.05,15.112,15.112,12625
2013-02-15,15.07,15.19,15.02,15.1699,15.1699,20012
2013-02-19,15.08,15.134,15.07,15.07,15.07,6258
2013-02-20,15.08,15.15,14.97,15.03,15.03,14672
2013-02-21,15.03,15.13,14.95,14.972,14.972,20531
2013-02-22,14.96,15.036,14.91,14.9701,14.9701,10786
2013-02-25,15.07,15.092,14.93,15.03,15.03,16510
2013-02-26,15.01,15.05,15.01,15.0401,15.0401,8881
2013-02-27,15.08,15.1,15.01,15.05,15.05,20920
2013-02-28,15.05,15.05,14.93,14.96,14.96,21512
2013-03-01,14.91,15.09,14.91,14.97,14.97,27857
2013-03-04,14.89,15.06,14.73,14.97,14.97,31463
2013-03-05,14.9,14.95,14.78,14.94,14.94,30705
2013-03-06,14.9,14.99,14.49,14.7,14.7,42890
2013-03-07,14.68,14.8,14.55,14.64,14.64,17073
2013-03-08,14.55,14.89,14.5,14.75,14.75,32527
2013-03-11,14.84,14.89,14.55,14.85,14.85,36539
2013-03-12,14.76,14.85,14.58,14.8,14.8,15669
2013-03-13,14.71,14.78,14.5,14.64,14.64,27218
2013-03-14,14.58,14.69,14.4,14.55,14.55,24786
2013-03-15,14.64,14.72,14.4,14.4,14.4,30632
2013-03-18,14.23,14.62,14.2,14.38,14.38,28498
2013-03-19,14.38,14.71,14.36,14.36,14.36,23185
2013-03-20,14.49,14.52,14.23,14.38,14.38,22798
2013-03-21,14.31,14.75,14.29,14.57,14.57,39451
2013-03-22,14.5,14.68,14.41,14.55,14.55,17044
2013-03-25,14.7,14.73,14.7,14.71,14.71,15325
2013-03-26,14.75,14.7646,14.64,14.6599,14.6599,9223
2013-03-27,14.62,14.8118,14.62,14.7892,14.7892,10670
2013-03-28,14.82,14.85,14.65,14.82,14.82,26987
2013-04-01,14.88,14.89,14.7153,14.89,14.89,16254
2013-04-02,14.85,15.02,14.75,14.8,14.8,14158
2013-04-03,14.75,14.84,14.58,14.75,14.75,27954
2013-04-04,14.67,14.98,14.57,14.91,14.91,31594
2013-04-05,14.75,14.95,14.75,14.9,14.9,33361
2013-04-08,14.95,14.98,14.81,14.9,14.9,28648
2013-04-09,14.81,14.9,14.8,14.9,14.9,29329
2013-04-10,14.83,15,14.83,14.9555,14.9555,23408
2013-04-11,15.01,15.16,15,15.1501,15.1501,23157
2013-04-12,15.2,15.21,15.08,15.162,15.162,19718
2013-04-15,15.29,15.41,15.17,15.26,15.26,30707
2013-04-16,15.35,15.4865,15.3,15.4,15.4,22790
2013-04-17,15.46,15.54,15.41,15.48,15.48,24749
2013-04-18,15.54,15.54,15.4,15.41,15.41,8334
2013-04-19,15.27,15.63,15.27,15.59,15.59,21391
2013-04-22,15.6,15.8,15.51,15.73,15.73,22170
2013-04-23,15.64,15.64,15.51,15.58,15.58,18786
2013-04-24,15.55,15.63,15.55,15.63,15.63,10650
2013-04-25,15.65,15.7,15.54,15.55,15.55,10142
2013-04-26,15.55,15.612,15.29,15.36,15.36,31165
2013-04-29,15.33,15.5,15.23,15.43,15.43,32853
2013-04-30,15.47,15.54,15.35,15.3801,15.3801,22765
2013-05-01,15.45,15.5,15.31,15.4236,15.4236,25222
2013-05-02,15.38,15.649,15.34,15.52,15.52,27189
2013-05-03,15.59,15.59,15.44,15.47,15.47,18815
2013-05-06,15.42,15.45,15.28,15.31,15.31,30710
2013-05-07,15.39,15.52,15.29,15.34,15.34,22959
2013-05-08,15.32,15.48,15.32,15.4724,15.4724,16698
2013-05-09,15.52,15.566,15.45,15.4699,15.4699,14759
2013-05-10,15.53,15.55,15.4413,15.53,15.53,10071
2013-05-13,15.55,15.55,15.441,15.526,15.526,12243
2013-05-14,15.56,15.56,15.3018,15.43,15.43,19466
2013-05-15,15.45,15.66,15.449,15.59,15.59,21430
2013-05-16,15.61,15.69,15.61,15.6705,15.6705,16563
2013-05-17,15.67,15.7,15.62,15.63,15.63,9730
2013-05-20,15.61,15.8131,15.61,15.69,15.69,33677
2013-05-21,15.75,15.75,15.6,15.6,15.6,25495
2013-05-22,15.57,15.7899,15.57,15.579,15.579,23635
2013-05-23,15.64,15.64,15.36,15.45,15.45,27212
2013-05-24,15.35,15.5,15.3,15.36,15.36,24359
2013-05-28,15.39,15.39,14.67,14.81,14.81,69003
2013-05-29,14.64,14.79,14.341,14.41,14.41,96272
2013-05-30,14.41,14.8,14.41,14.72,14.72,16052
2013-05-31,14.75,14.84,14.1748,14.21,14.21,70996
2013-06-03,14.1,14.3,13.91,13.95,13.95,59220
2013-06-04,14.08,14.22,14,14,14,22200
2013-06-05,14.1,14.2768,14.02,14.0885,14.0885,25533
2013-06-06,14.02,14.325,14.02,14.22,14.22,28702
2013-06-07,14.22,14.499,14.22,14.38,14.38,19912
2013-06-10,14.43,14.43,14.1701,14.33,14.33,19635
2013-06-11,14.2,14.26,14,14.13,14.13,37666
2013-06-12,14.07,14.07,13.59,13.62,13.62,64120
2013-06-13,13.52,13.93,13.33,13.93,13.93,54172
2013-06-14,14.04,14.1,13.9,14.02,14.02,15806
2013-06-17,14.04,14.156,13.97,14.01,14.01,17533
2013-06-18,14.1,14.1065,13.91,14.0789,14.0789,27215
2013-06-19,13.95,13.9799,13.76,13.81,13.81,26204
2013-06-20,13.76,13.76,13.39,13.51,13.51,42739
2013-06-21,13.45,13.769,13.24,13.53,13.53,79157
2013-06-24,13.4,13.4,12.77,13.29,13.29,71723
2013-06-25,13.44,13.58,13.27,13.43,13.43,36981
2013-06-26,13.58,13.75,13.58,13.71,13.71,22986
2013-06-27,13.8,13.99,13.8,13.97,13.97,36232
2013-06-28,13.94,14.1,13.7,14.0699,14.0699,23056
2013-07-01,14.14,14.33,13.73,14.04,14.04,27561
2013-07-02,14,14.2499,13.89,13.97,13.97,19552
2013-07-03,14.04,14.04,13.802,13.99,13.99,8421
2013-07-05,13.9,13.9,13.57,13.63,13.63,26997
2013-07-08,13.53,13.6452,13.25,13.3584,13.3584,40856
2013-07-09,13.4,13.6,13.26,13.26,13.26,45366
2013-07-10,13.3,13.45,13.2,13.24,13.24,35150
2013-07-11,13.35,13.45,13.35,13.45,13.45,28511
2013-07-12,13.4,13.54,13.375,13.44,13.44,20145
2013-07-15,13.41,13.61,13.41,13.41,13.41,23434
2013-07-16,13.46,13.48,13.37,13.4399,13.4399,12948
2013-07-17,13.48,13.539,13.4184,13.42,13.42,33685
2013-07-18,13.42,13.6099,13.42,13.59,13.59,22708
2013-07-19,13.49,13.51,13.36,13.5,13.5,42607
2013-07-22,13.47,13.47,13.287,13.4699,13.4699,21385
2013-07-23,13.41,13.44,13.34,13.41,13.41,13822
2013-07-24,13.4114,13.46,13.25,13.35,13.35,16612
2013-07-25,13.26,13.3828,13.26,13.32,13.32,13302
2013-07-26,13.34,13.48,13.23,13.3153,13.3153,36038
2013-07-29,13.31,13.39,13.3,13.31,13.31,42592
2013-07-30,13.3201,13.48,13.3,13.38,13.38,23953
2013-07-31,13.39,13.43,13.31,13.42,13.42,37964
2013-08-01,13.4,13.47,13.2717,13.3688,13.3688,21272
2013-08-02,13.29,13.33,13.15,13.2406,13.2406,33058
2013-08-05,13.27,13.28,12.82,12.97,12.97,53491
2013-08-06,12.9,12.979,12.88,12.88,12.88,23907
2013-08-07,12.82,12.87,12.71,12.74,12.74,71666
2013-08-08,12.7,12.85,12.66,12.77,12.77,43896
2013-08-09,12.78,12.84,12.77,12.82,12.82,8672
2013-08-12,12.65,12.859,12.65,12.85,12.85,70803
2013-08-13,12.74,12.83,12.73,12.83,12.83,40357
2013-08-14,12.75,12.8,12.6,12.69,12.69,39133
2013-08-15,12.56,12.6399,12.13,12.46,12.46,120204
2013-08-16,12.51,12.52,12.43,12.5,12.5,37705
2013-08-19,12.42,12.4896,12.18,12.18,12.18,58341
2013-08-20,12.28,12.28,12.06,12.21,12.21,47292
2013-08-21,12.18,12.18,12.04,12.15,12.15,64929
2013-08-22,12.2,12.312,12.1872,12.2132,12.2132,24147
2013-08-23,12.24,12.42,12.23,12.42,12.42,22754
2013-08-26,12.35,12.45,12.31,12.37,12.37,46146
2013-08-27,12.33,12.43,12.23,12.23,12.23,20253
2013-08-28,12.29,12.38,12.1961,12.28,12.28,14158
2013-08-29,12.23,12.399,12.23,12.38,12.38,31034
2013-08-30,12.44,12.44,12.34,12.38,12.38,11117
2013-09-03,12.49,12.49,12.376,12.38,12.38,57566
2013-09-04,12.44,12.46,12.39,12.4199,12.4199,25707
2013-09-05,12.3999,12.4,12.25,12.27,12.27,28681
2013-09-06,12.35,12.35,12.21,12.249,12.249,23094
2013-09-09,12.21,12.3098,12.21,12.248,12.248,29315
2013-09-10,12.22,12.3,12.2101,12.22,12.22,16289
2013-09-11,12.22,12.2797,12.22,12.2747,12.2747,12475
2013-09-12,12.3,12.36,12.25,12.3101,12.3101,27649
2013-09-13,12.26,12.26,12.15,12.1676,12.1676,51219
2013-09-16,12.21,12.23,12.17,12.177,12.177,33071
2013-09-17,12.18,12.2495,12.18,12.222,12.222,28096
2013-09-18,12.22,12.45,12.2,12.42,12.42,32111
2013-09-19,12.39,12.45,12.36,12.44,12.44,38614
2013-09-20,12.44,12.45,12.35,12.374,12.374,23743
2013-09-23,12.34,12.4599,12.27,12.42,12.42,37573
2013-09-24,12.42,12.51,12.33,12.49,12.49,22607
2013-09-25,12.48,12.52,12.44,12.4474,12.4474,7057
2013-09-26,12.37,12.4699,12.355,12.38,12.38,17169
2013-09-27,12.45,12.45,12.34,12.39,12.39,6262
2013-09-30,12.41,12.44,12.39,12.41,12.41,24384
2013-10-01,12.36,12.58,12.36,12.58,12.58,17730
2013-10-02,12.59,12.66,12.52,12.53,12.53,38530
2013-10-03,12.5,12.54,12.431,12.479,12.479,15617
2013-10-04,12.45,12.5212,12.45,12.499,12.499,7742
2013-10-07,12.48,12.5205,12.35,12.43,12.43,20343
2013-10-08,12.37,12.48,12.21,12.2401,12.2401,34971
2013-10-09,12.26,12.36,12.26,12.31,12.31,36758
2013-10-10,12.31,12.4099,12.29,12.33,12.33,58693
2013-10-11,12.32,12.5,12.31,12.49,12.49,30931
2013-10-14,12.52,12.61,12.3812,12.57,12.57,16674
2013-10-15,12.62,12.62,12.46,12.52,12.52,23881
2013-10-16,12.54,12.549,12.4,12.52,12.52,23830
2013-10-17,12.44,12.6499,12.44,12.6,12.6,8582
2013-10-18,12.67,12.76,12.6,12.71,12.71,17914
2013-10-21,12.65,12.83,12.65,12.7745,12.7745,18770
2013-10-22,12.7,12.7799,12.6901,12.75,12.75,21463
2013-10-23,12.66,12.73,12.65,12.69,12.69,32368
2013-10-24,12.69,13.11,12.6359,12.85,12.85,39598
2013-10-25,12.94,12.94,12.86,12.8955,12.8955,21469
2013-10-28,12.97,13,12.88,12.9,12.9,11779
2013-10-29,12.88,12.9699,12.76,12.76,12.76,21011
2013-10-30,12.75,12.85,12.72,12.7284,12.7284,14509
2013-10-31,12.75,12.924,12.75,12.76,12.76,9438
2013-11-01,12.72,12.9599,12.7,12.8768,12.8768,23118
2013-11-04,12.87,12.87,12.69,12.76,12.76,36587
2013-11-05,12.68,12.78,12.68,12.73,12.73,17678
2013-11-06,12.71,12.85,12.671,12.73,12.73,33660
2013-11-07,12.74,12.76,12.5601,12.74,12.74,36125
2013-11-08,12.71,12.73,12.5701,12.61,12.61,39343
2013-11-11,12.68,12.68,12.5801,12.63,12.63,11718
2013-11-12,12.71,12.73,12.62,12.6316,12.6316,17406
2013-11-13,12.62,12.7799,12.61,12.76,12.76,10838
2013-11-14,12.76,12.92,12.75,12.87,12.87,23484
2013-11-15,12.87,12.87,12.7378,12.79,12.79,12814
2013-11-18,12.96,13.019,12.84,12.99,12.99,33944
2013-11-19,12.82,12.821,12.75,12.76,12.76,27507
2013-11-20,12.854,12.854,12.62,12.62,12.62,40633
2013-11-21,12.62,12.76,12.59,12.7,12.7,44186
2013-11-22,12.59,12.6999,12.571,12.59,12.59,19418
2013-11-25,12.7,12.75,12.57,12.57,12.57,24177
2013-11-26,12.52,12.71,12.3901,12.44,12.44,42337
2013-11-27,12.38,12.45,12.37,12.376,12.376,18047
2013-11-29,12.52,12.609,12.38,12.38,12.38,9822
2013-12-02,12.38,12.6675,12.37,12.4,12.4,68973
2013-12-03,12.41,12.5,12.35,12.43,12.43,36824
2013-12-04,12.37,12.38,12.15,12.26,12.26,71892
2013-12-05,12.21,12.3026,12.21,12.269,12.269,17618
2013-12-06,12.27,12.33,12.22,12.29,12.29,10965
2013-12-09,12.27,12.35,12.19,12.19,12.19,26096
2013-12-10,12.26,12.29,12.2,12.22,12.22,35870
2013-12-11,12.202,12.25,12.09,12.1299,12.1299,29387
2013-12-12,12.17,12.17,12.04,12.0499,12.0499,81620
2013-12-13,12.079,12.23,12.0668,12.14,12.14,33428
2013-12-16,12.11,12.29,12.11,12.24,12.24,36803
2013-12-17,12.25,12.32,12.25,12.3,12.3,35517
2013-12-18,12.27,12.35,12.27,12.29,12.29,41133
2013-12-19,12.13,12.28,12.1,12.2,12.2,74428
2013-12-20,12.2,12.3699,12.192,12.31,12.31,51506
2013-12-23,12.33,12.47,12.3,12.32,12.32,75622
2013-12-24,12.29,12.37,12.2555,12.37,12.37,25709
2013-12-26,12.42,12.43,12.23,12.25,12.25,77605
2013-12-27,12.25,12.52,12.16,12.52,12.52,57196
2013-12-30,12.52,12.54,12.1301,12.29,12.29,60455
2013-12-31,12.4,12.49,12.25,12.26,12.26,77317
2014-01-02,12.3,12.4799,12.18,12.3301,12.3301,44301
2014-01-03,12.38,12.44,12.33,12.35,12.35,64820
2014-01-06,12.4,12.46,12.36,12.36,12.36,62557
2014-01-07,12.4,12.54,12.38,12.44,12.44,50854
2014-01-08,12.44,12.5999,12.44,12.462,12.462,22748
2014-01-09,12.48,12.62,12.48,12.53,12.53,43623
2014-01-10,12.54,12.61,12.54,12.61,12.61,31385
2014-01-13,12.5801,12.6479,12.58,12.62,12.62,33772
2014-01-14,12.6,12.71,12.58,12.64,12.64,59554
2014-01-15,12.72,12.72,12.55,12.67,12.67,23518
2014-01-16,12.64,12.76,12.59,12.76,12.76,31616
2014-01-17,12.84,12.84,12.7601,12.7601,12.7601,41355
2014-01-21,12.9,12.966,12.7718,12.78,12.78,41912
2014-01-22,12.78,12.7999,12.75,12.762,12.762,30448
2014-01-23,12.8,12.8,12.67,12.69,12.69,39600
2014-01-24,12.7188,12.77,12.6601,12.67,12.67,31279
2014-01-27,12.65,12.68,12.39,12.47,12.47,46974
2014-01-28,12.54,12.55,12.485,12.55,12.55,27189
2014-01-29,12.59,12.59,12.53,12.55,12.55,29942
2014-01-30,12.64,12.64,12.56,12.63,12.63,15186
2014-01-31,12.63,12.7496,12.6101,12.74,12.74,12593
2014-02-03,12.8,12.8,12.63,12.74,12.74,37528
2014-02-04,12.75,12.76,12.6901,12.74,12.74,28740
2014-02-05,12.78,12.78,12.7001,12.75,12.75,24308
2014-02-06,12.71,12.8,12.7014,12.78,12.78,12523
2014-02-07,12.8,12.97,12.79,12.94,12.94,25531
2014-02-10,12.95,13.05,12.95,13,13,21590
2014-02-11,13.01,13.054,12.95,13.01,13.01,34754
2014-02-12,13.09,13.1,12.97,12.98,12.98,25514
2014-02-13,12.96,13.15,12.96,13.04,13.04,41293
2014-02-14,13.02,13.0799,12.95,13,13,59246
2014-02-18,13.08,13.2,13,13.1504,13.1504,78080
2014-02-19,13.14,13.25,13.04,13.07,13.07,30459
2014-02-20,13.14,13.14,13.0401,13.09,13.09,8844
2014-02-21,13.2,13.21,13.1,13.1,13.1,31442
2014-02-24,13.18,13.18,13.105,13.14,13.14,15862
2014-02-25,13.16,13.16,13.06,13.1,13.1,17851
2014-02-26,13.09,13.09,13.05,13.0501,13.0501,10953
2014-02-27,13.1,13.1,13.06,13.1,13.1,13188
2014-02-28,13.13,13.15,13.06,13.08,13.08,37199
2014-03-03,13.08,13.15,13.05,13.1,13.1,31556
2014-03-04,13.2,13.25,13.03,13.03,13.03,59025
2014-03-05,13.03,13.11,13.01,13.06,13.06,36836
2014-03-06,13.08,13.17,13.0301,13.111,13.111,41622
2014-03-07,13.13,13.1799,13.01,13.03,13.03,22420
2014-03-10,13.05,13.07,12.96,13.04,13.04,46651
2014-03-11,13.1,13.237,13.1,13.1404,13.1404,32889
2014-03-12,13.16,13.18,13.1101,13.15,13.15,15038
2014-03-13,13.19,13.3499,13.19,13.19,13.19,68523
2014-03-14,13.22,13.4899,13.12,13.14,13.14,84755
2014-03-17,13.28,13.329,13.21,13.24,13.24,27616
2014-03-18,13.25,13.6,13.25,13.52,13.52,94669
2014-03-19,13.52,13.68,13.52,13.6001,13.6001,41039
2014-03-20,13.6,13.6472,13.5,13.58,13.58,65804
2014-03-21,13.58,13.72,13.53,13.53,13.53,24405
2014-03-24,13.55,13.55,13.5,13.5,13.5,35063
2014-03-25,13.55,13.68,13.51,13.62,13.62,33020
2014-03-26,13.62,13.8,13.6,13.67,13.67,51797
2014-03-27,13.73,13.79,13.5544,13.76,13.76,40844
2014-03-28,13.83,13.88,13.7501,13.82,13.82,29192
2014-03-31,13.85,14.1004,13.8,13.87,13.87,128663
2014-04-01,13.93,13.93,13.7921,13.88,13.88,32185
2014-04-02,13.89,14,13.89,13.91,13.91,53982
2014-04-03,13.9,14.22,13.89,14.01,14.01,94293
2014-04-04,14.03,14.158,14.03,14.09,14.09,50029
2014-04-07,14.1,14.22,14.003,14.07,14.07,72449
2014-04-08,14.08,14.11,13.92,13.92,13.92,79156
2014-04-09,13.9,13.95,13.83,13.95,13.95,35162
2014-04-10,14.08,14.14,13.94,13.95,13.95,46248
2014-04-11,13.93,14.044,13.8521,14.02,14.02,31282
2014-04-14,14.13,14.13,14.02,14.02,14.02,38518
2014-04-15,14.09,14.12,14.01,14.07,14.07,38854
2014-04-16,14.06,14.11,14.04,14.08,14.08,17801
2014-04-17,14.07,14.14,14.07,14.13,14.13,15411
2014-04-21,14.14,14.16,14.0217,14.16,14.16,13740
2014-04-22,14.16,14.24,14.1436,14.17,14.17,28492
2014-04-23,14.17,14.25,14.14,14.24,14.24,24618
2014-04-24,14.26,14.3,14.18,14.26,14.26,43540
2014-04-25,14.27,14.65,14.23,14.44,14.44,36896
2014-04-28,14.44,14.65,14.44,14.54,14.54,70876
2014-04-29,14.57,14.79,14.57,14.78,14.78,48461
2014-04-30,14.75,14.75,14.6002,14.64,14.64,44073
2014-05-01,14.69,14.7199,14.5822,14.5822,14.5822,33119
2014-05-02,14.6,14.64,14.44,14.49,14.49,55813
2014-05-05,14.42,14.6,14.42,14.58,14.58,14275
2014-05-06,14.58,14.678,14.51,14.53,14.53,13030
2014-05-07,14.56,14.65,14.55,14.6,14.6,46837
2014-05-08,14.67,14.67,14.55,14.55,14.55,13141
2014-05-09,14.58,14.58,14.5,14.54,14.54,28033
2014-05-12,14.51,14.67,14.51,14.64,14.64,21793
2014-05-13,14.6,14.64,14.563,14.609,14.609,15951
2014-05-14,14.55,14.67,14.55,14.647,14.647,10161
2014-05-15,14.55,14.58,14.48,14.53,14.53,38720
2014-05-16,14.5,14.679,14.5,14.66,14.66,25882
2014-05-19,14.6,14.68,14.6,14.68,14.68,21048
2014-05-20,14.61,14.7,14.6001,14.69,14.69,18065
2014-05-21,14.7,14.7,14.64,14.68,14.68,17921
2014-05-22,14.67,14.6945,14.64,14.66,14.66,5772
2014-05-23,14.69,14.7,14.63,14.69,14.69,15298
2014-05-27,14.7,14.72,14.63,14.72,14.72,18537
2014-05-28,14.66,14.6799,14.62,14.67,14.67,26207
2014-05-29,14.65,14.7,14.61,14.7,14.7,17907
2014-05-30,14.67,14.69,14.65,14.66,14.66,28607
2014-06-02,14.66,14.67,14.61,14.62,14.62,47277
2014-06-03,14.62,14.66,14.6,14.61,14.61,40531
2014-06-04,14.6,14.6,14.3682,14.468,14.468,45982
2014-06-05,14.5,14.5599,14.46,14.52,14.52,20531
2014-06-06,14.59,14.609,14.54,14.609,14.609,4465
2014-06-09,14.55,14.6499,14.55,14.62,14.62,37561
2014-06-10,14.63,14.69,14.62,14.67,14.67,29058
2014-06-11,14.7,14.75,14.66,14.7399,14.7399,16143
2014-06-12,14.66,14.7399,14.66,14.7268,14.7268,23169
2014-06-13,14.62,14.74,14.62,14.652,14.652,21628
2014-06-16,14.73,14.77,14.716,14.73,14.73,19430
2014-06-17,14.7,14.759,14.66,14.67,14.67,17447
2014-06-18,14.75,14.83,14.7401,14.794,14.794,16256
2014-06-19,14.7,14.7699,14.7,14.72,14.72,18610
2014-06-20,14.71,14.8,14.7,14.71,14.71,43121
2014-06-23,14.78,14.78,14.6,14.6,14.6,26530
2014-06-24,14.6,14.62,14.5,14.52,14.52,15383
2014-06-25,14.5,14.58,14.46,14.55,14.55,24765
2014-06-26,14.59,14.6192,14.57,14.61,14.61,9646
2014-06-27,14.63,14.669,14.62,14.65,14.65,5254
2014-06-30,14.69,14.7,14.61,14.61,14.61,15929
2014-07-01,14.66,14.7,14.6,14.7,14.7,12015
2014-07-02,14.644,14.6544,14.5899,14.59,14.59,11417
2014-07-03,14.6,14.6,14.31,14.347,14.347,40709
2014-07-07,14.33,14.3985,14.25,14.38,14.38,40929
2014-07-08,14.39,14.4411,14.38,14.4299,14.4299,23879
2014-07-09,14.41,14.45,14.41,14.43,14.43,8064
2014-07-10,14.43,14.61,14.41,14.53,14.53,21498
2014-07-11,14.42,14.45,14.37,14.4,14.4,33238
2014-07-14,14.4,14.571,14.4,14.52,14.52,15778
2014-07-15,14.48,14.5368,14.46,14.52,14.52,17327
2014-07-16,14.59,14.59,14.442,14.446,14.446,16555
2014-07-17,14.48,14.54,14.36,14.39,14.39,35612
2014-07-18,14.44,14.44,14.37,14.39,14.39,11339
2014-07-21,14.36,14.48,14.36,14.43,14.43,21474
2014-07-22,14.32,14.4,14.32,14.4,14.4,21473
2014-07-23,14.36,14.4,14.31,14.4,14.4,34091
2014-07-24,14.43,14.43,14.37,14.39,14.39,5486
2014-07-25,14.39,14.42,14.3601,14.3801,14.3801,15079
2014-07-28,14.44,14.45,14.35,14.35,14.35,13809
2014-07-29,14.36,14.41,14.35,14.37,14.37,15545
2014-07-30,14.45,14.45,14.12,14.25,14.25,49157
2014-07-31,14.16,14.16,13.7,13.83,13.83,69945
2014-08-01,13.7,13.84,13.55,13.61,13.61,47681
2014-08-04,13.7,13.8,13.44,13.53,13.53,41226
2014-08-05,13.44,13.53,13.35,13.42,13.42,19715
2014-08-06,13.42,13.53,13.39,13.49,13.49,25043
2014-08-07,13.49,13.63,13.49,13.57,13.57,16672
2014-08-08,13.66,13.72,13.61,13.65,13.65,22868
2014-08-11,13.699,13.75,13.695,13.71,13.71,11253
2014-08-12,13.67,13.74,13.63,13.73,13.73,22225
2014-08-13,13.75,13.84,13.678,13.81,13.81,22503
2014-08-14,13.85,13.9264,13.79,13.9199,13.9199,38694
2014-08-15,13.99,14.02,13.88,13.95,13.95,35787
2014-08-18,14.01,14.0537,13.9601,14,14,20480
2014-08-19,14,14,13.92,13.933,13.933,21110
2014-08-20,13.89,13.9526,13.828,13.93,13.93,21968
2014-08-21,14.013,14.013,13.93,13.98,13.98,7665
2014-08-22,13.9596,14,13.85,13.88,13.88,13700
2014-08-25,13.98,14.02,13.86,13.92,13.92,42009
2014-08-26,13.96,13.99,13.89,13.97,13.97,19086
2014-08-27,13.93,14,13.91,13.91,13.91,29400
2014-08-28,13.93,13.93,13.85,13.89,13.89,10897
2014-08-29,13.97,14.03,13.85,13.8998,13.8998,36992
2014-09-02,13.96,13.96,13.86,13.92,13.92,29900
2014-09-03,13.96,13.96,13.8801,13.96,13.96,5026
2014-09-04,13.96,13.96,13.87,13.91,13.91,19995
2014-09-05,13.86,13.9099,13.84,13.84,13.84,10917
2014-09-08,13.82,13.85,13.8,13.82,13.82,9034
2014-09-09,13.84,13.86,13.75,13.8,13.8,10986
2014-09-10,13.8199,13.829,13.77,13.8001,13.8001,5975
2014-09-11,13.76,13.8,13.7501,13.77,13.77,14371
2014-09-12,13.76,13.76,13.68,13.7099,13.7099,16193
2014-09-15,13.71,13.73,13.62,13.64,13.64,14850
2014-09-16,13.7,13.7,13.52,13.5299,13.5299,30539
2014-09-17,13.57,13.62,13.48,13.59,13.59,30065
2014-09-18,13.6099,13.64,13.57,13.6299,13.6299,18543
2014-09-19,13.65,13.65,13.5108,13.55,13.55,15508
2014-09-22,13.57,13.581,13.47,13.4701,13.4701,11575
2014-09-23,13.44,13.58,13.44,13.54,13.54,11546
2014-09-24,13.57,13.6,13.53,13.6,13.6,6524
2014-09-25,13.58,13.58,13.5,13.51,13.51,13030
2014-09-26,13.5,13.55,13.5,13.5,13.5,6675
2014-09-29,13.52,13.53,13.5,13.53,13.53,12166
2014-09-30,13.6,13.71,13.5301,13.71,13.71,26626
2014-10-01,13.75,13.87,13.63,13.7908,13.7908,55695
2014-10-02,13.7632,13.7701,13.63,13.72,13.72,13505
2014-10-03,13.71,13.87,13.71,13.81,13.81,33873
2014-10-06,13.88,13.88,13.78,13.79,13.79,21689
2014-10-07,13.71,13.77,13.67,13.7301,13.7301,12619
2014-10-08,13.72,13.79,13.66,13.78,13.78,15920
2014-10-09,13.82,13.82,13.61,13.65,13.65,23394
2014-10-10,13.7,13.75,13.53,13.5332,13.5332,11817
2014-10-13,13.49,13.63,13.4,13.5,13.5,22925
2014-10-14,13.48,13.56,13.4248,13.5,13.5,15904
2014-10-15,13.42,13.49,13.36,13.49,13.49,22981
2014-10-16,13.33,13.62,13.17,13.62,13.62,23835
2014-10-17,13.57,13.69,13.57,13.6086,13.6086,20731
2014-10-20,13.62,13.8,13.61,13.66,13.66,20899
2014-10-21,13.85,13.85,13.68,13.75,13.75,12563
2014-10-22,13.73,13.97,13.67,13.97,13.97,21614
2014-10-23,13.95,13.95,13.87,13.94,13.94,16466
2014-10-24,13.82,13.87,13.785,13.785,13.785,16944
2014-10-27,13.72,13.784,13.72,13.7599,13.7599,7215
2014-10-28,13.72,13.9,13.708,13.9,13.9,18933
2014-10-29,13.8301,13.91,13.8301,13.87,13.87,13487
2014-10-30,13.9,13.977,13.83,13.97,13.97,25261
2014-10-31,14.03,14.16,13.89,14.12,14.12,21024
2014-11-03,14.17,14.22,13.91,14.01,14.01,31529
2014-11-04,14.0249,14.12,14,14.0816,14.0816,11140
2014-11-05,14.15,14.21,14.11,14.11,14.11,32248
2014-11-06,14.11,14.38,14.1,14.1961,14.1961,31299
2014-11-07,14.28,14.28,14.2,14.25,14.25,16062
2014-11-10,14.29,14.47,14.27,14.46,14.46,16727
2014-11-11,14.37,14.52,14.37,14.44,14.44,14689
2014-11-12,14.44,14.79,14.44,14.56,14.56,25656
2014-11-13,14.59,14.84,14.38,14.38,14.38,52910
2014-11-14,14.46,14.64,14.2424,14.54,14.54,29418
2014-11-17,14.55,14.68,14.48,14.67,14.67,49878
2014-11-18,14.58,14.606,14.49,14.49,14.49,12250
2014-11-19,14.45,14.56,14.39,14.42,14.42,23793
2014-11-20,14.5,14.82,14.5,14.6399,14.6399,31919
2014-11-21,14.65,14.65,14.56,14.65,14.65,11032
2014-11-24,14.71,14.806,14.5601,14.7,14.7,32696
2014-11-25,14.65,14.65,14.55,14.56,14.56,18554
2014-11-26,14.65,14.7,14.55,14.63,14.63,34713
2014-11-28,14.66,14.76,14.64,14.76,14.76,13841
2014-12-01,14.79,14.79,14.6001,14.65,14.65,9769
2014-12-02,14.61,14.719,14.61,14.67,14.67,9649
2014-12-03,14.7,14.8,14.65,14.76,14.76,18318
2014-12-04,14.77,14.95,14.74,14.86,14.86,18668
2014-12-05,14.78,14.8064,14.69,14.7384,14.7384,25796
2014-12-08,14.71,14.83,14.7,14.73,14.73,20689
2014-12-09,14.7,14.8199,14.555,14.67,14.67,22193
2014-12-10,14.6,14.6799,14.5505,14.6101,14.6101,17588
2014-12-11,14.6,14.76,14.56,14.69,14.69,21877
2014-12-12,14.57,14.76,14.57,14.7,14.7,26167
2014-12-15,14.66,14.75,14.47,14.47,14.47,31921
2014-12-16,14.5,14.646,14.38,14.56,14.56,36988
2014-12-17,14.592,14.73,14.5655,14.7299,14.7299,13905
2014-12-18,14.92,14.92,14.76,14.83,14.83,19630
2014-12-19,14.75,14.98,14.71,14.98,14.98,22034
2014-12-22,15.05,15.05,14.7201,14.82,14.82,30562
2014-12-23,14.76,14.84,14.6601,14.69,14.69,21018
2014-12-24,14.78,14.78,14.58,14.58,14.58,5247
2014-12-26,14.55,14.65,14.48,14.57,14.57,12537
2014-12-29,14.573,14.6,14.46,14.6,14.6,12726
2014-12-30,14.51,14.56,14.47,14.56,14.56,8087
2014-12-31,14.61,14.64,13.95,14.08,14.08,94074
2015-01-02,14.13,14.21,14.0175,14.1,14.1,48309
2015-01-05,14.1,14.1,13.9701,14.04,14.04,23245
2015-01-06,14.09,14.23,13.9901,14.193,14.193,28916
2015-01-07,14.16,14.43,14.16,14.34,14.34,18405
2015-01-08,14.31,14.46,14.3099,14.45,14.45,16863
2015-01-09,14.45,14.64,14.39,14.59,14.59,16800
2015-01-12,14.56,14.8299,14.56,14.7464,14.7464,10538
2015-01-13,14.72,14.92,14.72,14.82,14.82,20877
2015-01-14,14.84,14.92,14.76,14.92,14.92,21740
2015-01-15,14.96,14.9601,14.82,14.8683,14.8683,23935
2015-01-16,14.78,14.95,14.7434,14.95,14.95,12875
2015-01-20,15.04,15.04,14.91,15.02,15.02,24219
2015-01-21,14.83,14.86,14.71,14.71,14.71,29940
2015-01-22,14.74,14.88,14.71,14.78,14.78,10610
2015-01-23,14.7901,14.95,14.79,14.91,14.91,14641
2015-01-26,14.92,15.09,14.92,15,15,11919
2015-01-27,15,15.28,15,15.19,15.19,17580
2015-01-28,15.19,15.24,14.88,15.1,15.1,20260
2015-01-29,15.14,15.22,15.1,15.21,15.21,13815
2015-01-30,15.27,15.6,15.1501,15.25,15.25,19004
2015-02-02,15.3,15.3,15.1206,15.27,15.27,7773
2015-02-03,15.17,15.31,15.17,15.3,15.3,14569
2015-02-04,15.2,15.42,15.2,15.34,15.34,18038
2015-02-05,15.43,15.43,15.3124,15.35,15.35,9679
2015-02-06,15.35,15.36,15.2101,15.2499,15.2499,23603
2015-02-09,15.35,15.35,15.15,15.16,15.16,31920
2015-02-10,15.25,15.25,15.15,15.16,15.16,14957
2015-02-11,15.19,15.2,15.15,15.2,15.2,10681
2015-02-12,15.15,15.41,15.15,15.3499,15.3499,26022
2015-02-13,15.38,15.783,15.32,15.55,15.55,35769
2015-02-17,15.42,15.5,15.16,15.25,15.25,36889
2015-02-18,15.13,15.24,14.92,15.23,15.23,26053
2015-02-19,15.06,15.1035,15.02,15.04,15.04,22523
2015-02-20,15.05,15.05,15.01,15.05,15.05,11686
2015-02-23,15.05,15.24,15.04,15.208,15.208,15296
2015-02-24,15.24,15.25,15.16,15.2156,15.2156,13477
2015-02-25,15.23,15.2515,15.15,15.16,15.16,22327
2015-02-26,15.15,15.49,15.1301,15.42,15.42,28023
2015-02-27,15.42,15.5,15.24,15.47,15.47,11972
2015-03-02,15.35,15.4218,15.27,15.33,15.33,12796
2015-03-03,15.2,15.39,15.17,15.38,15.38,20415
2015-03-04,15.26,15.35,15.1501,15.3,15.3,8367
2015-03-05,15.25,15.37,15.2,15.2901,15.2901,19603
2015-03-06,15.27,15.28,15.04,15.07,15.07,18165
2015-03-09,15.04,15.07,14.94,15.04,15.04,25863
2015-03-10,15.04,15.1499,15,15.085,15.085,16839
2015-03-11,15.1046,15.2,15.07,15.2,15.2,24453
2015-03-12,15.16,15.3,15.16,15.22,15.22,19686
2015-03-13,15.18,15.49,15.17,15.38,15.38,19203
2015-03-16,15.33,15.5,15.24,15.27,15.27,24279
2015-03-17,15.21,15.27,15.17,15.27,15.27,9566
2015-03-18,15.17,15.35,15.17,15.33,15.33,28230
2015-03-19,15.35,15.352,15.17,15.3,15.3,9408
2015-03-20,15.26,15.45,15.13,15.1401,15.1401,15154
2015-03-23,15.13,15.37,15.1,15.14,15.14,16073
2015-03-24,15.31,15.33,15.14,15.24,15.24,19383
2015-03-25,15.29,15.29,15.04,15.1172,15.1172,25016
2015-03-26,15.06,15.2499,15.06,15.16,15.16,19296
2015-03-27,15.19,15.33,15.16,15.3,15.3,11552
2015-03-30,15.37,15.38,15.13,15.36,15.36,9651
2015-03-31,15.37,15.37,15.15,15.17,15.17,17845
2015-04-01,15.23,15.37,15.148,15.31,15.31,13057
2015-04-02,15.32,15.37,15.1,15.36,15.36,14632
2015-04-06,15.26,15.33,15.22,15.26,15.26,13417
2015-04-07,15.33,15.33,15.199,15.21,15.21,16844
2015-04-08,15.21,15.38,15.2001,15.32,15.32,11464
2015-04-09,15.28,15.45,15.28,15.3737,15.3737,13911
2015-04-10,15.28,15.5,14.96,15.48,15.48,24735
2015-04-13,15.48,15.6,15.47,15.6,15.6,14991
2015-04-14,15.65,15.65,15.39,15.4,15.4,10301
2015-04-15,15.46,15.46,15.26,15.3102,15.3102,18288
2015-04-16,15.28,15.47,15.28,15.35,15.35,8431
2015-04-17,15.47,15.5,15.35,15.5,15.5,8303
2015-04-20,15.49,15.54,15.45,15.53,15.53,12427
2015-04-21,15.37,15.7199,15.34,15.44,15.44,9766
2015-04-22,15.42,15.75,15.42,15.75,15.75,14091
2015-04-23,15.67,15.68,15.55,15.55,15.55,13188
2015-04-24,15.61,15.69,15.42,15.4937,15.4937,13490
2015-04-27,15.53,15.56,15.43,15.53,15.53,12249
2015-04-28,15.55,15.55,15.49,15.55,15.55,5063
2015-04-29,15.52,15.56,15.42,15.55,15.55,22141
2015-04-30,15.56,15.66,15.496,15.65,15.65,16869
2015-05-01,15.66,15.73,15.4201,15.73,15.73,9027
2015-05-04,15.61,15.67,15.44,15.64,15.64,21894
2015-05-05,15.5001,15.53,15.31,15.3601,15.3601,18132
2015-05-06,15.49,15.49,15.22,15.35,15.35,35245
2015-05-07,15.24,15.24,14.76,14.93,14.93,77859
2015-05-08,15.12,15.2,14.96,15.05,15.05,31756
2015-05-11,15.05,15.1964,14.93,14.94,14.94,24818
2015-05-12,14.91,15.05,14.82,14.99,14.99,27071
2015-05-13,15.03,15.24,14.91,15.1853,15.1853,13258
2015-05-14,15.12,15.33,15.07,15.19,15.19,17192
2015-05-15,15.3,15.46,15.161,15.22,15.22,19166
2015-05-18,15.32,15.37,15.2701,15.3,15.3,12945
2015-05-19,15.18,15.21,15.14,15.1658,15.1658,12411
2015-05-20,15.13,15.19,15.1046,15.172,15.172,4556
2015-05-21,15.15,15.35,15.15,15.23,15.23,18190
2015-05-22,15.2101,15.32,15.2101,15.26,15.26,8214
2015-05-26,15.33,15.4244,15.27,15.3599,15.3599,19030
2015-05-27,15.39,15.43,15.3352,15.4,15.4,6004
2015-05-28,15.45,15.45,15.32,15.36,15.36,21007
2015-05-29,15.46,15.46,15.06,15.1,15.1,19136
2015-06-01,15.16,15.279,15.053,15.09,15.09,19162
2015-06-02,15.1,15.1,14.87,15.1,15.1,24431
2015-06-03,15.09,15.09,15,15.0001,15.0001,13345
2015-06-04,15.03,15.05,14.91,14.9516,14.9516,7007
2015-06-05,14.95,14.9999,14.661,14.8301,14.8301,22625
2015-06-08,14.88,14.97,14.75,14.87,14.87,0
2015-06-09,14.84,14.84,14.7,14.7142,14.7142,0
2015-06-10,14.64,14.64,14.5,14.5001,14.5001,21667
2015-06-11,14.48,14.68,14.48,14.6599,14.6599,11573
2015-06-12,14.68,14.68,14.5,14.5101,14.5101,6466
2015-06-15,14.41,14.71,14.41,14.6,14.6,15749
2015-06-16,14.63,14.86,14.4479,14.68,14.68,33799
2015-06-17,14.8,14.8,14.5175,14.67,14.67,13576
2015-06-18,14.67,14.7,14.51,14.59,14.59,15687
2015-06-19,14.53,14.68,14.4899,14.67,14.67,38584
2015-06-22,14.65,14.7,14.28,14.49,14.49,19482
2015-06-23,14.41,14.56,14.41,14.48,14.48,11598
2015-06-24,14.48,14.5,14.32,14.34,14.34,13043
2015-06-25,14.3,14.354,13.89,14.0283,14.0283,59562
2015-06-26,14.02,14.1205,13.8,13.8,13.8,22816
2015-06-29,13.5,13.6593,13.16,13.44,13.44,93906
2015-06-30,13.64,13.64,13.38,13.58,13.58,32953
2015-07-01,13.7,13.81,13.5782,13.62,13.62,24928
2015-07-02,13.74,13.74,13.68,13.7032,13.7032,6845
2015-07-06,13.73,13.8118,13.6,13.79,13.79,12985
2015-07-07,13.73,13.74,13.5604,13.73,13.73,29459
2015-07-08,13.68,13.68,13.5,13.5123,13.5123,3981
2015-07-09,13.5899,13.71,13.5467,13.65,13.65,20431
2015-07-10,13.65,13.66,13.56,13.64,13.64,18263
2015-07-13,13.6,13.7,13.588,13.68,13.68,38811
2015-07-14,13.63,13.76,13.63,13.75,13.75,10234
2015-07-15,13.7288,13.785,13.71,13.78,13.78,23692
2015-07-16,13.82,13.8892,13.74,13.75,13.75,51389
2015-07-17,13.79,13.83,13.72,13.75,13.75,19104
2015-07-20,13.76,13.76,13.51,13.54,13.54,25310
2015-07-21,13.55,13.6,13.52,13.56,13.56,13597
2015-07-22,13.43,13.5558,13.42,13.4901,13.4901,10627
2015-07-23,13.54,13.5499,13.3335,13.412,13.412,27132
2015-07-24,13.39,13.4199,13.2,13.31,13.31,19941
2015-07-27,13.25,13.25,12.93,13.1,13.1,52524
2015-07-28,13.04,13.1799,13.04,13.1,13.1,29413
2015-07-29,13.04,13.22,13.036,13.1735,13.1735,22798
2015-07-30,13.21,13.25,13.16,13.2399,13.2399,11568
2015-07-31,13.34,13.34,13.14,13.1822,13.1822,28672
2015-08-03,13.18,13.25,13.16,13.2299,13.2299,20397
2015-08-04,13.25,13.34,13.178,13.284,13.284,25411
2015-08-05,13.35,13.35,13.23,13.2301,13.2301,13433
2015-08-06,13.18,13.23,13.13,13.15,13.15,16080
2015-08-07,13.14,13.19,13.12,13.13,13.13,9104
2015-08-10,13.12,13.254,13.12,13.206,13.206,11565
2015-08-11,13.11,13.21,13.11,13.21,13.21,5950
2015-08-12,13.18,13.2,12.96,13.13,13.13,69894
2015-08-13,13.15,13.15,13.06,13.0765,13.0765,21792
2015-08-14,13.08,13.33,13.08,13.1987,13.1987,41195
2015-08-17,13.2101,13.22,13.15,13.16,13.16,33382
2015-08-18,13.16,13.21,13.13,13.19,13.19,17261
2015-08-19,13.16,13.19,13.1,13.11,13.11,10408
2015-08-20,13.06,13.06,12.91,12.9754,12.9754,29129
2015-08-21,12.91,12.975,12.6,12.66,12.66,48446
2015-08-24,12.38,12.42,9.36,12.3889,12.3889,178693
2015-08-25,12.54,12.54,12.36,12.37,12.37,28670
2015-08-26,12.36,12.5201,12.19,12.52,12.52,41399
2015-08-27,12.53,12.7599,12.5201,12.64,12.64,45196
2015-08-28,12.55,12.75,12.55,12.75,12.75,33594
2015-08-31,12.78,12.78,12.6101,12.67,12.67,21792
2015-09-01,12.52,12.7899,12.52,12.78,12.78,28799
2015-09-02,12.69,12.75,12.655,12.72,12.72,23730
2015-09-03,12.68,12.819,12.68,12.8,12.8,15335
2015-09-04,12.755,12.82,12.711,12.7921,12.7921,5154
2015-09-08,12.76,12.85,12.73,12.75,12.75,23242
2015-09-09,12.75,12.85,12.7,12.72,12.72,17798
2015-09-10,12.79,12.802,12.67,12.68,12.68,23973
2015-09-11,12.78,12.813,12.6,12.6,12.6,14888
2015-09-14,12.59,12.59,12.4947,12.4947,12.4947,19937
2015-09-15,12.52,12.56,12.4401,12.5569,12.5569,13902
2015-09-16,12.47,12.58,12.44,12.58,12.58,18726
2015-09-17,12.52,12.66,12.49,12.6,12.6,12300
2015-09-18,12.6,12.82,12.559,12.73,12.73,34761
2015-09-21,12.74,12.79,12.67,12.69,12.69,13265
2015-09-22,12.7,12.74,12.6801,12.7336,12.7336,11746
2015-09-23,12.75,12.75,12.31,12.72,12.72,39938
2015-09-24,12.6,12.76,12.6,12.6801,12.6801,18885
2015-09-25,12.72,12.8,12.68,12.78,12.78,9599
2015-09-28,12.7,12.72,12.51,12.52,12.52,17219
2015-09-29,12.57,12.61,12.52,12.58,12.58,23470
2015-09-30,12.68,12.68,12.52,12.54,12.54,27063
2015-10-01,12.62,12.63,12.54,12.56,12.56,21080
2015-10-02,12.58,12.64,12.54,12.57,12.57,23790
2015-10-05,12.66,12.85,12.625,12.79,12.79,26498
2015-10-06,12.82,12.82,12.66,12.68,12.68,29239
2015-10-07,12.73,12.88,12.71,12.7511,12.7511,26809
2015-10-08,12.74,12.82,12.7298,12.75,12.75,39019
2015-10-09,12.75,12.81,12.681,12.72,12.72,34897
2015-10-12,12.71,12.8,12.71,12.74,12.74,10470
2015-10-13,12.76,12.8679,12.75,12.8679,12.8679,28774
2015-10-14,12.9,12.956,12.8,12.81,12.81,21369
2015-10-15,12.77,12.96,12.77,12.93,12.93,18267
2015-10-16,12.88,12.97,12.8706,12.9699,12.9699,12347
2015-10-19,12.99,12.99,12.9112,12.9514,12.9514,18866
2015-10-20,12.98,13.05,12.94,13.05,13.05,18334
2015-10-21,13.07,13.13,12.9699,13.072,13.072,10842
2015-10-22,13.04,13.23,13.04,13.21,13.21,17612
2015-10-23,13.21,13.35,13.19,13.291,13.291,24723
2015-10-26,13.32,13.35,13.28,13.32,13.32,14886
2015-10-27,13.34,13.39,13.29,13.37,13.37,24380
2015-10-28,13.38,13.4,13.3,13.36,13.36,14553
2015-10-29,13.36,13.395,13.19,13.26,13.26,25755
2015-10-30,13.3,13.3799,13.21,13.3,13.3,19409
2015-11-02,13.35,13.45,13.2832,13.45,13.45,42889
2015-11-03,13.45,13.48,13.3701,13.44,13.44,11536
2015-11-04,13.47,13.48,13.38,13.4288,13.4288,17018
2015-11-05,13.36,13.5,13.35,13.47,13.47,14076
2015-11-06,13.361,13.43,13.28,13.39,13.39,48005
2015-11-09,13.35,13.38,13.086,13.25,13.25,23411
2015-11-10,13.22,13.32,13.21,13.29,13.29,28953
2015-11-11,13.26,13.35,13.25,13.2716,13.2716,14836
2015-11-12,13.25,13.25,13.12,13.1267,13.1267,33615
2015-11-13,13.11,13.21,13.03,13.05,13.05,21381
2015-11-16,12.92,13.08,12.61,13.08,13.08,38416
2015-11-17,13.18,13.2751,13.09,13.24,13.24,23981
2015-11-18,13.22,13.22,13.1108,13.1108,13.1108,7991
2015-11-19,13.16,13.25,13.115,13.21,13.21,14005
2015-11-20,13.25,13.35,12.92,12.987,12.987,50383
2015-11-23,13,13.08,12.81,12.89,12.89,34195
2015-11-24,12.92,13.07,12.92,13,13,16148
2015-11-25,13.01,13.07,12.9701,13.05,13.05,12741
2015-11-27,13.08,13.19,13.08,13.19,13.19,7378
2015-11-30,13.28,13.2982,13.2,13.2199,13.2199,17542
2015-12-01,13.24,13.34,13.24,13.27,13.27,23459
2015-12-02,13.32,13.33,13.21,13.32,13.32,19264
2015-12-03,13.3,13.34,13.2,13.31,13.31,24751
2015-12-04,13.34,13.45,13.27,13.36,13.36,39432
2015-12-07,13.36,13.37,12.98,13.09,13.09,26971
2015-12-08,13.01,13.225,13.01,13.15,13.15,25590
2015-12-09,13.2,13.25,12.76,12.87,12.87,72974
2015-12-10,12.8,12.87,12.73,12.85,12.85,19121
2015-12-11,12.69,12.7499,12.53,12.693,12.693,16744
2015-12-14,12.69,12.72,12.34,12.37,12.37,52070
2015-12-15,12.45,12.62,12.27,12.38,12.38,49490
2015-12-16,12.46,12.73,12.26,12.69,12.69,39273
2015-12-17,12.74,12.91,12.74,12.88,12.88,36309
2015-12-18,12.77,13.01,12.77,12.92,12.92,19032
2015-12-21,12.98,12.98,12.82,12.87,12.87,29166
2015-12-22,12.83,12.8858,12.76,12.76,12.76,23625
2015-12-23,12.8,12.92,12.78,12.92,12.92,24120
2015-12-24,12.94,13,12.88,12.98,12.98,7291
2015-12-28,12.87,13.03,12.87,12.9,12.9,17004
2015-12-29,12.97,12.98,12.75,12.9285,12.9285,27523
2015-12-30,12.94,12.99,12.84,12.94,12.94,20746
2015-12-31,12.97,13.03,12.8583,12.92,12.92,13026
2016-01-04,12.9,13.14,12.86,13.14,13.14,32167
2016-01-05,13.16,13.1799,13.09,13.1399,13.1399,16950
2016-01-06,13.1,13.3,13.08,13.1,13.1,54767
2016-01-07,13.04,13.15,13.04,13.1,13.1,22646
2016-01-08,13.21,13.21,13.05,13.1699,13.1699,23548
2016-01-11,13.25,13.25,13.04,13.0921,13.0921,13739
2016-01-12,13.13,13.1699,13.034,13.14,13.14,14430
2016-01-13,13.22,13.22,12.86,12.94,12.94,23735
2016-01-14,12.99,13.0599,12.86,12.96,12.96,19285
2016-01-15,12.76,12.95,12.68,12.74,12.74,15942
2016-01-19,12.78,12.78,12.6,12.64,12.64,35393
2016-01-20,12.5,12.504,12,12.19,12.19,80887
2016-01-21,12.22,12.35,12.08,12.3301,12.3301,38804
2016-01-22,12.48,12.75,12.48,12.64,12.64,22489
2016-01-25,12.64,12.64,12.56,12.57,12.57,16395
2016-01-26,12.61,12.69,12.5725,12.66,12.66,27053
2016-01-27,12.61,12.78,12.61,12.7,12.7,12413
2016-01-28,12.73,12.82,12.6401,12.78,12.78,18479
2016-01-29,12.93,13.12,12.7801,13.12,13.12,63190
2016-02-01,13.07,13.37,13.0402,13.26,13.26,44257
2016-02-02,13.15,13.48,13.1,13.45,13.45,29880
2016-02-03,13.48,13.65,13.35,13.46,13.46,48163
2016-02-04,13.53,13.6999,13.32,13.48,13.48,42226
2016-02-05,13.5,13.69,13.35,13.5026,13.5026,48746
2016-02-08,13.35,13.355,12.7937,13.01,13.01,57527
2016-02-09,12.78,12.932,12.3701,12.73,12.73,71880
2016-02-10,12.8,13.23,12.57,13.15,13.15,113012
2016-02-11,13.02,13.02,12.6739,12.8,12.8,47321
2016-02-12,12.85,13,12.65,12.69,12.69,32418
2016-02-16,12.83,12.95,12.8083,12.8101,12.8101,24606
2016-02-17,13.03,13.1,12.91,13.04,13.04,72771
2016-02-18,13.02,13.29,12.83,12.85,12.85,89208
2016-02-19,12.82,12.96,12.82,12.83,12.83,32185
2016-02-22,12.86,13.15,12.72,12.81,12.81,82255
2016-02-23,12.81,13.2,12.81,13.1099,13.1099,30813
2016-02-24,13.06,13.21,12.9101,13.09,13.09,51958
2016-02-25,13.08,13.42,13.08,13.25,13.25,53281
2016-02-26,13.3,13.38,13.162,13.35,13.35,34520
2016-02-29,13.44,13.4899,13.01,13.15,13.15,31764
2016-03-01,13.18,13.38,13.13,13.2799,13.2799,12056
2016-03-02,13.21,13.428,13.21,13.3799,13.3799,11780
2016-03-03,13.39,13.4,13.3,13.3489,13.3489,22114
2016-03-04,13.4,13.5,13.35,13.42,13.42,19351
2016-03-07,13.47,13.48,13.19,13.41,13.41,20202
2016-03-08,13.47,13.5,13.37,13.441,13.441,19288
2016-03-09,13.51,13.72,13.4001,13.72,13.72,22845
2016-03-10,13.83,13.8399,13.6887,13.76,13.76,25669
2016-03-11,13.71,13.9,13.71,13.79,13.79,32221
2016-03-14,13.71,13.9599,13.71,13.72,13.72,25788
2016-03-15,13.71,13.85,13.67,13.76,13.76,25166
2016-03-16,13.77,14,13.6201,13.99,13.99,24546
2016-03-17,13.99,14.16,13.97,14,14,24827
2016-03-18,13.94,14.11,13.86,14.1,14.1,22051
2016-03-21,14,14.14,13.86,13.97,13.97,27964
2016-03-22,14,14.19,14,14.19,14.19,27448
2016-03-23,14.23,14.25,14.122,14.24,14.24,25855
2016-03-24,14.23,14.25,14.1,14.13,14.13,39298
2016-03-28,14.25,14.43,14.1615,14.37,14.37,57536
2016-03-29,14.35,14.45,14.13,14.33,14.33,45679
2016-03-30,14.4,14.5,14.11,14.26,14.26,47975
2016-03-31,14.29,14.3,14.15,14.1899,14.1899,22519
2016-04-01,14.25,14.35,14.24,14.3,14.3,39343
2016-04-04,14.34,14.34,14.2,14.27,14.27,14960
2016-04-05,14.21,14.28,14,14.06,14.06,30843
2016-04-06,14.1,14.35,14.04,14.05,14.05,19097
2016-04-07,14,14.29,14,14.2,14.2,17570
2016-04-08,14.16,14.3699,14.1512,14.2101,14.2101,28333
2016-04-11,14.32,14.33,14.17,14.2,14.2,16232
2016-04-12,14.26,14.44,14.25,14.42,14.42,20989
2016-04-13,14.36,14.63,14.25,14.28,14.28,22380
2016-04-14,14.35,14.4999,14.3,14.3399,14.3399,26893
2016-04-15,14.32,14.39,14.21,14.39,14.39,29304
2016-04-18,14.27,14.6376,14.26,14.53,14.53,27680
2016-04-19,14.48,14.69,14.48,14.57,14.57,14245
2016-04-20,14.54,14.69,14.5201,14.61,14.61,17601
2016-04-21,14.54,14.66,14.4,14.47,14.47,25392
2016-04-22,14.46,14.46,14.29,14.35,14.35,7799
2016-04-25,14.32,14.35,14.1,14.2,14.2,32103
2016-04-26,14.31,14.5799,14.21,14.46,14.46,13723
2016-04-27,14.36,14.74,14.2001,14.43,14.43,39412
2016-04-28,14.4,14.58,14.4,14.511,14.511,15053
2016-04-29,14.43,14.54,14.3101,14.4411,14.4411,26533
2016-05-02,14.55,14.6499,14.4868,14.6499,14.6499,25421
2016-05-03,14.63,14.72,14.5202,14.68,14.68,13602
2016-05-04,14.68,14.93,14.6778,14.86,14.86,21561
2016-05-05,14.92,14.93,14.84,14.92,14.92,20915
2016-05-06,14.94,15.31,14.81,15.21,15.21,76542
2016-05-09,15.34,15.44,15.2,15.4,15.4,69129
2016-05-10,15.42,15.45,15.3192,15.45,15.45,39861
2016-05-11,15.5,15.5,15.0701,15.47,15.47,35960
2016-05-12,15.5,15.5,15.14,15.28,15.28,31358
2016-05-13,15.32,15.36,15.2093,15.268,15.268,20591
2016-05-16,15.31,15.465,15.26,15.3,15.3,10499
2016-05-17,15.35,15.4288,15.0613,15.1502,15.1502,38238
2016-05-18,15.12,15.33,14.77,14.8578,14.8578,64405
2016-05-19,14.67,14.76,14.207,14.27,14.27,65216
2016-05-20,14.36,14.6,14.01,14.6,14.6,11234
2016-05-23,14.66,15.4,14.462,15.1,15.1,63941
2016-05-24,15.12,15.29,15.1,15.26,15.26,21865
2016-05-25,15.35,15.35,15.27,15.34,15.34,20319
2016-05-26,15.34,15.34,15.22,15.3299,15.3299,16642
2016-05-27,15.3,15.33,14.8,15.05,15.05,67990
2016-05-31,15.21,15.2899,15.07,15.13,15.13,32527
2016-06-01,15.15,15.25,15.0093,15.135,15.135,40697
2016-06-02,15.2,15.25,14.9701,15.03,15.03,27474
2016-06-03,15.11,15.34,14.9,14.9801,14.9801,30550
2016-06-06,15.14,15.19,14.95,15.13,15.13,37291
2016-06-07,15.06,15.18,15.06,15.12,15.12,18669
2016-06-08,15.15,15.2201,15.02,15.2,15.2,30590
2016-06-09,15.2,15.2,15,15.08,15.08,29490
2016-06-10,14.95,15.13,14.95,15.06,15.06,24336
2016-06-13,15.12,15.1522,14.72,14.87,14.87,33953
2016-06-14,14.89,15.0799,14.75,14.81,14.81,30673
2016-06-15,14.81,15,14.8,14.82,14.82,23046
2016-06-16,14.82,15.1,14.66,14.97,14.97,33648
2016-06-17,15.05,15.2399,15.05,15.23,15.23,19972
2016-06-20,15.23,15.24,15.1,15.22,15.22,34100
2016-06-21,15.23,15.3499,15.2,15.2799,15.2799,37824
2016-06-22,15.34,15.4,15.0901,15.22,15.22,42357
2016-06-23,15.3,15.37,15.12,15.19,15.19,19804
2016-06-24,14.97,15.4,14.85,15.33,15.33,51125
2016-06-27,15.27,15.38,15.13,15.33,15.33,48833
2016-06-28,15.38,15.5,15.3106,15.4,15.4,27712
2016-06-29,15.54,15.75,15.4083,15.6099,15.6099,47952
2016-06-30,15.59,15.65,15.45,15.63,15.63,40576
2016-07-01,15.71,15.74,15.6,15.6,15.6,23433
2016-07-05,15.59,15.66,15.45,15.5799,15.5799,23102
2016-07-06,15.62,15.84,15.5,15.69,15.69,42924
2016-07-07,15.71,16,15.54,15.82,15.82,55567
2016-07-08,15.91,15.96,15.67,15.96,15.96,27236
2016-07-11,15.96,15.98,15.76,15.76,15.76,38297
2016-07-12,15.82,15.9599,15.67,15.74,15.74,58555
2016-07-13,15.71,15.88,15.6049,15.7001,15.7001,26316
2016-07-14,15.7,15.88,15.51,15.64,15.64,49925
2016-07-15,15.55,15.74,15.5,15.54,15.54,36723
2016-07-18,15.63,15.7999,15.53,15.5801,15.5801,25399
2016-07-19,15.67,15.699,15.55,15.6262,15.6262,16040
2016-07-20,15.66,15.75,15.5808,15.65,15.65,21290
2016-07-21,15.64,15.71,15.55,15.55,15.55,24880
2016-07-22,15.5,15.6684,15.5,15.63,15.63,10069
2016-07-25,15.59,15.67,15.531,15.535,15.535,17592
2016-07-26,15.57,15.75,15.32,15.46,15.46,43001
2016-07-27,15.45,15.659,15.399,15.62,15.62,28858
2016-07-28,15.57,15.75,15.41,15.72,15.72,21473
2016-07-29,15.75,15.85,15.54,15.85,15.85,27789
2016-08-01,15.85,15.98,15.78,15.891,15.891,22699
2016-08-02,15.88,15.89,15.8,15.867,15.867,14886
2016-08-03,15.77,15.86,15.67,15.75,15.75,16694
2016-08-04,15.74,15.88,15.74,15.78,15.78,19866
2016-08-05,15.77,16,15.723,15.95,15.95,30003
2016-08-08,16,16.04,15.88,15.941,15.941,22814
2016-08-09,15.92,16.02,15.92,15.9901,15.9901,9420
2016-08-10,16,16.02,15.72,16.02,16.02,10031
2016-08-11,15.97,16.34,15.97,16.1112,16.1112,16857
2016-08-12,16.01,16.24,15.98,16.1808,16.1808,18269
2016-08-15,16.12,16.22,15.89,15.97,15.97,60610
2016-08-16,15.81,15.969,15.61,15.9,15.9,42072
2016-08-17,15.82,16.3254,15.82,16.14,16.14,35042
2016-08-18,16.05,16.27,15.98,16.21,16.21,23430
2016-08-19,16.17,16.33,16.0101,16.12,16.12,27752
2016-08-22,16.06,16.1,15.9301,16.05,16.05,17099
2016-08-23,16.09,16.1,15.93,16.0395,16.0395,11398
2016-08-24,16.07,16.0899,15.75,15.761,15.761,36354
2016-08-25,15.75,15.88,15.52,15.6,15.6,31520
2016-08-26,15.69,15.87,15.66,15.7991,15.7991,22861
2016-08-29,15.72,15.82,15.56,15.82,15.82,31494
2016-08-30,15.74,15.8,15.5301,15.8,15.8,23242
2016-08-31,15.71,15.83,15.55,15.64,15.64,25442
2016-09-01,15.67,15.73,15.6039,15.6992,15.6992,22553
2016-09-02,15.7,15.7663,15.5801,15.69,15.69,25905
2016-09-06,15.61,15.66,15.52,15.65,15.65,29592
2016-09-07,15.59,15.68,15.5589,15.62,15.62,12958
2016-09-08,15.55,15.73,15.53,15.7299,15.7299,34000
2016-09-09,15.58,15.75,15.54,15.56,15.56,35472
2016-09-12,15.5,15.69,15.4001,15.5101,15.5101,38610
2016-09-13,15.48,15.55,15.0401,15.204,15.204,29959
2016-09-14,15.23,15.2999,15.11,15.11,15.11,23911
2016-09-15,15.25,15.4899,15.18,15.465,15.465,47348
2016-09-16,15.5,15.59,15.19,15.543,15.543,13056
2016-09-19,15.48,15.48,15.08,15.26,15.26,53140
2016-09-20,15.29,15.4,15.1,15.18,15.18,40597
2016-09-21,15.22,15.459,15.02,15.359,15.359,23679
2016-09-22,15.38,15.649,15.38,15.54,15.54,8837
2016-09-23,15.49,15.59,15.19,15.261,15.261,18747
2016-09-26,15.16,15.246,14.84,14.9,14.9,23542
2016-09-27,14.98,15.28,14.8964,15.2699,15.2699,24971
2016-09-28,15.22,15.44,15.2,15.37,15.37,14386
2016-09-29,15.34,15.4,15,15.14,15.14,31183
2016-09-30,15.05,15.279,15.05,15.15,15.15,19487
2016-10-03,15.22,15.25,15.1341,15.2264,15.2264,22371
2016-10-04,15.18,15.19,14.93,14.99,14.99,24956
2016-10-05,15,15.05,14.91,14.91,14.91,17819
2016-10-06,14.99,15.19,14.9,15.19,15.19,22644
2016-10-07,15.12,15.33,14.951,15.19,15.19,19524
2016-10-10,15.44,15.44,15.21,15.4,15.4,6790
2016-10-11,15.3,15.39,15.21,15.34,15.34,10473
2016-10-12,15.29,15.29,14.95,14.98,14.98,26746
2016-10-13,14.9,15.0675,14.78,14.8401,14.8401,16768
2016-10-14,14.9,15.0977,14.71,14.71,14.71,14590
2016-10-17,14.79,14.8256,14.68,14.7,14.7,11648
2016-10-18,14.9,14.9,14.65,14.66,14.66,37997
2016-10-19,14.67,14.8164,14.66,14.73,14.73,14518
2016-10-20,14.62,14.66,14.14,14.33,14.33,60793
2016-10-21,14.19,14.4217,14.19,14.28,14.28,29647
2016-10-24,14.32,14.42,14.18,14.18,14.18,19870
2016-10-25,14.18,14.36,14.18,14.35,14.35,5803
2016-10-26,14.23,14.33,14.1901,14.33,14.33,6994
2016-10-27,14.29,14.32,14.21,14.31,14.31,29089
2016-10-28,14.32,14.52,14.22,14.23,14.23,51843
2016-10-31,14.31,14.349,14.13,14.29,14.29,94764
2016-11-01,14.26,14.45,13.64,13.86,13.86,209944
2016-11-02,13.81,13.98,13.5201,13.6,13.6,89984
2016-11-03,13.54,13.601,13.35,13.41,13.41,28848
2016-11-04,13.37,13.59,13.37,13.51,13.51,23244
2016-11-07,13.67,13.7194,13.55,13.65,13.65,40599
2016-11-08,13.65,13.85,13.65,13.79,13.79,25029
2016-11-09,13.64,13.89,13.53,13.792,13.792,36426
2016-11-10,13.76,13.79,13.26,13.45,13.45,75573
2016-11-11,13.48,13.5687,13.06,13.13,13.13,63087
2016-11-14,13.07,13.1292,12.64,12.71,12.71,107148
2016-11-15,12.73,13.17,12.73,13.15,13.15,52623
2016-11-16,13.19,13.41,13.08,13.4,13.4,43494
2016-11-17,13.5,13.5,13.06,13.1657,13.1657,44813
2016-11-18,13.14,13.15,13.06,13.1362,13.1362,24172
2016-11-21,13.2,13.36,13.16,13.27,13.27,42819
2016-11-22,13.4,13.46,13.3,13.41,13.41,51595
2016-11-23,13.37,13.43,13.2132,13.42,13.42,36603
2016-11-25,13.34,13.58,13.2914,13.51,13.51,19070
2016-11-28,13.51,13.51,13.3539,13.4495,13.4495,24143
2016-11-29,13.39,13.53,13.39,13.45,13.45,34293
2016-11-30,13.38,13.46,13.33,13.33,13.33,42253
2016-12-01,13.32,13.36,13.12,13.29,13.29,46026
2016-12-02,13.2,13.3979,13.1601,13.27,13.27,25163
2016-12-05,13.3,13.3811,13.21,13.3307,13.3307,44151
2016-12-06,13.4,13.58,13.35,13.56,13.56,37386
2016-12-07,13.53,13.58,13.36,13.42,13.42,37957
2016-12-08,13.39,13.4,13.3,13.3201,13.3201,14720
2016-12-09,13.32,13.45,13.32,13.37,13.37,26312
2016-12-12,13.41,13.4388,13.29,13.41,13.41,29958
2016-12-13,13.45,13.49,13.2,13.36,13.36,36772
2016-12-14,13.35,13.39,13.24,13.39,13.39,47627
2016-12-15,13.32,13.5747,13.32,13.47,13.47,19290
2016-12-16,13.58,13.81,13.5,13.81,13.81,22962
2016-12-19,13.79,13.99,13.74,13.98,13.98,34998
2016-12-20,13.99,13.99,13.65,13.69,13.69,28704
2016-12-21,13.5,13.68,13.5,13.53,13.53,37654
2016-12-22,13.56,13.84,13.485,13.83,13.83,20855
2016-12-23,13.9,14.03,13.86,13.9,13.9,32172
2016-12-27,14.01,14.05,13.9665,14.03,14.03,9207
2016-12-28,14.08,14.1401,13.95,14.01,14.01,29122
2016-12-29,14.08,14.35,14.0443,14.34,14.34,52688
2016-12-30,14.34,14.63,14.2285,14.49,14.49,79957
2017-01-03,14.44,14.54,14.18,14.2,14.2,72707
2017-01-04,14.18,14.28,14.15,14.22,14.22,31712
2017-01-05,14.08,14.32,14.08,14.27,14.27,23563
2017-01-06,14.2,14.23,14.11,14.17,14.17,36019
2017-01-09,14.12,14.51,14.12,14.45,14.45,31895
2017-01-10,14.5,14.5,14.33,14.4374,14.4374,19093
2017-01-11,14.36,14.48,14.35,14.41,14.41,11242
2017-01-12,14.5,14.5,14.39,14.45,14.45,10263
2017-01-13,14.43,14.71,14.39,14.62,14.62,22502
2017-01-17,14.52,14.6799,14.52,14.57,14.57,24447
2017-01-18,14.57,14.6,14.5107,14.6,14.6,11890
2017-01-19,14.55,14.55,14.311,14.41,14.41,17166
2017-01-20,14.44,14.44,14.19,14.23,14.23,19137
2017-01-23,14.31,14.38,14.25,14.2571,14.2571,14608
2017-01-24,14.3273,14.3273,14.3273,14.3273,14.3273,14986
2017-01-25,14.3,14.4575,14.25,14.28,14.28,12237
2017-01-26,14.37,14.64,14.25,14.39,14.39,36094
2017-01-27,14.45,14.45,14.19,14.3,14.3,12350
2017-01-30,14.33,14.44,14.28,14.32,14.32,18658
2017-01-31,14.36,14.3973,14.2416,14.33,14.33,35738
2017-02-01,14.41,14.41,14.281,14.33,14.33,13857
2017-02-02,14.38,14.44,14.2813,14.43,14.43,16780
2017-02-03,14.44,14.51,14.44,14.4701,14.4701,17251
2017-02-06,14.55,14.63,14.51,14.63,14.63,19310
2017-02-07,14.67,14.67,14.53,14.66,14.66,21274
2017-02-08,14.57,14.7,14.54,14.65,14.65,17756
2017-02-09,14.61,14.7,14.59,14.67,14.67,11441
2017-02-10,14.63,14.645,14.53,14.54,14.54,39080
2017-02-13,14.55,14.5899,14.3,14.31,14.31,51470
2017-02-14,14.36,14.38,14.13,14.24,14.24,25117
2017-02-15,14.23,14.23,14.1301,14.17,14.17,28098
2017-02-16,14.03,14.0934,13.971,14.01,14.01,24247
2017-02-17,13.99,14.0823,13.9565,14.06,14.06,17160
2017-02-21,14.1,14.2487,14.04,14.22,14.22,24103
2017-02-22,14.21,14.3199,14.1788,14.24,14.24,20693
2017-02-23,14.3,14.42,14.279,14.28,14.28,11958
2017-02-24,14.18,14.4699,14.18,14.4,14.4,25961
2017-02-27,14.49,14.49,14.35,14.43,14.43,17231
2017-02-28,14.47,14.5299,14.449,14.51,14.51,20576
2017-03-01,14.48,14.5023,14.4179,14.4646,14.4646,22371
2017-03-02,14.54,14.5544,14.4546,14.47,14.47,16893
2017-03-03,14.48,14.56,14.44,14.51,14.51,19753
2017-03-06,14.5,14.5,14.2832,14.32,14.32,23628
2017-03-07,14.37,14.47,14.3,14.3,14.3,28375
2017-03-08,14.27,14.28,14.2,14.2148,14.2148,22504
2017-03-09,14.12,14.2243,13.83,13.87,13.87,49930
2017-03-10,13.88,14.05,13.88,13.99,13.99,18264
2017-03-13,13.94,14.03,13.94,13.99,13.99,13599
2017-03-14,13.87,13.999,13.87,13.999,13.999,6535
2017-03-15,14.02,14.26,14.0129,14.23,14.23,19113
2017-03-16,14.21,14.52,14.21,14.51,14.51,43441
2017-03-17,14.44,14.73,14.44,14.7,14.7,20910
2017-03-20,14.72,14.953,14.72,14.95,14.95,28467
2017-03-21,14.93,15.09,14.68,14.68,14.68,19682
2017-03-22,14.53,14.7522,14.53,14.56,14.56,7286
2017-03-23,14.64,14.79,14.63,14.77,14.77,14513
2017-03-24,14.74,14.7794,14.59,14.59,14.59,9737
2017-03-27,14.52,14.85,14.52,14.82,14.82,22579
2017-03-28,14.75,15,14.75,14.8363,14.8363,29419
2017-03-29,14.92,14.92,14.83,14.92,14.92,18024
2017-03-30,14.9,15.02,14.9,14.97,14.97,23622
2017-03-31,15.02,15.15,14.98,15.09,15.09,18025
2017-04-03,15.17,15.26,15.031,15.24,15.24,30308
2017-04-04,15.15,15.1799,15,15.14,15.14,55109
2017-04-05,15.14,15.15,15.1,15.11,15.11,13719
2017-04-06,15.1,15.16,15.05,15.14,15.14,17909
2017-04-07,15.15,15.1914,15.04,15.1058,15.1058,25308
2017-04-10,15.1,15.23,15.1,15.14,15.14,14368
2017-04-11,15.12,15.27,15.04,15.12,15.12,19552
2017-04-12,15.1,15.14,15.06,15.07,15.07,12768
2017-04-13,15.04,15.18,14.99,15.11,15.11,14160
2017-04-17,15.13,15.27,15.1,15.25,15.25,17835
2017-04-18,15.19,15.39,15.174,15.38,15.38,27485
2017-04-19,15.28,15.32,15.11,15.16,15.16,29856
2017-04-20,15.16,15.25,15.08,15.1,15.1,16227
2017-04-21,14.99,15.19,14.99,15.085,15.085,28420
2017-04-24,15.25,15.25,15.04,15.08,15.08,49087
2017-04-25,15.06,15.1799,15.05,15.07,15.07,29521
2017-04-26,15.06,15.1495,15.0401,15.06,15.06,8944
2017-04-27,15.04,15.1399,15.04,15.0814,15.0814,16346
2017-04-28,15.03,15.1464,15.02,15.03,15.03,24707
2017-05-01,15.1,15.27,15.03,15.18,15.18,14175
2017-05-02,15.1,15.35,15.1,15.25,15.25,15741
2017-05-03,15.24,15.32,15.2228,15.31,15.31,15499
2017-05-04,15.3,15.42,15.1772,15.375,15.375,15759
2017-05-05,15.42,15.42,15.3078,15.38,15.38,7295
2017-05-08,15.35,15.369,15.2378,15.26,15.26,21859
2017-05-09,15.38,15.38,15.25,15.3,15.3,33662
2017-05-10,15.31,15.32,15.3,15.3158,15.3158,7513
2017-05-11,15.39,15.39,15.29,15.38,15.38,14306
2017-05-12,15.31,15.38,15.29,15.29,15.29,5515
2017-05-15,15.25,15.32,15.03,15.29,15.29,33452
2017-05-16,15.26,15.3037,15.18,15.2028,15.2028,13760
2017-05-17,15.15,15.187,15.1,15.1073,15.1073,13572
2017-05-18,15.09,15.28,15.0605,15.24,15.24,17176
2017-05-19,15.39,15.39,15.161,15.35,15.35,24259
2017-05-22,15.38,15.39,15.2801,15.39,15.39,22526
2017-05-23,15.39,15.39,15.25,15.329,15.329,15081
2017-05-24,15.27,15.3229,15.15,15.2201,15.2201,27292
2017-05-25,15.22,15.32,15.16,15.2947,15.2947,31960
2017-05-26,15.34,15.34,15.25,15.25,15.25,9523
2017-05-30,15.25,15.3,15.25,15.26,15.26,9954
2017-05-31,15.25,15.25,15.19,15.25,15.25,18017
2017-06-01,15.36,15.36,15.2,15.3,15.3,23462
2017-06-02,15.32,15.3399,15.26,15.32,15.32,9987
2017-06-05,15.28,15.39,15.28,15.37,15.37,26723
2017-06-06,15.37,15.48,15.37,15.48,15.48,38017
2017-06-07,15.47,15.47,15.33,15.39,15.39,21185
2017-06-08,15.38,15.7,15.33,15.61,15.61,34879
2017-06-09,15.48,15.58,15.37,15.5,15.5,38120
2017-06-12,15.62,15.62,15.36,15.41,15.41,19376
2017-06-13,15.4,15.6,15.4,15.5766,15.5766,13411
2017-06-14,15.57,15.604,15.48,15.48,15.48,21801
2017-06-15,15.45,15.5499,15.39,15.4301,15.4301,14000
2017-06-16,15.41,15.63,15.41,15.58,15.58,19188
2017-06-19,15.55,15.77,15.55,15.77,15.77,32151
2017-06-20,15.7,15.73,15.59,15.59,15.59,13534
2017-06-21,15.49,15.7234,15.49,15.67,15.67,12603
2017-06-22,15.67,15.78,15.67,15.71,15.71,17507
2017-06-23,15.7,15.9,15.7,15.88,15.88,21917
2017-06-26,15.85,15.9291,15.74,15.74,15.74,20255
2017-06-27,15.81,15.81,15.7,15.7179,15.7179,11863
2017-06-28,15.72,15.75,15.7,15.729,15.729,16418
2017-06-29,15.7,15.84,15.67,15.68,15.68,31541
2017-06-30,15.86,15.86,15.7001,15.74,15.74,12859
2017-07-03,15.82,15.82,15.7201,15.74,15.74,5951
2017-07-05,15.74,15.74,15.67,15.67,15.67,16960
2017-07-06,15.67,15.74,15.6302,15.74,15.74,15253
2017-07-07,15.66,15.74,15.66,15.66,15.66,25341
2017-07-10,15.66,15.72,15.5601,15.57,15.57,47280
2017-07-11,15.55,15.56,15.43,15.48,15.48,13495
2017-07-12,15.52,15.52,15.32,15.39,15.39,29386
2017-07-13,15.5,15.52,15.422,15.51,15.51,16589
2017-07-14,15.53,15.59,15.48,15.58,15.58,14656
2017-07-17,15.55,15.58,15.42,15.47,15.47,31436
2017-07-18,15.44,15.4999,15.39,15.42,15.42,18175
2017-07-19,15.43,15.5,15.37,15.5,15.5,19460
2017-07-20,15.4,15.42,15.3072,15.35,15.35,20452
2017-07-21,15.17,15.22,15.02,15.22,15.22,51643
2017-07-24,15.21,15.21,14.82,14.82,14.82,50860
2017-07-25,14.85,14.94,14.75,14.87,14.87,37368
2017-07-26,14.88,14.89,14.8182,14.86,14.86,24329
2017-07-27,14.83,14.9,14.802,14.81,14.81,15364
2017-07-28,14.76,14.78,14.66,14.74,14.74,33063
2017-07-31,14.76,14.8269,14.58,14.68,14.68,59496
2017-08-01,14.76,14.89,14.63,14.84,14.84,58534
2017-08-02,14.91,15.1,14.84,14.9708,14.9708,33898
2017-08-03,14.92,15.05,14.91,14.98,14.98,21976
2017-08-04,15.048,15.048,15.048,15.048,15.048,25342
2017-08-07,15.06,15.06,14.97,15.02,15.02,23885
2017-08-08,15,15.04,14.95,14.98,14.98,22111
2017-08-09,14.97,14.97,14.66,14.79,14.79,45436
2017-08-10,14.79,14.79,14.38,14.51,14.51,58712
2017-08-11,14.55,14.672,14.25,14.67,14.67,26875
2017-08-14,14.7,14.77,14.6,14.66,14.66,28683
2017-08-15,14.74,14.8,14.68,14.8,14.8,17359
2017-08-16,14.79,14.81,14.73,14.74,14.74,14567
2017-08-17,14.71,14.79,14.69,14.69,14.69,21937
2017-08-18,14.68,15.04,14.65,14.98,14.98,45364
2017-08-21,14.97,14.97,14.86,14.86,14.86,17852
2017-08-22,14.8,14.87,14.769,14.86,14.86,32208
2017-08-23,14.75,14.8752,14.75,14.79,14.79,12634
2017-08-24,14.76,14.86,14.76,14.85,14.85,15807
2017-08-25,15,15,14.81,14.82,14.82,15892
2017-08-28,14.8,14.84,14.7852,14.79,14.79,15714
2017-08-29,14.7,14.8899,14.7,14.86,14.86,26156
2017-08-30,14.91,15.08,14.85,15.07,15.07,41986
2017-08-31,15.1,15.16,15,15.16,15.16,28166
2017-09-01,15.18,15.2334,15.13,15.22,15.22,17106
2017-09-05,15.09,15.12,14.93,15.01,15.01,55835
2017-09-06,14.95,15.04,14.84,14.87,14.87,36872
2017-09-07,14.85,14.9,14.82,14.82,14.82,15654
2017-09-08,14.83,14.84,14.72,14.7523,14.7523,28230
2017-09-11,14.77,14.79,14.74,14.77,14.77,30723
2017-09-12,14.76,14.839,14.75,14.78,14.78,23265
2017-09-13,14.75,14.86,14.75,14.78,14.78,31369
2017-09-14,14.74,14.8,14.74,14.76,14.76,17573
2017-09-15,14.78,14.8,14.72,14.74,14.74,23990
2017-09-18,14.74,14.8,14.74,14.76,14.76,41973
2017-09-19,14.76,14.8,14.74,14.75,14.75,16865
2017-09-20,14.76,14.787,14.74,14.77,14.77,17843
2017-09-21,14.67,14.7,14.65,14.6618,14.6618,12985
2017-09-22,14.78,15.2,14.7106,15.12,15.12,98595
2017-09-25,15.09,15.09,15.09,15.09,15.09,34606
2017-09-26,15.06,15.21,15.02,15.21,15.21,29579
2017-09-27,15.21,15.21,14.99,15.01,15.01,30454
2017-09-28,15.02,15.159,15,15.05,15.05,24781
2017-09-29,15.1,15.15,15.06,15.15,15.15,30734
2017-10-02,15.16,15.258,15.08,15.23,15.23,22356
2017-10-03,15.31,15.31,15.1884,15.24,15.24,10017
2017-10-04,15.2148,15.25,15.11,15.14,15.14,17553
2017-10-05,15.09,15.12,15,15.12,15.12,19958
2017-10-06,15.14,15.18,15.02,15.18,15.18,9422
2017-10-09,15.17,15.18,15.11,15.135,15.135,10253
2017-10-10,15.15,15.2,15.13,15.1517,15.1517,21609
2017-10-11,15.16,15.16,15.16,15.16,15.16,14621
2017-10-12,15.15,15.2692,15.15,15.21,15.21,18870
2017-10-13,15.27,15.27,15.2472,15.2637,15.2637,5006
2017-10-16,15.26,15.27,15.2076,15.2093,15.2093,10312
2017-10-18,15.1,15.24,15.1,15.15,15.15,13274
2017-10-19,15.1,15.3,15.1,15.3,15.3,13043
2017-10-20,15.28,15.28,15.09,15.16,15.16,18134
2017-10-23,15,15.12,15,15,15,14239
2017-10-24,15,15.03,14.86,14.88,14.88,27029
2017-10-25,14.85,15.2575,14.71,15.11,15.11,111299
2017-10-26,15.17,15.19,15.07,15.07,15.07,98370
2017-10-27,15.07,15.25,15.07,15.12,15.12,57798
2017-10-30,15.14,15.3,15.1,15.28,15.28,56000
2017-10-31,15.28,15.479,15.28,15.479,15.479,40527
2017-11-01,15.55,15.55,15.55,15.55,15.55,24343
2017-11-02,15.52,15.5299,15.43,15.5299,15.5299,10607
2017-11-03,15.53,15.58,15.38,15.42,15.42,24271
2017-11-06,15.33,15.5,15.29,15.44,15.44,21547
2017-11-07,15.43,15.48,15.43,15.44,15.44,5329
2017-11-08,15.4,16.34,15.4,15.56,15.56,33783
2017-11-09,15.42,15.5488,15.39,15.47,15.47,15547
2017-11-10,15.47,15.47,15.3899,15.3899,15.3899,28751
2017-11-13,15.3,15.5584,15.3,15.41,15.41,9622
2017-11-14,15.3,15.45,15.24,15.308,15.308,26464
2017-11-15,15.28,15.5694,15.24,15.35,15.35,28147
2017-11-16,15.55,15.56,15.35,15.45,15.45,19210
2017-11-17,15.6,16,15.485,15.5,15.5,17564
2017-11-20,15.65,15.65,15.5325,15.54,15.54,29335
2017-11-21,15.97,15.97,15.46,15.52,15.52,36630
2017-11-22,15.52,15.6439,15.37,15.37,15.37,19293
2017-11-24,15.4,15.4,15.3,15.32,15.32,8004
2017-11-27,15.32,15.3763,15.25,15.27,15.27,31911
2017-11-28,15.38,15.41,15.2996,15.41,15.41,17701
2017-11-29,15.34,15.43,15.32,15.32,15.32,17516
2017-11-30,15.42,15.56,15.3888,15.5,15.5,59807
2017-12-01,15.44,15.68,15.32,15.44,15.44,33983
2017-12-04,15.5,15.5,15.3106,15.32,15.32,26659
2017-12-05,15.4,15.4,15.12,15.12,15.12,22720
2017-12-06,15.1,15.82,15.1,15.75,15.75,20347
2017-12-07,15.74,15.74,15.4501,15.74,15.74,20044
2017-12-08,15.65,15.65,15.4,15.61,15.61,29500
2017-12-11,15.52,15.77,15.4981,15.6,15.6,8962
2017-12-12,15.47,15.603,15.4,15.42,15.42,12740
2017-12-13,15.43,15.65,15.42,15.63,15.63,14832
2017-12-14,15.63,15.79,15.55,15.75,15.75,27600
2017-12-15,15.9,15.9,15.81,15.88,15.88,18633
2017-12-18,15.85,15.94,15.75,15.7815,15.7815,43813
2017-12-19,15.9,15.9,15.5811,15.5812,15.5812,14341
2017-12-20,15.55,15.5811,15.35,15.3562,15.3562,15734
2017-12-21,15.31,15.3999,15.19,15.19,15.19,32803
2017-12-22,15.3,15.3,15.01,15.01,15.01,24208
2017-12-26,14.92,15.21,14.82,15,15,46442
2017-12-27,15.14,15.14,14.94,15.11,15.11,33300
2017-12-28,15.09,15.1182,14.98,15.02,15.02,36600
2017-12-29,15.14,15.14,14.98,14.98,14.98,51638
2018-01-02,15,15.0437,14.96,14.98,14.98,30736
2018-01-03,14.94,15.05,14.85,14.89,14.89,30922
2018-01-04,14.87,14.96,14.87,14.95,14.95,36945
2018-01-05,14.9,14.9798,14.9,14.91,14.91,31311
2018-01-08,14.91,14.97,14.85,14.87,14.87,15939
2018-01-09,15.07,15.07,14.82,14.87,14.87,15289
2018-01-10,14.81,14.83,14.75,14.75,14.75,13516
2018-01-11,14.75,14.83,14.71,14.83,14.83,52346
2018-01-12,14.81,14.814,14.6,14.6,14.6,50334
2018-01-16,14.6,14.6,14.38,14.38,14.38,63057
2018-01-17,14.35,14.5,14.35,14.4353,14.4353,26886
2018-01-18,14.4,14.4138,14.34,14.3434,14.3434,20747
2018-01-19,14.36,14.37,14.27,14.27,14.27,47839
2018-01-22,14.3,14.36,14.17,14.17,14.17,89582
2018-01-23,14.17,14.19,14.1021,14.15,14.15,44397
2018-01-24,14.16,14.16,13.85,14.0503,14.0503,77624
2018-01-25,13.97,14.01,13.93,13.96,13.96,63436
2018-01-26,13.99,14.0069,13.66,13.76,13.76,127946
2018-01-29,13.65,13.7,13.4,13.43,13.43,119929
2018-01-30,13.32,13.4249,13.1908,13.336,13.336,97153
2018-01-31,13.42,13.469,13.38,13.435,13.435,41681
2018-02-01,13.37,13.67,13.37,13.59,13.59,97645
2018-02-02,13.61,13.65,13.49,13.57,13.57,78687
2018-02-05,13.46,13.65,13.46,13.492,13.492,92469
2018-02-06,13.5,13.63,13.5,13.5699,13.5699,61504
2018-02-07,13.6,13.765,13.6,13.72,13.72,31388
2018-02-08,13.8,13.9,13.78,13.89,13.89,42735
2018-02-09,13.85,13.87,13.75,13.85,13.85,22290
2018-02-12,13.8,14,13.8,13.93,13.93,23193
2018-02-13,13.95,13.95,13.86,13.88,13.88,32111
2018-02-14,13.88,14.1,13.88,14.0401,14.0401,35950
2018-02-15,13.95,14.13,13.95,14.1,14.1,29402
2018-02-16,14.11,14.18,14.01,14.03,14.03,39016
2018-02-20,14,14.0019,13.71,13.73,13.73,62270
2018-02-21,13.83,13.882,13.79,13.85,13.85,34283
2018-02-22,13.79,13.85,13.79,13.8098,13.8098,17282
2018-02-23,13.92,13.92,13.82,13.9099,13.9099,16441
2018-02-26,13.93,13.97,13.911,13.911,13.911,13516
2018-02-27,13.94,13.97,13.91,13.96,13.96,12165
2018-02-28,14.02,14.0499,13.9502,13.9701,13.9701,14654
2018-03-01,13.95,13.9919,13.92,13.9251,13.9251,25440
2018-03-02,13.9,13.93,13.8202,13.92,13.92,20173
2018-03-05,13.95,13.95,13.87,13.89,13.89,21251
2018-03-06,13.87,13.9468,13.87,13.9376,13.9376,19756
2018-03-07,14.02,14.02,13.92,13.98,13.98,15644
2018-03-08,14.05,14.05,14,14.01,14.01,19066
2018-03-09,14.04,14.049,13.98,14.04,14.04,17884
2018-03-12,13.99,14.04,13.9772,13.98,13.98,20033
2018-03-13,14.02,14.034,13.95,14.03,14.03,23366
2018-03-14,13.97,14.03,13.95,13.98,13.98,20132
2018-03-15,13.97,14,13.95,13.988,13.988,24531
2018-03-16,13.96,13.9999,13.93,13.93,13.93,20107
2018-03-19,14.01,14.01,13.84,13.84,13.84,31618
2018-03-20,13.89,13.89,13.7599,13.7599,13.7599,29257
2018-03-21,13.75,13.75,13.58,13.6,13.6,33022
2018-03-22,13.6,13.6,13.53,13.54,13.54,21179
2018-03-23,13.5,13.5301,13.49,13.5,13.5,26424
2018-03-26,13.51,13.58,13.48,13.48,13.48,35698
2018-03-27,13.56,13.56,13.45,13.46,13.46,28509
2018-03-28,13.44,13.55,13.44,13.52,13.52,32461
2018-03-29,13.52,13.66,13.48,13.59,13.59,52302
2018-04-02,13.64,13.64,13.5,13.51,13.51,51814
2018-04-03,13.51,13.55,13.48,13.52,13.52,28717
2018-04-04,13.42,13.55,13.42,13.55,13.55,16228
2018-04-05,13.54,13.54,13.46,13.48,13.48,35187
2018-04-06,13.44,13.5,13.34,13.4,13.4,32264
2018-04-09,13.4,13.43,13.38,13.41,13.41,18518
2018-04-10,13.41,13.4655,13.401,13.41,13.41,23407
2018-04-11,13.4,13.4899,13.4,13.48,13.48,17624
2018-04-12,13.5,13.5,13.45,13.479,13.479,28319
2018-04-13,13.42,13.48,13.4008,13.46,13.46,32097
2018-04-16,13.39,13.5,13.36,13.44,13.44,15241
2018-04-17,13.44,13.55,13.44,13.48,13.48,36430
2018-04-18,13.5146,13.56,13.5146,13.52,13.52,15821
2018-04-19,13.46,13.4967,13.46,13.4751,13.4751,12523
2018-04-20,13.4,13.45,13.38,13.38,13.38,12909
2018-04-23,13.48,13.5,13.4,13.412,13.412,9184
2018-04-24,13.45,13.45,13.38,13.44,13.44,14734
2018-04-25,13.41,13.41,13.36,13.38,13.38,16671
2018-04-26,13.35,13.429,13.28,13.3,13.3,26809
2018-04-27,13.3635,13.4199,13.3581,13.4,13.4,12864
2018-04-30,13.41,13.4426,13.36,13.38,13.38,16726
2018-05-01,13.33,13.53,13.33,13.53,13.53,36459
2018-05-02,13.64,13.64,13.52,13.59,13.59,27822
2018-05-03,13.7,13.7,13.5413,13.6,13.6,21480
2018-05-04,13.66,13.66,13.55,13.551,13.551,25925
2018-05-07,13.57,13.6,13.56,13.6,13.6,17007
2018-05-08,13.56,13.63,13.56,13.561,13.561,13272
2018-05-09,13.55,13.5825,13.5259,13.53,13.53,13463
2018-05-10,13.52,13.6,13.5,13.5,13.5,22413
2018-05-11,13.51,13.54,13.46,13.52,13.52,27666
2018-05-14,13.51,13.53,13.51,13.52,13.52,29199
2018-05-15,13.48,13.49,13.45,13.4511,13.4511,9437
2018-05-16,13.51,13.51,13.45,13.46,13.46,18935
2018-05-17,13.45,13.49,13.45,13.46,13.46,13796
2018-05-18,13.41,13.4638,13.41,13.41,13.41,13006
2018-05-21,13.49,13.4993,13.42,13.42,13.42,14350
2018-05-22,13.39,13.46,13.35,13.37,13.37,44107
2018-05-23,13.4,13.46,13.4,13.4,13.4,18222
2018-05-24,13.402,13.47,13.39,13.39,13.39,18387
2018-05-25,13.444,13.5299,13.444,13.48,13.48,39766
2018-05-29,13.48,13.5,13.43,13.43,13.43,16714
2018-05-30,13.4,13.5316,13.4,13.49,13.49,20195
2018-05-31,13.68,13.68,13.46,13.5,13.5,22375
2018-06-01,13.51,13.56,13.48,13.5,13.5,25441
2018-06-04,13.5,13.5219,13.49,13.49,13.49,19911
2018-06-05,13.49,13.53,13.49,13.5299,13.5299,15908
2018-06-06,13.52,13.55,13.5014,13.5352,13.5352,15003
2018-06-07,13.54,13.61,13.54,13.56,13.56,19780
2018-06-08,13.53,13.5519,13.52,13.52,13.52,5673
2018-06-11,13.52,13.569,13.52,13.5499,13.5499,7195
2018-06-12,13.6,13.6,13.48,13.51,13.51,33315
2018-06-13,13.54,13.55,13.5,13.5,13.5,20134
2018-06-14,13.5,13.5099,13.48,13.48,13.48,16869
2018-06-15,13.48,13.48,13.4,13.46,13.46,16195
2018-06-18,13.48,13.53,13.48,13.53,13.53,21530
2018-06-19,13.63,13.6699,13.4914,13.61,13.61,22891
2018-06-20,13.59,13.59,13.51,13.58,13.58,31583
2018-06-21,13.58,13.58,13.46,13.49,13.49,10785
2018-06-22,13.49,13.51,13.47,13.51,13.51,17157
2018-06-25,13.46,13.4648,13.39,13.43,13.43,19391
2018-06-26,13.38,13.71,13.33,13.38,13.38,44262
2018-06-27,13.38,13.4306,13.3616,13.39,13.39,18606
2018-06-28,13.34,13.42,13.26,13.4,13.4,13273
2018-06-29,13.49,13.54,13.42,13.54,13.54,31954
2018-07-02,13.45,13.59,13.45,13.59,13.59,18036
2018-07-03,13.68,13.68,13.61,13.62,13.62,5122
2018-07-05,13.66,13.6701,13.6,13.65,13.65,11183
2018-07-06,13.63,13.8,13.63,13.7,13.7,32457
2018-07-09,13.71,13.74,13.67,13.68,13.68,18955
2018-07-10,13.7,13.7106,13.63,13.63,13.63,22122
2018-07-11,13.58,13.6,13.55,13.56,13.56,16993
2018-07-12,13.51,13.59,13.5,13.5773,13.5773,40254
2018-07-13,13.63,13.63,13.52,13.52,13.52,16192
2018-07-16,13.52,13.5276,13.5,13.5114,13.5114,9486
2018-07-17,13.46,13.5804,13.46,13.5,13.5,27514
2018-07-18,13.5,13.52,13.5,13.51,13.51,5770
2018-07-19,13.55,13.6,13.55,13.59,13.59,7506
2018-07-20,13.6,13.67,13.6,13.67,13.67,7578
2018-07-23,13.63,13.65,13.53,13.61,13.61,27067
2018-07-24,13.62,13.74,13.46,13.66,13.66,35372
2018-07-25,13.68,13.72,13.68,13.72,13.72,24352
2018-07-26,13.66,13.705,13.65,13.7,13.7,19032
2018-07-27,13.75,13.78,13.7,13.765,13.765,27914
2018-07-30,13.79,13.81,13.71,13.73,13.73,20728
2018-07-31,13.78,13.83,13.72,13.82,13.82,19648
2018-08-01,13.73,13.9,13.73,13.84,13.84,16896
2018-08-02,13.84,13.96,13.84,13.908,13.908,14638
2018-08-03,13.86,14.05,13.86,14.01,14.01,22520
2018-08-06,14.02,14.24,13.99,14.17,14.17,22472
2018-08-07,14.17,14.2,14.15,14.2,14.2,34283
2018-08-08,14.26,14.26,14.03,14.0489,14.0489,19361
2018-08-09,14.02,14.1,13.92,13.92,13.92,15130
2018-08-10,14.08,14.08,13.95,13.95,13.95,8495
2018-08-13,14.05,14.12,14.03,14.1,14.1,22150
2018-08-14,14.16,14.189,14.08,14.17,14.17,15193
2018-08-15,14.1,14.11,14.02,14.05,14.05,26543
2018-08-16,14.16,14.16,14,14.08,14.08,6170
2018-08-17,14.03,14.049,13.98,13.98,13.98,16560
2018-08-20,14.1,14.15,14.02,14.13,14.13,15495
2018-08-21,14.04,14.18,14.04,14.1428,14.1428,17986
2018-08-22,14.12,14.22,14.12,14.22,14.22,15211
2018-08-23,14.22,14.22,14.02,14.02,14.02,40339
2018-08-24,14.18,14.23,14.07,14.11,14.11,41428
2018-08-27,14.12,14.1599,14.11,14.11,14.11,13533
2018-08-28,14.05,14.109,14.05,14.099,14.099,10175
2018-08-29,14.16,14.16,14.12,14.13,14.13,4130
2018-08-30,14.16,14.16,14.03,14.08,14.08,14617
2018-08-31,14.1,14.11,14.05,14.11,14.11,28184
2018-09-04,14.12,14.15,14.1,14.1,14.1,19995
2018-09-05,14.1,14.1,13.94,13.96,13.96,26108
2018-09-06,13.97,13.97,13.8398,13.87,13.87,11529
2018-09-07,13.83,13.88,13.83,13.86,13.86,9312
2018-09-10,13.78,13.795,13.68,13.705,13.705,13460
2018-09-11,13.71,13.81,13.681,13.81,13.81,11954
2018-09-12,13.7,13.82,13.68,13.6838,13.6838,8377
2018-09-13,13.73,13.75,13.62,13.65,13.65,14373
2018-09-14,13.68,13.68,13.57,13.57,13.57,25657
2018-09-17,13.67,13.67,13.5,13.52,13.52,16302
2018-09-18,13.51,13.62,13.51,13.6,13.6,19511
2018-09-19,13.68,13.68,13.51,13.68,13.68,31632
2018-09-20,13.56,13.6319,13.42,13.42,13.42,22883
2018-09-21,13.41,13.5,13.41,13.42,13.42,19332
2018-09-24,13.41,13.42,13.41,13.42,13.42,16658
2018-09-25,13.41,13.42,13.26,13.2913,13.2913,24526
2018-09-26,13.24,13.24,13.12,13.22,13.22,24847
2018-09-27,13.13,13.18,12.87,12.97,12.97,93506
2018-09-28,12.97,13.11,12.96,12.98,12.98,110071
2018-10-01,12.95,13.09,12.94,13.0285,13.0285,40030
2018-10-02,13.03,13.13,12.96,13.07,13.07,25326
2018-10-03,13.06,13.0799,13,13.02,13.02,10957
2018-10-04,13,13,12.83,12.9,12.9,43828
2018-10-05,12.9,12.91,12.75,12.75,12.75,51555
2018-10-08,12.67,12.76,12.6293,12.73,12.73,47523
2018-10-09,12.75,12.84,12.6832,12.75,12.75,23239
2018-10-10,12.63,12.75,12.46,12.46,12.46,46175
2018-10-11,12.41,12.4799,12.21,12.26,12.26,67792
2018-10-12,12.39,12.46,12.26,12.37,12.37,39533
2018-10-15,12.41,12.53,12.386,12.44,12.44,32396
2018-10-16,12.45,12.79,12.45,12.76,12.76,59475
2018-10-17,12.74,12.8499,12.74,12.79,12.79,8398
2018-10-18,12.8,12.8,12.69,12.7099,12.7099,23830
2018-10-19,12.8,12.89,12.77,12.8,12.8,21403
2018-10-22,12.9,13.06,12.88,13.05,13.05,65894
2018-10-23,13.05,13.0932,12.6,12.6,12.6,37517
2018-10-24,12.53,12.6,12.32,12.33,12.33,99803
2018-10-25,12.36,12.48,12.35,12.4627,12.4627,64200
2018-10-26,12.33,12.43,12.33,12.41,12.41,30864
2018-10-29,12.47,12.49,12.4038,12.41,12.41,7428
2018-10-30,12.31,12.5,12.31,12.39,12.39,31897
2018-10-31,12.43,12.54,12.4,12.54,12.54,34083
2018-11-01,12.5,12.65,12.5,12.65,12.65,20171
2018-11-02,12.72,12.76,12.635,12.75,12.75,20425
2018-11-05,12.65,12.6757,12.5,12.5,12.5,23999
2018-11-06,12.51,12.6129,12.51,12.6,12.6,21255
2018-11-07,12.63,12.6549,12.59,12.64,12.64,14125
2018-11-08,12.62,12.65,12.56,12.58,12.58,15149
2018-11-09,12.47,12.52,12.43,12.5145,12.5145,21955
2018-11-12,12.43,12.5198,12.43,12.4975,12.4975,10678
2018-11-13,12.45,12.49,12.33,12.42,12.42,37160
2018-11-14,12.63,12.63,12.3,12.34,12.34,25103
2018-11-15,12.37,12.37,12.28,12.3,12.3,12695
2018-11-16,12.28,12.35,12.28,12.3,12.3,21042
2018-11-19,12.2,12.3,12.15,12.15,12.15,39534
2018-11-20,12.15,12.19,11.97,12.19,12.19,66852
2018-11-21,12.14,12.1441,12.06,12.07,12.07,15776
2018-11-23,12.15,12.15,12.03,12.13,12.13,15725
2018-11-26,12.18,12.18,11.98,11.98,11.98,19744
2018-11-27,11.98,11.98,11.85,11.85,11.85,36330
2018-11-28,11.9,11.95,11.86,11.91,11.91,45665
2018-11-29,11.86,11.9967,11.86,11.99,11.99,42463
2018-11-30,11.99,12.06,11.915,12.06,12.06,33102
2018-12-03,12.08,12.25,12.05,12.24,12.24,47805
2018-12-04,12.22,12.22,12.13,12.18,12.18,28791
2018-12-06,12,12.1566,11.97,12.04,12.04,37462
2018-12-07,12.13,12.22,12,12.05,12.05,27174
2018-12-10,12.13,12.24,12.02,12.08,12.08,45302
2018-12-11,12.25,12.25,12.032,12.18,12.18,31298
2018-12-12,12.16,12.18,12.12,12.12,12.12,24975
2018-12-13,12.13,12.13,11.95,11.98,11.98,36709
2018-12-14,11.88,11.9891,11.69,11.78,11.78,72942
2018-12-17,11.66,11.7237,11.5,11.5,11.5,46327
2018-12-18,11.35,11.52,11.19,11.35,11.35,62869
2018-12-19,11.23,11.52,11.23,11.31,11.31,51882
2018-12-20,11.23,11.23,10.76,10.81,10.81,93400
2018-12-21,10.86,10.93,10.74,10.75,10.75,81698
2018-12-24,10.74,11.24,10.74,11.24,11.24,62557
2018-12-26,11.25,11.37,11.06,11.37,11.37,38065
2018-12-27,11.44,11.6141,11.29,11.36,11.36,81146
2018-12-28,11.26,11.5879,11.25,11.47,11.47,117201
2018-12-31,11.6,11.62,11.4,11.55,11.55,104630
2019-01-02,11.42,11.85,11.42,11.84,11.84,26625
2019-01-03,11.81,11.8801,11.71,11.82,11.82,39590
2019-01-04,11.84,11.95,11.8,11.92,11.92,49372
2019-01-07,12,12.39,12,12.39,12.39,44320
2019-01-08,12.48,12.61,12.25,12.29,12.29,31336
2019-01-09,12.29,12.29,12.24,12.269,12.269,14219
2019-01-10,12.3,12.49,12.22,12.42,12.42,59929
2019-01-11,12.47,12.47,12.39,12.44,12.44,17596
2019-01-14,12.42,12.49,12.399,12.49,12.49,33676
2019-01-15,12.49,12.49,12.43,12.46,12.46,8925
2019-01-16,12.49,12.5605,12.4201,12.47,12.47,28561
2019-01-17,12.45,12.64,12.43,12.6085,12.6085,13603
2019-01-18,12.61,12.84,12.6085,12.83,12.83,32918
2019-01-22,12.82,12.86,12.7,12.86,12.86,34804
2019-01-23,12.85,12.95,12.8027,12.95,12.95,14206
2019-01-24,13.04,13.21,12.91,13.21,13.21,28410
2019-01-25,13.19,13.2,12.89,13.13,13.13,32146
2019-01-28,13.18,13.2,13,13.2,13.2,22371
2019-01-29,13.2,13.2,13,13,13,31385
2019-01-30,12.99,13.0376,12.8669,12.88,12.88,27604
2019-01-31,12.99,13.13,12.9235,13.13,13.13,30604
2019-02-01,13.17,13.17,12.95,13.03,13.03,21276
2019-02-04,13.03,13.13,12.98,12.985,12.985,42250
2019-02-05,13.01,13.08,12.96,12.98,12.98,12515
2019-02-06,13.09,13.09,12.9514,12.9832,12.9832,11316
2019-02-07,12.99,12.99,12.9005,12.98,12.98,11625
2019-02-08,12.98,12.98,12.92,12.95,12.95,14178
2019-02-11,12.96,13.1,12.9565,13.07,13.07,25023
2019-02-12,13.13,13.13,13.06,13.075,13.075,17483
2019-02-13,13.17,13.18,13.01,13.14,13.14,20614
2019-02-14,13.16,13.22,13.12,13.19,13.19,25802
2019-02-15,13.29,13.29,13.13,13.2,13.2,17421
2019-02-19,13.26,13.48,13.2377,13.48,13.48,39849
2019-02-20,13.39,13.39,13.2,13.2,13.2,16217
2019-02-21,13.3,13.3,13.18,13.19,13.19,16795
2019-02-22,13.28,13.28,13.11,13.11,13.11,20235
2019-02-25,13.19,13.19,12.97,13,13,37338
2019-02-26,13.12,13.12,12.93,13.05,13.05,36212
2019-02-27,13.08,13.23,13.061,13.22,13.22,22311
2019-02-28,13.23,13.34,13.1603,13.315,13.315,21146
2019-03-01,13.39,13.42,13.25,13.42,13.42,16390
2019-03-04,13.44,13.44,13.28,13.35,13.35,9678
2019-03-05,13.43,13.43,13.28,13.29,13.29,11213
2019-03-06,13.3,13.48,13.2476,13.42,13.42,29544
2019-03-07,13.53,13.53,13.3458,13.35,13.35,12760
2019-03-08,13.3767,13.38,13.28,13.32,13.32,18035
2019-03-11,13.28,13.35,13.25,13.2838,13.2838,14043
2019-03-12,13.5,13.5,13.28,13.28,13.28,13988
2019-03-13,13.63,13.63,13.3,13.3,13.3,22533
2019-03-14,13.35,13.35,13.27,13.3,13.3,12183
2019-03-15,13.38,13.38,13.2701,13.37,13.37,20914
2019-03-18,13.3,13.46,13.3,13.46,13.46,25144
2019-03-19,13.64,13.64,13.3739,13.393,13.393,27436
2019-03-20,13.6,13.66,13.4167,13.66,13.66,39761
2019-03-21,13.41,13.65,13.41,13.6,13.6,11908
2019-03-22,13.67,13.67,13.6001,13.66,13.66,9633
2019-03-25,13.67,13.7199,13.66,13.68,13.68,19339
2019-03-26,13.73,13.73,13.661,13.71,13.71,22129
2019-03-27,13.75,13.75,13.69,13.73,13.73,18759
2019-03-28,13.75,13.834,13.66,13.83,13.83,29770
2019-03-29,13.88,13.88,13.73,13.76,13.76,29175
2019-04-01,13.75,13.859,13.68,13.68,13.68,29232
2019-04-02,13.45,13.5473,13.35,13.46,13.46,63423
2019-04-03,13.36,13.659,13.36,13.47,13.47,29821
2019-04-04,13.65,13.68,13.6049,13.68,13.68,38465
2019-04-05,13.6,13.68,13.55,13.55,13.55,19051
2019-04-08,13.58,13.7399,13.55,13.7,13.7,19362
2019-04-09,13.7,13.74,13.6,13.6,13.6,16866
2019-04-10,13.55,13.7,13.55,13.69,13.69,13481
2019-04-11,13.6933,13.77,13.685,13.72,13.72,33009
2019-04-12,13.72,13.77,13.69,13.69,13.69,18769
2019-04-15,13.78,13.78,13.67,13.74,13.74,16778
2019-04-16,13.7,13.8,13.65,13.7825,13.7825,23457
2019-04-17,13.72,13.85,13.7,13.7,13.7,16299
2019-04-18,13.78,13.78,13.67,13.72,13.72,15107
2019-04-22,13.73,13.77,13.72,13.72,13.72,9221
2019-04-23,13.74,13.78,13.6885,13.77,13.77,9194
2019-04-24,13.83,13.83,13.7041,13.73,13.73,12384
2019-04-25,13.73,13.73,13.62,13.62,13.62,13665
2019-04-26,13.59,13.6,13.23,13.26,13.26,145313
2019-04-29,13.25,13.26,13.16,13.25,13.25,79507
2019-04-30,13.3,13.3,13.17,13.26,13.26,52384
2019-05-01,13.24,13.37,13.24,13.31,13.31,45844
2019-05-02,13.31,13.4199,13.31,13.37,13.37,7960
2019-05-03,13.35,13.35,13.28,13.3,13.3,16524
2019-05-06,13.3,13.37,13.28,13.37,13.37,20331
2019-05-07,13.27,13.335,13.27,13.29,13.29,6649
2019-05-08,13.35,13.37,13.33,13.34,13.34,20791
2019-05-09,13.38,13.38,13.27,13.29,13.29,38526
2019-05-10,13.35,13.39,13.3,13.3515,13.3515,33082
2019-05-13,13.36,13.3646,13.28,13.34,13.34,28087
2019-05-14,13.27,13.4,13.27,13.37,13.37,21815
2019-05-15,13.37,13.43,13.332,13.43,13.43,32148
2019-05-16,13.47,13.5,13.4188,13.5,13.5,16209
2019-05-17,13.5,13.5,13.4108,13.48,13.48,16077
2019-05-20,13.55,13.86,13.55,13.86,13.86,44546
2019-05-21,13.92,14.1,13.87,14.1,14.1,45920
2019-05-22,14.04,14.19,13.965,14.19,14.19,49021
2019-05-23,14.13,14.4,14.13,14.35,14.35,68498
2019-05-24,14.34,14.34,14.2,14.2,14.2,45313
2019-05-28,14.25,14.3,14.12,14.23,14.23,56670
2019-05-29,14.17,14.24,14.1,14.17,14.17,14257
2019-05-30,14.14,14.33,14.14,14.3,14.3,27359
2019-05-31,14.29,14.29,14.08,14.26,14.26,44991
2019-06-03,14.31,14.31,14.16,14.17,14.17,55904
2019-06-04,14.18,14.255,14.14,14.18,14.18,15494
2019-06-05,14.16,14.2556,14.1,14.16,14.16,25908
2019-06-06,14.18,14.33,14.152,14.25,14.25,33535
2019-06-07,14.34,14.4,14.24,14.24,14.24,50957
2019-06-10,14.38,14.38,14.3,14.38,14.38,41522
2019-06-11,14.51,14.81,14.3321,14.81,14.81,44747
2019-06-12,14.67,14.75,14.19,14.3,14.3,52705
2019-06-13,14.29,14.4,14.19,14.4,14.4,14693
2019-06-14,14.38,14.72,14.3,14.72,14.72,27183
2019-06-17,14.75,14.8,14.7,14.75,14.75,33009
2019-06-18,14.83,15.02,14.7975,14.96,14.96,37967
2019-06-19,14.96,14.96,14.75,14.81,14.81,34281
2019-06-20,14.81,15.1,14.76,14.81,14.81,50261
2019-06-21,14.86,15.08,14.64,15.07,15.07,107615
2019-06-24,15.1,15.1,14.54,14.64,14.64,75176
2019-06-25,14.66,14.733,14.41,14.41,14.41,40003
2019-06-26,14.49,14.52,14.3,14.52,14.52,19820
2019-06-27,14.41,14.61,14.41,14.61,14.61,22774
2019-06-28,14.69,14.73,14.655,14.73,14.73,20298
2019-07-01,14.94,14.94,14.7214,14.79,14.79,34148
2019-07-02,14.84,14.84,14.6968,14.74,14.74,21840
2019-07-03,14.88,14.92,14.764,14.92,14.92,16083
2019-07-05,14.92,14.92,14.8,14.82,14.82,24649
2019-07-08,14.94,14.94,14.69,14.77,14.77,31049
2019-07-09,14.69,14.7835,14.69,14.7377,14.7377,16842
2019-07-10,14.8,14.89,14.7001,14.72,14.72,26705
2019-07-11,14.76,14.94,14.71,14.87,14.87,29232
2019-07-12,15,15,14.88,14.95,14.95,17881
2019-07-15,15.02,15.05,14.96,14.9869,14.9869,17357
2019-07-16,15.04,15.06,14.98,15.06,15.06,19944
2019-07-17,15,15.15,14.9752,15.11,15.11,41338
2019-07-18,15.04,15.1,15.0149,15.06,15.06,32300
2019-07-19,15.12,15.12,15.04,15.04,15.04,16363
2019-07-22,15.19,15.19,15.0743,15.13,15.13,18526
2019-07-23,15.07,15.13,15.04,15.07,15.07,25509
2019-07-24,15.07,15.2,15.0101,15.17,15.17,15117
2019-07-25,15.2,15.2,15.01,15.09,15.09,21338
2019-07-26,15.12,15.1499,15.01,15.13,15.13,25358
2019-07-29,15.13,15.25,15,15.25,15.25,39279
2019-07-30,15.21,15.34,15.2,15.34,15.34,8020
2019-07-31,15.4,15.41,15.24,15.41,15.41,29039
2019-08-01,15.41,15.45,15.37,15.37,15.37,34419
2019-08-02,15.41,15.4278,15.17,15.27,15.27,20288
2019-08-05,15.25,15.26,14.67,14.82,14.82,68453
2019-08-06,14.88,14.9547,14.83,14.91,14.91,16348
2019-08-07,14.84,14.94,14.81,14.87,14.87,17981
2019-08-08,14.9,15.11,14.896,15.07,15.07,14953
2019-08-09,15.02,15.1,15,15.1,15.1,10513
2019-08-12,15.03,15.38,15.03,15.38,15.38,22102
2019-08-13,15.43,15.4889,15.25,15.25,15.25,22296
2019-08-14,15.22,15.2713,15.17,15.2,15.2,7902
2019-08-15,15.38,15.5,15.325,15.5,15.5,13533
2019-08-16,15.43,15.89,15.43,15.89,15.89,34324
2019-08-19,15.79,16.03,15.01,15.22,15.22,56909
2019-08-20,15.21,15.21,14.87,14.87,14.87,62855
2019-08-21,14.91,15.01,14.86,14.86,14.86,40231
2019-08-22,14.81,14.87,14.7,14.78,14.78,19825
2019-08-23,14.7,14.8,14.652,14.68,14.68,22734
2019-08-26,14.7,14.7799,14.7,14.72,14.72,12084
2019-08-27,14.62,14.7,14.34,14.34,14.34,57413
2019-08-28,14.54,14.54,14.35,14.43,14.43,49570
2019-08-29,14.5,14.56,14.41,14.56,14.56,24102
2019-08-30,14.49,14.68,14.4626,14.6,14.6,24707
2019-09-03,14.7,14.83,14.56,14.73,14.73,24822
2019-09-04,14.84,14.89,14.78,14.81,14.81,22664
2019-09-05,15.04,15.04,14.89,14.91,14.91,36924
2019-09-06,14.95,15,14.89,14.89,14.89,10256
2019-09-09,14.9,15.06,14.74,14.79,14.79,32352
2019-09-10,14.75,14.81,14.7463,14.8,14.8,22091
2019-09-11,14.89,15.14,14.8444,14.97,14.97,29611
2019-09-12,15.01,15.29,15.01,15.23,15.23,20868
2019-09-13,15.21,15.21,15.03,15.05,15.05,17325
2019-09-16,15.2,15.264,15.1419,15.21,15.21,27347
2019-09-17,15.21,15.28,15.0807,15.15,15.15,25475
2019-09-18,15.2,15.2999,14.99,15.12,15.12,10632
2019-09-19,15.21,15.36,15.171,15.23,15.23,14538
2019-09-20,15.27,15.28,15.13,15.25,15.25,17203
2019-09-23,15.3,15.5,15.1246,15.27,15.27,24517
2019-09-24,15.3,15.4287,15.27,15.29,15.29,13440
2019-09-25,15.37,15.42,15.3224,15.42,15.42,7878
2019-09-26,15.43,15.44,15.13,15.13,15.13,21840
2019-09-27,15.13,15.28,15.09,15.21,15.21,20617
2019-09-30,15.09,15.144,14.93,14.93,14.93,57210
2019-10-01,14.95,15.1,14.95,15.08,15.08,29145
2019-10-02,15.08,15.23,15,15.1,15.1,20700
2019-10-03,15.12,15.41,15.1,15.3,15.3,13212
2019-10-04,15.39,15.39,15.14,15.22,15.22,23963
2019-10-07,15.2,15.3,15.1398,15.23,15.23,14897
2019-10-08,15.26,15.3,15.2316,15.3,15.3,14329
2019-10-09,15.3,15.33,15.27,15.33,15.33,24311
2019-10-10,15.43,15.44,15.3713,15.3867,15.3867,9861
2019-10-11,15.39,15.42,15.33,15.37,15.37,11706
2019-10-14,15.47,15.5,15.46,15.46,15.46,29579
2019-10-15,15.46,15.5,15.37,15.44,15.44,40845
2019-10-16,15.5,15.5,15.34,15.34,15.34,18739
2019-10-17,15.4,15.4,15.33,15.38,15.38,20916
2019-10-18,15.4,15.435,15.35,15.36,15.36,5873
2019-10-21,15.33,15.5,15.2734,15.49,15.49,44510
2019-10-22,15.47,15.56,15.47,15.56,15.56,31035
2019-10-23,15.44,15.47,15.2892,15.37,15.37,12844
2019-10-24,15.45,15.45,15.28,15.29,15.29,16672
2019-10-25,15.38,15.38,15.08,15.11,15.11,35729
2019-10-28,15.13,15.2386,15.05,15.0602,15.0602,35007
2019-10-29,15.09,15.25,15.0764,15.23,15.23,11458
2019-10-30,15.25,15.5,15.2313,15.45,15.45,28263
2019-10-31,15.57,15.75,15.4868,15.75,15.75,27443
2019-11-01,15.75,15.75,15.55,15.61,15.61,20351
2019-11-04,15.65,15.7,15.51,15.65,15.65,30829
2019-11-05,15.69,15.71,15.59,15.6134,15.6134,30230
2019-11-06,15.71,15.72,15.65,15.65,15.65,17923
2019-11-07,15.6,15.65,15.56,15.61,15.61,9473
2019-11-08,15.68,15.68,15.5301,15.595,15.595,17358
2019-11-11,15.66,15.83,15.651,15.83,15.83,28957
2019-11-12,15.82,15.99,15.82,15.88,15.88,27324
2019-11-13,15.84,15.98,15.8133,15.84,15.84,13037
2019-11-14,15.85,15.89,15.7,15.76,15.76,21482
2019-11-15,15.79,15.9,15.7367,15.88,15.88,12463
2019-11-18,15.79,15.976,15.79,15.94,15.94,14925
2019-11-19,15.91,15.97,15.8,15.97,15.97,15299
2019-11-20,16,16.419,15.86,16.335,16.335,50869
2019-11-21,16.64,16.64,16.0485,16.06,16.06,27217
2019-11-22,16.05,16.104,15.93,16.03,16.03,23477
2019-11-25,16.02,16.05,15.8409,15.9056,15.9056,14266
2019-11-26,16.02,16.26,15.9896,16.25,16.25,33602
2019-11-27,16.2,16.3,16.15,16.19,16.19,22103
2019-11-29,16.13,16.29,16.1,16.29,16.29,15336
2019-12-02,16.31,16.31,15.98,16.16,16.16,32260
2019-12-03,15.86,15.99,15.76,15.81,15.81,34933
2019-12-04,15.93,15.95,15.65,15.76,15.76,24438
2019-12-05,15.812,15.906,15.65,15.77,15.77,11337
2019-12-06,15.88,15.88,15.68,15.745,15.745,13789
2019-12-09,15.75,15.8616,15.42,15.42,15.42,16404
2019-12-10,15.4,15.45,15.24,15.43,15.43,40808
2019-12-11,15.41,15.598,15.4,15.5,15.5,9773
2019-12-12,15.5,15.6,15.33,15.4,15.4,23633
2019-12-13,15.38,15.61,15.364,15.49,15.49,23446
2019-12-16,15.52,15.52,15.25,15.34,15.34,43112
2019-12-17,15.3,15.43,15.3,15.35,15.35,16070
2019-12-18,15.64,15.64,15.3985,15.52,15.52,17264
2019-12-19,15.46,15.54,15.27,15.376,15.376,49342
2019-12-20,15.22,15.4799,15.17,15.41,15.41,33868
2019-12-23,15.52,15.55,15.26,15.35,15.35,16648
2019-12-24,15.32,15.4298,15.32,15.365,15.365,6442
2019-12-26,15.3,15.3999,15.3,15.39,15.39,8398
2019-12-27,15.42,15.42,15.3004,15.34,15.34,10175
2019-12-30,15.26,15.64,15.11,15.36,15.36,61705
2019-12-31,15.45,15.579,15.24,15.56,15.56,34524
2020-01-02,15.41,15.4937,15.41,15.48,15.48,23675
2020-01-03,15.55,15.55,15.48,15.51,15.51,13650
2020-01-06,15.55,15.62,15.43,15.62,15.62,30384
2020-01-07,15.56,15.68,15.55,15.68,15.68,23163
2020-01-08,15.58,15.66,15.58,15.65,15.65,19938
2020-01-09,15.6,15.66,15.55,15.62,15.62,22254
2020-01-10,15.61,15.63,15.53,15.58,15.58,33461
2020-01-13,15.62,15.634,15.5601,15.5601,15.5601,9977
2020-01-14,15.53,15.64,15.45,15.64,15.64,16485
2020-01-15,15.58,15.8,15.58,15.68,15.68,16337
2020-01-16,15.79,15.89,15.65,15.8,15.8,32073
2020-01-17,15.78,15.951,15.7609,15.93,15.93,12576
2020-01-21,16.05,16.19,16,16.01,16.01,19531
2020-01-22,16.2,16.2,16,16.03,16.03,20428
2020-01-23,15.95,16.27,15.94,16.218,16.218,22374
2020-01-24,16.18,16.18,16.05,16.18,16.18,14460
2020-01-27,16.15,16.2,15.9701,16.04,16.04,19512
2020-01-28,16.2,16.37,16.06,16.37,16.37,53123
2020-01-29,16.47,16.47,16.3,16.4,16.4,25655
2020-01-30,16.33,16.3695,16.265,16.36,16.36,12063
2020-01-31,16.38,16.38,15.92,15.92,15.92,71693
2020-02-03,16,16.1372,16,16,16,15314
2020-02-04,16.23,16.378,16.2093,16.33,16.33,12362
2020-02-05,16.37,16.47,16.27,16.35,16.35,23242
2020-02-06,16.42,16.42,16.2,16.27,16.27,20582
2020-02-07,16.4,16.46,16.24,16.45,16.45,11176
2020-02-10,16.45,16.54,16.375,16.42,16.42,26044
2020-02-11,16.48,16.74,16.48,16.66,16.66,39267
2020-02-12,16.75,16.88,16.67,16.7,16.7,27257
2020-02-13,16.68,16.88,16.68,16.8068,16.8068,11672
2020-02-14,16.68,17.15,16.68,17.12,17.12,29845
2020-02-18,17,17.2384,16.75,17.12,17.12,25347
2020-02-19,17.06,17.83,17.03,17.3569,17.3569,40339
2020-02-20,17.19,17.48,17.1801,17.4,17.4,19343
2020-02-21,17.4,17.47,17.3511,17.38,17.38,25483
2020-02-24,16.88,17.2179,16.52,16.6,16.6,68156
2020-02-25,16.8,16.96,15.1,15.21,15.21,143816
2020-02-26,15.22,15.4965,15.08,15.2,15.2,145963
2020-02-27,15.02,15.096,14.56,14.67,14.67,174212
2020-02-28,14.44,14.48,14,14.17,14.17,117034
2020-03-02,14.29,14.95,14.29,14.95,14.95,64376
2020-03-03,15.03,15.955,14.96,15.35,15.35,91836
2020-03-04,15.46,16.04,15.46,15.93,15.93,30697
2020-03-05,15.75,15.81,15.3,15.55,15.55,36048
2020-03-06,15.08,15.3748,14.64,14.8,14.8,68147
2020-03-09,14.19,14.2001,12.22,14.15,14.15,117516
2020-03-10,14.28,14.44,14.15,14.25,14.25,36158
2020-03-11,14.38,14.38,13.63,13.82,13.82,51265
2020-03-12,13.32,13.41,10.7,12.12,12.12,198401
2020-03-13,12.62,13.23,12.62,13.23,13.23,61659
2020-03-16,12.23,13,11.55,11.7,11.7,50644
2020-03-17,11.61,11.84,10.75,10.91,10.91,148777
2020-03-18,10.5,10.75,7.8469,8.11,8.11,159674
2020-03-19,7.61,9.51,7.338,9.02,9.02,189872
2020-03-20,9.5,10.95,9.3,9.93,9.93,101528
2020-03-23,9.54,9.55,7.7501,8.35,8.35,172408
2020-03-24,8.68,10.6116,8.68,10.05,10.05,119810
2020-03-25,10.3,12.25,10.08,11.5,11.5,68487
2020-03-26,11.86,12.8696,11.45,12.39,12.39,64547
2020-03-27,12.13,12.13,11.52,11.98,11.98,51115
2020-03-30,11.83,12.11,11.5601,11.87,11.87,44569
2020-03-31,12.11,12.4,11.8585,12.07,12.07,34919
2020-04-01,11.7,11.725,11.2,11.35,11.35,55950
2020-04-02,11,11.556,11,11.4,11.4,20845
2020-04-03,11.32,11.32,10.8871,11.14,11.14,20852
2020-04-06,11.21,11.46,11.01,11.26,11.26,57401
2020-04-07,11.5,12.0206,11.5,11.85,11.85,38323
2020-04-08,12.17,12.85,11.955,12.85,12.85,55017
2020-04-09,12.87,13.4399,12.7101,13.35,13.35,47263
2020-04-13,13.12,13.235,12.49,12.6,12.6,46284
2020-04-14,12.96,13.39,12.82,13.24,13.24,61745
2020-04-15,13.02,13.1174,12.89,13.04,13.04,16638
2020-04-16,13.24,13.2509,12.9,13.1074,13.1074,20992
2020-04-17,13.18,13.324,12.96,13.0472,13.0472,27877
2020-04-20,12.8,13.4,12.8,13.1646,13.1646,46983
2020-04-21,12.96,13.1346,12.65,12.735,12.735,46924
2020-04-22,12.73,13.14,12.69,13.0291,13.0291,16361
2020-04-23,13.51,13.51,12.892,13.0356,13.0356,20341
2020-04-24,13.44,13.49,12.8001,13.29,13.29,20532
2020-04-27,13.45,13.89,13.3012,13.53,13.53,48176
2020-04-28,13.74,13.74,13.53,13.56,13.56,25555
2020-04-29,13.89,14.31,13.62,14.31,14.31,32523
2020-04-30,14.25,14.25,13.9088,14.1,14.1,31285
2020-05-01,14.09,14.0983,13.77,13.91,13.91,23136
2020-05-04,13.66,13.87,13.66,13.86,13.86,7972
2020-05-05,13.87,14.13,13.87,14.02,14.02,15596
2020-05-06,14.12,14.25,13.91,14.07,14.07,54275
2020-05-07,14.3,14.3,14.01,14.02,14.02,12180
2020-05-08,14.2,14.2,13.79,14.14,14.14,41164
2020-05-11,14.12,14.15,14.0015,14.108,14.108,27625
2020-05-12,14.06,14.1,14.0162,14.0503,14.0503,23683
2020-05-13,14.13,14.15,13.75,13.835,13.835,21713
2020-05-14,13.81,13.81,12.9,13.41,13.41,60542
2020-05-15,13.85,13.9999,13.17,13.4,13.4,14946
2020-05-18,13.5,13.95,13.5,13.8,13.8,33443
2020-05-19,13.78,13.97,13.75,13.9681,13.9681,18617
2020-05-20,14.05,15,14.05,14.75,14.75,49589
2020-05-21,14.77,15.06,14.7209,14.95,14.95,34064
2020-05-22,14.89,15,14.5601,14.58,14.58,58501
2020-05-26,14.71,14.9799,14.64,14.75,14.75,26876
2020-05-27,14.91,14.94,14.71,14.83,14.83,16730
2020-05-28,15.08,15.16,14.805,15.16,15.16,25614
2020-05-29,15.21,15.21,14.99,15.07,15.07,30568
2020-06-01,15.05,15.59,14.8667,15.57,15.57,49718
2020-06-02,15.55,15.95,15.2,15.675,15.675,36813
2020-06-03,15.65,16,15.65,15.865,15.865,24909
2020-06-04,15.7,15.97,15.5976,15.62,15.62,18285
2020-06-05,15.63,15.9657,15.07,15.21,15.21,75250
2020-06-08,15.35,15.35,14.56,15.12,15.12,71948
2020-06-09,14.8,15.07,14.7601,14.85,14.85,19183
2020-06-10,14.97,15.0799,14.55,14.86,14.86,21918
2020-06-11,14.5,14.6392,14.01,14.21,14.21,41528
2020-06-12,14.85,14.85,14.115,14.4,14.4,27572
2020-06-15,14.05,15.09,14.05,14.77,14.77,38935
2020-06-16,15.07,15.25,14.9031,15.23,15.23,26441
2020-06-17,14.96,16,14.8982,15.21,15.21,35328
2020-06-18,15.48,15.64,15.2101,15.555,15.555,16578
2020-06-19,15.48,15.83,15.02,15.6,15.6,26799
2020-06-22,15.14,15.17,15,15.1,15.1,35370
2020-06-23,15.12,15.12,14.9,14.9,14.9,26989
2020-06-24,14.97,14.97,14.5,14.61,14.61,23096
2020-06-25,14.765,14.925,14.63,14.79,14.79,13347
2020-06-26,14.97,14.97,14.32,14.4,14.4,32658
2020-06-29,14.65,14.79,14.405,14.67,14.67,26281
2020-06-30,14.79,14.8899,14.52,14.52,14.52,22015
2020-07-01,14.39,14.47,14.3,14.3,14.3,12150
2020-07-02,14.48,14.49,14.36,14.3984,14.3984,8634
2020-07-06,14.4,14.458,14.13,14.19,14.19,18269
2020-07-07,14.29,14.29,14.1695,14.2,14.2,12345
2020-07-08,14.14,14.191,14.06,14.14,14.14,19486
2020-07-09,14.07,14.1395,14.03,14.0811,14.0811,14570
2020-07-10,14.06,14.12,14.0401,14.08,14.08,6365
2020-07-13,14.08,14.22,14.08,14.0901,14.0901,20272
2020-07-14,14.05,14.14,14.05,14.14,14.14,23456
2020-07-15,14.25,14.25,14.08,14.17,14.17,26632
2020-07-16,14.17,14.18,14.11,14.18,14.18,9674
2020-07-17,14.25,14.44,14.17,14.4,14.4,17327
2020-07-20,14.45,14.61,14.3,14.53,14.53,28003
2020-07-21,14.63,14.96,14.43,14.95,14.95,25060
2020-07-22,15,15,14.895,14.9666,14.9666,26537
2020-07-23,14.84,15,14.84,14.89,14.89,11034
2020-07-24,15,15.1,14.9721,15.07,15.07,18127
2020-07-27,15,15.1,14.86,14.86,14.86,25423
2020-07-28,15,15.15,14.98,15,15,16408
2020-07-29,15.1,15.29,15.045,15.29,15.29,14565
2020-07-30,15.3,15.3,15.2,15.29,15.29,17606
2020-07-31,15.39,15.6,15.25,15.58,15.58,30836
2020-08-03,15.62,15.6699,15.52,15.66,15.66,26649
2020-08-04,15.57,15.6705,15.57,15.625,15.625,20380
2020-08-05,15.63,15.7356,15.58,15.67,15.67,25525
2020-08-06,15.62,15.62,15.516,15.61,15.61,8897
2020-08-07,15.51,15.61,15.48,15.5728,15.5728,18769
2020-08-10,15.54,15.65,15.54,15.62,15.62,17958
2020-08-11,15.66,15.95,15.63,15.7,15.7,9156
2020-08-12,15.65,15.8983,15.64,15.675,15.675,28366
2020-08-13,15.6,15.77,15.6,15.7233,15.7233,5510
2020-08-14,15.82,15.9,15.7,15.74,15.74,28192
2020-08-17,15.81,16.1,15.81,16.094,16.094,49390
2020-08-18,16.1,16.19,16.07,16.1147,16.1147,17994
2020-08-19,16.087,16.1457,16.06,16.075,16.075,4460
2020-08-20,16.14,16.25,16.08,16.1813,16.1813,14809
2020-08-21,16.01,16.24,16,16.24,16.24,18320
2020-08-24,16.25,16.25,15.7,16.01,16.01,33477
2020-08-25,16.3,16.33,16.13,16.32,16.32,29869
2020-08-26,16.23,16.48,16.23,16.39,16.39,10864
2020-08-27,16.13,16.25,16,16.14,16.14,24622
2020-08-28,15.92,16.35,15.92,16.34,16.34,14032
2020-08-31,16.43,16.5,16.405,16.45,16.45,15806
2020-09-01,16.46,16.78,16.4301,16.63,16.63,24459
2020-09-02,16.74,16.74,16.57,16.6,16.6,13419
2020-09-03,16.7,16.7335,16.2,16.22,16.22,23801
2020-09-04,16.52,16.53,16.04,16.19,16.19,41666
2020-09-08,16.1,16.1971,15.47,15.67,15.67,27476
2020-09-09,15.9,15.9,15.77,15.895,15.895,27944
2020-09-10,16,16.19,15.875,16.1206,16.1206,27614
2020-09-11,16.12,16.3598,16.12,16.1784,16.1784,14197
2020-09-14,16,16.079,15.88,16,16,30648
2020-09-15,16.08,16.22,16.0194,16.22,16.22,18898
2020-09-16,16.29,16.29,16.1,16.215,16.215,21973
2020-09-17,16.2,16.49,15.97,16.2098,16.2098,19699
2020-09-18,16.12,16.41,16.12,16.245,16.245,26996
2020-09-21,16.38,16.52,16.16,16.3301,16.3301,19870
2020-09-22,16.25,17,16.23,16.805,16.805,35880
2020-09-23,16.51,16.6999,16.34,16.4,16.4,22392
2020-09-24,16.3,16.3,15.71,15.85,15.85,29122
2020-09-25,15.83,16.31,15.83,16.27,16.27,19822
2020-09-28,16.35,16.5907,16.0275,16.0445,16.0445,48308
2020-09-29,16.19,16.255,16.105,16.25,16.25,14664
2020-09-30,16.33,16.72,16.195,16.505,16.505,22111
2020-10-01,16.4,16.9399,16.01,16.1,16.1,36001
2020-10-02,16.43,16.6,16.13,16.6,16.6,32772
2020-10-05,16.52,17,16.5,16.515,16.515,31600
2020-10-06,16.78,16.78,16.5,16.616,16.616,27847
2020-10-07,16.78,16.84,16.584,16.62,16.62,29533
2020-10-08,16.8,17,16.72,16.9936,16.9936,19602
2020-10-09,16.88,17.19,16.88,16.9,16.9,31627
2020-10-12,16.87,17.54,16.8284,17.02,17.02,56117
2020-10-13,17.15,17.53,16.96,17.53,17.53,45824
2020-10-14,17.4,17.42,16.76,17.29,17.29,59729
2020-10-15,17.02,17.31,16.9,17.17,17.17,23506
2020-10-16,17.07,17.43,16.99,17.18,17.18,15890
2020-10-19,17.2659,17.3699,16.8006,16.87,16.87,19423
2020-10-20,16.92,17.22,16.92,17.22,17.22,16644
2020-10-21,17.6,17.6,16.9,17.2,17.2,15904
2020-10-22,16.95,17.15,16.95,17.03,17.03,19946
2020-10-23,17.1,17.1,16.8184,16.9663,16.9663,13694
2020-10-26,16.8,17.02,16.75,16.95,16.95,43882
2020-10-27,16.99,17.28,16.8853,17.08,17.08,13029
2020-10-28,17.09,17.14,16.79,16.94,16.94,18706
2020-10-29,16.86,17.1527,16.8252,17.05,17.05,13788
2020-10-30,17.16,17.16,16.8545,17,17,14282
2020-11-02,17.17,17.26,17.025,17.19,17.19,17493
2020-11-03,17.19,17.55,17.1,17.54,17.54,17753
2020-11-04,17.26,17.6953,17.26,17.57,17.57,22001
2020-11-05,17.67,17.67,17.2213,17.61,17.61,16943
2020-11-06,17.51,17.69,17.5,17.57,17.57,15518
2020-11-09,17.73,17.73,17.15,17.22,17.22,41466
2020-11-10,17.42,17.63,17,17.192,17.192,21389
2020-11-11,17.32,17.3763,17,17.15,17.15,16452
2020-11-12,17.27,17.27,17.0009,17.12,17.12,12313
2020-11-13,17.11,17.39,17.11,17.32,17.32,7820
2020-11-16,17.3,17.4,17.27,17.38,17.38,30328
2020-11-17,17.39,17.495,17.315,17.49,17.49,13267
2020-11-18,17.5,17.7178,17.4668,17.7178,17.7178,14722
2020-11-19,17.75,17.88,17.5101,17.88,17.88,14052
2020-11-20,18,18.35,17.9,18.35,18.35,13801
2020-11-23,18.21,18.69,18.17,18.69,18.69,25490
2020-11-24,18.56,18.65,18.3453,18.61,18.61,20775
2020-11-25,18.65,18.7499,18.6,18.7,18.7,37188
2020-11-27,18.69,18.75,18.504,18.71,18.71,18153
2020-11-30,18.96,18.97,18.72,18.9,18.9,36196
2020-12-01,19,19,18.64,18.71,18.71,46691
2020-12-02,19,20.68,18.75,18.89,18.89,32342
2020-12-03,18.92,19.0003,18.85,18.96,18.96,13744
2020-12-04,19.13,19.19,18.62,18.72,18.72,142831
2020-12-07,18.56,19.1,18.01,18.97,18.97,51897
2020-12-08,19.03,19.35,18.8601,19.23,19.23,62342
2020-12-09,19.12,19.51,19.0901,19.23,19.23,25071
2020-12-10,19.28,19.4732,19.2,19.41,19.41,52756
2020-12-11,19.5,19.93,19.425,19.62,19.62,28030
2020-12-14,20,20,19.7,19.79,19.79,57347
2020-12-15,19.85,20.4,19.8,20.38,20.38,54695
2020-12-16,20.25,20.4249,19.98,20.36,20.36,61401
2020-12-17,20.49,20.49,20.28,20.4,20.4,42985
2020-12-18,20.4,20.69,20.2618,20.66,20.66,32684
2020-12-21,20.6,20.83,20.5513,20.65,20.65,45723
2020-12-22,20.8,20.8,20.54,20.67,20.67,30016
2020-12-23,20.53,20.81,20.53,20.81,20.81,33801
2020-12-24,20.66,20.88,20.51,20.75,20.75,13976
2020-12-28,20.72,20.88,20.25,20.38,20.38,46297
2020-12-29,20.22,20.22,19.05,19.1,19.1,51635
2020-12-30,19.01,19.1087,18.71,18.75,18.75,36497
2020-12-31,19.05,19.15,18.7601,18.95,18.95,36540
2021-01-04,19.02,19.04,18.01,18.53,18.53,71496
2021-01-05,17.88,18.39,17.61,18.1,18.1,50204
2021-01-06,17.91,18.235,17.77,17.86,17.86,34776
2021-01-07,17.81,18.3,17.81,18.15,18.15,32705
2021-01-08,17.99,18.125,17.95,17.98,17.98,21119
2021-01-11,18,18.28,18,18.11,18.11,25339
2021-01-12,18.02,18.95,18.01,18.13,18.13,46731
2021-01-13,18.05,18.77,18.05,18.62,18.62,21977
2021-01-14,18.48,18.95,18.48,18.79,18.79,31835
2021-01-15,18.9,19,18.49,18.89,18.89,17984
2021-01-19,19.5,19.6,18.689,19.49,19.49,25216
2021-01-20,19.42,19.67,19.0841,19.34,19.34,40404
2021-01-21,19.42,19.5,18.67,19.08,19.08,23052
2021-01-22,19.18,19.305,19.1298,19.24,19.24,17572
2021-01-25,19.35,19.5,19.21,19.33,19.33,35969
2021-01-26,19.25,19.5,19.23,19.28,19.28,14679
2021-01-27,19.2,19.49,19.0001,19.05,19.05,15716
2021-01-28,19.15,19.35,19,19.17,19.17,31986
2021-01-29,19.44,19.5,19.0106,19.18,19.18,25065
2021-02-01,19.09,19.39,19.08,19.2107,19.2107,27297
2021-02-02,19.46,19.46,19.15,19.3,19.3,14930
2021-02-03,19.29,19.39,19.15,19.15,19.15,26853
2021-02-04,19.26,20.01,19.1501,19.67,19.67,73903
2021-02-05,19.63,20.23,19.54,19.78,19.78,37345
2021-02-08,19.97,20.01,19.74,19.9703,19.9703,24863
2021-02-09,19.81,20.2,19.69,20.07,20.07,46737
2021-02-10,19.87,20.068,19.83,19.92,19.92,23755
2021-02-11,19.94,20.16,19.52,19.6118,19.6118,20395
2021-02-12,19.53,19.73,19.28,19.31,19.31,37753
2021-02-16,19.08,19.24,19.05,19.05,19.05,43382
2021-02-17,19.05,19.063,18.85,19.04,19.04,20171
2021-02-18,19.06,19.06,18.41,18.65,18.65,27348
2021-02-19,18.67,18.8,18.61,18.655,18.655,10340
2021-02-22,18.63,18.75,17.9,18.0201,18.0201,47963
2021-02-23,17.92,17.9458,16.29,17.48,17.48,140448
2021-02-24,17.69,17.77,17.2515,17.615,17.615,38752
2021-02-25,17.67,17.67,16.82,17.23,17.23,65406
2021-02-26,17.48,17.62,17.29,17.54,17.54,25156
2021-03-01,17.65,17.9516,17.3272,17.92,17.92,47081
2021-03-02,18.02,18.2696,17.95,18.17,18.17,36450
2021-03-03,18.06,18.1699,17.8,17.85,17.85,17256
2021-03-04,17.96,18.01,17.53,17.53,17.53,52441
2021-03-05,17.71,17.71,17.245,17.49,17.49,18048
2021-03-08,17.68,17.86,17.4659,17.53,17.53,19830
2021-03-09,17.76,17.9,17.6,17.66,17.66,17120
2021-03-10,17.73,17.8304,17.5,17.5,17.5,8290
2021-03-11,17.73,17.73,17.5,17.59,17.59,34907
2021-03-12,17.73,17.79,17.55,17.748,17.748,8471
2021-03-15,17.77,17.77,17.4778,17.6,17.6,13187
2021-03-16,17.65,17.72,17.47,17.52,17.52,34761
2021-03-17,17.48,17.6,17.29,17.58,17.58,29241
2021-03-18,17.66,17.66,17.3922,17.43,17.43,20597
2021-03-19,17.39,17.525,17.2501,17.335,17.335,14987
2021-03-22,17.33,17.59,17.25,17.4544,17.4544,44237
2021-03-23,17.37,18.16,17.37,17.99,17.99,21584
2021-03-24,17.82,17.9119,17.613,17.82,17.82,10704
2021-03-25,17.62,17.7,17.53,17.5828,17.5828,15672
2021-03-26,17.54,17.75,17.23,17.44,17.44,31971
2021-03-29,17.6,17.6899,17.51,17.52,17.52,8200
2021-03-30,17.4988,17.7,17.4319,17.54,17.54,16588
2021-03-31,17.71,17.98,17.65,17.72,17.72,20423
2021-04-01,17.67,17.9994,17.67,17.86,17.86,25945
2021-04-05,18.07,18.42,17.8,18.3,18.3,18608
2021-04-06,18.26,18.3,17.98,18.1,18.1,11401
2021-04-07,18,18.19,17.98,18.05,18.05,17886
2021-04-08,18.13,18.3,18.1,18.3,18.3,19564
2021-04-09,18.28,18.55,18.1,18.49,18.49,21545
2021-04-12,18.4,18.4647,18.1501,18.4647,18.4647,9438
2021-04-13,18.43,18.5,18.227,18.49,18.49,4309
2021-04-14,18.49,18.5,18.2,18.36,18.36,12165
2021-04-15,18.36,18.4552,18.1,18.23,18.23,7952
2021-04-16,18.42,18.5,18.16,18.2,18.2,31871
2021-04-19,18.31,18.31,17.73,18.05,18.05,26987
2021-04-20,18,18.08,17.7402,17.93,17.93,15796
2021-04-21,17.97,18.29,17.69,18.05,18.05,23356
2021-04-22,17.94,18.06,17.77,17.85,17.85,12086
2021-04-23,17.92,17.9799,17.815,17.92,17.92,21070
2021-04-26,18,18.218,17.95,18.05,18.05,24741
2021-04-27,18,18.1694,18,18.02,18.02,19095
2021-04-28,18.04,18.43,18.02,18.21,18.21,11065
2021-04-29,18.17,18.43,18.1,18.35,18.35,8241
2021-04-30,18.4,18.51,18.1,18.45,18.45,8057
2021-05-03,18.69,18.71,18.35,18.43,18.43,19139
2021-05-04,18.6,18.6,18.3,18.35,18.35,22994
2021-05-05,18.52,18.8,18.3,18.56,18.56,24626
2021-05-06,18.7,18.71,18.4,18.41,18.41,6354
2021-05-07,18.55,18.8,18.34,18.545,18.545,18306
2021-05-10,18.65,18.65,18.35,18.4,18.4,12689
2021-05-11,18.05,18.08,17.25,18.0353,18.0353,33968
2021-05-12,17.82,17.8961,17.5,17.52,17.52,16912
2021-05-13,17.7,17.7299,17.43,17.65,17.65,23245
2021-05-14,17.76,17.95,17.47,17.65,17.65,13764
2021-05-17,17.51,17.7221,17.5,17.5,17.5,14442
2021-05-18,17.34,17.69,16.9423,17.1,17.1,79778
2021-05-19,16.82,17.07,16.3,17.05,17.05,42716
2021-05-20,17.12,17.39,16.77,17.05,17.05,30737
2021-05-21,17.17,17.24,16.5,16.97,16.97,21561
2021-05-24,17.06,17.18,16.85,17.05,17.05,27855
2021-05-25,17.04,17.28,16.9,17.06,17.06,12846
2021-05-26,17.1,17.21,16.81,16.95,16.95,32234
2021-05-27,16.88,17,16.82,16.99,16.99,34455
2021-05-28,17.06,17.3413,16.83,16.95,16.95,30869
2021-06-01,17,17,16.75,16.83,16.83,52333
2021-06-02,16.88,16.96,16.79,16.94,16.94,17615
2021-06-03,16.91,16.98,16.77,16.85,16.85,12829
2021-06-04,16.89,16.95,16.75,16.92,16.92,21452
2021-06-07,16.97,17,16.9,16.96,16.96,23067
2021-06-08,17,17,16.9,17,17,9190
2021-06-09,16.99,17.19,16.93,17.09,17.09,34367
2021-06-10,17.15,17.52,17,17.2,17.2,39615
2021-06-11,17.23,17.35,17.13,17.24,17.24,22648
2021-06-14,17.28,17.4,17,17.3,17.3,23644
2021-06-15,17.23,17.28,17.01,17.24,17.24,23175
2021-06-16,17.17,17.2,17,17.12,17.12,17306
2021-06-17,17.18,17.18,17.02,17.14,17.14,12767
2021-06-18,17.14,17.17,16.93,16.93,16.93,18014
2021-06-21,17.03,17.03,16.85,16.95,16.95,25000
2021-06-22,16.89,16.94,16.62,16.76,16.76,26100
2021-06-23,16.66,16.77,16.49,16.64,16.64,22100
2021-06-24,16.71,16.74,16.5,16.61,16.61,28600
2021-06-25,16.66,16.79,16.51,16.62,16.62,13300
2021-06-28,16.76,16.78,16.56,16.75,16.75,23058
2021-06-29,16.9,16.9,16.66,16.73,16.73,28003
2021-06-30,16.71,16.8184,16.65,16.7,16.7,23006
2021-07-01,16.78,16.83,16.63,16.75,16.75,28600
2021-07-02,16.84,16.84,16.59,16.71,16.71,15700
2021-07-06,16.87,16.87,16.62,16.7,16.7,21600
2021-07-07,16.73,16.77,16.69,16.72,16.72,9100
2021-07-08,16.69,16.75,16.65,16.72,16.72,23500
2021-07-09,16.76,16.76,16.58,16.64,16.64,29900
2021-07-12,16.67,16.7,16.6,16.69,16.69,16727
2021-07-13,16.68,16.73,16.6,16.65,16.65,18895
2021-07-14,16.67,16.75,16.55,16.68,16.68,23150
2021-07-15,16.76,16.87,16.6,16.87,16.87,31449
2021-07-16,16.79,16.89,16.52,16.52,16.52,32303
2021-07-19,16.23,16.68,16.23,16.31,16.31,27246
