Date,Open,High,Low,Close,AdjustedClose,Volume
1994-09-14,5.75,5.75,5,5,5,1400
1994-09-19,5,5.75,5,5.75,5.75,2700
1994-09-20,5.75,5.75,5,5,5,900
1994-09-21,5.75,5.75,5.25,5.75,5.75,1100
1994-09-22,5,5.75,5,5.25,5.25,7400
1994-09-23,5.25,6,5.25,5.5,5.5,1200
1994-09-26,5.5,5.75,5,5,5,2800
1994-09-27,5.5,5.75,5.5,5.75,5.75,600
1994-09-28,5.75,5.75,5.75,5.75,5.75,200
1994-09-29,5,5,5,5,5,600
1994-09-30,5.75,5.75,5.75,5.75,5.75,100
1994-10-03,5,5.5,5,5.5,5.5,900
1994-10-04,5.5,5.5,5.5,5.5,5.5,500
1994-10-05,5,5.5,5,5.5,5.5,300
1994-10-06,5.5,5.5,5.5,5.5,5.5,500
1994-10-07,5.5,5.5,5,5,5,800
1994-10-10,5.5,5.5,5,5.5,5.5,1600
1994-10-11,5.5,5.5,5,5.5,5.5,1200
1994-10-12,5.5,5.5,5.5,5.5,5.5,500
1994-10-13,5.5,5.5,5.5,5.5,5.5,300
1994-10-14,5.5,5.5,5.5,5.5,5.5,700
1994-10-17,5.5,5.75,5.25,5.25,5.25,3900
1994-10-18,5.75,5.75,5.5,5.5,5.5,600
1994-10-20,5,5.75,5,5.75,5.75,1100
1994-10-21,5,5,5,5,5,300
1994-10-24,5.75,5.75,5,5,5,1000
1994-10-25,5.75,5.75,5.75,5.75,5.75,100
1994-10-26,5,5.75,5,5.5,5.5,1900
1994-10-28,5,5.75,5,5.75,5.75,2900
1994-10-31,5,5,5,5,5,900
1994-11-01,5,5,5,5,5,3000
1994-11-02,5.75,5.75,5,5,5,2200
1994-11-07,5.75,5.75,5.5,5.75,5.75,900
1994-11-08,5.5,5.75,5,5.75,5.75,1100
1994-11-14,5.5,5.5,5.5,5.5,5.5,100
1994-11-15,5.5,5.5,5.5,5.5,5.5,1300
1994-11-16,5,5,5,5,5,4000
1994-11-17,5,5.5,5,5.5,5.5,1000
1994-11-18,5.5,5.5,5.5,5.5,5.5,300
1994-11-21,5,5.5,5,5.5,5.5,800
1994-11-22,5.5,5.5,5.5,5.5,5.5,200
1994-11-23,5.375,5.375,5.375,5.375,5.375,1100
1994-11-25,5,5,5,5,5,300
1994-11-28,5,5,5,5,5,200
1994-11-29,5,5.25,5,5.25,5.25,1800
1994-11-30,5.25,5.25,5.25,5.25,5.25,100
1994-12-02,5.25,5.25,5.25,5.25,5.25,200
1994-12-05,5,5,5,5,5,600
1994-12-06,5.25,5.25,5.25,5.25,5.25,300
1994-12-08,5.25,5.25,5.25,5.25,5.25,600
1994-12-09,5,5,5,5,5,2400
1994-12-12,5,5,5,5,5,1900
1994-12-13,5,5,5,5,5,100
1994-12-15,4.25,4.25,4.25,4.25,4.25,1800
1994-12-16,5,5,5,5,5,2500
1994-12-19,5,5,5,5,5,500
1994-12-20,5,5,5,5,5,100
1994-12-21,5,5,5,5,5,200
1994-12-22,5,5,4.25,4.5,4.5,1600
1994-12-23,4.25,4.25,4.25,4.25,4.25,1000
1994-12-28,4.5,4.75,4.5,4.75,4.75,2600
1994-12-29,5,5,5,5,5,300
1994-12-30,5,5,5,5,5,2800
1995-01-09,5,5,4.75,5,5,1600
1995-01-12,4.75,4.75,4.75,4.75,4.75,200
1995-01-17,4.75,4.75,4.75,4.75,4.75,400
1995-01-18,4.75,4.75,4.75,4.75,4.75,1000
1995-01-19,4.75,4.75,4.25,4.25,4.25,4500
1995-01-23,4.75,4.75,4.25,4.25,4.25,900
1995-01-24,4.5,4.5,3.9375,4.25,4.25,3900
1995-01-26,4.5,4.5,4.5,4.5,4.5,100
1995-01-27,4.25,4.5,4.25,4.5,4.5,1000
1995-01-31,4.25,4.5,4.25,4.5,4.5,900
1995-02-06,4,4,4,4,4,900
1995-02-07,4.5,4.5,4.5,4.5,4.5,200
1995-02-08,4.5,4.5,3.5,3.5,3.5,1300
1995-02-09,4.5,4.5,4.5,4.5,4.5,300
1995-02-13,3.5,3.5,3.5,3.5,3.5,500
1995-02-14,3.5,3.5,3.5,3.5,3.5,1200
1995-02-16,4.5,4.5,4.5,4.5,4.5,200
1995-02-21,4.5,4.5,3.5,3.5,3.5,1300
1995-02-24,3.5,3.5,3.5,3.5,3.5,300
1995-02-27,4.5,4.5,4.5,4.5,4.5,100
1995-03-01,3.5,4.25,3.5,3.5,3.5,3200
1995-03-02,4,4,4,4,4,500
1995-03-03,4,4,3.625,4,4,3800
1995-03-06,3.5,3.5,3.5,3.5,3.5,100
1995-03-07,4,4,3.5,3.5,3.5,3500
1995-03-08,4,4,4,4,4,1700
1995-03-09,4,4,3.5,3.5,3.5,1900
1995-03-10,3.5,3.5,3.5,3.5,3.5,1000
1995-03-13,4.25,4.25,4.25,4.25,4.25,200
1995-03-14,4.25,4.25,4.25,4.25,4.25,600
1995-03-15,4.25,4.25,4.25,4.25,4.25,400
1995-03-17,3.625,4.25,3.5,4,4,1200
1995-03-21,4.25,4.25,4.25,4.25,4.25,100
1995-03-22,3.625,3.625,3.5,3.5,3.5,600
1995-03-27,3.25,4.25,3.25,4.25,4.25,700
1995-03-28,4.25,4.25,4.25,4.25,4.25,300
1995-03-31,4.125,4.125,4.125,4.125,4.125,100
1995-04-03,4,4,4,4,4,1000
1995-04-04,4.125,4.125,3.5,3.5,3.5,400
1995-04-05,4.25,4.25,4.25,4.25,4.25,100
1995-04-10,4.125,4.125,3.625,3.625,3.625,1100
1995-04-12,3.25,4.125,3.25,4.125,4.125,500
1995-04-18,3.25,4.125,3.25,4.125,4.125,500
1995-04-19,3.25,4.125,3.25,4.125,4.125,800
1995-04-21,3.25,3.875,3.25,3.875,3.875,1600
1995-04-24,3,3.875,3,3,3,1000
1995-04-27,3.875,3.875,3.875,3.875,3.875,200
1995-05-01,3.875,3.875,3.875,3.875,3.875,500
1995-05-05,3.875,3.875,3.5,3.5,3.5,700
1995-05-08,3.875,3.875,3.875,3.875,3.875,700
1995-05-09,3.875,3.875,3.875,3.875,3.875,400
1995-05-10,3.875,3.875,3.875,3.875,3.875,200
1995-05-11,3.875,3.875,3.875,3.875,3.875,100
1995-05-12,4,4,4,4,4,200
1995-05-15,4.125,4.125,4.125,4.125,4.125,200
1995-05-16,4.125,4.125,4.125,4.125,4.125,200
1995-05-22,4.125,4.125,4.125,4.125,4.125,1300
1995-05-23,3.5,4.125,3.5,4.125,4.125,1000
1995-05-25,3.5,3.5,3.5,3.5,3.5,300
1995-05-30,3.5,4.125,3.5,4.125,4.125,1800
1995-06-01,3.625,3.625,3.625,3.625,3.625,600
1995-06-02,3.625,3.625,3.625,3.625,3.625,2000
1995-06-06,4.25,4.25,4.25,4.25,4.25,800
1995-06-07,4.25,4.25,4.25,4.25,4.25,200
1995-06-08,3.625,3.625,3.625,3.625,3.625,600
1995-06-09,3.625,4.25,3.625,4.25,4.25,2700
1995-06-12,4.25,4.25,4.125,4.125,4.125,6000
1995-06-14,3.625,3.625,3.625,3.625,3.625,400
1995-06-16,4.5,4.5,4.5,4.5,4.5,200
1995-06-19,3.75,4.625,3.75,4.625,4.625,3700
1995-06-20,4.625,4.625,4.625,4.625,4.625,300
1995-06-21,3.75,3.75,3.75,3.75,3.75,3000
1995-06-22,4.625,4.625,4.625,4.625,4.625,400
1995-06-23,4.625,4.625,4.25,4.25,4.25,200
1995-06-26,3.75,4.625,3.625,3.625,3.625,1100
1995-06-28,4.625,4.625,4.625,4.625,4.625,100
1995-07-05,4,4.625,3.625,3.75,3.75,3200
1995-07-06,4.625,4.625,4.25,4.25,4.25,700
1995-07-07,3.625,3.625,3.625,3.625,3.625,900
1995-07-11,3.625,4.125,3.625,3.625,3.625,1800
1995-07-13,4.5,4.5,4.5,4.5,4.5,900
1995-07-14,3.625,3.625,3.625,3.625,3.625,500
1995-07-17,4.5,4.5,3.625,3.75,3.75,1800
1995-07-18,4.5,4.5,4.5,4.5,4.5,300
1995-07-19,3.625,3.625,3.625,3.625,3.625,2100
1995-07-20,4.375,4.375,4.375,4.375,4.375,500
1995-07-24,3.375,3.375,3.375,3.375,3.375,100
1995-07-25,4.25,4.25,3.375,3.375,3.375,1800
1995-07-26,3.375,4.125,3.375,3.5,3.5,2600
1995-07-28,4,4,4,4,4,100
1995-08-03,3.25,4,3.25,4,4,1600
1995-08-07,3.25,3.25,3.25,3.25,3.25,200
1995-08-08,4,4,4,4,4,200
1995-08-15,3.25,3.25,3.25,3.25,3.25,600
1995-08-16,3.25,3.25,3.25,3.25,3.25,100
1995-08-18,3.25,3.75,2.5,3,3,8000
1995-08-21,3,3,2.375,2.375,2.375,4000
1995-08-22,3,3,3,3,3,2400
1995-08-23,3,3.5,3,3.5,3.5,7000
1995-08-25,4.25,4.25,3.75,3.75,3.75,1300
1995-08-28,3.75,4.25,3.75,4,4,1800
1995-08-31,4.25,4.25,4.25,4.25,4.25,400
1995-09-06,4,4.5,3.75,4.5,4.5,5300
1995-09-07,4.25,4.25,4,4,4,1400
1995-09-08,4,4,4,4,4,200
1995-09-11,4,4.25,3.5,3.5,3.5,9200
1995-09-15,4.25,4.25,4.25,4.25,4.25,200
1995-09-19,4,4,4,4,4,100
1995-09-21,4.25,4.25,4.25,4.25,4.25,400
1995-09-22,3.5,4,3.5,3.5,3.5,6500
1995-09-26,4,4,4,4,4,800
1995-09-27,4,4,4,4,4,400
1995-10-03,3.25,3.25,3.25,3.25,3.25,200
1995-10-04,3.25,3.25,3.25,3.25,3.25,400
1995-10-10,3.25,3.5,3.25,3.5,3.5,1100
1995-10-13,3.25,3.375,3.25,3.375,3.375,2000
1995-10-16,4,4,4,4,4,100
1995-10-19,3.25,3.75,3.25,3.75,3.75,1500
1995-10-20,3.75,3.75,3.75,3.75,3.75,200
1995-10-27,3,3,3,3,3,2600
1995-10-30,3.125,3.25,3,3,3,3700
1995-11-01,3,3,3,3,3,800
1995-11-02,3,3,2.625,2.875,2.875,2700
1995-11-03,3.25,3.25,3.25,3.25,3.25,100
1995-11-08,3.25,3.25,3.25,3.25,3.25,200
1995-11-15,2.75,3.5,2.75,3.5,3.5,2200
1995-11-16,3.5,3.5,2.75,2.875,2.875,1700
1995-11-20,3,4,3,3.25,3.25,3500
1995-11-21,4,4,4,4,4,200
1995-11-22,3.25,3.25,3.25,3.25,3.25,500
1995-11-27,4,4,4,4,4,200
1995-11-28,4,4,4,4,4,200
1995-11-30,3.25,3.5,3.25,3.5,3.5,200
1995-12-07,4,4,3.75,4,4,3000
1995-12-08,3.25,3.5,3.25,3.5,3.5,1200
1995-12-13,4,4,3.875,3.875,3.875,400
1995-12-14,3.25,3.25,3.25,3.25,3.25,100
1995-12-15,3.5,3.5,3.25,3.25,3.25,1500
1995-12-18,3.25,3.25,3.25,3.25,3.25,2100
1995-12-19,3.25,3.25,3.25,3.25,3.25,200
1995-12-21,3.25,3.25,3.25,3.25,3.25,100
1995-12-22,4,4,4,4,4,100
1995-12-26,4,4,4,4,4,200
1995-12-27,3.25,3.25,3.25,3.25,3.25,1500
1995-12-29,2.75,2.75,2.75,2.75,2.75,1000
1996-01-02,3.75,3.75,3,3,3,1800
1996-01-10,3.75,3.75,3.75,3.75,3.75,100
1996-01-11,3,3.75,3,3.75,3.75,300
1996-01-15,3,3,3,3,3,2000
1996-01-17,3.75,3.75,3.5,3.5,3.5,200
1996-01-19,3,3,3,3,3,800
1996-01-22,3,3,3,3,3,600
1996-01-23,3.25,3.25,3.25,3.25,3.25,500
1996-01-24,3.5,3.5,3,3.5,3.5,2000
1996-01-25,3,3.5,3,3.5,3.5,4400
1996-01-29,3.5,3.5,3.5,3.5,3.5,600
1996-02-01,3.125,3.125,3.125,3.125,3.125,1000
1996-02-02,3,3.25,3,3.25,3.25,2600
1996-02-05,3.25,3.25,3.25,3.25,3.25,200
1996-02-06,2.75,2.75,2.75,2.75,2.75,200
1996-02-08,2.75,2.75,2.75,2.75,2.75,300
1996-02-09,2.75,2.75,2.75,2.75,2.75,2600
1996-02-12,3.25,3.25,3.25,3.25,3.25,100
1996-02-13,3.25,3.25,3.25,3.25,3.25,100
1996-02-15,3.25,3.25,3,3,3,600
1996-02-20,3.25,3.25,3.25,3.25,3.25,100
1996-02-21,3,3.25,3,3.25,3.25,700
1996-02-22,2.75,3.25,2.75,3.25,3.25,1600
1996-02-23,2.75,3.5,2.75,3.5,3.5,300
1996-02-26,3,3,3,3,3,200
1996-02-27,3.5,3.5,3.25,3.25,3.25,600
1996-02-28,3.5,3.5,3.5,3.5,3.5,100
1996-02-29,3.5,3.5,3.5,3.5,3.5,100
1996-03-01,2.75,2.75,2.75,2.75,2.75,2500
1996-03-07,3.5,3.5,2.75,2.75,2.75,300
1996-03-12,2.75,2.75,2.75,2.75,2.75,200
1996-03-13,3.5,3.5,3.5,3.5,3.5,1300
1996-03-15,2.75,3,2.75,3,3,900
1996-03-19,2.75,3.5,2.75,3.5,3.5,900
1996-03-21,3,3.5,2.75,3,3,3100
1996-03-26,3.5,3.5,3.5,3.5,3.5,400
1996-03-27,2.75,2.75,2.75,2.75,2.75,500
1996-03-29,3.125,3.125,3.125,3.125,3.125,100
1996-04-02,2.75,2.75,2.75,2.75,2.75,1400
1996-04-03,3.125,3.125,2.75,2.75,2.75,1300
1996-04-04,3.125,3.125,3.125,3.125,3.125,100
1996-04-08,3.125,3.125,3.125,3.125,3.125,100
1996-04-09,2.7656,3,2.7656,3,3,2200
1996-04-10,3,3,3,3,3,300
1996-04-15,3,3,3,3,3,1100
1996-04-17,3,3,3,3,3,1000
1996-04-18,3,3,3,3,3,200
1996-04-25,3,3,3,3,3,500
1996-04-26,3,3,3,3,3,300
1996-04-29,2.75,2.875,2.75,2.75,2.75,3800
1996-04-30,2.75,2.75,2.75,2.75,2.75,300
1996-05-01,2.75,2.75,2.75,2.75,2.75,2000
1996-05-03,3.5,3.5,3.5,3.5,3.5,200
1996-05-06,2.75,2.75,2.75,2.75,2.75,200
1996-05-08,2.75,2.75,2.75,2.75,2.75,800
1996-05-09,3.5,3.5,3.5,3.5,3.5,200
1996-05-14,3.5,3.5,3.5,3.5,3.5,100
1996-05-16,3,3,2.75,2.75,2.75,1000
1996-05-17,2.75,3.125,2.75,2.875,2.875,6400
1996-05-24,2.75,2.75,2.75,2.75,2.75,1300
1996-05-28,2.75,2.75,2.75,2.75,2.75,700
1996-05-29,2.75,2.75,2.75,2.75,2.75,400
1996-06-03,2.875,3.5,2.75,3.5,3.5,3800
1996-06-04,3.625,3.625,2.75,2.75,2.75,400
1996-06-05,2.75,3.5,2.75,3,3,4800
1996-06-10,3,3,2.75,2.75,2.75,5600
1996-06-11,3.125,3.125,2.75,2.7969,2.7969,3200
1996-06-13,2.75,3.625,2.75,2.75,2.75,1200
1996-06-14,3.625,3.625,3,3,3,300
1996-06-17,3,3,3,3,3,1000
1996-06-18,2.75,2.9375,2.75,2.9375,2.9375,1200
1996-06-19,3.25,3.25,2.75,2.75,2.75,3200
1996-06-21,2.75,2.75,2.75,2.75,2.75,700
1996-06-28,2.625,3.125,2.625,3,3,2000
1996-07-02,3,3,3,3,3,500
1996-07-03,3.5,3.5,2.625,2.625,2.625,400
1996-07-05,2.75,2.75,2.75,2.75,2.75,2700
1996-07-08,3,3.25,2.75,3.25,3.25,5900
1996-07-09,2.75,2.75,2.75,2.75,2.75,1000
1996-07-11,3.5,3.5,2.75,2.75,2.75,2900
1996-07-15,2.9375,2.9375,2.75,2.75,2.75,700
1996-07-17,2.75,2.75,2.5,2.5,2.5,2600
1996-07-18,3,3,2.5,2.5,2.5,1000
1996-07-22,2.5,3,2.5,3,3,500
1996-07-23,2.5,3,2.5,2.5,2.5,2300
1996-07-24,2.625,2.625,2.625,2.625,2.625,1000
1996-07-26,3,3,3,3,3,100
1996-07-30,2.75,2.75,2.75,2.75,2.75,500
1996-07-31,2.75,2.75,2.75,2.75,2.75,400
1996-08-01,3,3,3,3,3,3700
1996-08-07,2.5,2.75,2.25,2.5,2.5,2600
1996-08-08,2.75,2.75,2,2,2,2100
1996-08-09,2.75,2.75,2.75,2.75,2.75,700
1996-08-13,2.5,2.5,2.25,2.25,2.25,1100
1996-08-14,2.625,2.625,2.625,2.625,2.625,1000
1996-08-15,2.625,2.625,2.375,2.375,2.375,2600
1996-08-19,2.375,2.375,2.375,2.375,2.375,100
1996-08-20,2.5,2.5,2.375,2.375,2.375,700
1996-08-21,2.375,2.75,2.375,2.375,2.375,3700
1996-08-27,3.125,3.125,3.125,3.125,3.125,300
1996-08-28,3.125,3.125,3.125,3.125,3.125,200
1996-08-29,3.125,3.125,3.125,3.125,3.125,200
1996-08-30,3.125,3.125,3.125,3.125,3.125,600
1996-09-03,3.125,3.125,3.125,3.125,3.125,100
1996-09-05,2.5,3.125,2.5,2.5,2.5,3400
1996-09-06,3.125,3.125,3.125,3.125,3.125,300
1996-09-09,2.5,2.5,2.5,2.5,2.5,1200
1996-09-10,2.9375,2.9375,2.9375,2.9375,2.9375,100
1996-09-11,3.125,3.125,3,3,3,3600
1996-09-12,2.5,2.5,2.5,2.5,2.5,800
1996-09-13,2.9375,2.9375,2.9375,2.9375,2.9375,200
1996-09-16,2.9375,2.9375,2.9375,2.9375,2.9375,300
1996-09-18,2.5,3.125,2.5,3.125,3.125,5100
1996-09-19,2.75,3.25,2.75,3.25,3.25,2600
1996-09-20,2.625,3.25,2.625,2.625,2.625,400
1996-09-23,3.25,3.25,2.625,3.125,3.125,2100
1996-09-25,2.625,3.125,2.625,2.625,2.625,2800
1996-09-27,3.375,3.375,3,3,3,5300
1996-09-30,2.625,2.75,2.625,2.75,2.75,1800
1996-10-01,2.625,3.5,2.625,2.625,2.625,2600
1996-10-08,2.625,2.75,2.625,2.75,2.75,700
1996-10-09,3.5,3.5,3.5,3.5,3.5,300
1996-10-10,3.5,3.5,3.375,3.5,3.5,2600
1996-10-14,3.5,3.5,2.625,3.5,3.5,2000
1996-10-15,3.5,3.5,2.75,3.25,3.25,10400
1996-10-16,3.25,3.25,2.75,2.75,2.75,1700
1996-10-17,3,3,3,3,3,600
1996-10-18,3.25,3.25,2.75,3,3,900
1996-10-21,3.25,3.25,3.25,3.25,3.25,600
1996-10-22,3.25,3.25,3.25,3.25,3.25,1800
1996-10-23,2.75,3.25,2.75,3.125,3.125,2400
1996-10-24,3.25,3.25,2.75,2.75,2.75,700
1996-10-28,3.25,3.25,3,3,3,1400
1996-10-29,2.8125,2.8125,2.8125,2.8125,2.8125,1000
1996-10-30,3,3,2.75,2.75,2.75,800
1996-10-31,2.75,2.75,2.625,2.625,2.625,3400
1996-11-01,2.5,2.5,2.5,2.5,2.5,300
1996-11-05,2.5,3,2.5,3,3,600
1996-11-06,3,3.25,2.75,2.75,2.75,3100
1996-11-08,3.5,3.5,3.5,3.5,3.5,100
1996-11-12,3.5,3.5,3,3,3,200
1996-11-13,3.5,3.5,2.75,3.25,3.25,800
1996-11-14,2.75,3.5,2.75,3.5,3.5,800
1996-11-15,2.75,3.5,2.75,3,3,4100
1996-11-18,3.5,3.5,2.75,2.75,2.75,2300
1996-11-19,3.3125,3.3125,3.3125,3.3125,3.3125,1500
1996-11-20,2.75,2.75,2.75,2.75,2.75,1200
1996-11-21,3.375,3.375,2.75,2.75,2.75,500
1996-11-22,2.75,3,2.75,3,3,3500
1996-11-25,2.75,2.75,2.75,2.75,2.75,2400
1996-11-26,2.75,2.75,2.75,2.75,2.75,500
1996-11-27,3.5,3.5,3,3,3,700
1996-12-02,2.75,3,2.75,2.75,2.75,2500
1996-12-05,2.75,2.75,2.75,2.75,2.75,400
1996-12-06,2.75,3,2.75,3,3,400
1996-12-10,2.75,2.75,2.75,2.75,2.75,1000
1996-12-12,3.5,3.5,3,3.25,3.25,23700
1996-12-17,2.75,3.25,2.75,3.25,3.25,5600
1996-12-19,3.25,3.25,2.75,2.75,2.75,1700
1996-12-23,2.875,3,2.75,2.75,2.75,800
1996-12-26,3.5,3.5,3,3,3,3500
1996-12-27,3.5,3.5,3.25,3.25,3.25,200
1996-12-30,3.5,3.5,3.5,3.5,3.5,200
1996-12-31,2.75,2.75,2.75,2.75,2.75,3000
1997-01-02,3.5,3.5,2.75,2.75,2.75,1900
1997-01-06,3,3,2.75,2.75,2.75,300
1997-01-07,2.75,3,2.75,3,3,1000
1997-01-10,2.75,3.25,2.75,3.25,3.25,3600
1997-01-13,2.75,2.75,2.75,2.75,2.75,400
1997-01-14,3.125,3.125,3,3,3,1000
1997-01-15,3,3.25,2.75,3,3,2200
1997-01-16,3.125,3.25,3,3,3,2600
1997-01-20,2.625,2.625,2.625,2.625,2.625,400
1997-01-21,3.25,3.25,3,3,3,2000
1997-01-22,3.25,3.25,3.25,3.25,3.25,100
1997-01-24,3.25,3.5,3,3.5,3.5,17900
1997-01-27,3.5,3.5,2.875,3.0469,3.0469,10000
1997-01-29,3,3.625,3,3.625,3.625,2400
1997-01-30,3.625,3.625,3.5,3.5,3.5,1200
1997-01-31,3.625,3.625,2.875,2.875,2.875,2900
1997-02-03,3.5,3.5,3.25,3.25,3.25,3600
1997-02-04,3.5,3.5,3.5,3.5,3.5,100
1997-02-07,3.5,3.5,3.5,3.5,3.5,100
1997-02-11,3,3.5,3,3.25,3.25,1400
1997-02-12,3,3.5,3,3.5,3.5,1100
1997-02-14,3.5,3.5,3.0938,3.0938,3.0938,2700
1997-02-19,2.875,3.25,2.875,3.25,3.25,1500
1997-02-20,2.875,3.5,2.875,3.5,3.5,1100
1997-02-24,3.5,3.5,3.25,3.5,3.5,2900
1997-02-25,3.5,3.625,3.5,3.625,3.625,200
1997-02-26,3.625,3.625,3.625,3.625,3.625,100
1997-03-03,3,3,2.875,3,3,32200
1997-03-05,2.75,2.75,2.75,2.75,2.75,300
1997-03-06,3.25,3.25,3.25,3.25,3.25,1100
1997-03-07,2.75,3.25,2.6719,3.25,3.25,1900
1997-03-10,2.625,3.25,2.625,3.25,3.25,900
1997-03-11,2.625,3,2.625,3,3,3500
1997-03-14,3.25,3.25,3.25,3.25,3.25,3100
1997-03-17,2.4375,2.75,2.25,2.75,2.75,5200
1997-03-18,3.25,3.25,3.25,3.25,3.25,200
1997-03-19,3.25,3.25,3.25,3.25,3.25,1800
1997-03-26,3.25,3.25,2.75,2.75,2.75,2400
1997-03-27,2.75,2.75,2.75,2.75,2.75,400
1997-04-01,3.5,3.5,3.5,3.5,3.5,100
1997-04-03,2.75,2.75,2.75,2.75,2.75,300
1997-04-04,2.75,3,2.75,2.75,2.75,6100
1997-04-07,2.875,2.875,2.875,2.875,2.875,200
1997-04-08,2.75,2.75,2.75,2.75,2.75,600
1997-04-09,2.75,3.5,2.75,2.75,2.75,1200
1997-04-10,2.75,2.75,2.75,2.75,2.75,1300
1997-04-11,3.5,3.5,2.75,2.75,2.75,3100
1997-04-14,3.5,3.5,3,3,3,1100
1997-04-15,2.75,3.5,2.75,3.5,3.5,900
1997-04-16,2.75,2.75,2.75,2.75,2.75,100
1997-04-17,3.5,3.5,3.25,3.5,3.5,300
1997-04-18,3.5,3.5,2.75,2.75,2.75,400
1997-04-21,2.75,2.75,2.75,2.75,2.75,700
1997-04-22,2.75,2.75,2.75,2.75,2.75,500
1997-04-24,2.75,2.75,2.75,2.75,2.75,600
1997-04-25,3.25,3.25,2.75,3,3,3200
1997-04-30,3,3,2,2,2,82900
1997-05-01,2,2.75,2,2,2,10600
1997-05-02,2.75,2.75,2.5,2.75,2.75,4500
1997-05-05,2.75,2.75,2.5,2.75,2.75,5800
1997-05-06,2.375,3.0625,2.375,3.0625,3.0625,39800
1997-05-07,3.25,3.25,3.25,3.25,3.25,7500
1997-05-09,3.25,3.25,2.625,2.75,2.75,1300
1997-05-12,3.25,3.25,2.75,3.1875,3.1875,1200
1997-05-14,2.625,2.625,2.625,2.625,2.625,600
1997-05-15,2.75,2.75,2.75,2.75,2.75,500
1997-05-16,3.1875,3.1875,3.1875,3.1875,3.1875,100
1997-05-19,3.1875,3.1875,3,3,3,800
1997-05-22,2.625,2.625,2.625,2.625,2.625,200
1997-05-23,2.625,2.625,2.625,2.625,2.625,100
1997-05-29,2.625,2.625,2.625,2.625,2.625,1000
1997-05-30,2.625,2.625,2.625,2.625,2.625,1000
1997-06-02,2.625,2.75,2.625,2.75,2.75,1800
1997-06-03,3.1875,3.1875,3,3,3,1100
1997-06-04,2.75,2.75,2.75,2.75,2.75,500
1997-06-10,2.75,2.75,2.75,2.75,2.75,400
1997-06-11,3.25,3.25,3,3,3,2700
1997-06-13,2.8125,2.8125,2.8125,2.8125,2.8125,600
1997-06-17,3,3,3,3,3,200
1997-06-19,2.75,2.875,2.75,2.875,2.875,1000
1997-06-26,3.0938,3.0938,3.0938,3.0938,3.0938,100
1997-06-27,2.9844,2.9844,2.75,2.75,2.75,300
1997-07-01,3.25,3.25,3,3,3,200
1997-07-02,2.75,2.875,2.75,2.75,2.75,3200
1997-07-07,2.75,2.75,2.75,2.75,2.75,600
1997-07-09,3.0625,3.0625,2.75,2.75,2.75,300
1997-07-10,2.75,2.75,2.75,2.75,2.75,300
1997-07-11,2.9844,2.9844,2.8125,2.8125,2.8125,1400
1997-07-14,2.875,2.875,2.875,2.875,2.875,2400
1997-07-15,2.75,3,2.625,3,3,3800
1997-07-16,2.625,2.625,2.625,2.625,2.625,600
1997-07-17,2.875,2.875,2.875,2.875,2.875,200
1997-07-18,2.875,2.875,2.875,2.875,2.875,500
1997-07-21,2.875,2.875,2.875,2.875,2.875,100
1997-07-22,2.5,2.5,2.5,2.5,2.5,300
1997-07-24,2.5,2.5,2.5,2.5,2.5,1000
1997-07-28,2.5,2.5938,2.5,2.5938,2.5938,4500
1997-07-30,3.125,3.125,3,3,3,200
1997-07-31,3.125,3.125,2.8594,2.8594,2.8594,1200
1997-08-01,2.375,2.375,2.375,2.375,2.375,300
1997-08-04,2.5,2.875,2.375,2.875,2.875,5600
1997-08-05,2.375,2.5,2.375,2.375,2.375,1700
1997-08-06,2.875,2.875,2.5,2.5,2.5,600
1997-08-07,2.375,2.75,2.375,2.75,2.75,2600
1997-08-08,2.375,2.625,2.375,2.625,2.625,2300
1997-08-11,2.75,2.75,2.75,2.75,2.75,100
1997-08-13,2.25,2.375,2.25,2.25,2.25,9600
1997-08-14,2.5,2.5,2.25,2.25,2.25,800
1997-08-18,2.5,2.5,2.5,2.5,2.5,200
1997-08-19,2,2.5,2,2.5,2.5,3300
1997-08-20,2.625,2.625,2.375,2.5,2.5,3300
1997-08-21,2.5,2.625,2.5,2.5,2.5,5500
1997-08-25,2.4375,2.4375,2.4375,2.4375,2.4375,800
1997-08-26,2.625,2.625,2.625,2.625,2.625,200
1997-08-27,2.5,2.5,2.25,2.375,2.375,3300
1997-08-28,2.625,2.625,2.625,2.625,2.625,1600
1997-08-29,2.625,2.625,2.625,2.625,2.625,400
1997-09-02,2.625,2.625,2.625,2.625,2.625,200
1997-09-03,2.625,2.625,2.25,2.25,2.25,1400
1997-09-05,2.375,2.375,2.375,2.375,2.375,400
1997-09-09,2.5,2.5,2.375,2.5,2.5,1000
1997-09-10,2.625,2.625,2.5625,2.5625,2.5625,900
1997-09-12,2.375,2.375,2.25,2.25,2.25,2500
1997-09-15,2.25,2.25,2.125,2.25,2.25,3900
1997-09-16,2.5,2.5,2.5,2.5,2.5,700
1997-09-17,2.125,2.375,2.125,2.375,2.375,2600
1997-09-18,2.125,2.375,2.125,2.375,2.375,800
1997-09-19,2,2.375,2,2.2188,2.2188,14900
1997-09-22,2,2.25,2,2.2188,2.2188,5800
1997-09-23,2,2.25,2,2,2,3500
1997-09-24,2,2.125,1.9375,1.9375,1.9375,9000
1997-09-25,1.9375,1.9375,1.75,1.75,1.75,2700
1997-09-26,2,2,1.75,1.75,1.75,4100
1997-09-29,1.9375,1.9375,1.875,1.875,1.875,6600
1997-09-30,1.9375,1.9375,1.875,1.875,1.875,2400
1997-10-01,2,2,2,2,2,2600
1997-10-02,2.25,2.25,2,2,2,3000
1997-10-03,2.25,2.25,1.875,2.125,2.125,2600
1997-10-06,2,2,1.875,1.875,1.875,1600
1997-10-07,1.875,1.875,1.875,1.875,1.875,1200
1997-10-08,2.125,2.125,2,2,2,1200
1997-10-09,2.125,2.125,2.125,2.125,2.125,1000
1997-10-13,1.875,1.875,1.875,1.875,1.875,1000
1997-10-14,1.875,1.875,1.875,1.875,1.875,1400
1997-10-15,1.875,2,1.875,1.875,1.875,6900
1997-10-16,1.875,1.875,1.875,1.875,1.875,1200
1997-10-17,1.875,1.875,1.875,1.875,1.875,100
1997-10-20,1.875,1.875,1.875,1.875,1.875,1000
1997-10-21,1.875,1.875,1.75,1.8438,1.8438,1800
1997-10-22,1.75,1.75,1.75,1.75,1.75,5600
1997-10-23,1.625,1.625,1.625,1.625,1.625,5000
1997-10-24,1.875,1.875,1.625,1.75,1.75,3000
1997-10-27,1.5,1.875,1.5,1.5,1.5,18700
1997-10-28,1.625,1.75,1.5,1.5313,1.5313,3600
1997-10-29,1.75,1.75,1.75,1.75,1.75,300
1997-10-30,1.625,1.625,1.625,1.625,1.625,800
1997-11-04,1.625,1.75,1.625,1.75,1.75,3200
1997-11-05,1.75,1.75,1.5,1.5,1.5,1800
1997-11-06,1.75,1.75,1.75,1.75,1.75,2200
1997-11-07,2,2,1.75,1.75,1.75,900
1997-11-10,1.75,2,1.75,2,2,1700
1997-11-11,1.75,1.75,1.75,1.75,1.75,300
1997-11-12,1.875,1.875,1.75,1.75,1.75,1100
1997-11-13,1.75,1.75,1.75,1.75,1.75,1400
1997-11-17,1.75,1.75,1.75,1.75,1.75,200
1997-11-18,1.625,1.8594,1.625,1.8594,1.8594,1100
1997-11-19,1.8594,1.8594,1.8594,1.8594,1.8594,500
1997-11-20,1.75,1.75,1.75,1.75,1.75,800
1997-11-24,1.75,1.75,1.75,1.75,1.75,2200
1997-11-25,1.625,1.875,1.625,1.875,1.875,1600
1997-11-26,1.875,1.875,1.875,1.875,1.875,5600
1997-12-01,1.875,1.875,1.8438,1.8438,1.8438,1200
1997-12-02,1.75,1.8438,1.625,1.8438,1.8438,4500
1997-12-03,1.625,1.625,1.625,1.625,1.625,4800
1997-12-04,1.875,1.875,1.6875,1.6875,1.6875,1600
1997-12-05,1.625,1.8125,1.625,1.8125,1.8125,4000
1997-12-08,1.625,1.625,1.625,1.625,1.625,200
1997-12-10,1.625,1.8125,1.5,1.5,1.5,10600
1997-12-11,1.5,1.5625,1.3125,1.5,1.5,3100
1997-12-12,1.5,1.5,1.5,1.5,1.5,500
1997-12-15,1.3125,1.3125,1.3125,1.3125,1.3125,700
1997-12-16,1.4375,1.4375,1.1875,1.1875,1.1875,1700
1997-12-17,1.4375,1.4375,1.25,1.25,1.25,94500
1997-12-18,1.4375,1.4375,1.1875,1.375,1.375,8500
1997-12-19,1.4375,1.4375,1.4375,1.4375,1.4375,800
1997-12-22,1.375,1.4375,1.375,1.375,1.375,8500
1997-12-23,1.4375,1.4375,1.4375,1.4375,1.4375,800
1997-12-24,1.5,1.5,1.5,1.5,1.5,1100
1997-12-29,1.25,1.5,1.25,1.4375,1.4375,7500
1997-12-30,1.4375,1.4375,1.4375,1.4375,1.4375,1000
1997-12-31,1.375,1.4375,1.375,1.4375,1.4375,2300
1998-01-05,1.625,1.625,1.5625,1.625,1.625,1300
1998-01-06,1.5,1.5,1.5,1.5,1.5,1000
1998-01-08,1.5,1.5,1.5,1.5,1.5,700
1998-01-09,1.4375,1.4375,1.4375,1.4375,1.4375,100
1998-01-12,1.5,1.625,1.5,1.625,1.625,5400
1998-01-14,1.625,1.625,1.625,1.625,1.625,800
1998-01-15,1.5,1.5,1.5,1.5,1.5,300
1998-01-21,1.625,1.625,1.375,1.375,1.375,4900
1998-01-22,1.2656,1.2656,1.2656,1.2656,1.2656,92800
1998-01-23,1.5,1.5,1.375,1.375,1.375,5500
1998-01-26,1.5625,1.5625,1.5625,1.5625,1.5625,1100
1998-01-27,1.5625,1.625,1.4375,1.625,1.625,3200
1998-01-28,1.625,1.625,1.5625,1.5625,1.5625,2600
1998-01-29,1.5,1.5,1.5,1.5,1.5,600
1998-01-30,1.5,1.5,1.5,1.5,1.5,1000
1998-02-02,1.5,1.5,1.5,1.5,1.5,300
1998-02-03,1.5,1.5,1.5,1.5,1.5,1200
1998-02-06,1.875,1.875,1.75,1.875,1.875,3200
1998-02-09,1.875,1.875,1.875,1.875,1.875,2500
1998-02-10,1.875,1.875,1.75,1.75,1.75,7600
1998-02-11,1.9375,1.9375,1.9375,1.9375,1.9375,600
1998-02-12,1.9375,1.9375,1.9375,1.9375,1.9375,2700
1998-02-13,1.875,1.875,1.875,1.875,1.875,200
1998-02-18,1.875,1.875,1.875,1.875,1.875,2000
1998-02-20,1.875,1.875,1.875,1.875,1.875,200
1998-02-23,1.875,2,1.875,2,2,4200
1998-02-24,1.8125,1.9375,1.8125,1.875,1.875,5500
1998-02-25,1.9375,1.9375,1.8125,1.875,1.875,1900
1998-02-26,1.9375,1.9375,1.8125,1.8125,1.8125,500
1998-02-27,1.9375,1.9375,1.875,1.875,1.875,21600
1998-03-02,1.9375,1.9375,1.8125,1.8125,1.8125,700
1998-03-03,1.75,1.75,1.75,1.75,1.75,3000
1998-03-05,1.9375,1.9375,1.75,1.75,1.75,2100
1998-03-06,1.875,1.875,1.625,1.875,1.875,1200
1998-03-11,1.75,1.75,1.625,1.625,1.625,4500
1998-03-12,1.625,1.875,1.625,1.8125,1.8125,3500
1998-03-13,1.75,1.75,1.75,1.75,1.75,6000
1998-03-17,1.75,1.75,1.625,1.625,1.625,3000
1998-03-18,1.75,1.75,1.75,1.75,1.75,14000
1998-03-19,1.6875,1.6875,1.6875,1.6875,1.6875,4100
1998-03-20,1.5625,1.6875,1.5625,1.6875,1.6875,3000
1998-03-23,1.6875,1.6875,1.625,1.6563,1.6563,12000
1998-03-24,1.6875,1.6875,1.6563,1.6563,1.6563,400
1998-03-25,1.6875,1.6875,1.6875,1.6875,1.6875,18200
1998-03-26,1.6875,1.75,1.6875,1.75,1.75,1400
1998-03-27,1.75,1.875,1.6563,1.875,1.875,4500
1998-03-30,1.6563,1.8125,1.6563,1.8125,1.8125,1900
1998-03-31,1.75,1.7813,1.75,1.75,1.75,6000
1998-04-01,1.6563,1.8125,1.6563,1.8125,1.8125,2000
1998-04-02,1.625,1.625,1.625,1.625,1.625,400
1998-04-03,1.625,1.625,1.625,1.625,1.625,1000
1998-04-06,1.625,1.75,1.625,1.625,1.625,2900
1998-04-07,1.8125,1.8125,1.8125,1.8125,1.8125,200
1998-04-13,1.875,1.875,1.875,1.875,1.875,200
1998-04-14,1.875,1.875,1.75,1.75,1.75,3800
1998-04-15,1.75,1.75,1.5625,1.5625,1.5625,5100
1998-04-17,1.625,1.625,1.625,1.625,1.625,300
1998-04-20,1.75,1.75,1.75,1.75,1.75,7500
1998-04-21,1.75,1.75,1.75,1.75,1.75,600
1998-04-22,1.75,1.75,1.75,1.75,1.75,1400
1998-04-23,1.875,1.875,1.875,1.875,1.875,2100
1998-04-24,1.875,1.875,1.875,1.875,1.875,1600
1998-04-27,1.875,1.875,1.875,1.875,1.875,100
1998-04-28,1.75,1.875,1.625,1.875,1.875,7100
1998-04-29,1.875,1.875,1.625,1.875,1.875,5200
1998-04-30,1.875,1.875,1.75,1.875,1.875,11800
1998-05-01,1.875,2,1.875,1.875,1.875,26200
1998-05-04,2,2.0625,1.8125,2,2,43500
1998-05-05,2,2.1875,2,2.1875,2.1875,7400
1998-05-06,1.875,1.9375,1.875,1.875,1.875,13900
1998-05-07,2.0625,2.0625,1.875,1.875,1.875,23700
1998-05-08,2.125,2.125,2.0625,2.125,2.125,7600
1998-05-11,2,2.375,2,2.375,2.375,9600
1998-05-12,2.375,2.5,2.25,2.5,2.5,9300
1998-05-13,2.5,2.5,2.375,2.375,2.375,19200
1998-05-14,2.5,2.875,2.5,2.875,2.875,40700
1998-05-15,3.25,3.625,2.75,3.1875,3.1875,50900
1998-05-18,3.375,3.375,2.75,3.1875,3.1875,16800
1998-05-19,3.1875,3.1875,2.9375,2.9375,2.9375,46600
1998-05-20,3.125,3.25,2.9375,2.9375,2.9375,35900
1998-05-21,3.0625,3.0625,2.875,2.875,2.875,9000
1998-05-22,3.0625,3.0625,3,3,3,5000
1998-05-26,3.125,3.125,3.0625,3.0625,3.0625,7200
1998-05-27,3.0625,3.125,2.875,2.875,2.875,2600
1998-05-28,3,3.0156,3,3,3,4900
1998-05-29,3,3,2.75,3,3,6300
1998-06-01,2.75,2.875,2.75,2.75,2.75,2000
1998-06-02,2.5,2.625,2.25,2.625,2.625,6800
1998-06-03,2.5,2.5,2.5,2.5,2.5,500
1998-06-05,2.75,2.75,2.5,2.5,2.5,8100
1998-06-09,2.5,2.625,2.5,2.625,2.625,1000
1998-06-10,2.375,2.5,2.25,2.25,2.25,11900
1998-06-11,2,2.5,2,2.5,2.5,5800
1998-06-12,2.625,2.625,2.5,2.5,2.5,4600
1998-06-15,2.25,2.375,2.25,2.3125,2.3125,9900
1998-06-16,2.5,2.5,2.3125,2.3125,2.3125,1800
1998-06-17,2.5,2.5,2.375,2.375,2.375,2100
1998-06-18,2.375,2.375,2.375,2.375,2.375,1800
1998-06-19,2.75,2.75,2.5,2.5,2.5,5700
1998-06-22,2.5,2.5,2.375,2.5,2.5,3900
1998-06-23,2.375,2.375,2.375,2.375,2.375,12600
1998-06-24,2.375,2.375,2.375,2.375,2.375,200
1998-06-25,2.375,2.75,2.375,2.75,2.75,1000
1998-06-26,2.4063,2.75,2.4063,2.625,2.625,17400
1998-06-29,2.75,2.75,2.5,2.5,2.5,1000
1998-06-30,2.75,2.75,2.5,2.5156,2.5156,4100
1998-07-01,2.625,2.75,2.625,2.75,2.75,10600
1998-07-02,2.75,2.75,2.75,2.75,2.75,600
1998-07-06,2.8438,2.8438,2.5,2.8438,2.8438,500
1998-07-07,2.875,2.875,2.875,2.875,2.875,700
1998-07-08,2.5,2.875,2.5,2.875,2.875,700
1998-07-09,2.5625,2.5625,2.5625,2.5625,2.5625,600
1998-07-13,2.8438,2.8438,2.8438,2.8438,2.8438,200
1998-07-14,2.875,2.875,2.5625,2.5625,2.5625,800
1998-07-15,2.75,2.75,2.5,2.5,2.5,7400
1998-07-16,2.625,2.625,2.5,2.5,2.5,1500
1998-07-17,2.5,2.625,2.5,2.625,2.625,1100
1998-07-20,2.5625,2.5625,2.5625,2.5625,2.5625,800
1998-07-22,2.5625,2.5625,2.5,2.5,2.5,2200
1998-07-23,2.625,2.625,2.5625,2.5625,2.5625,4000
1998-07-27,2.5,2.5,2.5,2.5,2.5,700
1998-07-28,2.625,2.625,2.625,2.625,2.625,3200
1998-07-30,2.375,2.5,2.375,2.5,2.5,1500
1998-07-31,2.375,2.375,2.375,2.375,2.375,1500
1998-08-03,1.8125,2.375,1.8125,2.375,2.375,4100
1998-08-04,2,2,2,2,2,1600
1998-08-05,2.375,2.5,2.0625,2.0625,2.0625,3600
1998-08-10,2.5,2.5,2.0625,2.0625,2.0625,1300
1998-08-11,2.4375,2.4375,2.4375,2.4375,2.4375,500
1998-08-12,2.4375,2.4375,2.4375,2.4375,2.4375,200
1998-08-13,2.5,2.5,2.5,2.5,2.5,500
1998-08-14,2.375,2.5,2.125,2.5,2.5,2500
1998-08-17,2.375,2.375,2.375,2.375,2.375,11400
1998-08-18,2.25,2.375,2,2.375,2.375,7000
1998-08-21,2.375,2.375,2,2,2,2100
1998-08-24,2.375,2.375,2,2,2,2300
1998-08-25,2.375,2.375,2.375,2.375,2.375,900
1998-08-26,2.25,2.25,2,2.25,2.25,4300
1998-08-27,2,2,2,2,2,1000
1998-08-28,2.25,2.25,2.25,2.25,2.25,3700
1998-08-31,2.375,2.375,2,2.375,2.375,5900
1998-09-01,2.125,2.3125,2.125,2.3125,2.3125,2300
1998-09-02,2.3125,2.3125,2.3125,2.3125,2.3125,100
1998-09-03,2.0625,2.3125,2,2,2,1600
1998-09-04,2.3125,2.3125,1.75,2,2,28300
1998-09-08,1.75,1.75,1.75,1.75,1.75,300
1998-09-09,2.375,2.375,2,2,2,2200
1998-09-10,2,2,1.75,1.75,1.75,8000
1998-09-11,1.75,1.875,1.75,1.875,1.875,3600
1998-09-14,2.375,2.375,2.375,2.375,2.375,800
1998-09-15,2,2,2,2,2,700
1998-09-18,2,2,2,2,2,900
1998-09-22,2.25,2.25,2,2,2,1000
1998-09-23,2.25,2.25,1.875,1.875,1.875,300
1998-09-24,2.25,2.25,2.25,2.25,2.25,200
1998-09-28,2.25,2.25,2.25,2.25,2.25,100
1998-09-29,1.875,1.875,1.875,1.875,1.875,800
1998-10-01,1.875,1.875,1.875,1.875,1.875,800
1998-10-02,1.9688,2,1.875,1.875,1.875,4400
1998-10-05,1.8125,1.875,1.8125,1.875,1.875,2000
1998-10-06,1.9375,1.9375,1.8125,1.8125,1.8125,1800
1998-10-07,1.8125,2,1.75,1.75,1.75,4300
1998-10-08,1.75,1.75,1.5,1.625,1.625,12000
1998-10-09,1.75,1.75,1.625,1.625,1.625,1500
1998-10-12,1.75,1.75,1.75,1.75,1.75,2200
1998-10-13,1.625,1.9688,1.625,1.9688,1.9688,10600
1998-10-14,1.75,1.75,1.75,1.75,1.75,7800
1998-10-15,1.75,1.75,1.75,1.75,1.75,200
1998-10-19,1.625,2,1.625,1.75,1.75,5300
1998-10-20,1.75,1.75,1.75,1.75,1.75,2400
1998-10-23,1.875,1.875,1.875,1.875,1.875,1500
1998-10-26,1.875,2,1.875,2,2,1100
1998-10-27,1.875,1.875,1.875,1.875,1.875,1000
1998-10-28,2,2,1.5,1.875,1.875,8200
1998-10-30,2,2.0625,2,2.0625,2.0625,22400
1998-11-02,2.0625,2.0625,2,2.0625,2.0625,5600
1998-11-03,1.9375,2,1.9375,2,2,200
1998-11-04,2.1875,2.1875,2.1875,2.1875,2.1875,600
1998-11-05,2,2.25,1.9375,2.25,2.25,10700
1998-11-06,2,2.0625,2,2.0625,2.0625,2600
1998-11-09,2.0625,2.0625,1.9375,1.9375,1.9375,1200
1998-11-10,2.0625,2.0625,2.0625,2.0625,2.0625,200
1998-11-11,2.1875,2.1875,2,2,2,19300
1998-11-16,2.1875,2.1875,2,2,2,2500
1998-11-17,2.125,2.125,2,2.125,2.125,17900
1998-11-18,2.125,2.125,2.125,2.125,2.125,100
1998-11-19,2.0625,2.0625,2,2,2,8000
1998-11-20,2,2.125,1.9375,2.125,2.125,6100
1998-11-23,2.125,2.125,2.125,2.125,2.125,2700
1998-11-24,2.0313,2.0313,2.0313,2.0313,2.0313,1000
1998-11-25,2.0313,2.0313,2.0313,2.0313,2.0313,100
1998-11-27,2,2,2,2,2,2000
1998-11-30,2,2.0625,2,2,2,1500
1998-12-01,2.0938,2.0938,2.0938,2.0938,2.0938,100
1998-12-02,2,2.0625,2,2,2,7400
1998-12-04,2,2,2,2,2,1600
1998-12-07,2.0625,2.1875,2.0625,2.1406,2.1406,5900
1998-12-08,2,2,2,2,2,100
1998-12-09,1.75,2.125,1.75,2,2,6600
1998-12-10,2.25,2.25,2,2,2,4600
1998-12-11,2,2.125,2,2.125,2.125,3400
1998-12-15,2,2,2,2,2,2000
1998-12-16,2.0625,2.125,2.0625,2.125,2.125,1800
1998-12-17,2,2,1.9375,1.9375,1.9375,9700
1998-12-18,2.125,2.125,2.125,2.125,2.125,300
1998-12-21,2,2,1.9375,2,2,3400
1998-12-22,2,2,1.9375,1.9375,1.9375,700
1998-12-23,2.1563,2.1563,2.125,2.125,2.125,2600
1998-12-24,2,2,2,2,2,1400
1998-12-28,2,2.125,2,2.125,2.125,2600
1998-12-29,1.9375,1.9375,1.7813,1.7813,1.7813,1600
1998-12-30,2,2,2,2,2,1900
1998-12-31,1.7813,1.9375,1.7813,1.9375,1.9375,1100
1999-01-04,2.0938,2.125,2.0938,2.125,2.125,600
1999-01-06,2.0313,2.0313,2,2,2,1100
1999-01-07,2.0938,2.0938,2.0938,2.0938,2.0938,100
1999-01-08,2,2.0938,1.9375,1.9375,1.9375,2800
1999-01-11,2.125,2.125,1.9375,1.9375,1.9375,5300
1999-01-12,2,2,2,2,2,800
1999-01-13,1.75,1.875,1.6875,1.6875,1.6875,8600
1999-01-14,1.875,1.875,1.75,1.75,1.75,2800
1999-01-15,1.9375,2,1.75,1.75,1.75,1400
1999-01-19,1.9375,1.9375,1.75,1.75,1.75,7100
1999-01-20,1.9375,1.9375,1.9375,1.9375,1.9375,1700
1999-01-21,1.9375,1.9375,1.8125,1.8125,1.8125,1400
1999-01-22,1.75,1.875,1.75,1.75,1.75,1000
1999-01-25,1.6875,1.875,1.6875,1.75,1.75,1700
1999-01-27,1.875,1.9375,1.8125,1.8125,1.8125,7200
1999-01-28,1.875,1.875,1.75,1.8125,1.8125,2200
1999-01-29,1.75,1.75,1.6875,1.6875,1.6875,6700
1999-02-01,1.75,1.8125,1.75,1.8125,1.8125,2300
1999-02-02,1.8125,1.8125,1.8125,1.8125,1.8125,800
1999-02-03,1.8125,1.875,1.75,1.75,1.75,1100
1999-02-04,1.75,2,1.75,2,2,1000
1999-02-05,2,2,2,2,2,1000
1999-02-12,2,2,1.875,2,2,3200
1999-02-16,2,2.1875,2,2,2,2600
1999-02-17,1.75,2,1.75,1.9375,1.9375,2700
1999-02-18,2,2,2,2,2,500
1999-02-19,2,2,2,2,2,500
1999-02-22,2,2.125,1.625,2,2,6300
1999-02-23,2,2,2,2,2,1000
1999-02-25,1.75,1.9375,1.75,1.75,1.75,2400
1999-02-26,1.9375,1.9375,1.9375,1.9375,1.9375,1200
1999-03-01,1.875,1.875,1.8125,1.8125,1.8125,5000
1999-03-02,1.75,2,1.75,2,2,2100
1999-03-03,2,2,1.75,1.75,1.75,3200
1999-03-04,1.9375,1.9375,1.9375,1.9375,1.9375,900
1999-03-05,1.8125,1.875,1.8125,1.875,1.875,1100
1999-03-08,1.875,1.875,1.5,1.5,1.5,1600
1999-03-09,1.875,1.875,1.875,1.875,1.875,100
1999-03-10,1.875,1.875,1.875,1.875,1.875,2700
1999-03-11,1.75,1.9375,1.75,1.9375,1.9375,400
1999-03-12,2,2,1.9375,1.9375,1.9375,2200
1999-03-15,1.9375,1.9375,1.75,1.9375,1.9375,700
1999-03-16,1.75,1.9375,1.75,1.9375,1.9375,1400
1999-03-17,1.9375,1.9375,1.875,1.875,1.875,26100
1999-03-19,1.9375,1.9375,1.9375,1.9375,1.9375,3400
1999-03-22,2,2,2,2,2,1300
1999-03-23,1.75,1.875,1.75,1.8125,1.8125,6800
1999-03-25,1.75,1.75,1.75,1.75,1.75,2000
1999-03-26,1.75,1.75,1.6875,1.75,1.75,3100
1999-03-29,1.6875,1.75,1.6875,1.75,1.75,3100
1999-03-30,1.8125,1.8125,1.8125,1.8125,1.8125,500
1999-03-31,1.625,1.8125,1.625,1.625,1.625,3200
1999-04-05,1.9375,1.9375,1.625,1.625,1.625,2100
1999-04-06,1.5,1.75,1.5,1.75,1.75,700
1999-04-08,1.625,1.625,1.5625,1.5625,1.5625,1300
1999-04-09,1.625,1.9375,1.625,1.7969,1.7969,9000
1999-04-12,1.625,2,1.5,1.625,1.625,27200
1999-04-13,1.5,1.625,1.5,1.625,1.625,8400
1999-04-14,1.6875,1.875,1.6875,1.875,1.875,2500
1999-04-15,1.625,1.75,1.625,1.75,1.75,3300
1999-04-16,1.875,1.875,1.75,1.875,1.875,3500
1999-04-19,1.75,1.75,1.75,1.75,1.75,500
1999-04-20,1.875,1.875,1.75,1.875,1.875,1000
1999-04-22,1.625,1.9375,1.625,1.9375,1.9375,1800
1999-04-26,1.875,1.875,1.625,1.6875,1.6875,31500
1999-04-27,2,2,1.8125,1.8125,1.8125,3700
1999-04-28,2.125,2.125,2,2.125,2.125,3200
1999-04-29,2,2,1.8125,1.8125,1.8125,2300
1999-04-30,2,2,1.75,1.75,1.75,2900
1999-05-03,1.75,1.75,1.75,1.75,1.75,600
1999-05-04,1.75,2,1.75,2,2,600
1999-05-05,1.75,2,1.75,1.75,1.75,1200
1999-05-06,2,2,1.75,1.75,1.75,2800
1999-05-07,1.875,1.875,1.875,1.875,1.875,2600
1999-05-10,1.875,1.875,1.875,1.875,1.875,2000
1999-05-11,1.875,2,1.875,2,2,2200
1999-05-12,1.75,1.875,1.75,1.875,1.875,1200
1999-05-14,1.875,1.875,1.875,1.875,1.875,200
1999-05-17,1.875,2,1.8125,2,2,9500
1999-05-19,1.8125,2,1.8125,1.875,1.875,4800
1999-05-20,1.8125,1.9375,1.8125,1.9375,1.9375,300
1999-05-24,1.8125,1.8125,1.8125,1.8125,1.8125,2600
1999-05-26,1.75,1.75,1.75,1.75,1.75,4300
1999-05-27,1.75,1.75,1.75,1.75,1.75,400
1999-06-01,1.875,1.875,1.75,1.75,1.75,300
1999-06-03,1.875,1.875,1.875,1.875,1.875,1100
1999-06-04,1.875,1.875,1.7813,1.7813,1.7813,1300
1999-06-07,1.7813,1.7813,1.7813,1.7813,1.7813,1200
1999-06-08,1.7813,1.7813,1.7813,1.7813,1.7813,100
1999-06-09,1.75,1.875,1.75,1.875,1.875,2500
1999-06-10,1.875,1.9375,1.8125,1.9375,1.9375,3000
1999-06-11,1.9375,2,1.9375,2,2,2900
1999-06-14,1.9688,1.9688,1.8125,1.8125,1.8125,3800
1999-06-18,1.75,1.75,1.75,1.75,1.75,500
1999-06-21,1.75,2,1.75,2,2,3100
1999-06-22,1.8125,1.8125,1.8125,1.8125,1.8125,100
1999-06-23,1.875,1.875,1.875,1.875,1.875,400
1999-06-24,1.9375,2,1.875,1.875,1.875,2700
1999-06-25,1.875,1.875,1.875,1.875,1.875,400
1999-06-28,1.875,1.875,1.875,1.875,1.875,300
1999-06-29,1.7813,1.8125,1.75,1.75,1.75,6200
1999-06-30,1.875,1.875,1.6875,1.875,1.875,4000
1999-07-07,1.75,1.75,1.75,1.75,1.75,2300
1999-07-09,1.875,1.875,1.75,1.75,1.75,600
1999-07-12,1.625,1.75,1.625,1.75,1.75,2400
1999-07-13,1.75,1.875,1.6875,1.875,1.875,3300
1999-07-14,1.75,1.75,1.75,1.75,1.75,300
1999-07-19,1.875,1.875,1.75,1.75,1.75,400
1999-07-21,1.8125,1.8125,1.75,1.75,1.75,5200
1999-07-22,1.5,1.6875,1.5,1.625,1.625,62600
1999-07-23,1.8125,1.8125,1.8125,1.8125,1.8125,100
1999-07-26,1.625,1.8125,1.625,1.8125,1.8125,3000
1999-07-28,1.625,1.8125,1.625,1.8125,1.8125,1000
1999-07-30,1.6875,1.875,1.6875,1.8125,1.8125,6000
1999-08-02,1.8125,1.8125,1.8125,1.8125,1.8125,1000
1999-08-03,1.6875,1.6875,1.6875,1.6875,1.6875,100
1999-08-04,1.6875,1.75,1.6875,1.75,1.75,2100
1999-08-05,1.6875,1.6875,1.6875,1.6875,1.6875,300
1999-08-06,1.6563,1.6563,1.6563,1.6563,1.6563,100
1999-08-10,1.8125,1.8125,1.5625,1.75,1.75,17000
1999-08-11,1.9375,1.9375,1.875,1.9375,1.9375,8300
1999-08-16,1.875,1.875,1.875,1.875,1.875,300
1999-08-19,1.6875,1.875,1.6875,1.875,1.875,600
1999-08-23,1.6875,1.6875,1.6875,1.6875,1.6875,2100
1999-08-24,1.875,1.875,1.875,1.875,1.875,200
1999-08-26,1.75,1.875,1.75,1.875,1.875,2400
1999-08-27,1.75,1.875,1.75,1.875,1.875,2700
1999-08-31,1.7813,1.7813,1.7813,1.7813,1.7813,200
1999-09-01,1.75,1.75,1.75,1.75,1.75,100
1999-09-02,1.75,1.75,1.75,1.75,1.75,200
1999-09-07,1.875,1.875,1.625,1.625,1.625,4000
1999-09-08,1.6875,1.6875,1.6875,1.6875,1.6875,200
1999-09-10,1.75,1.75,1.75,1.75,1.75,1500
1999-09-13,1.75,2,1.75,1.9063,1.9063,25100
1999-09-14,1.9063,2,1.875,2,2,18600
1999-09-15,1.8125,2.0625,1.75,2,2,3300
1999-09-16,2.0625,2.0625,1.875,1.875,1.875,1000
1999-09-17,2,2,2,2,2,7200
1999-09-20,2,2.0313,1.9375,1.9375,1.9375,4800
1999-09-21,1.9531,2.0625,1.9531,2.0625,2.0625,16700
1999-09-22,2.0156,2.125,2,2,2,6600
1999-09-23,2,2,2,2,2,6100
1999-09-24,2,2,1.875,2,2,1300
1999-09-27,1.8125,2,1.8125,2,2,1200
1999-09-28,2,2,2,2,2,400
1999-09-29,2,2.0625,2,2.0625,2.0625,1300
1999-09-30,2.125,2.375,2.125,2.25,2.25,17600
1999-10-01,2.375,2.375,2.25,2.25,2.25,2700
1999-10-05,2.0625,2.0625,2.0625,2.0625,2.0625,600
1999-10-07,2,2.125,2,2.125,2.125,14000
1999-10-08,2.125,2.125,2.125,2.125,2.125,100
1999-10-11,2.125,2.125,2.125,2.125,2.125,400
1999-10-13,2,2,2,2,2,2000
1999-10-14,2,2,2,2,2,200
1999-10-15,2.0625,2.0625,2.0625,2.0625,2.0625,3000
1999-10-18,2.125,2.3125,2.125,2.125,2.125,16800
1999-10-19,2.125,2.125,2.125,2.125,2.125,600
1999-10-20,2.125,2.125,2.125,2.125,2.125,100
1999-10-21,2.1875,2.25,2,2,2,7600
1999-10-22,2.25,2.25,2.125,2.125,2.125,1600
1999-10-25,2.0313,2.25,2.0313,2.25,2.25,2400
1999-10-26,2.25,2.25,2.0313,2.0313,2.0313,8900
1999-10-27,2.0313,2.0625,2,2,2,4400
1999-10-28,2.5,2.5,2.0625,2.5,2.5,1100
1999-10-29,2.375,2.375,2.375,2.375,2.375,1000
1999-11-01,2.4375,2.4375,2.4375,2.4375,2.4375,100
1999-11-02,2.375,2.375,2.25,2.25,2.25,1200
1999-11-04,2.25,2.25,2.25,2.25,2.25,1000
1999-11-08,2.4688,2.4688,2.4688,2.4688,2.4688,200
1999-11-10,2.3594,2.4375,2.125,2.4375,2.4375,2600
1999-11-11,2.0313,2.0313,2.0313,2.0313,2.0313,100
1999-11-12,2.125,2.25,2.125,2.25,2.25,12900
1999-11-15,2.4375,2.4375,2.375,2.375,2.375,2000
1999-11-16,2.1875,2.25,2.1875,2.25,2.25,5300
1999-11-17,2.5,2.5,2.125,2.125,2.125,10500
1999-11-18,2.125,2.125,2.125,2.125,2.125,100
1999-11-19,2.125,2.25,2.125,2.125,2.125,1600
1999-11-22,2.25,2.25,2.0625,2.0625,2.0625,3100
1999-11-23,2.125,2.125,2.0625,2.0625,2.0625,2600
1999-11-24,2.0625,2.0625,2.0625,2.0625,2.0625,1100
1999-11-26,2.125,2.125,2.125,2.125,2.125,200
1999-11-29,2,2,2,2,2,800
1999-11-30,2.125,2.375,2.125,2.375,2.375,5600
1999-12-01,2.125,2.5,2.125,2.125,2.125,3600
1999-12-03,2.25,2.25,2.1875,2.1875,2.1875,2200
1999-12-06,2.25,2.25,2.1875,2.1875,2.1875,800
1999-12-07,2.1875,2.25,2.1875,2.25,2.25,900
1999-12-08,2.1875,2.1875,2.1875,2.1875,2.1875,1300
1999-12-10,2.25,2.25,2.25,2.25,2.25,5500
1999-12-13,2.1875,2.1875,2.1875,2.1875,2.1875,100
1999-12-15,2.1875,2.1875,2.1875,2.1875,2.1875,10400
1999-12-16,2.1875,2.1875,2.1875,2.1875,2.1875,200
1999-12-17,2.125,2.25,2.125,2.25,2.25,5900
1999-12-20,2.125,2.125,2.0625,2.0625,2.0625,3500
1999-12-21,2.0938,2.0938,2.0938,2.0938,2.0938,600
1999-12-22,2.0938,2.0938,2.0938,2.0938,2.0938,1200
1999-12-23,2.0625,2.0625,2.0625,2.0625,2.0625,100
1999-12-27,2.0625,2.0625,2,2,2,6900
1999-12-28,2,2,2,2,2,400
1999-12-30,2,2,2,2,2,25100
1999-12-31,2.125,2.125,2,2,2,1400
2000-01-03,2,2,2,2,2,5100
2000-01-04,2.125,2.125,2.0625,2.0625,2.0625,13200
2000-01-05,2.0156,2.125,2.0156,2.125,2.125,10400
2000-01-06,2.0625,2.0625,2.0625,2.0625,2.0625,6900
2000-01-07,2.1563,2.1875,2.125,2.125,2.125,26700
2000-01-10,2.0625,2.0625,2.0625,2.0625,2.0625,300
2000-01-11,2.0625,2.0625,2.0625,2.0625,2.0625,11000
2000-01-12,2.0625,2.125,2.0625,2.125,2.125,6700
2000-01-13,2.0625,2.125,2.0625,2.125,2.125,1200
2000-01-14,2.125,2.125,2.125,2.125,2.125,10400
2000-01-18,2.1563,2.1563,2.0625,2.125,2.125,4400
2000-01-19,2.125,2.125,2.125,2.125,2.125,1700
2000-01-20,2.25,2.25,2.125,2.125,2.125,2800
2000-01-21,2.1563,2.1563,2.125,2.125,2.125,1600
2000-01-24,2.125,2.125,2.125,2.125,2.125,1000
2000-01-25,2.125,2.125,2.0625,2.0625,2.0625,2400
2000-01-26,2,2,2,2,2,2200
2000-01-27,2.0625,2.0625,2.0625,2.0625,2.0625,800
2000-01-28,2.0938,2.0938,1.625,2.0313,2.0313,5400
2000-02-01,2.0625,2.0625,2,2,2,1100
2000-02-02,1.9063,1.9063,1.9063,1.9063,1.9063,300
2000-02-07,1.8125,2,1.75,1.75,1.75,4900
2000-02-08,1.75,1.75,1.75,1.75,1.75,600
2000-02-09,1.75,1.75,1.5,1.625,1.625,17000
2000-02-10,1.625,1.625,1.625,1.625,1.625,900
2000-02-11,1.6875,1.6875,1.6875,1.6875,1.6875,500
2000-02-14,2,2,1.6875,1.875,1.875,6200
2000-02-15,1.875,1.875,1.875,1.875,1.875,800
2000-02-17,1.9375,2,1.875,1.875,1.875,6000
2000-02-18,2,2,2,2,2,100
2000-02-22,1.875,1.875,1.875,1.875,1.875,600
2000-02-23,2,2,2,2,2,100
2000-02-24,1.875,1.875,1.75,1.75,1.75,1800
2000-02-25,1.75,1.75,1.75,1.75,1.75,500
2000-02-28,1.75,1.75,1.75,1.75,1.75,600
2000-02-29,1.8125,1.875,1.8125,1.875,1.875,2600
2000-03-01,1.75,1.75,1.75,1.75,1.75,200
2000-03-02,1.75,1.75,1.75,1.75,1.75,400
2000-03-03,1.75,1.75,1.75,1.75,1.75,2000
2000-03-07,1.7813,1.7813,1.6875,1.6875,1.6875,1300
2000-03-08,1.8125,1.8125,1.8125,1.8125,1.8125,1400
2000-03-09,1.7188,1.875,1.6875,1.875,1.875,6100
2000-03-10,1.8125,1.8125,1.625,1.625,1.625,1100
2000-03-13,1.625,1.625,1.625,1.625,1.625,200
2000-03-15,1.625,1.625,1.625,1.625,1.625,400
2000-03-16,1.8125,1.875,1.625,1.875,1.875,6500
2000-03-21,1.6875,1.6875,1.5313,1.625,1.625,24700
2000-03-23,1.5625,1.5625,1.5625,1.5625,1.5625,5200
2000-03-24,1.5625,1.625,1.5625,1.5625,1.5625,6000
2000-03-27,1.75,1.75,1.75,1.75,1.75,100
2000-03-28,1.5625,1.5625,1.5625,1.5625,1.5625,700
2000-03-29,1.5625,1.5625,1.5625,1.5625,1.5625,4500
2000-03-31,1.5625,1.5625,1.5625,1.5625,1.5625,2600
2000-04-03,1.8125,1.8125,1.5313,1.5313,1.5313,6400
2000-04-04,1.8125,1.8125,1.75,1.75,1.75,2500
2000-04-05,1.7813,1.7813,1.7813,1.7813,1.7813,100
2000-04-06,1.625,1.625,1.625,1.625,1.625,100
2000-04-10,1.5,1.5,1.5,1.5,1.5,200
2000-04-11,1.5,1.8125,1.5,1.8125,1.8125,2000
2000-04-12,1.8125,1.8125,1.8125,1.8125,1.8125,200
2000-04-13,1.5,1.5,1.5,1.5,1.5,1200
2000-04-14,1.6563,1.8125,1.5,1.5,1.5,1500
2000-04-19,1.5,1.6875,1.5,1.6875,1.6875,1300
2000-04-24,1.5938,1.5938,1.5938,1.5938,1.5938,100
2000-04-26,1.6875,1.6875,1.6875,1.6875,1.6875,200
2000-04-27,1.5625,1.6875,1.5625,1.6875,1.6875,3200
2000-04-28,1.5313,1.6875,1.5313,1.6875,1.6875,800
2000-05-02,1.625,1.625,1.625,1.625,1.625,200
2000-05-03,1.5313,1.5313,1.5,1.5313,1.5313,10500
2000-05-04,1.625,1.625,1.5,1.5,1.5,6900
2000-05-05,1.5,1.5,1.5,1.5,1.5,3600
2000-05-08,1.5,1.5,1.5,1.5,1.5,200
2000-05-09,1.5,1.5,1.5,1.5,1.5,1800
2000-05-10,1.625,1.625,1.625,1.625,1.625,800
2000-05-11,1.6563,1.6563,1.6563,1.6563,1.6563,200
2000-05-12,1.5,1.5,1.5,1.5,1.5,800
2000-05-15,1.6563,1.6563,1.6563,1.6563,1.6563,400
2000-05-16,1.6563,1.6563,1.5,1.5,1.5,1200
2000-05-19,1.5,1.5,1.5,1.5,1.5,2000
2000-05-22,1.6563,2,1.6563,2,2,6400
2000-05-23,1.75,1.75,1.75,1.75,1.75,700
2000-05-30,1.75,1.75,1.5,1.5,1.5,900
2000-05-31,1.5,1.5,1.5,1.5,1.5,1200
2000-06-02,1.9375,2,1.9375,2,2,6000
2000-06-05,1.9375,1.9375,1.6875,1.6875,1.6875,3500
2000-06-06,1.6875,1.6875,1.625,1.625,1.625,3200
2000-06-07,1.75,1.9375,1.75,1.9375,1.9375,4600
2000-06-09,1.625,1.75,1.625,1.75,1.75,1400
2000-06-14,1.6563,1.6563,1.6563,1.6563,1.6563,200
2000-06-15,1.8281,1.8281,1.8281,1.8281,1.8281,100
2000-06-16,1.6563,1.6563,1.6563,1.6563,1.6563,200
2000-06-20,1.625,1.625,1.5,1.5,1.5,5900
2000-06-23,1.625,1.75,1.625,1.75,1.75,600
2000-06-26,1.75,1.75,1.75,1.75,1.75,100
2000-06-27,1.5,1.75,1.5,1.75,1.75,1100
2000-06-29,1.5,1.5,1.5,1.5,1.5,600
2000-06-30,1.625,1.75,1.5,1.75,1.75,1600
2000-07-05,1.5,1.5,1.5,1.5,1.5,2000
2000-07-06,1.5,1.75,1.5,1.75,1.75,1300
2000-07-07,1.625,1.625,1.625,1.625,1.625,300
2000-07-11,1.5625,1.5625,1.5625,1.5625,1.5625,6100
2000-07-13,1.6406,1.6406,1.625,1.625,1.625,3600
2000-07-14,1.625,1.625,1.625,1.625,1.625,1500
2000-07-17,1.625,1.6875,1.5625,1.5625,1.5625,7100
2000-07-18,1.625,1.625,1.625,1.625,1.625,100
2000-07-19,1.5625,1.5625,1.5625,1.5625,1.5625,1400
2000-07-20,1.5625,1.5625,1.5625,1.5625,1.5625,2100
2000-07-21,1.6875,1.6875,1.5625,1.5625,1.5625,6800
2000-07-27,1.625,1.6875,1.5625,1.6875,1.6875,5600
2000-07-31,1.5625,1.5625,1.5625,1.5625,1.5625,1300
2000-08-01,1.625,1.625,1.625,1.625,1.625,1000
2000-08-02,1.5625,1.5625,1.5625,1.5625,1.5625,2400
2000-08-07,1.5625,1.75,1.5625,1.75,1.75,20500
2000-08-08,1.6875,1.6875,1.6875,1.6875,1.6875,100
2000-08-09,1.625,1.625,1.625,1.625,1.625,2000
2000-08-10,1.625,1.625,1.625,1.625,1.625,200
2000-08-11,1.625,1.625,1.625,1.625,1.625,2200
2000-08-14,1.75,1.75,1.75,1.75,1.75,1000
2000-08-15,1.75,1.75,1.75,1.75,1.75,5100
2000-08-16,1.75,2,1.75,2,2,33800
2000-08-17,2,2,2,2,2,24600
2000-08-18,1.8125,2,1.75,1.875,1.875,37500
2000-08-21,2,2,1.75,1.75,1.75,6400
2000-08-22,1.875,1.875,1.875,1.875,1.875,600
2000-08-24,1.875,1.875,1.875,1.875,1.875,3000
2000-08-25,1.875,1.875,1.875,1.875,1.875,9300
2000-08-28,1.875,1.875,1.75,1.75,1.75,900
2000-08-29,1.875,1.875,1.875,1.875,1.875,3900
2000-08-30,1.75,1.75,1.6875,1.6875,1.6875,4800
2000-08-31,1.875,1.9063,1.875,1.9063,1.9063,32000
2000-09-06,1.75,1.75,1.75,1.75,1.75,4500
2000-09-08,1.75,1.75,1.75,1.75,1.75,600
2000-09-11,2,2,2,2,2,2300
2000-09-12,1.8125,2,1.8125,1.875,1.875,4900
2000-09-13,2.125,2.25,2.125,2.25,2.25,9000
2000-09-14,2,2,2,2,2,2700
2000-09-15,2,2,2,2,2,3100
2000-09-18,1.9688,2.2813,1.9688,2.1875,2.1875,16000
2000-09-19,2.125,2.125,2,2,2,500
2000-09-20,2.0625,2.0625,2.0625,2.0625,2.0625,10200
2000-09-22,2.0625,2.0625,2.0625,2.0625,2.0625,5000
2000-09-25,2.0625,2.0625,2.0625,2.0625,2.0625,29200
2000-09-26,2,2.0625,2,2.0625,2.0625,3000
2000-09-27,2.0938,2.0938,2.0938,2.0938,2.0938,2000
2000-09-28,2,2,1.75,1.75,1.75,10100
2000-10-02,1.8125,1.8125,1.8125,1.8125,1.8125,100
2000-10-03,2.0625,2.0625,2,2,2,8100
2000-10-04,1.75,2.0625,1.75,1.8125,1.8125,2500
2000-10-05,1.9375,1.9375,1.9375,1.9375,1.9375,100
2000-10-06,1.875,2,1.875,2,2,2800
2000-10-09,2,2,1.875,1.875,1.875,5000
2000-10-10,2,2,1.875,1.875,1.875,200
2000-10-11,1.875,1.875,1.875,1.875,1.875,300
2000-10-13,1.875,1.875,1.875,1.875,1.875,1900
2000-10-19,1.9375,1.9375,1.9375,1.9375,1.9375,400
2000-10-20,1.9219,1.9375,1.9219,1.9375,1.9375,200
2000-10-24,1.8438,1.8438,1.8438,1.8438,1.8438,100
2000-10-25,1.9375,2,1.9375,2,2,900
2000-10-26,1.9844,1.9844,1.9844,1.9844,1.9844,100
2000-10-27,1.8438,1.8438,1.8438,1.8438,1.8438,600
2000-10-30,2,2,1.75,1.75,1.75,3700
2000-10-31,1.875,1.875,1.7813,1.7813,1.7813,2000
2000-11-01,1.8125,1.8125,1.8125,1.8125,1.8125,400
2000-11-03,1.875,1.875,1.875,1.875,1.875,100
2000-11-07,1.8125,1.8125,1.7813,1.8125,1.8125,3400
2000-11-08,1.7969,1.7969,1.7813,1.7813,1.7813,1100
2000-11-09,1.9375,1.9375,1.9375,1.9375,1.9375,2000
2000-11-10,1.875,1.875,1.875,1.875,1.875,1100
2000-11-13,1.75,1.75,1.625,1.625,1.625,6300
2000-11-14,1.75,1.75,1.5625,1.5625,1.5625,1000
2000-11-16,1.5156,1.5156,1.5,1.5,1.5,400
2000-11-20,1.5625,1.875,1.5625,1.875,1.875,1200
2000-11-21,1.875,1.875,1.625,1.625,1.625,1800
2000-11-22,1.625,1.75,1.625,1.75,1.75,2200
2000-11-28,1.6406,2,1.5625,2,2,16300
2000-11-29,1.625,1.625,1.5,1.5313,1.5313,4100
2000-12-01,1.75,1.75,1.5,1.5,1.5,1800
2000-12-04,1.75,1.75,1.5,1.75,1.75,8000
2000-12-05,1.75,1.75,1.75,1.75,1.75,200
2000-12-11,1.6406,2,1.625,1.9375,1.9375,2900
2000-12-14,1.625,1.625,1.625,1.625,1.625,400
2000-12-18,1.625,1.9375,1.5625,1.9375,1.9375,18100
2000-12-19,1.75,1.875,1.75,1.875,1.875,7800
2000-12-20,1.5,1.75,1.5,1.75,1.75,4800
2000-12-21,1.75,1.75,1.625,1.625,1.625,1200
2000-12-22,1.5625,1.5625,1.5625,1.5625,1.5625,800
2000-12-26,1.5625,1.5625,1.5313,1.5625,1.5625,800
2000-12-27,1.5313,1.5313,1.5313,1.5313,1.5313,2200
2000-12-28,1.5469,1.5469,1.5,1.5,1.5,21500
2000-12-29,1.5313,1.5625,1.4688,1.4688,1.4688,13900
2001-01-02,1.625,1.625,1.4375,1.4375,1.4375,1900
2001-01-03,1.5313,1.75,1.4375,1.6875,1.6875,3900
2001-01-04,1.625,1.625,1.625,1.625,1.625,6400
2001-01-10,1.5,1.5,1.5,1.5,1.5,500
2001-01-11,1.5625,1.625,1.5625,1.625,1.625,3200
2001-01-16,1.5938,1.75,1.5938,1.75,1.75,14400
2001-01-23,1.75,1.75,1.75,1.75,1.75,200
2001-01-24,1.5,1.5,1.5,1.5,1.5,800
2001-01-29,1.5625,1.5625,1.5625,1.5625,1.5625,200
2001-01-30,1.5625,1.5625,1.5625,1.5625,1.5625,600
2001-01-31,1.75,1.75,1.75,1.75,1.75,2200
2001-02-01,1.5,1.75,1.5,1.5,1.5,4400
2001-02-02,1.5625,1.5625,1.5625,1.5625,1.5625,7900
2001-02-05,1.625,1.75,1.5625,1.75,1.75,4600
2001-02-06,1.5,1.5625,1.5,1.5625,1.5625,1500
2001-02-07,1.5625,1.5625,1.5625,1.5625,1.5625,1200
2001-02-08,1.5625,1.5625,1.5,1.5,1.5,9100
2001-02-13,1.5,1.5,1.5,1.5,1.5,500
2001-02-14,1.5,1.5,1.5,1.5,1.5,100
2001-02-20,1.5469,1.5469,1.5,1.5,1.5,500
2001-02-21,1.5625,1.5625,1.5625,1.5625,1.5625,500
2001-02-23,1.5625,1.5625,1.5625,1.5625,1.5625,100
2001-02-26,1.5,1.5,1.5,1.5,1.5,600
2001-02-27,1.5,1.5,1.5,1.5,1.5,800
2001-03-02,1.5,1.5625,1.5,1.5625,1.5625,1900
2001-03-05,1.5,1.5,1.5,1.5,1.5,500
2001-03-08,1.5625,1.5625,1.5,1.5156,1.5156,23000
2001-03-09,1.5625,1.5625,1.5,1.5,1.5,1500
2001-03-12,1.5156,1.5156,1.5,1.5,1.5,1200
2001-03-13,1.5625,1.5625,1.5625,1.5625,1.5625,100
2001-03-14,1.5625,1.75,1.5625,1.75,1.75,2800
2001-03-15,1.75,1.75,1.75,1.75,1.75,100
2001-03-16,1.5,1.5,1.5,1.5,1.5,400
2001-03-19,1.6406,1.6406,1.625,1.625,1.625,500
2001-03-21,1.5,1.5,1.5,1.5,1.5,700
2001-03-22,1.5,1.5,1.5,1.5,1.5,4500
2001-03-23,1.5,1.5938,1.4375,1.5938,1.5938,2300
2001-03-29,1.5938,1.5938,1.5938,1.5938,1.5938,400
2001-04-03,1.5156,1.5156,1.5156,1.5156,1.5156,600
2001-04-04,1.5938,1.5938,1.5,1.5,1.5,1300
2001-04-05,1.5,1.5,1.5,1.5,1.5,1600
2001-04-06,1.625,1.75,1.5625,1.5625,1.5625,3200
2001-04-09,1.51,1.62,1.51,1.55,1.55,11700
2001-04-10,1.51,1.55,1.51,1.55,1.55,11700
2001-04-11,1.72,1.75,1.72,1.75,1.75,15300
2001-04-12,1.61,1.75,1.49,1.49,1.49,3300
2001-04-16,1.5,1.61,1.19,1.5,1.5,9600
2001-04-17,1.54,1.7,1.54,1.55,1.55,38100
2001-04-18,1.7,1.7,1.55,1.55,1.55,11000
2001-04-19,1.55,1.55,1.55,1.55,1.55,17200
2001-04-20,1.6,1.6,1.55,1.55,1.55,17000
2001-04-24,1.75,1.75,1.6,1.6,1.6,1600
2001-04-25,1.55,1.55,1.55,1.55,1.55,200
2001-05-01,1.6,1.6,1.6,1.6,1.6,800
2001-05-02,1.75,1.75,1.75,1.75,1.75,400
2001-05-04,1.75,1.75,1.75,1.75,1.75,2000
2001-05-07,2,2.06,1.75,2.06,2.06,6500
2001-05-08,2,2.1,2,2.1,2.1,11500
2001-05-09,1.62,1.98,1.62,1.98,1.98,5300
2001-05-10,1.97,1.97,1.97,1.97,1.97,100
2001-05-11,1.98,1.98,1.98,1.98,1.98,400
2001-05-15,1.87,1.98,1.87,1.98,1.98,300
2001-05-16,1.9,1.9,1.9,1.9,1.9,1000
2001-05-17,1.87,1.87,1.86,1.86,1.86,2800
2001-05-18,1.95,1.95,1.86,1.95,1.95,7300
2001-05-21,1.98,2.04,1.98,2.04,2.04,200
2001-05-22,2.04,2.04,1.85,1.85,1.85,1800
2001-05-23,1.85,1.85,1.85,1.85,1.85,1300
2001-05-24,2,2,2,2,2,1000
2001-05-25,2,2,2,2,2,1000
2001-05-29,2,2,2,2,2,200
2001-05-30,1.9,1.9,1.85,1.9,1.9,2500
2001-05-31,2,2.4,2,2.08,2.08,15700
2001-06-01,2.347,2.347,2.12,2.12,2.12,1300
2001-06-04,2.1,2.12,2.01,2.11,2.11,11400
2001-06-05,2.11,2.12,2.05,2.065,2.065,5900
2001-06-07,2.05,2.05,2.05,2.05,2.05,6000
2001-06-08,2,2,2,2,2,3300
2001-06-11,2.15,2.15,1.75,1.75,1.75,2300
2001-06-12,2,2,1.75,1.8,1.8,1200
2001-06-13,2,2,2,2,2,2000
2001-06-14,1.9,1.9,1.9,1.9,1.9,1100
2001-06-15,1.85,2.15,1.8,2.15,2.15,900
2001-06-18,2.2,2.2,2.15,2.15,2.15,2900
2001-06-19,2.02,2.15,2.02,2.1,2.1,3300
2001-06-20,2.1,2.15,2.03,2.03,2.03,4700
2001-06-21,2.02,2.02,2.02,2.02,2.02,3400
2001-06-22,2.133,2.15,2.133,2.15,2.15,7500
2001-06-25,2.03,2.03,2.02,2.02,2.02,600
2001-06-26,2.15,2.15,2.15,2.15,2.15,500
2001-06-28,2.15,2.16,2.15,2.16,2.16,2000
2001-06-29,2.12,2.18,2.03,2.03,2.03,7200
2001-07-02,2.15,2.23,2.15,2.23,2.23,20500
2001-07-03,2.25,2.25,2.1,2.1,2.1,10800
2001-07-05,1.97,2.18,1.97,2.08,2.08,8700
2001-07-06,2.17,2.17,2,2,2,500
2001-07-09,2.01,2.01,2.01,2.01,2.01,100
2001-07-10,2.14,2.14,2.14,2.14,2.14,1300
2001-07-11,2.14,2.15,2.14,2.15,2.15,800
2001-07-12,2.15,2.15,2.15,2.15,2.15,500
2001-07-13,2.2,2.2,2.02,2.02,2.02,7400
2001-07-16,2.21,2.21,1.8,1.81,1.81,5000
2001-07-17,2.21,2.21,2.1,2.1,2.1,1100
2001-07-18,2.2,2.2,2.2,2.2,2.2,600
2001-07-19,2.2,2.25,2.2,2.24,2.24,4800
2001-07-20,2.24,2.24,2.2,2.2,2.2,900
2001-07-25,2.29,2.29,2.29,2.29,2.29,100
2001-07-26,2.2,2.2,2.15,2.15,2.15,1500
2001-07-27,2.15,2.15,2.01,2.1,2.1,1900
2001-07-30,2.1,2.1,2.05,2.05,2.05,3500
2001-08-01,2.1,2.1,2.1,2.1,2.1,2500
2001-08-02,2.1,2.1,2.1,2.1,2.1,1200
2001-08-06,2.06,2.06,2.06,2.06,2.06,200
2001-08-08,2.15,2.15,2.15,2.15,2.15,200
2001-08-09,2.15,2.25,2.15,2.25,2.25,7200
2001-08-10,2.2,2.2,2.2,2.2,2.2,400
2001-08-13,2.2,2.25,2.2,2.25,2.25,6700
2001-08-16,2.1,2.1,2.1,2.1,2.1,200
2001-08-17,2.15,2.25,2.15,2.15,2.15,300
2001-08-20,2.11,2.29,2.1,2.1,2.1,1400
2001-08-21,2.1,2.1,2.1,2.1,2.1,700
2001-08-22,2.1,2.1,2.1,2.1,2.1,200
2001-08-23,2.1,2.1,2.1,2.1,2.1,100
2001-08-24,2.1,2.2,2.05,2.2,2.2,4500
2001-08-27,2.25,2.25,2.25,2.25,2.25,100
2001-09-05,2,2,2,2,2,400
2001-09-07,2.25,2.25,2.05,2.05,2.05,500
2001-09-17,2.25,2.25,2.25,2.25,2.25,100
2001-09-18,2.3,2.3,2.25,2.3,2.3,2100
2001-09-19,2.15,2.15,2.15,2.15,2.15,1400
2001-09-20,2.3,2.3,2.22,2.22,2.22,8700
2001-09-21,2.15,2.2,2,2,2,4600
2001-09-24,2.2,2.25,2.2,2.25,2.25,1000
2001-09-25,2.05,2.05,2,2,2,3300
2001-09-26,1.86,1.86,1.86,1.86,1.86,400
2001-09-27,1.87,2.25,1.87,2.25,2.25,200
2001-09-28,2,2,2,2,2,1200
2001-10-01,2,2,2,2,2,1100
2001-10-03,2.1,2.1,2.1,2.1,2.1,700
2001-10-05,2.2,2.3,2.2,2.3,2.3,1100
2001-10-10,2.25,2.25,2.25,2.25,2.25,200
2001-10-12,2.25,2.25,2.25,2.25,2.25,100
2001-10-16,2.25,2.25,2.25,2.25,2.25,100
2001-10-17,2.1,2.2,1.75,1.75,1.75,9000
2001-10-18,2.14,2.14,2,2,2,3600
2001-10-19,2.23,2.23,2.23,2.23,2.23,100
2001-10-22,2,2,1.85,2,2,1600
2001-10-23,2,2,1.85,1.85,1.85,1800
2001-10-24,1.97,1.97,1.97,1.97,1.97,1000
2001-10-25,1.97,1.97,1.97,1.97,1.97,200
2001-11-02,1.85,1.85,1.85,1.85,1.85,400
2001-11-05,2,2,2,2,2,500
2001-11-07,1.85,1.85,1.61,1.84,1.84,3100
2001-11-08,1.84,1.85,1.84,1.85,1.85,1400
2001-11-09,1.95,1.95,1.95,1.95,1.95,500
2001-11-12,1.62,1.93,1.62,1.75,1.75,1100
2001-11-13,1.62,1.62,1.62,1.62,1.62,200
2001-11-14,1.93,1.93,1.93,1.93,1.93,100
2001-11-15,1.95,1.99,1.9,1.9,1.9,3400
2001-11-16,1.95,2,1.95,2,2,2300
2001-11-19,2,2,2,2,2,700
2001-11-20,1.62,2,1.62,1.76,1.76,1400
2001-11-21,1.99,1.99,1.99,1.99,1.99,200
2001-11-26,1.86,1.86,1.85,1.85,1.85,2400
2001-11-29,1.85,1.85,1.85,1.85,1.85,100
2001-12-05,1.86,1.86,1.75,1.75,1.75,2400
2001-12-06,1.8,1.8,1.75,1.75,1.75,2000
2001-12-07,1.75,1.75,1.75,1.75,1.75,100
2001-12-10,1.85,1.85,1.85,1.85,1.85,200
2001-12-11,1.85,1.85,1.85,1.85,1.85,200
2001-12-12,1.75,1.75,1.75,1.75,1.75,600
2001-12-13,1.76,1.85,1.7,1.85,1.85,2200
2001-12-14,1.7,1.7,1.7,1.7,1.7,200
2001-12-17,1.7,1.7,1.7,1.7,1.7,100
2001-12-18,1.75,1.75,1.7,1.7,1.7,900
2001-12-19,1.71,1.95,1.71,1.95,1.95,800
2001-12-20,1.94,1.94,1.94,1.94,1.94,100
2001-12-27,1.75,1.75,1.7,1.7,1.7,300
2001-12-28,1.75,1.75,1.7,1.75,1.75,1400
2002-01-02,1.7,1.7,1.7,1.7,1.7,600
2002-01-03,1.7,1.7,1.65,1.65,1.65,2800
2002-01-04,1.7,1.7,1.7,1.7,1.7,300
2002-01-07,1.65,1.9,1.6,1.6,1.6,2500
2002-01-08,1.9,1.9,1.9,1.9,1.9,300
2002-01-09,1.7,1.94,1.6,1.6,1.6,2100
2002-01-10,1.85,1.85,1.85,1.85,1.85,200
2002-01-15,1.65,1.85,1.65,1.85,1.85,800
2002-01-16,1.65,1.65,1.6,1.6,1.6,2700
2002-01-17,1.6,1.6,1.6,1.6,1.6,1000
2002-01-18,1.85,1.85,1.85,1.85,1.85,400
2002-01-22,1.88,1.88,1.88,1.88,1.88,200
2002-01-24,1.67,1.67,1.67,1.67,1.67,200
2002-01-28,1.9,1.9,1.9,1.9,1.9,300
2002-01-29,1.9,1.9,1.9,1.9,1.9,4600
2002-01-30,1.9,1.9,1.9,1.9,1.9,100
2002-01-31,1.9,1.9,1.9,1.9,1.9,100
2002-02-04,1.75,1.75,1.75,1.75,1.75,500
2002-02-05,1.75,1.76,1.75,1.76,1.76,800
2002-02-06,1.79,1.8,1.75,1.75,1.75,2300
2002-02-07,1.8,1.8,1.8,1.8,1.8,300
2002-02-11,1.75,1.8,1.75,1.8,1.8,2100
2002-02-12,1.7,1.7,1.7,1.7,1.7,1800
2002-02-13,1.65,1.7,1.61,1.7,1.7,2900
2002-02-14,1.7,1.7,1.7,1.7,1.7,400
2002-02-15,1.74,1.74,1.74,1.74,1.74,300
2002-02-19,1.74,1.74,1.74,1.74,1.74,100
2002-02-26,1.74,1.74,1.74,1.74,1.74,100
2002-03-01,1.7,1.7,1.7,1.7,1.7,600
2002-03-04,1.65,1.65,1.65,1.65,1.65,300
2002-03-05,1.61,1.65,1.6,1.61,1.61,8100
2002-03-13,1.7,1.7,1.7,1.7,1.7,1000
2002-03-18,1.61,1.61,1.61,1.61,1.61,1100
2002-03-19,1.7,1.7,1.51,1.51,1.51,1000
2002-03-20,1.61,1.61,1.61,1.61,1.61,100
2002-03-26,1.642,1.74,1.61,1.74,1.74,800
2002-03-27,1.74,1.74,1.74,1.74,1.74,300
2002-03-28,1.7,1.7,1.7,1.7,1.7,5400
2002-04-01,1.619,1.73,1.6,1.73,1.73,2300
2002-04-08,1.65,1.658,1.6,1.6,1.6,9100
2002-04-11,1.73,1.73,1.73,1.73,1.73,500
2002-04-12,1.19,1.55,1.1,1.5,1.5,6200
2002-04-15,1.46,1.46,1.46,1.46,1.46,200
2002-04-16,1.67,1.699,1.67,1.699,1.699,200
2002-04-19,1.69,1.73,1.69,1.73,1.73,800
2002-04-22,1.75,1.75,1.75,1.75,1.75,1500
2002-04-23,1.75,1.75,1.75,1.75,1.75,500
2002-04-24,1.67,1.79,1.3,1.79,1.79,2800
2002-04-25,1.57,1.57,1.57,1.57,1.57,400
2002-04-26,1.76,1.76,1.55,1.55,1.55,500
2002-04-29,1.799,1.799,1.799,1.799,1.799,100
2002-05-01,1.74,1.74,1.74,1.74,1.74,100
2002-05-02,1.55,1.561,1.55,1.561,1.561,1000
2002-05-03,1.6,1.6,1.51,1.6,1.6,5900
2002-05-06,1.6,1.76,1.6,1.76,1.76,3700
2002-05-07,1.701,1.701,1.7,1.7,1.7,400
2002-05-08,1.8,1.8,1.8,1.8,1.8,500
2002-05-09,1.79,1.79,1.79,1.79,1.79,200
2002-05-10,1.664,1.79,1.49,1.79,1.79,1300
2002-05-13,1.46,1.55,1.46,1.55,1.55,1300
2002-05-15,1.55,1.6,1.55,1.6,1.6,7500
2002-05-16,1.84,1.84,1.55,1.55,1.55,800
2002-05-17,1.55,1.79,1.55,1.79,1.79,700
2002-05-22,1.6,1.6,1.6,1.6,1.6,500
2002-05-23,1.699,1.699,1.6,1.601,1.601,800
2002-05-24,1.61,1.7,1.61,1.7,1.7,900
2002-05-28,1.699,1.7,1.628,1.7,1.7,4600
2002-05-29,1.64,1.64,1.64,1.64,1.64,500
2002-06-03,1.64,1.64,1.62,1.62,1.62,700
2002-06-04,1.7,1.7,1.7,1.7,1.7,500
2002-06-05,1.75,1.75,1.75,1.75,1.75,100
2002-06-07,1.55,1.601,1.55,1.6,1.6,3200
2002-06-10,1.6,1.615,1.6,1.6,1.6,2700
2002-06-13,1.55,1.55,1.55,1.55,1.55,200
2002-06-14,1.55,1.55,1.55,1.55,1.55,1500
2002-06-17,1.55,1.55,1.55,1.55,1.55,3500
2002-06-18,1.56,1.75,1.56,1.75,1.75,2100
2002-06-20,1.74,1.74,1.55,1.55,1.55,600
2002-06-21,1.551,1.551,1.551,1.551,1.551,100
2002-06-25,1.73,1.739,1.73,1.739,1.739,300
2002-06-27,1.565,1.565,1.35,1.35,1.35,1000
2002-06-28,1.5,1.5,1.4,1.4,1.4,700
2002-07-01,1.45,1.6,1.45,1.6,1.6,6000
2002-07-02,1.35,1.35,1.35,1.35,1.35,100
2002-07-11,1.251,1.251,1.25,1.25,1.25,200
2002-07-12,1.45,1.45,1.25,1.25,1.25,1200
2002-07-17,1.26,1.4,1.25,1.26,1.26,7500
2002-07-18,1.4,1.4,1.4,1.4,1.4,1000
2002-07-19,1.56,1.56,1.55,1.55,1.55,700
2002-07-22,1.5,1.5,1.5,1.5,1.5,600
2002-07-24,1.5,1.5,1.5,1.5,1.5,400
2002-07-25,1.45,1.45,1.45,1.45,1.45,600
2002-07-26,1.5,1.5,1.5,1.5,1.5,700
2002-07-29,1.54,1.549,1.45,1.45,1.45,1700
2002-07-31,1.45,1.45,1.36,1.36,1.36,1000
2002-08-01,1.501,1.501,1.501,1.501,1.501,300
2002-08-02,1.505,1.505,1.5,1.5,1.5,400
2002-08-08,1.55,1.55,1.5,1.5,1.5,1100
2002-08-09,1.549,1.549,1.549,1.549,1.549,300
2002-08-13,1.45,1.45,1.3,1.3,1.3,7800
2002-08-15,1.3,1.35,1.3,1.3,1.3,5400
2002-08-20,1.45,1.51,1.45,1.51,1.51,1300
2002-08-21,1.51,1.55,1.51,1.55,1.55,500
2002-08-23,1.5,1.5,1.25,1.25,1.25,900
2002-08-27,1.35,1.35,1.35,1.35,1.35,500
2002-08-29,1.34,1.34,1.34,1.34,1.34,400
2002-08-30,1.45,1.45,1.45,1.45,1.45,700
2002-09-03,1.466,1.466,1.466,1.466,1.466,100
2002-09-06,1.48,1.48,1.479,1.479,1.479,400
2002-09-10,1.41,1.41,1.4,1.41,1.41,800
2002-09-11,1.31,1.31,1.31,1.31,1.31,300
2002-09-18,1.48,1.48,1.35,1.35,1.35,200
2002-09-20,1.35,1.35,1.35,1.35,1.35,1400
2002-09-23,1.311,1.311,1.31,1.31,1.31,400
2002-09-24,1.2813,1.2813,1.28,1.28,1.28,600
2002-09-25,1.3,1.3,1.3,1.3,1.3,500
2002-09-26,1.19,1.19,1.18,1.18,1.18,2600
2002-10-01,1.24,1.24,1.24,1.24,1.24,800
2002-10-02,1.25,1.25,1.25,1.25,1.25,400
2002-10-03,1.38,1.38,1.38,1.38,1.38,100
2002-10-04,1.37,1.37,1.37,1.37,1.37,100
2002-10-07,1.25,1.38,1.24,1.24,1.24,1400
2002-10-08,1.32,1.379,1.32,1.32,1.32,2100
2002-10-09,1.38,1.38,1.38,1.38,1.38,100
2002-10-11,1.4,1.47,1.33,1.33,1.33,5400
2002-10-14,1.6,1.7,1.53,1.53,1.53,6600
2002-10-15,1.67,1.7,1.36,1.49,1.49,1200
2002-10-16,1.37,1.37,1.34,1.34,1.34,2200
2002-10-17,1.34,1.7,1.34,1.35,1.35,400
2002-10-18,1.36,1.779,1.34,1.34,1.34,2500
2002-10-21,1.35,1.75,1.35,1.75,1.75,600
2002-10-23,1.4,1.4,1.4,1.4,1.4,200
2002-10-24,1.34,1.38,1.34,1.38,1.38,400
2002-10-25,1.38,1.38,1.34,1.34,1.34,3500
2002-10-28,1.37,1.37,1.31,1.31,1.31,1500
2002-10-29,1.49,1.56,1.32,1.56,1.56,1200
2002-10-30,1.31,1.31,1.28,1.28,1.28,1600
2002-10-31,1.3,1.449,1.3,1.44,1.44,900
2002-11-01,1.301,1.301,1.301,1.301,1.301,300
2002-11-04,1.3,1.35,1.3,1.31,1.31,7300
2002-11-06,1.301,1.301,1.301,1.301,1.301,500
2002-11-07,1.37,1.37,1.37,1.37,1.37,100
2002-11-08,1.311,1.311,1.311,1.311,1.311,200
2002-11-12,1.44,1.44,1.3,1.3,1.3,500
2002-11-13,1.28,1.28,1.28,1.28,1.28,2100
2002-11-14,1.29,1.29,1.29,1.29,1.29,400
2002-11-15,1.3068,1.3068,1,1.15,1.15,8100
2002-11-18,1.28,1.28,1.27,1.27,1.27,4300
2002-11-19,1.32,1.32,1.26,1.26,1.26,300
2002-11-20,1.26,1.26,1.26,1.26,1.26,100
2002-11-22,1.31,1.56,1.31,1.56,1.56,2600
2002-11-25,1.55,1.62,1.55,1.62,1.62,1700
2002-11-26,1.62,1.62,1.371,1.371,1.371,1600
2002-11-27,1.57,1.67,1.57,1.67,1.67,4200
2002-12-02,1.7,1.7,1.7,1.7,1.7,1300
2002-12-03,1.75,1.75,1.749,1.75,1.75,1400
2002-12-04,1.56,1.56,1.4,1.4,1.4,1100
2002-12-09,1.63,1.63,1.63,1.63,1.63,500
2002-12-10,1.51,1.51,1.51,1.51,1.51,300
2002-12-11,1.41,1.48,1.3,1.37,1.37,4125
2002-12-12,1.55,1.62,1.5,1.62,1.62,2000
2002-12-13,1.51,1.51,1.4,1.5,1.5,18400
2002-12-16,1.57,1.75,1.57,1.75,1.75,3000
2002-12-17,1.74,1.74,1.5,1.73,1.73,5300
2002-12-18,1.72,1.725,1.62,1.71,1.71,1900
2002-12-19,1.55,1.55,1.55,1.55,1.55,500
2002-12-26,1.534,1.534,1.38,1.45,1.45,1200
2002-12-27,1.451,1.54,1.451,1.54,1.54,1180
2002-12-31,1.63,1.63,1.5,1.5,1.5,8400
2003-01-06,1.5,1.5,1.31,1.31,1.31,2100
2003-01-07,1.33,1.33,1.33,1.33,1.33,100
2003-01-08,1.3,1.49,1.3,1.49,1.49,6000
2003-01-09,1.45,1.45,1.45,1.45,1.45,2700
2003-01-10,1.35,1.69,1.35,1.55,1.55,3500
2003-01-13,1.5,1.69,1.5,1.69,1.69,2500
2003-01-17,1.5,1.5,1.5,1.5,1.5,4000
2003-01-21,1.49,1.7,1.49,1.7,1.7,400
2003-01-24,1.6,1.6,1.6,1.6,1.6,300
2003-01-27,1.65,1.65,1.65,1.65,1.65,500
2003-01-28,1.57,1.74,1.501,1.74,1.74,1200
2003-01-29,1.581,1.581,1.581,1.581,1.581,200
2003-01-30,1.54,1.58,1.49,1.49,1.49,1200
2003-01-31,1.44,1.44,1.29,1.31,1.31,1200
2003-02-03,1.48,1.48,1.4,1.46,1.46,2100
2003-02-04,1.36,1.36,1.36,1.36,1.36,400
2003-02-06,1.41,1.42,1.32,1.32,1.32,1800
2003-02-07,1.36,1.36,1.32,1.32,1.32,2100
2003-02-10,1.44,1.71,1.44,1.64,1.64,1500
2003-02-11,1.501,1.51,1.32,1.32,1.32,800
2003-02-12,1.4,1.61,1.39,1.61,1.61,4600
2003-02-13,1.5,1.57,1.489,1.57,1.57,4800
2003-02-14,1.56,1.67,1.51,1.51,1.51,1700
2003-02-18,1.55,1.55,1.5,1.5,1.5,3700
2003-02-19,1.5,1.5,1.4,1.44,1.44,1100
2003-02-20,1.56,1.59,1.32,1.43,1.43,3900
2003-02-21,1.42,1.42,1.42,1.42,1.42,300
2003-02-24,1.42,1.42,1.42,1.42,1.42,300
2003-02-25,1.42,1.53,1.42,1.53,1.53,300
2003-02-27,1.45,1.45,1.45,1.45,1.45,200
2003-03-03,1.33,1.35,1.3,1.33,1.33,1200
2003-03-04,1.35,1.35,1.35,1.35,1.35,400
2003-03-05,1.33,1.33,1.33,1.33,1.33,500
2003-03-06,1.34,1.34,1.34,1.34,1.34,100
2003-03-07,1.53,1.53,1.53,1.53,1.53,100
2003-03-10,1.35,1.47,1.34,1.47,1.47,2300
2003-03-11,1.39,1.39,1.39,1.39,1.39,500
2003-03-12,1.26,1.26,1.26,1.26,1.26,3300
2003-03-13,1.38,1.38,1.38,1.38,1.38,400
2003-03-14,1.39,1.6,1.33,1.39,1.39,5067
2003-03-18,1.55,1.65,1.54,1.62,1.62,3400
2003-03-19,1.51,1.51,1.51,1.51,1.51,1000
2003-03-20,1.52,1.52,1.3,1.31,1.31,7800
2003-03-21,1.3,1.42,1.29,1.42,1.42,600
2003-03-26,1.42,1.42,1.35,1.35,1.35,600
2003-03-31,1.3,1.3,1.3,1.3,1.3,500
2003-04-01,1.35,1.35,1.35,1.35,1.35,100
2003-04-02,1.35,1.35,1.35,1.35,1.35,600
2003-04-03,1.3,1.3,1.3,1.3,1.3,900
2003-04-04,1.26,1.26,1.26,1.26,1.26,300
2003-04-10,1.3,1.3,1.25,1.3,1.3,2700
2003-04-11,1.42,1.42,1.42,1.42,1.42,200
2003-04-15,1.37,1.42,1.25,1.41,1.41,2200
2003-04-21,1.36,1.36,1.36,1.36,1.36,300
2003-04-22,1.28,1.43,1.28,1.43,1.43,1400
2003-04-23,1.43,1.43,1.3,1.3,1.3,4500
2003-04-24,1.21,1.26,1.12,1.26,1.26,11500
2003-04-29,1.26,1.26,1.16,1.16,1.16,200
2003-04-30,1.15,1.41,1.15,1.25,1.25,2500
2003-05-01,1.18,1.18,1.18,1.18,1.18,100
2003-05-05,1.3,1.32,1.28,1.28,1.28,2300
2003-05-07,1.27,1.39,1.27,1.39,1.39,500
2003-05-08,1.27,1.27,1.27,1.27,1.27,100
2003-05-09,1.39,1.39,1.39,1.39,1.39,400
2003-05-12,1.27,1.39,1.08,1.39,1.39,4000
2003-05-13,1.25,1.25,1.2,1.2,1.2,300
2003-05-14,1.39,1.39,1.27,1.39,1.39,7400
2003-05-15,1.39,1.4,1.24,1.39,1.39,11200
2003-05-16,1.4,1.4,1.35,1.35,1.35,6800
2003-05-19,1.38,1.44,1.38,1.44,1.44,1400
2003-05-20,1.43,1.5,1.37,1.37,1.37,5200
2003-05-21,1.351,1.351,1.351,1.351,1.351,100
2003-05-23,1.35,1.35,1.35,1.35,1.35,200
2003-05-27,1.53,1.53,1.36,1.36,1.36,300
2003-05-29,1.35,1.45,1.35,1.45,1.45,1200
2003-05-30,1.48,1.53,1.48,1.53,1.53,1100
2003-06-02,1.48,1.49,1.48,1.49,1.49,300
2003-06-03,1.48,1.48,1.48,1.48,1.48,100
2003-06-04,1.48,1.48,1.48,1.48,1.48,5800
2003-06-05,1.4,1.4,1.3,1.4,1.4,5300
2003-06-06,1.32,1.48,1.3,1.47,1.47,7000
2003-06-09,1.48,1.48,1.48,1.48,1.48,500
2003-06-10,1.48,1.48,1.32,1.32,1.32,1300
2003-06-12,1.32,1.48,1.32,1.48,1.48,6500
2003-06-13,1.48,1.48,1.48,1.48,1.48,300
2003-06-16,1.4,1.4,1.4,1.4,1.4,3000
2003-06-17,1.35,1.37,1.35,1.37,1.37,700
2003-06-18,1.37,1.37,1.37,1.37,1.37,7900
2003-06-20,1.36,1.36,1.3,1.36,1.36,400
2003-06-23,1.37,1.37,1.37,1.37,1.37,300
2003-06-27,1.37,1.37,1.35,1.35,1.35,3800
2003-06-30,1.43,1.43,1.32,1.38,1.38,2400
2003-07-02,1.33,1.43,1.33,1.43,1.43,300
2003-07-07,1.39,1.43,1.39,1.43,1.43,700
2003-07-10,1.41,1.41,1.38,1.38,1.38,1300
2003-07-14,1.43,1.45,1.4,1.421,1.421,7700
2003-07-15,1.47,1.479,1.47,1.479,1.479,200
2003-07-16,1.479,1.48,1.479,1.48,1.48,1100
2003-07-17,1.48,1.49,1.48,1.49,1.49,1100
2003-07-21,1.45,1.45,1.45,1.45,1.45,5200
2003-07-22,1.45,1.45,1.45,1.45,1.45,2600
2003-07-23,1.5,1.5,1.5,1.5,1.5,300
2003-07-25,1.49,1.49,1.45,1.45,1.45,400
2003-07-28,1.49,1.499,1.45,1.45,1.45,600
2003-07-29,1.49,1.49,1.37,1.37,1.37,600
2003-07-30,1.381,1.381,1.38,1.38,1.38,400
2003-07-31,1.45,1.45,1.42,1.42,1.42,1100
2003-08-04,1.37,1.42,1.18,1.35,1.35,2100
2003-08-08,1.47,1.47,1.29,1.29,1.29,700
2003-08-11,1.39,1.47,1.39,1.47,1.47,2100
2003-08-12,1.46,1.48,1.36,1.48,1.48,2700
2003-08-13,1.47,1.47,1.47,1.47,1.47,200
2003-08-14,1.36,1.36,1.35,1.35,1.35,400
2003-08-15,1.36,1.36,1.36,1.36,1.36,100
2003-08-18,1.449,1.449,1.41,1.43,1.43,1200
2003-08-20,1.43,1.47,1.35,1.37,1.37,4100
2003-08-21,1.47,1.48,1.47,1.47,1.47,4500
2003-08-22,1.46,1.48,1.46,1.46,1.46,9300
2003-08-25,1.5,1.5,1.5,1.5,1.5,400
2003-08-26,1.42,1.6,1.41,1.6,1.6,5300
2003-08-28,1.6,1.63,1.6,1.63,1.63,1800
2003-08-29,1.65,1.67,1.65,1.658,1.658,3300
2003-09-02,1.669,1.669,1.669,1.669,1.669,200
2003-09-03,1.68,1.89,1.63,1.69,1.69,10600
2003-09-04,1.63,1.77,1.63,1.75,1.75,3800
2003-09-05,1.66,1.66,1.65,1.65,1.65,700
2003-09-08,1.45,1.71,1.45,1.71,1.71,5700
2003-09-09,1.74,1.74,1.73,1.73,1.73,1300
2003-09-10,1.61,1.61,1.61,1.61,1.61,100
2003-09-12,1.611,1.611,1.611,1.611,1.611,100
2003-09-15,1.571,1.571,1.571,1.571,1.571,200
2003-09-16,1.71,1.75,1.7,1.73,1.73,9300
2003-09-17,1.85,1.93,1.73,1.8,1.8,2100
2003-09-18,1.841,2.049,1.63,1.861,1.861,3100
2003-09-19,1.92,1.92,1.811,1.811,1.811,400
2003-09-22,1.88,1.92,1.85,1.85,1.85,1900
2003-09-23,1.861,1.861,1.861,1.861,1.861,100
2003-09-24,1.87,1.91,1.86,1.91,1.91,2600
2003-09-25,1.95,1.95,1.95,1.95,1.95,300
2003-09-26,1.82,1.909,1.65,1.909,1.909,1800
2003-09-30,1.8,1.8,1.8,1.8,1.8,1000
2003-10-01,1.68,1.85,1.68,1.8,1.8,1600
2003-10-03,1.7,1.82,1.7,1.76,1.76,1000
2003-10-06,1.79,1.79,1.79,1.79,1.79,500
2003-10-07,1.75,1.75,1.75,1.75,1.75,2200
2003-10-08,1.71,1.8,1.64,1.8,1.8,2000
2003-10-09,1.76,1.76,1.76,1.76,1.76,200
2003-10-13,1.79,1.79,1.79,1.79,1.79,300
2003-10-15,1.85,1.85,1.75,1.829,1.829,4600
2003-10-16,1.85,1.85,1.67,1.68,1.68,4200
2003-10-21,1.66,1.84,1.66,1.8,1.8,10700
2003-10-23,1.8,1.8,1.8,1.8,1.8,1400
2003-10-24,1.8,1.8,1.7,1.7,1.7,1700
2003-10-30,1.79,1.79,1.79,1.79,1.79,500
2003-10-31,1.83,1.83,1.83,1.83,1.83,1000
2003-11-03,1.75,1.94,1.75,1.93,1.93,23740
2003-11-04,1.89,1.89,1.89,1.89,1.89,1000
2003-11-05,1.89,1.95,1.89,1.91,1.91,1975
2003-11-06,1.92,1.99,1.92,1.92,1.92,6100
2003-11-07,1.84,1.93,1.81,1.93,1.93,2150
2003-11-10,1.92,1.92,1.9,1.92,1.92,1940
2003-11-11,1.959,1.96,1.959,1.96,1.96,500
2003-11-12,1.96,1.961,1.94,1.96,1.96,5585
2003-11-13,2,2.04,1.96,2.04,2.04,2851
2003-11-14,1.96,1.96,1.96,1.96,1.96,1300
2003-11-17,1.9,1.96,1.9,1.96,1.96,1400
2003-11-18,1.96,1.96,1.96,1.96,1.96,2200
2003-11-19,1.95,1.951,1.85,1.85,1.85,2700
2003-11-20,2,2,1.85,2,2,8600
2003-11-21,1.99,2.14,1.99,1.99,1.99,15625
2003-11-24,2.12,2.12,1.86,1.99,1.99,3800
2003-11-25,2.07,2.07,2.07,2.07,2.07,100
2003-11-26,2,2.059,2,2.059,2.059,900
2003-11-28,2,2,2,2,2,200
2003-12-01,1.9,2.06,1.9,2.04,2.04,4100
2003-12-02,2.02,2.05,2.02,2.03,2.03,4800
2003-12-03,2.05,2.05,2,2.05,2.05,4700
2003-12-04,2.05,2.05,2.02,2.04,2.04,1785
2003-12-05,2,2.05,1.97,2.05,2.05,4550
2003-12-08,2.05,2.1,2.03,2.1,2.1,5300
2003-12-09,2.1,2.14,2.05,2.14,2.14,2765
2003-12-10,2.07,2.13,2.07,2.12,2.12,3850
2003-12-11,2.1,2.24,2.1,2.13,2.13,14385
2003-12-12,2.08,2.24,2.08,2.24,2.24,6900
2003-12-15,2.24,2.28,2.15,2.26,2.26,12770
2003-12-16,2.19,2.25,2.19,2.25,2.25,5740
2003-12-17,2.14,2.269,2.14,2.25,2.25,1958
2003-12-18,2.25,2.25,2.24,2.24,2.24,14295
2003-12-19,2.25,2.25,2.24,2.24,2.24,600
2003-12-22,2.25,2.25,2.101,2.101,2.101,2000
2003-12-23,2.08,2.26,2.03,2.24,2.24,31725
2003-12-24,2.25,2.3,2.23,2.25,2.25,14300
2003-12-26,2.24,2.24,2.22,2.22,2.22,11455
2003-12-29,2.2,2.28,1.98,2.22,2.22,21700
2003-12-30,2.12,2.12,2.12,2.12,2.12,600
2003-12-31,2.2188,2.2188,2.12,2.12,2.12,2300
2004-01-02,2.1,2.22,2.08,2.22,2.22,1395
2004-01-05,2.2,2.2,2.11,2.11,2.11,4300
2004-01-06,2.01,2.15,2.01,2.13,2.13,4600
2004-01-07,2.02,2.18,2,2.18,2.18,13190
2004-01-08,2.2,2.2,2.11,2.11,2.11,2000
2004-01-09,2.11,2.11,2.11,2.11,2.11,3400
2004-01-12,2.2,2.2,2.2,2.2,2.2,100
2004-01-13,2.2,2.2,2.13,2.15,2.15,1300
2004-01-14,2.14,2.15,2.14,2.15,2.15,3168
2004-01-15,2.161,2.19,2.16,2.171,2.171,1750
2004-01-16,2.2,2.2,2.17,2.18,2.18,4300
2004-01-20,2.19,2.19,2.18,2.18,2.18,1700
2004-01-21,2.19,2.19,2.18,2.18,2.18,4400
2004-01-22,2.2,2.25,2.2,2.25,2.25,1900
2004-01-23,2.3,2.3,2.24,2.24,2.24,4615
2004-01-26,2.09,2.2,2.09,2.19,2.19,4750
2004-01-27,2.2,2.26,2.19,2.2,2.2,21484
2004-01-28,2.19,2.2,2.13,2.13,2.13,22436
2004-01-29,2.15,2.2,2.14,2.17,2.17,7750
2004-01-30,2.26,2.26,2.14,2.2,2.2,31680
2004-02-02,2.21,2.21,2.15,2.17,2.17,26800
2004-02-03,2.13,2.19,2.02,2.13,2.13,6850
2004-02-04,2.13,2.16,2.13,2.13,2.13,2900
2004-02-05,2.02,2.149,2.02,2.149,2.149,1640
2004-02-06,2.15,2.2,2.13,2.2,2.2,5675
2004-02-09,2.24,2.25,2.18,2.25,2.25,5350
2004-02-10,2.23,2.3,2.22,2.3,2.3,4394
2004-02-11,2.29,2.3,2.29,2.3,2.3,1000
2004-02-12,2.29,2.45,2.29,2.4,2.4,15487
2004-02-13,2.42,2.42,2.11,2.32,2.32,3052
2004-02-17,2.36,2.44,2.3,2.3,2.3,5320
2004-02-18,2.34,2.4,2.34,2.4,2.4,1700
2004-02-19,2.31,2.38,2.3,2.38,2.38,4800
2004-02-20,2.42,2.42,2.42,2.42,2.42,300
2004-02-23,2.4,2.4,2.4,2.4,2.4,200
2004-02-24,2.4,2.4,2.31,2.31,2.31,485
2004-02-25,2.3594,2.3594,2.3594,2.3594,2.3594,100
2004-02-26,2.369,2.44,2.35,2.35,2.35,7750
2004-02-27,2.41,2.41,2.399,2.399,2.399,300
2004-03-01,2.459,2.459,2.36,2.36,2.36,10000
2004-03-02,2.36,2.42,2.26,2.42,2.42,15700
2004-03-03,2.4,2.41,2.21,2.41,2.41,800
2004-03-04,2.38,2.52,2.37,2.52,2.52,12700
2004-03-05,2.5,2.52,2.45,2.45,2.45,3390
2004-03-08,2.45,2.45,2.45,2.45,2.45,500
2004-03-09,2.45,2.46,2.44,2.44,2.44,2900
2004-03-10,2.44,2.44,2.401,2.401,2.401,600
2004-03-11,2.43,2.46,2.43,2.46,2.46,1800
2004-03-12,2.45,2.45,2.429,2.43,2.43,2650
2004-03-15,2.43,2.43,2.3,2.36,2.36,21324
2004-03-16,2.385,2.39,2.31,2.35,2.35,3100
2004-03-17,2.35,2.39,2.33,2.39,2.39,1690
2004-03-19,2.4,2.41,2.4,2.4,2.4,8600
2004-03-22,2.42,2.42,2.38,2.38,2.38,1300
2004-03-23,2.34,2.369,2.3,2.35,2.35,3550
2004-03-24,2.27,2.33,2,2.32,2.32,14900
2004-03-25,2.34,2.34,2.34,2.34,2.34,3000
2004-03-26,2.3,2.38,2.3,2.38,2.38,2100
2004-03-29,2.38,2.4,2.34,2.37,2.37,9000
2004-04-01,2.375,2.375,2.301,2.301,2.301,265
2004-04-02,2.3,2.4,2.3,2.4,2.4,4700
2004-04-05,2.27,2.46,2.27,2.36,2.36,1100
2004-04-06,2.36,2.46,2.35,2.46,2.46,3550
2004-04-07,2.47,2.47,2.271,2.37,2.37,2200
2004-04-08,2.459,2.459,2.38,2.38,2.38,1200
2004-04-12,2.35,2.39,2.35,2.36,2.36,7500
2004-04-13,2.31,2.31,2.3,2.3,2.3,500
2004-04-15,2.29,2.4688,2.29,2.29,2.29,3250
2004-04-19,2.47,2.47,2.4,2.4,2.4,6400
2004-04-20,2.37,2.37,2.3594,2.36,2.36,400
2004-04-21,2.36,2.36,2.36,2.36,2.36,1400
2004-04-22,2.3,2.35,2.3,2.35,2.35,3500
2004-04-23,2.33,2.35,2.15,2.27,2.27,5900
2004-04-26,2.22,2.32,2.22,2.28,2.28,1325
2004-04-27,2.22,2.236,2.22,2.22,2.22,1334
2004-04-28,2.182,2.182,2.17,2.17,2.17,500
2004-05-03,2.15,2.17,2.15,2.17,2.17,200
2004-05-04,2.18,2.3,2.18,2.25,2.25,3900
2004-05-05,2.18,2.19,2.18,2.19,2.19,1500
2004-05-06,2.19,2.19,2.19,2.19,2.19,100
2004-05-10,2.12,2.19,2.12,2.12,2.12,3650
2004-05-11,2.1,2.11,2.09,2.1,2.1,3800
2004-05-13,2.45,2.45,2.159,2.159,2.159,400
2004-05-17,2.13,2.13,2.07,2.07,2.07,500
2004-05-18,2.2,2.259,2.2,2.22,2.22,7800
2004-05-19,2.14,2.34,2.14,2.34,2.34,8950
2004-05-20,2.25,2.25,2.12,2.12,2.12,3200
2004-05-21,2.49,2.49,2.14,2.39,2.39,13305
2004-05-24,2.5,2.5,2.29,2.389,2.389,9555
2004-05-25,2.39,2.39,2.31,2.31,2.31,1300
2004-05-26,2.389,2.389,2.389,2.389,2.389,100
2004-05-27,2.4,2.4,2.34,2.35,2.35,3600
2004-05-28,2.39,2.39,2.38,2.38,2.38,1500
2004-06-01,2.37,2.37,2.3,2.37,2.37,7500
2004-06-02,2.35,2.35,2.34,2.35,2.35,2500
2004-06-03,2.4,2.4,2.389,2.389,2.389,1200
2004-06-04,2.39,2.39,2.35,2.35,2.35,1000
2004-06-07,2.39,2.4,2.37,2.38,2.38,3300
2004-06-08,2.2,2.35,2.2,2.3,2.3,2900
2004-06-10,2.3,2.31,2.3,2.31,2.31,675
2004-06-14,2.3,2.32,2.3,2.32,2.32,3700
2004-06-15,2.45,2.45,2.4,2.41,2.41,820
2004-06-16,2.45,2.45,2.4,2.44,2.44,4400
2004-06-17,2.45,2.49,2.44,2.49,2.49,500
2004-06-18,2.5,2.5,2.479,2.479,2.479,200
2004-06-21,2.41,2.41,2.41,2.41,2.41,1000
2004-06-22,2.351,2.351,2.35,2.35,2.35,200
2004-06-23,2.45,2.49,2.42,2.49,2.49,2712
2004-06-24,2.49,2.5,2.49,2.5,2.5,500
2004-06-25,2.4,2.47,2.38,2.46,2.46,2000
2004-06-28,2.39,2.48,2.39,2.42,2.42,1900
2004-06-29,2.39,2.48,2.36,2.36,2.36,2621
2004-06-30,2.39,2.54,2.39,2.45,2.45,4300
2004-07-01,2.39,2.5,2.39,2.421,2.421,725
2004-07-02,2.46,2.5,2.46,2.5,2.5,4650
2004-07-06,2.39,2.501,2.36,2.36,2.36,5600
2004-07-07,2.49,2.49,2.38,2.47,2.47,2300
2004-07-08,2.5,2.5,2.38,2.45,2.45,3100
2004-07-09,2.3,2.46,2.3,2.46,2.46,770
2004-07-12,2.36,2.361,2.36,2.361,2.361,1200
2004-07-13,2.36,2.39,2.36,2.39,2.39,4200
2004-07-14,2.36,2.36,2.36,2.36,2.36,200
2004-07-19,2.35,2.36,2.35,2.36,2.36,2300
2004-07-21,2.31,2.449,2.3,2.32,2.32,1621
2004-07-22,2.3,2.3,2.3,2.3,2.3,400
2004-07-23,2.3,2.3,2.09,2.29,2.29,6335
2004-07-26,2.26,2.31,2.26,2.31,2.31,3100
2004-07-27,2.27,2.28,2.11,2.25,2.25,9650
2004-07-28,2.27,2.36,2.23,2.34,2.34,19900
2004-07-29,2.34,2.34,2.31,2.31,2.31,5124
2004-07-30,2.301,2.301,2.301,2.301,2.301,150
2004-08-02,2.26,2.261,2.26,2.261,2.261,4630
2004-08-03,2.25,2.25,2.22,2.221,2.221,800
2004-08-04,2.201,2.201,2.19,2.19,2.19,1188
2004-08-05,2.14,2.14,2.14,2.14,2.14,100
2004-08-06,2.12,2.12,2.12,2.12,2.12,600
2004-08-10,2.238,2.24,2.12,2.12,2.12,2300
2004-08-11,2.123,2.2,2.1,2.17,2.17,4250
2004-08-12,2.09,2.09,1.87,1.96,1.96,10600
2004-08-13,1.99,1.99,1.98,1.99,1.99,1000
2004-08-16,2,2.2,1.99,2.1,2.1,11000
2004-08-17,2.19,2.19,2.06,2.15,2.15,4850
2004-08-18,2.02,2.24,2.02,2.24,2.24,2900
2004-08-19,2.19,2.19,2.03,2.18,2.18,10600
2004-08-20,2.19,2.2,2.08,2.2,2.2,2900
2004-08-23,2.19,2.35,2.06,2.35,2.35,9750
2004-08-24,2.4,2.4,2.231,2.24,2.24,600
2004-08-25,2.2,2.35,2.2,2.25,2.25,4600
2004-08-26,2.29,2.3,2.28,2.28,2.28,1100
2004-08-27,2.27,2.31,1.97,2.12,2.12,34597
2004-08-30,2.2,2.2,1.98,2.06,2.06,7750
2004-08-31,2.06,2.1,2.06,2.06,2.06,4100
2004-09-01,2.06,2.08,2.04,2.04,2.04,1700
2004-09-02,2.04,2.04,2.02,2.03,2.03,10335
2004-09-03,2.04,2.21,2.04,2.21,2.21,28550
2004-09-07,2.271,2.29,2.2,2.25,2.25,6630
2004-09-08,2.33,2.33,2.33,2.33,2.33,100
2004-09-09,2.26,2.29,2.2,2.28,2.28,54100
2004-09-10,2.279,2.29,2.14,2.29,2.29,1500
2004-09-13,2.28,2.28,2.079,2.16,2.16,7200
2004-09-14,2.15,2.15,2.04,2.15,2.15,5100
2004-09-15,2.1,2.12,2.1,2.12,2.12,1900
2004-09-16,2.1,2.1,2.08,2.1,2.1,5600
2004-09-17,2.06,2.26,1.98,2.1,2.1,44528
2004-09-20,2.06,2.27,1.94,2.11,2.11,21126
2004-09-21,2.1,2.265,2.1,2.261,2.261,1600
2004-09-22,2.37,2.37,2.13,2.18,2.18,10780
2004-09-23,2.22,2.22,2.1,2.2,2.2,3300
2004-09-24,2.161,2.17,2.16,2.16,2.16,1950
2004-09-27,2.15,2.2,2.15,2.2,2.2,7050
2004-09-28,2.15,2.15,2.15,2.15,2.15,400
2004-09-29,2.18,2.18,2.18,2.18,2.18,100
2004-09-30,2.22,2.25,2.21,2.25,2.25,1800
2004-10-01,2.26,2.26,2.26,2.26,2.26,200
2004-10-04,2.27,2.27,2.15,2.22,2.22,1900
2004-10-05,2.22,2.22,2.15,2.22,2.22,2100
2004-10-06,2.179,2.19,2.16,2.19,2.19,500
2004-10-08,2.26,2.27,2.241,2.27,2.27,1500
2004-10-11,2.16,2.2,2.11,2.2,2.2,700
2004-10-12,2.28,2.33,2.23,2.23,2.23,3320
2004-10-13,2.26,2.26,2.26,2.26,2.26,1800
2004-10-15,2.25,2.25,2.14,2.23,2.23,400
2004-10-18,2.26,2.26,2.25,2.25,2.25,1000
2004-10-19,2.06,2.32,2.06,2.32,2.32,2330
2004-10-20,2.29,2.38,2.08,2.38,2.38,4600
2004-10-21,2.37,2.39,2.321,2.39,2.39,5368
2004-10-22,2.43,2.43,2.42,2.43,2.43,8300
2004-10-25,2.35,2.47,2.35,2.47,2.47,3515
2004-10-26,2.41,2.47,2.41,2.42,2.42,7200
2004-10-27,2.32,2.46,2.32,2.4,2.4,5600
2004-10-28,2.5,2.5,2.44,2.44,2.44,670
2004-10-29,2.34,2.39,2.34,2.39,2.39,1650
2004-11-01,2.32,2.76,2.32,2.65,2.65,61801
2004-11-02,2.88,2.99,2.65,2.909,2.909,48677
2004-11-03,3.05,3.05,2.8,3,3,20900
2004-11-04,3.37,3.91,3.011,3.18,3.18,47408
2004-11-05,3.28,3.28,3.05,3.2,3.2,10540
2004-11-08,3.38,3.98,3.33,3.4,3.4,56715
2004-11-09,3.4,3.68,3.26,3.4,3.4,31756
2004-11-10,3.25,3.39,2.75,3.151,3.151,38456
2004-11-11,3.15,3.16,3.11,3.16,3.16,12750
2004-11-12,3.15,3.24,3.1,3.24,3.24,11572
2004-11-15,3.05,3.3,3.05,3.29,3.29,17242
2004-11-16,3.05,3.45,3.05,3.27,3.27,12129
2004-11-17,3.32,3.32,3.23,3.28,3.28,3700
2004-11-18,3.38,3.42,3.07,3.15,3.15,8700
2004-11-19,3.05,3.3,3.05,3.3,3.3,18753
2004-11-22,3.3,3.4,3.27,3.39,3.39,29389
2004-11-23,3.57,3.57,3.37,3.39,3.39,9460
2004-11-24,3.57,3.57,3.3,3.3,3.3,17777
2004-11-26,3.29,3.29,3.18,3.2,3.2,1450
2004-11-29,3.061,3.111,3.06,3.111,3.111,1350
2004-11-30,3.05,3.05,2.58,2.89,2.89,3700
2004-12-01,2.88,2.95,2.8,2.81,2.81,8930
2004-12-02,2.851,2.93,2.61,2.65,2.65,7450
2004-12-03,2.71,2.8,2.71,2.72,2.72,800
2004-12-06,2.73,2.78,2.61,2.77,2.77,7710
2004-12-07,2.71,2.88,2.71,2.8,2.8,1900
2004-12-08,2.889,2.89,2.84,2.85,2.85,4650
2004-12-09,2.89,3.02,2.89,3,3,1137
2004-12-10,2.87,2.87,2.87,2.87,2.87,100
2004-12-13,2.97,2.97,2.936,2.95,2.95,3800
2004-12-14,2.85,2.85,2.85,2.85,2.85,4000
2004-12-15,2.65,2.9688,2.65,2.86,2.86,9700
2004-12-16,2.86,3.04,2.86,2.99,2.99,45899
2004-12-17,2.85,2.86,2.85,2.86,2.86,1200
2004-12-21,2.89,3.05,2.85,3.05,3.05,12955
2004-12-22,2.99,3.04,2.98,2.99,2.99,12200
2004-12-23,2.93,3.02,2.93,3.02,3.02,3332
2004-12-27,2.98,3.15,2.98,3,3,18745
2004-12-28,3.05,3.05,2.95,2.99,2.99,6642
2004-12-29,2.85,2.99,2.85,2.986,2.986,4433
2004-12-30,2.967,2.99,2.86,2.99,2.99,1300
2004-12-31,2.85,2.999,2.85,2.99,2.99,8600
2005-01-03,2.98,2.99,2.89,2.99,2.99,3200
2005-01-04,2.98,2.99,2.98,2.99,2.99,1200
2005-01-05,3,3.05,2.97,3.05,3.05,3900
2005-01-06,3.05,3.199,3.05,3.199,3.199,1666
2005-01-07,3.14,3.19,3.12,3.16,3.16,2400
2005-01-10,3.14,3.14,3.14,3.14,3.14,500
2005-01-11,3,3.15,3,3.15,3.15,7900
2005-01-12,3.12,3.13,3.11,3.13,3.13,1685
2005-01-13,3.15,3.18,3.15,3.15,3.15,7882
2005-01-14,3.15,3.2,3.091,3.18,3.18,4050
2005-01-18,3.19,3.19,3.14,3.17,3.17,2045
2005-01-19,3.19,3.19,3.13,3.18,3.18,3960
2005-01-20,3.05,3.11,3.05,3.11,3.11,475
2005-01-21,3.1,3.13,3,3.09,3.09,3900
2005-01-24,2.85,3,2.85,3,3,11003
2005-01-25,3.19,3.19,2.93,2.94,2.94,6839
2005-01-26,2.96,3.04,2.96,2.96,2.96,2300
2005-01-27,2.95,3.05,2.95,3.05,3.05,500
2005-01-28,2.91,3,2.91,2.98,2.98,3300
2005-02-01,2.99,3.04,2.99,2.99,2.99,6300
2005-02-02,3,3,2.95,2.95,2.95,700
2005-02-03,2.95,2.95,2.95,2.95,2.95,100
2005-02-04,2.89,2.94,2.74,2.94,2.94,8200
2005-02-07,2.85,2.94,2.85,2.93,2.93,1000
2005-02-08,2.93,2.97,2.93,2.94,2.94,20084
2005-02-09,2.94,3.09,2.94,3.09,3.09,15800
2005-02-10,3.09,3.09,2.99,2.99,2.99,2600
2005-02-11,2.99,2.99,2.99,2.99,2.99,800
2005-02-14,3,3.15,3,3.11,3.11,4700
2005-02-15,3.079,3.18,3.079,3.144,3.144,22700
2005-02-16,3.16,3.16,3.15,3.15,3.15,4340
2005-02-17,3.12,3.21,3.12,3.17,3.17,13200
2005-02-18,3.15,3.19,3.13,3.19,3.19,4900
2005-02-22,3.18,3.18,3.06,3.15,3.15,20476
2005-02-23,3.17,3.17,3.07,3.1,3.1,6856
2005-02-24,3.09,3.2,3.09,3.16,3.16,22000
2005-02-25,3.01,3.16,3.01,3.16,3.16,3400
2005-02-28,3.159,3.159,3.159,3.159,3.159,800
2005-03-01,3.12,3.2,3.1,3.15,3.15,18060
2005-03-02,3.15,3.15,3.149,3.15,3.15,1418
2005-03-03,3.182,3.2,3.1,3.1,3.1,2650
2005-03-04,3.1,3.28,3.082,3.18,3.18,11818
2005-03-07,3.28,3.28,3.1,3.1,3.1,4900
2005-03-08,3.1,3.1,3.09,3.09,3.09,1300
2005-03-09,3.2,3.2,3.08,3.12,3.12,8550
2005-03-10,3.14,3.14,3.12,3.12,3.12,2700
2005-03-11,3.1,3.1,3.1,3.1,3.1,5300
2005-03-14,3.08,3.12,3.08,3.12,3.12,600
2005-03-15,3.13,3.161,3.12,3.145,3.145,6100
2005-03-16,3.19,3.19,3.05,3.12,3.12,2400
2005-03-18,3.16,3.18,3.06,3.11,3.11,9000
2005-03-21,3.15,3.16,3.111,3.12,3.12,36600
2005-03-22,3,3.179,3,3.15,3.15,8400
2005-03-23,3.16,3.35,3.16,3.28,3.28,6100
2005-03-24,3.29,3.29,3.16,3.2,3.2,3600
2005-03-28,3.21,3.23,3.176,3.176,3.176,1394
2005-03-29,3.45,3.45,3.26,3.26,3.26,17700
2005-03-30,3.12,3.27,3.12,3.2,3.2,7900
2005-03-31,3.07,3.139,3.02,3.139,3.139,1100
2005-04-01,3.13,3.3,3.13,3.3,3.3,5700
2005-04-04,3.45,3.5,3.25,3.49,3.49,7400
2005-04-05,3.4,3.56,3.35,3.4,3.4,11418
2005-04-06,3.46,3.46,3.16,3.23,3.23,16370
2005-04-07,3.28,3.35,3.27,3.27,3.27,12700
2005-04-08,3.39,3.4,3.25,3.28,3.28,9700
2005-04-11,3.64,3.64,3.18,3.25,3.25,9672
2005-04-12,3.24,3.33,3.11,3.3,3.3,10400
2005-04-13,3.49,3.49,3.3,3.35,3.35,13055
2005-04-14,3.5,3.5,3.349,3.37,3.37,23442
2005-04-15,3.5,3.51,3.35,3.35,3.35,14242
2005-04-18,3.31,3.31,3.11,3.11,3.11,3405
2005-04-19,3.24,3.6,3.15,3.37,3.37,22518
2005-04-20,3.49,3.49,3.28,3.429,3.429,5879
2005-04-21,3.26,3.53,3.26,3.46,3.46,1751
2005-04-22,3.48,3.48,3.25,3.3,3.3,7015
2005-04-25,3.35,3.532,3.23,3.488,3.488,9050
2005-04-26,3.34,3.439,3.29,3.29,3.29,4800
2005-04-27,3.35,3.35,3.33,3.33,3.33,3500
2005-04-28,3.49,3.53,3.44,3.44,3.44,3200
2005-04-29,3.6,3.61,3.27,3.43,3.43,11262
2005-05-02,3.68,3.68,3.311,3.419,3.419,10975
2005-05-03,3.419,3.419,3.37,3.37,3.37,1550
2005-05-04,3.42,3.55,3.3,3.32,3.32,8202
2005-05-05,3.31,3.36,3.31,3.36,3.36,5050
2005-05-06,3.36,3.41,3.3,3.41,3.41,6372
2005-05-09,3.41,3.41,3.26,3.296,3.296,5228
2005-05-10,3.3,3.3,3.268,3.268,3.268,1600
2005-05-11,3.27,3.35,3.25,3.341,3.341,4278
2005-05-12,3.37,3.37,3.3,3.34,3.34,3599
2005-05-13,3.342,3.4,3.28,3.28,3.28,7300
2005-05-16,3.37,4.53,3.35,3.92,3.92,68305
2005-05-17,4.25,4.25,3.25,3.55,3.55,50264
2005-05-18,3.45,4.126,3.35,3.85,3.85,54409
2005-05-19,4.05,4.05,3.75,3.86,3.86,25099
2005-05-20,3.89,4,3.85,3.95,3.95,13379
2005-05-23,4.15,4.15,3.72,3.8701,3.8701,23768
2005-05-24,3.93,3.95,3.76,3.95,3.95,14114
2005-05-25,4.1,4.1,3.9,3.93,3.93,13250
2005-05-26,4.01,4.15,3.87,4.01,4.01,28753
2005-05-27,4,4.03,4,4.03,4.03,1500
2005-05-31,4.15,4.15,3.88,4.002,4.002,23007
2005-06-01,4.02,4.02,3.9501,3.9501,3.9501,3820
2005-06-02,3.36,4.015,3.36,3.975,3.975,26184
2005-06-03,4,4.001,3.77,3.82,3.82,16809
2005-06-06,3.82,3.9,3.82,3.9,3.9,4350
2005-06-07,3.95,3.95,3.89,3.9299,3.9299,4000
2005-06-08,3.94,3.94,3.75,3.794,3.794,16930
2005-06-09,3.75,3.95,3.75,3.9001,3.9001,4800
2005-06-10,3.95,3.95,3.949,3.949,3.949,260
2005-06-13,3.95,3.95,3.88,3.88,3.88,200
2005-06-14,3.69,3.95,3.69,3.94,3.94,1620
2005-06-15,3.84,3.95,3.84,3.92,3.92,3100
2005-06-16,3.85,3.94,3.85,3.94,3.94,3545
2005-06-17,3.866,3.94,3.85,3.93,3.93,3500
2005-06-20,3.94,3.94,3.83,3.83,3.83,2715
2005-06-21,3.95,3.95,3.876,3.898,3.898,3518
2005-06-22,3.866,3.92,3.83,3.92,3.92,1400
2005-06-23,3.93,3.99,3.76,3.88,3.88,14596
2005-06-24,3.6406,3.88,3.6406,3.8,3.8,1279
2005-06-27,3.96,3.96,3.88,3.88,3.88,22500
2005-06-28,4.07,4.07,3.88,3.88,3.88,2206
2005-06-29,3.99,3.99,3.99,3.99,3.99,1200
2005-06-30,4.1,4.1,3.96,3.96,3.96,9610
2005-07-01,4.1,4.1,3.87,3.87,3.87,3364
2005-07-05,3.86,3.86,3.86,3.86,3.86,100
2005-07-06,4,4,3.88,3.894,3.894,716
2005-07-07,3.96,3.96,3.85,3.85,3.85,5850
2005-07-08,3.86,3.95,3.8,3.94,3.94,2000
2005-07-11,4,4,3.95,3.95,3.95,3300
2005-07-12,4.02,4.02,3.88,3.88,3.88,2410
2005-07-14,3.82,3.85,3.82,3.82,3.82,2070
2005-07-15,3.71,3.8199,3.71,3.71,3.71,2350
2005-07-18,3.74,3.74,3.64,3.64,3.64,2850
2005-07-19,3.61,4.08,3.61,3.74,3.74,7815
2005-07-20,4.02,4.02,3.63,3.63,3.63,8757
2005-07-21,3.8,3.8091,3.8,3.8091,3.8091,2700
2005-07-22,3.7,3.7108,3.7,3.7108,3.7108,800
2005-07-25,3.8,3.9483,3.8,3.92,3.92,5492
2005-07-26,3.758,3.89,3.736,3.79,3.79,2327
2005-07-27,3.96,3.96,3.92,3.92,3.92,2420
2005-07-28,3.8,3.93,3.71,3.78,3.78,5245
2005-07-29,3.89,3.89,3.7,3.8,3.8,4675
2005-08-01,3.49,3.83,3.49,3.76,3.76,11765
2005-08-02,3.65,3.819,3.65,3.819,3.819,1447
2005-08-03,3.79,3.858,3.79,3.79,3.79,6624
2005-08-04,3.67,3.79,3.67,3.789,3.789,960
2005-08-05,3.79,3.83,3.728,3.75,3.75,3571
2005-08-08,3.78,3.83,3.78,3.78,3.78,2100
2005-08-09,3.79,3.79,3.79,3.79,3.79,950
2005-08-10,3.83,3.83,3.83,3.83,3.83,2470
2005-08-11,3.83,3.88,3.76,3.76,3.76,25161
2005-08-12,3.75,3.81,3.75,3.81,3.81,3025
2005-08-15,4.25,4.5,3.85,4.35,4.35,53014
2005-08-16,4.69,4.69,4.35,4.38,4.38,20090
2005-08-17,4.45,4.45,4.26,4.45,4.45,16592
2005-08-18,4.1,4.36,4.1,4.14,4.14,14900
2005-08-19,4.21,4.23,4.1601,4.209,4.209,6192
2005-08-22,4.65,4.65,4.4,4.4,4.4,2125
2005-08-23,4.26,4.39,4.25,4.39,4.39,1800
2005-08-24,4.4,4.4,4.18,4.18,4.18,11355
2005-08-25,4.16,4.16,4.16,4.16,4.16,700
2005-08-26,4.15,4.2,4.14,4.19,4.19,2400
2005-08-29,4.17,4.17,3.87,4.07,4.07,14072
2005-08-30,4.03,4.04,4,4,4,4400
2005-08-31,4.15,4.15,3.99,4.15,4.15,2146
2005-09-01,4.15,4.21,4.12,4.12,4.12,10836
2005-09-02,4.1399,4.1399,4.06,4.06,4.06,600
2005-09-06,4,4.113,4,4.01,4.01,1970
2005-09-07,4.03,4.1,4.03,4.03,4.03,4663
2005-09-08,4.03,4.09,4,4,4,1600
2005-09-09,4.03,4.15,4.03,4.13,4.13,2900
2005-09-12,4,4.19,4,4.15,4.15,9800
2005-09-13,4,4.2,4,4.2,4.2,21700
2005-09-14,4.02,4.2,4.02,4.17,4.17,7575
2005-09-15,4.25,4.25,4.1,4.16,4.16,4383
2005-09-16,4.16,4.278,4.1,4.24,4.24,4003
2005-09-19,4.58,4.58,4.15,4.15,4.15,32432
2005-09-20,4.22,4.43,4.12,4.43,4.43,19669
2005-09-21,4.43,4.45,4.32,4.32,4.32,5200
2005-09-22,4.4,4.4,4.11,4.17,4.17,8712
2005-09-23,4.278,4.278,4.19,4.21,4.21,4900
2005-09-26,4.6,5.03,4.29,5.03,5.03,63917
2005-09-27,5.2,5.2,4.57,4.9,4.9,22653
2005-09-28,4.92,5.14,4.91,5.03,5.03,10390
2005-09-29,5,5.46,5,5.07,5.07,10878
2005-09-30,5.05,5.05,5,5.03,5.03,1500
2005-10-03,5.03,5.11,5.03,5.08,5.08,34301
2005-10-04,6.13,6.13,5.1,5.1,5.1,22630
2005-10-05,5.48,5.48,4.9,4.98,4.98,53150
2005-10-06,5.05,5.09,5,5.0635,5.0635,36200
2005-10-07,4.7,5.14,4.54,4.95,4.95,18295
2005-10-10,4.66,4.95,4.66,4.95,4.95,10655
2005-10-11,4.7,5.02,4.7,4.8899,4.8899,11082
2005-10-12,4.7,5,4.44,4.82,4.82,46542
2005-10-13,4.81,4.84,4.751,4.83,4.83,2635
2005-10-14,5,5,4.5325,4.8,4.8,7932
2005-10-17,4.8,4.95,4.8,4.95,4.95,9156
2005-10-18,5,5.05,4.78,4.79,4.79,15118
2005-10-19,5.13,5.13,4.7601,4.9,4.9,7995
2005-10-20,5.18,5.23,4.82,4.83,4.83,9900
2005-10-21,5.31,5.4145,5,5.01,5.01,30284
2005-10-24,5,5.03,4.9,5.03,5.03,11695
2005-10-25,5.1,5.49,4.95,5,5,24344
2005-10-26,5,5.24,5,5.07,5.07,8275
2005-10-27,5.32,5.32,5.05,5.12,5.12,15090
2005-10-28,5.24,5.32,5.09,5.32,5.32,5225
2005-10-31,5.2,6.15,5.2,5.768,5.768,75728
2005-11-01,6,6.49,5.77,6.29,6.29,57734
2005-11-02,6.01,6.5,6.01,6.32,6.32,37609
2005-11-03,6.5,7,6.4,6.66,6.66,41980
2005-11-04,6.66,7.25,6.66,6.89,6.89,54495
2005-11-07,7.1,7.42,7.01,7.4199,7.4199,60559
2005-11-08,7.9,8.49,7.31,7.9,7.9,136009
2005-11-09,8.22,8.36,7.52,8.24,8.24,52488
2005-11-10,8.28,8.92,8.24,8.77,8.77,108879
2005-11-11,8.68,8.68,6.21,6.439,6.439,231191
2005-11-14,6.44,7.25,6.31,6.75,6.75,95507
2005-11-15,6.82,6.94,5.76,5.934,5.934,147644
2005-11-16,5.84,6,5.6,5.72,5.72,116143
2005-11-17,5.66,5.76,5.5,5.6,5.6,46147
2005-11-18,5.55,5.7,5.26,5.49,5.49,81829
2005-11-21,5.35,5.49,5.16,5.43,5.43,55457
2005-11-22,5.4,5.85,5.18,5.65,5.65,53398
2005-11-23,5.71,5.87,5.55,5.6699,5.6699,30280
2005-11-25,5.8,6.04,5.65,5.81,5.81,13575
2005-11-28,6.26,6.26,5.34,5.52,5.52,39803
2005-11-29,5.3,5.8,5.3,5.58,5.58,24406
2005-11-30,5.78,6,5.743,5.87,5.87,22085
2005-12-01,5.96,6.08,5.61,5.99,5.99,32259
2005-12-02,6.07,6.25,5.71,5.91,5.91,52437
2005-12-05,6.07,6.07,5.75,5.95,5.95,12610
2005-12-06,5.95,5.9799,5.79,5.81,5.81,13827
2005-12-07,5.75,5.7516,5.64,5.75,5.75,16656
2005-12-08,5.69,5.9099,5.5,5.7,5.7,21623
2005-12-09,5.64,5.816,5.466,5.56,5.56,9979
2005-12-12,5.49,5.63,5.42,5.51,5.51,6789
2005-12-13,5.51,5.737,5.45,5.63,5.63,4702
2005-12-14,5.65,5.77,5.45,5.67,5.67,19950
2005-12-15,5.67,5.6899,5.45,5.65,5.65,26851
2005-12-16,5.51,5.59,5.46,5.58,5.58,7129
2005-12-19,5.5,5.67,5.48,5.5,5.5,28842
2005-12-20,5.48,5.48,5.1,5.11,5.11,21691
2005-12-21,5.1,5.15,4.75,5.11,5.11,19011
2005-12-22,5.04,5.1,5,5.09,5.09,7667
2005-12-23,5,5.05,4.98,5.05,5.05,28400
2005-12-27,4.96,5.15,4.79,5,5,33228
2005-12-28,4.98,5.25,4.74,5.09,5.09,20663
2005-12-29,5.05,5.12,5,5,5,1900
2005-12-30,5,5.06,4.9001,4.9001,4.9001,35491
2006-01-03,4.88,5.05,4.88,5,5,27028
2006-01-04,5,5.04,4.8036,4.9699,4.9699,26735
2006-01-05,4.97,5.02,4.848,5.02,5.02,7780
2006-01-06,4.9,5.08,4.9,5,5,28073
2006-01-09,5,5.23,5,5.2,5.2,34605
2006-01-10,5.71,5.71,5.14,5.481,5.481,20157
2006-01-11,5.85,5.9,5.75,5.89,5.89,18244
2006-01-12,5.9,6.05,5.66,6.04,6.04,8838
2006-01-13,5.87,6.06,5.852,5.94,5.94,4365
2006-01-17,5.68,5.89,5.25,5.67,5.67,13440
2006-01-18,5.8,5.8699,5.544,5.7,5.7,2190
2006-01-19,5.78,5.85,5.7,5.8,5.8,2300
2006-01-20,5.85,5.85,5.56,5.69,5.69,13446
2006-01-23,5.85,5.86,5.55,5.86,5.86,2915
2006-01-24,5.81,6.05,5.81,5.98,5.98,12940
2006-01-25,6,6.47,5.71,6.4,6.4,53047
2006-01-26,6.5,6.94,6.31,6.8899,6.8899,21521
2006-01-27,6.95,7.05,6.41,6.72,6.72,38159
2006-01-30,6.64,6.64,6.35,6.55,6.55,5205
2006-01-31,6.6001,7,6.6001,6.9,6.9,7580
2006-02-01,7.15,7.2,7,7.1,7.1,15907
2006-02-02,7.25,7.25,6.75,6.93,6.93,12463
2006-02-03,7.2,7.2,6.75,6.89,6.89,3970
2006-02-06,7.15,7.15,6.89,7,7,15119
2006-02-07,6.91,7,6.84,6.84,6.84,4158
2006-02-08,6.85,6.9,6.5,6.9,6.9,12261
2006-02-09,6.83,7.02,6.5401,6.9401,6.9401,5162
2006-02-10,7,7,6.87,6.87,6.87,2150
2006-02-13,6.8866,6.8866,6.86,6.88,6.88,1500
2006-02-14,6.9,7,6.62,6.9,6.9,15134
2006-02-15,6.95,6.95,6.73,6.902,6.902,2045
2006-02-16,6.9,7.45,6.88,7.44,7.44,34995
2006-02-17,7.55,7.55,7.13,7.14,7.14,6735
2006-02-21,7.46,7.46,6.89,6.89,6.89,13706
2006-02-22,6.73,7.03,6.5,6.88,6.88,13426
2006-02-23,6.8,6.8299,6.51,6.6,6.6,14286
2006-02-24,6.6,6.6,6.6,6.6,6.6,300
2006-02-27,6.9,6.9,6.62,6.81,6.81,3999
2006-02-28,6.75,7.07,6.65,7.07,7.07,8273
2006-03-01,6.94,7.2,6.76,7.19,7.19,4600
2006-03-02,7.06,7.25,7,7,7,2097
2006-03-03,7,7,6.8,6.88,6.88,10420
2006-03-06,6.86,6.86,6.55,6.74,6.74,7863
2006-03-07,6.6,6.75,6.6,6.71,6.71,38661
2006-03-08,6.7301,6.7301,6.24,6.24,6.24,17874
2006-03-09,6.61,6.68,6.3,6.68,6.68,4313
2006-03-10,6.68,7.67,6.68,7.56,7.56,64263
2006-03-13,7.75,7.75,7.011,7.36,7.36,51698
2006-03-14,7.65,7.65,7.08,7.15,7.15,20557
2006-03-15,7,7.06,6.6201,6.7101,6.7101,20813
2006-03-16,6.71,6.9699,6.66,6.71,6.71,8400
2006-03-17,6.65,6.916,6.5,6.55,6.55,27035
2006-03-20,6.55,6.88,6.51,6.88,6.88,6907
2006-03-21,6.65,6.95,6.65,6.9063,6.9063,14173
2006-03-22,6.9,7,6.7,6.86,6.86,3005
2006-03-23,6.7,6.8999,6.7,6.76,6.76,2295
2006-03-24,6.91,6.9799,6.7,6.87,6.87,3225
2006-03-27,6.65,6.93,6.61,6.63,6.63,3385
2006-03-28,6.65,6.9052,6.35,6.59,6.59,25632
2006-03-29,6.84,6.84,6.39,6.57,6.57,2898
2006-03-30,6.46,6.83,6.46,6.799,6.799,1900
2006-03-31,6.75,6.7889,6.37,6.51,6.51,5813
2006-04-03,6.5,6.51,6.05,6.45,6.45,31050
2006-04-04,6.32,6.5,6.26,6.5,6.5,19670
2006-04-05,6.33,6.72,6.3,6.67,6.67,4665
2006-04-06,6.72,6.72,6.45,6.7,6.7,4734
2006-04-07,6.72,6.72,6.57,6.57,6.57,3662
2006-04-10,6.47,6.4999,6.26,6.38,6.38,8123
2006-04-11,6.3,6.301,5.791,5.9499,5.9499,24161
2006-04-12,5.79,6.3,5.79,6.1601,6.1601,25179
2006-04-13,5.8,6.65,5.8,6.02,6.02,13702
2006-04-17,5.85,6.0399,5.85,5.93,5.93,20496
2006-04-18,6.64,6.64,5.85,6.03,6.03,8695
2006-04-19,6.25,6.25,5.91,5.98,5.98,3204
2006-04-20,6,6.15,5.9,5.9,5.9,5000
2006-04-21,5.99,6.14,5.91,6.11,6.11,9868
2006-04-24,6.12,6.48,6.12,6.28,6.28,7360
2006-04-25,6.4,6.48,6.4,6.48,6.48,4800
2006-04-26,6.4,6.6799,6.4,6.6499,6.6499,5716
2006-04-27,6.7,6.7,6.28,6.36,6.36,15515
2006-04-28,6.23,6.69,6.23,6.51,6.51,11250
2006-05-01,6.65,7.28,6.51,7.11,7.11,48316
2006-05-02,7.15,7.41,6.76,7.41,7.41,20603
2006-05-03,7.5,7.5,6.62,7.26,7.26,27910
2006-05-04,7.2,7.25,7.01,7.01,7.01,12360
2006-05-05,7,7.05,6.76,7.0392,7.0392,6161
2006-05-08,7.4,7.5,7.03,7.03,7.03,28805
2006-05-09,7.22,7.3,7.03,7.03,7.03,5055
2006-05-10,7.03,7.3699,7.03,7.31,7.31,13553
2006-05-11,7.5,7.5,7.1501,7.3,7.3,1645
2006-05-12,7.5,7.5,7.15,7.22,7.22,2713
2006-05-15,7.1,7.39,7.03,7.26,7.26,4050
2006-05-16,7.75,8.2799,7.36,7.66,7.66,42203
2006-05-17,7.3,7.65,7.0201,7.38,7.38,32602
2006-05-18,7.51,7.51,7.3701,7.43,7.43,6455
2006-05-19,7.4,7.4599,7.31,7.3201,7.3201,3556
2006-05-22,7.32,7.32,6.38,6.7601,6.7601,19902
2006-05-23,6.66,6.82,6.65,6.78,6.78,10354
2006-05-24,6.79,6.79,6.36,6.67,6.67,6750
2006-05-25,6.85,6.85,6.77,6.818,6.818,3335
2006-05-26,6.82,6.99,6.82,6.96,6.96,4466
2006-05-30,7.11,7.11,6.654,6.84,6.84,6986
2006-05-31,6.8147,6.8147,6.7001,6.78,6.78,7363
2006-06-01,6.72,6.826,6.72,6.77,6.77,4388
2006-06-02,6.76,6.9,6.76,6.9,6.9,8529
2006-06-05,7.25,8.25,7.19,8.05,8.05,96523
2006-06-06,7.95,8.23,7.57,7.72,7.72,71799
2006-06-07,7.6,7.6,6.9,7.05,7.05,69545
2006-06-08,7.43,7.43,6.79,7.1,7.1,25742
2006-06-09,7.26,7.26,6.89,7.1399,7.1399,9866
2006-06-12,6.98,7.38,6.8,7.16,7.16,31981
2006-06-13,7.25,7.2599,6.7,7,7,55810
2006-06-14,6.5,7.01,6.5,7,7,27430
2006-06-15,7.24,7.24,7.1,7.19,7.19,6825
2006-06-16,7.3,7.4,7.19,7.31,7.31,10478
2006-06-19,7,8.21,7,7.9,7.9,36280
2006-06-20,7.96,7.96,7.53,7.88,7.88,29160
2006-06-21,7.75,7.96,7.63,7.75,7.75,21577
2006-06-22,7.82,8.19,7.7,7.96,7.96,43265
2006-06-23,7.97,8.2,7.92,8.2,8.2,28746
2006-06-26,8.25,9.5,8.21,9.17,9.17,124327
2006-06-27,9,9.77,8.3,8.43,8.43,210393
2006-06-28,8.4,8.94,8.36,8.56,8.56,35759
2006-06-29,8.67,8.89,8.67,8.84,8.84,34927
2006-06-30,9.25,9.25,8.7,8.75,8.75,37122
2006-07-03,8.7,8.8799,8.25,8.8299,8.8299,39968
2006-07-05,8.91,9.15,8.45,8.49,8.49,78839
2006-07-06,8.5,8.57,7.6001,7.9,7.9,153802
2006-07-07,7.9,8.24,7.8438,8.16,8.16,49733
2006-07-10,8.17,8.3999,8.04,8.35,8.35,38017
2006-07-11,8.31,8.31,8.01,8.1566,8.1566,35651
2006-07-12,8.35,8.5,7.25,7.6,7.6,140695
2006-07-13,7.6,7.6,7.1,7.13,7.13,51253
2006-07-14,7.01,7.4,7.01,7.25,7.25,34311
2006-07-17,7.11,7.47,7,7.08,7.08,46274
2006-07-18,7.16,7.274,6.79,6.93,6.93,22705
2006-07-19,6.81,7.34,6.81,7.21,7.21,14869
2006-07-20,7.01,7.24,6.93,7.05,7.05,44511
2006-07-21,7.06,7.0811,6.99,7,7,18940
2006-07-24,7.41,7.45,7.15,7.25,7.25,35735
2006-07-25,7.25,7.67,7.25,7.4,7.4,19719
2006-07-26,7.5,7.69,7.35,7.57,7.57,41783
2006-07-27,7.75,7.75,7.31,7.38,7.38,30488
2006-07-28,7.5961,7.5961,7.36,7.46,7.46,7899
2006-07-31,7.85,7.85,7.27,7.5092,7.5092,63355
2006-08-01,8,8,7.4,7.68,7.68,49264
2006-08-02,7.76,7.8599,7.6,7.62,7.62,14768
2006-08-03,7.7,7.93,7.35,7.53,7.53,41715
2006-08-04,8,8,7.5501,7.75,7.75,20164
2006-08-07,7.34,7.83,7.01,7.07,7.07,79598
2006-08-08,7.15,7.39,7,7.2,7.2,38646
2006-08-09,7.22,7.22,6.86,7,7,38000
2006-08-10,7.2099,7.2099,7,7.01,7.01,14170
2006-08-11,7.2,7.39,6.79,6.93,6.93,54554
2006-08-14,7.25,7.48,7,7.41,7.41,23648
2006-08-15,7.29,7.29,6.67,6.76,6.76,112839
2006-08-16,6.61,7.15,6.2,6.86,6.86,43109
2006-08-17,7.15,7.15,6.8,6.85,6.85,7462
2006-08-18,7,7,6.66,6.8725,6.8725,22042
2006-08-21,6.7,6.73,6.31,6.42,6.42,33487
2006-08-22,6.52,6.76,6.21,6.69,6.69,36154
2006-08-23,6.46,6.62,6.43,6.45,6.45,6907
2006-08-24,6.5,6.62,6.41,6.62,6.62,13499
2006-08-25,6.62,6.74,6.52,6.62,6.62,19386
2006-08-28,6.35,6.71,6.35,6.37,6.37,37316
2006-08-29,6.32,6.5,6.18,6.4499,6.4499,41896
2006-08-30,6.46,6.79,6.3256,6.75,6.75,39640
2006-08-31,6.84,6.84,6.7,6.71,6.71,25084
2006-09-01,6.7,6.71,6.6,6.64,6.64,9498
2006-09-05,6.5,6.8,6.2,6.72,6.72,74497
2006-09-06,6.51,6.82,6.42,6.61,6.61,10406
2006-09-07,6.55,6.7,6.53,6.61,6.61,8716
2006-09-08,6.6101,6.6892,6.2,6.55,6.55,21489
2006-09-11,6.3,6.49,6.3,6.42,6.42,17562
2006-09-12,6.36,6.53,6.36,6.4,6.4,44578
2006-09-13,6.36,6.43,6.3,6.34,6.34,15055
2006-09-14,6.25,6.42,6.25,6.3,6.3,28062
2006-09-15,6.23,6.43,6.19,6.21,6.21,19926
2006-09-18,6.15,6.26,6.02,6.02,6.02,49917
2006-09-19,6.21,6.22,5.85,6.02,6.02,23500
2006-09-20,5.9999,6,5.7,5.8501,5.8501,23281
2006-09-21,5.95,6.01,5.7401,5.99,5.99,8716
2006-09-22,6,6,5.88,5.9,5.9,3984
2006-09-25,5.72,5.8,5.71,5.72,5.72,10939
2006-09-26,5.72,5.9,5.72,5.86,5.86,5804
2006-09-27,5.7,5.86,5.6,5.77,5.77,9628
2006-09-28,5.7699,5.8292,5.75,5.76,5.76,1750
2006-09-29,5.7399,5.7399,5.7,5.71,5.71,18020
2006-10-02,5.72,5.78,5.65,5.71,5.71,12186
2006-10-03,5.65,5.7399,5.65,5.71,5.71,8174
2006-10-04,5.65,5.85,5.65,5.8,5.8,25859
2006-10-05,5.8,6.09,5.77,6.02,6.02,44731
2006-10-06,6.07,6.22,5.9501,6.18,6.18,13933
2006-10-09,6.11,6.25,6.11,6.25,6.25,10735
2006-10-10,6.4,6.64,6.26,6.39,6.39,24070
2006-10-11,6.31,6.3913,6.3,6.31,6.31,6017
2006-10-12,6.3,6.5,5.95,6.45,6.45,63934
2006-10-13,6.34,6.3501,5.9601,6.24,6.24,54563
2006-10-16,6.48,6.48,6.36,6.39,6.39,7819
2006-10-17,6.3,6.5,6.18,6.4792,6.4792,34882
2006-10-18,6.55,6.63,6.33,6.5,6.5,6042
2006-10-19,6.5,6.6,6.46,6.55,6.55,7850
2006-10-20,6.41,6.9,6.41,6.9,6.9,30263
2006-10-23,6.83,7.1499,6.61,6.88,6.88,12730
2006-10-24,6.81,7.06,6.65,6.75,6.75,8464
2006-10-25,6.69,6.9699,6.41,6.55,6.55,3536
2006-10-26,6.4,6.94,6.3,6.75,6.75,11390
2006-10-27,6.9,6.9,6.8,6.82,6.82,1792
2006-10-30,6.75,6.92,6.54,6.78,6.78,8707
2006-10-31,6.64,6.88,6.57,6.74,6.74,12625
2006-11-01,6.66,6.84,6.66,6.8,6.8,3755
2006-11-02,6.85,6.93,6.83,6.92,6.92,7328
2006-11-03,6.93,6.93,6.84,6.9,6.9,4250
2006-11-06,6.9,7.14,6.82,7.14,7.14,23233
2006-11-07,7.03,7.24,7.0201,7.2088,7.2088,12672
2006-11-08,7.2,7.2299,7.0985,7.22,7.22,13486
2006-11-09,7.2,7.209,7.14,7.15,7.15,5696
2006-11-10,7.1601,7.1601,7.03,7.14,7.14,3300
2006-11-13,7.17,7.17,7.01,7.09,7.09,2370
2006-11-14,7.03,7.1,7,7,7,6687
2006-11-15,6.3,7.0412,6.25,7.01,7.01,17859
2006-11-16,6.96,6.99,6.907,6.907,6.907,3600
2006-11-17,6.9,6.95,6.89,6.95,6.95,3618
2006-11-20,6.8,6.9399,6.8,6.89,6.89,4605
2006-11-21,6.88,7.05,6.75,7,7,68953
2006-11-22,6.83,7.0868,6.83,7.04,7.04,4800
2006-11-24,7.1,7.13,7.1,7.11,7.11,1750
2006-11-27,7.03,7.15,7.03,7.14,7.14,11890
2006-11-28,7.155,7.45,7.155,7.45,7.45,35630
2006-11-29,7.39,7.45,7.25,7.44,7.44,11066
2006-11-30,7.4,7.4847,7.2,7.3299,7.3299,8128
2006-12-01,7.4,7.4,7.3,7.379,7.379,2062
2006-12-04,7.55,7.55,7.03,7.2,7.2,33163
2006-12-05,7.05,7.27,7.05,7.18,7.18,6312
2006-12-06,7.2,7.36,6.9,7.14,7.14,45717
2006-12-07,7.2,7.2,6.98,6.99,6.99,14800
2006-12-08,6.99,7.0299,6.95,6.99,6.99,15000
2006-12-11,6.98,7.12,6.95,7,7,9103
2006-12-12,7,7.08,6.9,7,7,22626
2006-12-13,6.95,7.06,6.88,6.98,6.98,9464
2006-12-14,6.9,6.93,6.88,6.88,6.88,14439
2006-12-15,6.91,6.95,6.75,6.95,6.95,11724
2006-12-18,6.96,6.97,6.86,6.9,6.9,11070
2006-12-19,6.96,6.96,6.8401,6.92,6.92,3815
2006-12-20,6.85,7.09,6.85,7,7,11132
2006-12-21,7.4,7.4,6.9833,7,7,25347
2006-12-22,6.982,7.03,6.92,7,7,20800
2006-12-26,6.9,6.989,6.9,6.989,6.989,8573
2006-12-27,6.94,7,6.88,6.92,6.92,8366
2006-12-28,6.85,6.96,6.85,6.9,6.9,8575
2006-12-29,6.85,6.95,6.8101,6.82,6.82,6819
2007-01-03,6.93,6.93,6.67,6.72,6.72,35960
2007-01-04,6.65,6.88,6.62,6.72,6.72,10373
2007-01-05,6.65,6.6899,6.53,6.56,6.56,11380
2007-01-08,6.56,6.6,6.31,6.4312,6.4312,14318
2007-01-09,6.25,6.42,6.25,6.3634,6.3634,11304
2007-01-10,6.22,6.39,6.22,6.35,6.35,85922
2007-01-11,6.3,6.61,6.3,6.4,6.4,5839
2007-01-12,6.34,6.4874,6.34,6.45,6.45,8655
2007-01-16,6.5,6.5,6.32,6.4299,6.4299,3300
2007-01-17,6.35,6.36,6.3,6.3,6.3,5651
2007-01-18,6.3,6.35,6.3,6.35,6.35,3270
2007-01-19,6.3,6.4,6.3,6.38,6.38,2600
2007-01-22,6.44,6.44,6.3,6.38,6.38,31229
2007-01-23,6.3,6.5,6.3,6.45,6.45,4680
2007-01-24,6.36,6.5,6.36,6.5,6.5,4230
2007-01-25,6.55,6.55,6.48,6.5322,6.5322,4995
2007-01-26,6.6995,6.6995,6.56,6.58,6.58,847
2007-01-29,6.7,6.7,6.5601,6.69,6.69,4675
2007-01-30,6.53,6.85,6.52,6.85,6.85,7967
2007-01-31,6.5,6.8599,6.5,6.8,6.8,18300
2007-02-01,6.79,6.79,6.71,6.71,6.71,2650
2007-02-02,6.65,6.76,6.65,6.75,6.75,11218
2007-02-05,6.75,6.82,6.71,6.79,6.79,7200
2007-02-06,6.7942,6.8833,6.79,6.8833,6.8833,4228
2007-02-07,6.9,6.9,6.5276,6.84,6.84,82993
2007-02-08,6.9177,6.9299,6.63,6.74,6.74,7620
2007-02-09,6.79,7.4,6.79,7.19,7.19,16775
2007-02-12,7.4,7.4,7.19,7.31,7.31,9200
2007-02-13,7.28,7.29,7.15,7.2,7.2,8124
2007-02-14,7.2,7.25,7.16,7.194,7.194,2280
2007-02-15,7.2,7.21,7.19,7.19,7.19,6263
2007-02-16,7.24,7.24,7.1701,7.2099,7.2099,5697
2007-02-20,7.27,7.27,7.07,7.12,7.12,9742
2007-02-21,7.29,7.29,7.0713,7.17,7.17,3911
2007-02-22,7.09,7.25,7.04,7.2,7.2,6004
2007-02-23,7.1999,7.1999,7.0901,7.1767,7.1767,2890
2007-02-26,7.25,7.25,7.1501,7.18,7.18,5874
2007-02-27,7.3,7.3,7.096,7.14,7.14,97744
2007-02-28,6.96,7.12,6.8,7.1,7.1,20935
2007-03-01,7.15,7.15,6.99,6.998,6.998,9620
2007-03-02,7.1999,7.1999,6.99,6.99,6.99,25230
2007-03-05,6.8,6.879,6.79,6.879,6.879,9940
2007-03-06,6.996,7,6.9,7,7,3172
2007-03-07,7.17,7.17,6.88,7,7,7406
2007-03-08,6.85,7.05,6.85,6.93,6.93,11690
2007-03-09,7,7,6.95,6.99,6.99,1800
2007-03-12,7.04,7.04,6.901,7,7,4784
2007-03-13,7.0899,7.0899,6.9101,6.94,6.94,650
2007-03-14,6.94,7.11,6.903,7.08,7.08,4930
2007-03-15,7.12,7.13,6.95,7.1,7.1,11976
2007-03-16,7.1035,7.1035,6.9899,7.01,7.01,5200
2007-03-19,6.96,7,6.946,6.99,6.99,2500
2007-03-20,7.14,7.218,7.01,7.01,7.01,10100
2007-03-21,6.991,7.09,6.94,6.96,6.96,3477
2007-03-22,6.91,7.04,6.87,6.9955,6.9955,6404
2007-03-23,6.95,7.01,6.95,7.01,7.01,1547
2007-03-26,6.89,7.01,6.8801,6.92,6.92,6063
2007-03-27,7,7.09,7,7,7,5043
2007-03-28,6.9201,7.0577,6.9201,7.0033,7.0033,1773
2007-03-29,6.9822,6.99,6.76,6.99,6.99,6015
2007-03-30,6.96,6.977,6.84,6.97,6.97,1600
2007-04-02,6.92,6.92,6.88,6.88,6.88,2595
2007-04-03,6.98,6.99,6.8,6.9699,6.9699,4090
2007-04-04,6.99,7,6.94,7,7,42524
2007-04-05,7.02,7.02,6.99,6.99,6.99,1691
2007-04-09,6.95,7,6.95,7,7,2420
2007-04-10,7.01,7.01,6.8,6.9599,6.9599,8307
2007-04-11,6.87,6.96,6.8075,6.94,6.94,10052
2007-04-12,6.97,6.97,6.85,6.93,6.93,2580
2007-04-13,6.94,7,6.94,7,7,2263
2007-04-16,7.01,7.01,6.85,7,7,9436
2007-04-17,6.9,7,6.9,7,7,13033
2007-04-18,7,7,6.91,7,7,8723
2007-04-19,7,7,6.97,6.9999,6.9999,4875
2007-04-20,6.99,7,6.9,6.99,6.99,5400
2007-04-23,6.9101,6.96,6.8614,6.8614,6.8614,17196
2007-04-24,7,7,7,7,7,100
2007-04-25,6.89,7.0094,6.89,7,7,16583
2007-04-26,6.93,7,6.9,6.96,6.96,8500
2007-04-27,6.91,7,6.91,6.98,6.98,9135
2007-04-30,6.9974,7,6.9172,6.98,6.98,7700
2007-05-01,6.913,6.99,6.91,6.95,6.95,1050
2007-05-02,7,7,6.95,6.95,6.95,26385
2007-05-03,6.9,6.992,6.86,6.97,6.97,6658
2007-05-04,6.95,7.01,6.95,7,7,18187
2007-05-07,6.88,7.03,6.88,6.995,6.995,7929
2007-05-08,7.08,7.08,7,7.017,7.017,11864
2007-05-09,7,7.0101,6.98,6.98,6.98,10754
2007-05-10,7,7.02,7,7.01,7.01,2200
2007-05-11,6.994,7,6.9,7,7,4600
2007-05-14,6.94,7.0079,6.94,6.95,6.95,6900
2007-05-15,7.006,7.01,7,7,7,10250
2007-05-16,6.99,6.9988,6.9506,6.9606,6.9606,1250
2007-05-17,6.9852,6.99,6.96,6.96,6.96,960
2007-05-18,6.95,6.9973,6.95,6.96,6.96,3110
2007-05-21,6.96,7,6.75,6.964,6.964,6271
2007-05-22,6.91,7,6.91,6.97,6.97,4962
2007-05-23,6.88,6.99,6.85,6.99,6.99,8491
2007-05-24,6.85,6.94,6.85,6.9303,6.9303,4093
2007-05-25,6.88,6.94,6.86,6.94,6.94,4000
2007-05-29,6.89,6.9497,6.88,6.941,6.941,5560
2007-05-30,6.9585,6.9585,6.9585,6.9585,6.9585,300
2007-05-31,6.89,7,6.89,6.97,6.97,4497
2007-06-01,6.8906,7,6.8906,7,7,3300
2007-06-04,6.89,6.95,6.86,6.894,6.894,5526
2007-06-05,6.927,6.98,6.89,6.9,6.9,4734
2007-06-06,6.9156,6.96,6.9156,6.93,6.93,400
2007-06-07,6.88,6.93,6.85,6.93,6.93,6900
2007-06-08,6.99,7,6.94,6.94,6.94,3497
2007-06-11,6.9724,6.9724,6.9,6.9444,6.9444,3239
2007-06-12,6.84,6.98,6.84,6.98,6.98,9160
2007-06-13,6.9864,6.9864,6.91,6.9333,6.9333,1736
2007-06-14,6.9634,6.9634,6.8765,6.9314,6.9314,2840
2007-06-15,7,7,6.92,6.92,6.92,2100
2007-06-18,6.93,7,6.9,6.94,6.94,12757
2007-06-19,6.96,6.96,6.96,6.96,6.96,710
2007-06-20,6.81,6.9876,6.81,6.9585,6.9585,1150
2007-06-21,6.95,7,6.9,6.949,6.949,3108
2007-06-22,6.876,6.96,6.876,6.922,6.922,1400
2007-06-25,6.94,6.9499,6.86,6.9499,6.9499,1472
2007-06-26,6.89,6.9462,6.86,6.88,6.88,10650
2007-06-27,6.86,6.98,6.8401,6.95,6.95,2200
2007-06-28,6.8701,6.9767,6.8701,6.9767,6.9767,200
2007-06-29,6.85,6.9861,6.85,6.98,6.98,11058
2007-07-02,6.81,6.98,6.8,6.9388,6.9388,2900
2007-07-03,6.96,6.96,6.85,6.9405,6.9405,1001
2007-07-05,6.9467,6.9467,6.5,6.92,6.92,14900
2007-07-06,6.82,6.9586,6.82,6.912,6.912,6000
2007-07-09,6.9,6.9067,6.8133,6.8414,6.8414,2844
2007-07-10,6.8624,6.9024,6.85,6.9024,6.9024,900
2007-07-11,6.9,6.94,6.9,6.92,6.92,7320
2007-07-12,6.87,6.95,6.86,6.95,6.95,1635
2007-07-13,6.85,6.95,6.78,6.931,6.931,6416
2007-07-16,6.87,6.88,6.77,6.8681,6.8681,7995
2007-07-17,6.81,6.87,6.8,6.84,6.84,2500
2007-07-18,6.79,6.95,6.79,6.95,6.95,600
2007-07-19,6.82,6.8729,6.82,6.84,6.84,4050
2007-07-20,6.85,6.85,6.84,6.84,6.84,700
2007-07-23,6.79,6.842,6.68,6.8,6.8,28001
2007-07-24,6.72,6.84,6.72,6.84,6.84,2450
2007-07-25,6.8291,6.8291,6.74,6.76,6.76,8800
2007-07-26,6.8,6.8,6.74,6.7981,6.7981,21774
2007-07-27,6.8,6.8,6.7,6.7,6.7,85700
2007-07-30,6.7,6.7,6.65,6.65,6.65,1815
2007-07-31,6.674,6.69,6.6615,6.69,6.69,2300
2007-08-01,6.6,6.7,6.6,6.7,6.7,4344
2007-08-02,6.7,6.7,6.6801,6.681,6.681,1329
2007-08-03,6.62,6.69,6.62,6.69,6.69,2950
2007-08-06,6.693,6.84,6.6,6.75,6.75,14087
2007-08-07,6.69,6.79,6.69,6.7,6.7,1400
2007-08-08,6.6,6.7,6.6,6.67,6.67,14534
2007-08-09,6.6824,6.6824,6.67,6.67,6.67,850
2007-08-10,6.6,6.7,6.584,6.7,6.7,8537
2007-08-13,6.7,6.7,6.69,6.69,6.69,1050
2007-08-14,6.69,6.77,6.69,6.73,6.73,600
2007-08-15,6.6,6.73,6.5,6.7,6.7,7251
2007-08-16,6.53,6.8399,6.53,6.8399,6.8399,5255
2007-08-17,6.79,6.81,6.71,6.81,6.81,1938
2007-08-20,6.85,6.85,6.75,6.818,6.818,975
2007-08-21,6.74,6.81,6.74,6.81,6.81,645
2007-08-22,6.75,6.77,6.66,6.75,6.75,1500
2007-08-23,6.61,6.66,6.6,6.66,6.66,1690
2007-08-24,6.56,6.7176,6.56,6.65,6.65,3745
2007-08-27,6.65,6.669,6.65,6.65,6.65,2414
2007-08-28,6.56,6.6,6.52,6.6,6.6,8398
2007-08-29,6.56,6.716,6.5,6.59,6.59,7060
2007-08-30,6.681,6.681,6.61,6.61,6.61,950
2007-08-31,6.6743,6.739,6.65,6.6701,6.6701,2200
2007-09-04,6.59,6.7248,6.59,6.62,6.62,6541
2007-09-05,6.62,6.68,6.58,6.61,6.61,2170
2007-09-06,6.55,6.65,6.55,6.63,6.63,3893
2007-09-07,6.63,6.677,6.63,6.677,6.677,1712
2007-09-10,6.56,6.6324,6.56,6.6,6.6,3515
2007-09-11,6.55,6.6543,6.55,6.61,6.61,4320
2007-09-12,6.5692,6.6,6.5692,6.6,6.6,1620
2007-09-13,6.6,6.6199,6.6,6.6,6.6,1520
2007-09-14,6.58,6.6,6.5,6.57,6.57,5900
2007-09-17,6.51,6.6862,6.51,6.6862,6.6862,13585
2007-09-18,6.64,6.6799,6.51,6.65,6.65,2060
2007-09-19,6.6,6.65,6.58,6.61,6.61,7461
2007-09-20,6.46,6.63,6.46,6.55,6.55,7600
2007-09-21,6.51,6.569,6.4552,6.51,6.51,4414
2007-09-24,6.45,6.55,5.87,5.87,5.87,34170
2007-09-25,6.29,6.31,6.05,6.05,6.05,22228
2007-09-26,6,6.19,6,6.09,6.09,14400
2007-09-27,6.1,6.54,6.1,6.54,6.54,21570
2007-09-28,6.17,6.77,6.17,6.77,6.77,3120
2007-10-01,6.72,6.79,6.58,6.7,6.7,3192
2007-10-02,6.5601,6.649,6.5,6.5982,6.5982,15560
2007-10-03,6.53,6.614,6.5,6.614,6.614,4966
2007-10-04,6.8,6.8,6.44,6.5,6.5,4055
2007-10-05,6.5,6.5,5.84,6.1,6.1,43205
2007-10-08,6.3,6.35,5.81,6.07,6.07,9423
2007-10-09,5.96,6.0812,5.85,5.93,5.93,12320
2007-10-10,6.17,6.24,6,6.14,6.14,9451
2007-10-11,6.09,6.159,5.9,5.98,5.98,11948
2007-10-12,5.92,6.21,5.83,6.03,6.03,17727
2007-10-15,5.91,6.02,5.89,5.89,5.89,6335
2007-10-16,5.95,6,5.95,6,6,3220
2007-10-17,6,6,5.81,5.98,5.98,15300
2007-10-18,5.8201,5.98,5.8201,5.93,5.93,1202
2007-10-19,5.93,5.93,5.9,5.9,5.9,8071
2007-10-22,5.95,5.95,5.81,5.92,5.92,10168
2007-10-23,5.94,6.19,5.935,6.11,6.11,9556
2007-10-24,6,6.03,5.89,6.03,6.03,1850
2007-10-25,6.1,6.1,6,6.073,6.073,1650
2007-10-26,6.1,6.1,5.92,6.09,6.09,12140
2007-10-29,6.05,6.09,5.81,6.09,6.09,5616
2007-10-30,5.86,6.09,5.78,6.039,6.039,12575
2007-10-31,5.96,6.01,5.61,5.93,5.93,37131
2007-11-01,5.83,5.83,5.64,5.76,5.76,24241
2007-11-02,5.84,5.84,5.23,5.36,5.36,19121
2007-11-05,5.08,5.25,5.08,5.2,5.2,16167
2007-11-06,5.22,5.26,5.12,5.26,5.26,5487
2007-11-07,5.2699,5.2699,5.21,5.21,5.21,844
2007-11-08,5.2,5.35,5.2,5.33,5.33,38900
2007-11-09,5.22,5.6,5.2,5.4,5.4,5800
2007-11-12,5.37,5.37,5.2,5.2,5.2,22906
2007-11-13,5.37,5.87,5.26,5.7,5.7,10001
2007-11-14,5.85,5.88,5.72,5.83,5.83,5008
2007-11-15,6.28,6.3899,6.25,6.3799,6.3799,15765
2007-11-16,6.01,6.49,6,6.29,6.29,13251
2007-11-19,6.21,6.3899,6.0401,6.34,6.34,9020
2007-11-20,6,6.5,6,6.4406,6.4406,3044
2007-11-21,6.24,6.5,6.1001,6.45,6.45,2704
2007-11-23,6.41,6.41,6.28,6.29,6.29,2250
2007-11-26,6.1701,6.38,6.1701,6.3,6.3,2100
2007-11-27,6.17,6.39,5.79,5.94,5.94,30528
2007-11-28,5.86,6.15,5.86,6.05,6.05,10500
2007-11-29,6.05,6.23,6.05,6.23,6.23,6547
2007-11-30,6.26,6.5,6.26,6.5,6.5,13274
2007-12-03,6.3699,6.4299,6.36,6.4299,6.4299,1778
2007-12-04,6.4499,6.4499,6.35,6.35,6.35,4041
2007-12-05,6.28,6.28,6.1601,6.26,6.26,1542
2007-12-06,6.15,6.35,5.995,6.2899,6.2899,9522
2007-12-07,6.37,6.43,6.02,6.2899,6.2899,7500
2007-12-10,6.1001,6.1099,6.09,6.1,6.1,8400
2007-12-11,6.19,6.19,6.1101,6.12,6.12,8200
2007-12-12,6.08,6.23,5.95,6.23,6.23,9705
2007-12-13,6.15,6.24,6.15,6.24,6.24,1670
2007-12-14,6.2,6.2999,6.01,6.17,6.17,8955
2007-12-17,6.07,6.2,6.02,6.14,6.14,1522
2007-12-18,6.11,6.11,6.01,6.0999,6.0999,700
2007-12-19,6,6,5.74,5.88,5.88,26520
2007-12-20,5.73,5.92,5.73,5.89,5.89,3600
2007-12-21,5.9299,5.9299,5.9,5.9,5.9,1000
2007-12-24,5.8,5.93,5.8,5.93,5.93,4850
2007-12-26,5.9001,5.94,5.9001,5.9391,5.9391,1798
2007-12-27,5.9399,5.95,5.81,5.9,5.9,7495
2007-12-28,5.92,6.1999,5.92,6.1999,6.1999,5670
2007-12-31,6.27,6.45,6.25,6.45,6.45,3604
2008-01-02,6.5,6.5,6.11,6.18,6.18,2904
2008-01-03,6.43,6.43,6.232,6.24,6.24,3800
2008-01-04,6.29,6.3,6.06,6.06,6.06,16080
2008-01-07,6,6.03,5.88,6.01,6.01,6409
2008-01-08,6,6,6,6,6,200
2008-01-09,5.8,6,5.8,5.88,5.88,6200
2008-01-10,5.95,5.95,5.76,5.8601,5.8601,2332
2008-01-11,5.78,5.9399,5.78,5.86,5.86,4725
2008-01-14,5.8,5.94,5.78,5.78,5.78,8735
2008-01-15,5.8,5.93,5.7,5.75,5.75,9945
2008-01-16,5.6101,5.83,5.6101,5.8299,5.8299,2750
2008-01-17,5.92,5.92,5.7,5.78,5.78,2835
2008-01-18,5.62,5.9099,5.62,5.9099,5.9099,1300
2008-01-22,5.86,5.8999,5.7,5.8444,5.8444,3135
2008-01-23,5.6201,5.87,5.6201,5.87,5.87,8715
2008-01-24,5.8999,5.8999,5.8999,5.8999,5.8999,100
2008-01-25,5.66,5.85,5.66,5.83,5.83,1782
2008-01-28,5.8,5.8,5.8,5.8,5.8,432
2008-01-29,5.84,5.85,5.84,5.85,5.85,470
2008-01-30,5.85,5.94,5.62,5.92,5.92,3574
2008-01-31,5.91,5.91,5.66,5.9,5.9,1384
2008-02-01,5.75,5.93,5.75,5.93,5.93,2850
2008-02-04,5.8,5.94,5.8,5.9,5.9,4950
2008-02-05,5.79,5.95,5.75,5.86,5.86,4225
2008-02-06,5.91,5.91,5.85,5.85,5.85,400
2008-02-07,5.85,5.92,5.85,5.92,5.92,2205
2008-02-08,5.77,5.94,5.77,5.94,5.94,6064
2008-02-11,5.88,5.95,5.84,5.9,5.9,3175
2008-02-12,5.8001,5.95,5.8001,5.93,5.93,1849
2008-02-13,5.8,5.94,5.75,5.94,5.94,2000
2008-02-14,5.79,5.95,5.79,5.95,5.95,1045
2008-02-15,5.92,5.95,5.92,5.95,5.95,425
2008-02-19,5.93,5.95,5.77,5.95,5.95,800
2008-02-20,5.95,5.96,5.94,5.96,5.96,2235
2008-02-21,5.96,5.97,5.95,5.95,5.95,900
2008-02-22,5.77,5.9284,5.77,5.9284,5.9284,720
2008-02-25,5.86,5.9099,5.8,5.9099,5.9099,1100
2008-02-26,5.81,5.98,5.66,5.98,5.98,10450
2008-02-28,5.67,6.37,5.67,6.2401,6.2401,27111
2008-02-29,6.3,6.44,6.25,6.44,6.44,16050
2008-03-03,6.4,6.54,6.4,6.5,6.5,15845
2008-03-04,6.5,6.5,6.26,6.44,6.44,5658
2008-03-05,6.5,6.59,6.396,6.396,6.396,2705
2008-03-06,6.37,6.4499,6.23,6.27,6.27,4443
2008-03-07,6.2999,6.55,6.2999,6.54,6.54,4575
2008-03-10,6.6,6.6,6.35,6.35,6.35,26154
2008-03-11,6.21,6.3599,6.07,6.32,6.32,14404
2008-03-12,6.44,6.6,6.43,6.59,6.59,6880
2008-03-13,6.45,6.84,6.45,6.83,6.83,11655
2008-03-14,6.83,6.83,6.67,6.7999,6.7999,3700
2008-03-17,6.79,6.83,6.54,6.74,6.74,6135
2008-03-18,6.83,6.83,6.6,6.64,6.64,3700
2008-03-19,6.53,6.64,6.53,6.64,6.64,4520
2008-03-20,6.64,6.64,6.53,6.64,6.64,8500
2008-03-24,6.74,6.8799,6.74,6.83,6.83,7478
2008-03-25,6.88,6.99,6.82,6.99,6.99,10984
2008-03-26,6.98,7.5,6.98,7.157,7.157,18519
2008-03-27,7.28,7.28,7.05,7.19,7.19,12261
2008-03-28,7.3,7.3,7.15,7.151,7.151,8403
2008-03-31,7.29,7.29,7.06,7.25,7.25,8509
2008-04-01,7.48,7.5,7.1556,7.49,7.49,15611
2008-04-02,7.5,7.5,7.4301,7.45,7.45,16559
2008-04-03,7.5,7.5,7.2,7.3001,7.3001,7933
2008-04-04,7.39,7.4101,7.39,7.4101,7.4101,6278
2008-04-07,7.45,7.45,7.06,7.42,7.42,4597
2008-04-08,7.42,7.42,7.2,7.35,7.35,1751
2008-04-09,7.4,7.4,7.0701,7.2209,7.2209,7450
2008-04-10,7.3,7.3,7.2499,7.2499,7.2499,1100
2008-04-11,7.17,7.2799,6.76,7.2799,7.2799,8184
2008-04-14,7.4,7.4,7.02,7.23,7.23,5660
2008-04-15,7.15,7.41,6.9,6.99,6.99,11823
2008-04-16,7.15,7.15,6.89,6.9,6.9,10325
2008-04-17,7,7,6.75,6.9,6.9,8570
2008-04-18,6.78,6.99,6.78,6.978,6.978,7600
2008-04-21,6.95,7,6.868,6.99,6.99,4631
2008-04-22,6.97,7.1,6.97,7.064,7.064,4360
2008-04-23,7.021,7.1,6.91,7.0499,7.0499,4770
2008-04-24,6.9,6.9,6.8,6.88,6.88,4605
2008-04-25,6.8,6.8,6.52,6.74,6.74,14262
2008-04-28,6.84,7.17,6.772,7.07,7.07,8416
2008-04-29,7.1,7.1,7,7.05,7.05,1641
2008-04-30,7.0601,7.2337,7.0601,7.2337,7.2337,2400
2008-05-01,7.24,7.2799,7.2049,7.27,7.27,1500
2008-05-02,7.3,7.5,7.3,7.3401,7.3401,16554
2008-05-05,7.43,7.5,7.01,7.31,7.31,19474
2008-05-06,7.37,7.4799,7.37,7.4,7.4,4075
2008-05-07,7.25,7.4,7.21,7.35,7.35,4959
2008-05-08,7.479,7.485,7.35,7.4201,7.4201,6533
2008-05-09,7.19,7.4499,7.15,7.398,7.398,3561
2008-05-12,7.33,7.49,7.0447,7.35,7.35,8889
2008-05-13,7.14,7.3961,7.14,7.14,7.14,950
2008-05-14,7.05,7.2399,7.05,7.2399,7.2399,1200
2008-05-15,7.2,7.43,7.2,7.34,7.34,1571
2008-05-16,7.39,7.5,7.139,7.4,7.4,8634
2008-05-19,7.4,7.4,7.0101,7.4,7.4,4661
2008-05-20,7.4,7.4,7.25,7.4,7.4,5125
2008-05-21,7.271,7.48,7.271,7.453,7.453,2231
2008-05-22,7.45,7.46,7.433,7.453,7.453,2400
2008-05-23,7.48,7.48,7.352,7.36,7.36,300
2008-05-27,7.3,7.3,7.129,7.2,7.2,10049
2008-05-28,7.04,7.0799,7,7.0799,7.0799,11112
2008-05-29,6.95,6.95,6.61,6.9299,6.9299,10732
2008-05-30,6.58,6.59,6.4801,6.54,6.54,26005
2008-06-02,6.5,6.5,5.8,5.8,5.8,49278
2008-06-03,5.51,5.763,5.48,5.54,5.54,33556
2008-06-04,5.66,5.72,5.3201,5.48,5.48,55623
2008-06-05,5.48,5.6215,5.2303,5.3958,5.3958,50066
2008-06-06,5.429,5.5799,5.3,5.3,5.3,9078
2008-06-09,5.44,5.492,5.3,5.3,5.3,14963
2008-06-10,5.51,5.5337,5.36,5.4201,5.4201,18150
2008-06-11,5.4599,5.4599,5.42,5.44,5.44,4200
2008-06-12,5.43,5.43,5.318,5.318,5.318,2300
2008-06-13,5.26,5.38,5.26,5.32,5.32,7845
2008-06-16,5.37,5.55,5.37,5.55,5.55,4435
2008-06-17,5.5,5.5,5.4,5.46,5.46,1700
2008-06-18,5.29,5.426,4.96,5.15,5.15,17566
2008-06-19,5.22,5.3499,5.15,5.16,5.16,1669
2008-06-20,5.2,5.27,5.0191,5.02,5.02,7131
2008-06-23,5,5.13,5,5.0976,5.0976,7171
2008-06-24,5.03,5.14,5.03,5.14,5.14,2500
2008-06-25,5.09,5.1,5.02,5.02,5.02,2500
2008-06-26,5.0314,5.0399,5.02,5.02,5.02,7103
2008-06-27,5.15,5.15,5.14,5.149,5.149,6620
2008-06-30,5.15,5.15,5.1499,5.1499,5.1499,300
2008-07-01,5.1,5.1,5.1,5.1,5.1,100
2008-07-02,5.15,5.15,5.0504,5.09,5.09,5100
2008-07-03,5.02,5.14,5.02,5.14,5.14,800
2008-07-07,5.15,5.15,4.45,4.47,4.47,16353
2008-07-08,4.61,4.972,4.61,4.972,4.972,8535
2008-07-09,4.974,5.1,4.974,5.05,5.05,2900
2008-07-10,5.14,5.14,5,5.0501,5.0501,2062
2008-07-11,5.13,5.13,5,5.0501,5.0501,4345
2008-07-14,5,5.13,5,5.016,5.016,4845
2008-07-15,5,5.0001,4.95,5,5,3780
2008-07-16,5,5.09,4.95,5.05,5.05,1305
2008-07-17,4.97,5.07,4.65,5.07,5.07,9266
2008-07-18,5.07,5.07,4.99,5.0001,5.0001,900
2008-07-21,5,5.0001,5,5.0001,5.0001,400
2008-07-22,4.91,5.0101,4.91,5.01,5.01,970
2008-07-23,5.07,5.0701,5.07,5.0701,5.0701,200
2008-07-24,5.05,5.0501,5.05,5.0501,5.0501,800
2008-07-25,5.1299,5.1299,5.02,5.12,5.12,2638
2008-07-28,5.02,5.02,5.02,5.02,5.02,100
2008-07-29,5.07,5.0701,5.02,5.02,5.02,2200
2008-07-30,5.03,5.03,5.02,5.02,5.02,1000
2008-07-31,5.0499,5.0499,5.0499,5.0499,5.0499,500
2008-08-01,5.02,5.07,5,5.07,5.07,1728
2008-08-04,5,5,5,5,5,1300
2008-08-05,5.12,5.12,5.0499,5.0499,5.0499,700
2008-08-06,5.017,5.017,5.017,5.017,5.017,55400
2008-08-07,5.0201,5.0201,5,5.02,5.02,1150
2008-08-08,5.02,5.1,5.02,5.02,5.02,3000
2008-08-11,5.012,5.012,5.012,5.012,5.012,950
2008-08-12,5,5.09,5,5.0899,5.0899,3340
2008-08-13,5,5,5,5,5,100
2008-08-14,5.01,5.54,4.795,4.86,4.86,33521
2008-08-15,4.97,5,4.75,4.75,4.75,2250
2008-08-18,4.8,4.8001,4.75,4.75,4.75,1100
2008-08-19,4.88,4.88,4.7591,4.7591,4.7591,600
2008-08-20,4.73,4.8816,4.73,4.8,4.8,2318
2008-08-21,4.92,4.92,4.8501,4.8501,4.8501,1500
2008-08-22,4.78,4.78,4.78,4.78,4.78,323
2008-08-25,4.85,4.9523,4.85,4.86,4.86,7880
2008-08-26,4.94,4.949,4.86,4.949,4.949,5456
2008-08-27,4.91,4.91,4.91,4.91,4.91,100
2008-08-28,4.8,4.8895,4.58,4.8895,4.8895,5199
2008-08-29,4.8501,4.8501,4.85,4.85,4.85,400
2008-09-02,4.85,4.9001,4.85,4.9001,4.9001,933
2008-09-03,4.94,4.9401,4.94,4.94,4.94,300
2008-09-04,4.9001,5,4.9001,4.907,4.907,1400
2008-09-05,4.83,4.93,4.83,4.93,4.93,600
2008-09-08,4.8855,4.8855,4.8855,4.8855,4.8855,100
2008-09-09,4.8001,4.9375,4.7,4.89,4.89,7147
2008-09-10,4.78,4.78,4.67,4.67,4.67,2481
2008-09-11,4.6,4.971,4.6,4.8,4.8,8116
2008-09-12,4.75,4.75,4.75,4.75,4.75,1000
2008-09-15,4.6,4.97,4,4.67,4.67,25386
2008-09-16,4.3,4.6,4.241,4.6,4.6,3313
2008-09-17,4.2715,4.67,4.2715,4.66,4.66,5450
2008-09-18,4.49,4.6655,4.39,4.6655,4.6655,3282
2008-09-19,4.69,4.7901,4.69,4.7901,4.7901,398
2008-09-22,4.67,4.67,4.61,4.61,4.61,1184
2008-09-23,4.59,4.7586,4.59,4.7586,4.7586,6907
2008-09-24,4.7799,4.7799,4.7799,4.7799,4.7799,200
2008-09-25,4.66,4.95,4.325,4.95,4.95,10290
2008-09-26,4.6001,4.781,4.6001,4.6799,4.6799,1600
2008-09-29,5,5,4.3001,4.9285,4.9285,1700
2008-09-30,4.69,4.75,4.32,4.75,4.75,867
2008-10-01,4.76,4.76,4.4001,4.7425,4.7425,2450
2008-10-02,4.76,5,4.3799,4.9115,4.9115,7518
2008-10-03,4.93,4.99,4.81,4.99,4.99,1158
2008-10-06,4.9001,5.35,4.1801,4.83,4.83,12689
2008-10-07,5.19,5.19,4.2,4.24,4.24,5800
2008-10-08,4.98,5,3.9,4.3001,4.3001,38518
2008-10-09,4.85,4.93,3.905,4.93,4.93,3465
2008-10-10,4.95,4.95,4.34,4.95,4.95,20473
2008-10-13,4.92,5.17,4.6,4.74,4.74,3770
2008-10-14,4.34,4.956,4.34,4.72,4.72,5400
2008-10-15,4.575,4.7,4.5,4.7,4.7,3702
2008-10-16,4.48,4.858,3.96,4.54,4.54,4915
2008-10-17,4.5855,4.5855,4.57,4.57,4.57,315
2008-10-20,4.15,4.525,3.88,4.498,4.498,3290
2008-10-21,4.39,4.415,4.38,4.4,4.4,2557
2008-10-22,4.1,4.258,4,4.2501,4.2501,2600
2008-10-23,4.235,4.25,3.92,4.25,4.25,7805
2008-10-24,4.1,4.6,4,4.6,4.6,23900
2008-10-27,4.24,4.96,4.24,4.96,4.96,950
2008-10-28,4.95,4.95,3.71,3.995,3.995,13094
2008-10-29,4.15,4.372,3.93,4.3299,4.3299,5200
2008-10-30,4.24,4.3299,3.86,3.86,3.86,4576
2008-10-31,3.71,4.116,3.65,4.01,4.01,4976
2008-11-03,4.13,4.13,4.13,4.13,4.13,249
2008-11-04,4.03,4.056,3.517,4.02,4.02,6997
2008-11-05,4.0599,4.0599,4.0399,4.0399,4.0399,5600
2008-11-06,4.04,4.04,3.5,4.023,4.023,1658
2008-11-07,4,4.1099,3.63,4.0201,4.0201,1800
2008-11-10,3.79,4.0201,3.72,4.0201,4.0201,670
2008-11-11,3.72,4.03,3.4,4.03,4.03,3169
2008-11-12,3.62,3.97,3.44,3.97,3.97,14076
2008-11-13,3.75,3.9645,3.23,3.9001,3.9001,7824
2008-11-14,3.99,3.99,3.7999,3.7999,3.7999,1300
2008-11-17,3.522,3.57,3.5,3.5,3.5,2455
2008-11-18,3.58,3.5864,2.852,3.527,3.527,1895
2008-11-19,3.6,3.6,2.89,3.3,3.3,80218
2008-11-20,3.09,3.5,1.88,1.88,1.88,31237
2008-11-21,1.9,3.205,1.9,3.205,3.205,28534
2008-11-24,3.25,3.5,2.66,2.7601,2.7601,11016
2008-11-25,2.95,3.0101,2.95,3.0101,3.0101,656
2008-11-26,2.8,3.24,2.8,3.19,3.19,2000
2008-12-01,3.25,3.25,3.04,3.04,3.04,1100
2008-12-02,3.2,3.2,3.09,3.2,3.2,1230
2008-12-03,3.36,3.3999,2.75,2.75,2.75,5028
2008-12-04,2.94,3.1,2.84,2.84,2.84,1482
2008-12-05,2.66,3.2,2.66,3.2,3.2,1472
2008-12-08,2.82,3.0755,2.6,2.85,2.85,1878
2008-12-09,3.02,3.1999,3.02,3.09,3.09,1651
2008-12-10,3.21,3.22,2.95,2.95,2.95,1548
2008-12-11,2.74,2.75,2.5901,2.5901,2.5901,3355
2008-12-12,2.81,3.282,2.81,3.25,3.25,1753
2008-12-15,3.6,3.678,3,3,3,1247
2008-12-16,2.83,3.01,2.8,3.01,3.01,300
2008-12-17,2.95,2.95,2.95,2.95,2.95,483
2008-12-18,3.14,3.14,2.9288,2.9288,2.9288,1000
2008-12-19,2.56,2.75,2.56,2.69,2.69,2129
2008-12-22,2.7501,2.7501,2.65,2.71,2.71,1250
2008-12-23,2.5,3.0899,2.5,3,3,5040
2008-12-26,3.23,3.23,2.91,2.91,2.91,300
2008-12-29,2.53,2.8,2.5,2.5,2.5,2500
2008-12-30,2.93,2.93,2.35,2.3501,2.3501,2895
2008-12-31,2.5,3.15,2.35,2.98,2.98,4630
2009-01-02,3.05,3.05,3.05,3.05,3.05,293
2009-01-05,3.48,3.48,2.85,2.85,2.85,2325
2009-01-06,2.99,3.5,2.99,3.5,3.5,1000
2009-01-07,2.52,3.6,2.52,3.23,3.23,2220
2009-01-08,2.84,3.38,2.56,2.8,2.8,5148
2009-01-09,3.49,3.49,2.7,2.7,2.7,6870
2009-01-12,2.65,2.655,2.57,2.57,2.57,3078
2009-01-13,2.61,2.914,2.5699,2.57,2.57,3381
2009-01-14,2.94,2.94,2.64,2.8899,2.8899,3680
2009-01-15,2.57,2.874,2.57,2.874,2.874,3003
2009-01-16,2.7501,2.7501,2.56,2.56,2.56,1400
2009-01-20,2.86,2.86,2.8545,2.8545,2.8545,300
2009-01-21,2.41,2.41,2.4,2.4001,2.4001,2510
2009-01-22,2.4901,2.6592,2.44,2.65,2.65,1880
2009-01-23,2.51,2.51,2.51,2.51,2.51,1000
2009-01-26,2.63,2.68,2.63,2.68,2.68,1870
2009-01-27,2.53,2.57,2.53,2.57,2.57,1300
2009-01-28,2.63,2.63,2.51,2.57,2.57,2700
2009-01-29,2.4,2.84,2.4,2.84,2.84,800
2009-01-30,2.77,2.77,2.39,2.4,2.4,7600
2009-02-02,2.41,2.41,2.25,2.3499,2.3499,6075
2009-02-04,2.4,2.4,2.4,2.4,2.4,1000
2009-02-05,2.25,2.49,2.25,2.49,2.49,8235
2009-02-06,2.49,2.5,2.33,2.49,2.49,2550
2009-02-09,2.33,2.33,2.2,2.27,2.27,3350
2009-02-10,2.53,2.53,2.21,2.23,2.23,5254
2009-02-11,2.25,2.509,2.2,2.2,2.2,8300
2009-02-12,2.2,2.448,2.2,2.2,2.2,1237
2009-02-13,2.2,2.51,2.2,2.24,2.24,8562
2009-02-17,2.5,2.5,2.5,2.5,2.5,820
2009-02-18,2.194,2.49,2.1,2.49,2.49,12370
2009-02-19,2.25,2.44,2.25,2.25,2.25,8843
2009-02-20,2.44,2.44,2.2147,2.2147,2.2147,1713
2009-02-23,2.21,2.21,2.2099,2.2099,2.2099,600
2009-02-24,2.29,2.29,2.29,2.29,2.29,100
2009-02-26,2.1717,2.2101,2.1717,2.19,2.19,1805
2009-02-27,2.31,2.31,2.3,2.3,2.3,500
2009-03-02,2.2,2.2405,2.2,2.2001,2.2001,500
2009-03-03,2.2,2.4499,2.1901,2.23,2.23,2746
2009-03-04,2.42,2.42,2.29,2.41,2.41,2000
2009-03-05,2.41,2.41,2.41,2.41,2.41,1000
2009-03-06,2.22,2.2201,2.14,2.19,2.19,2040
2009-03-09,2.15,2.3916,2.15,2.19,2.19,2400
2009-03-10,2.3715,2.3715,2.3715,2.3715,2.3715,200
2009-03-11,2.2556,2.2556,2.25,2.25,2.25,405
2009-03-12,2.19,2.1901,2.19,2.1901,2.1901,2000
2009-03-13,2.3561,2.3561,2.3561,2.3561,2.3561,263
2009-03-16,2.35,2.35,2.34,2.35,2.35,876
2009-03-17,2.35,2.35,2.12,2.12,2.12,2540
2009-03-18,2.12,2.53,2.11,2.53,2.53,9346
2009-03-19,2.35,2.367,2.35,2.35,2.35,1090
2009-03-20,2.3,2.54,2.3,2.54,2.54,1100
2009-03-23,2.55,2.55,2.03,2.32,2.32,6128
2009-03-24,2.19,2.19,2.19,2.19,2.19,500
2009-03-25,2.33,2.55,2.33,2.55,2.55,800
2009-03-26,2.48,2.48,2.48,2.48,2.48,390
2009-03-27,2.25,2.5399,2.25,2.5399,2.5399,700
2009-03-30,2.31,2.31,2.25,2.28,2.28,1673
2009-03-31,2.455,2.4599,2.4,2.4,2.4,719
2009-04-01,2.28,2.314,2.28,2.314,2.314,900
2009-04-02,2.3,2.46,2.3,2.46,2.46,1722
2009-04-03,2.3272,2.52,2.3272,2.52,2.52,1446
2009-04-08,2.5,2.52,2.5,2.52,2.52,4919
2009-04-09,2.52,2.52,2.52,2.52,2.52,214
2009-04-13,2.55,2.88,2.5,2.75,2.75,7108
2009-04-14,3.4,3.4,2.9,3.25,3.25,11350
2009-04-15,3,3.25,3,3.24,3.24,2931
2009-04-16,3,3.2,3,3.2,3.2,2551
2009-04-17,2.5,3.3648,2.5,3.1,3.1,2200
2009-04-20,3.38,3.38,3.02,3.038,3.038,1200
2009-04-22,3.11,3.38,3.1,3.1,3.1,1105
2009-04-24,3.2,3.31,3,3.3,3.3,2282
2009-04-28,3.37,3.37,3.25,3.25,3.25,300
2009-04-29,3.22,3.22,3.22,3.22,3.22,161
2009-04-30,3,3.0171,3,3.0171,3.0171,500
2009-05-01,3.3,3.3,3.3,3.3,3.3,100
2009-05-04,3,3,3,3,3,100
2009-05-05,3,3.32,3,3.32,3.32,2569
2009-05-06,3.3,3.32,3.15,3.15,3.15,720
2009-05-07,3.35,3.35,3.15,3.1501,3.1501,1545
2009-05-08,3.3,3.3,3.3,3.3,3.3,100
2009-05-11,3.1,3.15,3.1,3.15,3.15,913
2009-05-12,3.1,3.1,3.1,3.1,3.1,495
2009-05-14,3.34,3.34,3.34,3.34,3.34,100
2009-05-15,3.35,3.441,3.3,3.3,3.3,11684
2009-05-18,3.3,3.59,3.3,3.59,3.59,6826
2009-05-19,3.6,3.65,3.59,3.65,3.65,1292
2009-05-20,3.65,3.93,3.65,3.905,3.905,5022
2009-05-21,4.09,4.09,4,4,4,1132
2009-05-22,4,4.1201,4,4.12,4.12,1700
2009-05-26,4.2,4.2,4.16,4.16,4.16,500
2009-05-27,3.87,3.87,3.87,3.87,3.87,100
2009-05-28,3.1,3.6,3.1,3.6,3.6,952
2009-05-29,3.65,3.65,3.5699,3.5699,3.5699,1262
2009-06-01,3.65,3.65,3.5258,3.5258,3.5258,200
2009-06-02,3.52,3.5201,3.52,3.5201,3.5201,200
2009-06-03,3.52,3.52,3.25,3.25,3.25,2600
2009-06-04,3.616,4,3.616,3.79,3.79,2200
2009-06-05,3.51,3.51,3.51,3.51,3.51,100
2009-06-08,3.4,3.4501,3.4,3.4501,3.4501,740
2009-06-10,3.55,3.9399,3.55,3.5701,3.5701,482
2009-06-11,3.94,3.94,3.634,3.72,3.72,1300
2009-06-16,3.52,3.7,3.52,3.7,3.7,1087
2009-06-17,3.55,3.55,3.55,3.55,3.55,300
2009-06-19,3.6,3.6,3.6,3.6,3.6,200
2009-06-23,3.6661,3.7,3.6661,3.7,3.7,200
2009-06-24,3.54,3.5401,3.54,3.54,3.54,1316
2009-06-25,3.5,3.7,3.3,3.6,3.6,638
2009-06-26,3.5001,3.5001,3.49,3.49,3.49,300
2009-06-29,2.95,3.69,2.95,3.6499,3.6499,3075
2009-07-02,3.214,3.214,3.214,3.214,3.214,100
2009-07-06,3.1501,3.29,3.1501,3.29,3.29,250
2009-07-07,3.3,3.3,3.01,3.01,3.01,2594
2009-07-08,3.125,3.125,3.125,3.125,3.125,250
2009-07-09,3.1,3.25,2.66,3.1,3.1,3700
2009-07-10,3.445,3.5,2.825,3.5,3.5,975
2009-07-13,2.8001,3.5,2.8001,3.364,3.364,1200
2009-07-15,3.5,3.5,3.5,3.5,3.5,200
2009-07-16,3.69,3.69,3.69,3.69,3.69,200
2009-07-17,3.6,3.6,3.0026,3.0026,3.0026,2486
2009-07-20,3.1001,3.7499,3.1,3.7499,3.7499,450
2009-07-21,3.1601,3.59,3.0132,3.15,3.15,2100
2009-07-22,3.495,3.6,3.07,3.105,3.105,6690
2009-07-23,3.255,3.5,3.15,3.15,3.15,1733
2009-07-24,3.15,3.72,3.15,3.3,3.3,700
2009-07-28,3.4,3.5,3.357,3.357,3.357,1100
2009-07-29,3.45,3.45,3.3,3.4,3.4,2505
2009-07-31,3.4,3.49,3.4,3.4,3.4,1000
2009-08-03,3.44,3.5,3.4,3.5,3.5,1237
2009-08-04,3.4,3.7399,3.4,3.7,3.7,4092
2009-08-05,3.5,3.5001,3.4001,3.4001,3.4001,3740
2009-08-07,3.41,3.5,3.16,3.16,3.16,3568
2009-08-10,3.72,3.72,3.3,3.71,3.71,1745
2009-08-11,3.5,3.5094,3.5,3.5001,3.5001,900
2009-08-12,3.5899,3.592,3.5,3.592,3.592,1630
2009-08-13,3.5,3.5,3.49,3.5,3.5,2661
2009-08-14,3.59,3.6,3.59,3.6,3.6,5558
2009-08-17,3.652,3.69,3.48,3.524,3.524,2603
2009-08-18,3.5,3.7,3.5,3.7,3.7,1000
2009-08-20,3.78,3.98,3.7,3.96,3.96,8477
2009-08-21,3.99,3.99,3.75,3.75,3.75,775
2009-08-24,3.76,3.99,3.25,3.99,3.99,7074
2009-08-25,3.83,3.91,3.56,3.9,3.9,2298
2009-08-26,3.95,4,3.908,4,4,600
2009-08-27,4,4,3.98,3.98,3.98,225
2009-08-28,3.7901,3.7901,3.7901,3.7901,3.7901,220
2009-08-31,4,4,3.7901,3.8001,3.8001,560
2009-09-01,3.69,3.94,3.51,3.94,3.94,1000
2009-09-03,3.8,3.8,3.52,3.69,3.69,900
2009-09-04,3.51,3.77,3.5,3.77,3.77,2200
2009-09-09,3.7299,3.7299,3.65,3.7088,3.7088,850
2009-09-10,3.72,3.7297,3.5,3.5,3.5,2690
2009-09-14,3.55,3.64,3.55,3.64,3.64,6432
2009-09-15,3.55,3.74,3.5,3.689,3.689,2189
2009-09-17,3.7,3.99,3.7,3.99,3.99,308
2009-09-18,3.95,3.95,3.75,3.89,3.89,3520
2009-09-21,3.9,4,3.9,4,4,3119
2009-09-22,3.955,3.955,3.955,3.955,3.955,300
2009-09-23,4,4.09,3.951,3.9999,3.9999,3177
2009-09-24,4,4,4,4,4,1400
2009-09-25,4.0083,4.0083,4,4,4,1080
2009-09-28,4,4,4,4,4,100
2009-09-29,4.01,4.19,3.8,4.19,4.19,1510
2009-09-30,3.98,4.15,3.98,4.15,4.15,592
2009-10-01,4.01,4.15,3.8,4.14,4.14,608
2009-10-02,3.855,3.86,3.85,3.86,3.86,600
2009-10-05,4.02,4.05,3.8942,4.05,4.05,1500
2009-10-06,4.22,4.22,3.95,3.9565,3.9565,1300
2009-10-07,3.9501,3.9501,3.86,3.875,3.875,1700
2009-10-08,3.86,3.97,3.8499,3.97,3.97,6757
2009-10-09,3.97,3.97,3.95,3.9501,3.9501,500
2009-10-12,4.05,4.0583,4.05,4.05,4.05,1612
2009-10-14,3.81,3.8401,3.81,3.8401,3.8401,250
2009-10-15,3.94,3.94,3.82,3.8475,3.8475,8382
2009-10-16,3.85,3.85,3.75,3.75,3.75,2583
2009-10-19,3.84,3.85,3.626,3.626,3.626,1990
2009-10-20,3.62,3.8397,3.62,3.8397,3.8397,1020
2009-10-21,3.7,3.7,3.6999,3.7,3.7,1080
2009-10-22,3.7,3.7,3.7,3.7,3.7,585
2009-10-23,3.75,3.75,3.75,3.75,3.75,400
2009-10-26,3.69,3.69,3.69,3.69,3.69,200
2009-10-27,3.84,3.84,3.84,3.84,3.84,100
2009-10-29,3.85,3.85,3.78,3.78,3.78,390
2009-10-30,3.7,3.7,3.7,3.7,3.7,1400
2009-11-02,3.7,3.7,3.58,3.58,3.58,2312
2009-11-03,3.7,3.7,3.7,3.7,3.7,300
2009-11-04,3.7,3.7,3.6999,3.7,3.7,322
2009-11-05,3.7,3.7,3.7,3.7,3.7,180
2009-11-06,3.7,3.85,3.6999,3.7,3.7,710
2009-11-09,3.58,3.5801,3.58,3.58,3.58,1095
2009-11-10,3.58,3.6148,3.58,3.6148,3.6148,692
2009-11-11,3.69,3.69,3.6201,3.6201,3.6201,587
2009-11-12,3.63,3.63,3.63,3.63,3.63,1060
2009-11-16,3.68,3.68,3.55,3.65,3.65,14220
2009-11-17,3.6799,3.85,3.6799,3.776,3.776,2280
2009-11-18,3.85,3.85,3.81,3.81,3.81,20781
2009-11-19,3.88,4,3.8101,3.8101,3.8101,700
2009-11-20,3.8385,4,3.8385,4,4,1300
2009-11-23,4.01,4.2499,4.01,4.08,4.08,5702
2009-11-24,4,4,3.72,3.7448,3.7448,6500
2009-11-27,3.588,3.588,3.588,3.588,3.588,212
2009-12-01,3.85,3.85,3.85,3.85,3.85,1100
2009-12-02,3.6,3.8499,3.59,3.625,3.625,3148
2009-12-03,3.7399,3.8,3.6,3.7425,3.7425,4380
2009-12-04,3.75,3.75,3.5916,3.5916,3.5916,1000
2009-12-07,3.61,3.61,3.6,3.6,3.6,500
2009-12-08,3.59,3.735,3.59,3.735,3.735,1000
2009-12-09,3.6,3.61,3.5,3.51,3.51,9855
2009-12-10,3.6,3.63,3.6,3.63,3.63,2805
2009-12-14,3.74,3.74,3.74,3.74,3.74,150
2009-12-15,3.74,3.74,3.65,3.655,3.655,3400
2009-12-16,3.6101,3.6101,3.5,3.5,3.5,4224
2009-12-17,3.52,3.52,3.3,3.45,3.45,35411
2009-12-18,3.25,3.43,3.07,3.25,3.25,7943
2009-12-21,3.08,3.429,3.08,3.429,3.429,400
2009-12-22,3.26,3.49,3.26,3.3501,3.3501,3405
2009-12-23,3.4,3.4,3.3013,3.4,3.4,5400
2009-12-24,3.2866,3.4,3.2866,3.4,3.4,967
2009-12-28,3.5,3.5,3.4785,3.4785,3.4785,300
2009-12-29,3.48,3.74,3.48,3.5,3.5,3480
2009-12-30,3.5,3.505,3.5,3.5,3.5,980
2009-12-31,3.26,3.5015,3.23,3.5,3.5,2960
2010-01-04,3.26,3.58,3.26,3.45,3.45,1758
2010-01-05,3.36,3.76,3.36,3.4,3.4,21063
2010-01-06,3.5,3.76,3.5,3.74,3.74,2292
2010-01-07,3.73,3.95,3.52,3.95,3.95,3041
2010-01-08,3.53,3.95,3.47,3.5,3.5,1173
2010-01-11,3.52,3.76,3.47,3.47,3.47,6503
2010-01-12,3.47,3.51,3.47,3.5,3.5,950
2010-01-13,3.6,3.89,3.5,3.74,3.74,3683
2010-01-14,3.74,3.862,3.5,3.6,3.6,800
2010-01-15,3.74,3.74,3.74,3.74,3.74,100
2010-01-19,3.75,3.89,3.75,3.8001,3.8001,748
2010-01-21,3.6,3.668,3.6,3.668,3.668,596
2010-01-22,3.85,3.85,3.52,3.806,3.806,1230
2010-01-25,3.5101,3.8699,3.51,3.52,3.52,2551
2010-01-26,3.52,3.7199,3.5,3.5,3.5,3799
2010-01-27,3.5,3.56,3.5,3.51,3.51,800
2010-01-28,3.5,3.6,3.5,3.6,3.6,3200
2010-01-29,3.5,3.7,3.5,3.6999,3.6999,1040
2010-02-01,3.5001,3.6299,3.5,3.62,3.62,1411
2010-02-02,3.58,3.58,3.45,3.45,3.45,3000
2010-02-03,3.68,3.69,3.6499,3.67,3.67,990
2010-02-04,3.47,3.67,3.47,3.67,3.67,600
2010-02-05,3.45,3.66,3.45,3.65,3.65,2772
2010-02-08,3.505,3.52,3.45,3.45,3.45,4823
2010-02-09,3.5,3.51,3.5,3.5,3.5,2210
2010-02-10,3.55,3.55,3.5,3.5001,3.5001,2090
2010-02-11,3.65,3.65,3.65,3.65,3.65,275
2010-02-12,3.4001,3.4001,3.4,3.4,3.4,200
2010-02-16,3.495,3.495,3.41,3.4899,3.4899,834
2010-02-17,3.48,3.5,3.4501,3.4501,3.4501,1102
2010-02-18,3.41,3.7,3.41,3.492,3.492,1529
2010-02-19,3.4,3.49,3.4,3.44,3.44,1400
2010-02-22,3.4,3.7,3.4,3.4101,3.4101,1433
2010-02-23,3.59,3.595,3.42,3.5813,3.5813,2877
2010-02-24,3.41,3.7,3.41,3.65,3.65,2763
2010-02-25,3.61,3.61,3.5,3.5,3.5,635
2010-03-01,3.49,3.5,3.49,3.5,3.5,500
2010-03-02,3.6,3.6,3.45,3.5999,3.5999,1161
2010-03-03,3.6,3.75,3.55,3.75,3.75,2647
2010-03-04,3.84,3.84,3.401,3.401,3.401,1662
2010-03-05,3.79,3.79,3.7899,3.7899,3.7899,200
2010-03-08,3.78,3.78,3.78,3.78,3.78,463
2010-03-09,3.7,3.7,3.6999,3.7,3.7,475
2010-03-10,3.53,3.55,3.53,3.54,3.54,2500
2010-03-11,3.51,3.65,3.51,3.65,3.65,3000
2010-03-12,3.51,3.69,3.5,3.69,3.69,2740
2010-03-15,3.64,3.64,3.51,3.53,3.53,1225
2010-03-16,3.52,3.6899,3.52,3.66,3.66,1123
2010-03-17,3.6001,3.6001,3.52,3.6,3.6,2994
2010-03-18,3.51,3.55,3.51,3.52,3.52,2580
2010-03-19,3.55,3.69,3.5215,3.69,3.69,1535
2010-03-22,3.53,3.67,3.53,3.54,3.54,6117
2010-03-23,3.55,3.5601,3.55,3.56,3.56,2000
2010-03-24,3.6,3.6,3.54,3.55,3.55,8652
2010-03-25,3.6,3.6,3.56,3.5915,3.5915,3034
2010-03-26,3.5401,3.6099,3.5401,3.6099,3.6099,420
2010-03-29,3.55,3.55,3.5401,3.5401,3.5401,374
2010-03-30,3.56,3.56,3.53,3.53,3.53,2524
2010-03-31,3.54,3.6899,3.54,3.54,3.54,1317
2010-04-01,3.68,3.71,3.53,3.55,3.55,19199
2010-04-05,3.53,3.64,3.52,3.52,3.52,16398
2010-04-06,3.54,3.54,3.53,3.53,3.53,2709
2010-04-07,3.61,3.61,3.53,3.53,3.53,2079
2010-04-08,3.52,3.596,3.37,3.44,3.44,23169
2010-04-09,3.408,3.61,3.4001,3.53,3.53,1732
2010-04-12,3.6299,3.6299,3.543,3.5645,3.5645,1400
2010-04-13,3.52,3.64,3.52,3.53,3.53,4800
2010-04-14,3.52,3.57,3.355,3.5,3.5,2737
2010-04-15,3.5,3.6085,3.3601,3.47,3.47,1550
2010-04-16,3.41,3.621,3.41,3.45,3.45,5642
2010-04-19,3.45,3.59,3.4,3.41,3.41,22422
2010-04-20,3.47,3.495,3.44,3.4899,3.4899,3479
2010-04-21,3.42,3.455,3.41,3.455,3.455,1400
2010-04-22,3.4,3.54,3.4,3.42,3.42,3453
2010-04-23,3.5699,3.5699,3.5499,3.5499,3.5499,211
2010-04-26,3.5,3.6,3.5,3.6,3.6,450
2010-04-27,3.47,3.63,3.4,3.63,3.63,2282
2010-04-28,3.51,3.63,3.5,3.6,3.6,2852
2010-04-29,3.6,3.63,3.6,3.63,3.63,442
2010-04-30,3.51,3.63,3.5001,3.63,3.63,1409
2010-05-03,3.63,3.63,3.54,3.54,3.54,2445
2010-05-04,3.54,3.55,3.54,3.55,3.55,815
2010-05-05,3.51,3.54,3.51,3.54,3.54,1179
2010-05-06,3.51,3.62,3.5,3.62,3.62,3128
2010-05-07,3.5,3.59,3.48,3.59,3.59,8757
2010-05-10,3.51,3.6099,3.5,3.5,3.5,1460
2010-05-11,3.51,3.61,3.48,3.55,3.55,5440
2010-05-12,3.5,3.64,3.5,3.64,3.64,2929
2010-05-13,3.64,3.64,3.51,3.51,3.51,400
2010-05-14,3.51,3.64,3.51,3.61,3.61,750
2010-05-17,3.51,3.55,3.48,3.48,3.48,3793
2010-05-18,3.48,3.5,3.48,3.48,3.48,1387
2010-05-19,3.49,3.49,3.45,3.45,3.45,400
2010-05-20,3.5,3.51,3.42,3.5,3.5,13200
2010-05-21,3.44,3.55,3.211,3.5,3.5,5607
2010-05-24,3.25,3.53,3.21,3.53,3.53,4646
2010-05-25,3.34,3.5,3.3201,3.5,3.5,7713
2010-05-26,3.41,3.6,3.4,3.5001,3.5001,4836
2010-05-28,3.42,3.42,3.42,3.42,3.42,100
2010-06-01,3.37,3.4199,3.2,3.35,3.35,7321
2010-06-02,3.31,3.4999,3.31,3.45,3.45,842
2010-06-04,3.4,3.47,3.4,3.4,3.4,550
2010-06-07,3.4,3.5,3.25,3.3,3.3,6106
2010-06-08,3.47,3.6,3.41,3.57,3.57,6285
2010-06-09,3.55,3.6,3.513,3.513,3.513,4083
2010-06-10,3.5,3.5,3.36,3.5,3.5,1703
2010-06-11,3.59,3.6,3.27,3.5001,3.5001,9736
2010-06-14,3.55,3.59,3.35,3.59,3.59,1519
2010-06-15,3.59,3.6,3.429,3.57,3.57,1633
2010-06-16,3.5,3.6,3.38,3.51,3.51,14794
2010-06-17,3.47,3.6,3.47,3.6,3.6,1277
2010-06-18,3.6,3.6,3.6,3.6,3.6,221
2010-06-21,3.51,3.65,3.44,3.55,3.55,10140
2010-06-22,3.55,3.62,3.4115,3.4115,3.4115,1303
2010-06-23,3.55,3.64,3.37,3.37,3.37,13415
2010-06-24,3.43,3.65,3.3815,3.6,3.6,3438
2010-06-25,3.65,3.65,3.41,3.41,3.41,900
2010-06-28,3.29,3.55,3.17,3.24,3.24,5631
2010-06-29,3.3,3.5,3.3,3.5,3.5,3644
2010-06-30,3.45,3.7,3.4,3.5,3.5,9941
2010-07-01,3.68,3.68,3.53,3.53,3.53,1080
2010-07-02,3.5,3.5,3.5,3.5,3.5,100
2010-07-06,3.47,3.69,3.35,3.68,3.68,2225
2010-07-07,3.67,3.69,3.53,3.6,3.6,700
2010-07-08,3.58,3.58,3.56,3.56,3.56,200
2010-07-09,3.37,3.6,3.37,3.6,3.6,776
2010-07-12,3.435,3.6,3.31,3.4,3.4,13817
2010-07-13,3.31,3.44,3.3,3.44,3.44,1200
2010-07-14,3.45,3.65,3.44,3.58,3.58,9783
2010-07-15,3.42,3.58,3.42,3.46,3.46,600
2010-07-16,3.55,3.55,3.46,3.46,3.46,1999
2010-07-19,3.43,3.68,3.4,3.5,3.5,14261
2010-07-20,3.54,3.67,3.4,3.43,3.43,18364
2010-07-21,3.55,3.57,3.44,3.44,3.44,4486
2010-07-22,3.5,3.54,3.44,3.53,3.53,2945
2010-07-23,3.53,3.54,3.53,3.54,3.54,1036
2010-07-26,3.47,3.55,3.45,3.5,3.5,11541
2010-07-27,3.47,3.59,3.41,3.59,3.59,3680
2010-07-28,3.59,3.6,3.5,3.6,3.6,12445
2010-07-29,3.58,3.63,3.45,3.45,3.45,5523
2010-07-30,3.4,3.5,3.4,3.5,3.5,3117
2010-08-02,3.43,3.63,3.43,3.51,3.51,8070
2010-08-03,3.46,3.46,3.41,3.41,3.41,1128
2010-08-04,3.57,3.6,3.42,3.47,3.47,21912
2010-08-05,3.58,3.63,3.45,3.63,3.63,6103
2010-08-09,3.51,3.5589,3.41,3.48,3.48,2557
2010-08-10,3.47,3.5,3.47,3.5,3.5,1350
2010-08-11,3.5,3.56,3.42,3.56,3.56,5117
2010-08-12,3.44,3.5,3.41,3.5,3.5,4815
2010-08-13,3.5,3.5,3.42,3.45,3.45,2793
2010-08-16,3.41,3.59,3.41,3.438,3.438,4136
2010-08-17,3.59,3.59,3.45,3.59,3.59,2715
2010-08-18,3.5,3.6,3.5,3.6,3.6,1380
2010-08-19,3.57,3.59,3.56,3.59,3.59,1306
2010-08-20,3.58,3.6,3.42,3.53,3.53,10281
2010-08-23,3.53,3.58,3.5,3.51,3.51,1802
2010-08-24,3.6,3.6,3.45,3.5,3.5,4441
2010-08-25,3.5,3.5,3.41,3.41,3.41,13183
2010-08-26,3.47,3.5,3.417,3.45,3.45,2503
2010-08-27,3.49,3.49,3.41,3.41,3.41,1468
2010-08-30,3.42,3.42,3.41,3.41,3.41,230
2010-08-31,3.41,3.41,3.41,3.41,3.41,595
2010-09-01,3.41,3.5,3.41,3.41,3.41,10944
2010-09-02,3.46,3.54,3.45,3.52,3.52,13753
2010-09-03,3.53,3.6,3.45,3.47,3.47,5714
2010-09-07,3.42,3.5499,3.41,3.41,3.41,3414
2010-09-08,3.42,3.5899,3.42,3.437,3.437,1865
2010-09-09,3.43,3.53,3.43,3.43,3.43,7059
2010-09-10,3.53,3.53,3.42,3.43,3.43,1774
2010-09-13,3.42,3.58,3.42,3.5,3.5,6543
2010-09-14,3.54,3.6,3.51,3.6,3.6,9651
2010-09-15,3.5999,3.5999,3.53,3.53,3.53,3772
2010-09-16,3.49,3.53,3.43,3.43,3.43,2608
2010-09-17,3.46,3.59,3.45,3.59,3.59,3629
2010-09-20,3.48,3.58,3.45,3.45,3.45,3871
2010-09-21,3.46,3.5699,3.45,3.5006,3.5006,3289
2010-09-22,3.46,3.55,3.46,3.54,3.54,2809
2010-09-23,3.55,3.59,3.5001,3.59,3.59,2871
2010-09-24,3.58,3.58,3.48,3.55,3.55,2825
2010-09-27,3.51,3.51,3.46,3.51,3.51,5089
2010-09-28,3.51,3.55,3.51,3.5499,3.5499,1242
2010-09-29,3.46,3.5499,3.4501,3.54,3.54,2816
2010-09-30,3.45,3.54,3.45,3.46,3.46,2137
2010-10-01,3.55,3.59,3.54,3.57,3.57,5071
2010-10-04,3.59,3.59,3.45,3.45,3.45,3087
2010-10-05,3.5,3.55,3.47,3.5,3.5,2464
2010-10-06,3.46,3.54,3.45,3.48,3.48,11392
2010-10-07,3.54,3.54,3.46,3.46,3.46,691
2010-10-08,3.5499,3.5499,3.45,3.45,3.45,6631
2010-10-11,3.45,3.49,3.45,3.45,3.45,4079
2010-10-12,3.553,3.553,3.45,3.45,3.45,652
2010-10-13,3.46,3.58,3.45,3.46,3.46,3607
2010-10-14,3.45,3.4501,3.45,3.45,3.45,3509
2010-10-15,3.45,3.56,3.45,3.54,3.54,2607
2010-10-18,3.49,3.57,3.49,3.57,3.57,1964
2010-10-19,3.48,3.6,3.47,3.5992,3.5992,4488
2010-10-20,3.59,3.59,3.471,3.471,3.471,1521
2010-10-21,3.51,3.59,3.49,3.52,3.52,233184
2010-10-22,3.58,3.655,3.54,3.55,3.55,4902
2010-10-25,3.53,3.55,3.53,3.55,3.55,1838
2010-10-26,3.649,3.649,3.649,3.649,3.649,100
2010-10-27,3.54,3.65,3.54,3.59,3.59,1221
2010-10-29,3.55,3.5501,3.51,3.51,3.51,2870
2010-11-01,3.5001,3.5001,3.5,3.5,3.5,757
2010-11-02,3.67,3.6999,3.52,3.59,3.59,2822
2010-11-03,3.54,3.55,3.5,3.5,3.5,7206
2010-11-04,3.5,3.92,3.5,3.8,3.8,14688
2010-11-05,3.75,3.75,3.53,3.62,3.62,8584
2010-11-08,3.54,3.69,3.52,3.52,3.52,12365
2010-11-09,3.6499,3.6499,3.52,3.6,3.6,2748
2010-11-10,3.58,3.5899,3.5228,3.57,3.57,2866
2010-11-11,3.52,3.58,3.5,3.53,3.53,1295
2010-11-12,3.53,3.53,3.45,3.45,3.45,5604
2010-11-15,3.4601,3.56,3.4601,3.56,3.56,1833
2010-11-16,3.4601,3.4601,3.4601,3.4601,3.4601,698
2010-11-17,3.46,3.48,3.45,3.47,3.47,1392
2010-11-18,3.59,3.6,3.46,3.58,3.58,5247
2010-11-19,3.5,3.6,3.5,3.59,3.59,7340
2010-11-22,3.6,3.6,3.5,3.59,3.59,6036
2010-11-23,3.54,3.59,3.47,3.59,3.59,597
2010-11-24,3.59,3.59,3.52,3.56,3.56,2519
2010-11-26,3.4701,3.4701,3.4701,3.4701,3.4701,866
2010-11-29,3.49,3.58,3.49,3.54,3.54,1822
2010-11-30,3.45,3.5,3.45,3.5,3.5,2435
2010-12-01,3.4501,3.5,3.45,3.4999,3.4999,3508
2010-12-02,3.5,3.5,3.45,3.45,3.45,2375
2010-12-03,3.4999,3.4999,3.45,3.45,3.45,678
2010-12-06,3.49,3.58,3.47,3.55,3.55,27482
2010-12-07,3.55,3.55,3.54,3.54,3.54,2296
2010-12-08,3.45,3.45,3.45,3.45,3.45,100
2010-12-09,3.46,3.5399,3.46,3.46,3.46,3215
2010-12-10,3.45,3.52,3.45,3.4901,3.4901,1284
2010-12-13,3.46,3.53,3.45,3.53,3.53,3346
2010-12-14,3.45,3.5299,3.25,3.47,3.47,7665
2010-12-15,3.46,3.54,3.39,3.5,3.5,5968
2010-12-16,3.54,3.54,3.459,3.459,3.459,1045
2010-12-17,3.5,3.5,3.3501,3.5,3.5,1405
2010-12-20,3.46,3.5,3.4,3.4,3.4,3753
2010-12-21,3.4,3.4899,3.35,3.36,3.36,8406
2010-12-22,3.44,3.44,3.42,3.44,3.44,2188
2010-12-23,3.39,3.4999,3.26,3.32,3.32,4789
2010-12-27,3.29,3.4599,3.28,3.36,3.36,4236
2010-12-28,3.36,3.4499,3.36,3.4,3.4,5821
2010-12-29,3.44,3.44,3.36,3.41,3.41,2409
2010-12-30,3.31,3.4899,3.31,3.4,3.4,3062
2010-12-31,3.3701,3.51,3.3701,3.51,3.51,7734
2011-01-03,3.38,3.4,3.25,3.28,3.28,24345
2011-01-04,3.36,3.49,3.3548,3.3548,3.3548,4025
2011-01-05,3.41,3.48,3.4001,3.48,3.48,2630
2011-01-06,3.42,3.49,3.394,3.49,3.49,5963
2011-01-07,3.3101,3.49,3.3101,3.49,3.49,1924
2011-01-10,3.4,3.55,3.4,3.5,3.5,1556
2011-01-11,3.5199,3.5199,3.424,3.424,3.424,1101
2011-01-12,3.5,3.5,3.46,3.5,3.5,8513
2011-01-13,3.41,3.5,3.4,3.5,3.5,21079
2011-01-14,3.41,3.5,3.4,3.4,3.4,2558
2011-01-18,3.47,3.49,3.47,3.49,3.49,526
2011-01-19,3.48,3.48,3.345,3.345,3.345,729
2011-01-20,3.41,3.45,3.3501,3.3501,3.3501,673
2011-01-21,3.37,3.41,3.37,3.41,3.41,719
2011-01-24,3.37,3.37,3.37,3.37,3.37,2214
2011-01-25,3.43,3.43,3.36,3.36,3.36,790
2011-01-26,3.44,3.45,3.351,3.45,3.45,2816
2011-01-27,3.4,3.5,3.3701,3.5,3.5,8015
2011-01-28,3.44,3.5,3.4,3.44,3.44,2714
2011-01-31,3.42,3.47,3.4,3.41,3.41,3706
2011-02-01,3.4,3.4,3.3,3.35,3.35,16211
2011-02-02,3.37,3.37,3.37,3.37,3.37,100
2011-02-03,3.4,3.4,3.32,3.4,3.4,3300
2011-02-04,3.27,3.4,3.26,3.4,3.4,1071
2011-02-07,3.28,3.4,3.27,3.4,3.4,2646
2011-02-08,3.4,3.4,3.4,3.4,3.4,360
2011-02-09,3.4,3.4,3.365,3.39,3.39,1218
2011-02-10,3.39,3.4,3.27,3.39,3.39,6100
2011-02-11,3.38,3.38,3.3,3.36,3.36,400
2011-02-14,3.27,3.35,3.25,3.34,3.34,6837
2011-02-15,3.29,3.4,3.2801,3.4,3.4,2666
2011-02-16,3.3201,3.3201,3.32,3.32,3.32,589
2011-02-17,3.38,3.4,3.29,3.39,3.39,2977
2011-02-18,3.31,3.45,3.11,3.4,3.4,6336
2011-02-22,3.36,3.49,3.16,3.33,3.33,11854
2011-02-23,3.37,3.44,3.25,3.44,3.44,1808
2011-02-24,3.24,3.37,3.24,3.37,3.37,300
2011-02-25,3.39,3.39,3.37,3.39,3.39,1479
2011-02-28,3.4,3.4,3.37,3.4,3.4,4895
2011-03-01,3.29,3.29,3.2601,3.28,3.28,2450
2011-03-02,3.4,3.4,3.28,3.37,3.37,4183
2011-03-03,3.284,3.36,3.26,3.29,3.29,2718
2011-03-04,3.2982,3.2982,3.25,3.25,3.25,861
2011-03-07,3.19,3.19,3.17,3.18,3.18,927
2011-03-08,3.06,3.29,3.06,3.24,3.24,16888
2011-03-09,3.2,3.21,3.2,3.2,3.2,1200
2011-03-10,3.18,3.25,3.18,3.25,3.25,600
2011-03-11,3.2,3.2514,3.15,3.15,3.15,900
2011-03-14,3.11,3.11,3.07,3.11,3.11,610
2011-03-15,3.05,3.1485,3.02,3.1,3.1,3591
2011-03-16,3.12,3.27,3.12,3.15,3.15,1500
2011-03-17,3.15,3.15,3.1,3.1386,3.1386,1111
2011-03-18,3.11,3.18,3.11,3.18,3.18,200
2011-03-21,3.1899,3.1899,3.05,3.11,3.11,2903
2011-03-22,3.13,3.13,3.12,3.13,3.13,300
2011-03-24,3.18,3.2,3.179,3.1999,3.1999,4529
2011-03-25,3.15,3.1988,3.15,3.15,3.15,2334
2011-03-28,3.2,3.2,3.08,3.2,3.2,2920
2011-03-29,3.05,3.101,3.05,3.1,3.1,6412
2011-03-30,3.14,3.15,3.1,3.11,3.11,6700
2011-03-31,3.15,3.2,3.1499,3.1999,3.1999,3562
2011-04-01,3.21,3.21,3.08,3.12,3.12,2401
2011-04-05,3.2,3.2,3.1,3.2,3.2,2351
2011-04-06,3.2,3.2,3.15,3.15,3.15,855
2011-04-07,3.2,3.2,3.15,3.2,3.2,1447
2011-04-08,3.18,3.2,3.1499,3.1499,3.1499,2676
2011-04-11,3.15,3.2,3.11,3.111,3.111,910
2011-04-12,3.15,3.15,3.04,3.15,3.15,11059
2011-04-13,3.1492,3.1492,3.1492,3.1492,3.1492,100
2011-04-14,3.17,3.17,3.03,3.09,3.09,1600
2011-04-15,3.18,3.18,3.11,3.17,3.17,985
2011-04-18,3.18,3.18,3.15,3.15,3.15,1000
2011-04-20,3.19,3.19,3.19,3.19,3.19,208
2011-04-21,3.19,3.199,3.1,3.1,3.1,900
2011-04-25,3.19,3.2,3.1899,3.2,3.2,1246
2011-04-26,3.15,3.27,3.13,3.26,3.26,6738
2011-04-27,3.26,3.26,3.14,3.16,3.16,5105
2011-04-28,3.16,3.1999,3.16,3.1999,3.1999,500
2011-04-29,3.15,3.25,3.1,3.1835,3.1835,3837
2011-05-02,3.18,3.25,3.11,3.25,3.25,3230
2011-05-03,3.26,3.28,3.1609,3.1609,3.1609,400
2011-05-04,3.13,3.35,3.13,3.23,3.23,2080
2011-05-05,3.3,3.4,3.3,3.39,3.39,1812
2011-05-06,3.3,3.4,3.3,3.4,3.4,377
2011-05-09,3.39,3.4,3.22,3.23,3.23,4776
2011-05-10,3.258,3.258,3.16,3.18,3.18,1705
2011-05-11,3.18,3.37,3.12,3.18,3.18,1800
2011-05-12,3.18,3.24,3.18,3.23,3.23,3013
2011-05-13,3.23,3.24,3.1,3.2,3.2,12304
2011-05-16,3.2,3.34,3.18,3.18,3.18,944
2011-05-17,3.2,3.32,3.18,3.18,3.18,6006
2011-05-18,3.2,3.2,3.1,3.1,3.1,3900
2011-05-19,3.1,3.1899,3.1,3.13,3.13,7971
2011-05-20,3.23,3.23,3.1,3.139,3.139,1928
2011-05-23,3.23,3.23,3.05,3.1,3.1,7373
2011-05-24,3.12,3.1899,3.12,3.1899,3.1899,419
2011-05-26,3.11,3.1597,3.11,3.151,3.151,1317
2011-05-27,3.15,3.21,3.15,3.15,3.15,3650
2011-05-31,3.16,3.16,3.07,3.15,3.15,2325
2011-06-01,3.16,3.16,3.16,3.16,3.16,221
2011-06-02,3.1,3.14,3.09,3.1,3.1,1084
2011-06-03,3.1,3.1352,3.07,3.1352,3.1352,7412
2011-06-06,3.19,3.19,3.05,3.109,3.109,7132
2011-06-07,3.1,3.16,3.1,3.16,3.16,5466
2011-06-08,3.05,3.05,3,3,3,7801
2011-06-10,3.17,3.19,3.043,3.19,3.19,1500
2011-06-13,3.14,3.14,3.11,3.11,3.11,2400
2011-06-14,3.12,3.15,3.11,3.14,3.14,663
2011-06-15,3.15,3.1501,3.11,3.1499,3.1499,20444
2011-06-16,3.15,3.15,3.15,3.15,3.15,1196
2011-06-17,3.34,3.34,3.34,3.34,3.34,315
2011-06-20,3.32,3.32,3.1201,3.3,3.3,400
2011-06-21,3.232,3.232,3.232,3.232,3.232,100
2011-06-22,3.1201,3.25,3.1201,3.25,3.25,1100
2011-06-23,3.38,3.38,3.2,3.2,3.2,5032
2011-06-24,3.23,3.23,3.22,3.22,3.22,1252
2011-06-27,3.38,3.38,3.2,3.2,3.2,622
2011-06-28,3.25,3.25,3.09,3.09,3.09,3922
2011-06-29,3.2099,3.2099,3.1201,3.1201,3.1201,1100
2011-06-30,3.15,3.15,3,3.09,3.09,9736
2011-07-01,3.0345,3.17,3.0345,3.13,3.13,8368
2011-07-05,3.21,3.21,3.1935,3.1935,3.1935,1439
2011-07-06,3.09,3.1745,3.084,3.1745,3.1745,900
2011-07-07,3.19,3.19,3.15,3.15,3.15,531
2011-07-08,3.11,3.11,3.047,3.0892,3.0892,1033
2011-07-11,3.11,3.1799,3.05,3.06,3.06,3690
2011-07-12,3.18,3.18,3.18,3.18,3.18,1000
2011-07-13,3.17,3.2,3.17,3.1901,3.1901,3690
2011-07-14,3.2101,3.35,3.2101,3.35,3.35,5623
2011-07-15,3.3,3.3,3.25,3.25,3.25,730
2011-07-18,3.25,3.378,3.25,3.32,3.32,3231
2011-07-19,3.37,3.375,3.25,3.32,3.32,866
2011-07-20,3.259,3.259,3.05,3.09,3.09,27781
2011-07-21,3.17,3.4,3.13,3.2408,3.2408,14770
2011-07-22,3.39,3.7,3.3,3.37,3.37,7264
2011-07-25,3.35,3.495,3.35,3.45,3.45,7254
2011-07-26,3.5,3.55,3.427,3.427,3.427,621
2011-07-27,3.44,3.51,3.29,3.4,3.4,5372
2011-07-28,3.45,3.45,3.25,3.37,3.37,1640
2011-07-29,3.19,3.2,3.12,3.2,3.2,2870
2011-08-01,3.24,3.24,3.11,3.11,3.11,2547
2011-08-02,3.15,3.2,3.14,3.17,3.17,2000
2011-08-03,3.23,3.25,3.15,3.165,3.165,1750
2011-08-04,3.25,3.31,3.22,3.31,3.31,11600
2011-08-05,3.32,3.34,3.11,3.12,3.12,7020
2011-08-08,3.12,3.12,2.65,2.9715,2.9715,31532
2011-08-09,2.85,3.24,2.85,3.14,3.14,2101
2011-08-10,3.07,3.26,2.87,3.239,3.239,1854
2011-08-11,3.18,3.239,3,3.239,3.239,1518
2011-08-12,3.17,3.17,2.95,2.95,2.95,1317
2011-08-15,3.05,3.1462,3.05,3.05,3.05,965
2011-08-16,3.13,3.19,3.13,3.19,3.19,731
2011-08-17,3.05,3.05,3.05,3.05,3.05,100
2011-08-18,3.17,3.17,3.17,3.17,3.17,200
2011-08-19,3.05,3.1499,2.91,3,3,3406
2011-08-22,3.19,3.19,3.14,3.14,3.14,400
2011-08-23,3.17,3.17,2.91,3.13,3.13,4096
2011-08-24,2.92,3.1899,2.92,3.1899,3.1899,4737
2011-08-25,3.13,3.16,2.96,3.15,3.15,11299
2011-08-26,3.15,3.2392,3.02,3.09,3.09,3770
2011-08-29,3.11,3.14,3.03,3.07,3.07,3081
2011-08-30,3.27,3.27,3.12,3.12,3.12,2300
2011-08-31,3.07,3.24,3.07,3.11,3.11,450
2011-09-01,3.15,3.2399,3.06,3.1,3.1,4879
2011-09-02,3.13,3.17,3.06,3.1412,3.1412,19010
2011-09-06,3.26,3.27,3.01,3.0699,3.0699,7199
2011-09-07,3.05,3.266,3.01,3.01,3.01,5998
2011-09-08,3.06,3.06,3.01,3.01,3.01,1100
2011-09-09,3.06,3.14,3.01,3.01,3.01,7424
2011-09-12,2.95,3.1,2.95,3,3,10017
2011-09-13,3.02,3.07,3.01,3.04,3.04,1500
2011-09-14,3.01,3.08,2.9,3,3,11968
2011-09-15,3.05,3.117,2.95,3.05,3.05,21790
2011-09-16,3.01,3.16,3,3.15,3.15,8100
2011-09-19,3.08,3.19,2.99,2.99,2.99,400
2011-09-20,3.01,3.011,3,3.011,3.011,1400
2011-09-22,3,3.01,3,3,3,3763
2011-09-23,2.99,3,2.99,3,3,7936
2011-09-26,2.95,2.9654,2.95,2.9612,2.9612,761
2011-09-27,3,3.0865,2.97,3.04,3.04,8605
2011-09-28,2.9,2.95,2.83,2.95,2.95,3160
2011-09-29,3.01,3.09,3.01,3.09,3.09,1650
2011-10-03,3,3.0001,2.89,3,3,16895
2011-10-04,2.97,3,2.85,2.85,2.85,2800
2011-10-05,2.95,3,2.87,2.9,2.9,1238
2011-10-07,2.88,2.88,2.87,2.87,2.87,200
2011-10-10,2.93,2.93,2.87,2.91,2.91,750
2011-10-11,2.99,2.99,2.96,2.96,2.96,760
2011-10-13,2.9999,2.9999,2.87,2.88,2.88,589
2011-10-14,2.9577,2.9577,2.9,2.9,2.9,620
2011-10-17,2.9,3.0989,2.88,2.88,2.88,5827
2011-10-18,2.9,2.98,2.86,2.9,2.9,11758
2011-10-19,2.87,2.93,2.87,2.9,2.9,1463
2011-10-20,2.9499,2.9501,2.9001,2.9001,2.9001,5855
2011-10-21,3.099,3.0999,2.97,2.97,2.97,312
2011-10-24,3.1,3.1,2.91,2.95,2.95,1536
2011-10-25,3.1,3.1,2.95,3,3,5051
2011-10-26,2.91,3,2.91,3,3,975
2011-10-27,3,3,3,3,3,1000
2011-10-31,3,3.0999,3,3.01,3.01,1108
2011-11-01,3.0001,3.0001,3.0001,3.0001,3.0001,102
2011-11-02,3,3,2.95,2.9901,2.9901,1542
2011-11-03,2.99,3.0679,2.99,3.0679,3.0679,1150
2011-11-04,3.01,3.116,2.99,3.116,3.116,660
2011-11-07,2.95,3.06,2.85,2.95,2.95,6371
2011-11-09,2.98,2.99,2.98,2.99,2.99,200
2011-11-10,3.04,3.04,2.87,2.95,2.95,2320
2011-11-11,2.95,2.95,2.95,2.95,2.95,100
2011-11-14,2.86,2.97,2.8503,2.9,2.9,13211
2011-11-15,2.85,2.92,2.85,2.9,2.9,4700
2011-11-16,2.85,2.95,2.85,2.95,2.95,2068
2011-11-17,2.95,2.95,2.95,2.95,2.95,550
2011-11-18,2.95,2.95,2.86,2.86,2.86,1016
2011-11-21,2.89,2.89,2.85,2.8501,2.8501,828
2011-11-22,2.93,3.05,2.93,3,3,1480
2011-11-23,3.1,3.11,2.98,3,3,5855
2011-11-25,3.011,3.04,3,3,3,2274
2011-11-28,3.01,3.02,3.01,3.02,3.02,1100
2011-11-29,3.02,3.02,3.02,3.02,3.02,100
2011-11-30,3,3.0145,3,3.01,3.01,4800
2011-12-01,3.0794,3.0794,3,3.0001,3.0001,2567
2011-12-02,3.04,3.15,3.04,3.15,3.15,388
2011-12-05,3.0001,3.13,3.0001,3.04,3.04,2452
2011-12-06,3.14,3.15,3.12,3.12,3.12,700
2011-12-07,3.024,3.08,3,3,3,10878
2011-12-08,3,3,3,3,3,2230
2011-12-09,3.0112,3.0112,3.0112,3.0112,3.0112,217
2011-12-12,3.1287,3.1287,3,3,3,467
2011-12-13,3.01,3.01,3,3.01,3.01,892
2011-12-14,3.05,3.05,3.05,3.05,3.05,1998
2011-12-15,3.21,3.24,3.1,3.2,3.2,5046
2011-12-16,3.03,3.15,3.01,3.02,3.02,1983
2011-12-19,3.01,3.01,3,3,3,10035
2011-12-20,3.005,3.08,3,3,3,4500
2011-12-21,3.01,3.0401,3,3.0339,3.0339,1718
2011-12-22,3.01,3.0101,3.01,3.0101,3.0101,682
2011-12-23,2.88,3.0001,2.88,3,3,3966
2011-12-27,3,3.06,3,3,3,1266
2011-12-28,3.0729,3.0799,3.01,3.01,3.01,1670
2011-12-29,2.87,3.07,2.87,3.021,3.021,1650
2011-12-30,3.0035,3.0035,3,3,3,1693
2012-01-03,3,3.0697,3,3.06,3.06,844
2012-01-04,3,3.24,3,3.1899,3.1899,3043
2012-01-05,3.39,3.45,3.14,3.14,3.14,3890
2012-01-06,3.17,3.3795,3.16,3.2608,3.2608,3098
2012-01-09,3.19,3.32,3.06,3.3,3.3,1102
2012-01-10,3.0229,3.14,3.0229,3.11,3.11,1126
2012-01-11,3.16,3.31,3.16,3.2021,3.2021,1561
2012-01-13,3.16,3.1735,3.16,3.1735,3.1735,500
2012-01-17,3.14,3.14,3.0428,3.0994,3.0994,1191
2012-01-18,3.09,3.25,3.09,3.25,3.25,980
2012-01-19,3.2,3.2,3.13,3.1301,3.1301,1580
2012-01-20,3.29,3.29,3,3.1,3.1,8274
2012-01-24,3.1,3.2,3.1,3.16,3.16,4097
2012-01-25,3.18,3.18,3.1625,3.1755,3.1755,2380
2012-01-26,3.14,3.1999,3.11,3.1237,3.1237,923
2012-01-27,3.11,3.11,3.11,3.11,3.11,100
2012-01-30,3.28,3.28,3.28,3.28,3.28,235
2012-01-31,3.2599,3.2599,3.15,3.19,3.19,3924
2012-02-01,3.25,3.25,3.1808,3.236,3.236,1082
2012-02-02,3.19,3.199,3.15,3.15,3.15,4665
2012-02-03,3.13,3.25,3.03,3.1,3.1,12591
2012-02-06,3.052,3.25,3.052,3.18,3.18,1003
2012-02-07,3.18,3.25,3.1,3.23,3.23,1310
2012-02-08,3.21,3.24,3.19,3.24,3.24,1400
2012-02-09,3.24,3.24,3.22,3.24,3.24,2215
2012-02-13,3.14,3.2275,3.11,3.2,3.2,2715
2012-02-14,3.23,3.23,3.15,3.2,3.2,2077
2012-02-15,3.15,3.15,3.15,3.15,3.15,1816
2012-02-16,3.24,3.24,3.12,3.21,3.21,1403
2012-02-17,3.21,3.24,3.21,3.2399,3.2399,4651
2012-02-21,3.23,3.2301,3.23,3.23,3.23,1681
2012-02-22,3.25,3.29,3.13,3.168,3.168,1728
2012-02-23,3.16,3.2,3.14,3.16,3.16,1936
2012-02-24,3.16,3.226,3.15,3.18,3.18,1224
2012-02-28,3.12,3.164,3.11,3.11,3.11,2540
2012-02-29,3.13,3.19,3.12,3.19,3.19,6600
2012-03-01,3.11,3.11,3.11,3.11,3.11,400
2012-03-02,3.16,3.21,3.16,3.21,3.21,700
2012-03-05,3.21,3.21,3.12,3.12,3.12,1125
2012-03-06,3.21,3.2301,3.19,3.19,3.19,1280
2012-03-08,3.23,3.24,3.22,3.23,3.23,700
2012-03-09,3.23,3.23,3.1201,3.14,3.14,1476
2012-03-12,3.14,3.15,3.14,3.15,3.15,300
2012-03-13,3.1905,3.1905,3.1905,3.1905,3.1905,500
2012-03-14,3.14,3.14,3.14,3.14,3.14,150
2012-03-16,3.2,3.2399,3.1508,3.1508,3.1508,1453
2012-03-19,3.13,3.23,3.13,3.21,3.21,2875
2012-03-20,3.19,3.23,3.19,3.23,3.23,5400
2012-03-21,3.2299,3.2299,3.2299,3.2299,3.2299,200
2012-03-22,3.23,3.23,3.143,3.143,3.143,1731
2012-03-23,3.12,3.1301,3.12,3.1301,3.1301,500
2012-03-26,3.12,3.23,3.12,3.12,3.12,500
2012-03-27,3.22,3.23,3.15,3.15,3.15,910
2012-03-28,3.16,3.24,3.16,3.1899,3.1899,12031
2012-03-30,3.24,3.25,3.13,3.1487,3.1487,14352
2012-04-02,3.3,3.3,3.21,3.22,3.22,3100
2012-04-03,3.23,3.4881,3.23,3.25,3.25,30734
2012-04-04,3.4,3.49,3.26,3.26,3.26,11539
2012-04-05,3.3,3.45,3.3,3.4,3.4,2900
2012-04-09,3.26,3.35,3.26,3.35,3.35,1000
2012-04-10,3.37,3.37,3.3,3.35,3.35,17791
2012-04-11,3.38,3.48,3.36,3.47,3.47,21979
2012-04-12,3.47,3.48,3.21,3.21,3.21,3962
2012-04-13,3.4,3.5,3.4,3.42,3.42,11801
2012-04-16,3.43,3.49,3.4,3.44,3.44,10939
2012-04-17,3.42,3.49,3.2,3.49,3.49,2426
2012-04-18,3.5,3.5,3.25,3.25,3.25,5950
2012-04-19,3.45,3.49,3.35,3.49,3.49,23510
2012-04-20,3.4,3.4116,3.3001,3.4116,3.4116,2400
2012-04-23,3.4881,3.4881,3.31,3.4,3.4,29558
2012-04-24,3.39,3.5,3.3,3.48,3.48,4700
2012-04-25,3.47,3.47,3.4,3.47,3.47,7917
2012-04-26,3.47,3.47,3.3001,3.43,3.43,650
2012-04-27,3.43,3.5,3.38,3.45,3.45,2928
2012-04-30,3.44,3.5,3.3001,3.5,3.5,16053
2012-05-02,3.48,3.49,3.23,3.3,3.3,7931
2012-05-03,3.32,3.32,3.3,3.3,3.3,200
2012-05-04,3.3,3.33,3.3,3.3,3.3,4800
2012-05-07,3.4,3.4891,3.3037,3.4,3.4,18189
2012-05-08,3.38,3.41,3.311,3.311,3.311,38100
2012-05-09,3.38,3.48,3.32,3.32,3.32,5456
2012-05-10,3.31,3.48,3.31,3.37,3.37,7750
2012-05-11,3.39,3.5,3.3136,3.35,3.35,11576
2012-05-14,3.45,3.45,3.33,3.36,3.36,21098
2012-05-15,3.35,3.47,3.35,3.39,3.39,4654
2012-05-16,3.38,3.43,3.37,3.37,3.37,1002
2012-05-17,3.371,3.41,3.35,3.41,3.41,2206
2012-05-18,3.44,3.44,3.3899,3.3899,3.3899,2600
2012-05-21,3.41,3.41,3.35,3.35,3.35,2803
2012-05-22,3.4,3.449,3.4,3.449,3.449,15189
2012-05-23,3.44,3.45,3.3609,3.378,3.378,3344
2012-05-24,3.41,3.45,3.41,3.45,3.45,1438
2012-05-25,3.4,3.4,3.35,3.35,3.35,7400
2012-05-29,3.4,3.43,3.3501,3.42,3.42,1739
2012-05-30,3.43,3.4499,3.3,3.35,3.35,10265
2012-05-31,3.38,3.38,3.33,3.33,3.33,1874
2012-06-01,3.36,3.4999,3.36,3.4999,3.4999,200
2012-06-04,3.41,3.41,3.31,3.36,3.36,4335
2012-06-05,3.33,3.47,3.33,3.43,3.43,121710
2012-06-06,3.45,3.55,3.364,3.45,3.45,17487
2012-06-07,3.47,3.47,3.46,3.46,3.46,685
2012-06-11,3.45,3.45,3.45,3.45,3.45,1376
2012-06-13,3.47,3.47,3.45,3.45,3.45,200
2012-06-14,3.67,3.67,3.45,3.45,3.45,61140
2012-06-15,3.44,3.45,3.4,3.44,3.44,5441
2012-06-18,3.34,3.5,3.32,3.5,3.5,1142
2012-06-19,3.5,3.5,3.36,3.5,3.5,836
2012-06-20,3.45,3.45,3.45,3.45,3.45,111
2012-06-21,3.49,3.55,3.49,3.55,3.55,300
2012-06-22,3.55,3.55,3.55,3.55,3.55,714
2012-06-25,3.54,3.54,3.4401,3.4401,3.4401,922
2012-06-26,3.44,3.44,3.44,3.44,3.44,100
2012-06-27,3.43,3.43,3.43,3.43,3.43,500
2012-06-28,3.55,3.55,3.55,3.55,3.55,102
2012-06-29,3.55,3.55,3.45,3.5175,3.5175,2814
2012-07-02,3.53,3.53,3.33,3.36,3.36,80793
2012-07-03,3.35,3.37,3.35,3.35,3.35,3189
2012-07-05,3.35,3.37,3.35,3.35,3.35,2356
2012-07-06,3.37,3.48,3.37,3.48,3.48,2013
2012-07-09,3.475,3.5495,3.47,3.51,3.51,1396
2012-07-10,3.54,3.54,3.39,3.48,3.48,577
2012-07-11,3.36,3.45,3.35,3.45,3.45,1600
2012-07-12,3.5,3.513,3.37,3.51,3.51,3813
2012-07-13,3.37,3.45,3.37,3.45,3.45,2601
2012-07-16,3.45,3.45,3.45,3.45,3.45,6167
2012-07-17,3.45,3.4511,3.45,3.4511,3.4511,900
2012-07-18,3.49,3.49,3.49,3.49,3.49,5000
2012-07-19,3.55,3.55,3.37,3.53,3.53,7485
2012-07-20,3.45,3.5212,3.45,3.45,3.45,800
2012-07-23,3.44,3.5,3.44,3.5,3.5,2505
2012-07-24,3.42,3.48,3.42,3.48,3.48,700
2012-07-25,3.45,3.55,3.4201,3.48,3.48,4671
2012-07-30,3.43,3.43,3.39,3.39,3.39,22301
2012-07-31,3.52,3.55,3.52,3.55,3.55,738
2012-08-01,3.55,3.55,3.4001,3.4001,3.4001,800
2012-08-03,3.55,3.55,3.54,3.55,3.55,1351
2012-08-06,3.55,3.55,3.55,3.55,3.55,200
2012-08-07,3.54,3.54,3.45,3.53,3.53,2149
2012-08-08,3.45,3.53,3.45,3.45,3.45,1450
2012-08-09,3.41,3.5,3.41,3.45,3.45,19854
2012-08-10,3.46,3.53,3.46,3.53,3.53,7119
2012-08-13,3.54,3.54,3.54,3.54,3.54,100
2012-08-14,3.52,3.53,3.52,3.5289,3.5289,300
2012-08-15,3.53,3.55,3.52,3.5299,3.5299,5031
2012-08-16,3.59,3.59,3.54,3.54,3.54,5490
2012-08-17,3.58,3.58,3.58,3.58,3.58,100
2012-08-20,3.58,3.6,3.58,3.6,3.6,1200
2012-08-21,3.55,3.6389,3.44,3.44,3.44,603
2012-08-22,3.46,3.6056,3.41,3.6056,3.6056,1821
2012-08-23,3.6,3.6,3.6,3.6,3.6,136
2012-08-24,3.51,3.51,3.5,3.5,3.5,600
2012-08-27,3.46,3.67,3.46,3.6024,3.6024,27269
2012-08-28,3.6,3.62,3.6,3.62,3.62,441
2012-08-29,3.6199,3.62,3.6199,3.62,3.62,237
2012-08-31,3.6001,3.6275,3.6001,3.6275,3.6275,893
2012-09-04,3.62,3.69,3.6199,3.64,3.64,3100
2012-09-05,3.58,3.58,3.56,3.574,3.574,500
2012-09-06,3.65,3.75,3.65,3.7,3.7,3134
2012-09-07,3.95,4.01,3.93,3.97,3.97,7241
2012-09-10,3.97,3.97,3.82,3.97,3.97,1493
2012-09-11,3.96,3.97,3.7401,3.8499,3.8499,993
2012-09-12,3.89,3.998,3.8538,3.998,3.998,3375
2012-09-13,3.95,4,3.95,4,4,1253
2012-09-14,3.76,3.83,3.76,3.83,3.83,1200
2012-09-17,3.8101,3.8101,3.8101,3.8101,3.8101,850
2012-09-18,3.83,3.83,3.53,3.55,3.55,14840
2012-09-19,3.63,4,3.61,3.61,3.61,3000
2012-09-20,3.78,3.8,3.78,3.8,3.8,200
2012-09-21,3.66,3.7999,3.63,3.67,3.67,3047
2012-09-24,3.71,3.8,3.71,3.75,3.75,2403
2012-09-25,3.76,3.8,3.64,3.8,3.8,5765
2012-09-26,3.8,3.95,3.68,3.75,3.75,12325
2012-09-27,3.68,3.972,3.66,3.95,3.95,2934
2012-09-28,3.95,3.95,3.85,3.9157,3.9157,1455
2012-10-01,3.79,3.88,3.76,3.88,3.88,1185
2012-10-02,3.72,3.87,3.5601,3.5601,3.5601,12060
2012-10-03,3.67,3.7499,3.5501,3.5501,3.5501,3550
2012-10-04,3.59,3.71,3.51,3.51,3.51,2349
2012-10-05,3.6,3.73,3.6,3.71,3.71,2872
2012-10-08,3.62,3.68,3.59,3.59,3.59,30200
2012-10-09,3.5601,3.5601,3.5601,3.5601,3.5601,100
2012-10-10,3.5662,3.58,3.56,3.56,3.56,400
2012-10-11,3.57,3.57,3.57,3.57,3.57,100
2012-10-12,3.57,3.64,3.55,3.6328,3.6328,3403
2012-10-15,3.56,3.9,3.55,3.8921,3.8921,4213
2012-10-16,3.91,3.91,3.91,3.91,3.91,1140
2012-10-17,3.91,3.92,3.9,3.9,3.9,460
2012-10-18,3.7,3.9,3.57,3.86,3.86,3500
2012-10-19,3.88,3.88,3.88,3.88,3.88,400
2012-10-22,3.8,3.8,3.71,3.76,3.76,1383
2012-10-23,3.6111,3.6111,3.6001,3.6001,3.6001,955
2012-10-24,3.83,3.83,3.83,3.83,3.83,460
2012-10-25,3.82,3.85,3.63,3.65,3.65,7347
2012-10-26,3.71,3.71,3.6,3.61,3.61,1117
2012-10-31,3.62,3.83,3.55,3.55,3.55,4283
2012-11-01,3.58,3.58,3.56,3.56,3.56,300
2012-11-02,3.62,3.62,3.62,3.62,3.62,200
2012-11-05,3.62,3.62,3.57,3.59,3.59,4023
2012-11-06,3.61,3.61,3.59,3.59,3.59,2300
2012-11-07,3.62,3.74,3.62,3.69,3.69,800
2012-11-08,3.59,3.69,3.58,3.64,3.64,1096
2012-11-09,3.6,3.6399,3.5701,3.5701,3.5701,2826
2012-11-12,3.61,3.61,3.56,3.56,3.56,2487
2012-11-13,3.55,3.57,3.55,3.57,3.57,460
2012-11-14,3.61,3.61,3.55,3.55,3.55,5500
2012-11-15,3.56,3.74,3.55,3.74,3.74,900
2012-11-16,3.63,3.665,3.55,3.6,3.6,2400
2012-11-19,3.74,3.74,3.64,3.69,3.69,2956
2012-11-20,3.69,3.7,3.6367,3.6367,3.6367,1807
2012-11-23,3.67,3.67,3.55,3.55,3.55,1100
2012-11-26,3.74,3.74,3.59,3.6,3.6,7010
2012-11-27,3.71,3.75,3.6,3.65,3.65,2550
2012-11-28,3.58,3.58,3.58,3.58,3.58,200
2012-11-30,3.56,3.7,3.56,3.65,3.65,3559
2012-12-03,3.67,3.78,3.6015,3.6015,3.6015,3232
2012-12-04,3.64,3.64,3.6,3.6,3.6,20900
2012-12-05,3.62,3.65,3.62,3.65,3.65,13730
2012-12-06,3.65,3.65,3.65,3.65,3.65,273
2012-12-07,3.65,3.75,3.64,3.74,3.74,1029
2012-12-10,3.72,3.72,3.7,3.7,3.7,300
2012-12-11,3.74,3.74,3.6001,3.6201,3.6201,1219
2012-12-12,3.66,3.7,3.65,3.7,3.7,21768
2012-12-13,3.66,3.7,3.65,3.7,3.7,13107
2012-12-14,3.65,3.78,3.65,3.7,3.7,3500
2012-12-17,3.7,3.7,3.65,3.699,3.699,4202
2012-12-18,3.63,3.69,3.61,3.69,3.69,57488
2012-12-19,3.6316,3.6999,3.6316,3.67,3.67,35240
2012-12-20,3.7,3.78,3.7,3.76,3.76,1500
2012-12-21,3.7,3.95,3.65,3.95,3.95,6473
2012-12-24,3.8,3.8,3.74,3.75,3.75,3038
2012-12-26,3.67,3.8,3.67,3.75,3.75,20907
2012-12-27,3.76,3.77,3.66,3.67,3.67,7136
2012-12-28,3.72,3.72,3.72,3.72,3.72,131
2012-12-31,3.66,3.69,3.66,3.69,3.69,700
2013-01-02,3.73,3.95,3.7137,3.94,3.94,14185
2013-01-03,3.91,4.25,3.91,4.05,4.05,5536
2013-01-04,4.08,4.08,4.0101,4.07,4.07,2052
2013-01-07,4.08,4.08,3.81,4.06,4.06,7154
2013-01-08,4.04,4.0599,4.04,4.0599,4.0599,745
2013-01-09,4.05,4.05,3.8701,3.8701,3.8701,1500
2013-01-10,4.08,4.08,3.86,4.03,4.03,2137
2013-01-11,4.0699,4.0699,3.8701,4.05,4.05,417
2013-01-14,3.95,4.08,3.95,4.08,4.08,1146
2013-01-15,4.0798,4.0798,3.95,4.07,4.07,900
2013-01-16,3.99,4,3.95,3.99,3.99,1759
2013-01-17,4.06,4.07,3.9546,3.9546,3.9546,1061
2013-01-18,3.96,3.96,3.95,3.95,3.95,600
2013-01-22,4.06,4.06,3.9701,4.06,4.06,1900
2013-01-23,4.05,4.1,4.05,4.07,4.07,1542
2013-01-24,4.09,4.09,4.08,4.08,4.08,876
2013-01-25,4,4.01,3.99,4.01,4.01,1975
2013-01-28,4.01,4.01,4.01,4.01,4.01,154
2013-01-29,4.0999,4.1,4.0101,4.1,4.1,3300
2013-01-30,4.1,4.1,3.97,3.97,3.97,903
2013-01-31,4.042,4.042,3.9501,3.9501,3.9501,568
2013-02-01,3.94,4.1,3.94,3.96,3.96,2813
2013-02-04,4.0999,4.0999,3.98,4.01,4.01,800
2013-02-05,4.01,4.0599,4,4.01,4.01,800
2013-02-06,4.1,4.1,4.01,4.083,4.083,769
2013-02-07,4.01,4.1,4.01,4.0732,4.0732,1567
2013-02-08,4.0999,4.2,4.0999,4.15,4.15,2162
2013-02-11,4.15,4.15,4.06,4.06,4.06,726
2013-02-12,4.06,4.12,4.05,4.05,4.05,1999
2013-02-13,4.05,4.14,4.05,4.134,4.134,1605
2013-02-14,4.19,4.19,4.0501,4.0501,4.0501,300
2013-02-15,4.09,4.15,4.09,4.15,4.15,1057
2013-02-19,4.2,4.25,4.2,4.25,4.25,4434
2013-02-20,4.24,4.24,4.2116,4.2143,4.2143,1400
2013-02-21,4.21,4.21,4.15,4.15,4.15,2952
2013-02-22,4.24,4.25,4.2,4.2,4.2,5236
2013-02-25,4.25,4.25,4.15,4.15,4.15,4201
2013-02-26,4.17,4.19,4.154,4.19,4.19,500
2013-02-27,4.226,4.241,4.2,4.22,4.22,2300
2013-02-28,4.18,4.2,4.15,4.15,4.15,400
2013-03-01,4.15,4.24,4.15,4.22,4.22,935
2013-03-04,4.24,4.2428,4.15,4.2428,4.2428,860
2013-03-05,4.24,4.5,4.24,4.29,4.29,4660
2013-03-06,4.46,4.47,4.2631,4.29,4.29,2770
2013-03-07,4.29,4.29,4.29,4.29,4.29,300
2013-03-08,4.2001,4.2001,4.2001,4.2001,4.2001,100
2013-03-11,4.21,4.4999,4.2,4.2001,4.2001,5518
2013-03-12,4.26,4.42,4.26,4.39,4.39,1028
2013-03-13,4.34,4.34,4.23,4.24,4.24,2073
2013-03-14,4.21,4.28,4.2001,4.237,4.237,1449
2013-03-15,4.4,4.4,4.27,4.27,4.27,1017
2013-03-18,4.35,4.35,4.238,4.238,4.238,1150
2013-03-19,4.49,4.49,4.21,4.24,4.24,6048
2013-03-20,4.3,4.51,4.3,4.35,4.35,5611
2013-03-21,4.39,4.4999,4.39,4.45,4.45,6038
2013-03-25,4.5,4.52,4.48,4.5,4.5,3345
2013-03-26,4.54,4.54,4.53,4.532,4.532,4488
2013-03-27,4.5,4.6999,4.5,4.6999,4.6999,1332
2013-03-28,4.71,4.8,4.5201,4.604,4.604,1731
2013-04-01,4.65,4.65,4.58,4.63,4.63,2293
2013-04-02,4.77,4.97,4.63,4.63,4.63,1373
2013-04-03,4.67,4.7,4.6,4.6,4.6,1623
2013-04-04,4.41,4.7,4.35,4.35,4.35,10359
2013-04-05,4.38,4.59,4.38,4.59,4.59,300
2013-04-08,4.65,4.65,4.31,4.45,4.45,9554
2013-04-09,4.47,4.6,4.4601,4.6,4.6,1440
2013-04-10,4.57,4.57,4.5,4.52,4.52,1625
2013-04-11,4.5,4.501,4.49,4.49,4.49,1610
2013-04-12,4.52,4.62,4.45,4.47,4.47,3910
2013-04-16,4.52,4.52,4.45,4.48,4.48,3528
2013-04-18,4.37,4.37,4.37,4.37,4.37,100
2013-04-19,4.53,4.85,4.11,4.2,4.2,13777
2013-04-22,4.3,4.4589,4.2,4.2,4.2,1000
2013-04-23,4.392,4.4399,4.2,4.2,4.2,1019
2013-04-24,4.42,4.52,4.25,4.25,4.25,3317
2013-04-25,4.26,4.4799,4.21,4.39,4.39,525
2013-04-26,4.38,4.4,4.38,4.39,4.39,442
2013-04-29,4.27,4.3149,4.27,4.3149,4.3149,1125
2013-04-30,4.38,4.39,4.31,4.36,4.36,5545
2013-05-01,4.36,4.36,4.36,4.36,4.36,100
2013-05-02,4.3101,4.4399,4.25,4.331,4.331,810
2013-05-03,4.34,4.361,4.34,4.36,4.36,3113
2013-05-06,4.25,4.41,4.25,4.33,4.33,430
2013-05-07,4.34,4.34,4.33,4.33,4.33,761
2013-05-08,4.3,4.35,4.3,4.32,4.32,1150
2013-05-09,4.35,4.35,4.35,4.35,4.35,625
2013-05-10,4.39,4.39,4.3799,4.39,4.39,1238
2013-05-13,4.85,4.85,4.35,4.39,4.39,3703
2013-05-14,4.32,4.4,4.32,4.32,4.32,1876
2013-05-15,4.32,4.747,4.32,4.33,4.33,3290
2013-05-16,4.48,4.48,4.33,4.33,4.33,600
2013-05-17,4.47,4.6199,4.41,4.44,4.44,3900
2013-05-20,4.5,4.55,4.37,4.5,4.5,15362
2013-05-21,4.5,4.51,4.49,4.49,4.49,7844
2013-05-22,4.487,4.5,4.464,4.5,4.5,500
2013-05-23,4.4,4.45,4.4,4.43,4.43,1826
2013-05-24,4.4,4.49,4.37,4.46,4.46,1100
2013-05-28,4.57,4.57,4.57,4.57,4.57,515
2013-05-29,4.59,4.59,4.4899,4.4899,4.4899,8015
2013-05-30,4.35,4.4799,4.35,4.4799,4.4799,227
2013-05-31,4.35,4.449,4.35,4.35,4.35,2089
2013-06-03,4.4,4.4,4.35,4.4,4.4,1744
2013-06-04,4.37,4.3899,4.35,4.35,4.35,5100
2013-06-05,4.4,4.4,4.35,4.35,4.35,3202
2013-06-06,4.44,4.44,4.27,4.27,4.27,525
2013-06-07,4.29,4.29,4.29,4.29,4.29,300
2013-06-10,4.27,4.32,4.21,4.21,4.21,2550
2013-06-11,4.22,4.3,4.22,4.3,4.3,1900
2013-06-12,4.279,4.57,4.27,4.57,4.57,4950
2013-06-13,4.58,4.58,4.41,4.46,4.46,2140
2013-06-14,4.46,4.74,4.46,4.74,4.74,6025
2013-06-17,4.77,4.85,4.77,4.7772,4.7772,3801
2013-06-18,4.66,4.826,4.47,4.7481,4.7481,6651
2013-06-19,4.75,4.7999,4.28,4.35,4.35,15471
2013-06-20,4.51,4.55,4.28,4.28,4.28,3930
2013-06-21,4.28,4.49,4.2,4.49,4.49,3375
2013-06-24,4.47,4.47,4.17,4.21,4.21,3201
2013-06-25,4.38,4.575,4.27,4.47,4.47,3940
2013-06-26,4.4699,4.4699,4.32,4.32,4.32,750
2013-06-27,4.23,4.41,4.23,4.41,4.41,700
2013-06-28,4.3,4.47,4.29,4.47,4.47,1369
2013-07-01,4.3,4.36,4.3,4.35,4.35,2621
2013-07-02,4.439,4.439,4.42,4.42,4.42,1025
2013-07-03,4.42,4.52,4.42,4.48,4.48,2908
2013-07-05,4.44,4.44,4.4,4.4,4.4,200
2013-07-09,4.4,4.4,4.29,4.4,4.4,1207
2013-07-10,4.467,4.4695,4.34,4.35,4.35,1600
2013-07-11,4.31,4.31,4.31,4.31,4.31,1500
2013-07-12,4.43,4.43,4.24,4.352,4.352,1221
2013-07-15,4.29,4.59,4.29,4.59,4.59,3614
2013-07-16,4.2801,4.62,4.2801,4.5499,4.5499,17363
2013-07-17,4.5999,4.5999,4.5065,4.5915,4.5915,2700
2013-07-18,4.5999,4.6,4.55,4.6,4.6,1500
2013-07-19,4.51,4.51,4.5,4.5,4.5,700
2013-07-22,4.5,4.5915,4.47,4.48,4.48,1502
2013-07-23,4.46,4.48,4.45,4.48,4.48,1108
2013-07-24,4.48,4.48,4.47,4.479,4.479,1510
2013-07-25,4.48,4.5476,4.48,4.5476,4.5476,1026
2013-07-26,4.57,4.6,4.57,4.6,4.6,1000
2013-07-29,4.6,4.6,4.331,4.59,4.59,1400
2013-07-30,4.4,4.6,4.4,4.6,4.6,6854
2013-07-31,4.5999,4.6,4.5517,4.6,4.6,2642
2013-08-01,4.6,4.6,4.577,4.577,4.577,700
2013-08-02,4.56,4.56,4.54,4.5599,4.5599,3030
2013-08-05,4.44,4.5599,4.44,4.55,4.55,900
2013-08-06,4.35,4.55,4.35,4.55,4.55,5275
2013-08-07,4.45,4.59,4.45,4.461,4.461,1357
2013-08-08,4.45,4.56,4.45,4.47,4.47,1805
2013-08-09,4.6,4.67,4.55,4.66,4.66,66477
2013-08-12,4.66,4.68,4.6486,4.6486,4.6486,31744
2013-08-13,4.6201,4.63,4.5972,4.62,4.62,14551
2013-08-14,4.57,4.62,4.57,4.62,4.62,3700
2013-08-15,4.66,4.66,4.55,4.66,4.66,4950
2013-08-16,4.5,4.65,4.5,4.65,4.65,3872
2013-08-19,4.67,4.9575,4.6598,4.85,4.85,58208
2013-08-20,4.85,5.25,4.85,5.08,5.08,17500
2013-08-21,5.249,5.37,5.15,5.36,5.36,22173
2013-08-22,5.54,5.55,5.36,5.45,5.45,16225
2013-08-23,5.4501,5.4501,5.21,5.39,5.39,6274
2013-08-26,5.38,5.3899,5.2501,5.2501,5.2501,3840
2013-08-27,5.25,5.34,5.25,5.25,5.25,9935
2013-08-28,5.21,5.4999,5.21,5.44,5.44,2582
2013-08-29,5.33,5.35,5.22,5.23,5.23,5837
2013-08-30,5.22,5.24,5.21,5.24,5.24,1100
2013-09-03,5.21,5.3299,5.21,5.24,5.24,4830
2013-09-04,5.27,5.389,5.2199,5.38,5.38,10255
2013-09-05,5.33,5.37,5.21,5.21,5.21,7017
2013-09-06,5.37,5.37,5.34,5.34,5.34,600
2013-09-09,5.38,5.38,5.1812,5.3,5.3,2114
2013-09-10,5.3,5.32,5.1,5.15,5.15,1284
2013-09-11,5.21,5.35,5.12,5.2,5.2,900
2013-09-12,5.26,5.35,5.25,5.3499,5.3499,15323
2013-09-13,5.339,5.35,5.31,5.3175,5.3175,10551
2013-09-16,5.31,5.48,5.31,5.36,5.36,16715
2013-09-17,5.35,5.42,5.35,5.35,5.35,18717
2013-09-18,5.39,5.3999,5.3536,5.358,5.358,4139
2013-09-19,5.45,5.45,5.4,5.4,5.4,3905
2013-09-20,5.419,5.5,5.419,5.5,5.5,6811
2013-09-23,5.5,5.75,5.45,5.5928,5.5928,7110
2013-09-24,5.59,5.65,5.501,5.561,5.561,10020
2013-09-25,5.57,5.6,5.37,5.59,5.59,13487
2013-09-26,5.6,5.62,5.587,5.62,5.62,1600
2013-09-27,5.65,5.7,5.6301,5.7,5.7,2650
2013-09-30,5.7499,5.7499,5.31,5.739,5.739,10789
2013-10-01,5.7499,5.75,5.5601,5.58,5.58,3217
2013-10-02,5.65,5.75,5.48,5.57,5.57,6485
2013-10-03,5.48,5.56,5.48,5.5551,5.5551,1357
2013-10-04,5.53,5.599,5.35,5.35,5.35,9850
2013-10-07,5.44,5.6,5.44,5.6,5.6,1300
2013-10-08,5.4101,5.58,5.4101,5.58,5.58,400
2013-10-09,5.599,5.6,5.35,5.3665,5.3665,1402
2013-10-10,5.41,5.72,5.26,5.36,5.36,13577
2013-10-11,5.42,5.59,5.42,5.55,5.55,5790
2013-10-14,5.74,5.74,5.261,5.72,5.72,6298
2013-10-15,5.72,5.7396,5.7,5.7,5.7,6588
2013-10-16,5.62,5.7399,5.43,5.43,5.43,2345
2013-10-17,5.36,5.56,5.36,5.54,5.54,13165
2013-10-18,5.67,5.74,5.66,5.72,5.72,10362
2013-10-21,5.75,5.86,5.73,5.86,5.86,13560
2013-10-22,5.8,5.86,5.8,5.84,5.84,12139
2013-10-23,5.84,5.86,5.63,5.7501,5.7501,3349
2013-10-24,5.82,5.95,5.8,5.949,5.949,16510
2013-10-25,5.95,6.52,5.95,6.5,6.5,14710
2013-10-28,6.5,6.969,6.49,6.61,6.61,29577
2013-10-29,6.67,6.9925,6.2979,6.4899,6.4899,14518
2013-10-30,7.6,7.6,6.05,6.05,6.05,14210
2013-10-31,6.83,6.83,6,6.43,6.43,13605
2013-11-01,6.49,6.65,6.24,6.45,6.45,2460
2013-11-04,6.4,6.4,6.1,6.299,6.299,9128
2013-11-05,6.25,6.3999,6.2,6.3,6.3,11888
2013-11-06,6.85,6.85,6.317,6.77,6.77,11364
2013-11-07,6.59,6.765,6.34,6.65,6.65,6088
2013-11-08,6.55,6.65,6.48,6.6385,6.6385,4655
2013-11-11,6.53,6.7499,6.48,6.49,6.49,9068
2013-11-12,6.59,6.617,6.48,6.48,6.48,12101
2013-11-13,6.23,6.23,5.75,5.8,5.8,38700
2013-11-14,5.89,5.93,5.84,5.84,5.84,3853
2013-11-15,5.99,5.99,5.78,5.89,5.89,15139
2013-11-18,5.93,6.08,5.75,5.85,5.85,32099
2013-11-19,5.83,5.8499,5.699,5.79,5.79,12982
2013-11-20,5.79,5.79,5.74,5.75,5.75,4780
2013-11-21,5.82,5.8901,5.78,5.89,5.89,6210
2013-11-22,5.94,5.94,5.79,5.83,5.83,6667
2013-11-25,5.64,5.83,5.64,5.81,5.81,500
2013-11-26,5.85,5.98,5.8,5.9688,5.9688,10672
2013-11-27,5.97,6.1099,5.97,6.1099,6.1099,1750
2013-11-29,6.02,6.12,6.02,6.12,6.12,2859
2013-12-02,6.15,6.1773,6.123,6.1773,6.1773,5630
2013-12-03,6.13,6.1501,5.98,6,6,3620
2013-12-04,5.94,6.19,5.9,6.06,6.06,5658
2013-12-05,6.08,6.17,5.891,6.17,6.17,2752
2013-12-06,6.2,6.22,6,6.22,6.22,3925
2013-12-09,6.05,6.11,6.05,6.11,6.11,1551
2013-12-10,6.04,6.1499,6.01,6.06,6.06,9562
2013-12-11,6.11,6.179,6.11,6.1499,6.1499,3643
2013-12-12,6.09,6.25,6.09,6.25,6.25,9238
2013-12-13,6.26,6.33,6.15,6.18,6.18,4047
2013-12-16,6.24,6.3,6.2,6.3,6.3,4292
2013-12-17,6.3,6.37,6.13,6.18,6.18,3420
2013-12-18,6.19,6.39,6.165,6.39,6.39,5771
2013-12-19,6.28,6.35,6.21,6.25,6.25,2930
2013-12-20,6.19,6.3899,6.17,6.2,6.2,1862
2013-12-23,6.28,6.39,6.2006,6.39,6.39,4913
2013-12-24,6.2608,6.38,6.2608,6.38,6.38,1874
2013-12-26,6.28,6.3799,6.28,6.37,6.37,3662
2013-12-27,6.4,6.4,6.25,6.25,6.25,11961
2013-12-30,6.26,6.26,6.22,6.26,6.26,2611
2013-12-31,6.3348,6.3899,6.25,6.29,6.29,2966
2014-01-02,6.21,6.29,6.11,6.1361,6.1361,5212
2014-01-03,6.25,6.3499,6.15,6.3499,6.3499,927
2014-01-06,6.38,6.4,6.17,6.29,6.29,9448
2014-01-07,6.3,6.3,6.11,6.14,6.14,6848
2014-01-08,6.1,6.15,6.1,6.14,6.14,1768
2014-01-09,6.1,6.1556,6.0101,6.1556,6.1556,11345
2014-01-10,6.1799,6.1799,6.072,6.072,6.072,1710
2014-01-13,6.05,6.0999,6,6.0999,6.0999,17695
2014-01-14,6.1,6.1545,6.05,6.05,6.05,3602
2014-01-15,6,6.06,5.9999,6.02,6.02,3467
2014-01-16,5.94,6.142,5.87,6.0199,6.0199,5961
2014-01-17,6,6.1399,5.92,6.1399,6.1399,7609
2014-01-21,6.13,6.13,6.01,6.01,6.01,5523
2014-01-22,6.02,6.12,6.0111,6.12,6.12,9433
2014-01-23,6.07,6.118,6.01,6.01,6.01,2475
2014-01-24,6.115,6.258,6.07,6.258,6.258,10391
2014-01-27,6.19,6.4,6.12,6.16,6.16,10819
2014-01-28,6.25,6.4,6.21,6.21,6.21,2911
2014-01-29,6.33,6.4,6.3,6.34,6.34,3973
2014-01-30,6.37,6.3999,6.34,6.36,6.36,1707
2014-01-31,6.1801,6.1801,6.1801,6.1801,6.1801,460
2014-02-03,6.27,6.5,6.038,6.42,6.42,3114
2014-02-04,6.11,6.41,6.11,6.36,6.36,3338
2014-02-06,6.21,6.255,6.1917,6.1917,6.1917,2263
2014-02-07,6.29,6.3,6.22,6.22,6.22,951
2014-02-10,6.33,6.3442,6.251,6.268,6.268,2410
2014-02-11,6.27,6.3399,6.25,6.25,6.25,1021
2014-02-12,6.25,6.34,6.25,6.34,6.34,2187
2014-02-13,6.369,6.3699,6.369,6.3699,6.3699,1184
2014-02-14,6.44,6.44,6.31,6.3101,6.3101,4125
2014-02-18,6.32,6.3321,6.32,6.3321,6.3321,1062
2014-02-20,6.3501,6.3501,6.3,6.3,6.3,4922
2014-02-21,6.3546,6.3699,6.2001,6.32,6.32,1290
2014-02-24,6.16,6.3235,6.14,6.26,6.26,1194
2014-02-25,6.2704,6.35,6.2501,6.35,6.35,5770
2014-02-26,6.35,6.35,6.2736,6.2736,6.2736,2670
2014-02-27,6.4499,6.5,6.221,6.5,6.5,4184
2014-02-28,6.49,6.5,6.43,6.43,6.43,2114
2014-03-03,6.52,6.5899,6.35,6.55,6.55,3472
2014-03-04,6.6,6.6,6.4001,6.45,6.45,5069
2014-03-05,6.5,6.5,6.45,6.45,6.45,23336
2014-03-06,6.45,6.5,6.45,6.4999,6.4999,19045
2014-03-07,6.33,6.5,6.32,6.4981,6.4981,6842
2014-03-10,6.5,6.5,6.462,6.462,6.462,1156
2014-03-11,6.5,6.5,6.3001,6.4999,6.4999,10233
2014-03-12,6.5,6.5,6.3742,6.3742,6.3742,2378
2014-03-13,6.48,6.48,6.465,6.465,6.465,540
2014-03-14,6.32,6.5,6.31,6.32,6.32,18593
2014-03-17,6.42,6.42,6.3,6.32,6.32,11376
2014-03-18,6.3999,6.4,6.31,6.3991,6.3991,5749
2014-03-19,6.39,6.5,6.31,6.37,6.37,22717
2014-03-20,6.36,6.4062,6.36,6.4062,6.4062,9305
2014-03-21,6.45,6.48,6.401,6.48,6.48,1632
2014-03-24,6.361,6.5,6.361,6.365,6.365,2401
2014-03-25,6.5,6.5,6.4001,6.41,6.41,795
2014-03-26,6.5,6.5,6.412,6.49,6.49,6861
2014-03-27,6.465,6.5,6.3986,6.3986,6.3986,1219
2014-03-28,6.38,6.58,6.38,6.3901,6.3901,3108
2014-03-31,6.52,6.5899,6.38,6.49,6.49,10200
2014-04-01,6.51,6.52,6.3,6.3007,6.3007,13862
2014-04-02,6.302,6.4599,6.3,6.3,6.3,12599
2014-04-03,6.3,6.32,6.15,6.251,6.251,15236
2014-04-04,6.18,6.28,6.18,6.19,6.19,6332
2014-04-07,6.16,6.21,5.77,5.85,5.85,40735
2014-04-08,5.85,5.9499,5.771,5.91,5.91,16269
2014-04-09,5.95,6.26,5.95,6.09,6.09,11389
2014-04-10,6.1,6.1,5.991,6.0021,6.0021,1998
2014-04-11,6.04,6.04,6.04,6.04,6.04,227
2014-04-14,5.98,6.18,5.9221,6.079,6.079,2329
2014-04-15,6.04,6.04,5.95,5.95,5.95,4070
2014-04-16,5.95,5.988,5.85,5.922,5.922,3478
2014-04-17,5.92,6.1399,5.8501,6.1288,6.1288,5614
2014-04-21,6.02,6.229,5.9501,6.1463,6.1463,3578
2014-04-22,6.1499,6.209,6.07,6.12,6.12,9259
2014-04-23,6.12,6.12,5.86,5.9,5.9,3156
2014-04-24,5.98,6.11,5.94,6.11,6.11,2549
2014-04-25,6.08,6.1099,6.08,6.1099,6.1099,1221
2014-04-28,6.14,6.1986,5.9001,5.951,5.951,3257
2014-04-29,6,6.03,6,6.03,6.03,795
2014-04-30,6.12,6.121,6.1,6.12,6.12,1404
2014-05-01,6.17,6.17,6.1,6.1,6.1,1690
2014-05-02,6,6.0899,5.9501,5.9501,5.9501,3374
2014-05-05,6.02,6.1,5.9801,6.1,6.1,6005
2014-05-06,6.0101,6.13,6.0101,6.09,6.09,2045
2014-05-07,6.1499,6.1499,6.1101,6.1101,6.1101,310
2014-05-08,6.1,6.1,6,6,6,1139
2014-05-09,6.12,6.12,6,6.0309,6.0309,885
2014-05-12,6.15,6.15,6.04,6.04,6.04,463
2014-05-13,6.05,6.18,6.03,6.05,6.05,4139
2014-05-14,6.13,6.13,5.85,5.9,5.9,9285
2014-05-15,5.949,5.949,5.86,5.86,5.86,3064
2014-05-16,5.86,5.9,5.85,5.9,5.9,3868
2014-05-19,5.9499,5.9499,5.85,5.8999,5.8999,3332
2014-05-20,5.8601,5.97,5.85,5.88,5.88,3853
2014-05-21,5.93,5.95,5.75,5.84,5.84,8296
2014-05-22,5.801,5.841,5.75,5.769,5.769,5572
2014-05-23,5.71,5.83,5.5001,5.7859,5.7859,9830
2014-05-27,5.71,5.8,5.701,5.77,5.77,5674
2014-05-28,5.75,5.75,5.6,5.7299,5.7299,2839
2014-05-29,5.601,5.68,5.5531,5.5531,5.5531,10516
2014-05-30,5.52,5.52,5.14,5.4,5.4,6123
2014-06-02,5.39,5.559,5.39,5.45,5.45,1542
2014-06-03,5.4501,5.4699,5.4001,5.46,5.46,3815
2014-06-04,5.52,5.53,5.39,5.48,5.48,3970
2014-06-05,5.54,5.54,5.4,5.49,5.49,5667
2014-06-06,5.45,5.46,5.32,5.3414,5.3414,12020
2014-06-09,5.39,5.45,5.35,5.37,5.37,2068
2014-06-10,5.35,5.422,5.32,5.33,5.33,13168
2014-06-11,5.26,5.42,5.26,5.33,5.33,2566
2014-06-12,5.399,5.42,5.3712,5.38,5.38,2383
2014-06-13,5.43,5.4586,5.3,5.34,5.34,2879
2014-06-16,5.38,5.5,5.25,5.27,5.27,2817
2014-06-17,5.31,5.5,5.28,5.44,5.44,3294
2014-06-18,5.4899,5.4899,5.4,5.4499,5.4499,6034
2014-06-19,5.449,5.55,5.4028,5.44,5.44,3711
2014-06-20,5.48,5.52,5.41,5.5,5.5,7368
2014-06-23,5.4001,5.54,5.4001,5.51,5.51,7196
2014-06-24,5.4001,5.4001,5.4001,5.4001,5.4001,1289
2014-06-25,5.3801,5.53,5.3801,5.4028,5.4028,1280
2014-06-26,5.46,5.69,5.39,5.69,5.69,6245
2014-06-27,5.51,5.68,5.5,5.6704,5.6704,2673
2014-06-30,5.72,5.97,5.72,5.91,5.91,13972
2014-07-01,5.84,6,5.684,5.684,5.684,1499
2014-07-02,5.68,5.86,5.68,5.7901,5.7901,3845
2014-07-03,5.8799,5.98,5.8799,5.937,5.937,5234
2014-07-07,6,6.11,5.86,6.03,6.03,8219
2014-07-08,5.86,6.0403,5.85,5.9897,5.9897,2763
2014-07-09,5.9999,5.9999,5.86,5.98,5.98,584
2014-07-10,5.86,5.86,5.86,5.86,5.86,278
2014-07-11,5.869,5.89,5.86,5.89,5.89,831
2014-07-14,5.97,5.989,5.8601,5.9132,5.9132,3443
2014-07-15,5.98,5.9999,5.86,5.87,5.87,5130
2014-07-17,5.99,6.14,5.8,5.86,5.86,86500
2014-07-18,5.99,6.06,5.97,5.97,5.97,2229
2014-07-21,6,6,5.8,5.82,5.82,2093
2014-07-22,5.99,6.02,5.83,5.83,5.83,30802
2014-07-23,5.94,6.2,5.91,5.91,5.91,50857
2014-07-24,5.79,5.97,5.74,5.7665,5.7665,8618
2014-07-25,5.99,5.99,5.71,5.76,5.76,2999
2014-07-28,5.7,5.8,5.7,5.729,5.729,3689
2014-07-29,5.75,5.943,5.7011,5.74,5.74,18623
2014-07-30,5.83,5.83,5.6828,5.6828,5.6828,1879
2014-07-31,5.7,5.9499,5.67,5.6794,5.6794,3558
2014-08-01,5.67,5.77,5.65,5.7699,5.7699,1689
2014-08-04,5.69,5.7845,5.6499,5.78,5.78,5206
2014-08-05,5.757,5.757,5.55,5.56,5.56,2309
2014-08-06,5.55,5.61,5.52,5.61,5.61,752
2014-08-07,5.51,5.5201,5.51,5.52,5.52,1109
2014-08-08,5.52,5.77,5.52,5.69,5.69,1046
2014-08-11,5.734,5.81,5.66,5.66,5.66,28008
2014-08-12,5.76,5.81,5.68,5.783,5.783,9856
2014-08-13,5.7232,5.8195,5.61,5.61,5.61,9905
2014-08-14,5.5316,5.6999,5.5022,5.5312,5.5312,1306
2014-08-15,5.7199,5.7199,5.7124,5.7124,5.7124,449
2014-08-18,5.66,5.7299,5.5698,5.66,5.66,2396
2014-08-19,5.55,5.7,5.49,5.7,5.7,5403
2014-08-20,5.539,5.64,5.52,5.6,5.6,6079
2014-08-21,5.65,5.65,5.62,5.62,5.62,528
2014-08-22,5.45,5.64,5.4,5.488,5.488,8702
2014-08-25,5.62,5.6804,5.49,5.64,5.64,10334
2014-08-26,5.66,5.66,5.5,5.51,5.51,11995
2014-08-27,5.57,5.66,5.5,5.64,5.64,5211
2014-08-28,5.65,5.65,5.6072,5.65,5.65,1829
2014-08-29,5.64,5.64,5.54,5.562,5.562,2277
2014-09-02,5.5,5.64,5.49,5.49,5.49,5686
2014-09-03,5.6,5.6199,5.5,5.5,5.5,4073
2014-09-04,5.62,5.62,5.49,5.51,5.51,5266
2014-09-05,5.522,5.56,5.5,5.5,5.5,3960
2014-09-08,5.5,5.55,5.46,5.46,5.46,6100
2014-09-09,5.471,5.53,5.45,5.45,5.45,1995
2014-09-10,5.41,5.44,5.4,5.4,5.4,1700
2014-09-11,5.45,5.5099,5.15,5.27,5.27,18316
2014-09-12,5.25,5.4299,5.25,5.28,5.28,9961
2014-09-15,5.23,5.41,5.23,5.38,5.38,8704
2014-09-16,5.32,5.349,5.1536,5.25,5.25,7705
2014-09-17,5.3921,5.3921,5.263,5.32,5.32,3066
2014-09-18,5.33,5.3682,5.33,5.33,5.33,6078
2014-09-19,5.4,5.49,5.33,5.49,5.49,7291
2014-09-22,5.49,5.49,5.35,5.38,5.38,3086
2014-09-23,5.42,5.469,5.353,5.44,5.44,4626
2014-09-24,5.39,5.4003,5.35,5.35,5.35,1836
2014-09-25,5.27,5.41,5.27,5.41,5.41,7716
2014-09-26,5.22,5.49,5.22,5.46,5.46,9987
2014-09-29,5.46,5.5,5.42,5.4952,5.4952,5053
2014-09-30,5.5,5.52,5.45,5.51,5.51,2546
2014-10-01,5.61,5.61,5.37,5.4,5.4,9793
2014-10-02,5.29,5.625,5.281,5.4,5.4,4378
2014-10-03,5.65,5.65,5.3844,5.3844,5.3844,4572
2014-10-06,5.52,5.57,5.4,5.53,5.53,7764
2014-10-07,5.65,5.65,5.41,5.51,5.51,5809
2014-10-08,5.56,5.576,5.3801,5.5205,5.5205,3458
2014-10-09,5.5805,5.5805,5.3605,5.3605,5.3605,1598
2014-10-10,5.37,5.37,5.33,5.33,5.33,905
2014-10-13,5.26,5.466,5.26,5.27,5.27,6864
2014-10-14,5.37,5.48,5.28,5.33,5.33,6902
2014-10-15,5.27,5.38,5.233,5.38,5.38,11899
2014-10-16,5.26,5.43,5.25,5.4001,5.4001,6022
2014-10-17,5.484,5.484,5.25,5.25,5.25,2789
2014-10-20,5.25,5.422,5.25,5.422,5.422,1204
2014-10-21,5.42,5.5207,5.42,5.4926,5.4926,5532
2014-10-22,5.54,5.54,5.387,5.468,5.468,1065
2014-10-23,5.55,5.5501,5.49,5.55,5.55,4290
2014-10-24,5.55,5.63,5.4,5.549,5.549,5302
2014-10-27,5.55,5.63,5.55,5.55,5.55,8122
2014-10-28,5.58,5.5981,5.58,5.5981,5.5981,1208
2014-10-29,5.5276,5.556,5.5177,5.55,5.55,2127
2014-10-30,5.4001,5.6,5.4001,5.6,5.6,2010
2014-10-31,5.5,5.5,5.41,5.455,5.455,5072
2014-11-03,5.42,5.4892,5.3701,5.4742,5.4742,3279
2014-11-04,5.41,5.41,5.3732,5.39,5.39,825
2014-11-05,5.41,5.47,5.33,5.4099,5.4099,1812
2014-11-06,5.48,5.5485,5.48,5.5485,5.5485,1213
2014-11-07,5.56,5.6199,5.5001,5.5841,5.5841,3252
2014-11-10,5.45,5.52,5.45,5.52,5.52,546
2014-11-11,5.51,5.52,5.45,5.52,5.52,608
2014-11-12,5.5199,5.5199,5.37,5.38,5.38,1541
2014-11-13,5.3999,5.4899,5.399,5.434,5.434,5628
2014-11-14,5.48,5.789,5.48,5.754,5.754,21510
2014-11-17,5.8599,5.8599,5.6826,5.77,5.77,1813
2014-11-18,5.7,5.82,5.63,5.819,5.819,8605
2014-11-19,5.74,5.75,5.68,5.75,5.75,2583
2014-11-20,5.55,5.82,5.54,5.82,5.82,1518
2014-11-21,5.8,5.801,5.67,5.73,5.73,4411
2014-11-24,5.799,5.95,5.799,5.89,5.89,7034
2014-11-25,5.89,5.89,5.86,5.8601,5.8601,2518
2014-11-26,5.81,5.95,5.73,5.95,5.95,1965
2014-11-28,5.76,5.76,5.76,5.76,5.76,311
2014-12-01,5.76,5.9499,5.65,5.73,5.73,3238
2014-12-02,5.7644,5.7999,5.75,5.75,5.75,5131
2014-12-03,5.82,5.95,5.82,5.94,5.94,1704
2014-12-04,5.82,5.8351,5.752,5.7905,5.7905,1862
2014-12-05,5.8,5.81,5.8,5.81,5.81,1468
2014-12-08,5.9176,5.9176,5.81,5.8101,5.8101,1556
2014-12-09,5.85,5.92,5.62,5.8,5.8,6809
2014-12-10,5.84,5.8699,5.63,5.8299,5.8299,13876
2014-12-11,5.83,5.8501,5.62,5.62,5.62,3794
2014-12-12,5.8,5.8,5.5001,5.8,5.8,2360
2014-12-15,5.85,5.88,5.85,5.88,5.88,1653
2014-12-16,5.7,5.7399,5.7,5.7248,5.7248,3851
2014-12-17,5.9499,5.95,5.82,5.82,5.82,3240
2014-12-18,5.91,5.91,5.7058,5.91,5.91,690
2014-12-19,5.91,5.91,5.85,5.8501,5.8501,862
2014-12-22,5.91,5.91,5.76,5.85,5.85,6014
2014-12-23,5.94,5.94,5.7276,5.7276,5.7276,1611
2014-12-24,5.7896,5.872,5.51,5.73,5.73,8029
2014-12-26,5.88,5.88,5.73,5.73,5.73,2062
2014-12-29,5.7,5.87,5.66,5.66,5.66,4556
2014-12-30,5.73,5.7999,5.73,5.7357,5.7357,1013
2014-12-31,5.742,5.84,5.742,5.8,5.8,1302
2015-01-02,5.5001,5.92,5.5001,5.92,5.92,977
2015-01-05,5.88,5.8999,5.6501,5.8899,5.8899,2628
2015-01-06,5.77,5.8625,5.75,5.85,5.85,1841
2015-01-07,5.84,5.849,5.68,5.76,5.76,4763
2015-01-08,5.76,5.85,5.76,5.85,5.85,9051
2015-01-09,5.85,5.85,5.8248,5.8248,5.8248,1072
2015-01-12,5.82,5.8325,5.78,5.8255,5.8255,1519
2015-01-13,5.85,5.85,5.744,5.75,5.75,6819
2015-01-14,5.731,5.7781,5.73,5.73,5.73,12303
2015-01-15,5.71,5.8,5.7,5.71,5.71,9712
2015-01-16,5.7,5.8,5.7,5.8,5.8,9437
2015-01-20,5.81,5.89,5.8001,5.8899,5.8899,6245
2015-01-21,5.9,5.9,5.8,5.852,5.852,2996
2015-01-22,5.9,5.9,5.85,5.85,5.85,3966
2015-01-23,5.85,5.9,5.802,5.899,5.899,3741
2015-01-26,5.9,5.9,5.8001,5.9,5.9,836
2015-01-27,5.87,5.8999,5.87,5.89,5.89,1482
2015-01-28,5.87,5.9,5.8,5.8,5.8,1565
2015-01-29,5.9,5.9,5.8,5.83,5.83,5029
2015-01-30,5.791,5.8299,5.739,5.8299,5.8299,1180
2015-02-02,5.83,5.9,5.7001,5.8655,5.8655,6848
2015-02-03,5.9,5.9,5.7851,5.878,5.878,2221
2015-02-04,5.7301,5.78,5.7301,5.78,5.78,1450
2015-02-05,5.87,5.87,5.83,5.83,5.83,932
2015-02-06,5.87,5.9,5.7374,5.9,5.9,8373
2015-02-09,5.85,5.9,5.84,5.8499,5.8499,6280
2015-02-11,5.8613,5.899,5.85,5.882,5.882,4410
2015-02-12,5.9,5.95,5.8151,5.905,5.905,4448
2015-02-13,5.93,5.93,5.86,5.88,5.88,3294
2015-02-17,5.7514,5.7657,5.7514,5.7657,5.7657,1493
2015-02-18,5.9,5.9,5.7648,5.86,5.86,6698
2015-02-19,5.95,5.95,5.7925,5.9,5.9,1898
2015-02-20,5.9499,5.9499,5.9,5.9499,5.9499,1129
2015-02-23,5.95,5.95,5.7624,5.9,5.9,2841
2015-02-24,5.95,5.95,5.76,5.9,5.9,5754
2015-02-25,5.95,5.95,5.78,5.85,5.85,9200
2015-02-26,5.95,5.95,5.8,5.82,5.82,2152
2015-02-27,5.9,5.9499,5.9,5.9499,5.9499,2686
2015-03-02,5.95,6,5.85,5.94,5.94,25148
2015-03-03,5.86,5.9774,5.86,5.9614,5.9614,3430
2015-03-04,5.97,5.98,5.9,5.9,5.9,4896
2015-03-05,5.86,5.9,5.86,5.89,5.89,6815
2015-03-06,5.85,5.9,5.85,5.8999,5.8999,995
2015-03-09,5.85,5.9001,5.85,5.9,5.9,10973
2015-03-10,6,6,5.7922,5.98,5.98,1007
2015-03-11,5.931,5.95,5.855,5.86,5.86,783
2015-03-12,5.938,5.96,5.85,5.9,5.9,4914
2015-03-13,5.9,5.93,5.77,5.9289,5.9289,2157
2015-03-16,5.95,5.9799,5.95,5.96,5.96,3214
2015-03-17,5.97,5.97,5.97,5.97,5.97,137
2015-03-18,5.8001,5.9622,5.8001,5.91,5.91,2914
2015-03-19,5.86,5.968,5.86,5.965,5.965,1926
2015-03-20,5.94,5.94,5.81,5.85,5.85,3263
2015-03-23,5.85,5.85,5.761,5.81,5.81,5610
2015-03-24,5.85,5.982,5.8201,5.982,5.982,2732
2015-03-25,6,6,5.8999,5.8999,5.8999,3829
2015-03-26,5.8899,5.93,5.81,5.83,5.83,1119
2015-03-27,5.93,6.1,5.93,6.08,6.08,38489
2015-03-30,6.09,6.24,6.0588,6.2,6.2,6302
2015-03-31,6.2,6.2,5.93,5.93,5.93,4008
2015-04-01,6.05,6.13,5.95,5.95,5.95,13221
2015-04-02,5.98,6.25,5.98,6.15,6.15,6751
2015-04-06,6.18,6.249,6.01,6.19,6.19,6889
2015-04-07,6.24,6.2499,6.1,6.14,6.14,9086
2015-04-08,6.1844,6.1844,6.1001,6.17,6.17,1704
2015-04-09,6.17,6.2,6.01,6.2,6.2,10354
2015-04-10,6.12,6.1976,6.12,6.1976,6.1976,361
2015-04-13,6.13,6.2,6.0328,6.15,6.15,7566
2015-04-14,6.15,6.2,6.1,6.1501,6.1501,5541
2015-04-15,6.11,6.2,6.05,6.2,6.2,5241
2015-04-16,6.188,6.2,6.1501,6.2,6.2,3412
2015-04-17,6.2,6.2,6.16,6.1999,6.1999,4025
2015-04-20,6.2,6.2,6,6.11,6.11,5580
2015-04-21,6.2,6.2,6.19,6.2,6.2,4318
2015-04-22,6.25,6.25,6.2,6.23,6.23,3182
2015-04-23,6.23,6.6,6.2,6.31,6.31,12913
2015-04-24,6.57,6.57,6.3392,6.45,6.45,7086
2015-04-27,6.41,6.41,6.25,6.27,6.27,2965
2015-04-28,6.33,6.55,6.33,6.49,6.49,1695
2015-04-29,6.7,6.7,6.36,6.54,6.54,15870
2015-04-30,6.61,6.62,6.4,6.42,6.42,14982
2015-05-01,6.4,6.67,6.22,6.6001,6.6001,5273
2015-05-04,6.67,6.9,6.4,6.5,6.5,20569
2015-05-05,6.69,6.72,6.51,6.6,6.6,11173
2015-05-06,6.74,6.74,6.5111,6.62,6.62,4723
2015-05-07,6.66,6.74,6.56,6.56,6.56,7976
2015-05-08,6.73,6.74,6.51,6.52,6.52,5751
2015-05-11,6.46,6.7499,6.41,6.73,6.73,28464
2015-05-12,6.75,6.98,6.56,6.83,6.83,25840
2015-05-13,7.23,7.23,6.85,7.13,7.13,34126
2015-05-14,7.2,7.2,7,7.06,7.06,20181
2015-05-15,7.16,7.2,6.6308,6.99,6.99,26988
2015-05-18,7.15,7.15,6.7,6.712,6.712,25469
2015-05-19,6.79,6.87,6.67,6.75,6.75,7290
2015-05-20,6.85,6.96,6.75,6.8599,6.8599,3385
2015-05-21,6.85,6.89,6.75,6.84,6.84,1584
2015-05-22,6.86,6.939,6.75,6.89,6.89,1948
2015-05-26,6.9,6.9,6.6,6.7,6.7,8523
2015-05-27,6.78,6.89,6.682,6.84,6.84,9742
2015-05-28,6.89,6.94,6.7601,6.92,6.92,4256
2015-05-29,6.81,6.8969,6.81,6.8416,6.8416,2141
2015-06-01,6.9,6.9,6.65,6.72,6.72,21440
2015-06-02,6.78,6.82,6.61,6.81,6.81,10803
2015-06-03,6.7816,6.83,6.7816,6.798,6.798,1051
2015-06-04,6.8,6.82,6.7101,6.78,6.78,7149
2015-06-05,6.8,6.8,6.55,6.8,6.8,5135
2015-06-08,6.754,6.8,6.754,6.8,6.8,1825
2015-06-09,6.78,6.8,6.76,6.8,6.8,4611
2015-06-10,6.8,6.8467,6.8,6.8,6.8,918
2015-06-11,6.84,6.84,6.71,6.82,6.82,1543
2015-06-12,6.8399,6.8399,6.7475,6.7857,6.7857,435
2015-06-15,6.818,6.8256,6.8,6.8044,6.8044,2915
2015-06-16,6.74,6.83,6.74,6.8,6.8,1211
2015-06-17,6.81,6.94,6.81,6.87,6.87,4530
2015-06-18,6.95,6.95,6.8984,6.93,6.93,4429
2015-06-19,6.9134,6.9134,6.8801,6.9,6.9,1281
2015-06-22,6.89,7,6.63,6.64,6.64,28064
2015-06-23,6.56,6.8919,6.56,6.81,6.81,2546
2015-06-24,6.81,6.97,6.81,6.97,6.97,948
2015-06-25,6.9414,6.9773,6.9414,6.9773,6.9773,581
2015-06-26,6.9899,7,6.95,7,7,11550
2015-06-29,6.97,6.981,6.8,6.83,6.83,2371
2015-06-30,6.8001,6.96,6.8001,6.92,6.92,1293
2015-07-01,6.9449,6.989,6.7701,6.989,6.989,1274
2015-07-02,6.8953,6.99,6.8175,6.91,6.91,2768
2015-07-06,6.998,6.998,6.7701,6.9,6.9,3674
2015-07-07,6.7801,6.94,6.7801,6.9,6.9,2006
2015-07-08,6.89,6.99,6.7841,6.89,6.89,2505
2015-07-09,6.88,6.88,6.75,6.87,6.87,7848
2015-07-10,7,7,6.87,6.87,6.87,485
2015-07-13,6.76,7,6.682,6.99,6.99,10585
2015-07-14,6.99,7,6.925,7,7,10303
2015-07-15,7,7,6.8379,6.9099,6.9099,15407
2015-07-16,6.86,6.8973,6.85,6.8973,6.8973,866
2015-07-17,6.96,6.98,6.94,6.95,6.95,3871
2015-07-20,6.87,6.9527,6.87,6.89,6.89,3852
2015-07-21,6.9,7.58,6.9,7.5,7.5,12174
2015-07-22,7.28,7.49,7.154,7.36,7.36,9549
2015-07-23,7.4,7.4,7.05,7.3,7.3,4475
2015-07-24,7.4,7.4,7.1,7.31,7.31,11272
2015-07-27,7.4,7.4,7.1001,7.16,7.16,22374
2015-07-28,7.26,7.299,7.15,7.15,7.15,2532
2015-07-29,7.26,7.41,7.15,7.37,7.37,10947
2015-07-30,7.41,7.41,7.2501,7.34,7.34,6232
2015-07-31,7.41,7.97,7.3792,7.6,7.6,24801
2015-08-03,7.86,8.1,7.4955,7.62,7.62,22072
2015-08-04,7.7,7.7127,7.4401,7.5,7.5,6039
2015-08-05,7.38,7.59,7.31,7.43,7.43,12332
2015-08-06,7.42,7.59,7.1615,7.41,7.41,8788
2015-08-07,7.39,7.524,7.2442,7.31,7.31,3821
2015-08-10,7.42,7.6,7.37,7.49,7.49,11800
2015-08-11,7.48,7.59,7.16,7.16,7.16,10535
2015-08-12,7.2,7.2,7.12,7.12,7.12,1843
2015-08-13,7.12,7.22,7.12,7.16,7.16,1927
2015-08-14,7.12,7.6,7.12,7.43,7.43,10884
2015-08-17,7.16,7.456,7.12,7.25,7.25,2305
2015-08-18,7.16,7.38,7,7.37,7.37,18650
2015-08-19,7.26,7.3799,7.26,7.29,7.29,8167
2015-08-20,7.15,7.248,6.99,7,7,24849
2015-08-21,6.93,7.0038,6.86,6.9,6.9,9480
2015-08-24,6.85,6.88,4.5,6.21,6.21,102080
2015-08-25,6.57,6.92,6,6.2176,6.2176,201549
2015-08-26,6.45,6.6057,6.2,6.25,6.25,10682
2015-08-27,6.3,6.92,6.3,6.8899,6.8899,12587
2015-08-28,6.42,6.81,6.4158,6.62,6.62,4549
2015-08-31,6.29,6.95,6.29,6.91,6.91,7204
2015-09-01,6.77,6.89,6.51,6.75,6.75,18447
2015-09-02,6.71,6.86,6.7,6.8,6.8,2239
2015-09-03,6.75,6.83,6.53,6.63,6.63,5999
2015-09-04,6.556,6.84,6.5,6.66,6.66,17958
2015-09-08,6.86,6.99,6.511,6.77,6.77,9542
2015-09-09,6.69,7.25,6.68,6.94,6.94,13335
2015-09-10,6.925,7.1,6.5964,6.63,6.63,10786
2015-09-11,6.77,7,6.6,6.94,6.94,7949
2015-09-14,7,7,6.6,6.96,6.96,6175
2015-09-15,6.86,6.99,6.6879,6.99,6.99,2744
2015-09-16,6.98,6.98,6.6,6.76,6.76,9384
2015-09-17,6.79,6.79,6.62,6.79,6.79,1634
2015-09-18,6.79,6.8,6.62,6.62,6.62,14056
2015-09-21,6.7,6.79,6.6,6.6,6.6,11286
2015-09-22,6.65,6.7082,6.65,6.7082,6.7082,1844
2015-09-23,6.75,6.9499,6.7,6.7,6.7,5580
2015-09-24,6.67,6.7632,6.67,6.7,6.7,1256
2015-09-25,6.8005,6.91,6.6301,6.91,6.91,3981
2015-09-28,6.82,6.859,6.59,6.63,6.63,2775
2015-09-29,6.64,6.735,6.6,6.6,6.6,1081
2015-09-30,6.68,6.75,6.6,6.674,6.674,2582
2015-10-01,6.75,6.75,6.75,6.75,6.75,915
2015-10-02,6.72,6.9,6.6887,6.73,6.73,4026
2015-10-05,6.74,6.8199,6.71,6.81,6.81,4843
2015-10-06,6.85,6.87,6.8001,6.87,6.87,3702
2015-10-07,6.79,6.86,6.75,6.76,6.76,5011
2015-10-08,6.8,6.8,6.67,6.72,6.72,2018
2015-10-09,6.725,6.8688,6.725,6.75,6.75,1891
2015-10-12,6.75,6.9,6.75,6.8599,6.8599,4448
2015-10-13,6.9,6.9,6.8,6.8,6.8,4661
2015-10-14,6.8,6.8345,6.8,6.8288,6.8288,2384
2015-10-15,6.8399,6.84,6.69,6.84,6.84,4002
2015-10-16,6.72,6.828,6.71,6.74,6.74,5769
2015-10-19,6.7475,6.81,6.7333,6.7333,6.7333,7051
2015-10-20,6.81,7,6.72,7,7,18027
2015-10-21,7.01,7.1993,6.85,7.073,7.073,8344
2015-10-22,7.1575,7.1575,7.03,7.03,7.03,7595
2015-10-23,7.036,7.1135,7.036,7.05,7.05,834
2015-10-26,7.1513,7.2176,7.15,7.2176,7.2176,7097
2015-10-27,7.21,7.2485,7.1,7.17,7.17,3643
2015-10-28,7.13,7.2599,7.13,7.2101,7.2101,4895
2015-10-29,7.31,7.49,7.24,7.49,7.49,14176
2015-10-30,7.49,7.75,7.4,7.56,7.56,33463
2015-11-02,7.796,7.99,7.5,7.84,7.84,19604
2015-11-03,7.75,8,7.75,7.92,7.92,11003
2015-11-04,7.98,8,7.89,7.9348,7.9348,16196
2015-11-05,7.89,8.1,7.89,8.05,8.05,14046
2015-11-06,8.051,8.0725,7.89,7.9895,7.9895,9485
2015-11-09,8.1,8.2,7.9804,8,8,9420
2015-11-10,8.04,8.05,7.95,8.04,8.04,10968
2015-11-11,7.932,8.0376,7.75,7.777,7.777,17208
2015-11-12,7.85,7.9,7.7245,7.89,7.89,12468
2015-11-13,7.8128,8.1299,7.51,7.84,7.84,12493
2015-11-16,7.9,7.9,7.7,7.75,7.75,25710
2015-11-17,7.84,7.85,7.66,7.84,7.84,3886
2015-11-18,7.84,7.84,7.67,7.68,7.68,3117
2015-11-19,7.61,7.65,7.5,7.55,7.55,14229
2015-11-20,7.62,7.62,7.215,7.32,7.32,11901
2015-11-23,7.14,7.472,7.07,7.32,7.32,11690
2015-11-24,7.37,7.5,6.66,7,7,41826
2015-11-25,7.016,7.0833,6.8,7.08,7.08,20130
2015-11-27,7.15,7.25,7.05,7.14,7.14,4049
2015-11-30,7.16,7.19,6.92,7.09,7.09,19515
2015-12-01,7.02,7.08,6.81,7.045,7.045,3338
2015-12-02,7.02,7.1376,6.91,7.09,7.09,1917
2015-12-03,7.17,7.24,7.03,7.22,7.22,8198
2015-12-04,7.173,7.25,7.173,7.24,7.24,4008
2015-12-07,7.24,7.24,7.0816,7.15,7.15,2002
2015-12-08,7.05,7.23,6.9902,7.18,7.18,6081
2015-12-09,7.07,7.18,6.88,7.035,7.035,8884
2015-12-10,7.15,7.19,7.04,7.17,7.17,5789
2015-12-11,7.03,7.3,7.03,7.25,7.25,8776
2015-12-14,7.32,7.32,7.011,7.24,7.24,6496
2015-12-15,7.075,7.27,7.03,7.24,7.24,10764
2015-12-16,7.17,7.1755,6.8101,7.15,7.15,4322
2015-12-17,7.16,7.24,7,7.02,7.02,8834
2015-12-18,7.0101,7.27,7.0101,7.09,7.09,19737
2015-12-21,7.2,7.26,7.0001,7.05,7.05,8142
2015-12-22,7.03,7.29,7.02,7.111,7.111,6907
2015-12-23,7.11,7.29,7.11,7.28,7.28,5798
2015-12-24,7.26,7.2725,7.03,7.2101,7.2101,7550
2015-12-28,7.01,7.29,7.01,7.05,7.05,4347
2015-12-29,7.15,7.188,7.05,7.18,7.18,4718
2015-12-30,7.07,7.14,7.0699,7.0872,7.0872,2637
2015-12-31,7.06,7.27,7.01,7.08,7.08,6098
2016-01-04,7.04,7.0799,6.935,6.9684,6.9684,4857
2016-01-05,6.9882,7.0324,6.9016,7.0257,7.0257,1121
2016-01-06,7.02,7.081,7.02,7.03,7.03,1825
2016-01-07,6.99,7.05,6.9625,7.04,7.04,1921
2016-01-08,7.0101,7.04,7.0003,7.04,7.04,3080
2016-01-11,7.126,7.19,7.0208,7.07,7.07,5895
2016-01-12,7.06,7.07,7,7.0283,7.0283,5096
2016-01-13,7.066,7.07,6.99,7.0402,7.0402,2160
2016-01-14,6.95,7.06,6.92,7,7,8093
2016-01-15,6.85,6.978,6.85,6.91,6.91,7191
2016-01-19,7.01,7.01,6.87,6.87,6.87,2341
2016-01-20,6.85,6.85,6.6,6.7078,6.7078,15296
2016-01-21,6.79,6.94,6.55,6.7101,6.7101,15743
2016-01-22,6.975,7.07,6.66,6.8902,6.8902,11342
2016-01-25,6.94,6.98,6.885,6.93,6.93,1928
2016-01-26,7,7,6.905,6.99,6.99,3706
2016-01-27,7,7,6.9184,6.98,6.98,2560
2016-01-28,7,7.05,6.9501,6.996,6.996,3653
2016-01-29,6.99,7.09,6.8025,7,7,11652
2016-02-01,7.02,7.0568,7.01,7.05,7.05,3813
2016-02-02,6.96,7.05,6.96,7.05,7.05,3026
2016-02-03,7.08,7.08,6.9551,7.05,7.05,1655
2016-02-04,7.045,7.05,7.0101,7.04,7.04,4350
2016-02-05,6.97,7.05,6.89,7.05,7.05,8507
2016-02-08,6.75,7,6.75,7,7,8488
2016-02-09,6.924,7.05,6.86,6.86,6.86,3449
2016-02-10,7,7,6.9,6.93,6.93,4803
2016-02-11,6.75,6.9381,6.75,6.9381,6.9381,2413
2016-02-12,6.86,6.956,6.85,6.85,6.85,5756
2016-02-16,7,7,6.894,6.894,6.894,1886
2016-02-17,6.86,6.9016,6.8201,6.8201,6.8201,7572
2016-02-18,6.972,7.01,6.8501,6.956,6.956,2126
2016-02-19,6.98,7.05,6.94,6.94,6.94,6307
2016-02-22,6.94,6.97,6.9201,6.96,6.96,2603
2016-02-23,6.9831,6.9831,6.9777,6.9777,6.9777,1267
2016-02-24,6.9364,7.046,6.91,7.04,7.04,3480
2016-02-25,6.98,7.02,6.98,7.0185,7.0185,1433
2016-02-26,7.0323,7.05,7,7,7,13463
2016-02-29,7.016,7.016,6.96,6.97,6.97,1729
2016-03-01,7.0558,7.0558,6.98,7.0299,7.0299,1512
2016-03-02,6.96,7.08,6.96,7.068,7.068,1305
2016-03-03,7,7,6.8,6.8,6.8,3358
2016-03-04,6.949,6.949,6.89,6.9,6.9,4988
2016-03-07,6.83,6.99,6.83,6.9685,6.9685,3023
2016-03-08,6.9899,6.9899,6.83,6.8602,6.8602,3185
2016-03-09,6.8785,6.98,6.8699,6.98,6.98,2454
2016-03-10,6.9399,6.9501,6.88,6.9399,6.9399,5759
2016-03-11,6.91,7,6.88,6.9035,6.9035,9274
2016-03-14,6.84,6.9394,6.84,6.91,6.91,6926
2016-03-15,6.85,6.9997,6.85,6.96,6.96,5348
2016-03-16,6.948,6.99,6.94,6.98,6.98,1380
2016-03-17,6.99,7.04,6.9,7.04,7.04,2962
2016-03-18,7.022,7.03,7,7,7,7116
2016-03-21,6.96,7.0369,6.9301,6.9301,6.9301,1078
2016-03-22,6.94,6.95,6.94,6.9494,6.9494,5095
2016-03-23,6.9401,6.9401,6.94,6.94,6.94,737
2016-03-24,6.9752,6.982,6.97,6.9723,6.9723,4408
2016-03-28,6.95,6.973,6.91,6.973,6.973,932
2016-03-29,6.98,6.98,6.93,6.93,6.93,6902
2016-03-30,7.04,7.04,6.9699,6.9699,6.9699,2939
2016-03-31,7,7,6.915,6.92,6.92,6710
2016-04-01,6.9,7.0101,6.9,6.91,6.91,4666
2016-04-04,6.99,7,6.98,7,7,5627
2016-04-05,6.98,6.98,6.91,6.96,6.96,9896
2016-04-06,7,7,6.9501,6.9601,6.9601,5562
2016-04-07,6.94,7,6.94,6.9763,6.9763,6849
2016-04-08,6.964,6.98,6.9311,6.98,6.98,2299
2016-04-11,7,7,6.9601,6.994,6.994,3695
2016-04-12,7,7,6.9696,7,7,472
2016-04-13,6.9999,7,6.9401,7,7,1945
2016-04-14,7,7,6.9512,7,7,861
2016-04-15,7,7,6.9601,6.97,6.97,875
2016-04-18,7,7.135,6.96,7.08,7.08,2188
2016-04-19,7.154,7.172,7.0901,7.1498,7.1498,3931
2016-04-20,7.1866,7.235,7.14,7.2266,7.2266,3217
2016-04-21,7.218,7.218,7.1301,7.15,7.15,4063
2016-04-22,7.15,7.15,6.9599,7.05,7.05,5827
2016-04-25,6.97,7.1222,6.97,7.08,7.08,6933
2016-04-26,7.08,7.1299,7.04,7.1,7.1,4830
2016-04-27,7.025,7.14,7.02,7.07,7.07,1503
2016-04-28,7.1999,7.1999,7.12,7.12,7.12,1100
2016-04-29,7.17,7.1958,7.0001,7.063,7.063,3695
2016-05-02,7.02,7.1799,7.0001,7.03,7.03,1971
2016-05-03,7.012,7.096,7.012,7.0441,7.0441,742
2016-05-04,7.08,7.1899,7.05,7.14,7.14,7683
2016-05-05,7.15,7.2,7.15,7.196,7.196,1233
2016-05-06,7.16,7.2213,7.16,7.16,7.16,2356
2016-05-09,7.13,7.2021,7.12,7.12,7.12,1595
2016-05-10,7.2389,7.2389,7.196,7.196,7.196,220
2016-05-11,7.11,7.135,7.11,7.135,7.135,1381
2016-05-12,7.23,7.25,7.12,7.12,7.12,5075
2016-05-13,7.225,7.25,7.1122,7.146,7.146,16393
2016-05-16,7.1983,7.1983,7.19,7.19,7.19,475
2016-05-17,7.172,7.19,7.15,7.15,7.15,1629
2016-05-18,7.2,7.2391,7.196,7.2,7.2,1424
2016-05-19,7.239,7.25,7.21,7.242,7.242,6582
2016-05-20,7.2,7.25,7.2,7.23,7.23,7609
2016-05-23,7.25,7.29,7.24,7.262,7.262,12384
2016-05-24,7.27,7.27,7.24,7.2596,7.2596,6323
2016-05-25,7.2137,7.27,7.158,7.222,7.222,2058
2016-05-26,7.185,7.2199,7.15,7.1909,7.1909,2265
2016-05-27,7.2599,7.3999,7.22,7.39,7.39,10793
2016-05-31,7.3899,7.3899,7.3,7.38,7.38,1791
2016-06-01,7.39,7.4,7.3301,7.4,7.4,4623
2016-06-02,7.34,7.58,7.34,7.4,7.4,7431
2016-06-03,7.48,7.7295,7.48,7.7,7.7,8390
2016-06-06,7.76,8,7.7,7.78,7.78,11277
2016-06-07,7.8101,7.8993,7.8,7.84,7.84,3074
2016-06-08,7.6701,7.9,7.6701,7.83,7.83,6097
2016-06-09,7.72,7.7966,7.7,7.73,7.73,6553
2016-06-10,7.69,7.8001,7.66,7.8,7.8,2712
2016-06-13,7.81,7.9,7.73,7.7513,7.7513,6696
2016-06-14,7.8347,7.9,7.827,7.827,7.827,6744
2016-06-15,7.745,7.88,7.745,7.88,7.88,1401
2016-06-16,7.89,7.9,7.89,7.9,7.9,3359
2016-06-17,7.856,8.03,7.83,8.03,8.03,36738
2016-06-20,7.94,8.182,7.94,8.0739,8.0739,8606
2016-06-21,8.13,8.45,8.0401,8.3232,8.3232,17324
2016-06-22,8.36,9,8.36,8.53,8.53,28880
2016-06-23,8.54,8.8,8.3,8.33,8.33,22857
2016-06-24,8.55,8.62,8.25,8.25,8.25,27276
2016-06-27,8.18,8.23,7.4,8.15,8.15,8688
2016-06-28,8.28,8.39,8.04,8.38,8.38,9205
2016-06-29,8.22,8.3915,8.02,8.3,8.3,8898
2016-06-30,8.57,8.709,8.39,8.39,8.39,7324
2016-07-01,8.46,8.67,8.41,8.41,8.41,2366
2016-07-05,8.54,8.54,7.88,8,8,36503
2016-07-06,8.08,8.54,7.8975,8.31,8.31,11273
2016-07-07,8.2401,8.5399,8.2401,8.5399,8.5399,6391
2016-07-08,8.43,8.7461,8.26,8.45,8.45,6768
2016-07-11,8.4,8.4,8.3,8.3,8.3,6100
2016-07-12,8.18,8.299,8.04,8.23,8.23,7458
2016-07-13,8.196,8.44,8,8.44,8.44,13838
2016-07-14,8.48,8.48,8.22,8.28,8.28,4332
2016-07-15,8.1176,8.35,8,8.1689,8.1689,10832
2016-07-18,8.2,8.2,8.05,8.1,8.1,5352
2016-07-19,8.14,8.1599,8.06,8.101,8.101,3439
2016-07-20,8.13,8.16,8.11,8.11,8.11,2445
2016-07-21,8.1399,8.265,8.1256,8.22,8.22,6007
2016-07-22,8.25,8.3456,8.2,8.2,8.2,7453
2016-07-25,8.27,8.2701,8.06,8.23,8.23,4732
2016-07-26,8.24,8.2805,8.105,8.187,8.187,10487
2016-07-27,8.25,8.4399,8.211,8.25,8.25,3973
2016-07-28,8.2264,8.34,8.1094,8.262,8.262,5761
2016-07-29,8.31,8.3434,8.3,8.32,8.32,4882
2016-08-01,8.37,8.37,8.27,8.3,8.3,10680
2016-08-02,8.13,8.3499,8.1194,8.33,8.33,5842
2016-08-03,8.35,8.37,8.208,8.28,8.28,6810
2016-08-04,8.28,8.3799,8.06,8.29,8.29,7130
2016-08-05,8.19,8.42,8.19,8.31,8.31,8431
2016-08-08,8.39,8.409,8.2013,8.34,8.34,4362
2016-08-09,8.3401,8.43,8.2501,8.2725,8.2725,4773
2016-08-10,8.2633,8.41,8.1546,8.41,8.41,7197
2016-08-11,8.36,8.3861,8.142,8.17,8.17,5554
2016-08-12,8.079,8.11,7.67,7.9,7.9,28237
2016-08-15,7.85,8.15,7.85,7.8501,7.8501,9607
2016-08-16,7.96,7.98,7.86,7.8933,7.8933,4374
2016-08-17,7.93,8.0086,7.85,7.94,7.94,5398
2016-08-18,7.99,8.015,7.9215,8,8,5217
2016-08-19,8.01,8.11,8.01,8.0515,8.0515,2388
2016-08-22,8.09,8.09,7.966,7.966,7.966,614
2016-08-23,7.95,8,7.95,7.9999,7.9999,6662
2016-08-24,7.968,7.9999,7.95,7.965,7.965,6930
2016-08-25,7.96,7.9899,7.95,7.958,7.958,8143
2016-08-26,7.955,7.9575,7.955,7.9575,7.9575,1132
2016-08-29,8,8.43,7.95,8.15,8.15,12648
2016-08-30,8.3318,8.4099,8.134,8.23,8.23,2760
2016-08-31,8.19,8.225,8.19,8.225,8.225,1256
2016-09-01,8.17,8.22,8.06,8.21,8.21,4119
2016-09-02,8.05,8.2099,8.05,8.1999,8.1999,4283
2016-09-06,8.26,8.43,7.98,8.13,8.13,6781
2016-09-07,8.19,8.19,7.96,7.98,7.98,16129
2016-09-08,7.979,8,7.63,7.73,7.73,28826
2016-09-09,7.9329,7.9499,7.62,7.66,7.66,14274
2016-09-12,7.77,8.1543,7.6526,7.97,7.97,13758
2016-09-13,7.9648,8.0954,7.85,8.0954,8.0954,3508
2016-09-14,8.15,8.189,8,8.03,8.03,6250
2016-09-15,8.0001,8.0601,7.7748,7.89,7.89,4242
2016-09-16,7.81,8.29,7.81,8.29,8.29,6876
2016-09-19,8.3,8.3,8.1,8.1501,8.1501,5057
2016-09-20,8.23,8.23,8.115,8.115,8.115,925
2016-09-21,8.15,8.29,7.81,8.0372,8.0372,7062
2016-09-22,8.12,8.1794,7.88,7.9,7.9,6702
2016-09-23,7.9999,8.0999,7.83,8,8,3334
2016-09-26,8.0008,8.0766,8.0008,8.06,8.06,2095
2016-09-27,8.1,8.1,8.0201,8.046,8.046,2143
2016-09-28,8.03,8.09,8,8,8,5319
2016-09-29,8,8.051,7.9,8.051,8.051,3350
2016-09-30,8.049,8.0651,7.9773,7.999,7.999,1792
2016-10-03,8.05,8.07,8,8.01,8.01,2487
2016-10-04,8.07,8.075,8.02,8.075,8.075,1274
2016-10-05,8.0881,8.1,7.9596,8.1,8.1,2479
2016-10-06,8.0499,8.0499,7.9113,8.0299,8.0299,2833
2016-10-07,8.045,8.0753,8.0001,8.06,8.06,4512
2016-10-10,8.0636,8.0723,8.035,8.035,8.035,2459
2016-10-11,8.0342,8.08,7.9539,7.9793,7.9793,10720
2016-10-12,7.99,8.0468,7.9248,8.0468,8.0468,12103
2016-10-13,8.05,8.063,8.05,8.063,8.063,715
2016-10-14,8.0664,8.1,8.0501,8.1,8.1,2774
2016-10-17,8.1,8.1038,8.0794,8.1038,8.1038,3440
2016-10-18,8.1,8.2599,8.1,8.1501,8.1501,7134
2016-10-19,8.15,8.15,8.1017,8.1419,8.1419,1095
2016-10-20,8.1495,8.1495,8.1495,8.1495,8.1495,576
2016-10-21,8.1424,8.1424,8.135,8.135,8.135,686
2016-10-24,8.12,8.1353,8.093,8.0954,8.0954,2401
2016-10-25,8.0001,8.08,8,8.0407,8.0407,2052
2016-10-26,8.02,8.11,8,8.11,8.11,3859
2016-10-27,8.19,8.19,8.1,8.1001,8.1001,3729
2016-10-28,8.0879,8.1,8.0637,8.0759,8.0759,3130
2016-10-31,8.14,8.29,8.12,8.1805,8.1805,9276
2016-11-01,8.16,8.2835,8.1284,8.1284,8.1284,4476
2016-11-02,8.19,8.19,8.0177,8.02,8.02,5777
2016-11-03,8.09,8.1293,8.0101,8.02,8.02,4272
2016-11-04,8.05,8.1127,7.91,8,8,9037
2016-11-07,8,8.08,7.9,7.94,7.94,2380
2016-11-08,8.15,8.1999,7.9,7.93,7.93,3078
2016-11-09,7.9,7.99,7.9,7.9315,7.9315,2530
2016-11-10,7.9,7.99,7.7996,7.9397,7.9397,4978
2016-11-11,8,8.3166,8,8.25,8.25,9544
2016-11-14,8.31,8.355,8.26,8.26,8.26,7365
2016-11-15,8.263,8.3,8.25,8.25,8.25,3779
2016-11-16,8.04,8.19,8.03,8.12,8.12,2207
2016-11-17,8.17,8.25,8.17,8.25,8.25,782
2016-11-18,8.21,8.21,8.0596,8.18,8.18,9372
2016-11-21,8.14,8.3,8.1114,8.16,8.16,5047
2016-11-22,8.1268,8.1822,8.1268,8.1501,8.1501,6779
2016-11-23,8.2,8.28,8.15,8.1537,8.1537,3710
2016-11-25,8.0952,8.097,8.0774,8.0774,8.0774,2608
2016-11-28,8.13,8.217,8.0501,8.2,8.2,1338
2016-11-29,8.2767,8.2767,8.0684,8.089,8.089,5226
2016-11-30,8.099,8.1,8.01,8.1,8.1,1739
2016-12-01,8.08,8.28,8.08,8.1101,8.1101,3462
2016-12-02,8.11,8.14,7.95,8.14,8.14,8765
2016-12-05,8.1899,8.1899,8.024,8.024,8.024,1585
2016-12-06,8.12,8.17,7.9501,8.09,8.09,1278
2016-12-07,8.09,8.1,8.05,8.0999,8.0999,4035
2016-12-08,8.0899,8.2,8.086,8.15,8.15,7648
2016-12-09,8.15,8.18,8.12,8.12,8.12,7613
2016-12-12,8.07,8.19,7.99,8.19,8.19,1381
2016-12-13,8.012,8.1649,8.012,8.1409,8.1409,2452
2016-12-14,8.14,8.27,8.1,8.1,8.1,5335
2016-12-15,8.2,8.2,8.1422,8.1709,8.1709,2332
2016-12-16,8.1018,8.1018,8.1,8.1,8.1,1613
2016-12-19,8.1,8.2073,8.0794,8.1,8.1,2399
2016-12-20,8.1481,8.2007,8.07,8.2007,8.2007,1395
2016-12-21,8.1699,8.1699,8.1699,8.1699,8.1699,341
2016-12-22,8.11,8.11,8.11,8.11,8.11,513
2016-12-23,8.25,8.27,8.197,8.2492,8.2492,2463
2016-12-27,8.265,8.27,8,8.0083,8.0083,19966
2016-12-28,7.975,8.145,7.975,8.03,8.03,6332
2016-12-29,8.07,8.08,8.04,8.08,8.08,2402
2016-12-30,8.07,8.2123,7.91,8.01,8.01,25535
2017-01-03,8,8.02,7.9805,8.02,8.02,5626
2017-01-04,8.05,8.23,7.95,7.97,7.97,6039
2017-01-05,8.04,8.04,7.85,7.8501,7.8501,29889
2017-01-06,7.79,7.9899,7.35,7.97,7.97,38627
2017-01-09,7.975,8.01,7.7301,7.78,7.78,12763
2017-01-10,7.61,8.025,7.61,8,8,25898
2017-01-11,8,8.02,8,8,8,7439
2017-01-12,8.01,8.02,7.9997,8,8,9204
2017-01-13,8.1,8.1,7.99,8,8,36568
2017-01-17,7.98,8.02,7.98,7.995,7.995,8536
2017-01-18,8.02,8.02,7.9406,8,8,10261
2017-01-19,8,8.04,7.92,8,8,13772
2017-01-20,7.9746,8.02,7.9746,8,8,8948
2017-01-23,8,8.01,7.915,8,8,3354
2017-01-24,7.925,8.01,7.925,7.99,7.99,3402
2017-01-25,7.9067,8.03,7.8293,8,8,17120
2017-01-26,7.9102,8.01,7.9102,7.99,7.99,6414
2017-01-27,7.9596,8.01,7.9596,8,8,10328
2017-01-30,7.87,7.99,7.8332,7.89,7.89,16697
2017-01-31,7.8223,8,7.8033,7.95,7.95,5082
2017-02-01,7.89,7.98,7.8395,7.94,7.94,11889
2017-02-02,7.9,7.99,7.8882,7.9657,7.9657,5926
2017-02-03,7.9965,8.01,7.99,8,8,16013
2017-02-06,7.999,8.02,7.995,8,8,7545
2017-02-07,8,8.01,7.824,8.01,8.01,6377
2017-02-08,7.92,7.97,7.89,7.89,7.89,2368
2017-02-09,7.898,7.99,7.84,7.942,7.942,3607
2017-02-10,7.86,7.95,7.855,7.91,7.91,2877
2017-02-13,7.85,7.945,7.85,7.94,7.94,2573
2017-02-14,7.98,7.99,7.94,7.99,7.99,1913
2017-02-15,7.837,7.97,7.745,7.96,7.96,6971
2017-02-16,8,8,7.85,7.9479,7.9479,4787
2017-02-17,7.9424,7.95,7.8643,7.935,7.935,5457
2017-02-21,7.9,7.97,7.88,7.965,7.965,3899
2017-02-22,7.96,8,7.95,7.97,7.97,3681
2017-02-23,7.92,8,7.865,7.89,7.89,12597
2017-02-24,7.87,7.93,7.87,7.9196,7.9196,3207
2017-02-27,7.99,7.99,7.8771,7.95,7.95,2323
2017-02-28,7.9,7.9,7.86,7.86,7.86,2406
2017-03-01,7.929,7.929,7.8957,7.9001,7.9001,7207
2017-03-02,7.98,7.98,7.9184,7.95,7.95,1407
2017-03-03,7.82,7.94,7.75,7.81,7.81,7601
2017-03-06,7.78,7.94,7.7199,7.9028,7.9028,20363
2017-03-07,7.83,7.93,7.7235,7.79,7.79,8398
2017-03-08,7.75,7.83,7.75,7.78,7.78,5440
2017-03-09,7.87,7.97,7.76,7.87,7.87,3994
2017-03-10,7.85,7.9,7.8,7.86,7.86,4628
2017-03-13,7.8864,7.93,7.88,7.9038,7.9038,3902
2017-03-14,7.98,7.99,7.851,7.9,7.9,17521
2017-03-15,7.92,7.98,7.7825,7.85,7.85,10013
2017-03-16,7.7684,7.93,7.7684,7.86,7.86,10750
2017-03-17,7.8,7.99,7.79,7.99,7.99,7902
2017-03-20,7.92,7.98,7.73,7.785,7.785,6667
2017-03-21,7.81,7.8683,7.76,7.76,7.76,5295
2017-03-22,7.74,7.87,7.65,7.68,7.68,23402
2017-03-23,7.5,7.76,7.5,7.71,7.71,16825
2017-03-24,7.81,8,7.81,7.97,7.97,12993
2017-03-27,7.975,8.02,7.93,7.97,7.97,11401
2017-03-28,7.92,7.98,7.82,7.9,7.9,20025
2017-03-29,7.9,7.9502,7.9,7.9502,7.9502,5821
2017-03-30,7.9776,8.01,7.9726,8,8,7507
2017-03-31,7.999,8.01,7.9808,8,8,7520
2017-04-03,8,8.01,7.9659,7.9742,7.9742,6863
2017-04-04,8,8.01,7.97,7.98,7.98,4799
2017-04-05,7.955,8.01,7.8995,7.8995,7.8995,8949
2017-04-06,7.84,7.99,7.62,7.925,7.925,4535
2017-04-07,7.955,8.01,7.875,7.9281,7.9281,3709
2017-04-10,8,8.01,7.9249,7.9933,7.9933,3034
2017-04-11,7.94,8,7.935,7.96,7.96,5760
2017-04-12,7.85,7.98,7.8208,7.96,7.96,4505
2017-04-13,7.96,7.96,7.7917,7.88,7.88,3910
2017-04-17,7.89,7.98,7.8,7.98,7.98,6430
2017-04-18,7.84,8.01,7.79,7.9,7.9,8165
2017-04-19,7.85,7.97,7.8405,7.95,7.95,4742
2017-04-20,7.9125,8,7.8901,7.96,7.96,11005
2017-04-21,7.91,7.9453,7.89,7.89,7.89,4322
2017-04-24,7.8772,8.01,7.8451,7.99,7.99,9558
2017-04-25,8,8.01,7.835,7.87,7.87,11843
2017-04-26,7.9022,7.99,7.8981,7.937,7.937,11094
2017-04-27,8.01,8.01,7.8815,7.985,7.985,14933
2017-04-28,7.95,8,7.91,7.91,7.91,3779
2017-05-01,7.9799,8.01,7.9404,7.96,7.96,3063
2017-05-02,7.9601,8,7.9601,8,8,4663
2017-05-03,7.92,8,7.92,7.95,7.95,1632
2017-05-04,7.9333,8,7.9333,8,8,11537
2017-05-05,8,8,7.9353,7.9899,7.9899,6525
2017-05-08,8,8.01,7.91,8,8,34220
2017-05-09,8,8.03,7.98,8,8,29635
2017-05-10,7.99,8.01,7.9889,8,8,13735
2017-05-11,7.99,8.01,7.99,8,8,2612
2017-05-12,7.988,8,7.988,8,8,5254
2017-05-15,8,8.01,7.99,7.99,7.99,1764
2017-05-16,8,8.01,7.98,7.99,7.99,9003
2017-05-17,7.97,8.02,7.901,7.9499,7.9499,13705
2017-05-18,7.9508,8,7.9,8,8,2719
2017-05-19,7.8745,8,7.8745,8,8,4215
2017-05-22,8,8,7.99,7.9903,7.9903,4764
2017-05-23,7.97,8,7.97,7.98,7.98,6763
2017-05-24,7.9861,8,7.9861,8,8,2450
2017-05-25,7.99,8.03,7.99,8.03,8.03,5583
2017-05-26,8.01,8.05,8.01,8.05,8.05,2442
2017-05-30,8.05,8.1,8.039,8.1,8.1,9688
2017-05-31,8.14,8.16,8.12,8.145,8.145,7146
2017-06-01,8.15,8.16,8.13,8.13,8.13,4368
2017-06-02,8.102,8.16,8.096,8.15,8.15,2796
2017-06-05,8.14,8.16,8.12,8.15,8.15,10027
2017-06-06,8.09,8.16,8.09,8.13,8.13,3110
2017-06-07,8.15,8.15,8,8.099,8.099,11287
2017-06-08,8.033,8.14,8.033,8.1101,8.1101,4877
2017-06-09,8.0087,8.0972,8.0087,8.09,8.09,4345
2017-06-12,8.02,8.12,8,8.0753,8.0753,5961
2017-06-13,8.02,8.0701,7.9514,8.03,8.03,3994
2017-06-14,8.1,8.13,8.0404,8.05,8.05,2730
2017-06-15,8.07,8.07,8.035,8.05,8.05,1603
2017-06-16,8.07,8.07,8.03,8.03,8.03,1805
2017-06-19,8.04,8.07,7.701,8,8,21391
2017-06-20,7.855,8.08,7.85,8.015,8.015,9852
2017-06-21,8,8.07,7.765,7.9,7.9,10705
2017-06-22,7.9,8.05,7.9,8.03,8.03,5238
2017-06-23,8.01,8.05,7.92,7.99,7.99,12095
2017-06-26,7.99,8.05,7.89,8.0499,8.0499,17075
2017-06-27,8.02,8.05,8.02,8.05,8.05,786
2017-06-28,7.995,8.056,7.95,7.99,7.99,12282
2017-06-29,7.968,8.08,7.968,8.07,8.07,12053
2017-06-30,8.09,8.09,8.0629,8.09,8.09,4832
2017-07-03,8.1,8.12,8.012,8.12,8.12,1557
2017-07-05,8.04,8.15,8,8.14,8.14,12258
2017-07-06,8.15,8.15,8.05,8.13,8.13,3124
2017-07-07,7.96,8.0777,7.95,8.045,8.045,2938
2017-07-10,8.07,8.1033,8.0657,8.1033,8.1033,2960
2017-07-11,8.11,8.12,8.01,8.01,8.01,6187
2017-07-12,7.97,8.1443,7.97,8.09,8.09,3114
2017-07-13,8.06,8.11,7.916,8.04,8.04,6329
2017-07-14,8.1,8.1222,8.0369,8.09,8.09,5718
2017-07-17,8.15,8.15,8,8.1301,8.1301,5039
2017-07-18,8.12,8.1201,8.03,8.03,8.03,713
2017-07-19,8.023,8.14,8.02,8.14,8.14,1413
2017-07-20,8.114,8.16,8.069,8.1,8.1,4424
2017-07-21,8.14,8.15,8.1168,8.15,8.15,2075
2017-07-24,8.113,8.15,8.06,8.06,8.06,6510
2017-07-25,8.125,8.15,8.05,8.05,8.05,5960
2017-07-26,8.01,8.13,7.921,8.01,8.01,5017
2017-07-27,8.06,8.125,7.97,8.01,8.01,6680
2017-07-28,7.9528,8.0829,7.9528,8.02,8.02,13680
2017-07-31,7.98,8.04,7.98,8.02,8.02,4108
2017-08-01,8.03,8.1146,8.02,8.03,8.03,6450
2017-08-02,8.04,8.1021,8.0363,8.0363,8.0363,1956
2017-08-03,7.98,8.07,7.92,7.96,7.96,9948
2017-08-04,7.89,8.0062,7.88,8.0062,8.0062,9704
2017-08-07,7.975,8.0594,7.8829,7.97,7.97,2362
2017-08-08,8,8.0233,7.9252,7.9638,7.9638,2462
2017-08-09,7.85,8.105,7.85,7.94,7.94,3664
2017-08-10,7.89,7.9,7.85,7.85,7.85,3239
2017-08-11,7.96,8.14,7.8699,8.11,8.11,6303
2017-08-14,8.02,8.15,8.02,8.11,8.11,6740
2017-08-15,8.15,8.15,8.055,8.1401,8.1401,5053
2017-08-16,8.15,8.155,8.085,8.1152,8.1152,8140
2017-08-17,8.01,8.16,8.01,8.15,8.15,15822
2017-08-18,8.14,8.15,8.041,8.09,8.09,8929
2017-08-21,8.01,8.05,8.01,8.05,8.05,1023
2017-08-22,8,8.05,7.97,8.0224,8.0224,4996
2017-08-23,8.03,8.03,7.9,8,8,11277
2017-08-24,7.98,8.01,7.9368,8.01,8.01,2905
2017-08-25,8.01,8.03,8.0001,8.01,8.01,9151
2017-08-28,7.94,8.01,7.91,7.91,7.91,3046
2017-08-29,7.957,8.01,7.957,8,8,4002
2017-08-30,8.01,8.01,7.91,7.91,7.91,17872
2017-08-31,7.88,7.92,7.81,7.81,7.81,22994
2017-09-01,7.9,7.92,7.86,7.902,7.902,22371
2017-09-05,7.9,7.91,7.8617,7.9,7.9,7993
2017-09-06,7.9,7.91,7.89,7.8999,7.8999,7538
2017-09-07,7.9,7.93,7.895,7.9,7.9,11716
2017-09-08,7.9,7.91,7.875,7.9,7.9,9350
2017-09-11,7.91,7.91,7.88,7.9,7.9,13675
2017-09-12,7.91,7.91,7.8934,7.896,7.896,1959
2017-09-13,7.8806,7.9,7.8749,7.8749,7.8749,874
2017-09-14,7.87,7.9,7.87,7.8899,7.8899,5974
2017-09-15,7.89,7.89,7.85,7.86,7.86,10235
2017-09-18,7.89,7.9,7.85,7.8607,7.8607,2030
2017-09-19,7.85,7.8699,7.85,7.8699,7.8699,1391
2017-09-20,7.85,7.88,7.85,7.865,7.865,873
2017-09-21,7.85,7.88,7.85,7.8799,7.8799,1514
2017-09-22,7.85,7.8741,7.85,7.87,7.87,3629
2017-09-25,7.87,7.8701,7.812,7.85,7.85,7690
2017-09-26,7.9,7.9,7.8604,7.8699,7.8699,1723
2017-09-27,7.8825,7.98,7.8698,7.98,7.98,28023
2017-09-28,7.922,7.95,7.9,7.9,7.9,2110
2017-09-29,7.9,7.93,7.87,7.9101,7.9101,7207
2017-10-02,7.8755,8,7.875,8,8,11221
2017-10-03,7.87,7.98,7.86,7.91,7.91,15952
2017-10-04,7.888,7.98,7.888,7.9369,7.9369,5041
2017-10-05,7.95,7.99,7.95,7.95,7.95,6134
2017-10-06,8,8,7.9,7.962,7.962,3517
2017-10-09,7.97,8,7.935,7.99,7.99,11627
2017-10-10,8,8.15,7.942,8.14,8.14,16135
2017-10-11,8.15,8.656,8,8.34,8.34,41742
2017-10-12,8.41,8.7391,8.39,8.51,8.51,23546
2017-10-13,8.55,8.715,8.47,8.52,8.52,20181
2017-10-16,8.6,8.6,8.43,8.51,8.51,9761
2017-10-17,8.54,8.77,8.5,8.67,8.67,27643
2017-10-18,8.73,8.86,8.7,8.7699,8.7699,16576
2017-10-19,8.85,8.85,8.6801,8.82,8.82,7888
2017-10-20,8.84,8.84,8.52,8.63,8.63,13939
2017-10-23,8.65,8.7271,8.65,8.6523,8.6523,3221
2017-10-24,8.64,8.79,8.61,8.65,8.65,3124
2017-10-25,8.58,8.725,8.52,8.63,8.63,5006
2017-10-26,8.7,8.77,8.5606,8.68,8.68,7280
2017-10-27,8.73,8.73,8.595,8.66,8.66,2249
2017-10-30,8.68,8.68,8.4018,8.6,8.6,3686
2017-10-31,8.68,8.68,8.5926,8.5926,8.5926,395
2017-11-01,8.625,8.71,8.46,8.48,8.48,5516
2017-11-02,8.6,8.71,8.31,8.36,8.36,17898
2017-11-03,8.48,8.48,8.2489,8.3824,8.3824,4941
2017-11-06,8.34,8.35,8.11,8.11,8.11,12501
2017-11-07,8.2,8.23,8.1311,8.23,8.23,4645
2017-11-08,8.24,8.269,8.1793,8.26,8.26,3400
2017-11-09,8.1667,8.5698,8.1667,8.31,8.31,7797
2017-11-10,8.35,8.36,8.26,8.26,8.26,2758
2017-11-13,8.2,8.293,8.11,8.16,8.16,6629
2017-11-14,8.1,8.345,8.1,8.2002,8.2002,15628
2017-11-15,8.1388,8.2942,8.1388,8.28,8.28,6382
2017-11-16,8.23,8.4359,8.1419,8.31,8.31,11415
2017-11-17,8.3407,8.3407,8.2514,8.3,8.3,3130
2017-11-20,8.385,8.445,8.2,8.2,8.2,5793
2017-11-21,8.21,8.4558,8.19,8.33,8.33,30535
2017-11-22,8.41,8.4797,8.3534,8.4,8.4,4173
2017-11-24,8.3,8.49,8.3,8.49,8.49,5802
2017-11-27,8.5,8.57,8.18,8.18,8.18,16318
2017-11-28,8.24,8.25,8.12,8.24,8.24,6623
2017-11-29,8.25,8.25,8.155,8.24,8.24,10181
2017-11-30,8.19,8.4866,8.19,8.28,8.28,25758
2017-12-01,8.205,8.48,8.1223,8.48,8.48,9518
2017-12-04,8.41,8.49,8.285,8.3117,8.3117,8355
2017-12-05,8.32,8.47,8.29,8.29,8.29,6622
2017-12-06,8.38,8.4688,8.135,8.25,8.25,12245
2017-12-07,8.29,8.38,8.2,8.38,8.38,6675
2017-12-08,8.36,8.39,8.2404,8.3,8.3,4101
2017-12-11,8.18,8.4,8.18,8.299,8.299,4125
2017-12-12,8.25,8.32,8.15,8.18,8.18,16899
2017-12-13,8.36,8.44,8.2391,8.44,8.44,3288
2017-12-14,8.34,8.41,8.2696,8.2701,8.2701,8811
2017-12-15,8.21,8.439,8.185,8.41,8.41,10649
2017-12-18,8.43,8.45,8.2452,8.43,8.43,11468
2017-12-19,8.31,8.42,8.2001,8.42,8.42,6384
2017-12-20,8.31,8.4,8.25,8.31,8.31,6557
2017-12-21,8.47,8.5,8.32,8.3218,8.3218,5727
2017-12-22,8.31,8.42,8.24,8.37,8.37,7057
2017-12-26,8.22,8.4059,8.22,8.29,8.29,5626
2017-12-27,8.2192,8.3328,8.2192,8.235,8.235,3009
2017-12-28,8.238,8.37,8.2,8.21,8.21,7679
2017-12-29,8.2,8.4,8.2,8.251,8.251,5936
2018-01-02,8.22,8.37,8.2,8.25,8.25,2771
2018-01-03,8.22,8.2275,8.139,8.1584,8.1584,14421
2018-01-04,8.1198,8.192,8.11,8.16,8.16,1347
2018-01-05,8.18,8.3144,8.15,8.18,8.18,15133
2018-01-08,8.1,8.195,8.0801,8.11,8.11,2971
2018-01-09,8.0901,8.2009,8.0901,8.132,8.132,2332
2018-01-10,8.08,8.195,8.0643,8.1797,8.1797,3080
2018-01-11,8.25,8.25,8.055,8.16,8.16,5992
2018-01-12,8.11,8.19,8.045,8.1762,8.1762,8450
2018-01-16,8.12,8.2444,7.9198,7.99,7.99,18176
2018-01-17,7.985,8.1,7.97,8,8,15342
2018-01-18,8,8.12,8,8.119,8.119,4358
2018-01-19,8.15,8.15,8.0888,8.1062,8.1062,2840
2018-01-22,8.07,8.1,8.07,8.09,8.09,5576
2018-01-23,8.1,8.3113,8.1,8.27,8.27,7376
2018-01-24,8.2811,8.2811,8.2391,8.2599,8.2599,1059
2018-01-25,8.24,8.3211,8.2,8.2272,8.2272,3841
2018-01-26,8.17,8.1999,8.15,8.199,8.199,9669
2018-01-29,8.2,8.2,8.16,8.2,8.2,3623
2018-01-30,8.2,8.23,8.011,8.1725,8.1725,12657
2018-01-31,8.125,8.2034,8.05,8.05,8.05,12216
2018-02-01,8.15,8.21,8.101,8.14,8.14,3314
2018-02-02,8.05,8.22,8.05,8.11,8.11,5065
2018-02-05,8.15,8.173,8,8,8,25620
2018-02-06,8.1617,8.1617,7.8601,8,8,8330
2018-02-07,8.06,8.115,7.92,8.1,8.1,17295
2018-02-08,8.18,8.18,7.95,7.96,7.96,4522
2018-02-09,7.86,7.98,7.85,7.86,7.86,17263
2018-02-12,7.91,8.09,7.88,7.91,7.91,6011
2018-02-13,8.0817,8.0817,7.86,7.86,7.86,4105
2018-02-14,7.9788,8.0367,7.9788,8.001,8.001,3735
2018-02-15,7.91,8.0917,7.88,7.88,7.88,5563
2018-02-16,7.9529,8.025,7.85,7.9988,7.9988,5121
2018-02-20,7.98,8.0484,7.88,7.9,7.9,5124
2018-02-21,7.96,8.0499,7.96,8.04,8.04,4304
2018-02-22,8.06,8.06,7.9744,7.9744,7.9744,1819
2018-02-23,7.9,8.0167,7.8896,7.96,7.96,10432
2018-02-26,7.99,8.025,7.97,8.0001,8.0001,3646
2018-02-27,7.9804,8.03,7.975,7.9816,7.9816,1920
2018-02-28,8.01,8.05,7.9625,8.03,8.03,5259
2018-03-01,8.05,8.05,7.9577,7.9753,7.9753,4763
2018-03-02,8.01,8.01,7.98,8.007,8.007,1282
2018-03-05,8.015,8.015,7.8816,7.95,7.95,5565
2018-03-06,7.895,7.9887,7.895,7.93,7.93,4007
2018-03-07,7.97,8.04,7.9093,7.92,7.92,3779
2018-03-08,7.895,8.05,7.895,7.9505,7.9505,10924
2018-03-09,7.93,8.011,7.93,7.9658,7.9658,2617
2018-03-12,7.91,8.02,7.91,8.017,8.017,3058
2018-03-13,8.1,8.1,7.899,7.9822,7.9822,17899
2018-03-14,7.9156,7.9156,7.9156,7.9156,7.9156,213
2018-03-15,8,8.0544,8,8,8,3602
2018-03-16,8.09,8.24,7.9599,8.24,8.24,9888
2018-03-19,8.05,8.1649,7.95,7.97,7.97,11704
2018-03-20,8.0001,8.0601,7.96,7.96,7.96,5656
2018-03-21,7.929,8.03,7.929,7.9479,7.9479,9311
2018-03-22,8,8.2174,7.9,7.9,7.9,5835
2018-03-23,7.9788,8.0052,7.9,7.9342,7.9342,4855
2018-03-26,7.94,7.97,7.94,7.9606,7.9606,3405
2018-03-27,7.945,7.96,7.9,7.9,7.9,7969
2018-03-28,7.96,7.96,7.8199,7.8275,7.8275,7851
2018-03-29,7.9001,8.1792,7.9001,7.94,7.94,4786
2018-04-02,8,8.2,7.8904,8.06,8.06,22226
2018-04-03,7.905,8.02,7.8873,7.96,7.96,9613
2018-04-04,7.86,8.44,7.86,8,8,17136
2018-04-05,8,8.0096,7.98,8,8,6061
2018-04-06,7.91,7.9495,7.91,7.9213,7.9213,2119
2018-04-09,7.96,7.96,7.8693,7.91,7.91,8460
2018-04-10,7.9,7.95,7.87,7.95,7.95,4929
2018-04-11,7.937,7.969,7.91,7.9396,7.9396,2897
2018-04-12,7.93,7.975,7.8907,7.9407,7.9407,7310
2018-04-13,7.965,8.06,7.965,8.06,8.06,8046
2018-04-16,8,8,7.96,7.96,7.96,3678
2018-04-17,7.96,7.98,7.87,7.9104,7.9104,15021
2018-04-18,7.94,8.02,7.94,7.95,7.95,40144
2018-04-19,7.99,8.07,7.98,8.02,8.02,33907
2018-04-20,8.02,8.336,8.0001,8.06,8.06,24977
2018-04-23,8.05,8.3183,8.05,8.05,8.05,14452
2018-04-24,8.1,8.24,8.05,8.12,8.12,10110
2018-04-25,8.08,8.29,8.08,8.29,8.29,4559
2018-04-26,8.28,8.33,8.25,8.25,8.25,11550
2018-04-27,8.3,8.385,8.28,8.385,8.385,7082
2018-04-30,8.3,8.48,8.02,8.3735,8.3735,17382
2018-05-01,8.26,8.32,8.26,8.32,8.32,16055
2018-05-02,8.315,8.3263,8.3,8.31,8.31,16475
2018-05-03,8.18,8.28,8.18,8.28,8.28,3557
2018-05-04,8.28,8.3838,8.28,8.3,8.3,2544
2018-05-07,8.2636,8.3399,8.2636,8.32,8.32,2212
2018-05-08,8.355,8.477,8.33,8.4507,8.4507,4981
2018-05-09,8.4705,8.4705,8.4433,8.4433,8.4433,762
2018-05-10,8.37,8.4388,8.35,8.35,8.35,3627
2018-05-11,8.38,8.4127,8.15,8.16,8.16,5746
2018-05-14,8.15,8.29,8.15,8.21,8.21,8288
2018-05-15,8.2,8.4065,8.2,8.2,8.2,4490
2018-05-16,8.417,8.42,8.35,8.35,8.35,2564
2018-05-17,8.4,8.4,8.21,8.3748,8.3748,2063
2018-05-18,8.3635,8.3635,8.2523,8.3425,8.3425,2582
2018-05-21,8.26,8.4488,8.1329,8.3322,8.3322,7903
2018-05-22,8.3053,8.44,8.21,8.321,8.321,859
2018-05-23,8.2943,8.4005,8.24,8.4001,8.4001,5812
2018-05-24,8.339,8.354,8.24,8.24,8.24,1161
2018-05-25,8.27,8.43,8.25,8.34,8.34,1553
2018-05-29,8.24,8.44,7.85,7.99,7.99,10684
2018-05-30,8,8.2499,8,8.12,8.12,3627
2018-05-31,8.06,8.2,8.06,8.1835,8.1835,3723
2018-06-01,8.1127,8.25,8.11,8.24,8.24,4501
2018-06-04,8.18,8.25,8.017,8.25,8.25,10627
2018-06-05,8.25,8.25,8.09,8.18,8.18,8332
2018-06-06,8.25,8.25,8.14,8.15,8.15,13204
2018-06-07,8.23,8.2401,8.15,8.211,8.211,5238
2018-06-08,8.25,8.25,8.17,8.17,8.17,10500
2018-06-11,8.23,8.25,8.1904,8.25,8.25,1760
2018-06-12,8.25,8.25,8.1933,8.1933,8.1933,2285
2018-06-13,8.23,8.25,8.1953,8.2042,8.2042,8454
2018-06-14,8.2299,8.2299,8.17,8.17,8.17,1408
2018-06-15,8.16,8.25,8.15,8.25,8.25,16621
2018-06-18,8.15,8.25,8.13,8.24,8.24,2661
2018-06-19,8.08,8.24,8.08,8.18,8.18,5894
2018-06-20,8.189,8.24,8.14,8.14,8.14,8231
2018-06-21,8.11,8.22,8.1,8.2,8.2,5331
2018-06-22,8.22,8.39,8.22,8.3563,8.3563,22658
2018-06-25,8.23,8.3001,8.18,8.2525,8.2525,7402
2018-06-26,8.29,8.3634,8.26,8.26,8.26,15298
2018-06-27,8.31,8.3599,8.27,8.33,8.33,13752
2018-06-28,8.32,8.3211,8.215,8.27,8.27,5667
2018-06-29,8.2552,8.55,8.2552,8.55,8.55,36310
2018-07-02,8.55,8.55,8.42,8.42,8.42,3408
2018-07-03,8.55,8.55,8.42,8.4979,8.4979,536
2018-07-05,8.55,8.55,8.33,8.33,8.33,2918
2018-07-06,8.33,8.36,8.235,8.2848,8.2848,11916
2018-07-09,8.24,8.3,8.17,8.17,8.17,2321
2018-07-10,8.17,8.21,8.17,8.18,8.18,1443
2018-07-11,8.1817,8.1817,8.17,8.17,8.17,518
2018-07-12,8.2,8.3,8.1701,8.3,8.3,11078
2018-07-13,8.3,8.3,8.2139,8.25,8.25,1330
2018-07-16,8.21,8.3815,8.21,8.29,8.29,2139
2018-07-17,8.21,8.4903,8.21,8.35,8.35,8623
2018-07-18,8.28,8.3266,8.22,8.22,8.22,5714
2018-07-19,8.17,8.51,8.17,8.23,8.23,2185
2018-07-20,8.2,8.4767,8.2,8.37,8.37,2106
2018-07-23,8.4,8.4,8.2624,8.38,8.38,1936
2018-07-24,8.3089,8.3277,8.3025,8.3025,8.3025,947
2018-07-25,8.37,8.39,8.2,8.39,8.39,1227
2018-07-26,8.215,8.3,8.17,8.3,8.3,3313
2018-07-27,8.19,8.3314,8.18,8.18,8.18,1454
2018-07-30,8.17,8.32,8.17,8.25,8.25,1979
2018-07-31,8.18,8.27,8.18,8.2,8.2,1454
2018-08-01,8.213,8.3,8.17,8.17,8.17,7339
2018-08-02,8.27,8.27,8.27,8.27,8.27,218
2018-08-03,8.32,8.32,8.17,8.17,8.17,2305
2018-08-06,8.2,8.32,8.2,8.32,8.32,2064
2018-08-07,8.32,8.382,8.3129,8.3129,8.3129,7685
2018-08-08,8.3456,8.3645,8.25,8.25,8.25,5272
2018-08-09,8.25,8.25,8.11,8.11,8.11,3238
2018-08-10,8.06,8.1391,8.06,8.11,8.11,5364
2018-08-13,8.1201,8.2064,8.06,8.1681,8.1681,2313
2018-08-14,8.1631,8.1631,8.1,8.1138,8.1138,1260
2018-08-15,8.05,8.1444,8.05,8.115,8.115,3795
2018-08-16,8.1,8.1305,8.0884,8.1,8.1,1949
2018-08-17,8.15,8.15,8.1,8.1,8.1,3801
2018-08-20,8.03,8.12,8.03,8.12,8.12,3274
2018-08-21,8.15,8.16,8.14,8.14,8.14,4933
2018-08-22,8.16,8.16,8,8.14,8.14,12452
2018-08-23,8.07,8.12,8.07,8.12,8.12,1531
2018-08-24,8.12,8.12,8.02,8.02,8.02,4306
2018-08-27,8.1,8.1,8.0001,8.02,8.02,3475
2018-08-28,8.0899,8.0899,8.0201,8.08,8.08,1432
2018-08-29,8.0001,8.05,8.0001,8.05,8.05,2223
2018-08-30,8.09,8.09,8.01,8.0478,8.0478,1083
2018-08-31,8.03,8.16,8.03,8.14,8.14,1566
2018-09-04,8.14,8.14,8.037,8.037,8.037,1356
2018-09-06,8.08,8.09,8,8,8,1442
2018-09-07,8,8.09,8,8.09,8.09,3247
2018-09-10,8.13,8.13,8,8.045,8.045,2601
2018-09-11,8,8.0001,8,8,8,2158
2018-09-12,8,8.0399,7.95,8,8,3114
2018-09-13,8.01,8.09,8.0001,8.09,8.09,1842
2018-09-14,8.09,8.09,8,8.05,8.05,3248
2018-09-17,8.04,8.0602,8,8,8,4174
2018-09-18,8,8.09,7.92,8.09,8.09,5293
2018-09-19,7.9669,7.9995,7.9,7.95,7.95,7455
2018-09-20,7.95,7.9987,7.88,7.9,7.9,4860
2018-09-21,8,8.0178,7.9,7.98,7.98,4221
2018-09-24,8.0302,8.0302,7.92,7.92,7.92,1118
2018-09-25,7.92,8.0199,7.9,7.9,7.9,8136
2018-09-26,7.91,8.0501,7.91,8.04,8.04,3781
2018-09-27,8.0353,8.0353,7.92,7.92,7.92,1046
2018-09-28,8,8,7.91,7.91,7.91,731
2018-10-01,7.96,7.96,7.9,7.9,7.9,5878
2018-10-02,7.89,7.95,7.77,7.77,7.77,3593
2018-10-03,7.9,7.97,7.85,7.9,7.9,3008
2018-10-04,7.833,7.97,7.78,7.78,7.78,3250
2018-10-05,7.8,7.94,7.8,7.85,7.85,1688
2018-10-08,7.91,7.9388,7.8096,7.92,7.92,2643
2018-10-09,7.95,7.95,7.82,7.86,7.86,2404
2018-10-10,7.8722,7.8833,7.8333,7.85,7.85,1892
2018-10-11,7.848,7.866,7.35,7.77,7.77,9148
2018-10-12,7.95,7.95,7.76,7.76,7.76,2503
2018-10-15,7.8003,7.823,7.673,7.7442,7.7442,6672
2018-10-16,7.7635,7.84,7.72,7.84,7.84,2643
2018-10-17,7.68,7.83,7.68,7.7,7.7,2610
2018-10-18,7.7,7.7335,7.65,7.7021,7.7021,2163
2018-10-19,7.75,7.8142,7.75,7.8,7.8,2638
2018-10-22,7.7012,7.8042,7.65,7.65,7.65,5939
2018-10-23,7.61,7.7463,7.61,7.6632,7.6632,6107
2018-10-24,7.6,7.6,7.5,7.53,7.53,4685
2018-10-25,7.53,7.5826,7.5,7.55,7.55,7704
2018-10-26,7.5,7.6,7.5,7.6,7.6,3368
2018-10-29,7.59,7.6515,7.53,7.6,7.6,3337
2018-10-30,7.687,7.687,7.4,7.58,7.58,7035
2018-10-31,7.4,7.4891,7.4,7.4,7.4,5327
2018-11-01,7.36,7.41,7.36,7.41,7.41,1719
2018-11-02,7.411,7.44,7.4,7.44,7.44,1962
2018-11-05,7.44,7.44,7.4,7.4,7.4,6132
2018-11-06,7.4,7.43,7.36,7.36,7.36,2819
2018-11-07,7.414,7.416,7.37,7.37,7.37,1410
2018-11-08,7.35,7.4399,7.25,7.25,7.25,2597
2018-11-09,7.46,7.46,7.2884,7.2884,7.2884,2593
2018-11-12,7.26,7.28,7.15,7.16,7.16,5573
2018-11-13,7.12,7.26,7.1,7.1,7.1,6694
2018-11-14,7.1619,7.3115,7.1619,7.3,7.3,5440
2018-11-15,7.37,7.7478,7.3,7.39,7.39,2585
2018-11-16,7.29,7.542,7.27,7.33,7.33,2596
2018-11-19,7.4531,7.5349,7.3401,7.36,7.36,4292
2018-11-20,7.36,7.4,7.25,7.38,7.38,2876
2018-11-21,7.36,7.4,7.16,7.39,7.39,15113
2018-11-23,7.485,7.5,7.1,7.4047,7.4047,785
2018-11-26,7.35,7.41,7.2,7.2,7.2,2956
2018-11-27,7.2,7.354,7.2,7.3087,7.3087,2217
2018-11-28,7.3094,7.3873,7.24,7.24,7.24,2657
2018-11-29,7.22,7.28,7.21,7.24,7.24,1304
2018-11-30,7.32,7.39,7.21,7.21,7.21,6461
2018-12-03,7.24,7.298,7.1101,7.298,7.298,3209
2018-12-04,7.15,7.15,7.1407,7.141,7.141,1744
2018-12-06,7.25,7.35,7.25,7.25,7.25,3344
2018-12-07,7.2501,7.3505,7.2501,7.3505,7.3505,1560
2018-12-10,7.26,7.5962,7.1,7.1251,7.1251,8252
2018-12-11,7.2303,7.2303,7.08,7.08,7.08,4527
2018-12-12,7.13,7.1772,7.13,7.15,7.15,1891
2018-12-13,7.02,7.22,7.02,7.22,7.22,930
2018-12-14,7.01,7.0499,7,7.0399,7.0399,4777
2018-12-18,7.22,7.2399,7,7.06,7.06,8051
2018-12-19,7.15,7.15,7,7.0737,7.0737,2208
2018-12-20,7,7.0316,6.95,6.96,6.96,15432
2018-12-21,7,7.0335,6.71,6.74,6.74,10433
2018-12-24,6.75,6.9148,6.75,6.9098,6.9098,711
2018-12-26,6.92,6.92,6.8,6.85,6.85,15990
2018-12-27,6.82,6.85,6.66,6.67,6.67,24230
2018-12-28,6.79,7,6.79,6.8651,6.8651,1798
2018-12-31,6.98,6.98,6.75,6.89,6.89,1933
2019-01-02,7.079,7.15,6.8,7.15,7.15,1648
2019-01-03,7.0825,7.0825,6.9886,6.9886,6.9886,1025
2019-01-04,7,7.15,7,7.0701,7.0701,2647
2019-01-07,7.13,7.13,6.8391,7.0227,7.0227,995
2019-01-08,7.086,7.1516,7.086,7.1391,7.1391,1177
2019-01-09,7.0355,7.1002,7.0355,7.1002,7.1002,3564
2019-01-10,7.1001,7.11,7.1,7.1,7.1,1338
2019-01-11,7.2499,7.2499,6.9854,7.0361,7.0361,984
2019-01-14,7.15,7.1887,7,7.1476,7.1476,5056
2019-01-15,7.0892,7.0892,7.0328,7.0328,7.0328,1995
2019-01-16,7.0283,7.14,7.0283,7.14,7.14,1376
2019-01-17,7.02,7.185,7.02,7.05,7.05,5813
2019-01-18,7.0781,7.1115,7.0781,7.1083,7.1083,1788
2019-01-22,7.12,7.15,7.12,7.12,7.12,5047
2019-01-23,7.0677,7.0677,6.85,6.85,6.85,1376
2019-01-24,7.0052,7.15,7.0052,7.15,7.15,2671
2019-01-25,7.09,7.122,7.0478,7.05,7.05,8260
2019-01-28,7.0879,7.1236,7.0501,7.07,7.07,1938
2019-01-29,7.14,7.15,7.0805,7.15,7.15,1642
2019-01-30,7.06,7.143,7.06,7.143,7.143,2354
2019-01-31,7.06,7.07,7.05,7.07,7.07,1882
2019-02-01,7.05,7.1,6.85,6.99,6.99,2318
2019-02-04,6.926,6.9546,6.87,6.9546,6.9546,1935
2019-02-05,7,7,6.9,6.9,6.9,4264
2019-02-06,6.8,7,6.8,6.8728,6.8728,4596
2019-02-07,6.98,7,6.9,6.95,6.95,2472
2019-02-08,6.92,6.95,6.905,6.9338,6.9338,2593
2019-02-11,6.99,6.99,6.82,6.82,6.82,4497
2019-02-12,6.915,6.955,6.86,6.915,6.915,5090
2019-02-13,6.881,6.99,6.846,6.846,6.846,1961
2019-02-14,6.8,7.23,6.8,7.09,7.09,12620
2019-02-15,7.14,7.6,7.047,7.2,7.2,19875
2019-02-19,7.2677,7.65,7.2677,7.55,7.55,8646
2019-02-20,7.44,7.65,7.3,7.38,7.38,9114
2019-02-21,7.394,7.56,7.2,7.2,7.2,7868
2019-02-22,7.2,7.57,7.2,7.57,7.57,4627
2019-02-25,7.437,7.53,7.22,7.25,7.25,5010
2019-02-26,7.23,7.46,7.2,7.2,7.2,7377
2019-02-27,7.47,7.49,7.07,7.09,7.09,2488
2019-02-28,7.24,7.24,7.03,7.03,7.03,1345
2019-03-01,7.25,7.49,7.12,7.45,7.45,7739
2019-03-04,7.45,7.5,7.0101,7.23,7.23,4287
2019-03-05,7.1,7.5,7.1,7.17,7.17,4602
2019-03-06,7.33,7.47,7.08,7.2,7.2,6858
2019-03-07,7.0914,7.3445,7.0914,7.1513,7.1513,3546
2019-03-08,7.21,7.33,7.09,7.33,7.33,656
2019-03-11,7.07,7.3,7.07,7.2146,7.2146,3389
2019-03-12,7.13,7.34,7.01,7.01,7.01,7339
2019-03-13,7.0183,7.1495,7.0183,7.02,7.02,2118
2019-03-14,7,7.0447,6.98,7.0447,7.0447,1222
2019-03-15,7.08,7.08,7.08,7.08,7.08,258
2019-03-18,6.99,7.0774,6.802,6.93,6.93,12956
2019-03-19,6.9662,7.12,6.9662,7.12,7.12,5607
2019-03-20,7.02,7.3,6.9129,7.1198,7.1198,7450
2019-03-21,7.15,7.4199,7.15,7.23,7.23,2688
2019-03-22,7.25,7.45,7.2324,7.27,7.27,3825
2019-03-25,7.31,7.31,7,7.09,7.09,7442
2019-03-26,7.145,7.22,7.1,7.21,7.21,4154
2019-03-27,7.21,7.44,7.1,7.3041,7.3041,3200
2019-03-28,7.1254,7.3314,7.1254,7.3,7.3,2594
2019-03-29,7.14,7.28,7.13,7.21,7.21,5509
2019-04-01,7.35,7.35,7.19,7.19,7.19,4614
2019-04-02,7.28,7.28,7.0105,7.1,7.1,5780
2019-04-03,7.01,7.085,6.9477,7.0612,7.0612,15023
2019-04-04,7,7.1,6.93,7,7,5935
2019-04-05,7.05,7.1,6.9841,7.02,7.02,3217
2019-04-08,7.06,7.0953,7.035,7.05,7.05,4238
2019-04-09,7.01,7.1,6.947,7.1,7.1,6798
2019-04-10,7.1,7.1,6.8,6.99,6.99,6804
2019-04-11,6.92,7.35,6.92,7.18,7.18,22256
2019-04-12,7.29,7.29,7.1966,7.23,7.23,3288
2019-04-15,7.2035,7.25,7.2035,7.23,7.23,910
2019-04-16,7.2499,7.2499,7.02,7.02,7.02,1998
2019-04-17,7.159,7.27,7.1,7.1,7.1,2334
2019-04-18,7.07,7.1854,7.07,7.1054,7.1054,1880
2019-04-22,7.3,7.3,7.1,7.28,7.28,1586
2019-04-23,7.2,7.2882,7.15,7.15,7.15,1960
2019-04-24,7.15,7.3,7.15,7.15,7.15,4124
2019-04-25,7.12,7.25,7.12,7.25,7.25,8338
2019-04-26,7.25,7.2863,7.13,7.21,7.21,3946
2019-04-29,7.3,7.32,7.21,7.21,7.21,1867
2019-04-30,7.1809,7.45,7.1809,7.3101,7.3101,2085
2019-05-01,7.2385,7.2385,7.2385,7.2385,7.2385,534
2019-05-02,7.16,7.2158,7.16,7.2158,7.2158,1206
2019-05-03,7.17,7.4248,7.17,7.4248,7.4248,3677
2019-05-06,7.221,7.2873,7.22,7.22,7.22,1778
2019-05-07,7.13,7.39,7.1201,7.38,7.38,5068
2019-05-08,7.292,7.292,7.292,7.292,7.292,428
2019-05-09,7.25,7.27,7.12,7.18,7.18,9801
2019-05-10,7.1529,7.1529,7.01,7.08,7.08,6662
2019-05-13,7.1,7.18,7.1,7.172,7.172,2032
2019-05-14,7.07,7.18,7.07,7.1655,7.1655,3360
2019-05-15,7.27,7.27,7.02,7.18,7.18,14631
2019-05-16,7.14,7.28,7.14,7.15,7.15,10796
2019-05-17,7.1633,7.1633,7.1633,7.1633,7.1633,380
2019-05-20,7.16,7.2,7.16,7.2,7.2,2048
2019-05-21,7.261,7.27,7.1,7.26,7.26,4669
2019-05-22,7.19,7.2,7.19,7.19,7.19,2041
2019-05-23,7.1663,7.1663,7.1,7.1,7.1,817
2019-05-24,7.2,7.2,6.98,6.98,6.98,9431
2019-05-28,7.01,7.17,6.9101,7,7,4613
2019-05-29,7.0912,7.0912,6.92,7.008,7.008,1436
2019-05-30,6.93,6.93,6.93,6.93,6.93,231
2019-05-31,6.92,6.9993,6.9004,6.9545,6.9545,2567
2019-06-03,6.9646,7.02,6.92,7.02,7.02,1049
2019-06-04,6.997,7.06,6.98,7.06,7.06,1041
2019-06-05,7.07,7.1,7,7.0239,7.0239,3288
2019-06-06,7.01,7.01,6.92,6.99,6.99,5352
2019-06-07,6.9692,7.08,6.9501,7.08,7.08,1629
2019-06-10,7.05,7.163,6.92,7.05,7.05,3208
2019-06-11,7.0824,7.1474,6.98,7.04,7.04,1498
2019-06-12,7,7.0346,6.85,6.8501,6.8501,9251
2019-06-13,6.95,6.95,6.95,6.95,6.95,255
2019-06-14,6.95,7.12,6.85,7.12,7.12,3515
2019-06-17,6.973,7,6.85,6.9344,6.9344,3149
2019-06-18,6.91,6.9313,6.85,6.895,6.895,2721
2019-06-19,6.94,6.9927,6.94,6.9776,6.9776,1716
2019-06-20,6.9485,6.99,6.92,6.9515,6.9515,1061
2019-06-21,6.83,7.039,6.83,7.0388,7.0388,4094
2019-06-24,6.9238,6.9396,6.85,6.8637,6.8637,5615
2019-06-25,6.9121,7.04,6.9121,6.95,6.95,2880
2019-06-26,6.861,6.99,6.86,6.99,6.99,4468
2019-06-27,6.99,7,6.89,6.91,6.91,6615
2019-06-28,6.8953,7,6.8953,6.92,6.92,2486
2019-07-01,6.978,7,6.92,6.92,6.92,1367
2019-07-02,6.9,6.9,6.8037,6.9,6.9,1244
2019-07-03,6.9095,6.9095,6.9,6.9,6.9,941
2019-07-05,6.77,6.95,6.75,6.95,6.95,2882
2019-07-08,6.87,6.925,6.85,6.85,6.85,6039
2019-07-09,6.8808,6.939,6.877,6.8882,6.8882,2513
2019-07-10,6.91,6.91,6.65,6.65,6.65,12533
2019-07-11,6.65,6.7938,6.5518,6.64,6.64,15572
2019-07-12,6.77,6.83,6.6648,6.75,6.75,8741
2019-07-15,6.78,6.78,6.66,6.76,6.76,4997
2019-07-16,6.8067,6.85,6.7213,6.76,6.76,3776
2019-07-17,6.814,6.814,6.814,6.814,6.814,628
2019-07-18,6.87,6.87,6.7,6.7,6.7,7054
2019-07-19,6.8071,6.8226,6.725,6.738,6.738,5536
2019-07-22,6.81,6.83,6.7395,6.83,6.83,5751
2019-07-23,6.7809,6.845,6.7809,6.821,6.821,1829
2019-07-24,6.8,6.84,6.76,6.8338,6.8338,1311
2019-07-25,6.8,6.85,6.78,6.85,6.85,2862
2019-07-26,6.84,6.9264,6.84,6.85,6.85,3772
2019-07-29,6.873,6.95,6.87,6.93,6.93,8568
2019-07-30,6.96,7.11,6.96,7.0309,7.0309,3156
2019-07-31,7.11,7.11,6.98,6.98,6.98,9007
2019-08-01,7.1,7.125,7,7,7,3984
2019-08-02,7.0411,7.0622,7.0127,7.0622,7.0622,1681
2019-08-05,7.0389,7.0389,6.92,6.95,6.95,7808
2019-08-06,6.93,6.99,6.887,6.99,6.99,7528
2019-08-07,6.98,6.98,6.88,6.89,6.89,510
2019-08-08,6.9,6.9,6.8,6.8,6.8,4191
2019-08-09,6.89,6.9309,6.8136,6.9309,6.9309,3026
2019-08-12,6.9485,6.965,6.8956,6.9301,6.9301,5879
2019-08-13,6.85,6.99,6.85,6.99,6.99,1530
2019-08-14,6.95,6.95,6.9217,6.9217,6.9217,2824
2019-08-15,6.8618,6.87,6.77,6.77,6.77,20347
2019-08-16,6.7941,6.88,6.7769,6.8169,6.8169,1362
2019-08-19,6.77,6.8971,6.77,6.8971,6.8971,709
2019-08-20,6.8043,6.8158,6.8043,6.8158,6.8158,333
2019-08-21,6.8515,6.88,6.78,6.8425,6.8425,807
2019-08-22,6.8439,6.8844,6.8439,6.8844,6.8844,1109
2019-08-23,6.77,6.7701,6.77,6.77,6.77,904
2019-08-26,6.88,7.04,6.85,6.96,6.96,9194
2019-08-27,6.8655,6.893,6.8655,6.8922,6.8922,443
2019-08-28,7.05,7.08,6.76,6.8134,6.8134,16322
2019-08-29,6.96,6.96,6.6801,6.8136,6.8136,887
2019-08-30,6.95,6.96,6.95,6.96,6.96,2053
2019-09-03,6.8015,6.9891,6.7,6.7,6.7,4283
2019-09-04,6.88,6.95,6.68,6.91,6.91,4980
2019-09-05,6.695,6.907,6.68,6.72,6.72,1480
2019-09-06,6.759,6.8,6.7,6.799,6.799,5954
2019-09-09,6.89,7.1556,6.8833,7.15,7.15,14073
2019-09-10,7.02,7.3621,6.9446,7.1,7.1,26658
2019-09-11,7.03,7.3,7.03,7.1741,7.1741,9520
2019-09-12,7.1,7.2265,7.09,7.1241,7.1241,906
2019-09-13,7.1202,7.25,7.1202,7.2,7.2,4400
2019-09-16,7.15,7.3,7.12,7.12,7.12,3734
2019-09-17,7.1987,7.29,7.1987,7.29,7.29,305
2019-09-18,7.29,7.29,7.09,7.09,7.09,812
2019-09-19,7.09,7.09,7.09,7.09,7.09,70
2019-09-20,6.9647,7.105,6.9324,7.105,7.105,2326
2019-09-23,7.105,7.105,7.105,7.105,7.105,75
2019-09-24,7.1365,7.155,7.1365,7.155,7.155,1974
2019-09-25,7.05,7.34,7.05,7.05,7.05,1335
2019-09-26,7.021,7.0483,7,7.0483,7.0483,2462
2019-09-27,7,7,6.91,6.91,6.91,443
2019-09-30,6.99,7,6.92,6.92,6.92,4356
2019-10-01,6.9294,7.07,6.9294,7.07,7.07,2559
2019-10-02,7.1198,7.1247,7.04,7.04,7.04,3477
2019-10-03,7.02,7.1812,7.02,7.1812,7.1812,1713
2019-10-04,7.11,7.11,7,7,7,2057
2019-10-07,6.989,7.05,6.92,6.92,6.92,2162
2019-10-08,6.87,7,6.87,7,7,603
2019-10-09,7,7,7,7,7,963
2019-10-10,7,7,6.95,6.95,6.95,5086
2019-10-11,6.8845,7,6.8845,7,7,4266
2019-10-14,6.87,6.9031,6.85,6.9031,6.9031,1148
2019-10-15,6.887,7.25,6.87,7.25,7.25,2774
2019-10-16,7.23,7.23,6.945,7.045,7.045,14705
2019-10-17,7.1063,7.1063,6.989,7.04,7.04,4925
2019-10-18,6.92,7.0974,6.91,7.02,7.02,5161
2019-10-21,7.12,7.3,6.995,7,7,13961
2019-10-22,7.0702,7.1022,7.0101,7.1022,7.1022,694
2019-10-23,7.0746,7.1015,6.98,7.0611,7.0611,1619
2019-10-24,6.99,7,6.9,7,7,4128
2019-10-25,6.96,7.0545,6.96,7.0545,7.0545,4161
2019-10-28,7,7,6.7,6.9395,6.9395,4035
2019-10-29,6.8723,6.99,6.8723,6.9,6.9,6913
2019-10-30,6.9,7.0193,6.9,7.0193,7.0193,2250
2019-10-31,6.9,7.045,6.9,7,7,2201
2019-11-01,6.9286,7.0409,6.9286,6.99,6.99,1945
2019-11-04,6.94,7.02,6.8516,7.0199,7.0199,4956
2019-11-05,6.93,7,6.8611,6.97,6.97,9220
2019-11-06,6.957,7.08,6.9,7.08,7.08,7030
2019-11-07,6.94,7.0487,6.7,6.8,6.8,23679
2019-11-08,6.87,6.98,6.87,6.9251,6.9251,2726
2019-11-11,6.9355,7.035,6.917,7.035,7.035,3064
2019-11-12,7.01,7.09,6.9207,7.09,7.09,6629
2019-11-13,7.0534,7.0534,6.9448,7,7,9649
2019-11-14,6.978,7.1,6.9738,7.1,7.1,3945
2019-11-15,7.01,7.0268,7.0024,7.0024,7.0024,2108
2019-11-18,6.91,7.1,6.91,7.1,7.1,11308
2019-11-19,7.1,7.1,7.09,7.1,7.1,1375
2019-11-20,7.047,7.1,7,7,7,7624
2019-11-21,7.0543,7.1,7.0191,7.1,7.1,1440
2019-11-22,7.02,7.1036,7,7,7,1652
2019-11-25,7,7.05,6.829,7.05,7.05,10081
2019-11-26,7,7.0276,7,7.0276,7.0276,1028
2019-11-27,6.9999,7.02,6.86,6.9866,6.9866,16244
2019-11-29,7.03,7.05,7.03,7.05,7.05,996
2019-12-02,7.05,7.05,6.99,7.0274,7.0274,2770
2019-12-03,7.0171,7.02,7,7,7,1358
2019-12-04,7.04,7.05,6.86,6.88,6.88,21100
2019-12-05,6.96,7.04,6.95,6.9505,6.9505,4453
2019-12-06,7,7,6.9681,6.98,6.98,1476
2019-12-09,7,7,6.94,7,7,15883
2019-12-10,6.93,7,6.93,7,7,1480
2019-12-11,6.9534,7.0298,6.9534,7.0298,7.0298,7253
2019-12-12,6.9506,7.0347,6.9146,7,7,17681
2019-12-13,6.98,7.02,6.98,7,7,9636
2019-12-16,6.968,7.03,6.901,7.0001,7.0001,14366
2019-12-17,6.95,7,6.945,6.96,6.96,1801
2019-12-18,6.91,6.9945,6.91,6.92,6.92,1974
2019-12-19,6.9104,6.92,6.85,6.9199,6.9199,2428
2019-12-20,6.8927,7.035,6.8927,7.035,7.035,2696
2019-12-23,6.809,7.0218,6.809,6.9781,6.9781,2670
2019-12-24,7.04,7.04,6.99,6.99,6.99,869
2019-12-26,6.91,7.03,6.8933,7.03,7.03,4782
2019-12-27,6.9751,7.05,6.9751,7.0312,7.0312,1715
2019-12-30,7,7.03,6.95,6.9845,6.9845,5098
2019-12-31,6.96,7,6.9264,6.93,6.93,21831
2020-01-02,7.0085,7.0085,7.0085,7.0085,7.0085,333
2020-01-03,6.9856,7,6.95,6.96,6.96,4384
2020-01-06,6.96,7,6.9487,7,7,6505
2020-01-07,7,7,6.95,6.973,6.973,12345
2020-01-08,6.95,7,6.95,6.9893,6.9893,3723
2020-01-09,6.9647,6.9864,6.9647,6.9864,6.9864,382
2020-01-10,6.9819,7,6.9811,6.9998,6.9998,1713
2020-01-13,6.91,6.9802,6.91,6.9802,6.9802,1456
2020-01-14,6.99,6.99,6.95,6.9548,6.9548,2162
2020-01-15,6.95,6.99,6.9,6.99,6.99,3277
2020-01-16,6.944,6.97,6.944,6.97,6.97,2971
2020-01-17,6.9174,6.98,6.9174,6.9531,6.9531,2995
2020-01-21,6.94,6.95,6.94,6.95,6.95,4086
2020-01-22,6.7931,6.855,6.72,6.8371,6.8371,2519
2020-01-23,6.86,6.92,6.8169,6.875,6.875,1473
2020-01-24,6.75,6.92,6.75,6.8238,6.8238,5422
2020-01-27,6.898,6.93,6.82,6.84,6.84,3449
2020-01-28,6.854,6.8845,6.81,6.8674,6.8674,4421
2020-01-29,6.8302,6.9138,6.82,6.9038,6.9038,1851
2020-01-30,6.8312,6.8312,6.8312,6.8312,6.8312,487
2020-01-31,6.8,6.88,6.8,6.8461,6.8461,1926
2020-02-03,6.82,6.82,6.7521,6.76,6.76,1335
2020-02-04,6.76,6.79,6.7525,6.79,6.79,2475
2020-02-05,6.7893,6.81,6.7521,6.81,6.81,1766
2020-02-06,6.7681,6.81,6.7681,6.81,6.81,833
2020-02-07,6.82,6.8896,6.82,6.8896,6.8896,908
2020-02-10,6.9,6.9,6.77,6.8696,6.8696,1241
2020-02-11,6.8472,6.9,6.8472,6.8999,6.8999,6463
2020-02-12,6.8696,6.8701,6.81,6.8118,6.8118,1291
2020-02-13,6.82,6.8345,6.786,6.81,6.81,895
2020-02-14,6.87,6.87,6.8244,6.85,6.85,640
2020-02-18,6.78,6.84,6.72,6.84,6.84,1450
2020-02-19,6.75,6.9,6.75,6.9,6.9,1499
2020-02-20,6.72,6.9,6.72,6.72,6.72,3062
2020-02-21,6.795,6.86,6.6905,6.86,6.86,2127
2020-02-24,6.76,6.77,6.75,6.77,6.77,623
2020-02-25,6.7,6.8433,6.65,6.71,6.71,40417
2020-02-26,6.7205,6.7205,6.6,6.62,6.62,4307
2020-02-27,6.6025,6.6025,6.53,6.53,6.53,2592
2020-02-28,6.635,6.753,6.5,6.5,6.5,3049
2020-03-02,6.55,6.55,6.25,6.27,6.27,15129
2020-03-03,6.25,6.2924,6.1,6.115,6.115,8623
2020-03-04,6.13,6.13,5.67,5.99,5.99,16100
2020-03-05,6.3,6.31,5.995,6.02,6.02,3434
2020-03-06,6.0166,6.0166,5.94,5.94,5.94,3348
2020-03-09,6.05,6.05,5.79,5.835,5.835,1978
2020-03-10,5.9297,6.0085,5.78,5.81,5.81,2379
2020-03-11,5.8,5.935,5.6,5.6,5.6,24018
2020-03-12,5.55,6.05,5.1,5.1,5.1,25348
2020-03-13,5.2,5.9895,5.1,5.5777,5.5777,5458
2020-03-16,5.4,5.4229,5,5.0835,5.0835,6822
2020-03-17,5,5.45,4.585,4.65,4.65,16159
2020-03-18,4.74,5.0852,4.588,4.6431,4.6431,7924
2020-03-19,4.64,4.64,4.5,4.5111,4.5111,9301
2020-03-20,4.62,4.7233,4.5,4.5,4.5,18322
2020-03-23,4.67,5.12,4.51,4.56,4.56,4929
2020-03-24,4.72,4.825,4.54,4.57,4.57,7324
2020-03-25,4.983,5.01,4.56,4.75,4.75,12709
2020-03-26,4.88,5.1275,4.85,5.035,5.035,6958
2020-03-27,4.59,5.088,4.59,5.0301,5.0301,5134
2020-03-30,4.95,5,4.68,4.76,4.76,24778
2020-03-31,5,5,4.85,4.85,4.85,5957
2020-04-01,4.95,5,4.8,4.8,4.8,2226
2020-04-02,4.8616,4.88,4.7985,4.8,4.8,3712
2020-04-03,4.77,5.3,4.7,4.98,4.98,21221
2020-04-06,5.4895,5.4895,4.825,4.9,4.9,6949
2020-04-07,5.011,5.015,4.76,4.93,4.93,4487
2020-04-08,5.0499,5.14,4.9992,4.9992,4.9992,9081
2020-04-09,5.025,5.08,5.025,5.08,5.08,2182
2020-04-13,5.15,5.205,5.0099,5.055,5.055,4427
2020-04-14,5.25,5.25,5.06,5.14,5.14,5869
2020-04-15,5.2,5.22,5.15,5.21,5.21,9766
2020-04-16,5.198,5.25,5.198,5.2,5.2,2810
2020-04-17,5.21,5.25,5.1934,5.2405,5.2405,5938
2020-04-20,5.24,5.5,5.213,5.4327,5.4327,12088
2020-04-21,5.46,5.48,5.35,5.48,5.48,3285
2020-04-22,5.4,5.48,5.17,5.3601,5.3601,4505
2020-04-23,5.439,5.49,5.3904,5.47,5.47,1556
2020-04-24,5.46,5.48,5.41,5.4541,5.4541,4407
2020-04-27,5.45,5.87,5.45,5.87,5.87,20409
2020-04-28,5.9,5.9,5.56,5.8,5.8,5084
2020-04-29,5.92,6.2097,5.8198,5.93,5.93,2384
2020-04-30,6.1658,6.1863,5.9,6.0257,6.0257,2218
2020-05-01,6.03,6.3463,5.55,5.97,5.97,8631
2020-05-04,5.81,5.891,5.545,5.545,5.545,2595
2020-05-05,5.75,6.14,5.75,5.85,5.85,11558
2020-05-06,5.86,6.08,5.68,5.8,5.8,6237
2020-05-07,5.7,5.92,5.55,5.745,5.745,5049
2020-05-08,5.9104,6,5.8501,5.8701,5.8701,4474
2020-05-11,5.81,5.98,5.75,5.75,5.75,3368
2020-05-12,5.71,5.8294,5.69,5.69,5.69,3643
2020-05-13,5.69,5.79,5.25,5.26,5.26,7205
2020-05-14,5.38,5.74,5.38,5.54,5.54,4059
2020-05-15,5.59,5.89,5.5,5.7426,5.7426,4586
2020-05-18,5.75,5.9295,5.75,5.9,5.9,4225
2020-05-19,5.96,6.05,5.8413,5.925,5.925,4756
2020-05-20,5.8852,6.2662,5.8852,6.1,6.1,7815
2020-05-21,6.01,6.24,5.92,5.92,5.92,7371
2020-05-22,6.04,6.19,5.69,6.19,6.19,8433
2020-05-26,6.2,6.25,6.1701,6.225,6.225,12148
2020-05-27,6.15,6.2399,5.9035,6.1792,6.1792,4905
2020-05-28,6.19,6.25,6.09,6.1,6.1,4263
2020-05-29,6.02,6.14,6.02,6.0439,6.0439,1430
2020-06-01,6.12,6.235,6.12,6.15,6.15,2196
2020-06-02,6.25,6.25,6.1924,6.235,6.235,3458
2020-06-03,6.18,6.25,6.125,6.15,6.15,1225
2020-06-04,6.07,6.16,6.05,6.16,6.16,1607
2020-06-05,6.12,6.12,6.12,6.12,6.12,810
2020-06-08,6.12,6.1267,6.06,6.06,6.06,5269
2020-06-09,6.01,6.345,6.01,6.315,6.315,9586
2020-06-10,6.25,6.31,6.1105,6.31,6.31,2157
2020-06-11,6.12,6.19,6.11,6.15,6.15,7498
2020-06-12,6.19,6.2,6.15,6.17,6.17,4033
2020-06-15,6.15,6.15,6.1101,6.1101,6.1101,2675
2020-06-16,6.13,6.22,6.11,6.2,6.2,6860
2020-06-17,6.2,6.2,6.06,6.18,6.18,1303
2020-06-18,6.123,6.165,6.12,6.145,6.145,1628
2020-06-19,6.25,6.25,6.05,6.1,6.1,3630
2020-06-22,5.98,6.15,5.98,6.14,6.14,4478
2020-06-23,6.046,6.19,5.78,6.11,6.11,9574
2020-06-24,6,6.08,6,6.08,6.08,1086
2020-06-25,6.01,6.01,5.7601,5.91,5.91,8087
2020-06-26,5.99,5.99,5.85,5.94,5.94,4864
2020-06-29,5.98,6,5.92,5.97,5.97,4416
2020-06-30,5.95,6.07,5.95,6.044,6.044,4349
2020-07-01,6.06,6.0806,5.95,5.9899,5.9899,3003
2020-07-02,6.0532,6.0679,6.01,6.06,6.06,1395
2020-07-06,5.99,6.06,5.95,5.9998,5.9998,4094
2020-07-07,6.03,6.03,5.95,5.9501,5.9501,2545
2020-07-08,6,6.01,5.85,6.01,6.01,8034
2020-07-09,6.01,6.15,5.68,5.75,5.75,18534
2020-07-10,5.9,5.9485,5.86,5.86,5.86,2692
2020-07-13,5.99,6.0947,5.8,6.025,6.025,6452
2020-07-14,5.95,6.2,5.95,6,6,4686
2020-07-15,5.8761,6.2,5.8761,6.0788,6.0788,6207
2020-07-16,6.05,6.1,6.009,6.0723,6.0723,3572
2020-07-17,6.13,6.2,6.0919,6.12,6.12,4152
2020-07-20,6.01,6.08,5.8461,6.01,6.01,6431
2020-07-21,6.0835,6.3099,6.0835,6.3,6.3,11037
2020-07-22,6.3032,6.45,6.3019,6.4318,6.4318,2806
2020-07-23,6.3,6.3,6.04,6.04,6.04,11722
2020-07-24,6.1368,6.22,6.0266,6.09,6.09,2785
2020-07-27,6.16,6.28,6.04,6.175,6.175,2283
2020-07-28,6.11,6.1205,5.85,5.85,5.85,5813
2020-07-29,5.99,6.1001,5.79,6.055,6.055,4376
2020-07-30,6.08,6.2299,5.96,6.2,6.2,3670
2020-07-31,6.17,6.44,6.14,6.35,6.35,4661
2020-08-03,6.44,6.5,6.275,6.49,6.49,3659
2020-08-04,6.2765,6.5972,6.2765,6.5972,6.5972,11150
2020-08-05,6.65,6.67,6.4369,6.48,6.48,6453
2020-08-06,6.495,6.609,6.432,6.46,6.46,9081
2020-08-07,6.463,6.5043,6.463,6.5,6.5,1959
2020-08-10,6.569,6.58,6.5,6.515,6.515,2311
2020-08-11,6.4793,6.4917,6.3964,6.4,6.4,1940
2020-08-12,6.49,6.49,6.3942,6.49,6.49,1983
2020-08-13,6.5,6.5,6.36,6.457,6.457,6358
2020-08-14,6.49,6.5526,6.49,6.5,6.5,4261
2020-08-17,6.58,6.5999,6.41,6.41,6.41,5624
2020-08-18,6.398,6.579,6.27,6.547,6.547,12440
2020-08-19,6.375,6.6,6.3021,6.5,6.5,4592
2020-08-20,6.41,6.68,6.3744,6.64,6.64,5039
2020-08-21,6.575,6.7253,6.5436,6.72,6.72,9452
2020-08-24,6.85,6.85,6.47,6.55,6.55,16762
2020-08-25,6.66,6.7172,6.51,6.51,6.51,8616
2020-08-26,6.5,6.64,6.385,6.64,6.64,4821
2020-08-27,6.53,6.62,6.485,6.61,6.61,2264
2020-08-28,6.56,6.6399,6.32,6.5,6.5,11011
2020-08-31,6.44,6.62,6.37,6.55,6.55,4946
2020-09-01,6.58,6.58,6.415,6.495,6.495,4741
2020-09-02,6.58,6.62,6.45,6.5,6.5,2397
2020-09-03,6.55,6.55,6.1,6.16,6.16,15157
2020-09-04,6.177,6.34,6.1,6.25,6.25,6206
2020-09-08,6.24,6.31,6.1701,6.19,6.19,2282
2020-09-09,6.3,6.34,6.155,6.3067,6.3067,5302
2020-09-10,6.31,6.39,6.26,6.26,6.26,1067
2020-09-11,6.2678,6.39,6.16,6.1844,6.1844,5226
2020-09-14,6.35,6.35,6.1,6.15,6.15,1632
2020-09-15,6.15,6.15,6.12,6.15,6.15,1056
2020-09-16,6.12,6.15,6.11,6.12,6.12,2032
2020-09-17,6.15,6.22,6.15,6.22,6.22,4470
2020-09-18,6.17,6.39,6.17,6.39,6.39,6330
2020-09-21,6.29,6.58,6.2008,6.395,6.395,8751
2020-09-22,6.35,6.58,6.3,6.524,6.524,6786
2020-09-23,6.57,6.57,6.11,6.315,6.315,14480
2020-09-24,6.22,6.34,6.08,6.15,6.15,7716
2020-09-25,6.08,6.3,6.08,6.25,6.25,4985
2020-09-28,6.195,6.4,6.18,6.3398,6.3398,4465
2020-09-29,6.39,6.41,6.25,6.3328,6.3328,4773
2020-09-30,6.3,6.34,6.15,6.15,6.15,4428
2020-10-01,6.15,6.305,6.1,6.2117,6.2117,4871
2020-10-02,6.27,6.315,6.13,6.315,6.315,7214
2020-10-05,6.35,6.45,6.138,6.28,6.28,7529
2020-10-06,6.4,6.47,6.3001,6.31,6.31,2670
2020-10-07,6.41,6.41,6.3399,6.3399,6.3399,478
2020-10-08,6.3,6.395,6.13,6.165,6.165,5918
2020-10-09,6.1872,6.39,6.1872,6.3571,6.3571,2495
2020-10-12,6.28,6.28,6,6.07,6.07,29860
2020-10-13,6.1,6.1,6.05,6.08,6.08,1527
2020-10-14,6.05,6.0638,6.025,6.0357,6.0357,3133
2020-10-15,6,6.11,6,6.11,6.11,908
2020-10-16,6.16,6.23,6.1,6.19,6.19,6841
2020-10-19,6.16,6.28,6.1525,6.2,6.2,9849
2020-10-20,6.115,6.21,6.115,6.18,6.18,1220
2020-10-21,6.165,6.205,6.155,6.205,6.205,945
2020-10-22,6.157,6.25,6.15,6.2,6.2,2825
2020-10-23,6.2,6.25,6.2,6.245,6.245,1120
2020-10-26,6.27,6.27,6.11,6.2201,6.2201,3599
2020-10-27,6.25,6.25,6.133,6.19,6.19,547
2020-10-28,6.11,6.18,6.11,6.17,6.17,6404
2020-10-29,6.11,6.18,6.105,6.18,6.18,3935
2020-10-30,6.14,6.17,6.11,6.11,6.11,842
2020-11-02,6.185,6.23,6.055,6.155,6.155,6056
2020-11-03,6.165,6.165,6.1,6.1,6.1,1813
2020-11-04,6.1382,6.1382,6.03,6.1,6.1,925
2020-11-05,6.03,6.11,6.03,6.11,6.11,1518
2020-11-06,6.08,6.12,6.07,6.12,6.12,1234
2020-11-09,6.16,6.49,6.16,6.27,6.27,11926
2020-11-10,6.28,6.38,6.28,6.33,6.33,4875
2020-11-11,6.254,6.33,6.25,6.32,6.32,5428
2020-11-12,6.36,6.36,6.25,6.325,6.325,1280
2020-11-13,6.36,6.455,6.29,6.31,6.31,6093
2020-11-16,6.4,6.42,6.335,6.35,6.35,6904
2020-11-17,6.39,6.47,6.39,6.4566,6.4566,5198
2020-11-18,6.48,6.54,6.4601,6.5,6.5,4671
2020-11-19,6.58,6.58,6.42,6.54,6.54,3008
2020-11-20,6.47,6.58,6.47,6.57,6.57,4193
2020-11-23,6.545,6.5746,6.48,6.5,6.5,3912
2020-11-24,6.49,6.5,6.445,6.49,6.49,5704
2020-11-25,6.43,6.75,6.41,6.73,6.73,21770
2020-11-27,6.79,6.8,6.73,6.735,6.735,5926
2020-11-30,6.75,6.75,6.4101,6.614,6.614,7798
2020-12-01,6.51,6.685,6.41,6.64,6.64,11838
2020-12-02,6.62,6.68,6.5353,6.54,6.54,2240
2020-12-03,6.57,6.65,6.43,6.61,6.61,8480
2020-12-04,6.6201,6.69,6.6201,6.6737,6.6737,7239
2020-12-07,6.5,6.7,6.5,6.6828,6.6828,5684
2020-12-08,6.67,6.67,6.4967,6.63,6.63,9605
2020-12-09,6.49,6.665,6.49,6.5277,6.5277,9238
2020-12-10,6.5295,6.65,6.4718,6.595,6.595,15826
2020-12-11,6.64,6.65,6.5563,6.65,6.65,4945
2020-12-14,6.63,6.65,6.545,6.62,6.62,23069
2020-12-15,6.6,6.68,6.5176,6.63,6.63,14838
2020-12-16,6.6,6.65,6.52,6.57,6.57,4119
2020-12-17,6.65,6.68,6.595,6.63,6.63,7640
2020-12-18,6.68,6.68,6.45,6.45,6.45,10571
2020-12-21,6.54,6.5555,6.4167,6.4914,6.4914,12965
2020-12-22,6.5,6.57,6.4585,6.55,6.55,4577
2020-12-23,6.55,6.55,6.438,6.46,6.46,4648
2020-12-24,6.52,6.52,6.4001,6.48,6.48,5964
2020-12-28,6.55,6.55,6.451,6.473,6.473,4479
2020-12-29,6.42,6.49,6.41,6.46,6.46,4047
2020-12-30,6.4,6.53,6.4,6.45,6.45,7775
2020-12-31,6.5,6.53,6.32,6.37,6.37,18018
2021-01-04,6.35,6.3812,6.3067,6.33,6.33,4144
2021-01-05,6.295,6.38,6.295,6.33,6.33,3131
2021-01-06,6.429,6.5155,6.36,6.43,6.43,6281
2021-01-07,6.35,6.47,6.3222,6.43,6.43,5459
2021-01-08,6.39,6.39,6.21,6.3,6.3,6209
2021-01-11,6.29,6.3501,6.29,6.32,6.32,2255
2021-01-12,6.315,6.35,6.315,6.35,6.35,4992
2021-01-13,6.3302,6.4208,6.3302,6.4101,6.4101,14587
2021-01-14,6.44,6.5485,6.365,6.5254,6.5254,39819
2021-01-15,6.55,6.55,6.48,6.54,6.54,124312
2021-01-19,6.54,6.85,6.54,6.695,6.695,48959
2021-01-20,6.75,6.75,6.61,6.68,6.68,22567
2021-01-21,6.74,6.74,6.65,6.72,6.72,4851
2021-01-22,6.65,6.73,6.61,6.705,6.705,10888
2021-01-25,6.74,6.75,6.65,6.69,6.69,20831
2021-01-26,6.685,7.4,6.655,6.948,6.948,112088
2021-01-27,6.96,6.9945,6.81,6.89,6.89,21033
2021-01-28,6.94,6.95,6.81,6.83,6.83,17606
2021-01-29,6.85,6.94,6.8301,6.8801,6.8801,19049
2021-02-01,6.96,7.04,6.9506,6.985,6.985,19936
2021-02-02,7.07,7.09,6.971,7.02,7.02,14853
2021-02-03,7.07,7.1,6.9624,7.1,7.1,16336
2021-02-04,7.08,7.25,7.02,7.02,7.02,39834
2021-02-05,7,7.1832,7,7.11,7.11,12566
2021-02-08,7.18,7.2,7.08,7.18,7.18,34618
2021-02-09,7.2,7.4493,7.18,7.33,7.33,55851
2021-02-10,7.39,7.87,7.3354,7.85,7.85,40839
2021-02-11,7.84,8,7.6,7.85,7.85,27154
2021-02-12,7.85,8,7.84,8,8,13442
2021-02-16,8,8.2999,7.94,8.2,8.2,27669
2021-02-17,8.23,8.29,8.1073,8.27,8.27,13220
2021-02-18,8.28,8.3,8.0101,8.15,8.15,16339
2021-02-19,8.12,8.28,8.012,8.25,8.25,22192
2021-02-22,8.28,8.28,8.16,8.25,8.25,8175
2021-02-23,8.1851,8.2399,8.01,8.01,8.01,12003
2021-02-24,8.01,8.085,7.91,8.085,8.085,11206
2021-02-25,8.1,8.1,7.857,8.08,8.08,4770
2021-02-26,8.09,8.09,7.9,7.96,7.96,4913
2021-03-01,7.89,7.95,7.85,7.85,7.85,10902
2021-03-02,7.85,7.919,7.684,7.821,7.821,9250
2021-03-03,7.86,8.01,7.77,8.01,8.01,14337
2021-03-04,7.91,8.01,7.8021,7.96,7.96,15425
2021-03-05,8,8.09,7.81,7.85,7.85,5404
2021-03-08,7.84,8.24,7.81,8.12,8.12,17389
2021-03-09,8.23,8.29,8.16,8.2,8.2,7242
2021-03-10,8.29,8.29,8.16,8.19,8.19,6131
2021-03-11,8.21,8.2699,7.9,7.91,7.91,7810
2021-03-12,8.05,8.19,7.945,8.08,8.08,26629
2021-03-15,8.14,8.25,8.01,8.16,8.16,14492
2021-03-16,8.25,8.29,8.19,8.25,8.25,17919
2021-03-17,8.19,8.9,8.0441,8.68,8.68,64487
2021-03-18,8.82,9.0813,8.73,8.8,8.8,27303
2021-03-19,8.98,8.99,8.78,8.81,8.81,16154
2021-03-22,8.94,9.5,8.73,9.35,9.35,41868
2021-03-23,9.49,9.49,8.64,9.03,9.03,63799
2021-03-24,9.14,9.25,9,9.06,9.06,15807
2021-03-25,9,9.24,9,9.2316,9.2316,8821
2021-03-26,9.25,9.25,9.05,9.05,9.05,5916
2021-03-29,9.09,9.24,9,9.1912,9.1912,12018
2021-03-30,9.09,9.25,9.07,9.07,9.07,15106
2021-03-31,9.11,9.16,9,9.05,9.05,8969
2021-04-01,9.14,9.15,9.1147,9.15,9.15,5334
2021-04-05,9.1,9.5,9.0762,9.25,9.25,20933
2021-04-06,9.3,9.35,9.15,9.17,9.17,8195
2021-04-07,9.11,9.35,9.11,9.22,9.22,8010
2021-04-08,9.35,9.35,9.23,9.23,9.23,7448
2021-04-09,9.29,9.35,9.1672,9.26,9.26,18046
2021-04-12,9.3,9.61,9.3,9.31,9.31,45827
2021-04-13,9.24,9.61,9.2297,9.45,9.45,80627
2021-04-14,9.49,9.556,9.47,9.51,9.51,20037
2021-04-15,9.6,9.6095,9.48,9.55,9.55,12956
2021-04-16,9.51,9.63,9.344,9.46,9.46,46012
2021-04-19,9.51,9.58,9.466,9.53,9.53,25627
2021-04-20,9.57,9.63,9.53,9.53,9.53,11635
2021-04-21,9.57,9.6,9.455,9.53,9.53,16531
2021-04-22,9.58,9.67,9.56,9.62,9.62,13331
2021-04-23,9.64,9.755,9.5,9.65,9.65,60158
2021-04-26,9.65,9.8,9.63,9.8,9.8,34595
2021-04-27,9.79,9.87,9.755,9.86,9.86,21898
2021-04-28,9.92,10.4807,9.88,10.245,10.245,131206
2021-04-29,13.773,16.54,12.06,12.25,12.25,25466100
2021-04-30,11.5,13.25,11.4683,13.1,13.1,926448
2021-05-03,12.9,14.5,12.81,14.38,14.38,319174
2021-05-04,14.49,14.8,14.04,14.8,14.8,137243
2021-05-05,15,15.0999,13.41,14.4,14.4,228841
2021-05-06,14.46,15.8314,14.26,15.55,15.55,364706
2021-05-07,15.55,16,14.7,15.09,15.09,244160
2021-05-10,15.26,15.49,14.6505,14.96,14.96,144287
2021-05-11,14.66,14.9,14.02,14.87,14.87,376342
2021-05-12,14.87,15.02,14.14,14.2,14.2,234698
2021-05-13,14.2,14.96,14.1501,14.8,14.8,94618
2021-05-14,14.46,14.75,14.04,14.2,14.2,187768
2021-05-17,14.18,14.89,13.5001,13.74,13.74,93357
2021-05-18,13.7,13.8999,13.53,13.79,13.79,45430
2021-05-19,13.78,14.1843,13.7,14.14,14.14,106090
2021-05-20,14.16,14.25,13.69,13.84,13.84,50297
2021-05-21,13.93,14.96,13.7173,14.82,14.82,199888
2021-05-24,14.82,14.92,14,14.02,14.02,55995
2021-05-25,14.05,14.1532,13.71,13.8,13.8,38889
2021-05-26,13.81,14.05,13.81,13.99,13.99,26223
2021-05-27,14,14.5099,13.8912,14.04,14.04,66244
2021-05-28,14.1,14.6,14.1,14.37,14.37,78205
2021-06-01,14.36,14.5,14.2,14.2,14.2,24882
2021-06-02,14.32,14.39,13.82,13.875,13.875,49996
2021-06-03,13.88,13.89,13.755,13.755,13.755,22850
2021-06-04,13.76,13.85,13.49,13.51,13.51,27843
2021-06-07,13.58,13.8,13.29,13.68,13.68,30641
2021-06-08,13.61,13.7908,13.33,13.33,13.33,21277
2021-06-09,13.35,13.62,13.3,13.44,13.44,12527
2021-06-10,13.54,14.2,13.45,13.95,13.95,49436
2021-06-11,14.12,14.12,13.75,13.8,13.8,23611
2021-06-14,13.72,14.03,13.5,13.58,13.58,37432
2021-06-15,13.6,14.02,13.5,13.99,13.99,34359
2021-06-16,13.88,14.01,13.5,13.8,13.8,34500
2021-06-17,13.78,14,13.67,13.73,13.73,20683
2021-06-18,13.67,13.86,13.37,13.72,13.72,37729
2021-06-21,13.72,13.74,13.55,13.65,13.65,14000
2021-06-22,13.74,13.74,13.6,13.6,13.6,10200
2021-06-23,13.54,13.6,13.4,13.4,13.4,14900
2021-06-24,13.4,13.59,13.25,13.48,13.48,39700
2021-06-25,13.48,13.98,13.37,13.97,13.97,54100
2021-06-28,14.08,14.08,13.5,13.5,13.5,29100
2021-06-29,13.69,13.89,13.31,13.5,13.5,16800
2021-06-30,13.6,14.09,13.52,13.68,13.68,11600
2021-07-01,14.1,14.1,13.67,13.68,13.68,37500
2021-07-02,13.68,14.08,13.6,13.98,13.98,8200
2021-07-06,13.98,13.99,13.5,13.52,13.52,13100
2021-07-07,13.5,14,13.48,13.65,13.65,19600
2021-07-08,13.5,13.5,13.25,13.48,13.48,19200
2021-07-09,13.93,13.93,13.52,13.71,13.71,7200
2021-07-12,13.71,13.71,13.06,13.2,13.2,34400
2021-07-13,13.29,13.4,13.25,13.27,13.27,8900
2021-07-14,13.3,13.34,13.02,13.1,13.1,14200
2021-07-15,13.18,13.24,12.8,13.08,13.08,20900
2021-07-16,13.05,13.09,12.82,12.82,12.82,17100
2021-07-19,12.8,13.08,12.55,12.91,12.91,41303
