Date,Open,High,Low,Close,AdjustedClose,Volume
2017-06-27,50.07,50.07,50.06,50.06,50.06,500
2017-06-28,50.05,50.05,50.05,50.05,50.05,200
2017-07-06,49.81,49.81,49.81,49.81,49.81,900
2017-07-12,49.91,49.91,49.894,49.894,49.894,561
2017-07-17,50.11,50.11,50.11,50.11,50.11,267
2017-07-18,50.13,50.13,50.13,50.13,50.13,100
2017-07-20,50.3,50.3,50.29,50.29,50.29,200
2017-07-24,50.31,50.32,50.31,50.32,50.32,14700
2017-07-28,50.268,50.268,50.268,50.268,50.268,500
2017-07-31,50.29,50.29,50.28,50.29,50.29,2500
2017-08-01,50.26,50.27,50.26,50.27,50.27,201
2017-08-03,50.35,50.36,50.35,50.36,50.36,600
2017-08-04,50.35,50.43,50.35,50.424,50.424,5899
2017-08-07,50.53,50.55,50.5,50.5,50.5,2074
2017-08-08,50.5,50.5,50.5,50.5,50.5,1000
2017-08-09,50.53,50.545,50.482,50.482,50.482,2950
2017-08-15,51.06,51.06,51.06,51.06,51.06,240
2017-08-16,50.72,50.72,50.69,50.72,50.72,1101
2017-08-17,50.67,50.686,50.6116,50.6116,50.6116,1000
2017-08-22,50.55,50.55,50.55,50.55,50.55,100
2017-08-23,50.66,50.66,50.66,50.66,50.66,100
2017-08-24,50.62,50.64,50.52,50.52,50.52,500
2017-08-25,50.56,50.5948,50.56,50.5948,50.5948,9400
2017-08-29,50.64,50.69,50.64,50.67,50.67,4100
2017-08-31,50.8,50.8,50.8,50.8,50.8,150
2017-09-01,50.745,50.7892,50.745,50.745,50.745,1560
2017-09-05,50.8,50.84,50.8,50.84,50.84,2201
2017-09-07,50.91,50.91,50.91,50.91,50.91,600
2017-09-11,51,51,50.89,50.89,50.89,2900
2017-09-12,50.96,50.976,50.96,50.96,50.96,630
2017-09-13,50.91,50.96,50.81,50.81,50.81,6020
2017-09-14,50.88,50.89,50.88,50.89,50.89,400
2017-09-15,50.88,50.88,50.88,50.88,50.88,444
2017-09-18,50.815,50.886,50.815,50.815,50.815,805
2017-09-20,50.85,50.86,50.71,50.71,50.71,3752
2017-09-21,50.74,50.74,50.7399,50.7399,50.7399,499
2017-09-26,50.69,50.77,50.69,50.7188,50.7188,950
2017-09-27,50.69,50.707,50.57,50.57,50.57,4035
2017-09-28,50.62,50.62,50.57,50.57,50.57,993
2017-09-29,50.59,50.6,50.5636,50.59,50.59,6050
2017-10-04,50.62,50.62,50.62,50.62,50.62,300
2017-10-05,50.57,50.58,50.56,50.58,50.58,1199
2017-10-06,50.5,50.5,50.5,50.5,50.5,550
2017-10-10,50.6,50.6,50.6,50.6,50.6,800
2017-10-11,50.63,50.63,50.63,50.63,50.63,59224
2017-10-13,50.72,50.72,50.5994,50.5994,50.5994,1723
2017-10-16,50.78,50.78,50.7231,50.7231,50.7231,400
2017-10-17,50.7999,50.8,50.7999,50.8,50.8,1641
2017-10-18,50.86,50.86,50.8,50.8,50.8,927
2017-10-19,50.91,50.91,50.91,50.91,50.91,150
2017-10-20,50.75,50.75,50.75,50.75,50.75,2698
2017-10-23,50.81,50.81,50.81,50.81,50.81,140
2017-10-24,50.76,50.85,50.76,50.7906,50.7906,1991
2017-10-26,50.6436,50.689,50.6436,50.689,50.689,361
2017-10-27,50.7,50.7,50.65,50.65,50.65,1189
2017-10-30,50.585,50.67,50.585,50.67,50.67,2100
2017-10-31,50.688,50.688,50.68,50.68,50.68,213
2017-11-01,50.7,50.7,50.7,50.7,50.7,207
2017-11-02,50.6,50.61,50.6,50.61,50.61,1000
2017-11-03,50.95,50.95,50.95,50.95,50.95,293
2017-11-06,50.89,50.89,50.89,50.89,50.89,253
2017-11-07,50.86,50.86,50.86,50.86,50.86,226
2017-11-10,50.95,50.96,50.95,50.95,50.95,683
2017-11-15,50.89,50.89,50.89,50.89,50.89,166
2017-11-20,51.108,51.108,51.108,51.108,51.108,216
2017-11-22,50.8187,50.8187,50.7837,50.7837,50.7837,871
2017-11-27,50.7,50.7,50.7,50.7,50.7,270
2017-11-28,50.742,50.742,50.742,50.742,50.742,259
2017-11-29,50.5,50.67,50.5,50.67,50.67,1149
2017-12-01,51.04,51.04,50.75,50.8,50.8,1404
2017-12-04,50.9,50.9,50.85,50.9,50.9,1951
2017-12-05,51.29,51.29,51,51.1,51.1,1045
2017-12-06,51.26,51.27,51.26,51.27,51.27,800
2017-12-07,51.5,51.5,51.4811,51.4811,51.4811,1202
2017-12-08,51.76,51.76,51.1,51.1,51.1,1549
2017-12-11,51.0255,51.0255,51.0254,51.0254,51.0254,436
2017-12-13,51.01,51.01,50.83,50.95,50.95,7888
2017-12-15,51.24,51.26,51.1834,51.26,51.26,862
2017-12-18,51.23,51.23,51.1825,51.1825,51.1825,1000
2017-12-19,51,51,51,51,51,1066
2017-12-21,50.78,51,50.76,51,51,1327
2017-12-22,51.19,51.25,51.09,51.14,51.14,2062
2017-12-28,51.43,51.43,51.43,51.43,51.43,189
2017-12-29,51.05,51.58,51.05,51.58,51.58,2843
2018-01-02,51.22,51.22,51.22,51.22,51.22,141
2018-01-03,51.285,51.4946,51.285,51.4946,51.4946,684
2018-01-04,51.5,51.51,51.5,51.5,51.5,2694
2018-01-05,51.14,51.33,51.14,51.3,51.3,2451
2018-01-08,51.26,51.26,51.26,51.26,51.26,100
2018-01-09,51.5981,51.5981,50.96,50.96,50.96,2236
2018-01-10,51,51.61,50.82,51.06,51.06,5679
2018-01-11,50.91,50.918,50.7892,50.918,50.918,2987
2018-01-16,50.9399,50.9399,50.9399,50.9399,50.9399,491
2018-01-18,50.96,51,50.96,50.975,50.975,1571
2018-01-19,50.94,50.97,50.837,50.94,50.94,870
2018-01-22,50.93,50.93,50.8515,50.92,50.92,580
2018-01-23,50.8,50.81,50.699,50.81,50.81,985
2018-01-24,50.8,50.81,50.697,50.697,50.697,1822
2018-01-25,50.718,50.718,50.71,50.71,50.71,414
2018-01-26,50.67,50.716,50.67,50.716,50.716,300
2018-01-29,50.61,50.61,50.475,50.475,50.475,386
2018-01-30,50.532,50.532,50.5,50.532,50.532,842
2018-01-31,50.41,50.418,50.41,50.418,50.418,500
2018-02-01,50.4,50.4,50.3167,50.4,50.4,628
2018-02-06,50.29,50.29,50.289,50.29,50.29,992
2018-02-07,50.37,50.42,50.37,50.42,50.42,220
2018-02-08,50.08,50.08,50.08,50.08,50.08,233
2018-02-12,50.4,50.4,50.4,50.4,50.4,2021
2018-02-14,50.2035,50.2035,50.2035,50.2035,50.2035,281
2018-02-15,50.0095,50.0095,50.0095,50.0095,50.0095,201
2018-02-20,48.91,50.25,48.91,49.93,49.93,1881
2018-02-21,49.69,49.87,49.69,49.85,49.85,4248
2018-02-26,50,51.9024,50,50.05,50.05,3638
2018-02-27,50,50,49.83,49.83,49.83,406
2018-02-28,49.98,50.016,49.91,49.9103,49.9103,7616
2018-03-01,50.05,50.05,50.05,50.05,50.05,216
2018-03-02,49.89,50.01,49.88,49.88,49.88,1177
2018-03-07,50.06,50.13,50.03,50.12,50.12,4175
2018-03-08,50.13,50.25,50.03,50.09,50.09,22213
2018-03-09,49.98,49.98,49.918,49.9352,49.9352,717
2018-03-12,49.9722,50.12,49.9722,50.09,50.09,2251
2018-03-13,49.98,50.048,49.98,50.004,50.004,998
2018-03-14,50.03,50.03,49.98,49.9947,49.9947,1513
2018-03-15,49.99,49.99,49.99,49.99,49.99,281
2018-03-16,50.02,50.03,50.01,50.03,50.03,2917
2018-03-19,50.12,50.12,50.12,50.12,50.12,134
2018-03-20,50.08,50.1799,50.08,50.16,50.16,1089
2018-03-21,50.113,50.27,50.113,50.18,50.18,6848
2018-03-22,50.03,50.16,50.03,50.16,50.16,5426
2018-03-26,50.1,50.11,50.1,50.1,50.1,2048
2018-03-27,50.23,50.3499,50.22,50.22,50.22,1854
2018-03-28,50.1099,50.1099,50.1099,50.1099,50.1099,164
2018-03-29,50.27,53,50.2124,50.3,50.3,55729
2018-04-03,50.46,50.46,50.28,50.285,50.285,603
2018-04-04,50.345,50.4766,50.33,50.33,50.33,1109
2018-04-05,50.15,50.1632,50.14,50.1632,50.1632,1666
2018-04-06,50.24,50.262,50.24,50.24,50.24,1078
2018-04-09,50.145,50.145,50.145,50.145,50.145,1500
2018-04-10,50.2498,50.25,50.1166,50.1166,50.1166,6277
2018-04-11,50.2,50.4156,50.2,50.4,50.4,4466
2018-04-12,50.275,50.4217,50.275,50.4217,50.4217,500
2018-04-16,50.4,50.44,50.368,50.368,50.368,1031
2018-04-17,50.3596,50.3596,50.3596,50.3596,50.3596,1564
2018-04-19,49.92,50.12,49.9,50.12,50.12,1041
2018-04-20,50,50.1139,50,50.1139,50.1139,9493
2018-04-23,50.0106,50.4902,50.0106,50.2797,50.2797,2506
2018-04-24,50.0251,50.0251,50,50,50,1444
2018-04-25,49.82,49.82,49.68,49.69,49.69,2200
2018-04-27,49.93,49.96,49.8342,49.8342,49.8342,1000
2018-04-30,50.03,50.0399,49.8509,49.94,49.94,1357
2018-05-01,49.9823,50.07,49.9823,49.99,49.99,1451
2018-05-02,50.06,50.06,50.06,50.06,50.06,175
2018-05-03,50,50.1923,49.95,49.95,49.95,854
2018-05-04,50.2402,50.3,50.2402,50.3,50.3,323
2018-05-07,50.02,50.02,50.02,50.02,50.02,299
2018-05-09,49.92,50.28,49.92,50.2422,50.2422,1870
2018-05-10,50.3,50.32,50.1223,50.1223,50.1223,6732
2018-05-11,50.35,50.38,50.298,50.298,50.298,1000
2018-05-16,49.91,49.91,49.91,49.91,49.91,261
2018-05-17,50.23,50.23,50.23,50.23,50.23,139
2018-05-18,50.16,50.16,50.05,50.142,50.142,1384
2018-05-22,50.08,50.08,49.96,49.96,49.96,1447
2018-05-24,50.1,50.1,50.0999,50.1,50.1,763
2018-05-25,50.1,50.1,50.1,50.1,50.1,796
2018-05-29,50.37,50.38,50.24,50.25,50.25,8677
2018-05-30,50.27,50.27,50.2025,50.2025,50.2025,315
2018-05-31,50.8468,50.8468,50.35,50.38,50.38,1150
2018-06-01,50.2,50.28,50.2,50.28,50.28,1018
2018-06-04,50.265,50.29,50.05,50.05,50.05,2298
2018-06-05,50.38,50.38,50.38,50.38,50.38,215
2018-06-06,50.34,50.34,50.22,50.32,50.32,670
2018-06-08,50.33,50.36,50.23,50.256,50.256,1586
2018-06-11,50.2758,50.3699,50.235,50.235,50.235,1344
2018-06-12,50.1,50.1,50.1,50.1,50.1,100
2018-06-13,50.15,50.33,50.15,50.16,50.16,4690
2018-06-14,50.2902,50.34,50.2902,50.34,50.34,378
2018-06-15,50.18,50.29,50.0122,50.29,50.29,1741
2018-06-18,50.39,50.39,50.35,50.39,50.39,2250
2018-06-19,50.38,50.38,50.38,50.38,50.38,196
2018-06-20,50.3418,50.3418,50.3418,50.3418,50.3418,235
2018-06-21,50,50,50,50,50,1001
2018-06-22,50.27,50.27,50.17,50.17,50.17,1216
2018-06-25,50,50,49.99,50,50,820
2018-06-26,50.15,50.215,50.15,50.215,50.215,327
2018-06-28,50.2,50.255,50.2,50.255,50.255,607
2018-07-03,50.3966,50.3966,50.01,50.01,50.01,2838
2018-07-05,50.3496,50.4107,50.3496,50.4107,50.4107,450
2018-07-09,50.5,50.52,50.3498,50.5,50.5,2690
2018-07-10,50.53,50.53,50.528,50.53,50.53,1100
2018-07-11,50.5097,50.6,50.13,50.5214,50.5214,1541
2018-07-12,50.5,50.5,50.5,50.5,50.5,2400
2018-07-13,50.39,50.4986,50.36,50.37,50.37,20829
2018-07-16,50.2,50.4,50.2,50.4,50.4,636
2018-07-18,50.3,50.35,50.3,50.35,50.35,1932
2018-07-19,50.48,50.66,50.48,50.48,50.48,5683
2018-07-20,50.3,50.4629,50.25,50.4629,50.4629,2260
2018-07-23,50.17,50.19,50.17,50.185,50.185,1564
2018-07-24,50.45,50.45,50.45,50.45,50.45,138
2018-07-26,50.25,50.25,50.25,50.25,50.25,239
2018-07-30,50.4092,50.4092,50.22,50.23,50.23,520
2018-08-02,50.12,50.12,50.12,50.12,50.12,215
2018-08-03,49.98,50.11,49.98,50.11,50.11,601
2018-08-06,50.0789,50.0789,50.0688,50.0688,50.0688,680
2018-08-07,50.0527,50.0527,50.0527,50.0527,50.0527,161
2018-08-08,50.056,50.4,50.056,50.4,50.4,4474
2018-08-09,50.3323,50.3323,50.3323,50.3323,50.3323,111
2018-08-10,50.3567,50.534,50.35,50.534,50.534,2194
2018-08-13,50.52,50.52,50.4758,50.4758,50.4758,1238
2018-08-14,50.55,50.55,50.3174,50.33,50.33,2404
2018-08-15,50.4,50.4,50.28,50.28,50.28,1596
2018-08-16,50.27,50.4,50.27,50.3226,50.3226,1645
2018-08-17,50.4262,50.5,50.4211,50.49,50.49,2741
2018-08-20,50.33,50.33,50.33,50.33,50.33,927
2018-08-21,50.23,50.3332,50.2,50.2,50.2,2882
2018-08-22,50.44,50.44,50.3718,50.3718,50.3718,1500
2018-08-24,50.4,50.4,50.3281,50.3725,50.3725,931
2018-08-27,50.3,50.3,50.3,50.3,50.3,673
2018-08-28,50.25,50.3771,50.25,50.3771,50.3771,702
2018-08-29,50.3785,50.3785,50.3785,50.3785,50.3785,751
2018-08-31,50.3982,50.3982,50.3982,50.3982,50.3982,503
2018-09-05,50.25,50.25,50.25,50.25,50.25,1600
2018-09-06,50.275,50.275,50.275,50.275,50.275,200
2018-09-07,50.162,50.162,50.09,50.09,50.09,1196
2018-09-10,50.1683,50.1683,50.1683,50.1683,50.1683,250
2018-09-12,50.1379,50.1379,50.1379,50.1379,50.1379,193
2018-09-13,50.1799,50.1799,50.1799,50.1799,50.1799,399
2018-09-14,50.0243,50.0243,50.0243,50.0243,50.0243,244
2018-09-17,50.11,50.11,50.11,50.11,50.11,231
2018-09-18,50.08,50.08,50.08,50.08,50.08,261
2018-09-19,50.0399,50.04,49.8455,49.8455,49.8455,494
2018-09-21,49.9169,49.9169,49.9169,49.9169,49.9169,277
2018-09-24,49.9999,49.9999,49.89,49.95,49.95,2431
2018-09-27,49.84,49.84,49.84,49.84,49.84,452
2018-10-01,50.02,50.02,49.8255,49.8255,49.8255,379
2018-10-03,50,50,49.75,49.778,49.778,1080
2018-10-04,49.7058,49.7295,49.6,49.6,49.6,1240
2018-10-05,49.74,49.74,49.6698,49.6698,49.6698,954
2018-10-08,49.72,49.72,49.72,49.72,49.72,193
2018-10-09,49.53,49.53,49.48,49.5156,49.5156,20620
2018-10-10,49.5028,49.5028,49.4,49.5001,49.5001,2628
2018-10-11,49.5,49.542,49.5,49.5,49.5,3871
2018-10-12,49.57,49.57,49.5036,49.5036,49.5036,498
2018-10-15,49.5036,49.5036,49.2501,49.4568,49.4568,2363
2018-10-16,49.3,49.4563,49.3,49.365,49.365,3685
2018-10-17,49.455,49.455,49.4396,49.4396,49.4396,825
2018-10-18,49.33,49.33,49.3,49.3,49.3,2043
2018-10-19,49.29,49.3505,49.29,49.3505,49.3505,1635
2018-10-22,49.6,49.6,49.32,49.32,49.32,1894
2018-10-23,49.4626,49.5133,49.4605,49.4605,49.4605,404
2018-10-25,49.3477,49.5187,49.3477,49.5187,49.5187,3455
2018-10-26,49.4194,49.4194,49.4194,49.4194,49.4194,155
2018-10-29,49.26,49.5899,49.26,49.32,49.32,2755
2018-10-31,49.16,49.3494,49.15,49.2455,49.2455,4028
2018-11-02,49.21,49.21,49.205,49.21,49.21,1105
2018-11-05,49,49.2017,48.95,49.2017,49.2017,7098
2018-11-06,49.0362,49.0362,49.0362,49.0362,49.0362,1570
2018-11-07,49.1,49.2292,49.0001,49.2292,49.2292,1198
2018-11-08,49.15,49.16,49.15,49.16,49.16,1600
2018-11-09,49.26,49.3538,49.26,49.3538,49.3538,1045
2018-11-12,49.39,49.39,49.08,49.15,49.15,569
2018-11-13,49.3293,49.37,49.2231,49.37,49.37,4215
2018-11-15,49.2514,49.2514,49.2514,49.2514,49.2514,261
2018-11-19,49.41,49.53,49.2174,49.53,49.53,60069
2018-11-20,49.5558,49.5845,49.5558,49.5845,49.5845,1106
2018-11-21,49.44,49.4591,49.2907,49.2907,49.2907,3720
2018-11-23,49.395,49.526,49.27,49.52,49.52,1838
2018-11-26,49.51,49.51,49.3043,49.39,49.39,1054
2018-11-27,49.376,49.376,49.376,49.376,49.376,1424
2018-11-29,49.4716,49.5347,49.4716,49.5214,49.5214,2616
2018-11-30,49.3984,49.56,49.33,49.56,49.56,5490
2018-12-03,49.51,49.63,49.31,49.63,49.63,7192
2018-12-04,49.65,49.65,49.65,49.65,49.65,19848
2018-12-06,49.78,49.93,49.67,49.67,49.67,5462
2018-12-07,49.86,49.92,49.785,49.92,49.92,8939
2018-12-10,49.92,49.97,49.92,49.97,49.97,1221
2018-12-11,49.6923,49.6923,49.6923,49.6923,49.6923,200
2018-12-13,49.7697,49.7752,49.7697,49.772,49.772,2405
2018-12-14,49.88,49.88,49.88,49.88,49.88,100
2018-12-17,49.7639,49.94,49.7639,49.8839,49.8839,3616
2018-12-18,49.7944,49.7944,49.7944,49.7944,49.7944,181
2018-12-19,49.8194,49.91,49.6021,49.91,49.91,16060
2018-12-20,49.9192,49.9192,49.715,49.715,49.715,1432
2018-12-21,49.675,50.0961,49.675,50.0961,50.0961,927
2018-12-26,49.75,50.19,49.75,49.8046,49.8046,1533
2018-12-28,50.2164,50.24,50.2066,50.24,50.24,2530
2018-12-31,49.9235,50.24,49.9008,50.21,50.21,2678
2019-01-02,50.0544,50.155,50.0544,50.0714,50.0714,1238
2019-01-04,49.95,49.95,49.925,49.95,49.95,5207
2019-01-07,50.05,50.1034,49.98,50,50,756
2019-01-08,50.1427,50.1435,50.1242,50.1242,50.1242,2285
2019-01-09,50.2,50.2,49.9501,49.9501,49.9501,877
2019-01-10,50.22,50.22,50.22,50.22,50.22,602
2019-01-11,50.0531,50.0531,50.05,50.05,50.05,4450
2019-01-14,50.0696,50.0696,50.0696,50.0696,50.0696,151
2019-01-15,50.08,50.08,49.9135,49.9135,49.9135,2613
2019-01-16,49.9763,50.1739,49.9763,50.1739,50.1739,2874
2019-01-17,50,50,50,50,50,250
2019-01-18,50.0905,50.0905,50.0337,50.0337,50.0337,833
2019-01-22,50.204,50.204,50.204,50.204,50.204,873
2019-01-23,49.93,50.06,49.93,49.985,49.985,3243
2019-01-25,49.9799,49.9799,49.9799,49.9799,49.9799,726
2019-01-28,49.9699,49.9699,49.9699,49.9699,49.9699,2000
2019-01-29,49.9699,49.9699,49.85,49.9382,49.9382,16187
2019-01-30,49.97,50,49.91,49.995,49.995,9063
2019-01-31,50.0557,50.1204,50.0518,50.1204,50.1204,2173
2019-02-04,50.0962,50.0962,50.0962,50.0962,50.0962,376
2019-02-05,50.1284,50.1346,50.1284,50.1346,50.1346,1021
2019-02-07,50.22,50.2532,50.2,50.215,50.215,11855
2019-02-08,50.3001,50.3225,50.3001,50.3225,50.3225,679
2019-02-11,50.35,50.37,50.3105,50.3179,50.3179,3663
2019-02-12,50.35,50.38,50.3384,50.3384,50.3384,1440
2019-02-13,50.37,50.37,50.2701,50.2701,50.2701,14240
2019-02-14,50.4568,50.4568,50.42,50.4361,50.4361,1752
2019-02-15,50.4201,50.4201,50.42,50.42,50.42,1570
2019-02-19,50.5123,50.5699,50.4932,50.5002,50.5002,5244
2019-02-20,50.4774,50.5072,50.4774,50.5072,50.5072,1325
2019-02-21,50.35,50.41,50.3134,50.41,50.41,1810
2019-02-22,50.401,50.4236,50.3367,50.3367,50.3367,3025
2019-02-25,50.436,50.436,50.4,50.4,50.4,2394
2019-02-26,50.485,50.5447,50.4403,50.5447,50.5447,1658
2019-02-27,50.4942,50.5054,50.4942,50.5054,50.5054,1659
2019-02-28,50.5,50.5899,50.45,50.45,50.45,9524
2019-03-04,50.62,50.62,50.62,50.62,50.62,1601
2019-03-06,50.62,50.63,50.6,50.63,50.63,3508
2019-03-08,50.6606,50.76,50.6606,50.76,50.76,1191
2019-03-11,50.632,50.78,50.632,50.7799,50.7799,8191
2019-03-13,50.731,50.79,50.673,50.79,50.79,1790
2019-03-14,50.84,50.84,50.7733,50.7733,50.7733,2366
2019-03-15,50.8061,50.87,50.8061,50.87,50.87,6933
2019-03-18,50.7926,50.8883,50.7926,50.8,50.8,1546
2019-03-19,50.8793,50.8793,50.865,50.865,50.865,999
2019-03-20,50.8957,50.98,50.8957,50.98,50.98,3079
2019-03-21,50.71,50.76,50.7,50.7177,50.7177,1483
2019-03-22,51.12,51.12,51.0547,51.12,51.12,1038
2019-03-25,51.19,51.19,50.96,50.96,50.96,2339
2019-03-26,51.19,51.19,51.1501,51.1501,51.1501,2482
2019-03-27,51.31,51.3399,51.16,51.27,51.27,18792
2019-03-28,51.4,51.47,51.27,51.3,51.3,7050
2019-03-29,51.47,51.47,51.39,51.39,51.39,4034
2019-04-01,51.48,51.48,51.0986,51.0986,51.0986,2065
2019-04-02,51.29,51.29,51.1699,51.223,51.223,16375
2019-04-03,51.45,51.45,51.1558,51.2,51.2,4888
2019-04-04,51.1996,51.2992,51.0735,51.2992,51.2992,3419
2019-04-05,51.21,51.225,51.16,51.215,51.215,11271
2019-04-08,51.2673,51.2673,51.1601,51.24,51.24,4494
2019-04-09,51.1501,51.24,51.1501,51.1501,51.1501,1694
2019-04-10,51.1553,51.31,51.1553,51.245,51.245,1624
2019-04-11,51.1993,51.2453,51.1993,51.2453,51.2453,607
2019-04-12,51.25,51.2966,51.209,51.2242,51.2242,3374
2019-04-15,52.12,52.12,51.6,51.6,51.6,975
2019-04-16,51.37,51.37,51.2,51.2321,51.2321,2025
2019-04-17,51.185,51.24,51.185,51.24,51.24,747
2019-04-18,51.265,51.4,51.1301,51.33,51.33,7051
2019-04-22,51.37,51.37,51.2393,51.3084,51.3084,4748
2019-04-23,51.17,51.2,51.1567,51.1999,51.1999,9509
2019-04-24,51.39,51.39,51.32,51.32,51.32,3596
2019-04-25,51.36,51.39,51.3,51.3155,51.3155,15922
2019-04-26,51.46,51.48,51.42,51.42,51.42,7022
2019-04-29,51.43,51.4887,51.43,51.4646,51.4646,2755
2019-04-30,51.53,51.53,51.33,51.5,51.5,23027
2019-05-01,51.54,51.6,51.4218,51.45,51.45,4542
2019-05-02,51.59,51.59,51.33,51.33,51.33,4130
2019-05-03,51.585,51.64,51.5,51.5,51.5,8545
2019-05-06,51.66,51.69,51.59,51.59,51.59,13851
2019-05-07,51.661,51.73,51.65,51.65,51.65,3795
2019-05-08,51.65,51.82,51.56,51.56,51.56,6917
2019-05-09,52.26,52.26,51.7,51.7,51.7,29337
2019-05-10,51.8102,51.8999,51.7692,51.82,51.82,7060
2019-05-13,51.8395,51.96,51.8395,51.9492,51.9492,3199
2019-05-14,52.01,52.0198,51.9078,51.91,51.91,3647
2019-05-15,52.04,52.08,52.01,52.01,52.01,9408
2019-05-16,52.072,52.14,52.04,52.067,52.067,3595
2019-05-17,52.22,52.22,52.04,52.1352,52.1352,8005
2019-05-20,52.134,52.2,52.1,52.2,52.2,3123
2019-05-21,52.05,52.05,51.87,51.87,51.87,13238
2019-05-22,51.875,52,51.875,51.875,51.875,967
2019-05-23,51.94,51.99,51.94,51.9738,51.9738,5594
2019-05-24,51.99,52,51.99,52,52,3435
2019-05-28,52.08,52.08,52.01,52.05,52.05,16064
2019-05-29,52.06,52.06,52.06,52.06,52.06,6275
2019-05-30,52.16,52.16,52.0817,52.14,52.14,3763
2019-05-31,52.11,52.2784,52.11,52.201,52.201,840
2019-06-03,52.2538,52.3274,52.2538,52.313,52.313,1092
2019-06-04,52.2,52.3,52.2,52.283,52.283,8939
2019-06-05,52.29,52.31,52.25,52.2982,52.2982,3504
2019-06-06,52.3,52.3,52.2101,52.2101,52.2101,1796
2019-06-07,52.45,52.45,52.3013,52.3013,52.3013,3630
2019-06-10,52.3,52.31,52.25,52.2789,52.2789,4524
2019-06-11,52.31,52.32,52.295,52.32,52.32,1954
2019-06-12,52.27,52.3499,52.27,52.3109,52.3109,2390
2019-06-13,52.315,52.36,52.315,52.3278,52.3278,4792
2019-06-14,52.21,52.21,52.1181,52.201,52.201,1292
2019-06-17,52.201,52.201,52.201,52.201,52.201,18
2019-06-18,52.3,52.3,52.248,52.25,52.25,744
2019-06-19,52.26,52.26,52.1711,52.2,52.2,3032
2019-06-20,52.32,52.33,52.32,52.33,52.33,749
2019-06-21,52.31,52.31,52.1515,52.225,52.225,1077
2019-06-24,52.39,52.39,52.3721,52.3721,52.3721,1373
2019-06-25,52.39,52.39,52.38,52.3899,52.3899,1386
2019-06-26,52.365,52.43,52.3,52.43,52.43,2105
2019-06-27,52.4,52.44,52.21,52.3964,52.3964,14164
2019-06-28,52.3784,52.45,52.3016,52.45,52.45,2221
2019-07-01,52.334,52.48,52.23,52.23,52.23,1495
2019-07-02,52.52,52.55,52.27,52.3805,52.3805,6746
2019-07-03,52.56,52.56,52.4699,52.5308,52.5308,888
2019-07-05,52.31,52.464,52.26,52.26,52.26,4135
2019-07-08,52.2901,52.3966,52.2901,52.3785,52.3785,1242
2019-07-09,52.4459,52.63,52.4459,52.5399,52.5399,1987
2019-07-10,52.7,52.7,52.6,52.68,52.68,28599
2019-07-11,52.6561,52.6974,52.5828,52.5828,52.5828,4875
2019-07-12,52.6741,52.7152,52.6741,52.7,52.7,3797
2019-07-15,52.75,52.75,52.6843,52.7,52.7,1430
2019-07-16,52.7,52.7,52.527,52.527,52.527,589
2019-07-17,52.7337,52.77,52.6517,52.71,52.71,3723
2019-07-18,52.75,52.78,52.5992,52.78,52.78,12016
2019-07-19,52.77,52.78,52.6691,52.75,52.75,4900
2019-07-22,52.82,52.825,52.7501,52.82,52.82,3238
2019-07-23,52.69,52.7,52.546,52.69,52.69,4224
2019-07-24,52.68,52.8,52.68,52.8,52.8,1950
2019-07-25,52.79,52.79,52.6806,52.6838,52.6838,3807
2019-07-26,52.76,52.76,52.685,52.76,52.76,1704
2019-07-29,52.81,52.81,52.8,52.8,52.8,1442
2019-07-30,52.8,52.8063,52.78,52.78,52.78,2124
2019-07-31,52.81,52.88,52.77,52.77,52.77,8681
2019-08-01,52.72,52.89,52.72,52.89,52.89,12504
2019-08-02,53.03,53.0399,52.9411,52.9411,52.9411,5554
2019-08-05,53.17,53.21,53.04,53.21,53.21,4181
2019-08-06,53.0635,53.1546,53.0635,53.1546,53.1546,1218
2019-08-07,53.2982,53.3952,53.2982,53.31,53.31,1299
2019-08-08,53.2462,53.38,53.2462,53.36,53.36,4620
2019-08-09,53.2921,53.36,53.2921,53.3,53.3,46494
2019-08-12,53.4801,53.52,53.4801,53.52,53.52,2272
2019-08-13,53.41,53.45,53.3577,53.42,53.42,4254
2019-08-14,53.65,53.75,53.65,53.71,53.71,7026
2019-08-15,53.82,53.82,53.65,53.78,53.78,10623
2019-08-16,53.54,54.42,53.53,53.71,53.71,11600
2019-08-19,53.65,53.71,53.65,53.71,53.71,1208
2019-08-20,53.85,53.85,53.7114,53.7115,53.7115,1350
2019-08-21,53.6,53.63,53.56,53.57,53.57,6045
2019-08-22,53.69,53.69,53.55,53.55,53.55,5340
2019-08-23,53.6333,53.7,53.5943,53.5943,53.5943,5824
2019-08-26,53.616,53.67,53.5496,53.552,53.552,6694
2019-08-27,53.76,53.76,53.59,53.65,53.65,34007
2019-08-28,53.6899,53.73,53.6846,53.71,53.71,23186
2019-08-29,53.66,53.72,53.6438,53.704,53.704,11538
2019-08-30,53.75,53.75,53.57,53.7,53.7,21347
2019-09-03,54.68,54.68,53.65,53.6825,53.6825,10966
2019-09-04,53.66,53.735,53.655,53.7056,53.7056,4823
2019-09-05,53.73,53.73,53.5122,53.6,53.6,9375
2019-09-06,53.66,53.66,53.5674,53.61,53.61,5062
2019-09-09,53.58,53.58,53.375,53.46,53.46,15588
2019-09-10,53.381,53.415,53.3677,53.39,53.39,5182
2019-09-11,53.37,53.37,53.2638,53.2914,53.2914,7336
2019-09-12,53.32,53.32,53.175,53.175,53.175,3200
2019-09-13,53.11,53.24,52.9552,53.038,53.038,16342
2019-09-16,53.08,53.38,53.0518,53.09,53.09,22406
2019-09-17,53.09,53.09,53.0097,53.03,53.03,9282
2019-09-18,53.18,53.25,53.13,53.2499,53.2499,63037
2019-09-19,53.25,53.275,53.15,53.2492,53.2492,5123
2019-09-20,53.34,53.34,53.22,53.2961,53.2961,17530
2019-09-23,53.14,53.3704,53.14,53.3096,53.3096,683
2019-09-24,53.4539,53.52,53.425,53.425,53.425,6786
2019-09-25,53.46,53.46,53.2995,53.2995,53.2995,514
2019-09-26,53.33,53.37,53.274,53.295,53.295,7483
2019-09-27,53.4,53.4,53.24,53.2746,53.2746,4490
2019-09-30,53.4,53.4,53.25,53.25,53.25,1077
2019-10-01,53.34,53.43,53.086,53.3406,53.3406,6380
2019-10-02,53.45,53.45,53.3538,53.3538,53.3538,1101
2019-10-03,53.47,53.61,53.4492,53.534,53.534,5498
2019-10-04,53.562,53.67,53.52,53.52,53.52,32340
2019-10-07,53.69,53.69,53.41,53.56,53.56,9321
2019-10-08,53.65,53.6899,53.62,53.657,53.657,6510
2019-10-09,53.6056,53.6855,53.6056,53.67,53.67,9819
2019-10-10,53.76,53.76,53.44,53.67,53.67,78658
2019-10-11,53.57,53.6,53.27,53.4021,53.4021,47584
2019-10-14,53.45,53.545,53.45,53.505,53.505,5371
2019-10-15,53.54,53.54,53.29,53.3999,53.3999,30320
2019-10-16,53.38,53.45,53.29,53.3699,53.3699,10397
2019-10-17,53.3039,53.32,53.2973,53.2973,53.2973,2595
2019-10-18,53.25,53.37,53.25,53.3,53.3,11687
2019-10-21,53.27,53.27,53.21,53.26,53.26,3538
2019-10-22,53.22,53.22,53.096,53.14,53.14,13212
2019-10-23,53.23,53.23,53.11,53.12,53.12,4288
2019-10-24,53.13,53.13,53.0996,53.0996,53.0996,4894
2019-10-25,53.13,53.13,53.1,53.1212,53.1212,2589
2019-10-28,53.1,53.11,52.97,53.11,53.11,14811
2019-10-29,53.11,53.11,53.0398,53.06,53.06,11833
2019-10-30,53.12,53.13,53.0686,53.0686,53.0686,7416
2019-10-31,53.205,53.32,53.18,53.2499,53.2499,8963
2019-11-01,53.32,53.32,53.22,53.29,53.29,8096
2019-11-04,53.2,53.27,53.13,53.26,53.26,15478
2019-11-05,53.22,53.22,53.0604,53.15,53.15,10563
2019-11-06,53.24,53.24,53.145,53.21,53.21,10563
2019-11-07,53.12,53.12,52.9388,52.97,52.97,5170
2019-11-08,53.07,53.07,53.005,53.005,53.005,569
2019-11-11,53.03,53.03,53.03,53.03,53.03,3852
2019-11-12,53.0799,53.0799,53.07,53.075,53.075,1611
2019-11-13,53.17,53.17,53.0006,53.0858,53.0858,4362
2019-11-14,53.2,53.2,53.165,53.165,53.165,1627
2019-11-15,53.1301,53.19,53,53.0001,53.0001,3453
2019-11-18,53.24,53.24,53.0915,53.095,53.095,2173
2019-11-19,53.16,53.24,53.1,53.15,53.15,7762
2019-11-20,53.23,53.34,53.2226,53.27,53.27,6790
2019-11-21,53.032,53.155,53.01,53.085,53.085,2744
2019-11-22,53.18,53.22,53.1701,53.19,53.19,6305
2019-11-25,53.1,53.25,53.1,53.17,53.17,10665
2019-11-26,53.24,53.27,53.08,53.215,53.215,8159
2019-11-27,53.17,53.2726,53.17,53.255,53.255,739
2019-11-29,53.36,53.36,53.285,53.285,53.285,3084
2019-12-02,53.48,53.48,53.1595,53.18,53.18,11473
2019-12-03,53.41,53.445,53.2867,53.345,53.345,14133
2019-12-04,53.31,53.33,53.3097,53.32,53.32,3112
2019-12-05,53.35,53.35,53.299,53.35,53.35,2450
2019-12-06,53.37,53.37,53.275,53.275,53.275,5826
2019-12-09,53.25,53.42,53.25,53.31,53.31,11962
2019-12-10,53.38,53.44,53.31,53.355,53.355,8391
2019-12-11,53.456,53.525,53.425,53.425,53.425,2837
2019-12-12,53.34,53.42,53.34,53.385,53.385,1843
2019-12-13,53.2495,53.39,53.2495,53.345,53.345,6875
2019-12-16,53.39,53.39,53.2602,53.305,53.305,3247
2019-12-17,53.38,53.41,53.25,53.335,53.335,6853
2019-12-18,53.43,53.43,53.26,53.32,53.32,9737
2019-12-19,53.26,53.32,53.26,53.295,53.295,4545
2019-12-20,53.3,53.32,53.2701,53.305,53.305,4099
2019-12-23,53.37,53.37,53.2278,53.29,53.29,2219
2019-12-24,53.4,53.4,53.31,53.31,53.31,4202
2019-12-26,53.355,53.39,53.326,53.35,53.35,23997
2019-12-27,53.46,53.46,53.35,53.38,53.38,15056
2019-12-30,53.55,53.55,53.35,53.405,53.405,7728
2019-12-31,53.46,53.46,53.39,53.405,53.405,8867
2020-01-02,53.41,53.52,53.4001,53.465,53.465,7103
2020-01-03,53.5139,53.67,53.5139,53.595,53.595,20569
2020-01-06,53.621,53.69,53.594,53.67,53.67,4664
2020-01-07,53.76,53.76,53.685,53.685,53.685,7356
2020-01-08,53.75,53.7873,53.677,53.725,53.725,2873
2020-01-09,53.81,53.84,53.67,53.755,53.755,10023
2020-01-10,53.7,53.865,53.7,53.79,53.79,9258
2020-01-13,53.88,53.88,53.8134,53.815,53.815,2634
2020-01-14,53.86,53.9499,53.86,53.89,53.89,4345
2020-01-15,54,54.025,53.8939,53.95,53.95,11619
2020-01-16,54.04,54.05,53.9578,53.985,53.985,4688
2020-01-17,53.92,54.05,53.75,54,54,9305
2020-01-21,54.1,54.16,53.9676,54.0714,54.0714,27685
2020-01-22,53.94,53.9884,53.919,53.96,53.96,1860
2020-01-23,54.08,54.13,53.93,54.015,54.015,6161
2020-01-24,54.123,54.1499,54.07,54.09,54.09,10230
2020-01-27,54.28,54.29,54.0901,54.195,54.195,11390
2020-01-28,54.27,54.27,54.1,54.18,54.18,11865
2020-01-29,54.335,54.335,54.2039,54.265,54.265,8354
2020-01-30,54.4131,54.4131,54.25,54.33,54.33,11807
2020-01-31,54.43,54.45,54.3801,54.45,54.45,11233
2020-02-03,54.315,54.41,54.315,54.39,54.39,5200
2020-02-04,54.31,54.34,54.239,54.3,54.3,7236
2020-02-05,54.243,54.27,54.228,54.235,54.235,1672
2020-02-06,54.244,54.3,54.2,54.29,54.29,6267
2020-02-07,54.37,54.425,54.305,54.305,54.305,1632
2020-02-10,54.38,54.38,54.21,54.29,54.29,2975
2020-02-11,54.36,54.38,54.3,54.345,54.345,20184
2020-02-12,54.31,54.41,54.31,54.36,54.36,37909
2020-02-13,54.43,54.4499,54.3,54.375,54.375,14952
2020-02-14,54.45,54.46,54.3942,54.41,54.41,4495
2020-02-18,54.52,54.55,54.31,54.48,54.48,9571
2020-02-19,54.54,54.54,54.44,54.505,54.505,3757
2020-02-20,54.6,54.65,54.51,54.6,54.6,16922
2020-02-21,54.63,54.68,54.58,54.64,54.64,22145
2020-02-24,54.85,54.95,54.85,54.9,54.9,5468
2020-02-25,54.93,55.01,54.8965,54.93,54.93,27294
2020-02-26,54.91,55.04,54.91,54.985,54.985,5210
2020-02-27,55.02,55.02,54.95,55,55,24797
2020-02-28,55.32,55.32,54.9,55.055,55.055,21034
2020-03-02,55.0498,55.21,54.9556,55.02,55.02,3880
2020-03-03,55.0436,55.06,54.9274,55.04,55.04,6270
2020-03-04,54.872,55.0399,54.872,54.92,54.92,14005
2020-03-05,55.09,55.09,54.865,54.865,54.865,3699
2020-03-06,55.0299,55.0499,54.932,54.95,54.95,7710
2020-03-09,55.27,55.45,54.68,54.975,54.975,19710
2020-03-10,54.68,54.68,53.98,54.145,54.145,16154
2020-03-11,54.12,54.1412,53.18,53.315,53.315,68592
2020-03-12,51.7,52.08,49.86,50.7,50.7,81782
2020-03-13,50.91,51.8699,50.75,51.32,51.32,20009
2020-03-16,51.4059,51.9541,49.99,51.645,51.645,34587
2020-03-17,51.65,51.65,50,51.07,51.07,9209
2020-03-18,47.83,50.9197,47.83,50.385,50.385,12709
2020-03-19,49.56,49.96,47.97,48.67,48.67,16327
2020-03-20,47.54,48.025,45.32,46.9,46.9,71056
2020-03-23,46.9,47.9999,46.515,47.23,47.23,15070
2020-03-24,47.83,48.25,47.53,47.935,47.935,32126
2020-03-25,48.64,49.9175,48.64,49.885,49.885,15122
2020-03-26,50.27,51.67,50.27,51.49,51.49,11060
2020-03-27,51,51.73,51,51.18,51.18,13004
2020-03-30,51.96,51.96,51.08,51.4411,51.4411,185172
2020-03-31,51.4,51.4,51.09,51.11,51.11,6527
2020-04-01,50.5,50.52,48.67,49.22,49.22,6451
2020-04-02,49.1267,49.47,49.1267,49.42,49.42,8027
2020-04-03,49.323,49.471,49.15,49.41,49.41,938
2020-04-06,49.65,49.8129,49.3615,49.74,49.74,3821
2020-04-07,50.55,50.55,49.8531,50,50,3879
2020-04-08,50.1799,50.1799,49.874,50.0952,50.0952,2026
2020-04-09,50.35,51.2,50.225,50.525,50.525,8615
2020-04-13,51.25,51.25,50.6973,50.815,50.815,5472
2020-04-14,51.1,51.11,50.7041,50.91,50.91,2866
2020-04-15,51.25,51.3,51.0008,51.0635,51.0635,16506
2020-04-16,51.09,51.15,50.743,50.94,50.94,3800
2020-04-17,50.96,51.1415,50.8932,50.95,50.95,16628
2020-04-20,50.59,50.98,50.59,50.885,50.885,2107
2020-04-21,50.695,50.695,50.4,50.5896,50.5896,11147
2020-04-22,50.4274,50.4274,50.2,50.2,50.2,2045
2020-04-23,50.18,50.55,49.99,49.99,49.99,6411
2020-04-24,49.68,50.0481,49.41,49.875,49.875,6241
2020-04-27,49.51,49.931,49.51,49.925,49.925,4176
2020-04-28,50,50.02,49.7297,49.765,49.765,5240
2020-04-29,49.73,49.73,49.33,49.415,49.415,8216
2020-04-30,49.2,49.87,49.2,49.58,49.58,19037
2020-05-01,49.941,49.998,49.4802,49.61,49.61,10230
2020-05-04,49.93,49.93,49.825,49.825,49.825,487
2020-05-05,49.84,49.86,49.79,49.825,49.825,13559
2020-05-06,49.81,50.1199,49.81,49.915,49.915,6891
2020-05-07,50.51,50.51,49.963,50.05,50.05,3593
2020-05-08,50.1226,50.63,50.1004,50.13,50.13,3086
2020-05-11,50.165,50.165,50.05,50.095,50.095,2879
2020-05-12,50.08,50.225,50.06,50.225,50.225,6364
2020-05-13,50.384,50.505,50.36,50.505,50.505,3974
2020-05-14,50.19,50.89,50.19,50.49,50.49,12664
2020-05-15,50.474,50.68,50.28,50.68,50.68,10651
2020-05-18,50.5,50.5,50.35,50.4,50.4,3695
2020-05-19,50.59,50.82,50.59,50.68,50.68,8012
2020-05-20,50.69,50.96,50.68,50.96,50.96,8200
2020-05-21,50.89,50.9199,50.845,50.845,50.845,2412
2020-05-22,50.79,51.27,50.79,51.005,51.005,4271
2020-05-26,50.92,51.278,50.92,51.04,51.04,9511
2020-05-27,50.99,51.1746,50.99,51.1,51.1,6842
2020-05-28,51.32,51.32,50.94,51.095,51.095,4052
2020-05-29,51.47,51.47,51.09,51.215,51.215,6803
2020-06-01,51.48,51.48,51.1642,51.43,51.43,2216
2020-06-02,51.48,51.48,51.1775,51.39,51.39,3532
2020-06-03,51.53,51.53,51.2226,51.36,51.36,5953
2020-06-04,51.3,51.66,51.3,51.485,51.485,5723
2020-06-05,51.73,51.74,51.46,51.57,51.57,10032
2020-06-08,51.736,51.83,51.72,51.73,51.73,3096
2020-06-09,51.95,51.95,51.74,51.855,51.855,43899
2020-06-10,52.09,52.09,51.79,51.9,51.9,6477
2020-06-11,52,52.0599,51.93,52.015,52.015,1580
2020-06-12,51.93,52.15,51.86,51.965,51.965,27275
2020-06-15,51.92,52.1,51.92,52.015,52.015,4226
2020-06-16,51.82,52.11,51.82,51.905,51.905,13056
2020-06-17,51.96,52.19,51.8801,52.005,52.005,9232
2020-06-18,52.005,52.005,52.005,52.005,52.005,60
2020-06-19,52.16,52.1661,52.0079,52.065,52.065,11954
2020-06-22,52.1565,52.16,52.0507,52.105,52.105,23099
2020-06-23,52.04,52.1699,52.04,52.1,52.1,4357
2020-06-24,52.3,52.3,52.18,52.19,52.19,4413
2020-06-25,52.02,52.24,52.02,52.11,52.11,13644
2020-06-26,52.19,52.25,52.0891,52.155,52.155,6105
2020-06-29,52.16,52.53,51.9807,52.04,52.04,12359
2020-06-30,52.29,52.29,52.065,52.195,52.195,4202
2020-07-01,52.1396,52.1499,52.1,52.125,52.125,6566
2020-07-02,52.165,52.35,52.15,52.19,52.19,4568
2020-07-06,52.145,52.23,52.122,52.15,52.15,7160
2020-07-07,52.1761,52.21,52.1076,52.21,52.21,1446
2020-07-08,52.29,52.29,52.2,52.245,52.245,2654
2020-07-09,52.43,52.43,52.325,52.325,52.325,3171
2020-07-10,52.4499,52.46,52.3203,52.395,52.395,10537
2020-07-13,52.34,52.52,52.34,52.52,52.52,16523
2020-07-14,52.5599,52.5799,52.4,52.5,52.5,2015
2020-07-15,52.6,52.63,52.55,52.59,52.59,3199
2020-07-16,52.65,52.779,52.65,52.735,52.735,3465
2020-07-17,52.67,52.83,52.58,52.72,52.72,7207
2020-07-20,52.7643,52.8764,52.7,52.805,52.805,11636
2020-07-21,52.88,52.88,52.7,52.72,52.72,4895
2020-07-22,52.8,52.88,52.8,52.88,52.88,1483
2020-07-23,52.88,52.98,52.8778,52.92,52.92,7478
2020-07-24,53.01,53.02,52.9066,52.915,52.915,8542
2020-07-27,53.07,53.07,53,53,53,2012
2020-07-28,53.25,53.25,52.83,52.955,52.955,5147
2020-07-29,52.955,53.03,52.91,53.03,53.03,1340
2020-07-30,53.12,53.21,53.0233,53.115,53.115,13351
2020-07-31,53.0936,53.22,53.0904,53.1451,53.1451,3056
2020-08-03,53.23,53.25,53.0101,53.125,53.125,4701
2020-08-04,53.21,53.256,53.12,53.21,53.21,3094
2020-08-05,53.26,53.26,53.26,53.26,53.26,373
2020-08-06,53.3502,53.3835,53.3244,53.35,53.35,1351
2020-08-07,53.365,53.49,53.27,53.46,53.46,6707
2020-08-10,53.27,53.455,53.27,53.455,53.455,2763
2020-08-11,53.32,53.4646,53.29,53.445,53.445,7921
2020-08-12,53.55,53.55,53.3901,53.3901,53.3901,6888
2020-08-13,53.405,53.4481,53.27,53.355,53.355,3936
2020-08-14,53.44,53.44,53.3037,53.345,53.345,9067
2020-08-17,53.295,53.37,53.2414,53.31,53.31,1379
2020-08-18,53.16,53.3381,53.16,53.33,53.33,14221
2020-08-19,53.15,53.33,53.15,53.22,53.22,3876
2020-08-20,53.29,53.29,53.155,53.155,53.155,3443
2020-08-21,53.14,53.14,52.86,52.985,52.985,12720
2020-08-24,53.15,53.17,53.01,53.02,53.02,5952
2020-08-25,52.96,52.9907,52.96,52.98,52.98,388
2020-08-26,52.96,52.96,52.93,52.93,52.93,1492
2020-08-27,52.86,52.9026,52.7721,52.85,52.85,3810
2020-08-28,52.8,52.84,52.775,52.84,52.84,2694
2020-08-31,52.8,52.89,52.75,52.75,52.75,3288
2020-09-01,52.76,52.8319,52.76,52.825,52.825,31310
2020-09-02,52.781,52.97,52.781,52.82,52.82,7549
2020-09-03,52.78,52.8599,52.78,52.835,52.835,13997
2020-09-04,52.85,52.85,52.76,52.82,52.82,8338
2020-09-08,52.78,52.89,52.78,52.89,52.89,1147
2020-09-09,52.89,52.9178,52.875,52.875,52.875,5610
2020-09-10,52.83,52.87,52.79,52.86,52.86,2908
2020-09-11,52.8284,52.9299,52.8284,52.91,52.91,4023
2020-09-14,52.859,53.02,52.859,52.92,52.92,8995
2020-09-15,52.88,52.95,52.87,52.87,52.87,3383
2020-09-16,52.94,52.95,52.9,52.93,52.93,3738
2020-09-17,52.88,52.88,52.88,52.88,52.88,322
2020-09-18,52.98,52.98,52.89,52.92,52.92,3793
2020-09-21,52.99,53,52.9,52.95,52.95,4362
2020-09-22,52.99,52.995,52.94,52.995,52.995,5838
2020-09-23,52.92,52.9834,52.92,52.96,52.96,1253
2020-09-24,52.99,52.99,52.83,52.97,52.97,6906
2020-09-25,52.9174,52.9174,52.87,52.87,52.87,11990
2020-09-28,53.1,53.1,52.8723,52.9,52.9,7260
2020-09-29,52.922,52.9777,52.895,52.905,52.905,5333
2020-09-30,52.93,52.93,52.77,52.795,52.795,1663
2020-10-01,52.85,52.8985,52.775,52.82,52.82,4462
2020-10-02,52.78,52.8374,52.75,52.82,52.82,2192
2020-10-05,52.8304,52.8304,52.72,52.8,52.8,4280
2020-10-06,52.85,52.85,52.7,52.755,52.755,12369
2020-10-07,52.79,52.79,52.6442,52.67,52.67,3307
2020-10-08,52.685,52.74,52.675,52.68,52.68,1716
2020-10-09,52.76,52.76,52.6804,52.7595,52.7595,15799
2020-10-12,52.7885,52.84,52.715,52.74,52.74,5104
2020-10-13,52.68,52.6999,52.68,52.685,52.685,2522
2020-10-14,52.7,52.835,52.7,52.74,52.74,2993
2020-10-15,52.792,52.85,52.785,52.8,52.8,3930
2020-10-16,52.7989,53.23,52.7989,52.845,52.845,4426
2020-10-19,52.83,52.858,52.8001,52.84,52.84,6529
2020-10-20,52.84,52.84,52.84,52.84,52.84,219
2020-10-21,52.7,52.72,52.51,52.68,52.68,16043
2020-10-22,52.5417,52.75,52.5417,52.645,52.645,2104
2020-10-23,52.6412,52.76,52.6412,52.76,52.76,1264
2020-10-26,52.78,52.8,52.65,52.8,52.8,7379
2020-10-27,52.81,52.81,52.59,52.78,52.78,8987
2020-10-28,52.7474,52.78,52.7474,52.78,52.78,2720
2020-10-29,52.82,52.82,52.61,52.71,52.71,10907
2020-10-30,52.81,52.82,52.63,52.82,52.82,5530
2020-11-02,52.82,52.82,52.63,52.73,52.73,2054
2020-11-03,52.6208,52.8399,52.62,52.81,52.81,14051
2020-11-04,52.93,53.23,52.93,53.23,53.23,5793
2020-11-05,52.88,53.15,52.88,53.15,53.15,8563
2020-11-06,52.99,53.14,52.96,53.085,53.085,2582
2020-11-09,53.0086,53.0086,52.91,53,53,3250
2020-11-10,53.164,53.17,53.164,53.17,53.17,828
2020-11-11,52.96,53.18,52.96,53.16,53.16,3381
2020-11-12,53.29,53.36,53.155,53.36,53.36,11340
2020-11-13,53.36,53.36,53.205,53.32,53.32,6230
2020-11-16,53.31,53.33,53.2497,53.27,53.27,8429
2020-11-17,53.46,53.46,53.41,53.41,53.41,436
2020-11-18,53.43,53.47,53.391,53.425,53.425,5177
2020-11-19,53.65,53.665,53.43,53.625,53.625,14588
2020-11-20,53.687,53.687,53.6273,53.63,53.63,708
2020-11-23,53.59,53.7,53.52,53.637,53.637,3001
2020-11-24,53.75,53.75,53.43,53.56,53.56,8383
2020-11-25,53.68,53.68,53.68,53.68,53.68,368
2020-11-27,53.687,53.71,53.62,53.62,53.62,3009
2020-11-30,53.6048,53.71,53.6048,53.645,53.645,4137
2020-12-01,53.59,53.75,53.59,53.66,53.66,3962
2020-12-02,53.81,53.81,53.61,53.7889,53.7889,8364
2020-12-03,53.85,53.88,53.7343,53.81,53.81,19996
2020-12-04,53.89,53.9,53.835,53.855,53.855,3313
2020-12-07,53.99,54,53.81,53.8596,53.8596,3753
2020-12-08,53.97,53.9774,53.81,53.915,53.915,8852
2020-12-09,53.9238,54.01,53.9156,53.93,53.93,2446
2020-12-10,54.08,54.08,53.81,54.0211,54.0211,5329
2020-12-11,53.9,54.12,53.9,54.0002,54.0002,20981
2020-12-14,53.9901,54.11,53.93,54.035,54.035,11026
2020-12-15,53.93,54.136,53.93,54.136,54.136,3433
2020-12-16,54.14,54.1679,54.06,54.06,54.06,8025
2020-12-17,54.19,54.19,53.97,54.1899,54.1899,6862
2020-12-18,54.065,54.19,53.94,54.1,54.1,3653
2020-12-21,54.03,54.26,53.97,54.26,54.26,5928
2020-12-22,54.1,54.2278,54.01,54.01,54.01,3097
2020-12-23,54.1018,54.24,54.0912,54.24,54.24,3602
2020-12-24,54.13,54.14,53.99,53.99,53.99,1128
2020-12-28,54.035,54.18,53.91,54.18,54.18,4255
2020-12-29,54.2,54.22,53.95,54.11,54.11,11051
2020-12-30,54.24,54.24,53.92,54.1356,54.1356,5075
2020-12-31,54.085,54.1314,54.085,54.0958,54.0958,1627
2021-01-04,54.065,54.23,54.065,54.22,54.22,2506
2021-01-05,54.2044,54.29,54.1218,54.225,54.225,6803
2021-01-06,54.41,54.41,54.074,54.1501,54.1501,8140
2021-01-07,54.2582,54.34,54.2021,54.2064,54.2064,2843
2021-01-08,54.4,54.4,54.09,54.32,54.32,4251
2021-01-11,54.12,54.2779,54.12,54.2779,54.2779,1511
2021-01-12,54.32,54.32,54.1157,54.1945,54.1945,3792
2021-01-13,54.34,54.34,54.1129,54.18,54.18,2985
2021-01-14,54.17,54.3099,54.17,54.255,54.255,1121
2021-01-15,54.1904,54.2996,54.188,54.275,54.275,3380
2021-01-19,54.14,54.4,54.14,54.4,54.4,2009
2021-01-20,54.265,54.41,54.265,54.41,54.41,3990
2021-01-21,55.26,55.26,54.1882,54.29,54.29,2897
2021-01-22,54.2875,54.37,54.1201,54.265,54.265,14680
2021-01-25,54.2,54.41,54.1101,54.255,54.255,67821
2021-01-26,54.02,54.4295,54.02,54.4024,54.4024,15065
2021-01-27,54.84,54.84,54.28,54.42,54.42,42890
2021-01-28,54.27,54.55,54.27,54.455,54.455,18338
2021-01-29,54.3601,54.58,54.36,54.5432,54.5432,10800
2021-02-01,54.4893,54.63,54.4893,54.585,54.585,7857
2021-02-02,54.61,54.61,54.4,54.43,54.43,5777
2021-02-03,54.4,54.64,54.4,54.54,54.54,9738
2021-02-04,54.72,54.72,54.49,54.51,54.51,2859
2021-02-05,54.76,54.76,54.6,54.6542,54.6542,8642
2021-02-08,54.55,54.75,54.55,54.675,54.675,5205
2021-02-09,54.95,54.95,54.6324,54.75,54.75,7208
2021-02-10,55.1,55.1,54.659,54.8414,54.8414,74132
2021-02-11,55.1,55.1,54.7,54.83,54.83,4949
2021-02-12,54.89,54.94,54.855,54.938,54.938,10893
2021-02-16,54.92,54.93,54.7401,54.835,54.835,101099
2021-02-17,54.85,54.86,54.7452,54.78,54.78,10708
2021-02-18,54.72,54.72,54.53,54.71,54.71,8685
2021-02-19,54.69,54.7,54.455,54.455,54.455,5928
2021-02-22,54.5211,54.59,54.2789,54.3,54.3,10820
2021-02-23,55.1,55.1,53.85,54.02,54.02,26473
2021-02-24,54,54,53.74,53.74,53.74,3632
2021-02-25,53.86,53.86,53.53,53.59,53.59,11151
2021-02-26,53.44,53.8099,53.44,53.715,53.715,6142
2021-03-01,53.62,53.71,53.5701,53.6998,53.6998,3670
2021-03-02,53.7,53.74,53.11,53.61,53.61,39421
2021-03-03,53.656,53.656,53.63,53.63,53.63,2410
2021-03-04,53.58,53.75,53.56,53.7,53.7,6327
2021-03-05,53.74,53.97,53.58,53.94,53.94,10943
2021-03-08,53.94,53.9499,53.8104,53.815,53.815,4824
2021-03-09,53.95,54.07,53.86,53.88,53.88,7065
2021-03-10,53.947,54.1,53.87,54.1,54.1,4895
2021-03-11,54.18,54.22,53.956,54.1848,54.1848,6807
2021-03-12,54.28,54.28,54.01,54.02,54.02,7487
2021-03-15,54.19,54.19,54.1,54.19,54.19,1440
2021-03-16,54.0826,54.1618,54.0001,54.07,54.07,2454
2021-03-17,54.0262,54.33,53.9846,54.05,54.05,6817
2021-03-18,54,54,53.7713,53.86,53.86,5418
2021-03-19,53.87,53.94,53.8,53.8,53.8,6197
2021-03-22,53.79,53.96,53.79,53.96,53.96,8637
2021-03-23,54.04,54.06,53.8748,54.055,54.055,4520
2021-03-24,54.15,54.15,53.8501,53.975,53.975,2163
2021-03-25,53.8916,53.9799,53.81,53.8612,53.8612,3074
2021-03-26,54.02,54.02,53.8621,53.8621,53.8621,8306
2021-03-29,53.87,54.06,53.8108,53.9645,53.9645,5351
2021-03-30,53.86,53.9438,53.81,53.925,53.925,4980
2021-03-31,53.9948,53.9948,53.8,53.93,53.93,1545
2021-04-01,54.1,54.12,53.98,53.995,53.995,3505
2021-04-05,53.8401,54.0368,53.8401,53.965,53.965,2657
2021-04-06,53.99,54.17,53.99,54.04,54.04,10109
2021-04-07,54.11,54.2,54.08,54.08,54.08,3034
2021-04-08,54.06,54.4264,54.06,54.21,54.21,9294
2021-04-09,54.23,54.34,54.0101,54.175,54.175,25802
2021-04-12,54.35,54.35,54.14,54.29,54.29,5079
2021-04-13,54.3892,54.45,54.3032,54.34,54.34,3865
2021-04-14,54.49,54.49,54.31,54.31,54.31,3723
2021-04-15,54.62,54.7,54.62,54.7,54.7,4271
2021-04-16,54.44,54.62,54.44,54.51,54.51,4987
2021-04-19,54.505,54.62,54.505,54.615,54.615,1169
2021-04-20,54.68,54.68,54.4226,54.5,54.5,4355
2021-04-21,54.5,54.61,54.4,54.58,54.58,5391
2021-04-22,54.52,54.52,54.451,54.52,54.52,1732
2021-04-23,54.5001,54.6089,54.5001,54.555,54.555,1993
2021-04-26,54.42,54.59,54.42,54.43,54.43,1549
2021-04-27,54.4,54.62,54.4,54.56,54.56,7108
2021-04-28,54.57,54.57,54.4001,54.485,54.485,1677
2021-04-29,54.52,54.52,54.46,54.475,54.475,2019
2021-04-30,54.4801,54.57,54.4801,54.55,54.55,3568
2021-05-03,54.57,54.6492,54.5161,54.56,54.56,15155
2021-05-04,54.96,54.96,54.5,54.57,54.57,7657
2021-05-05,54.41,54.63,54.41,54.525,54.525,3543
2021-05-06,54.69,54.7,54.55,54.65,54.65,4826
2021-05-07,54.78,54.78,54.5,54.67,54.67,9883
2021-05-10,54.77,54.77,54.6,54.68,54.68,4329
2021-05-11,54.655,54.76,54.6,54.65,54.65,6500
2021-05-12,54.69,54.73,54.585,54.63,54.63,4372
2021-05-13,54.4,54.73,54.4,54.46,54.46,14516
2021-05-14,54.615,54.73,54.615,54.6274,54.6274,1713
2021-05-17,54.56,54.78,54.56,54.605,54.605,1161
2021-05-18,54.48,54.8159,54.42,54.76,54.76,9578
2021-05-19,54.81,54.8196,54.59,54.66,54.66,7802
2021-05-20,54.45,54.58,54.45,54.58,54.58,3601
2021-05-21,54.595,54.75,54.533,54.595,54.595,8704
2021-05-24,54.49,56.59,54.465,54.585,54.585,59928
2021-05-25,54.71,54.77,54.62,54.62,54.62,5083
2021-05-26,54.72,54.91,54.71,54.765,54.765,6550
2021-05-27,54.76,54.8899,54.582,54.67,54.67,16557
2021-05-28,54.82,54.91,54.47,54.74,54.74,25794
2021-06-01,54.65,54.9399,54.65,54.7603,54.7603,7658
2021-06-02,54.72,55,54.565,54.7943,54.7943,10426
2021-06-03,54.69,55,54.69,54.99,54.99,14190
2021-06-04,54.7,55.07,54.7,54.702,54.702,15245
2021-06-07,54.99,55.09,54.67,54.88,54.88,11911
2021-06-08,54.92,55.18,54.92,54.975,54.975,4525
2021-06-09,55.26,55.31,55.1,55.12,55.12,9044
2021-06-10,55.225,55.3,55.0425,55.205,55.205,3364
2021-06-11,55.27,55.33,55.2001,55.27,55.27,3658
2021-06-14,55.2,55.36,55.054,55.21,55.21,12022
2021-06-15,55.196,55.29,55.095,55.2885,55.2885,3876
2021-06-16,55.1674,55.275,55.06,55.2,55.2,36006
2021-06-17,55.055,55.179,54.9001,55.11,55.11,26945
2021-06-18,55.13,55.23,55.12,55.12,55.12,1878
2021-06-21,55.2,55.23,55.055,55.14,55.14,17300
2021-06-22,55.16,55.18,55,55.12,55.12,20700
2021-06-23,55.24,55.24,54.99,55.015,55.015,14900
2021-06-24,54.98,55,54.905,55,55,11600
2021-06-25,55,55.1,54.96,54.96,54.96,4800
2021-06-28,55.07,55.11,55,55.108,55.108,11400
2021-06-29,54.76,55.005,54.76,54.96,54.96,11700
2021-06-30,54.91,55.13,54.91,55.065,55.065,8900
2021-07-01,55.01,55.15,55.01,55.05,55.05,8700
2021-07-02,55.136,55.18,55.095,55.095,55.095,4600
2021-07-06,57.99,57.99,55.165,55.18,55.18,10500
2021-07-07,55.24,55.24,55.24,55.24,55.24,600
2021-07-08,55.364,55.48,55.31,55.385,55.385,4400
2021-07-09,55.19,55.52,55.19,55.405,55.405,3500
2021-07-12,55.37,55.53,55.28,55.38,55.38,11700
2021-07-13,55.36,55.43,55.28,55.33,55.33,8100
2021-07-14,55.42,55.55,55.39,55.4,55.4,9100
2021-07-15,55.4,55.6,55.32,55.41,55.41,4100
2021-07-16,55.34,55.35,55.32,55.32,55.32,2700
2021-07-19,55.54,55.54,55.5085,55.525,55.525,8184
