date,open,high,close,low,volume,price_change,p_change,ma5,ma10,ma20,v_ma5,v_ma10,v_ma20,turnover,Code
9/8/2021,19.24,19.55,19.23,19.1,1026201.06,-0.01,-0.05,18.672,18.361,19.061,1596238.61,1440560.52,1154712.14,0.53,1
9/8/2021,20.41,20.7,20.33,20.3,663610.56,-0.26,-1.26,20.72,20.542,21.682,706079.25,854511.56,822115.82,0.68,2
9/8/2021,19.21,19.58,19.52,19.07,37441.5,0.35,1.83,18.97,19.209,20.014,30644.44,37369.64,43123.4,3.22,4
9/8/2021,2.28,2.34,2.31,2.26,151764.7,0.02,0.87,2.316,2.295,2.186,212985.2,246397.63,190614.28,1.43,5
9/8/2021,4.73,4.82,4.8,4.7,148499.55,0.05,1.05,4.722,4.648,4.633,123144.96,116673.67,86606.11,1.1,6
9/8/2021,4.06,4.08,4.05,4.02,70825.5,-0.01,-0.25,4.072,4.11,4.119,78596.37,71803.39,58796.13,2.29,7
9/8/2021,2.31,2.43,2.42,2.3,576558.5,0.11,4.76,2.318,2.281,2.193,326021.84,339913.15,249135.78,2.14,8
9/8/2021,22.95,23.26,22.56,22.46,838812.25,-0.9,-3.84,23.202,25.058,25.551,1161791.55,948613.81,873579.76,3.29,9
9/8/2021,3.81,3.84,3.84,3.78,62737.08,0.02,0.52,3.798,3.771,3.755,49926.66,46438.13,45925.07,1.2,10
9/8/2021,12.81,12.92,12.69,12.67,78960.01,-0.1,-0.78,12.602,12.335,11.938,103334.37,99842.15,71314.27,1.5,11
9/8/2021,11.82,11.97,11.87,11.5,1059659.25,0.06,0.51,12.032,11.935,11.847,1469214.48,1395587.68,1026538.76,5.42,12
9/8/2021,7.6,7.63,7.47,7.45,36690.19,-0.23,-2.99,7.426,7.242,7.133,31134.01,25954.8,19646.74,1.82,14
9/8/2021,3.87,3.96,3.95,3.82,75122.81,0.11,2.87,3.824,3.828,3.795,45000.02,57078.44,58216.77,2.48,17
9/8/2021,7.04,7.12,7.1,7,67146.87,0.08,1.14,6.984,6.894,6.928,50469.15,42154.01,40667.82,1.61,19
9/8/2021,9.3,9.45,9.41,9.27,8476.9,0.06,0.64,9.29,9.205,9.315,7390.31,8077.64,8024.87,0.47,20
9/8/2021,16.36,16.39,16.31,16.24,119256.39,-0.05,-0.31,16.206,16.218,16.666,139633.77,176529.1,161192.97,0.81,21
9/8/2021,14.4,14.43,14.36,14.1,4665,-0.04,-0.28,14.216,14.198,14.241,5724.79,7111.27,5960.06,0.34,23
9/8/2021,15.34,15.38,15.37,15.23,36762.88,0.02,0.13,15.184,15.185,15.493,32324.1,38687.3,51801.32,0.94,25
9/8/2021,12.9,12.94,12.94,12.8,49207.65,0.06,0.47,12.802,12.727,12.696,49751.97,51810.95,49053.41,1.37,26
9/8/2021,8.67,9.13,9.1,8.66,1366121.75,0.47,5.45,8.676,8.277,8.196,1071107.09,727989.18,552405.52,2.87,27
9/8/2021,35.48,35.73,35.63,35.45,23591.9,0.16,0.45,35.182,34.74,34.894,26495.59,22725.06,21634.61,0.64,28
9/8/2021,7.31,7.31,7.27,7.21,30405.78,0.03,0.41,7.204,7.075,6.951,42155.32,40689.15,30484.03,0.34,29
9/8/2021,6.18,6.23,6.18,6.09,120261.69,0.02,0.33,6.148,6.241,6.359,149329.99,150191.1,159525.6,0.68,30
9/8/2021,3.56,3.65,3.64,3.54,118835.54,0.07,1.96,3.54,3.478,3.417,101475.68,88840.41,75650.54,0.63,31
9/8/2021,18.48,18.65,18.39,18.36,15852.1,-0.09,-0.49,18.604,18.793,17.891,20060.47,35747.1,23877.26,0.39,32
9/8/2021,16.6,16.68,16.65,16.46,55425.26,0.11,0.67,16.45,16.324,16.627,58872.62,68270.93,66688.07,1.11,34
9/8/2021,4.79,4.87,4.8,4.74,144781.98,0.01,0.21,4.772,4.628,4.519,158177.62,137783.03,115984.85,0.59,35
9/8/2021,4.39,4.76,4.67,4.34,328705.12,0.3,6.87,4.446,4.396,4.152,156094.59,181633.84,174797.64,2.22,36
9/8/2021,8.6,9.09,8.97,8.53,147514.12,0.35,4.06,8.622,8.282,8.013,96020.75,80415.84,66840.61,4.35,37
9/8/2021,9.2,9.26,9.21,9.11,62860.42,-0.3,-3.15,9.664,9.609,9.611,63530.3,36892.92,25816.81,2.64,38
9/8/2021,19.2,21.02,21.02,18.88,845336,1.91,9.99,19.584,19.045,18.362,585435.34,435297.66,307675.3,5.51,39
9/8/2021,3.89,3.97,3.91,3.88,634377.31,0.03,0.77,3.892,3.702,3.483,927982.4,874163.43,638764.12,5.98,40
9/8/2021,7.84,7.98,7.95,7.84,13296,0.08,1.02,7.74,7.665,7.629,11707.93,14312.86,13756.75,0.2,42
9/8/2021,9.38,9.55,9.52,9.31,62111.1,0.14,1.49,9.268,9.101,8.822,66813.13,75609.56,60312.61,1.36,45
9/8/2021,2.22,2.39,2.35,2.22,1057232.38,0.13,5.86,2.234,2.134,2.098,908618.7,715124.38,561901.6,2.04,46
9/8/2021,17.78,18.47,18.24,17.7,18406.12,0.45,2.53,17.852,17.904,18.293,17551.18,15969.12,13045.39,0.35,48
9/8/2021,36.2,37.87,37.46,36.07,86401.99,1.17,3.22,36.42,36.939,38.487,59282.99,60757.09,57602.05,2.9,49
9/8/2021,14.27,14.75,14.63,14.22,334572.94,0.38,2.67,14.214,14.142,14.413,225789.25,236459.4,227807.64,1.45,50
9/8/2021,4.61,4.67,4.64,4.59,130156.56,0.03,0.65,4.578,4.474,4.438,125125.43,93848.25,78391.55,1.92,55
9/8/2021,3.25,3.25,3.21,3.16,215032.31,-0.05,-1.53,3.268,3.309,3.353,166908.28,168145.72,197176.44,2.38,56
9/8/2021,6.36,6.38,6.2,6.17,244954.56,-0.13,-2.05,6.404,6.002,5.772,368343.99,220666.74,135148.67,4.55,58
9/8/2021,7.98,8.01,7.97,7.84,313514.75,-0.04,-0.5,7.74,7.583,7.296,376911.86,371559.08,285836.54,1.96,59
9/8/2021,6.25,6.35,6.22,6.15,1507318.25,-0.04,-0.64,6.082,5.996,5.73,2355973.88,2242985.73,1693695.72,4.22,60
9/8/2021,5.96,6.1,6.07,5.95,144254.02,0.08,1.34,5.98,5.867,5.756,123960.92,121370.17,97212.73,0.85,61
9/8/2021,15.86,15.87,15.62,15.54,59158.34,-0.22,-1.39,15.44,15.184,15.103,67008.73,61936.28,53432.83,0.57,62
9/8/2021,34,34.94,34.64,33.65,821342.38,0.8,2.36,33.76,33.684,34.552,597788.33,694097.8,726150.59,2.12,63
9/8/2021,8.45,8.72,8.6,8.43,200654.84,0.15,1.77,8.418,8.113,7.885,203726.39,176360.59,165529.19,2.96,65
9/8/2021,14.46,14.72,14.41,14.36,590307.25,-0.05,-0.35,14.394,14.627,15.224,492490.14,593183.79,641721.42,2.01,66
9/8/2021,3.08,3.11,3.09,3.07,186714.22,-0.02,-0.64,3.096,3.015,2.873,277305.95,304966.3,223972.54,1.85,68
9/8/2021,7.34,7.38,7.26,7.22,391372.16,-0.08,-1.09,7.292,7.041,7.074,431477.9,495268.74,406074.51,0.55,69
9/8/2021,7.56,7.76,7.75,7.5,194827.52,0.2,2.65,7.58,7.51,7.392,135966.38,172320.66,129894.88,2.42,70
9/8/2021,3.26,3.34,3.32,3.26,300024.88,0.05,1.53,3.254,3.22,3.212,229917.38,191972.62,159744.69,1.14,78
9/8/2021,5.86,5.88,5.8,5.76,247522.88,-0.09,-1.53,5.71,5.568,5.402,258824.18,208347.49,131119.36,1.1,88
9/8/2021,7.72,7.76,7.59,7.59,673699.06,-0.44,-5.48,7.538,7.367,7.233,448385.54,267490.2,172130.92,3.29,89
9/8/2021,5.67,5.82,5.75,5.65,216310.8,0.07,1.23,5.648,5.526,5.35,213794.17,228476.89,163655.44,1.16,90
9/8/2021,9.53,9.67,9.41,9.26,46110.18,-0.07,-0.74,9.132,8.886,8.744,36732.95,24774.4,18155.18,0.9,96
9/8/2021,7.95,8.08,7.92,7.88,127442.62,-0.07,-0.88,7.892,7.85,7.73,105841.53,105464.04,104413.55,2.1,99
9/8/2021,7.06,7.48,7.4,7.04,5925261,0.33,4.67,7.196,7.173,7.284,3227870.38,2889196.19,2807117.94,4.59,100
9/8/2021,3.17,3.37,3.33,3.15,513040.91,0.16,5.05,3.19,3.163,3.255,266351.84,210394.43,177428.48,6.37,150
9/8/2021,8.05,8.3,8.28,8,62054.53,0.26,3.24,8.092,8.041,7.879,40775.58,46086.68,48957.21,2.33,151
9/8/2021,11.65,12.4,11.66,11.54,215292,-0.05,-0.43,11.274,10.643,10.102,188089.25,178472.75,128851.93,6.9,153
9/8/2021,29.36,31.93,31.57,29.06,1061478.5,1.97,6.66,30.922,32.112,29.796,1024349.81,1090477.99,1150270.34,8.36,155
9/8/2021,7.56,7.75,7.73,7.5,142306.62,0.19,2.52,7.49,7.329,7.187,92380.85,75372.2,56215.88,1.11,156
9/8/2021,8.98,8.98,8.8,8.75,2015083.25,-0.24,-2.65,8.87,8.43,8.398,2600157.88,2225695.44,1637545.43,2.85,157
9/8/2021,7.31,7.51,7.5,7.26,775631.25,0.18,2.46,7.234,7.241,7.449,663071.29,636213.38,523240.35,4.92,158
9/8/2021,8.78,8.79,8.55,8.5,152887.02,-0.23,-2.62,8.64,8.591,8.514,270455.79,224055.72,189870.74,3.18,159
9/8/2021,5.9,6.26,5.83,5.79,5666320.5,-0.24,-3.95,5.596,5.14,4.852,6385007.88,3635908.89,2291394.54,2.51,166
9/8/2021,33.88,34.9,33.7,32.07,601998.5,0.3,0.9,33.17,32.29,29.389,544830.45,546238.4,526520.01,3.48,301
9/8/2021,73,73.65,72.72,72.21,266823.59,-0.3,-0.41,71.418,69.395,70.679,353344.14,363218.06,357850.09,0.39,333
9/8/2021,19.88,19.95,19.63,19.5,771254.88,-0.25,-1.26,19.712,19.808,19.795,923483.48,1069016.51,1218507.28,1.82,338
9/8/2021,21.19,22.47,21.5,20.78,764984.06,0.05,0.23,21.464,19.932,18.543,779982.85,716461.74,638676.78,7.59,400
9/8/2021,13.6,13.75,13.67,13.56,262015.77,0.14,1.03,13.434,13.109,13.046,259620.55,243283.83,212735.23,1.85,401
9/8/2021,6.46,6.49,6.42,6.41,350268.56,-0.07,-1.08,6.574,6.349,6.11,655653.41,505912.62,295899.19,1.17,402
9/8/2021,29.71,29.89,29.6,29.38,17654.71,-0.33,-1.1,29.39,29.739,30.905,34883.96,30573.81,32167.99,0.33,403
9/8/2021,4.05,4.1,4.1,4.04,107630.46,0.05,1.24,4.048,3.995,3.926,90650.52,89148.78,80413.47,1.55,404
9/8/2021,4.84,4.99,4.94,4.8,179432.06,0.07,1.44,4.8,4.726,4.536,183909,172821.66,161165.69,2.05,407
9/8/2021,32.19,32.8,31,30.7,480135.69,-0.86,-2.7,30.072,29.914,28.882,418623.67,415354.94,421176.3,10.14,408
9/8/2021,4.91,5.04,5.03,4.91,64435.69,0.11,2.24,4.894,4.82,4.744,47771.13,50008.2,46301.84,1.59,409
9/8/2021,5.2,5.24,5.16,5.12,86112.03,-0.04,-0.77,5.198,5.399,5.069,126867.09,241706.54,170877.96,0.51,410
9/8/2021,12.22,12.54,12.48,12.21,27518.08,0.22,1.79,12.19,12.042,12.049,21114.22,19067.49,17940.57,1.33,411
9/8/2021,2.26,2.35,2.32,2.25,1421461.5,0.06,2.65,2.258,2.221,2.211,1121550.34,1098859.93,853664.24,2.92,413
9/8/2021,2.84,2.89,2.84,2.8,353038.75,0.02,0.71,2.742,2.639,2.587,365462.32,343912.98,288255.46,1,415
9/8/2021,3.9,4.06,4.02,3.9,123404.13,0.1,2.55,3.896,3.799,3.775,85251.29,65492.74,53219.26,2.32,416
9/8/2021,4.52,4.65,4.62,4.49,145296.02,0.12,2.67,4.494,4.419,4.367,80425.88,67875.57,67748.22,1.87,417
9/8/2021,4.52,4.56,4.55,4.5,41738.24,0.03,0.66,4.464,4.393,4.302,34654,30337.48,25520.63,0.77,419
9/8/2021,4.96,5.02,4.7,4.66,962651.06,-0.23,-4.67,4.754,4.679,4.376,887942.68,733910.63,785972.05,4.44,420
9/8/2021,5.15,5.21,5.18,5.11,82220.86,0.02,0.39,5.084,4.981,4.861,75346.02,59010.97,54898.83,1.44,421
9/8/2021,19.65,21.6,21.6,19,869275.5,1.96,9.98,20.142,19.229,16.058,918137.66,932094.78,855099.58,9.68,422
9/8/2021,34.02,35.87,34.33,33.85,99067.01,0.27,0.79,34.1,34.143,32.872,60709.52,67118.38,69280.67,1.52,423
9/8/2021,7.24,7.28,7.18,7.15,1342822.88,-0.11,-1.51,7.268,6.849,6.65,2857211.98,2547656.31,1665049.33,1.72,425
9/8/2021,10.2,10.23,10.07,10,817961.69,-0.12,-1.18,10.314,10.498,10.007,798417.25,854142.19,715746.22,5.54,426
9/8/2021,3.56,3.69,3.61,3.52,133526,0.07,1.98,3.484,3.444,3.208,121743.82,136984.07,125120.05,1.31,428
9/8/2021,7.23,7.37,7.31,7.18,103502.15,0.15,2.1,7.14,7.041,6.879,54780.19,47764.4,40283.95,0.79,429
9/8/2021,6.38,6.56,6.51,6.37,59659.3,0.13,2.04,6.24,6.136,5.699,65169.2,76772.51,58982.51,1.8,430
9/8/2021,8.2,8.87,8.78,8.17,1619171.5,0.57,6.94,8.332,8.146,7.967,932143.07,885436.99,669804.34,9.72,488
9/8/2021,7.32,7.45,7.23,7.18,177868.72,-0.11,-1.5,7.13,6.867,6.623,273547.85,228803.09,176530.86,1.45,498
9/8/2021,11.06,11.22,11.19,11.01,135853.77,0.12,1.08,10.97,10.809,10.654,127296.59,121941.53,101659.62,1.77,501
9/8/2021,5.54,5.57,5.52,5.5,9174,-0.03,-0.54,5.55,5.504,5.426,11138.72,8679.94,9066.68,0.5,502
9/8/2021,7.11,7.48,7.35,7.11,191364.91,0.21,2.94,7.15,7.078,7.102,101724.57,87003.55,76453.88,2.13,503
9/8/2021,22.23,22.74,22.49,21.65,35751.41,0.26,1.17,21.692,21.217,20.448,26681.22,23423.02,21460.67,1.15,504
9/8/2021,6.98,7.23,7.18,6.95,178607.56,0.2,2.87,6.988,6.876,6.85,94559.42,69846.54,58485.4,2.88,505
9/8/2021,3.58,3.58,3.52,3.46,433807.38,-0.03,-0.84,3.592,3.676,3.471,417174.25,605217.67,745522.1,4.67,506
9/8/2021,8.2,8.32,8.1,8.1,789818.31,-0.14,-1.7,8.084,7.78,7.724,1065287.81,705530.74,558210.04,9.51,507
9/8/2021,3.6,3.6,3.3,3.3,332182.38,-0.17,-4.9,3.268,3.177,3.007,104898.14,101849.94,85088.49,4.02,509
9/8/2021,7.27,7.77,7.59,7.25,451413.88,0.35,4.83,7.224,7.123,6.704,387770.69,402081.69,326786.16,8.02,510
9/8/2021,40.6,40.91,40.75,40.24,62512.22,0.15,0.37,41.098,41.071,40.427,72361.12,91993.33,74010.01,1.04,513
9/8/2021,3.2,3.32,3.3,3.19,98453.52,0.1,3.12,3.192,3.146,3.128,42511,33053.1,23715.64,1.17,514
9/8/2021,10.6,10.71,10.42,10.4,349923.75,-0.17,-1.6,10.398,10.598,11.248,409303.44,424416.69,444232.54,1.85,516
9/8/2021,2.6,2.64,2.64,2.6,129739.31,0.04,1.54,2.592,2.542,2.506,128751.28,117274.94,96498.51,0.52,517
9/8/2021,3.37,3.47,3.44,3.36,126247.33,0.07,2.08,3.368,3.319,3.329,75635.84,65955.44,58943.58,1.23,518
9/8/2021,19.96,20.07,18.58,18.5,955968.94,-1.29,-6.49,19.53,19.297,17.034,1164317.48,1281951.25,1397017.62,6.87,519
9/8/2021,3.8,3.8,3.69,3.61,472758.75,-0.05,-1.34,3.526,3.438,3.35,216036.51,147461.75,106707.57,4.67,520
9/8/2021,3.5,3.59,3.58,3.49,249016.59,0.07,1.99,3.486,3.44,3.412,179000.15,155113.52,146077.77,2.85,521
9/8/2021,4.15,4.16,4.08,4.05,34801.35,-0.06,-1.45,4.124,4.149,4.183,27743.8,30300.22,51608.17,0.55,523
9/8/2021,7.29,7.33,7.27,7.25,16061.2,0.01,0.14,7.212,7.17,6.953,18605.96,18499.98,16212.41,0.24,524
9/8/2021,5.29,5.37,5.06,5.05,279106.78,-0.12,-2.32,5.062,4.661,4.347,275404.55,199227.46,143225.16,4.86,525
9/8/2021,20.45,22.13,22.13,20.2,55387.06,2.01,9.99,20.3,19.906,19.573,39382.77,48701.09,47087.41,5.76,526
9/8/2021,8.72,8.72,8.65,8.6,266752.47,-0.09,-1.03,8.712,8.536,8.31,436331.45,471293.44,343906.77,1.82,528
9/8/2021,5.73,5.83,5.77,5.68,63773.92,0,0,5.674,5.586,5.394,62870.23,69104.7,56154.3,1.12,529
9/8/2021,3.91,3.98,3.96,3.89,84418.21,0.05,1.28,3.882,3.847,3.793,72058.36,65245.35,53898.03,1.41,530
9/8/2021,8.34,8.74,8.69,8.3,158811.3,0.4,4.83,8.382,8.143,8.002,98749.14,78738.14,67438.55,2.32,531
9/8/2021,14.85,14.98,14.59,14.58,136386.02,-0.31,-2.08,15.718,15.873,15.835,249913.74,193766.82,160958.36,3.97,532
9/8/2021,3.29,3.51,3.39,3.26,267953.09,0.11,3.35,3.3,3.263,3.186,182277.11,166620.18,148833.38,3.91,533
9/8/2021,17.14,17.32,17.02,16.7,48627.8,-0.12,-0.7,16.896,16.725,16.549,55865.39,58794.03,66059.38,0.99,534
9/8/2021,2.58,2.67,2.66,2.57,254666.58,0.09,3.5,2.558,2.555,2.597,157113.14,173687.02,173165.89,0.92,536
9/8/2021,6.41,6.41,6.41,6.41,26979.4,0.58,9.95,5.434,5.064,4.877,39626.14,47526.43,45897.35,0.16,537
9/8/2021,94.05,94.65,93.45,93.25,41060.77,-1.04,-1.1,92.998,90.749,91.007,62885.07,79206.03,73871.56,0.68,538
9/8/2021,4.29,4.5,4.46,4.29,430558.31,0.18,4.21,4.296,4.132,3.995,328042.35,221891.01,180273.18,1.69,539
9/8/2021,3.02,3.13,2.98,2.98,1800190.38,-0.1,-3.25,3.086,2.731,2.517,2143080.42,1300605.17,800195.89,2.58,540
9/8/2021,6.21,6.27,6.23,6.19,68379.64,0,0,6.208,6.181,6.155,71399.96,74806.31,74601.27,0.64,541
9/8/2021,4.18,4.36,4.34,4.16,665130.31,0.18,4.33,4.166,3.99,3.849,604831.34,425516.89,292631.71,3.71,543
9/8/2021,6.39,6.54,6.51,6.38,79307.71,0.13,2.04,6.398,6.293,6.154,55316.65,54391.7,41839.02,0.81,544
9/8/2021,5.09,5.35,5.26,5.03,806962.88,0.17,3.34,5.094,5.149,4.914,843653.9,1045618.2,796308.94,8.19,545
9/8/2021,7.64,7.64,7.52,7.45,103493.87,-0.04,-0.53,7.466,7.544,7.046,143676.15,264326.12,159542.45,1.45,546
9/8/2021,16.16,16.19,16.04,15.9,424252.69,-0.07,-0.43,16.264,18.406,20.292,668721.5,697552.71,569523.35,3.44,547
9/8/2021,3.96,3.99,3.99,3.94,53843.2,0.04,1.01,3.906,3.844,3.787,48859.8,46844.43,42806.18,1.08,548
9/8/2021,19.66,19.77,19.63,19.43,47868.25,-0.03,-0.15,19.46,19.619,20.345,56539.42,60101.65,77603.16,0.92,550
9/8/2021,12.59,12.88,11.83,11.75,355485.19,-0.44,-3.59,11.488,10.936,10.986,232857.22,163053.23,164287.81,8.89,551
9/8/2021,3.5,3.69,3.69,3.48,977942,0.14,3.94,3.49,3.38,3.238,847344.46,769786.21,653694.36,4.28,552
9/8/2021,10.08,10.16,10.1,9.94,118816.78,0.02,0.2,9.716,9.568,9.494,112235.27,87275.5,72541.4,0.55,553
9/8/2021,4.89,4.98,4.87,4.85,144372.31,-0.01,-0.2,4.794,4.689,4.575,105571.19,80614.46,59339.85,3.98,554
9/8/2021,13.62,13.85,13.71,13.59,95891.71,0.02,0.15,13.52,13.199,13.185,100562.62,89302.39,84354.34,0.99,555
9/8/2021,3.81,3.93,3.9,3.81,152341.64,0.07,1.83,3.844,3.792,3.693,114157.44,121441.67,101315.17,1.04,557
9/8/2021,3.04,3.2,3.14,3.03,481572.75,0.1,3.29,3.056,2.92,2.856,667544.15,450909.63,331656.27,3.74,558
9/8/2021,6.29,6.74,6.66,6.26,845245.62,0.39,6.22,6.184,6.031,5.844,561354.26,503507.18,431550.48,3.07,559
9/8/2021,3.49,3.61,3.6,3.48,358593.59,0.11,3.15,3.488,3.424,3.407,292195.48,302675.65,272021.41,1.59,560
9/8/2021,8.07,8.07,8,7.92,141442.56,-0.08,-0.99,8.172,8.077,7.913,186141.8,234952.92,210758.56,2.36,561
9/8/2021,3.41,3.49,3.46,3.4,377723.09,0.04,1.17,3.396,3.338,3.259,412922.17,382682.99,321462.44,0.95,563
9/8/2021,3.05,3.11,2.91,2.86,465588.81,-0.05,-1.69,2.812,2.683,2.6,306316.29,229464.78,196791.16,2.32,564
9/8/2021,6.94,7.27,7.24,6.86,138701.45,0.34,4.93,6.91,6.917,6.783,97186.47,101312.54,104310.69,3.2,565
9/8/2021,4.86,5,4.95,4.85,137461.66,0.08,1.64,4.858,4.867,4.814,91493.56,109597.69,87620.93,1.18,566
9/8/2021,12.68,12.68,12.48,12.45,39934.5,-0.07,-0.56,12.68,12.556,12.233,106902.83,91289.22,77634.27,0.62,567
9/8/2021,186.9,186.9,181.91,180.2,150030.58,-5.05,-2.7,183.856,178.802,178.349,210317.21,200232.45,182076.06,1.02,568
9/8/2021,7.01,7.02,6.95,6.86,92420,-0.07,-1,6.958,6.87,6.784,105983.9,107404.76,113931.78,2.25,570
9/8/2021,2.17,2.28,2.28,2.16,62106.49,0.11,5.07,2.148,2.081,2.038,94890.32,75688.17,59205.72,0.76,571
9/8/2021,6.91,7.05,6.82,6.8,424532.09,-0.13,-1.87,6.9,6.904,7.097,476740.04,579764.21,756350.07,2.59,572
9/8/2021,3.32,3.39,3.34,3.29,97889.64,0.04,1.21,3.246,3.172,3.051,103387.12,95381.66,75558.04,1.55,573
9/8/2021,14.87,15.02,14.73,14.48,174210.48,-0.27,-1.8,14.75,14.967,13.924,216876.97,303550.54,312766.19,4.11,576
9/8/2021,22.96,23.1,22.9,22.8,95405.13,-0.12,-0.52,22.888,22.986,22.621,107946.9,148127.14,147219.99,1.17,581
9/8/2021,8.26,8.32,8.3,8.21,67341.08,0.02,0.24,8.254,8.054,7.857,88945.81,73370.69,50972.64,0.53,582
9/8/2021,6.35,6.38,6.34,6.27,96258.61,0.02,0.32,6.33,6.367,6.435,100461.94,112493.68,126984.46,1.31,584
9/8/2021,1.84,1.88,1.82,1.82,81148.58,-0.02,-1.09,1.818,1.748,1.687,100776.55,89447.87,66861.83,1.33,585
9/8/2021,8.05,8.2,8.19,8.05,30607.33,0.09,1.11,8.062,8.148,8.322,32704.59,38487.52,37026.33,1.58,586
9/8/2021,1.43,1.47,1.46,1.41,392613.69,-0.02,-1.35,1.508,1.514,1.528,222690.03,157369.92,103671.37,3.24,587
9/8/2021,5.81,5.91,5.85,5.81,110399.55,0.03,0.52,5.76,5.671,5.73,99282.16,91200.49,108973.05,1.42,589
9/8/2021,8.67,8.79,8.79,8.62,16243.13,0.12,1.38,8.636,8.734,8.882,14908.21,20250.59,20860.12,0.68,590
9/8/2021,9.85,9.98,8.95,8.91,4441565.5,-0.51,-5.39,9.146,8.332,7.7,4200724.8,3281619.89,2174043.97,21.8,591
9/8/2021,3.04,3.14,3.13,3.02,988369.19,0.08,2.62,3.068,3.052,2.954,601314.81,663552.09,571357.52,5.16,592
9/8/2021,6.3,6.43,6.27,6.22,201939.2,-0.1,-1.57,6.22,6.211,6.086,245902.87,260701.32,308299.94,5.63,593
9/8/2021,2.72,2.77,2.76,2.69,158549.2,0.07,2.6,2.694,2.675,2.644,109505.27,116017.96,123279.59,1.4,595
9/8/2021,229.5,231,227.03,226,13563.28,-0.82,-0.36,224.29,216.932,208.766,18367.8,26121.26,24005.15,0.35,596
9/8/2021,5.28,5.34,5.29,5.26,59306.91,0.02,0.38,5.232,5.228,5.303,73320.13,76132.57,87355.48,0.45,597
9/8/2021,5.62,5.71,5.65,5.6,203986,0.03,0.53,5.624,5.542,5.362,197001.09,225568.29,190436.9,0.68,598
9/8/2021,3.94,4.02,4.01,3.94,61599.05,0.05,1.26,3.936,3.918,3.891,53561.11,49333.42,44283.82,0.75,599
9/8/2021,5.1,5.48,5.37,5.1,576983.75,0.27,5.29,5.084,4.784,4.652,445434.89,278355.44,182807.71,5.29,600
9/8/2021,5.24,5.5,5.43,5.22,225339.81,0.19,3.63,5.152,4.977,4.862,128033.92,91635.26,72768.32,2.09,601
9/8/2021,14.41,14.54,14.32,14.17,169624.36,-0.22,-1.51,14.322,14.157,13.677,192269.25,221095.31,189736.79,2.88,603
9/8/2021,5.46,5.6,5.58,5.45,34381.2,0.12,2.2,5.444,5.362,5.246,27046.14,25816.81,23905.42,1.02,605
9/8/2021,2.19,2.24,2.23,2.17,251361,0.04,1.83,2.21,2.181,2.15,249818.84,242244.11,197639.08,3.55,606
9/8/2021,3.88,4.04,3.94,3.72,218106.88,0.18,4.79,3.724,3.619,3.549,91301.93,73407.21,73532.19,2.46,607
9/8/2021,3.27,3.32,3.3,3.24,87584.32,0.05,1.54,3.256,3.403,3.597,67303.31,125718.9,110811.67,1.17,608
9/8/2021,5.34,5.34,5.34,5.34,12299,0.25,4.91,5.008,4.82,4.415,124641.62,103754.69,117835.13,0.42,609
9/8/2021,9.74,9.83,9.79,9.65,62655,0.04,0.41,9.768,9.811,9.431,81681.4,88315.47,72636.23,2.66,610
9/8/2021,4.11,4.22,4.09,4.09,64660.24,-0.05,-1.21,4.248,4.225,3.903,131924.53,171294.22,156247.25,2.02,611
9/8/2021,10.12,10.9,10.61,10.01,1551015.5,0.35,3.41,10.074,9.845,9.357,1462246.32,1374698.47,1101680.95,13.03,612
9/8/2021,3.85,3.99,3.89,3.81,72963,0,0,3.78,3.729,3.602,53982.1,61613.65,47063.18,2.73,613
9/8/2021,14.5,14.67,13.97,13.88,385537.75,-0.49,-3.39,13.786,13.539,13.742,330240.75,270992,257902.58,4.99,615
9/8/2021,2.01,2.08,2.02,2,274179.81,0,0,1.99,1.962,1.925,223624.93,216177.19,176013.69,1.92,616
9/8/2021,5.57,5.64,5.59,5.54,211252.72,0.04,0.72,5.48,5.353,5.307,213765.01,185531.48,146861.9,0.17,617
9/8/2021,5.27,5.33,5.32,5.27,42174.2,0.03,0.57,5.278,5.24,5.172,47822.64,44303.94,35147.28,1.17,619
9/8/2021,2.13,2.24,2.23,2.13,194658.31,0.1,4.7,2.142,2.074,2.034,159528.02,142359.32,135263.86,1.03,620
9/8/2021,3.5,3.57,3.57,3.46,104728.26,0.08,2.29,3.464,3.456,3.427,75911.48,56472.34,46516.3,2.46,622
9/8/2021,17.49,18.6,17.94,17.39,601259.75,0.45,2.57,17.21,16.646,16.428,410836.99,318319.96,303542.21,5.18,623
9/8/2021,20.49,20.63,20.19,20.05,920394.06,-0.2,-0.98,20.02,20.357,20.962,1172135.04,1422793.43,2084038,1.57,625
9/8/2021,22.46,22.59,21.95,21.72,43805.23,-0.54,-2.4,22.274,22.621,23.601,40051.05,37816.31,45709.66,0.94,626
9/8/2021,3.62,3.67,3.63,3.58,179409.62,0.02,0.55,3.588,3.532,3.477,142550.97,163286.7,139069.24,0.39,627
9/8/2021,8.95,9.03,8.89,8.85,25662,-0.02,-0.22,8.644,8.473,8.201,36359.49,27633.25,22660.55,1.34,628
9/8/2021,4.96,5.12,4.9,4.79,3948062.75,0.02,0.41,4.736,4.527,3.944,3723260.4,4204871.98,3646780.85,4.6,629
9/8/2021,4.14,4.32,4.25,4.1,4145979,0.08,1.92,4.146,4.072,3.888,4329411.55,5350243.48,4590708.11,3.94,630
9/8/2021,3.03,3.18,3.12,3,109983.82,0.1,3.31,3.034,2.997,2.996,50068.61,41075.29,33395.35,0.45,631
9/8/2021,3.45,3.55,3.53,3.45,100672.04,0.07,2.02,3.428,3.396,3.382,98186.17,79892.92,58567.51,2.16,632
9/8/2021,7.16,7.4,7.33,7.1,63310.51,0.18,2.52,7.204,7.298,7.529,55204.09,66779.22,71245,1.64,633
9/8/2021,15.37,16.29,16.29,15.22,441395.75,1.48,9.99,14.48,14.22,13.829,311540.62,288988.18,212948.51,14.56,635
9/8/2021,28.98,29.75,29.41,28.67,319423.19,0.59,2.05,28.714,29.018,30.204,272435.52,327161.97,314427.96,3.57,636
9/8/2021,4.57,4.68,4.67,4.56,60814.96,0.08,1.74,4.564,4.592,4.52,69438.23,77444.12,87387.5,1.66,637
9/8/2021,5.26,5.44,5.32,5.21,53208.52,0.08,1.53,5.226,5.151,4.978,60774.6,70764.73,64606.31,1.72,638
9/8/2021,5.22,5.33,5.32,5.2,222572.69,0.09,1.72,5.294,5.344,5.411,169698.34,162521.92,142652.09,2.06,639
9/8/2021,9.62,9.74,9.66,9.56,154104.42,0.01,0.1,9.538,9.222,9.051,301030.47,246835.76,248916.61,1.15,650
9/8/2021,41.6,41.67,41.53,41.27,710790.5,-0.22,-0.53,41.146,41.546,43.935,833956.83,744396.76,642804.27,1.19,651
9/8/2021,4.19,4.29,4.27,4.17,302946.84,0.08,1.91,4.184,4.102,4.061,242820.48,194018.04,148964.52,2.05,652
9/8/2021,11.3,11.73,11.52,11.26,335004.81,0.1,0.88,11.172,11.106,10.438,295063.97,410329.99,303960.32,5.63,655
9/8/2021,4.99,5.28,5.22,4.98,762656.75,0.23,4.61,5.05,4.903,4.876,475851,426144.62,509096.96,1.45,656
9/8/2021,13.5,13.58,13.26,13.14,185780,-0.23,-1.71,13.242,13.85,13.701,260685.75,301310.35,280207.84,1.96,657
9/8/2021,4.64,4.86,4.84,4.56,307236.31,0.2,4.31,4.696,4.716,4.633,250604.8,345711.99,261536.6,2.39,659
9/8/2021,256.52,258.3,250.81,248.99,59192.23,-5.24,-2.05,250.342,254.86,270.819,93701.94,89876.61,85315.09,1.6,661
9/8/2021,11.15,11.29,11.16,11.01,36656,-0.01,-0.09,11.214,11.389,11.328,49867.14,46088.08,51619.64,1.2,663
9/8/2021,3.81,3.94,3.93,3.8,94465.26,0.12,3.15,3.81,3.75,3.683,51383.89,52189.78,41031.08,0.96,665
9/8/2021,9.31,9.65,9.39,9.3,160225.02,0.15,1.62,9.154,9,8.875,168868.35,132014.1,114717.85,5.46,666
9/8/2021,1.77,1.85,1.85,1.76,1572372.75,0.08,4.52,1.76,1.706,1.666,1069324.77,907601.2,637340.77,6.45,667
9/8/2021,15.07,15.2,14.83,14.67,11436,-0.24,-1.59,14.734,14.986,15.544,8914.13,14258.91,12165.36,0.78,668
9/8/2021,2.57,2.62,2.58,2.54,180434.16,-0.04,-1.53,2.634,2.694,2.563,251039.15,334044.97,307470.75,2.65,669
9/8/2021,4.7,4.76,4.7,4.69,195096.05,0,0,4.726,4.567,4.525,357347.21,294847.59,256506.05,0.48,671
9/8/2021,21.1,21.38,20.7,20.6,122571.85,-0.4,-1.9,20.584,19.786,19.157,175857.96,154059.71,137550.49,1.51,672
9/8/2021,1.77,1.8,1.79,1.72,109883.79,0.02,1.13,1.794,1.801,1.712,100667.37,128630.52,103051.21,1.39,673
9/8/2021,6.82,7.2,7.15,6.81,639629.5,0.29,4.23,6.852,7.091,7.238,531344.19,690901.02,872259.3,5.57,676
9/8/2021,3.28,3.37,3.3,3.24,184110.95,0.02,0.61,3.242,3.222,3.163,118884.3,119352.77,112695.74,2.13,677
9/8/2021,5.32,5.38,5.38,5.28,44130.5,0.04,0.75,5.336,5.311,5.24,48424.62,43784,37808.79,0.96,678
9/8/2021,4.19,4.27,4.23,4.14,49035,0.08,1.93,3.984,3.863,3.781,37360.12,27676.76,23812.21,1.38,679
9/8/2021,4.48,4.54,4.52,4.45,299767.12,0.04,0.89,4.436,4.37,4.242,366464.92,361651.04,274460.68,2.84,680
9/8/2021,16.88,17.34,17.34,16.19,1184424.75,1.58,10.03,14.946,13.592,12.304,614261.09,415794.11,250127.48,19.59,681
9/8/2021,6.45,6.76,6.24,6.21,1132314.38,-0.09,-1.42,5.878,5.546,5.312,689004.79,454215.85,308598.14,9.73,682
9/8/2021,12.3,13.05,12.72,12.12,1838071.88,0.39,3.16,12.296,11.884,10.64,2359796.58,2292491.55,2169086.8,5.52,683
9/8/2021,9.24,9.36,9.3,9.18,157548.02,0.06,0.65,9.166,8.949,8.649,172514.64,159708.41,143772.88,1.26,685
9/8/2021,9.08,9.33,9.11,9.07,404357.38,-0.06,-0.65,9.02,8.779,8.552,533159.19,400554.01,342981.3,1.73,686
9/8/2021,3.22,3.36,3.36,3.21,158482.23,0.16,5,3.284,3.202,3.13,204831.5,172285.23,210592.61,2.11,687
9/8/2021,14.8,15.23,14.97,14.33,308358.09,-0.1,-0.66,13.668,12.915,12.01,353875.14,338497.53,298027.89,2.71,688
9/8/2021,6.22,6.45,6.44,6.21,817165.25,0.28,4.54,6.19,5.867,5.686,747096.38,523267.55,414308.39,3.93,690
9/8/2021,4.92,5,5,4.91,41713.02,0.09,1.83,4.93,4.936,4.825,38938.21,51172.64,47158.34,1.29,691
9/8/2021,3.4,3.54,3.52,3.38,140493,0.12,3.53,3.328,3.244,3.22,83954.78,72085.19,59516.18,2.64,692
9/8/2021,8.65,8.97,8.89,8.62,28191.48,0.23,2.66,8.772,8.878,8.978,32275.29,38437.53,71936.21,1.27,695
9/8/2021,9.04,9.15,9.1,8.98,97819.75,0.06,0.66,9.01,9.163,9.737,111805.4,152175.17,289039.39,1.7,697
9/8/2021,7.49,7.59,7.5,7.31,896965.94,0.09,1.22,7.104,7.002,6.821,528614.08,519784.02,414396.69,11.42,698
9/8/2021,6.44,6.44,6.32,6.27,232123.56,-0.05,-0.79,6.156,6.174,6.137,228122.4,250095.75,220914.46,2.53,700
9/8/2021,5.14,5.33,5.29,5.1,74856.11,0.15,2.92,5.122,5.055,5.035,44229.94,41457.74,36349.43,1.84,701
9/8/2021,4.68,4.76,4.75,4.67,27537.22,0.06,1.28,4.666,4.61,4.53,24251.53,26167.17,23440.37,1.03,702
9/8/2021,12.12,12.45,12.3,12.09,624926.81,0.13,1.07,12.09,11.918,11.853,402932.61,404407.84,397737.35,1.84,703
9/8/2021,7.93,7.99,7.88,7.85,54217.2,-0.04,-0.51,7.77,7.618,7.503,54513.85,47131.91,40278.67,1.92,705
9/8/2021,8.79,8.83,8.83,8.6,153066.44,0.42,4.99,8.39,7.866,7.224,228059.83,227853.26,254065.81,3.3,707
9/8/2021,26.81,27.98,26.05,25.56,179627.48,-0.68,-2.54,25.366,24.922,24.964,115004.5,107820.89,104798.85,1.43,708
9/8/2021,3.2,3.23,3.22,3.17,1025210.75,0,0,3.154,3.105,2.972,1225540.91,1288335.81,1151511.94,0.97,709
9/8/2021,23.85,23.87,23.57,23.52,22185.41,-0.25,-1.05,23.394,23.271,24.284,28832.83,28743.34,24521.39,0.75,710
9/8/2021,3.16,3.21,3.2,3.15,173462.38,-0.01,-0.31,3.256,3.181,3.108,304118.54,288805.3,220558.4,2.11,711
9/8/2021,16.61,17,16.75,16.51,193041.69,-0.06,-0.36,16.216,15.977,16.189,147010.93,117219.73,116895.62,2.43,712
9/8/2021,9.28,9.8,9.76,9.26,556929.5,0.49,5.29,9.324,9.189,9.433,284976.71,245546.97,271119.45,9.96,713
9/8/2021,4.76,4.84,4.83,4.73,38697.75,0.07,1.47,4.772,4.729,4.711,32317.58,27174.88,32577.9,0.93,715
9/8/2021,3.3,3.38,3.36,3.29,187720.72,0.06,1.82,3.292,3.248,3.201,140277.33,118610.01,102540.51,2.7,716
9/8/2021,5.85,6.01,5.94,5.8,542595.06,0.06,1.02,5.726,5.565,5.297,575242.31,644160.66,563220.08,2.24,717
9/8/2021,5.2,5.4,5.35,5.19,616459.19,0.11,2.1,5.224,5.192,5.402,548358.84,488348.15,569931.79,2.69,718
9/8/2021,6.89,7.02,6.95,6.85,72376.93,0.07,1.02,6.854,6.786,6.703,41010.52,35357.77,29638.05,1.08,719
9/8/2021,4.63,4.85,4.79,4.63,124806.59,0.15,3.23,4.644,4.569,4.441,85669.79,88199.7,77226.44,0.97,720
9/8/2021,4.17,4.21,4.2,4.14,99576.03,0.03,0.72,4.164,4.135,4.067,82236.09,76596.09,61186.37,2.28,721
9/8/2021,7.09,7.4,7.36,7.07,188893.72,0.27,3.81,7.1,6.852,6.64,124442.55,97280.03,68663.54,4.07,722
9/8/2021,12.95,13.48,13.07,12.86,2333167.5,0.12,0.93,12.988,13.52,13.363,2623199.6,3373647.48,4007368.88,5.88,723
9/8/2021,5.78,5.99,5.96,5.77,11311233,0.16,2.76,5.852,5.794,5.754,6425852.3,6177113.85,5375582.81,3.37,725
9/8/2021,5.93,6.01,6,5.9,63011,0.08,1.35,5.878,5.772,5.632,56832.94,55554.44,49027.27,1.12,726
9/8/2021,2.65,2.74,2.71,2.65,789752.56,0.06,2.26,2.638,2.647,2.611,689546.42,572898.48,485085.54,2.31,727
9/8/2021,8.3,8.43,8.29,8.23,498379.69,-0.01,-0.12,8.172,8.01,7.797,537415.83,479363.77,443887.45,1.16,728
9/8/2021,6.8,6.82,6.82,6.76,134228.55,0.04,0.59,6.746,6.695,6.526,127334.22,161627.6,171682.56,0.53,729
9/8/2021,7.81,8.44,8.17,7.81,356259.28,0.38,4.88,7.804,7.702,7.236,256434.73,285962.4,248917.89,6.02,731
9/8/2021,2.17,2.32,2.27,2.16,469858.88,0.1,4.61,2.154,2.084,2.075,354645.34,310817.26,254813.93,1.89,732
9/8/2021,102,102.44,98.1,97.6,96701.5,-4.35,-4.25,100.874,102.575,98.614,96200.25,103615.32,107641.73,1.88,733
9/8/2021,7.09,7.15,7.12,7.07,158721.77,0.03,0.42,7.072,6.928,6.942,166965.32,135580.44,119026.73,1.38,735
9/8/2021,6.2,6.32,6.29,6.15,11918.01,0.09,1.45,6.22,6.173,6.081,14971.85,17674.93,24575.86,0.17,736
9/8/2021,8.75,8.83,8.7,8.55,160249.69,-0.07,-0.8,8.342,8.253,8.074,123583.47,124367.97,112273.31,2.92,737
9/8/2021,26.37,26.48,24.92,24.88,385579.38,-1.47,-5.57,25.266,25.193,24.75,342954.32,376303.57,412676.06,3.37,738
9/8/2021,35.1,35.1,34,33.8,63741.31,-0.51,-1.48,34.2,33.05,32.288,121989,106467.1,143578.23,0.54,739
9/8/2021,4.35,4.48,4.41,4.34,1169903.25,0.04,0.92,4.332,4.239,4.164,1159976.51,931877.49,847488.78,2.15,750
9/8/2021,4.99,5.28,5.27,4.92,1303012.12,0.27,5.4,5.002,5.141,4.687,1001232.31,1428320.06,1404441.69,9.24,751
9/8/2021,5.78,5.8,5.76,5.69,24084.02,-0.05,-0.86,5.882,5.894,6.094,32438.67,30568.93,33908.62,0.91,752
9/8/2021,2.74,2.81,2.81,2.74,105972.54,0.06,2.18,2.748,2.72,2.664,62848.55,56376.05,44930.23,1.07,753
9/8/2021,3.8,3.89,3.88,3.77,83564.72,0.1,2.65,3.756,3.681,3.547,75220.39,70717.53,56049.51,1.78,755
9/8/2021,8.3,8.38,8.35,8.3,24332.87,0.06,0.72,8.236,8.122,8.057,24647.64,20754.72,17864.67,0.56,756
9/8/2021,4,4.08,4.06,3.95,83950.91,0.07,1.75,3.996,3.992,3.934,60128.78,63682.19,49793.69,1.64,757
9/8/2021,6.86,7.02,6.86,6.72,915826.75,-0.03,-0.43,6.79,6.874,6.498,1015925.16,1378542.93,1118292.26,4.65,758
9/8/2021,5.04,5.12,5.11,5.03,25324.99,0.08,1.59,5.022,4.988,4.951,17948.25,15392.75,12357.54,0.37,759
9/8/2021,7.06,7.18,6.91,6.87,1477490.25,-0.5,-6.75,6.844,6.419,5.777,819838.11,720930.19,518813.85,4.24,761
9/8/2021,76.6,81.41,81.41,76.6,813670.38,7.4,10,77.868,74.311,65.521,809394.29,788168.91,815986.19,15.62,762
9/8/2021,4.49,4.55,4.5,4.47,59228,-0.01,-0.22,4.452,4.479,4.656,66576.92,66784.95,71261.19,0.84,766
9/8/2021,3.32,3.51,3.49,3.31,906278.94,0.17,5.12,3.316,3.172,3.072,663212.41,435244.16,303006.71,3.11,767
9/8/2021,29.81,30,29.75,29.32,247582.38,-0.06,-0.2,29.622,30.008,31.073,346549.71,466083.02,558381.1,0.89,768
9/8/2021,23.51,23.97,23.3,23.01,1963240.75,-0.59,-2.47,22.58,21.092,20.322,2546827.95,2117950.18,1923840.51,3.32,776
9/8/2021,12.55,13.39,13.06,12.55,206641.16,0.35,2.75,12.54,11.975,11.671,176409.06,120843.86,84363.53,5.39,777
9/8/2021,4.66,4.76,4.7,4.64,685546.56,0.04,0.86,4.596,4.486,4.301,719199,728595.36,639908.3,1.76,778
9/8/2021,9.1,9.17,9.1,9.09,24098.5,-0.03,-0.33,9.126,9.176,8.921,20511.19,28842.74,18327.06,1.38,779
9/8/2021,9.1,9.35,9.18,9.05,80180.42,0.06,0.66,9.01,8.523,7.817,84824.03,73093.21,65550.86,0.79,780
9/8/2021,4.95,5.27,5.24,4.92,265810.12,0.29,5.86,4.972,4.862,4.736,187772.97,153546.55,174190.64,5.03,782
9/8/2021,8.02,8.2,8.01,7.99,792893.75,-0.06,-0.74,7.976,7.738,7.546,976218.72,774539.84,688893.89,1.43,783
9/8/2021,5.53,5.74,5.69,5.51,189620.5,0.16,2.89,5.548,5.457,5.364,146852.36,122170,102604.87,2.49,785
9/8/2021,37.74,38.18,37.74,37,146607.22,0.01,0.03,36.576,35.317,36.101,173887.15,151147.84,140631.93,0.87,786
9/8/2021,7.11,7.22,7.18,7.07,75445.71,0.07,0.98,7.102,7.077,7.096,61195.81,60290.59,67758.59,1.27,788
9/8/2021,12.98,13.05,12.89,12.78,166568.83,0.01,0.08,12.714,12.328,11.991,211340.09,202090.1,168676.25,2.09,789
9/8/2021,5.19,5.27,5.26,5.16,118960.98,0.08,1.54,5.136,5.125,5.239,116288.5,108931.88,120261.21,1.93,790
9/8/2021,6.23,6.6,6.35,6.18,1301654.12,0.35,5.83,5.798,5.144,4.719,1295793.54,768590.66,512199.85,9.57,791
9/8/2021,37.79,40.15,39.65,37.58,1680602.25,1.38,3.61,39.346,40.019,39.327,1510546.02,1803884.04,2348560.74,3.1,792
9/8/2021,2.56,2.82,2.82,2.55,1237509.25,0.26,10.16,2.562,2.488,2.461,587881.24,431711.33,364945.83,6.31,793
9/8/2021,6.3,6.36,6.3,6.23,304969.03,-0.03,-0.47,6.21,6.215,6.088,473301.2,498032.49,459729.21,2.7,795
9/8/2021,8.08,8.27,8.16,8.01,128905.77,0.15,1.87,7.928,7.812,7.486,105732.49,110013.96,93096.95,1.61,796
9/8/2021,2.9,2.99,2.98,2.89,154765.55,0.08,2.76,2.904,2.859,2.833,118046.51,110654.87,96213.95,0.99,797
9/8/2021,7.86,8.03,8,7.84,91482.93,0.12,1.52,7.978,7.962,7.75,91926.34,119993.23,85345.02,2.86,798
9/8/2021,234,237.8,231.66,228.1,75006.69,-3.34,-1.42,221.784,217.266,213.876,87619.78,90607.6,87589.09,2.31,799
9/8/2021,11.8,11.94,11.75,11.68,372297.91,-0.34,-2.81,11.748,11.467,11.364,359933.93,287361.44,252444.84,2.64,800
9/8/2021,7.92,8.09,7.98,7.8,158564.12,0.09,1.14,7.9,7.879,7.892,165765.58,210656.51,189702.59,1.55,801
9/8/2021,4.73,4.88,4.83,4.67,40359.22,0.07,1.47,4.692,4.508,4.356,38911.9,40342.11,38149.04,0.57,802
9/8/2021,17.4,17.4,16.96,16.83,20907.47,-0.14,-0.82,16.976,16.865,16.16,30229.77,39470.41,34802.79,1.42,803
9/8/2021,2.42,2.52,2.47,2.34,195291.86,0.06,2.49,2.454,2.49,2.535,117128.11,114351.26,142683.52,2.79,806
9/8/2021,17.15,18.9,18.9,16.85,870526.25,1.72,10.01,17.16,17.076,16.178,908225.31,1038064.01,1037076.73,3.09,807
9/8/2021,2.2,2.25,2.25,2.19,89216.17,0.05,2.27,2.19,2.142,2.061,81029.84,84154.64,84044.6,1.08,809
9/8/2021,8.12,8.36,8.36,8.08,146158.31,0.25,3.08,8.004,7.859,7.9,82258.05,71273.27,67156.4,1.43,810
9/8/2021,11.59,12.22,11.8,11.59,212449.92,0.11,0.94,11.714,11.764,12.388,238510.25,241443.61,290014.28,2.85,811
9/8/2021,3.46,3.55,3.54,3.46,198198.28,0.08,2.31,3.48,3.452,3.389,146261.95,147203.77,161432.64,2.58,812
9/8/2021,4.42,4.48,4.41,4.38,221079,0.01,0.23,4.36,4.263,4.233,231642.63,213837.97,234921.03,1,813
9/8/2021,7.05,7.22,7.1,6.95,451771.91,-0.09,-1.25,7.506,7.063,6.153,868510.07,559278.74,312862.2,6.5,815
9/8/2021,3.32,3.32,3.32,3.32,395843.47,0.3,9.93,3.068,3.05,2.992,327028.24,402129.71,354408.43,2.96,816
9/8/2021,30.83,31.6,30.98,30.71,91648.47,0.01,0.03,30.32,31.206,31.831,134697.25,158750.08,154041.68,1.35,818
9/8/2021,7.21,7.42,7.32,7.19,77708.88,0.14,1.95,7.042,7.026,7.013,45977.17,38575.41,40880.13,2.6,819
9/8/2021,4.02,4.1,4.05,3.97,205377.23,-0.05,-1.22,4.202,4.216,3.967,337246.93,297513.61,250933.64,7.14,820
9/8/2021,15.88,15.88,15.43,15.12,252249.28,-0.47,-2.96,15.852,16.224,14.972,392023.71,510655.12,510408.8,5.3,821
9/8/2021,13.41,14.68,14.34,13.41,666979.06,0.94,7.01,12.914,12.4,11.978,546384.17,599213.8,503614.52,7.45,822
9/8/2021,11.71,11.87,11.86,11.62,129774.56,0.17,1.45,11.6,11.591,11.622,97305.22,108512.79,103122.32,2.42,823
9/8/2021,11.25,11.75,11.53,11.14,1854490.5,-0.01,-0.09,10.73,10.053,9.542,2387235.2,2163303.68,1672602.95,3.26,825
9/8/2021,5.05,5.19,5.15,5.05,118054.88,0.1,1.98,5.044,4.933,4.869,102652.59,132794.11,119509.97,0.83,826
9/8/2021,11.38,11.72,11.61,11.35,144016.06,0.12,1.04,11.22,11.043,11.088,118618.25,94856.89,92648.1,1.39,828
9/8/2021,26.31,27.55,26.81,25.6,491417.41,0.52,1.98,25.154,22.698,19.896,515037.44,600002.2,738568.23,4.8,829
9/8/2021,22.87,23.41,23.08,22.5,772534.5,-0.13,-0.56,22.112,21.883,20.635,794531.75,973406.79,767567.23,5.28,830
9/8/2021,46.53,48.1,45.64,45.6,686856.06,-1.64,-3.47,47.114,49.791,49.441,846105.27,856968.66,882953.93,7,831
9/8/2021,9.71,9.77,9.3,9.1,384621,-0.4,-4.12,9.192,8.937,7.685,394683.88,438009.58,415207.17,10.17,833
9/8/2021,2.85,2.91,2.86,2.81,72739.79,0,0,2.958,3.139,3.184,88663.42,75543.5,85581.87,2.4,835
9/8/2021,2.48,2.57,2.55,2.47,388523.09,0.06,2.41,2.488,2.461,2.456,276082.42,281309.9,433255.23,3.22,836
9/8/2021,13.05,13.09,12.46,12.41,419774.62,-0.64,-4.88,13.07,13.175,11.407,552924.82,786831.32,543233.13,6.06,837
9/8/2021,3.2,3.23,3.21,3.17,107656.68,0.01,0.31,3.244,3.255,2.995,119477.64,170145.32,139389.37,1.27,838
9/8/2021,3.13,3.13,3.07,3.05,603178.38,-0.02,-0.65,3.054,2.981,2.767,910063.79,1159388.38,1143919.45,1.54,839
9/8/2021,13.89,14.18,13.45,13.3,349110.44,-0.37,-2.68,13.254,13.041,12.684,497126.48,575333.51,572139.98,3.24,848
9/8/2021,4.02,4.08,4.03,4.01,150678,-0.01,-0.25,3.968,3.849,3.725,143893.28,118953.85,85641.07,1.6,850
9/8/2021,6.14,6.21,6.19,6.1,101161.33,0.06,0.98,6.064,5.97,6.007,120436.66,135477.3,128476.87,1.15,851
9/8/2021,7,7.03,7.03,6.81,542928.19,0.64,10.02,5.922,5.52,5.159,197584.03,153047.14,128804.53,6.98,852
9/8/2021,7.83,8,7.84,7.75,68615.4,-0.04,-0.51,7.788,7.76,7.588,76228.57,57714.51,52345.64,3.02,856
9/8/2021,212,212.71,207.72,206,215536.77,-4.25,-2,207.654,206.752,215.423,327003.59,340873.45,320311.19,0.56,858
9/8/2021,7.11,7.38,7.22,7.1,317670.19,0.12,1.69,7.008,6.898,6.698,289985.28,274224.03,255706.09,3.78,859
9/8/2021,34.11,34.29,33.96,33.61,91859,-0.13,-0.38,33.624,32.854,32.698,137574.49,159139.2,180148.9,1.24,860
9/8/2021,2.17,2.29,2.25,2.16,592538,0.08,3.69,2.156,2.126,2.077,362617.05,322716.9,274646.49,2.73,861
9/8/2021,8.22,8.22,8.22,8.22,152073.64,0.75,10.04,7.302,6.998,6.664,684171.82,489846.39,407165.05,3.03,862
9/8/2021,3.31,3.48,3.46,3.29,152778.91,0.16,4.85,3.28,3.187,3.177,96033.36,84253.11,85717.82,1.28,863
9/8/2021,4.12,4.16,4.14,4.09,131182.41,0.01,0.24,4.094,4.087,4.25,141984.13,154752.17,288739.03,1.79,868
9/8/2021,32.35,32.57,32.43,32.2,25695.55,0.02,0.06,32.214,31.691,31.815,32519.75,29853.47,27878.77,0.57,869
9/8/2021,7.61,7.81,7.57,7.41,2024804.5,0.16,2.16,7.308,6.838,6.502,2347695.27,1860201.65,1403941.2,9.43,875
9/8/2021,11.82,12.03,11.95,11.7,467046.84,0.13,1.1,11.738,11.42,11.638,404516.2,389023.8,342043.41,1.08,876
9/8/2021,16.93,17,16.48,16.33,480924.81,-0.32,-1.91,16.704,15.923,15.294,664810.76,633893.79,524610.63,5.46,877
9/8/2021,15.85,16.75,16.54,15.78,679529.25,0.5,3.12,16.146,15.86,14.884,663084.63,724128.12,677223.03,4.14,878
9/8/2021,8.4,8.58,8.58,8.37,44892.28,0.18,2.14,8.33,8.161,7.888,37472.52,36836.66,30912.89,2.77,880
9/8/2021,10.08,10.48,10.36,10.08,213057.44,0.26,2.57,10.016,9.809,9.842,140981.58,143199.36,103685.23,2.92,881
9/8/2021,1.97,2.02,2.02,1.96,289016.16,0.05,2.54,1.966,1.932,1.89,235598.92,227083.66,205195.13,1.06,882
9/8/2021,4.96,5.25,5.24,4.94,1355056,0.28,5.64,4.95,4.704,4.49,1150115.04,852636.28,714578.19,2.08,883
9/8/2021,9.8,10.01,9.96,9.77,125719,0.16,1.63,9.798,9.675,9.527,89882.04,86047.98,76408.55,1.96,885
9/8/2021,4.4,4.49,4.46,4.4,85860.18,0.04,0.91,4.338,4.254,4.171,85211.04,71479.2,56260.86,0.88,886
9/8/2021,17.88,17.98,17.52,17.44,232590.72,-0.24,-1.35,17.808,17.187,16.171,323124.46,387342.9,308860.77,1.91,887
9/8/2021,6.7,6.82,6.76,6.68,63311.03,-0.02,-0.29,6.634,6.522,6.265,83496.18,80503.24,65713.82,1.2,888
9/8/2021,3.25,3.41,3.38,3.23,283768.12,0.15,4.64,3.222,3.187,3.273,192626.63,170349.17,157049.76,3.26,889
9/8/2021,5.08,5.17,5.16,5.06,20648.16,0.06,1.18,5.106,5.167,5.174,21832.2,25640.38,24669.24,0.54,890
9/8/2021,2.86,3.03,3.02,2.85,227834.08,0.16,5.59,2.876,2.787,2.729,113849.69,103706.64,84244.32,4.26,892
9/8/2021,18.6,20.21,20.18,18.51,228577,1.6,8.61,18.88,19.666,19.524,164191.3,185926.78,173087.09,5.67,893
9/8/2021,25.7,25.91,25.52,25.34,164282.7,-0.2,-0.78,25.348,24.921,25.561,192498.34,188276.35,246959.57,1.1,895
9/8/2021,2.07,2.12,2.11,2.06,178047.56,0.04,1.93,2.058,2.012,1.989,159081.5,117686.93,86737.9,1.1,897
9/8/2021,6.16,6.19,6.02,5.99,2051947.38,-0.14,-2.27,5.766,5.58,5.293,1666495.45,1781956.4,1392285.68,2.58,898
9/8/2021,5.28,5.69,5.64,5.27,274517.81,0.35,6.62,5.364,5.114,4.924,186304.85,119438.28,79602.43,2.81,899
9/8/2021,4.27,4.39,4.37,4.25,139445.41,0.1,2.34,4.264,4.21,4.115,85757.16,75929.5,60915.63,0.92,900
9/8/2021,9.37,9.5,9.49,9.31,173197.42,0.11,1.17,9.4,9.345,9.34,200017.39,227028.71,281482.13,2.17,901
9/8/2021,20.86,21.76,20.72,20.61,331401.88,-0.29,-1.38,21.32,21.016,20.433,487940.13,500462.26,474988.52,2.79,902
9/8/2021,3.79,4.14,4.01,3.77,1064973.5,0.23,6.08,3.77,3.709,3.767,459313.63,388566.23,360422.76,5.4,903
9/8/2021,6.87,6.95,6.93,6.83,58204.6,0.06,0.87,6.844,6.764,6.639,47308.68,43086.71,35474.07,1.1,905
9/8/2021,12.2,12.23,12.18,11.94,56484.31,-0.01,-0.08,11.894,11.444,11.104,74815.33,74649.88,59975.83,0.85,906
9/8/2021,4.14,4.28,4.27,4.13,264072.97,0.12,2.89,4.136,4.075,4.182,182455.39,192176.98,198114.82,3.48,908
9/8/2021,7.04,7.26,7.19,7.03,48709.93,0.14,1.99,7.08,6.981,6.909,34477.61,34158.09,28056.24,1.26,909
9/8/2021,13.67,13.67,13.63,13.5,49066.17,0.01,0.07,13.424,13.246,13.018,59805.76,59823.4,53182.88,0.9,910
9/8/2021,13.96,14.25,13.72,13.66,129096.83,-0.38,-2.69,13.85,12.988,12.258,156755.84,157003.92,193319.65,3.98,911
9/8/2021,5.81,6.22,6.11,5.81,441508.25,0.3,5.16,5.84,5.777,5.411,343691.93,364721.85,320086.06,2.82,912
9/8/2021,15.21,15.88,15.48,15.19,90246.95,0.29,1.91,15.276,15.135,14.842,97290.67,81937.2,68547.55,1.99,913
9/8/2021,29.26,29.37,29.14,28.9,25053.58,-0.12,-0.41,29.224,30.281,31.816,38116.61,44987.29,60429.89,1.07,915
9/8/2021,6.71,6.9,6.83,6.68,399715.09,0.12,1.79,6.9,7.064,6.64,710738.97,650553.84,462909.95,2.82,917
9/8/2021,3.97,4.3,4.3,3.92,398851.53,0.39,9.97,3.858,3.794,3.807,192399.84,140847.64,136683.61,2.21,918
9/8/2021,7.17,7.19,7.17,7.11,61269.12,0.02,0.28,7.02,6.907,6.808,66104.24,55042.34,46386.04,1.22,919
9/8/2021,10.34,11.06,10.82,10.29,241949.77,0.43,4.14,10.402,10.294,9.808,197518.2,241034.65,222981.01,5.74,920
9/8/2021,14.08,14.3,13.98,13.83,42523.81,-0.1,-0.71,13.764,13.542,13.709,57717.26,66538.27,57299.19,0.47,921
9/8/2021,9.9,10.29,9.81,9.67,199503,0.01,0.1,9.686,9.386,8.661,169816.94,237542.13,233520.17,3.43,922
9/8/2021,19.46,20.06,19.85,19.41,190719.52,0.26,1.33,19.378,19.24,18.548,186146.66,199828.12,156644.45,3.04,923
9/8/2021,9.9,9.9,9.59,9.55,176599.16,-0.39,-3.91,9.69,9.519,9.24,176844.55,184589.69,216344.52,3.37,925
9/8/2021,4.51,4.56,4.55,4.49,85146.69,0.05,1.11,4.46,4.358,4.258,96210.85,85165.2,59404.47,0.9,926
9/8/2021,3.73,3.78,3.75,3.71,264348.75,0.01,0.27,3.74,3.618,3.496,384249.89,368754.93,257253.52,1.35,927
9/8/2021,11.7,11.85,11.31,11.21,473558.62,-0.38,-3.25,11.398,11.223,10.35,575853.42,594573.75,487511.46,3.77,928
9/8/2021,8.43,8.66,8.64,8.36,79206.42,0.21,2.49,8.398,8.34,8.546,62706.69,54781.42,54648.87,4.26,929
9/8/2021,9.79,9.88,9.83,9.73,328938.97,0.01,0.1,9.612,9.405,9.111,371959.09,351495.98,273457.29,3.41,930
9/8/2021,8.73,8.75,8.35,8.31,685656.06,-0.49,-5.54,8.138,7.459,6.803,573199.94,397135,213004.69,9.19,931
9/8/2021,8.27,8.45,8.37,8.16,2210662.25,0,0,8.03,7.814,7.684,2358657.92,2219877.54,1571461.72,3.87,932
9/8/2021,13.93,15.42,15.42,13.6,1629669.75,1.4,9.99,14.14,14.123,13.554,1102809.26,1242813.61,1322986.09,7.3,933
9/8/2021,23,23.44,22.68,22.3,269021.94,-0.51,-2.2,24.092,23.646,22.116,488164.84,427499.23,341730.7,3.52,935
9/8/2021,7.38,7.61,7.56,7.33,354522.91,0.19,2.58,7.332,7.215,7.14,308739.4,267172.37,204112.83,4,936
9/8/2021,5.2,5.87,5.87,5.19,1039419.38,0.53,9.93,5.282,5.028,4.66,686984.02,723711.23,605113.23,3.58,937
9/8/2021,24.31,25.55,25.46,24.2,355654.19,1.07,4.39,24.284,24.143,24.949,277915.57,323923.68,390922.45,1.24,938
9/8/2021,12.88,13.19,13.19,12.8,94864.52,0.31,2.41,12.952,12.794,12.474,80465.37,106448.16,93317.38,2.84,948
9/8/2021,7.35,7.56,7.52,7.3,644025.38,0.17,2.31,7.392,7.317,7.283,525395.32,553293.8,517284.32,5.12,949
9/8/2021,5.04,5.11,5.1,5.02,99425.21,0.07,1.39,5.014,4.956,4.952,82211.81,80448.41,65166.55,0.58,950
9/8/2021,26.88,27.64,27.08,26.5,79854.2,0.04,0.15,26.95,26.397,26.879,98936.17,89749.87,75984.15,1.19,951
9/8/2021,8.05,8.08,8.04,7.99,39825.66,0,0,8.022,7.975,7.828,33298.78,31552.62,30216.71,1.29,952
9/8/2021,4.9,5.03,5,4.88,26877.14,0.11,2.25,4.858,4.811,4.722,23087.6,23617.79,21213.84,0.84,953
9/8/2021,4.71,4.83,4.76,4.68,102503.65,0.06,1.28,4.654,4.545,4.569,93552.93,84479.5,79001.46,1.91,955
9/8/2021,5.5,5.59,5.58,5.46,58431.35,0.1,1.82,5.504,5.505,5.549,41066.19,42789.68,60732.2,0.99,957
9/8/2021,4.9,5.12,5.08,4.88,561574.88,0.2,4.1,4.92,4.715,4.531,493877.65,366476.53,263248.62,5.1,958
0,,,,,,,,,,,,,,,959
9/8/2021,22.28,22.49,21.9,21.66,927170.88,-0.42,-1.88,22.828,22.693,20.189,906535.41,1086357.76,840889.91,5.56,960
9/8/2021,4.84,4.94,4.9,4.82,380761.84,0.04,0.82,4.884,4.813,4.954,386159.58,495317.42,416854.16,1,961
9/8/2021,16.48,16.5,15.92,15.7,153594.14,-0.55,-3.34,16.042,16.527,16.081,193350.52,201697.84,232082.25,3.48,962
9/8/2021,31.98,32.18,31.62,31.56,156012.41,-0.36,-1.13,31.466,31.381,34.208,214074.69,300410.83,337046.27,0.89,963
9/8/2021,2.45,2.54,2.53,2.45,119191.16,0.07,2.85,2.46,2.411,2.369,72642.24,63041.72,48127.8,1.07,965
9/8/2021,8.58,9.39,9.39,8.58,647932.06,0.85,9.95,8.736,8.511,8.888,659040.24,559316.58,477726.83,5.85,966
9/8/2021,6.49,6.58,6.56,6.48,101756.13,0.06,0.92,6.5,6.358,6.326,109137.73,135497.25,116509.47,0.5,967
9/8/2021,9.77,10.81,10.81,9.69,349705.44,0.98,9.97,9.758,9.237,8.098,304824.73,304490.75,240468.57,3.61,968
9/8/2021,10.77,11.07,10.71,10.53,338738.31,-0.04,-0.37,10.724,11.021,10.874,349633.63,415241.39,464580.83,3.39,969
9/8/2021,12.36,12.46,12.17,12.1,419723.69,-0.2,-1.62,12.03,12.22,12.227,712511.76,680249.55,618359.21,3.94,970
9/8/2021,2.32,2.39,2.37,2.32,83002.9,0.05,2.15,2.376,2.391,2.345,85536.96,94322.76,69964.78,1.03,971
9/8/2021,2.2,2.28,2.28,2.15,104212.25,0.11,5.07,2.132,2.065,2.038,89988.08,67379.71,53920.63,1.35,972
9/8/2021,5.32,5.4,5.35,5.25,344882.97,0.06,1.13,5.198,5.139,5.065,367897.15,327736.92,279177.32,3.57,973
9/8/2021,8.73,9.07,9.05,8.69,451631.75,0.19,2.14,8.842,8.798,8.837,329530.36,344616.78,301444.09,1.84,975
9/8/2021,5.71,5.76,5.72,5.65,142797.3,0.01,0.17,5.658,5.518,5.49,194570.24,170933.16,160673.43,0.9,976
9/8/2021,30.23,31.29,31.05,29.88,466108.75,0.83,2.75,30.14,30.057,30.433,291393.2,354715.22,351990.49,3.21,977
9/8/2021,6.29,6.39,6.23,6.16,103017,0.04,0.65,6.158,6.122,5.635,120627.06,154812.49,122399.07,2.86,978
9/8/2021,7.59,7.67,7.48,7.44,270696.53,-0.23,-2.98,7.656,7.842,7.944,300587.81,345814.13,381896.25,2.17,980
9/8/2021,2.65,2.75,2.67,2.63,156556.31,0.03,1.14,2.634,2.583,2.372,259241.66,306706.38,255627.23,0.61,981
9/8/2021,2.49,2.59,2.55,2.45,1403536,0.07,2.82,2.504,2.508,2.385,1282479.91,1994320.73,1412480.12,3.29,982
9/8/2021,13.88,15.24,15.22,13.88,1928218.88,1.37,9.89,13.226,12.078,10.456,1661282.55,1549720.15,1542145.92,4.71,983
9/8/2021,12.72,12.85,12.8,12.66,19069.43,0.05,0.39,12.572,12.458,12.109,18552.06,23429.33,17020.98,1.47,985
9/8/2021,9.21,9.36,9.14,9.11,361691.84,-0.07,-0.76,8.984,8.712,10.003,367793.5,300471.09,245961.17,1,987
9/8/2021,27,28.11,27.81,26.86,238710.72,0.89,3.31,26.778,26.818,27.567,155216.07,154296.02,196116.74,2.38,988
9/8/2021,9.32,9.57,9.47,9.29,140861.94,0.13,1.39,9.232,9.09,9.076,119562.81,101662.51,117777.14,2.29,989
9/8/2021,17.24,17.57,17.45,16.8,190725.14,0.22,1.28,17.234,17.276,17.312,279983.69,247461.24,193170.05,1.52,990
9/8/2021,10.25,10.7,10.68,10.25,466626.31,0.57,5.64,10.092,9.45,9.205,369625.56,269286.95,193704.52,10.61,993
9/8/2021,28.52,28.8,28.4,27.74,208340.02,-0.1,-0.35,28.158,26.972,27.155,294151.29,252662.75,245173.18,11.74,995
9/8/2021,9.28,9.42,9.27,9.22,90553.18,-0.02,-0.21,9.188,8.873,8.793,130270.58,92165.17,71722.86,2.62,996
9/8/2021,17.11,17.16,16.74,16.73,226242.16,-0.43,-2.5,16.98,16.644,16.33,242556.46,224292.52,202509.1,2.21,997
9/8/2021,20.8,23,22.76,20.76,793464.56,1.83,8.74,21.62,20.891,20.776,601847.33,522217.51,527378.15,7.47,998
9/8/2021,28.57,28.67,28.36,28,56167.17,0.02,0.07,28.274,27.997,26.396,77445.35,99404.73,88996.66,0.57,999
9/8/2021,36.5,36.5,36.08,35.91,11017.41,0.09,0.25,35.602,35.291,35.771,11308.42,10525.24,10375.48,2.48,1201
9/8/2021,17.41,17.6,17.56,17.41,11680.13,0.07,0.4,17.334,17.178,17.759,11755.56,12517.35,22563.08,3.62,1202
9/8/2021,19.64,20.75,20.39,19.63,261693.88,0.55,2.77,19.85,20.017,19.264,249626.31,290811.45,223545.01,11.95,1203
9/8/2021,24.4,24.88,24.63,24.1,22168.82,0.15,0.61,23.806,23.906,24.35,16497.75,19358.86,26411.26,7.37,1205
9/8/2021,48.95,49.93,49.74,48.95,11228.1,0.79,1.61,48.568,48.356,50.935,9347.1,11006.63,16718.45,4.76,1206
9/8/2021,23.88,24.31,24.24,23.71,41903.44,0.22,0.92,24.108,24.845,26.05,46680.34,79003.11,111654.6,9.21,1207
9/8/2021,17.7,18.49,17.59,17.54,534822.62,-1.37,-7.23,19.028,18.884,19.469,537375.39,543341.45,553056.98,40.03,1208
9/8/2021,28.11,28.57,28.44,28.02,12572.1,0.25,0.89,28.164,28.314,29.812,10890.72,12773.74,22886.85,5.35,1209
9/8/2021,35.88,37.55,36.98,35.7,29525.87,1.03,2.87,35.914,35.926,37.82,20014.37,21840.55,35686.55,13.01,1210
9/8/2021,33.59,33.95,33.54,33.02,13064.7,0.29,0.87,32.974,33.272,35.135,11998.19,15217.3,22749.51,7.26,1211
9/8/2021,34.96,36.99,36.24,34.9,34803.28,1.06,3.01,35.39,36.608,37.814,23693.08,43542.24,47420.82,15.35,1212
9/8/2021,7.38,7.48,7.48,7.33,156463.48,0.1,1.35,7.388,7.444,7.758,140305.51,209868.2,258424.41,1.78,1696
9/8/2021,17.24,17.54,17.4,17.02,35942.9,0.15,0.87,17.012,16.544,15.84,38352.01,37838.2,26973.98,0.61,1872
9/8/2021,7.49,7.94,7.64,7.49,906143.19,0.2,2.69,7.306,6.827,6.847,788339.89,494056.14,376397.84,7.88,1896
9/8/2021,13.65,14.13,13.95,13.52,73956.54,0.45,3.33,13.33,13.005,13.129,67159.16,67712.63,75249.98,1.11,1914
9/8/2021,7.67,7.67,7.64,7.55,41649.56,0.05,0.66,7.53,7.509,7.305,51370.72,54277.7,58007.43,0.22,1965
9/8/2021,10.6,10.6,10.46,10.39,295094.12,-0.18,-1.69,10.474,10.265,10.207,354971.63,332151.2,275528.44,0.37,1979
9/8/2021,30.49,30.49,29.89,29.75,214101.12,-0.52,-1.71,30.218,29.672,28.924,281425.84,276268.74,409983.28,0.84,2001
9/8/2021,6.42,6.82,6.68,6.33,3203776.75,0.25,3.89,6.272,6.146,5.85,2618096.32,2939639.64,3011455.9,10.66,2002
9/8/2021,9.11,9.5,9.2,9.1,86523.92,0.08,0.88,8.914,8.662,8.532,73868.16,92038.02,87491.18,1.34,2003
9/8/2021,7.74,8.18,8.14,7.63,2440835,0.7,9.41,6.974,6.447,6.078,1306861.95,819281.53,526171.15,13.33,2004
9/8/2021,1.77,1.79,1.78,1.76,142124.81,0.01,0.56,1.768,1.744,1.735,221225.51,177277.71,162574.25,0.85,2005
9/8/2021,21.95,22.05,20.87,20.58,352356.25,-0.89,-4.09,19.484,18.169,16.847,390326.31,380455.6,368065.79,7.74,2006
9/8/2021,30.13,30.3,29.82,29.8,146173.14,-0.31,-1.03,29.976,30.583,33.488,149960.01,220129.41,167541.62,0.93,2007
9/8/2021,44.37,44.7,43.49,43.1,284340.97,-1.26,-2.82,43.72,44.11,42.748,272511.32,356274.76,460638.03,2.86,2008
9/8/2021,16.7,17,16.37,16.22,162363.12,-0.35,-2.09,16.046,16.517,16.915,204213.19,281901.05,295006.79,4.39,2009
9/8/2021,8.79,8.9,8.77,8.67,319671,-0.02,-0.23,8.886,8.617,8.195,803300.51,624249.84,424004.33,1.09,2010
9/8/2021,7.71,7.84,7.47,7.45,272997.19,-0.25,-3.24,7.436,7.218,6.753,289837.73,263651.47,275956.72,2.98,2011
9/8/2021,6.79,6.93,6.66,6.63,350484,-0.13,-1.92,6.564,6.401,6.319,485708.81,407888.55,307277.26,7.51,2012
9/8/2021,14.38,14.65,14.4,14.1,547419.81,-0.03,-0.21,13.788,13.605,12.537,853525.14,1079200.73,923962.3,1.41,2013
9/8/2021,8,8.22,8.2,7.98,30519.37,0.19,2.37,7.952,7.841,7.814,21196.58,17761.27,16470.3,0.61,2014
9/8/2021,15.68,15.68,14.73,14.65,362092.72,-0.74,-4.78,15.414,15.311,14.254,368032.72,423386.19,506195.21,7.06,2015
9/8/2021,5.77,5.81,5.81,5.76,32931.39,0.04,0.69,5.818,5.798,5.877,65353.23,47308.29,35888.57,0.48,2016
9/8/2021,10.47,10.66,10.6,10.4,67601.93,0.08,0.76,10.418,10.263,10.25,60678.8,55870.24,58755.22,1.52,2017
9/8/2021,17.95,17.98,17.55,17.29,153271.06,-0.11,-0.62,17.21,16.299,15.709,189883.58,139390.53,115712.31,1.8,2019
9/8/2021,8.27,8.36,8.35,8.24,73122.07,0.08,0.97,8.174,8.029,7.944,68148.43,63599.78,54221.05,1.04,2020
9/8/2021,2.13,2.17,2.15,2.11,113948.13,0.02,0.94,2.116,2.114,2.069,97876.11,120934.68,104390.01,1.66,2021
9/8/2021,13.6,13.86,13.81,13.55,99603.2,0.23,1.69,13.512,13.358,13.503,80847.95,81722.06,82550.2,1.94,2022
9/8/2021,16,16.24,16.08,15.77,466517.84,-0.01,-0.06,15.432,15.359,15.439,321866.12,339567.06,355325.15,6.82,2023
9/8/2021,5.45,5.64,5.58,5.42,423948.97,0.13,2.38,5.44,5.364,5.385,276298.26,246974.46,229824.37,0.55,2024
9/8/2021,66.88,67.23,64.06,63.41,43844.09,-3.05,-4.54,63.886,65.205,65.466,50601.84,53098.83,62820.59,1.02,2025
9/8/2021,14.8,16.3,15.97,14.71,419634.12,1.03,6.89,15.36,15.129,14.562,318642.64,324522.94,298277.44,9.92,2026
9/8/2021,7.46,7.68,7.49,7.43,1783362.38,0.05,0.67,7.326,7.343,7.476,1543158.38,1796054.78,1546649.44,1.21,2027
9/8/2021,38.5,40.2,39.25,38.01,260351.52,0.75,1.95,36.786,34.486,32.954,323615.48,232868.83,201958.51,4.41,2028
9/8/2021,6.36,6.43,6.39,6.36,54337.25,0.04,0.63,6.31,6.204,6.149,49798.78,50140.79,50943.02,0.75,2029
9/8/2021,19.7,19.86,19.66,19.58,195986.69,-0.13,-0.66,19.444,19.3,19.718,246877.01,247146.1,283911.44,1.43,2030
9/8/2021,2.16,2.25,2.25,2.14,647595.62,0.09,4.17,2.176,2.182,2.201,459745.67,494957.76,525231.1,3.48,2031
9/8/2021,49.4,50.16,50.02,49.36,10572.25,0.29,0.58,49.394,49.59,51.302,14220.72,15993.1,13863.61,0.17,2032
9/8/2021,6.51,6.53,6.46,6.42,61184.23,-0.01,-0.15,6.436,6.418,6.182,60095.89,59792.11,51947.99,1.11,2033
9/8/2021,18.24,18.83,18.72,18.2,57107.68,0.46,2.52,18.344,18.003,17.532,48630.58,50583.51,46344.94,1.37,2034
9/8/2021,7.75,7.96,7.77,7.74,259313.48,0.09,1.17,7.664,7.51,7.447,205403.48,192894.38,160331.28,3.31,2035
9/8/2021,16.35,17.17,17.17,16.3,354009.16,0.79,4.82,16.242,16.556,17.116,275503.13,346712.96,382277.52,3.38,2036
9/8/2021,6.82,7.06,6.97,6.8,54758.59,0.16,2.35,6.814,6.734,6.584,43624.43,44033.81,34444.43,1.67,2037
9/8/2021,10.11,10.27,10.24,10.09,99404.95,0.13,1.29,10.058,9.848,9.617,114953.42,101605.49,81758.04,1.17,2038
9/8/2021,18.1,19.42,19.42,18.1,195405.95,1.77,10.03,16.896,15.748,14.772,130944.52,83538.98,53402.45,6.4,2039
9/8/2021,6.23,6.33,6.29,6.22,49628.77,0.05,0.8,6.212,6.13,6.012,57287.28,45538.03,32678.29,1.03,2040
9/8/2021,19,20.28,19.88,18.85,349880.88,0.85,4.47,18.902,18.583,18.516,258768.29,212234.85,211886.32,3.98,2041
9/8/2021,5.45,5.53,5.34,5.32,430861.97,-0.22,-3.96,5.464,5.277,5.147,457180.43,304937.59,219615.63,2.84,2042
9/8/2021,10.75,11.24,11.2,10.75,170924.09,0.45,4.19,10.782,10.636,10.806,126967.65,110896.85,126027.48,2.47,2043
9/8/2021,7.69,8.35,8.24,7.65,1493026.12,0.58,7.57,7.676,7.463,7.548,676944.48,588783.12,502315.37,3.89,2044
9/8/2021,13.44,14.65,14.65,13.44,498398.25,1.33,9.98,13.262,13.277,12.999,208596.41,214712.5,176673.23,10.66,2045
9/8/2021,11.76,12.27,11.73,11.65,197169.44,-0.03,-0.26,11.598,11.606,11.143,160484.83,188786.89,199260.62,3.76,2046
9/8/2021,3.23,3.35,3.32,3.22,262099.19,0.1,3.11,3.194,3.103,3.059,204575.53,163347.01,123150.2,1.96,2047
9/8/2021,22.52,22.85,22.49,22.36,101678.45,-0.07,-0.31,22.594,22.318,21.201,148477.12,235944.81,170472.12,1.82,2048
9/8/2021,220.66,222.4,215.15,212.51,81268.19,-5.73,-2.59,218.584,223.264,213.685,94122.72,111008.05,120935.71,1.34,2049
9/8/2021,26.61,26.8,26.57,26.18,191396.14,-0.03,-0.11,26.212,25.73,25.092,274081.33,270588.73,321104.79,0.54,2050
9/8/2021,7.37,8.08,7.81,7.33,311058.5,0.44,5.97,7.39,7.152,6.949,184316.55,150924.84,125261.01,2.8,2051
9/8/2021,2.36,2.42,2.35,2.29,186618,0.01,0.43,2.436,2.343,2.104,241760.5,230129.45,166820.3,2.5,2052
9/8/2021,10.6,11.49,11.12,10.2,202210.41,0.51,4.81,10.05,9.574,9.192,143041.79,104016.73,88892.19,3.62,2053
9/8/2021,10.17,10.55,10.39,10,125243.87,0.26,2.57,10.072,10.069,9.907,99410.8,99700.94,78266.45,3.44,2054
9/8/2021,10.51,10.82,10.69,10.48,77511.76,0.18,1.71,10.528,10.416,10.562,61163.4,58962.46,59912.11,1.71,2055
9/8/2021,16.67,16.7,16.39,16.3,499435.69,-0.18,-1.09,16.096,15.878,15.595,655119.1,590348.19,495887.54,3.11,2056
9/8/2021,8.93,9.25,9.08,8.86,445118.62,0.2,2.25,8.61,8.726,8.51,375811.96,439532.27,377012.94,7.74,2057
9/8/2021,8.45,8.65,8.56,8.36,5559.75,0.1,1.18,8.406,8.478,8.491,5324.25,6455.79,8554.03,0.39,2058
9/8/2021,5.46,5.52,5.48,5.44,56211.02,0.04,0.73,5.398,5.355,5.163,59831.38,61733.4,51476.27,0.77,2059
9/8/2021,4.66,5.14,5.14,4.65,1137282.62,0.47,10.06,4.68,4.355,4.229,989529.42,807880.45,766809.63,9.46,2060
9/8/2021,5.53,5.57,5.54,5.5,107716.07,0.02,0.36,5.492,5.388,5.273,132340.25,109285.26,94796.95,0.78,2061
9/8/2021,4.28,4.45,4.36,4.27,176934.22,0.09,2.11,4.29,4.175,4.131,177477.57,122199.1,101304.15,1.83,2062
9/8/2021,7.4,7.7,7.51,7.4,442906.41,0.16,2.18,7.248,7.034,7.08,268924.05,204484.01,167110.02,3.63,2063
9/8/2021,13.95,14.74,14.5,13.85,580143.5,0.55,3.94,14.108,13.75,13.197,525395.91,604858.64,472006.34,2.97,2064
9/8/2021,7.95,8.07,7.9,7.86,325640.75,0.03,0.38,7.858,7.64,7.35,357645.56,413105.62,287104.06,1.16,2065
9/8/2021,10.56,10.84,10.67,10.56,46652.62,0.11,1.04,10.492,10.381,10.157,47111.22,45170.68,37602.06,2.02,2066
9/8/2021,3.9,4.07,4.06,3.9,494886.56,0.15,3.84,3.896,3.818,3.724,264059.25,258402.58,186249.55,4.77,2067
9/8/2021,8.34,8.81,8.6,8.27,644656.94,0.23,2.75,8.342,8.32,8.046,499345.54,555411.24,450645.47,8.87,2068
9/8/2021,3.04,3.14,3.11,3.04,105073.46,0.07,2.3,3.044,3.025,2.982,64640.67,73861.94,76747.66,1.53,2069
9/8/2021,6.06,6.37,6.21,6.03,51900.01,0.14,2.31,6.038,5.888,5.781,34856.18,28857.59,25071.66,2.95,2072
9/8/2021,5.85,5.92,5.88,5.81,156331.88,0.02,0.34,5.798,5.773,5.536,187076.06,275516.94,237507.98,1.67,2073
9/8/2021,56.4,57.31,55.68,54.9,492094.88,-0.43,-0.77,54.256,53.552,53.548,584038.34,645185.01,594850.68,4.18,2074
9/8/2021,7.59,8.09,7.93,7.52,1505118.5,0.35,4.62,7.532,7.402,7.233,961958.69,968320.65,788562.8,6.82,2075
9/8/2021,2.1,2.12,2.11,2.07,128267.12,0,0,2.108,2.117,2.165,133436.97,140792.8,164728.37,1.72,2076
9/8/2021,8.31,8.68,8.56,8.26,262840.88,0.2,2.39,8.352,8.27,8.17,206073.03,219009.53,237632.6,4.83,2077
9/8/2021,13.42,14.24,14.05,13.25,726614.5,0.63,4.69,13.304,12.678,12.268,588296.69,586975.06,415313.77,2.78,2078
9/8/2021,18.44,18.95,18.16,17.93,1018340.19,-0.54,-2.89,17.61,16.789,15.432,1027815.24,991063.72,831617.51,14.01,2079
9/8/2021,35.75,36.89,36.58,35.38,469835.56,0.66,1.84,34.076,31.701,30.118,635370.92,522545.5,478068.54,2.8,2080
9/8/2021,7.14,7.22,7.18,7.12,310606.41,0.05,0.7,7.138,7.09,7.051,344503.15,292639.87,223115.5,1.18,2081
9/8/2021,10.75,10.98,10.89,10.72,30706.49,0.17,1.59,10.688,10.716,10.71,25409.75,22252.61,20777.44,1.29,2082
9/8/2021,4.28,4.29,4.28,4.24,84606.25,0.01,0.23,4.226,4.166,4.099,76111.37,70519.87,60342.18,0.93,2083
9/8/2021,5.84,5.94,5.91,5.83,87821.88,0.03,0.51,5.818,5.691,5.78,94204.93,100320.54,128469.07,1.46,2084
9/8/2021,5.57,5.64,5.6,5.55,240633,0.03,0.54,5.518,5.379,5.313,241016.61,224379.88,207034.78,1.1,2085
9/8/2021,1.82,1.83,1.82,1.8,92866.06,0,0,1.812,1.776,1.749,99752.39,107921.88,86843.41,1.48,2086
9/8/2021,3.47,3.54,3.53,3.46,134369.69,0.06,1.73,3.46,3.41,3.364,100232.99,90738.78,87130.4,1.65,2087
9/8/2021,27.08,27.47,26.58,26.42,33947.7,-0.49,-1.81,26.83,27.12,26.529,39690.41,45355.67,39392.59,1.06,2088
9/8/2021,2.75,2.86,2.72,2.72,449788.62,-0.14,-4.89,2.738,2.555,2.539,318457.45,230336.7,187361.46,3.8,2089
9/8/2021,9.79,9.88,9.85,9.72,43393.42,0.09,0.92,9.76,9.644,9.725,67184.63,67131.56,70106.68,1.09,2090
9/8/2021,14.49,15.33,14.95,14.15,832319.19,0.98,7.01,13.55,13.782,13.23,428650.33,510675.14,545941.19,5.5,2091
9/8/2021,15.2,16.52,16.52,15.2,1364782.75,1.5,9.99,14.886,13.756,12.736,1590550.1,1662194.58,1372852.26,6.36,2092
9/8/2021,6.02,6.05,6.04,5.97,99516.06,0.04,0.67,5.966,5.889,5.84,91030.38,94612.35,96684.18,0.99,2093
9/8/2021,4.33,4.45,4.43,4.31,267138.97,0.07,1.61,4.614,4.86,5.027,325257.64,297154.98,227933.36,3.87,2094
9/8/2021,13.55,14.35,13.88,13.4,56130.36,0.52,3.89,13.274,13.05,12.872,26980.86,21319.76,16945.62,2.23,2095
9/8/2021,8.01,8.58,8.26,7.95,109685.57,0.25,3.12,8.002,7.852,7.723,57718.21,46340.69,37496.39,2.96,2096
9/8/2021,11.69,11.7,11.2,11.12,568290.75,-0.45,-3.86,11.692,11.431,10.979,535686.68,592648.21,577874.07,5.83,2097
9/8/2021,6.95,7.02,6.94,6.85,50120.02,-0.01,-0.14,6.878,6.86,6.835,48071.52,53752.81,64510.1,1.4,2098
9/8/2021,7.71,8.09,8.03,7.65,214705.08,0.3,3.88,7.9,8.13,8.564,215132.87,173647.82,186472.7,1.33,2099
9/8/2021,7.7,7.74,7.71,7.64,124125.32,0.02,0.26,7.62,7.467,7.51,112796.24,95671.12,81865.94,1.15,2100
9/8/2021,8.7,8.79,8.5,8.45,150677.84,-0.3,-3.41,8.654,8.452,8.379,145771.46,109501.82,101244.39,2.85,2101
9/8/2021,3.14,3.14,3.09,3.07,152203,-0.02,-0.64,3.086,3.063,3.113,152669.72,207553.61,307517.28,0.77,2102
9/8/2021,4.62,4.75,4.67,4.58,210208.28,0,0,4.684,4.489,4.345,240111.22,160861.77,121462.36,4.99,2103
9/8/2021,6.11,6.2,6.17,6.04,139047.06,0.04,0.65,6.188,5.955,5.708,228473.7,172978.06,121420.83,2.36,2104
9/8/2021,8.83,9.23,9.12,8.79,97579.11,0.23,2.59,8.818,8.61,8.488,88916.3,70133.05,60858.01,2.65,2105
9/8/2021,10.53,10.82,10.77,10.52,187472.95,0.25,2.38,10.492,10.38,10.173,136799.85,148771.58,122334.73,2.66,2106
9/8/2021,6.94,7.11,7.06,6.92,50060.29,0.12,1.73,6.934,6.844,6.838,33593.93,27259.38,27862.92,0.89,2107
9/8/2021,8.59,8.72,8.5,8.42,424118.47,-0.08,-0.93,8.38,8.62,8.949,534277.95,731658.15,700894.34,2.99,2108
9/8/2021,6.81,7.1,6.95,6.79,286886.81,0.11,1.61,6.908,7.016,6.687,288525.98,379402.35,456281.42,2.72,2109
9/8/2021,10.51,10.59,10.49,10.35,414094.53,-0.17,-1.59,10.248,9.89,9.471,415616.04,448373.9,480482.14,1.69,2110
9/8/2021,15.12,15.25,14.95,14.88,64982.68,-0.19,-1.25,14.892,14.986,14.931,80771.66,90219.65,98449.57,1.38,2111
9/8/2021,8.82,8.93,8.61,8.59,218296.16,-0.17,-1.94,8.6,8.136,7.899,264825.42,153315.21,92638.32,10.98,2112
9/8/2021,1.58,1.66,1.64,1.56,474119.59,0.06,3.8,1.596,1.601,1.538,317321.76,298773.53,250813.89,4.92,2113
9/8/2021,9.74,9.82,9.75,9.56,215795.81,0.03,0.31,9.718,9.75,8.986,260545.48,384867.41,384373.52,6.67,2114
9/8/2021,5.41,5.62,5.6,5.4,204670.38,0.19,3.51,5.426,5.372,5.289,114334.71,100660.08,86595.02,3.55,2115
9/8/2021,6.9,7,6.92,6.75,38310.29,0.04,0.58,6.762,6.539,6.27,43235.85,42654.87,26568.73,0.92,2116
9/8/2021,7.88,8.15,8.07,7.88,93733.47,0.18,2.28,7.898,7.825,7.581,71125.5,77267.6,55341.8,1.72,2117
9/8/2021,2.65,2.93,2.85,2.64,763131.62,0.19,7.14,2.646,2.589,2.548,313469.57,239739.89,176918.6,5.96,2118
9/8/2021,16.19,16.44,16.23,15.88,137278.27,0.04,0.25,16.034,16.137,16.918,135099.93,187208.7,207309.22,3.74,2119
9/8/2021,17.68,18.2,17.6,17.03,225601.36,-0.2,-1.12,17.764,16.749,15.549,390409.47,369613.13,289011.59,0.8,2120
9/8/2021,5.86,6.07,6.02,5.8,254493,0.18,3.08,5.908,5.905,6.258,284150.39,356491.14,411050.87,2.57,2121
9/8/2021,3.4,3.42,3.39,3.36,118857.44,0,0,3.436,3.504,3.297,180591.96,284201.95,264879.91,1,2122
9/8/2021,19.15,19.4,19.21,18.88,147584.59,-0.05,-0.26,19.386,20.341,21.122,178391.36,195823.94,211923.45,2.21,2123
9/8/2021,5.8,5.88,5.87,5.77,372328.03,0.06,1.03,5.73,5.622,5.717,331916.77,300133.12,287849.34,2.42,2124
9/8/2021,13.3,14.05,14.05,13.3,1292309.5,1.28,10.02,12.494,12.623,11.996,578248.59,634958.52,545208.28,21.78,2125
9/8/2021,11.6,11.6,11.43,11.2,148474.98,-0.06,-0.52,11.288,11.16,11.239,161137.07,161093.03,174931.39,1.95,2126
9/8/2021,7.99,8.19,8.16,7.98,503706.09,0.13,1.62,7.986,8.207,8.809,435814.47,544652.47,494297.85,2.57,2127
9/8/2021,14.2,15.87,15.71,14.1,767135.44,1.28,8.87,14.214,13.602,12.539,523421.57,601752.49,555011.61,4.34,2128
9/8/2021,50,50.48,47.38,47.27,605820.25,-2.12,-4.28,49.322,50.844,49.177,556987.15,613285.14,595807,2,2129
9/8/2021,8.64,8.95,8.91,8.5,535041.44,0.26,3.01,8.808,8.717,8.544,626513.07,644261.13,650149.53,4.29,2130
9/8/2021,2.73,2.9,2.82,2.71,3471478.5,0.09,3.3,2.71,2.587,2.468,3039174.55,2773782.06,1825593.95,5.98,2131
9/8/2021,5.57,5.69,5.48,5.39,910603.25,-0.14,-2.49,5.568,5.676,5.124,1105731.55,1673689.2,1548898.5,7.26,2132
9/8/2021,3.21,3.28,3.28,3.18,116624.24,0.08,2.5,3.168,3.093,2.985,102433.97,114030.66,78345.58,1.51,2133
9/8/2021,9.13,9.19,9.16,9.04,22225.5,0.01,0.11,9.05,9.097,8.816,38835.23,42964.05,36435.68,0.9,2134
9/8/2021,12.28,12.85,11.59,11.45,792631.19,-0.31,-2.6,12.282,11.607,9.717,625154.78,816900.07,490244.05,8.23,2135
9/8/2021,22.44,22.98,21.86,21.82,144307.91,-0.56,-2.5,22.414,22.824,21.222,189672.62,226316.63,215513.48,6.73,2136
9/8/2021,6.08,6.18,6.17,6.06,102217.03,0.1,1.65,6.058,5.945,5.947,99168.14,82904.03,95289.05,2.62,2137
9/8/2021,36.15,36.6,36.53,35.65,109129.8,0.5,1.39,35.828,35.909,36.424,110908.37,117417.2,119738.47,1.54,2138
9/8/2021,14.43,14.58,14.35,14.32,151619.66,-0.07,-0.48,14.336,14.506,15.003,179132.72,209943.46,236768.05,1.59,2139
9/8/2021,11.29,11.88,11.88,11.23,261602.84,0.49,4.3,11.372,11.664,12.682,207975.69,226051.07,300105.48,4.91,2140
9/8/2021,5.9,6.2,6.03,5.85,389687.47,0.13,2.2,5.894,5.94,5.521,402214.99,493491.36,479948.03,3.43,2141
9/8/2021,34.99,35.6,35,34.68,230840.12,-0.1,-0.28,34.824,33.701,34.392,327960.85,361931.52,363903.77,0.39,2142
9/8/2021,10.5,10.76,10.69,10.5,43953.23,0.14,1.33,10.384,10.281,10.152,36752.39,37345.24,39994.47,3.17,2144
9/8/2021,17.04,17.15,16.64,16.54,347655.56,-0.29,-1.71,17.078,18.107,18.475,402113.92,489436.55,468434.77,2.19,2145
9/8/2021,5.08,5.14,5.12,5.06,212288,0.05,0.99,5.024,4.896,4.95,244309.64,249198.06,225505.71,0.55,2146
9/8/2021,5,5.05,4.94,4.88,91326.77,-0.06,-1.2,4.938,4.99,5.004,120122.67,132386.76,140474.6,1.71,2147
9/8/2021,4.85,5,4.96,4.81,249013.84,0.07,1.43,4.728,4.622,4.577,179046.47,138865.18,99436.36,5.41,2148
9/8/2021,21.61,21.66,21,20.61,251366.98,-0.6,-2.78,21.252,22.231,21.579,320352.66,438886.08,517697.04,5.15,2149
9/8/2021,5.91,5.97,5.95,5.9,20102.99,0.04,0.68,5.88,5.846,5.755,15935.13,17066.55,15362.43,0.57,2150
9/8/2021,42.76,42.92,42.45,42.12,75609.95,-0.31,-0.72,42.364,42.701,44.141,79086.48,108405.62,125128.19,1.85,2151
9/8/2021,10.97,10.99,10.78,10.72,299415.84,-0.13,-1.19,10.77,10.591,10.422,279862.9,302094.56,278796.82,1.24,2152
9/8/2021,18.9,19.23,18.63,18.59,100961.46,-0.33,-1.74,18.762,18.092,18.241,135515.29,108882.58,79976.7,1.15,2153
9/8/2021,6.49,6.5,6.32,6.29,297996.81,-0.17,-2.62,6.372,6.318,6.169,279322.75,336042.03,401429.95,2.68,2154
9/8/2021,13.82,14.05,13.47,13.26,774487.38,-0.34,-2.46,13.744,13.764,13.082,824210.09,967853.48,1192821.16,6.44,2155
9/8/2021,20.33,20.61,20.6,20.24,274199.31,0.28,1.38,20.274,20.302,20.391,241740.61,244086.14,264449.03,2.06,2156
9/8/2021,8.92,9.09,8.95,8.88,254967.72,0.01,0.11,8.834,8.764,9.059,259440.14,267710.27,249064.17,1.11,2157
9/8/2021,27.47,27.78,26.64,26.54,69946.66,-0.7,-2.56,26.874,26.495,25.102,89766.39,93653.75,102434.16,1.32,2158
9/8/2021,12.87,13.18,12.98,12.65,15683,0.11,0.85,12.642,12.379,11.433,18375.11,21027.51,18892.13,1.14,2159
9/8/2021,5.47,6.01,5.77,5.4,943080.38,0.31,5.68,5.438,5.438,5.218,543369.33,549418.16,520451.39,12.94,2160
9/8/2021,4.85,4.96,4.95,4.82,146920.31,0.11,2.27,4.88,4.745,4.714,146794.18,103307.32,82966.33,2.06,2161
9/8/2021,4.79,4.92,4.9,4.77,211881.98,0.11,2.3,4.81,4.698,4.621,194117.74,166839.57,147838.78,2.48,2162
9/8/2021,16.27,16.61,16.3,16.11,159053.47,0.1,0.62,15.492,15.127,14.783,197252.14,159835.06,142723.52,1.98,2163
9/8/2021,5.24,5.34,5.27,5.22,95579.11,0.04,0.77,5.216,5.188,5.152,103032.23,105142.41,96563.93,2.02,2164
9/8/2021,5.6,5.72,5.65,5.45,568664.25,0.12,2.17,5.242,5.097,5.04,241991.46,168169.33,142660.44,9.57,2165
9/8/2021,8.06,8.21,8.2,8.05,149222.78,0.13,1.61,7.998,7.949,8.018,93598.09,82110.52,88127.92,3.24,2166
9/8/2021,9.77,10.63,10.35,9.73,647903.25,0.55,5.61,10.286,10.509,10.276,746942.54,669097.9,553230.89,11.41,2167
9/8/2021,3.86,4.1,4.05,3.86,261357.64,0.18,4.65,3.864,3.855,3.874,123395.58,119789.08,109698.53,3.3,2168
9/8/2021,13.04,13.04,12.9,12.7,293224.88,-0.13,-1,12.9,13.22,13.509,326942.12,487288.09,714247.1,3.84,2169
9/8/2021,5.91,6.07,5.8,5.78,589614.19,-0.05,-0.85,5.684,5.584,5.409,708807.5,664646.17,581619.24,8.51,2170
9/8/2021,12.3,12.45,12.14,11.96,552709.75,-0.37,-2.96,12.406,12.583,11.48,730772.74,947168.76,717132.5,4.44,2171
9/8/2021,4.25,4.59,4.5,4.24,430871.56,0.24,5.63,4.282,4.337,4.612,292004.6,270479.8,286761.65,5.57,2172
9/8/2021,6.51,6.52,6.47,6.4,21016.01,0.02,0.31,6.39,6.247,6.395,28497.17,27518.52,23342.01,0.57,2173
9/8/2021,13.49,14.25,14.16,13.46,375229.53,0.79,5.91,13.376,12.921,12.424,253277.71,256874.58,202456.19,4.67,2174
9/8/2021,2.57,2.59,2.52,2.48,176373.59,-0.08,-3.08,2.466,2.42,2.485,183601.61,150104.01,152520.93,2.34,2175
9/8/2021,23.25,24.19,23.59,22.9,1498543.88,0.41,1.77,23.672,23.95,23.238,1679867.68,1857866.09,1983839.26,8.79,2176
9/8/2021,6.01,6.13,6.13,5.99,332346.19,0.08,1.32,5.978,5.893,5.953,278160.09,246366.8,294661.45,4.37,2177
9/8/2021,3.82,3.9,3.89,3.77,216987.16,0.09,2.37,3.826,3.767,3.603,194914.68,242059.27,174922.13,3.05,2178
9/8/2021,88.08,88.32,85.88,84.22,125756.48,-2.69,-3.04,88.582,93.39,94.43,117903.66,116958.2,121705.76,1.18,2179
9/8/2021,38.65,39.2,38.75,38.04,65176.6,-0.36,-0.92,38.308,37.144,36.355,142290.08,137796.53,121061.98,0.65,2180
9/8/2021,4.26,4.39,4.37,4.25,94254.61,0.12,2.82,4.254,4.199,4.159,50224.99,38665.61,31647.43,0.83,2181
9/8/2021,19.28,20.17,20.01,18.93,940350.5,0.89,4.66,18.442,17.535,15.969,925168.75,928059.24,602975.24,16.88,2182
9/8/2021,7.76,7.82,7.58,7.43,784019.25,-0.23,-2.94,7.59,7.491,6.975,692063.89,775677.34,839856.22,3.69,2183
9/8/2021,16.16,16.88,16.85,16.02,321143.97,0.7,4.33,16.002,15.53,15.17,299315.7,228224.08,205560.59,13.98,2184
9/8/2021,12.81,12.9,12.86,12.74,525382.88,0.12,0.94,12.63,12.64,12.73,470511.24,496581.64,569891.31,1.92,2185
9/8/2021,10.2,10.34,10.26,10.12,32023.58,0.09,0.89,10.162,9.927,9.632,36495.23,31759.98,29829.99,1.04,2186
9/8/2021,7.36,7.5,7.49,7.32,30920.01,0.13,1.77,7.338,7.257,7.162,22116.87,22587.42,18117.41,0.9,2187
9/8/2021,3.74,3.76,3.73,3.69,15342,-0.02,-0.53,3.724,3.773,3.742,16588.85,22145.05,20132.84,0.64,2188
9/8/2021,19.26,20,20,19.19,105028,0.76,3.95,19.444,19.198,18.864,76321.88,88723.91,92630.71,4.72,2189
9/8/2021,28.25,28.42,27.9,27.87,30665.43,-0.34,-1.2,27.828,28.322,29.172,40148.2,45170.89,55804.41,0.85,2190
9/8/2021,11.94,12.44,12.01,11.84,407324,0.01,0.08,11.744,11.036,10.371,507875.6,351250.57,253662.53,2.82,2191
9/8/2021,182,193.08,184.91,179.33,142005.22,8.51,4.82,180.09,166.314,154.541,167542.14,184646.54,161623.01,5.48,2192
9/8/2021,5.7,5.81,5.8,5.67,21811.65,0.11,1.93,5.65,5.593,5.534,16966.36,13841.58,11690.76,0.84,2193
9/8/2021,12.95,13.25,13.19,12.91,86886.82,0.18,1.38,12.89,12.899,13.277,83231.36,91294.69,106312.53,1.37,2194
9/8/2021,2.11,2.25,2.23,2.11,3394707.75,0.12,5.69,2.102,2.047,1.971,1994531.5,1683720.5,1177989.68,6.02,2195
9/8/2021,9.7,9.95,9.9,9.6,176328.69,0.2,2.06,9.81,9.746,9.664,285978.16,267809.65,266573.7,3.76,2196
9/8/2021,7.44,7.65,7.64,7.4,138759.72,0.2,2.69,7.482,7.3,7.147,109917.58,102116.66,77092.92,3.19,2197
9/8/2021,7.73,7.75,7.68,7.6,76658.12,-0.01,-0.13,7.518,7.688,8.048,94716.65,114327.34,104206.37,1.51,2198
9/8/2021,8.61,8.95,8.81,8.36,152039.28,0.4,4.76,8.434,8.332,8.196,111740.25,108048.48,82699.21,6.25,2199
9/8/2021,6.51,6.59,6.58,6.49,11546.46,0.06,0.92,6.548,6.744,6.375,18967.58,36541.42,33545.95,0.63,2200
9/8/2021,30.5,31.23,30.14,29.6,161054.06,-0.49,-1.6,29.638,29.389,27.99,168933.49,207597.27,260116.47,3.47,2201
9/8/2021,17.36,18.18,17.18,16.84,3686348.5,0.12,0.7,16.798,15.542,14.592,3207557.3,2202096.11,1576478.19,10.86,2202
9/8/2021,11.96,12.02,11.9,11.8,157370,0,0,11.606,11.468,11.284,178847.84,212431.83,168531.58,0.85,2203
9/8/2021,4.23,4.56,4.45,4.21,602578.38,0.22,5.2,4.224,4.164,4.086,361813.99,299586.21,279324.63,3.12,2204
9/8/2021,7.72,8.15,8.02,7.72,69101.84,0.25,3.22,7.768,7.612,7.482,50553.01,47032.64,40103.75,3.72,2205
9/8/2021,10.95,11.5,11.01,10.75,407828.16,0.28,2.61,10.56,9.351,8.3,727065.83,572289.07,391984.24,4.23,2206
9/8/2021,6.22,6.39,6.31,6.17,60601.33,0.09,1.45,6.128,6.005,5.85,57558.63,48634.4,50373.15,2.55,2207
9/8/2021,9.16,9.27,9.23,9.11,167257.47,0.05,0.55,9.438,9.144,8.439,398175.14,382409.87,246792.82,2.69,2208
9/8/2021,7.14,7.31,7.27,7.12,37946.04,0.1,1.4,7.23,7.278,7.284,34015.71,29483.45,28684.55,2.46,2209
9/8/2021,2.45,2.47,2.46,2.42,71909.09,0.01,0.41,2.422,2.384,2.419,81528.76,107166.54,85393.85,0.27,2210
9/8/2021,4.4,4.8,4.8,4.39,214640.02,0.44,10.09,4.402,4.413,4.286,170494.32,231989.97,215719.33,4.97,2211
9/8/2021,17.02,17.15,17.06,16.89,73739.92,0.06,0.35,17.274,17.5,17.7,77666.35,70525.2,64104.95,0.64,2212
9/8/2021,15.32,15.46,15.22,15.02,44529.53,-0.11,-0.72,15.474,15.413,14.935,83720.3,112095.94,90331.61,2.16,2213
9/8/2021,24.5,25.26,24.55,24.2,287674.41,-0.19,-0.77,23.072,23.107,23.748,198503.41,159114.76,164003.15,6.02,2214
9/8/2021,5.84,6.03,5.99,5.84,208026.55,0.17,2.92,5.782,5.699,5.527,128476.75,133134.71,99525.13,2.92,2215
9/8/2021,15.5,15.72,15.32,15.18,70531.81,-0.13,-0.84,15.342,14.961,15.16,59537.49,67719.82,67224.14,1.12,2216
9/8/2021,3.42,3.66,3.65,3.4,925254.88,0.23,6.72,3.452,3.449,3.487,377723.94,316388.25,295207.48,2.97,2217
9/8/2021,7.51,7.84,7.27,7.2,835547.5,-0.16,-2.15,7.496,7.357,6.761,999245.52,1006565.32,849571.46,6.87,2218
9/8/2021,3.45,3.51,3.47,3.45,91436.56,-0.04,-1.14,3.458,3.337,3.274,142949.95,105958.97,99997.19,0.5,2219
9/8/2021,13.1,13.45,13.23,13,349631.97,0.05,0.38,12.924,12.669,12.435,331230.97,310473.05,276087.34,2.28,2221
9/8/2021,16.96,17.58,17.58,16.9,159820.5,0.62,3.66,17,17.116,17.442,112279.07,137866.08,181689.61,3.77,2222
9/8/2021,32.86,33.08,32.32,32.2,81509.98,-0.54,-1.64,32.304,32.67,34.603,92332.83,108351.87,141684.67,0.86,2223
9/8/2021,5.16,5.25,5.22,5.14,97419.99,0.06,1.16,5.172,5.108,5.066,75858.83,79165.03,72904.94,1.8,2224
9/8/2021,5.01,5.17,5.11,4.99,343270.69,0.06,1.19,5.032,4.974,4.807,344954.91,438831.36,335866.23,4.22,2225
9/8/2021,6.27,6.45,6.34,6.2,403895.75,0.07,1.12,6.182,6.127,5.972,332398.41,441305.08,460191.37,3.01,2226
9/8/2021,16.38,16.58,16.52,16.34,28085,0.15,0.92,16.47,16.541,17.144,30678.59,37784.66,48435.54,1.27,2227
9/8/2021,3.65,3.72,3.71,3.65,112482.47,0.06,1.64,3.632,3.58,3.51,88429.37,83841.95,67586.64,0.91,2228
9/8/2021,6.55,6.61,6.59,6.51,45425.72,0.03,0.46,6.486,6.516,6.537,39899.71,48715.1,57189.18,0.91,2229
9/8/2021,52.21,52.92,52.2,51.36,208847.66,0.27,0.52,51.13,51.784,52.398,250333.43,253367.55,267987.52,1,2230
9/8/2021,5.88,5.95,5.95,5.84,65407.83,0.1,1.71,5.86,5.878,5.9,50576.8,51191.78,55650.54,2.22,2231
9/8/2021,10.97,11.09,11.03,10.93,40230.21,0.05,0.46,10.926,10.8,11.015,44711.29,43684.27,52535.68,0.98,2232
9/8/2021,11.59,11.75,11.48,11.48,274938.12,-0.14,-1.21,11.032,10.635,10.492,349321.94,260392.63,190018.82,2.31,2233
9/8/2021,14.07,14.22,14.15,13.97,41853.75,0.06,0.43,13.906,13.702,13.716,39316.07,34443.33,30948.25,2.03,2234
9/8/2021,4.86,5.09,5.08,4.81,572938.88,0.2,4.1,4.76,4.61,4.53,351756.22,257561.79,191246.63,10.45,2235
9/8/2021,22.01,24.15,23.54,21.97,1114808.5,1.44,6.52,22.19,22.307,21.691,615261.3,529100.45,405713.25,5.69,2236
9/8/2021,12.75,13.01,12.89,12.65,228799.77,0.03,0.23,12.85,12.895,12.688,224853.24,278267.77,308450.36,2.51,2237
9/8/2021,6.15,6.34,6.29,6.12,68882.9,0.15,2.44,6.102,6.038,5.939,37489.14,35017.53,26609.64,0.86,2238
9/8/2021,3.92,3.98,3.95,3.9,607395.19,0.03,0.77,3.908,3.922,4.005,561608.58,704733.15,873656.23,1.87,2239
9/8/2021,59.91,65.7,63.68,59.31,552558.06,3.9,6.52,60.91,57.774,50.208,699619.65,722712.27,619782.75,7.93,2240
9/8/2021,48,52.25,52.25,47.53,1712410.5,4.75,10,48.448,47.46,44.084,938858.35,1108260.09,799336.77,5.75,2241
9/8/2021,22.19,22.59,22.46,21.88,67035.88,0.44,2,21.538,21.999,23.46,73764.71,77429.2,54944.34,0.88,2242
9/8/2021,11,11.25,10.9,10.8,142547.94,-0.13,-1.18,11.02,10.702,10.052,224055.69,206454.76,128424.25,2.6,2243
9/8/2021,4.95,4.95,4.85,4.78,235891.56,-0.1,-2.02,4.858,4.601,4.304,275163.05,320006.15,215388.43,0.88,2244
9/8/2021,23.32,23.5,22.55,22.51,283688.91,-0.78,-3.34,22.938,23.204,23.523,397976.13,408921.83,410387.29,2.93,2245
9/8/2021,7.91,8.04,8,7.85,82868.59,0.14,1.78,7.762,7.75,7.639,59421.17,60727.49,55812.69,1.51,2246
9/8/2021,2.69,2.85,2.81,2.69,345596.25,0.11,4.07,2.63,2.581,2.507,181878.09,163736.05,134589.79,5.85,2247
9/8/2021,12.1,12.22,11.85,11.69,476115.47,-0.54,-4.36,12.624,12.5,10.033,654188.62,841351.34,452128.27,15.99,2248
9/8/2021,7.99,8.18,8.03,7.97,930724.19,0.02,0.25,8.036,8.338,8.457,1120971.83,1551253.06,2001463.04,5.41,2249
9/8/2021,22.55,22.55,22.24,22.22,39689.56,-0.26,-1.16,22.42,22.531,23.488,50925.28,58068.77,66127.96,0.43,2250
9/8/2021,6.99,7.11,7.1,6.97,88038.61,0.09,1.28,6.996,6.9,6.945,66313.76,61290.11,57148.32,1.02,2251
9/8/2021,7.18,7.28,7.28,7.16,290741.5,0.09,1.25,7.156,7.128,7.2,249859.51,269716.19,243222.57,0.58,2252
9/8/2021,14.78,15.44,15.4,14.78,78599.13,0.63,4.26,14.744,14.629,14.591,40261.86,36655.32,35837.1,3.79,2253
9/8/2021,22.9,23.23,22.42,22.36,97300.69,-0.53,-2.31,22.674,22.251,21.394,137852.49,118834.03,128262.8,2.3,2254
9/8/2021,5.02,5.1,5.04,4.97,223185,-0.01,-0.2,5.03,5.048,4.744,236657.78,343020.59,295032.18,3.46,2255
9/8/2021,5.75,5.87,5.63,5.61,1992432.12,-0.13,-2.26,5.854,5.941,5.357,2511389.97,3494800.64,3121729.67,14.32,2256
9/8/2021,32.03,32.78,32.6,32,178816.86,0.6,1.88,31.164,30.552,30.885,208041.64,169483.33,145942.32,3.41,2258
9/8/2021,3.51,3.57,3.54,3.48,33846,0.03,0.85,3.52,3.579,3.618,42138.67,46255.35,47176.24,0.45,2259
9/8/2021,8.06,8.29,8.26,8.05,364960.53,0.21,2.61,8.074,7.729,7.768,395956.02,315750.53,275566.56,3.84,2261
9/8/2021,14.08,14.19,14.05,13.97,73215.1,0.05,0.36,13.796,13.505,13.797,87288.1,76604.42,63765.19,0.83,2262
9/8/2021,3.49,3.6,3.52,3.48,501900.59,0.07,2.03,3.46,3.515,3.37,552345.9,847291.12,731074.35,2.67,2263
9/8/2021,4.18,4.24,4.24,4.17,42856,0.05,1.19,4.186,4.138,4.091,31889.3,30966.87,28432.67,0.64,2264
9/8/2021,7.61,7.66,7.53,7.45,39385,-0.08,-1.05,7.632,7.751,7.685,36662.15,57860.7,62867.43,1.29,2265
9/8/2021,6.63,6.67,6.51,6.47,651635.19,-0.05,-0.76,6.642,6.624,6.422,691240.3,719146.42,733891.1,2.32,2266
9/8/2021,8.37,8.44,8.17,8.15,262105.23,-0.23,-2.74,8.34,8.171,8.096,228884.62,170752.14,159454.26,2.36,2267
9/8/2021,45.15,45.38,44.2,42.71,232510.3,0.11,0.25,45.474,46.311,40.338,330513.14,366233.29,360439.79,2.78,2268
9/8/2021,2.56,2.83,2.83,2.54,1280836.5,0.26,10.12,2.592,2.55,2.643,728833.64,631878.91,581797.16,5.1,2269
9/8/2021,7.1,7.24,7.13,7.05,312990.03,0.01,0.14,7.174,7.241,6.938,418807.85,530606,615096.24,4.12,2270
9/8/2021,50,50.38,49.51,49.01,168133.2,-0.53,-1.06,49.856,49.692,51.078,207761.75,214237.03,217168.96,0.97,2271
9/8/2021,7.51,8.1,7.68,7.15,752209.81,0.21,2.81,7.06,6.707,6.438,449025.94,410108.91,308523.64,22.79,2272
9/8/2021,14.39,15.46,15.44,14.33,1135086.5,1.05,7.3,14.276,14.085,13.945,461150.85,463037.75,385604.23,9.62,2273
9/8/2021,14.25,15.17,14.84,14.1,813595.75,0.5,3.49,14.18,14.096,13.526,765990.48,897059.77,795333.62,8.67,2274
9/8/2021,13.22,13.36,13.33,13.2,14104.1,0.11,0.83,13.16,13.018,12.941,14195.18,11713.18,10301.87,0.26,2275
9/8/2021,7.92,8.02,7.94,7.85,256150.2,0.01,0.13,7.776,7.667,7.585,289855.23,255719.02,223133.17,2.47,2276
9/8/2021,3.41,3.54,3.52,3.4,252188.14,0.11,3.23,3.402,3.342,3.284,168620.87,160040.43,126353.4,1.81,2277
9/8/2021,6.5,6.63,6.6,6.46,103084.99,0.11,1.7,6.458,6.388,6.365,82233.43,72924.01,61398.06,3.06,2278
9/8/2021,4.82,5.01,4.96,4.8,117127.08,0.14,2.9,4.804,4.748,4.667,92909.87,85988.61,65768.55,1.83,2279
9/8/2021,7.11,7.18,7.06,7.03,310460,-0.11,-1.53,7.128,7.216,7.321,347931.47,432602.45,464419.25,1.76,2280
9/8/2021,24.01,24.39,24.3,23.86,101599.27,0.29,1.21,23.896,23.92,24.883,92827.45,117141.67,130146.9,1.53,2281
9/8/2021,11.12,11.12,10.95,10.9,31575,-0.19,-1.71,11.09,11.394,11.749,31915.47,34254.7,42214.84,0.79,2282
9/8/2021,7.88,7.95,7.8,7.61,300029.09,-0.09,-1.14,7.794,7.309,6.955,491574.02,377023.05,277477.69,3.03,2283
9/8/2021,8.56,8.73,8.48,8.42,196171.48,-0.06,-0.7,8.496,8.674,8.454,167120.92,223475.44,237674.51,2.86,2284
9/8/2021,6.44,6.48,6.22,6.03,871966.75,-0.27,-4.16,7.046,7.273,7.315,825427.12,613363.6,505907.76,4.33,2285
9/8/2021,13.7,13.99,13.63,13.12,471369.84,0.3,2.25,12.634,12.273,12.059,345190.88,277979.86,268609.45,12.77,2286
9/8/2021,32.88,32.98,31.5,31.38,83142.89,-1.48,-4.49,32.026,30.245,28.862,98866.43,76788.07,51603.23,1.57,2287
9/8/2021,9.64,9.78,9.53,9.46,673605.81,-0.14,-1.45,9.322,8.941,8.684,918748.69,818841.63,602776.78,8.42,2288
9/8/2021,8.95,9.05,9.03,8.82,22002.09,0.17,1.92,8.918,8.851,8.896,20253.35,26434.98,29063.84,0.83,2289
9/8/2021,8.39,8.48,8.23,8.16,75496.61,-0.17,-2.02,7.962,7.735,7.665,68043.45,42725.31,30103.38,3.49,2290
9/8/2021,23.22,23.68,23.4,22.9,128500.17,0.24,1.04,22.966,22.055,21.187,193412.48,181076.01,218059.48,2.09,2291
9/8/2021,5.67,6.04,5.98,5.67,370979.88,0.36,6.41,5.584,5.48,5.34,180873.5,152112.67,126828.45,4.35,2292
9/8/2021,12.12,12.43,12.33,12.01,42552.69,0.26,2.15,11.98,11.794,11.712,37416.6,44382.46,47699.47,0.52,2293
9/8/2021,27.17,27.68,27.51,27.1,30089.14,0.28,1.03,26.798,25.981,25.811,40859.04,37459.78,38334.37,0.29,2294
9/8/2021,7.62,7.91,7.81,7.58,51376.84,0.19,2.49,7.638,7.727,7.564,41083.92,44523.14,46901.58,2.05,2295
9/8/2021,7.9,7.92,7.88,7.79,73077.53,-0.04,-0.51,7.852,7.803,7.654,95053.51,94201.78,86287.61,2.17,2296
9/8/2021,9.9,10.22,9.82,9.75,252216.77,-0.1,-1.01,9.894,10.055,10.402,285062.04,349648.39,472217.78,5.35,2297
9/8/2021,7.31,7.4,7.38,7.31,96223.07,0.05,0.68,7.294,7.271,7.557,87479.45,114037.32,116923.21,1.71,2298
9/8/2021,19.28,19.77,19.7,19.06,113079.82,0.43,2.23,18.786,18.491,19.076,136387.5,124505,96550.3,0.92,2299
9/8/2021,7.34,7.48,7.13,7.12,303793.59,-0.28,-3.78,7.33,7.457,7.241,317603.32,444760.15,501299.39,4.63,2300
9/8/2021,7.95,8.12,8.1,7.92,72039.31,0.16,2.02,7.868,7.747,7.792,57824.71,52482.15,42736.01,0.98,2301
9/8/2021,8.65,8.85,8.72,8.63,218447.48,0.03,0.34,8.662,8.431,8.361,238026.13,199832.01,187295.42,1.73,2302
9/8/2021,3.53,3.59,3.58,3.52,134865.66,0.05,1.42,3.514,3.464,3.402,118656.57,118157.05,88592.12,1.42,2303
9/8/2021,172.8,172.8,167.88,166.9,50103.44,-3.79,-2.21,169.378,169.393,169.327,61751.09,64094.64,63917.79,0.4,2304
9/8/2021,1.96,2.02,2,1.95,327077.06,0.05,2.56,1.946,1.905,1.89,231936.38,205672.54,174790.09,1.89,2305
9/8/2021,2.97,3.13,3.06,2.97,116659.04,0.1,3.38,2.898,2.848,2.824,80526.92,60237.26,50247.96,1.45,2306
9/8/2021,5.1,5.3,5.19,5.07,340666.62,0.07,1.37,5.04,4.902,4.818,272232.22,214647.12,223641.47,3.82,2307
9/8/2021,3.95,4.07,4.06,3.93,114346.91,0.11,2.79,3.912,3.843,3.784,97060.09,87188.12,72298.38,1.26,2308
9/8/2021,6.84,7.05,6.8,6.72,344286,0.12,1.8,6.784,6.542,6.259,520865.61,528539.14,426967.79,4.93,2309
9/8/2021,3.15,3.22,3.21,3.12,351924,0.05,1.58,3.17,3.119,2.956,354110.4,496619.5,299411.45,1.37,2310
9/8/2021,65,65.75,62.9,62.88,70899.27,-2.49,-3.81,64.518,64.102,65.827,64863.4,75734.07,68239.2,0.43,2311
9/8/2021,16.48,16.81,16.1,15.82,1029171.38,0.29,1.83,15.474,15.46,14.69,874165.85,1018216.56,966361.91,7.77,2312
9/8/2021,11.73,11.96,11.93,11.7,93118.9,0.2,1.71,11.288,11.206,11.386,59693.61,47153.81,38830.79,2.49,2313
9/8/2021,3.33,3.36,3.36,3.3,131923.16,0.04,1.21,3.288,3.212,3.129,157519.2,147974.5,104468.54,0.99,2314
9/8/2021,17.96,18.78,18.44,17.9,79885.24,0.46,2.56,18.014,17.717,17.496,58813.01,53107.39,51724.35,4.32,2315
9/8/2021,4.39,4.5,4.48,4.33,95956.6,0.12,2.75,4.362,4.38,4.533,67538.5,77566.21,104742.35,3.27,2316
9/8/2021,9.57,9.63,9.56,9.45,150315.94,0.02,0.21,9.394,9.188,9.054,160166.58,145242.05,126149.88,2.11,2317
9/8/2021,16.24,16.57,15.71,15.58,180469.23,-0.4,-2.48,16.118,16.334,15.874,215989.84,223249,274514.16,1.89,2318
9/8/2021,14.3,14.33,14.18,14.17,6806.01,-0.12,-0.84,14.36,14.326,14.103,13222.88,14450.84,18947.46,0.34,2319
9/8/2021,7.41,7.88,7.52,7.28,437570.16,0.15,2.04,7.198,6.669,6.18,479770.44,340105.8,219186.88,1.96,2320
9/8/2021,3.09,3.14,3.1,3.07,126872,-0.02,-0.64,3.142,3.043,2.933,158964.42,132790.75,112833.37,2.39,2321
9/8/2021,10.2,10.3,10.27,10.15,34426.35,0.12,1.18,10.192,10.049,10.082,31795.35,27136.09,24914.85,0.92,2322
9/8/2021,3.86,3.93,3.84,3.83,47536.56,-0.08,-2.04,4.11,4.165,3.756,72487.76,74269.93,51469.4,1.47,2323
9/8/2021,12.42,12.64,12.52,12.31,88781.36,0.1,0.81,12.164,12.036,12.331,76558.98,77233.91,96519.09,1.4,2324
9/8/2021,2.53,2.62,2.6,2.52,185897.41,0.07,2.77,2.518,2.477,2.384,116391.01,117091.63,88855.89,1.93,2325
9/8/2021,55.15,57.62,55.55,52.83,623347.69,0.86,1.57,52.618,48.695,43.962,606919.21,570951.99,658378.65,9.25,2326
9/8/2021,8.36,8.57,8.54,8.29,39445.63,0.18,2.15,8.372,8.345,8.031,30175.71,29003.63,29064.91,0.81,2327
9/8/2021,5.62,5.7,5.66,5.59,111527.55,0.06,1.07,5.604,5.684,5.792,113492.17,128578.16,176178.19,1.98,2328
9/8/2021,4.93,5.02,5,4.88,148213.05,0.09,1.83,4.802,4.725,4.708,105770.44,87386.26,81546.98,2.78,2329
9/8/2021,5.43,5.55,5.54,5.43,38777.02,0.12,2.21,5.398,5.342,5.359,24163.41,20199.07,16329.56,0.77,2330
9/8/2021,9.98,10.15,10.11,9.94,38330.4,0.08,0.8,10.006,9.924,10.032,39975.45,43265.5,65853.91,1,2331
9/8/2021,11.09,11.36,11.24,11.05,72489.87,0.16,1.44,10.98,10.826,11.271,103035.51,124542.54,153632.66,0.75,2332
9/8/2021,5.3,5.44,5.39,5.28,38163,0.06,1.13,5.246,5.237,5.174,27880.78,26470.06,26915.36,0.89,2333
9/8/2021,7.05,7.16,7.09,6.94,264276.22,0.04,0.57,7.03,7.305,7.433,277896.98,374098.62,448912.89,4.06,2334
9/8/2021,35.7,37.33,34.41,34.38,288087.25,-1.68,-4.66,35.826,37.465,37.101,309195.34,387762.83,415706.18,7.26,2335
9/8/2021,4.47,4.54,4.5,4.44,17941.2,0.03,0.67,4.446,4.4,4.298,12326.88,14376.54,11496.03,0.48,2336
9/8/2021,3.48,3.57,3.55,3.46,75738.82,0.06,1.72,3.482,3.448,3.385,63520.33,58318.02,56065.4,1.29,2337
9/8/2021,20.58,21.4,21.35,20.27,73027.23,0.9,4.4,20.618,20.881,20.875,52727.5,63970.3,80644.98,3.04,2338
9/8/2021,7.11,7.28,7.13,7.07,157375.3,-0.07,-0.97,6.97,6.834,6.698,195269.29,136445.6,124621.18,3.27,2339
9/8/2021,13.06,13.23,13.03,12.9,2582189.5,-0.2,-1.51,12.882,12.972,12.442,2991154.7,4206406.53,3528730.71,5.42,2340
9/8/2021,5.76,5.78,5.73,5.65,264934.03,-0.06,-1.04,5.77,5.62,5.541,336025.32,366676.46,433864.56,2.97,2341
9/8/2021,4.37,4.54,4.48,4.34,393214.44,0.11,2.52,4.358,4.29,4.286,267545.59,223569.08,198952.4,4.46,2342
9/8/2021,4.9,5.21,5.21,4.9,139757.62,0.31,6.33,4.908,4.799,4.705,77064.41,66105.01,50619.07,2.95,2343
9/8/2021,4.15,4.24,4.21,4.13,90731.71,0.06,1.45,4.132,4.073,4.007,82830.03,77208.08,70533.76,0.71,2344
9/8/2021,5.71,5.88,5.85,5.69,150722,0.13,2.27,5.604,5.513,5.499,157619.28,136367.53,140023.85,1.7,2345
9/8/2021,24.3,24.88,24.61,23.44,218369.19,0.4,1.65,22.866,22.183,21.007,187176.19,199050.61,162167.24,5.53,2346
9/8/2021,4.99,5.06,5.02,4.98,57265,0.01,0.2,4.994,5.004,4.939,71126.15,78554.95,81005.15,1.81,2347
9/8/2021,2.34,2.45,2.45,2.33,418497,0.1,4.25,2.34,2.314,2.357,214863.01,194779.71,258010.21,4.9,2348
9/8/2021,7.25,7.68,7.11,7.03,1052463.38,0.08,1.14,6.482,5.927,5.73,527196.71,306235.76,218349.28,12.65,2349
9/8/2021,8.56,8.59,8.21,8.14,807950.19,-0.41,-4.76,8.894,7.955,7.23,1107890.47,673976.04,461982.72,15.41,2350
9/8/2021,12.67,12.78,12.78,12.61,63332.64,0.08,0.63,12.606,12.672,13.046,56405.18,63460.68,82074.14,1.32,2351
9/8/2021,58.5,61.36,61.18,58.3,327940.97,2.3,3.91,58.69,58.34,58.576,296062.68,212962.23,174107.82,0.73,2352
9/8/2021,43.12,44.83,42.93,42.35,122578.85,0.13,0.3,41.652,39.326,38.407,126433.79,109805.41,90777.38,1.98,2353
9/8/2021,3.38,3.54,3.51,3.31,443650.62,0.21,6.36,3.246,3.218,3.164,235629.64,177681.55,157114.19,3.04,2354
9/8/2021,6,6.26,6.25,5.97,162502.88,0.25,4.17,6.114,6.065,6.114,107471.4,98397.2,82921.27,2.63,2355
9/8/2021,5.94,6.28,6.21,5.91,72422.85,0.21,3.5,5.984,5.741,5.892,98170.69,97789.46,123514.24,1.37,2356
9/8/2021,5.87,5.96,5.86,5.81,28610.8,0.01,0.17,5.816,5.733,5.587,37392.98,40832.73,39681.89,0.91,2357
9/8/2021,2.98,3.12,3.04,2.96,188508.05,0.07,2.36,2.98,2.94,2.881,140873.81,145200.76,133792.99,2.07,2358
9/8/2021,10.54,10.63,10.51,10.38,68192,-0.03,-0.28,10.366,10.133,9.998,105270.24,109218.71,117801.72,2.21,2360
9/8/2021,5.67,6.02,5.88,5.66,312917.38,0.21,3.7,5.738,5.709,5.608,219115.38,235826.8,201367.11,4.68,2361
9/8/2021,17.34,17.69,17.6,17.28,34532.98,0.3,1.73,17.292,17.379,17.591,27537.94,32900,29090.22,1.67,2362
9/8/2021,5.56,5.61,5.6,5.53,75807.62,0.02,0.36,5.512,5.444,5.354,89064.99,114149.73,116759.28,1.82,2363
9/8/2021,9.72,9.95,9.72,9.61,114821,-0.08,-0.82,9.762,9.717,9.855,141358.19,148094.76,164548.43,2.16,2364
9/8/2021,9.54,9.65,9.6,9.53,32925.3,0.04,0.42,9.548,9.541,9.383,39418.78,51727.26,48238.64,1.35,2365
9/8/2021,4.18,4.42,4.26,4.16,595073,0.04,0.95,4.246,4.032,3.982,727023.16,479264.08,378230.67,9.84,2366
9/8/2021,9.05,9.08,8.96,8.92,68711.55,-0.1,-1.1,8.98,8.799,8.56,91722.64,88463.14,64246.79,1.31,2367
9/8/2021,25.65,25.72,24.78,24.56,171022.31,-0.7,-2.75,25.434,23.693,22.602,252192.32,221215.39,145924.52,2.97,2368
9/8/2021,7.29,7.38,7.21,7.18,202192.64,-0.05,-0.69,7.238,7.339,7.26,209606.54,325526.19,453803.21,3.51,2369
9/8/2021,4.39,4.51,4.47,4.37,121587,0.06,1.36,4.312,4.197,4.232,126134.23,108027.32,97879.14,2.62,2370
9/8/2021,339.88,352.91,343,337,40803.68,0.25,0.07,335.366,350.169,357.195,85891.74,83801.37,80087.48,0.89,2371
9/8/2021,19.87,19.88,19.62,19.34,59467.77,-0.25,-1.26,19.658,19.8,20.274,42404.98,51103.99,58706.87,0.41,2372
9/8/2021,15.66,15.91,15.8,15.63,119136.51,0.09,0.57,15.618,15.477,15.909,106281.17,118587.49,160550.81,0.97,2373
9/8/2021,3.12,3.3,3.29,3.09,324559.41,0.19,6.13,3.136,3.083,3.099,185984.55,200418.62,237981.64,3.32,2374
9/8/2021,7.7,7.8,7.6,7.53,131034.01,-0.16,-2.06,7.51,7.082,6.846,189101.3,175210.03,139997.26,0.98,2375
9/8/2021,8.53,8.62,8.61,8.5,44300.04,0.09,1.06,8.48,8.395,8.401,44801.27,39395.2,36398.95,0.69,2376
9/8/2021,2.98,3.26,3.17,2.96,273909,0.21,7.09,2.984,2.93,2.942,141126.05,99055.94,81806.1,2.99,2377
9/8/2021,11.55,11.88,11.68,11.31,314511.12,0.03,0.26,11.54,11.742,11.256,347526.64,452083.06,404246.19,3.44,2378
9/8/2021,3.95,4.23,4.11,3.95,356134.31,0.16,4.05,3.91,3.881,3.73,249077.27,290653.24,247297.2,3.84,2379
9/8/2021,13.38,13.52,13.44,13.31,19304.44,0.03,0.22,13.248,13.147,13.042,20564.33,19488.94,18617.86,1.36,2380
9/8/2021,7.91,8.05,8.03,7.87,54453.42,0.12,1.52,7.83,7.865,8.012,49545.42,67423.58,47319.91,1.69,2381
9/8/2021,19.44,19.65,19.52,19.39,213916.23,0.02,0.1,19.728,20.107,20.252,268084.35,273771.51,234772.4,2.14,2382
9/8/2021,7.46,7.5,7.35,7.28,136048.7,-0.18,-2.39,7.352,7.012,6.852,189737.31,148082.77,104613.55,2.27,2383
9/8/2021,19.43,20.3,20.26,19.35,344529.69,0.83,4.27,19.458,19.174,19.407,174767.49,187968.84,193009.89,2.48,2384
9/8/2021,7.88,8.26,8.2,7.82,1792267,0.33,4.19,7.868,7.61,7.756,1451570.96,1127223.24,1140929.9,5.64,2385
9/8/2021,14.29,14.54,14.15,13.95,848802.38,0.28,2.02,13.28,13.362,12.779,573981.34,647209.53,594455.35,10.87,2386
9/8/2021,9.28,9.56,9.34,9.2,115207.64,0.05,0.54,9.088,9.061,9.118,87851.83,80847.12,93852.13,0.84,2387
9/8/2021,5.51,5.69,5.68,5.51,67602.66,0.15,2.71,5.524,5.497,5.621,46126.59,49093.48,47699.03,1.4,2388
9/8/2021,25.2,25.23,24.6,24.39,191290.16,-0.6,-2.38,24.826,24.904,25.624,205146.25,255618.74,305844.08,2.16,2389
9/8/2021,9.3,9.32,8.83,8.8,278865.69,-0.43,-4.64,8.922,9.123,9.261,280384.61,259695.97,220450.26,1.78,2390
9/8/2021,7.16,7.23,7.21,7.13,71842.65,0.08,1.12,7.088,6.977,6.86,60173.84,52868.88,45859.52,1.55,2391
9/8/2021,5.13,5.23,5.14,5.05,288570.62,-0.01,-0.19,5.082,4.996,4.638,352187.47,411152.01,267578.34,3.39,2392
9/8/2021,20.35,20.46,20.44,20.03,14921.07,0.07,0.34,20.312,20.185,19.923,13732.06,13003.24,10742.04,0.82,2393
9/8/2021,7.96,8.1,8.1,7.92,30570.99,0.14,1.76,7.906,7.771,7.665,22095.02,18417.88,14322.36,0.95,2394
9/8/2021,10.7,10.8,10.77,10.6,18640.35,0.16,1.51,10.47,10.377,10.56,18458.52,16590.6,16136.32,0.69,2395
9/8/2021,26.24,27.88,27.56,26.08,242743.08,1.41,5.39,26.23,26.302,27.321,136259.59,151623.96,177459.77,4.16,2396
9/8/2021,4.18,4.3,4.3,4.18,134001.45,0.1,2.38,4.234,4.22,4.243,98337.07,115580.74,198147.02,2.77,2397
9/8/2021,6.29,6.36,6.35,6.26,61994.07,0.06,0.95,6.23,6.123,6.173,60665.17,64303.65,57078.65,1.11,2398
9/8/2021,16.09,16.51,16.39,16.09,42019.8,0.31,1.93,16.14,16.046,16.225,29325.46,37738.38,44082.56,0.34,2399
9/8/2021,4.81,5.09,5.03,4.79,917926,0.23,4.79,4.766,4.654,4.557,580194.46,473256.3,353090.36,5.44,2400
9/8/2021,9.61,9.79,9.75,9.56,46436.29,0.17,1.77,9.586,9.408,9.293,40081.29,34899.24,28882.24,1.28,2401
9/8/2021,23.5,23.84,23.43,23.37,80650.06,-0.12,-0.51,23.352,23.383,23.881,126228.59,135033.22,162952.42,1.01,2402
9/8/2021,7.35,7.48,7.47,7.33,21628.96,0.11,1.5,7.326,7.242,7.152,16016.31,16178.92,13389.46,0.69,2403
9/8/2021,6.28,6.4,6.39,6.27,62161.44,0.1,1.59,6.254,6.175,6.088,56859.94,49538.94,41914.92,1.35,2404
9/8/2021,11.51,11.63,11.52,11.45,265911.97,0.01,0.09,11.382,11.388,11.991,284363.79,394362.5,301490.73,1.18,2405
9/8/2021,6.58,6.65,6.64,6.52,99624.15,0.06,0.91,6.554,6.519,6.589,85669.9,97696.93,104803.23,2.01,2406
9/8/2021,52.11,53.66,52.6,51.86,429121.03,-0.39,-0.74,51.584,52.735,51.9,542437.86,683822.67,664697.59,7.01,2407
9/8/2021,15.28,15.66,15.31,15.09,535917.62,0.09,0.59,14.592,14.085,13.241,572525.57,673138.47,489555.45,2.75,2408
9/8/2021,83.9,83.9,82.5,80,63944.79,-0.5,-0.6,82.59,85.113,88.811,68678.06,82630.13,72270.29,2.16,2409
9/8/2021,64.2,65.18,62.66,62.59,38908.08,-1.11,-1.74,62.902,61.101,61.32,84322.2,90333.54,75532.99,0.39,2410
9/8/2021,13.55,14.15,13.7,13.29,1218085.5,0,0,13.36,12.66,10.734,1402895.1,1275006.06,970232.87,7.95,2411
9/8/2021,6.08,6.09,6.06,6.02,53916.59,0.02,0.33,6.01,5.936,5.874,54013,47600.37,42876.46,1.09,2412
9/8/2021,6.84,7.06,7.03,6.76,600297.25,0.18,2.63,6.902,6.927,6.791,439664.27,518574.22,473722.08,4.97,2413
9/8/2021,27.6,27.98,27.29,27.2,139807.08,-0.29,-1.05,27.116,27.21,28.081,133090.84,160146.98,211835.82,0.8,2414
9/8/2021,52.93,53.22,52.95,52.3,323337.53,0.03,0.06,52.422,52.514,54.062,440005.49,450089.2,413870.07,0.4,2415
9/8/2021,10.36,11.35,11.23,10.31,562068.06,0.9,8.71,10.616,10.483,10.607,272902.79,261081.24,250395.15,4.6,2416
9/8/2021,4.9,5.18,5.11,4.9,119415,0.18,3.65,4.942,4.882,4.887,70026.62,58476.74,53581.91,5.33,2417
9/8/2021,4.02,4.11,4.06,3.92,268737.72,0.06,1.5,3.96,4.056,4.21,294635.42,325370.66,414104.63,2.37,2418
9/8/2021,6.04,6.17,6.12,6.04,92656.22,0.09,1.49,6.002,5.895,5.888,74805.12,75531.89,74977.85,0.77,2419
9/8/2021,6.28,6.55,6.55,6.16,172286.48,0.34,5.47,6.274,6.136,5.45,201638.73,222212.38,165198.15,4.42,2420
9/8/2021,3.81,3.89,3.88,3.8,321281.16,0.07,1.84,3.778,3.726,3.762,245520.02,209075.28,220573.99,1.81,2421
9/8/2021,18.43,18.84,18.77,18.42,129866.99,0.35,1.9,18.404,18.298,18.083,110869.23,116290.46,110659.72,1.2,2422
9/8/2021,8.93,9.58,9.26,8.9,142043.02,0.38,4.28,8.916,8.736,8.519,87104.63,78727.7,63518.21,1.19,2423
9/8/2021,6.79,6.86,6.85,6.78,157694.12,0.07,1.03,6.708,6.665,6.676,157294.76,127088.04,106507.26,1.68,2424
9/8/2021,7.69,8.32,8.25,7.67,760634.62,0.62,8.13,7.6,7.446,7.348,358100.63,293107.06,217669.29,9.36,2425
9/8/2021,2.84,2.95,2.92,2.83,958369.06,0.06,2.1,2.858,2.817,2.807,744326.57,740573.17,718676.05,3.17,2426
9/8/2021,5.51,5.63,5.54,5.48,19362.4,0.03,0.54,5.492,5.544,5.545,13693.24,14239.58,18691.89,0.44,2427
9/8/2021,14.31,14.84,14.77,14.24,361151.19,0.37,2.57,14.482,14.663,14.345,451029.74,531235.16,437027.62,5.61,2428
9/8/2021,5.6,5.77,5.72,5.56,833956.62,0.13,2.33,5.596,5.571,5.7,498923.84,531107.59,556946.93,1.85,2429
9/8/2021,34.66,34.66,34.1,34.08,37097.51,-0.55,-1.59,34.284,35.251,36.182,53373.98,69912.51,67726.94,0.38,2430
9/8/2021,2.96,3.06,3.02,2.96,186625.77,0.06,2.03,2.926,2.878,2.807,111821.34,108350.55,86253.16,1.28,2431
9/8/2021,7.25,7.29,7.29,7.22,33026.03,0.03,0.41,7.232,7.198,7.244,25385.46,26283.96,25791.38,0.78,2432
9/8/2021,5.69,6.22,6.22,5.62,538154.62,0.57,10.09,5.556,5.495,5.159,370366.57,391520.69,301632.41,7.23,2433
9/8/2021,9.89,9.92,9.84,9.61,141462,-0.04,-0.41,9.764,9.697,9.334,159337.93,183287.95,163303.38,1.06,2434
9/8/2021,5.04,5.16,5.14,5.03,162215.41,0.08,1.58,5.016,5.034,5.163,146175.84,175826.76,173983.42,1.35,2435
9/8/2021,14.01,14.1,13.43,13,687632.38,-0.58,-4.14,13.498,13.878,14.299,583589.2,596643.04,646522.9,5.4,2436
9/8/2021,2.73,2.82,2.81,2.71,424770.56,0.04,1.44,2.764,2.737,2.681,355883.43,423662.36,420072.2,1.95,2437
9/8/2021,13.8,14.61,14.47,13.8,232511.28,0.6,4.33,13.592,13.164,12.868,192546.96,157154.15,167710.63,5.2,2438
9/8/2021,29.11,29.38,29.17,29.03,50594.36,0.15,0.52,28.976,29.51,29.835,63797.78,61859.99,72278.01,0.7,2439
9/8/2021,10.15,10.32,10.1,10.02,256057.84,-0.08,-0.79,9.878,9.674,9.581,220484.13,191540.55,189038.61,2.67,2440
9/8/2021,8.66,8.81,8.8,8.61,125305.55,0.08,0.92,8.64,8.59,8.54,171516.69,130645.4,97222.17,3.14,2441
9/8/2021,8.74,9.25,9.07,8.65,475200.47,0.27,3.07,8.712,8.811,8.454,388857.27,511836.66,446596.94,9.93,2442
9/8/2021,6.19,6.31,6.29,6.18,86729.33,0.09,1.45,6.204,6.147,5.958,79542.65,85570.6,76520.67,1.67,2443
9/8/2021,34.47,34.47,33.53,33,49028.63,-0.38,-1.12,33.604,33.607,33.072,45947.13,59724.03,66187.88,0.45,2444
9/8/2021,2.76,2.89,2.87,2.71,595354.38,0.17,6.3,2.71,2.671,2.578,296650.22,296414.06,272200.66,2.57,2445
9/8/2021,6.05,6.12,6.08,6.01,178794.44,0.03,0.5,6.024,6.049,6.278,135057.32,171072.45,228561.28,2.15,2446
9/8/2021,1.96,2.03,2.02,1.94,181832.23,0.06,3.06,1.974,1.993,2.003,121934.65,151199.85,168139.46,1.27,2447
9/8/2021,7.08,7.13,7.08,7.01,169109.12,0.01,0.14,7.078,6.998,6.885,262357.88,237175.12,204873.88,3.55,2448
9/8/2021,10,10.11,10.07,9.93,92353.12,0.06,0.6,9.918,9.971,10.059,93891.39,117461.73,130808.09,1.51,2449
9/8/2021,7.39,7.46,7.33,7.29,151329.97,-0.09,-1.21,7.412,7.166,7.171,215599.93,149589.26,112103.56,3.45,2451
9/8/2021,6.31,6.71,6.6,6.31,321045.88,0.33,5.26,6.378,6.179,6.083,314538.5,212688.9,151226.77,7.64,2452
9/8/2021,12.02,12.6,12.6,12.02,532629.25,1.15,10.04,11.03,11.083,10.821,223721.65,296956,327264.94,9.32,2453
9/8/2021,9.21,9.31,8.92,8.9,226064.09,-0.29,-3.15,8.874,8.315,7.915,367376.67,336388.51,340512.96,3.61,2454
9/8/2021,18.18,18.49,17.62,17.57,557930.31,-0.56,-3.08,17.93,18.87,21.044,608458.59,756604.24,907010.92,12.39,2455
9/8/2021,8.09,8.68,8.54,8,1237069.62,0.5,6.22,7.9,7.645,7.633,619068.77,468522.9,385496.44,4.6,2456
9/8/2021,8.49,8.76,8.66,8.47,197658.92,0.17,2,8.484,8.386,8.501,132402.5,118620.99,151455.42,5.9,2457
9/8/2021,9.99,10.24,10.16,9.9,131477.98,0.2,2.01,9.976,9.823,9.867,91237.65,81651.18,74005.63,1.94,2458
9/8/2021,70.24,70.29,68.3,66.46,191004.12,-2.9,-4.07,72.042,72.464,65.5,177261.94,204791.94,212304.17,2.99,2459
9/8/2021,183.53,192.5,185.66,183.33,261304.16,-2.23,-1.19,187.146,195.417,186.233,327146.14,368275.33,360524.7,3.04,2460
9/8/2021,9.42,9.5,9.46,9.39,60412.07,0.01,0.11,9.334,9.262,9.332,99085.76,78224.59,75502.4,0.27,2461
9/8/2021,13.25,13.27,13.24,13.19,26802,0.01,0.08,13.226,13.166,13.031,23583.47,20109.86,16970.13,1.07,2462
9/8/2021,12.19,12.33,12.09,12.05,253485.12,-0.1,-0.82,11.872,11.67,12.076,225786.6,248441.14,221815.69,1.34,2463
9/8/2021,3.91,4.14,4.13,3.91,218251.72,0.19,4.82,4.136,4.273,3.869,200311.79,263958.97,272383.7,4.18,2464
9/8/2021,11.27,11.34,11.28,11.13,318981.66,0.01,0.09,11.158,11.126,10.694,430859.5,536056.8,545571.38,1.41,2465
9/8/2021,115.2,123.02,120.03,114.44,645010.81,2.4,2.04,118.14,123.72,116.552,783465.48,759325.23,775766.55,4.38,2466
9/8/2021,4.12,4.28,4.25,4.09,285213.53,0.15,3.66,4.086,4.014,3.961,152670.14,142541.21,137106.41,2.43,2467
9/8/2021,7.57,7.58,7.52,7.47,124436.94,-0.02,-0.27,7.496,7.233,7.026,201489.72,164051.6,126805.02,0.83,2468
9/8/2021,6.6,6.68,6.63,6.52,148351.38,0.03,0.46,6.512,6.455,6.332,157792.96,178014.23,168986.41,2.86,2469
9/8/2021,3.34,3.43,3.33,3.23,1197102.75,-0.01,-0.3,3.298,3.186,2.727,1496607.85,1159389.81,941479.14,4,2470
9/8/2021,3.31,3.37,3.36,3.27,331910.59,0.05,1.51,3.204,3.127,3.096,334165.3,306082.86,227626.93,2.62,2471
9/8/2021,22.33,22.72,22.09,22.03,145779.66,-0.5,-2.21,22.54,23.647,22.802,192808.72,206348.37,197827.45,2.22,2472
9/8/2021,5.83,5.87,5.84,5.75,15381.07,0.03,0.52,5.836,5.935,5.783,8429.58,10798.79,11066.85,0.96,2473
9/8/2021,6.25,6.37,6.35,6.23,98141.23,0.1,1.6,6.226,6.156,6.176,71399.32,66652.29,73230.97,2,2474
9/8/2021,35.33,36.84,36.12,35.25,967056.62,1.01,2.88,34.99,35.404,37.034,621559.76,759179.78,692130.33,1.38,2475
9/8/2021,4.8,4.8,4.66,4.43,540628.12,0.01,0.21,4.326,4.158,3.957,211444.22,142901.04,105224.88,8.83,2476
9/8/2021,4.87,4.9,4.88,4.83,48311.34,0.03,0.62,4.828,4.783,4.655,53145.07,63071.57,46950.08,0.81,2478
9/8/2021,6.29,6.53,6.52,6.25,201790.5,0.25,3.99,6.304,6.19,5.968,142012.99,137910.61,108396.25,2.34,2479
9/8/2021,5.13,5.14,5.09,5.07,108059.88,-0.04,-0.78,5.144,5.218,5.075,115540.42,256029.11,242324.73,1.68,2480
9/8/2021,10.52,10.61,10.5,10.43,78084,-0.05,-0.47,10.392,10.564,10.789,85589.05,94517.6,71229.26,0.71,2481
9/8/2021,2.72,2.81,2.8,2.71,211255.64,0.08,2.94,2.71,2.63,2.567,215815.59,163354.67,120695.1,1.38,2482
9/8/2021,6.29,6.72,6.58,6.29,502373.91,0.29,4.61,6.156,5.929,5.818,333913.61,250038.14,200973.83,5.82,2483
9/8/2021,18.21,18.42,17.99,17.93,112214.5,-0.24,-1.32,18.168,18.402,19.36,123972.59,141596.25,154262.04,1.45,2484
9/8/2021,5.05,5.17,5.16,5.02,37830.9,0.11,2.18,5.054,5.075,5.232,23638.03,27494.95,36289.08,0.7,2485
9/8/2021,2.67,2.79,2.75,2.67,169168.92,0.07,2.61,2.676,2.643,2.638,96010.64,80602.94,70405.42,2.03,2486
9/8/2021,14.34,15.53,14.39,13.95,451646.09,0.26,1.84,13.512,12.368,11.151,440746.06,289032.56,234975.6,8.27,2487
9/8/2021,6.32,6.37,6.33,6.3,89467.01,0.01,0.16,6.304,6.243,6.32,120288.12,113039.28,114820.3,0.98,2488
9/8/2021,3.68,3.75,3.74,3.65,330576.28,0.06,1.63,3.692,3.733,3.593,271029.2,533910.78,375331.49,1.76,2489
9/8/2021,5.2,5.35,5.29,5.09,295426.78,0.13,2.52,5.26,5.067,4.787,350317.43,340633.72,213843.77,5.45,2490
9/8/2021,4.32,4.38,4.36,4.23,463762.91,0.07,1.63,4.116,3.946,3.873,391722.99,245092.52,167821.89,3.91,2491
9/8/2021,6.25,6.25,6.14,6.09,167081.44,-0.13,-2.07,6.292,6.326,6.301,274159.32,215061.68,172489.89,4.2,2492
9/8/2021,21.19,22.85,22.24,21.08,1338485.88,1.1,5.2,20.676,19.737,19.515,1060291.8,798186.37,716869.62,1.41,2493
9/8/2021,4,4.2,4.19,3.98,102872.02,0.2,5.01,3.982,3.903,3.772,78038.95,70359.25,53506.08,3.49,2494
9/8/2021,2.72,2.84,2.83,2.68,210107.42,0.14,5.2,2.654,2.612,2.647,175532.34,144184.68,157120.14,2.94,2495
9/8/2021,2.94,2.97,2.96,2.93,143633.8,-0.01,-0.34,2.954,2.976,3.038,135044.71,195745.6,160536.07,1.4,2496
9/8/2021,36.1,37.63,36.56,35.63,1237366.25,-0.58,-1.56,34.554,33.313,31.219,1400094.36,1288758.83,969865.05,11.87,2497
9/8/2021,4.66,4.67,4.55,4.54,575162.75,-0.11,-2.36,4.606,4.483,4.385,771902.96,737627.39,936231.29,1.73,2498
9/8/2021,5.58,5.58,5.56,5.52,2662.73,-0.02,-0.36,5.608,5.62,5.619,4031.29,3608.39,4353.65,0.14,2499
9/8/2021,6.92,7.06,6.92,6.88,428181.53,0.01,0.14,6.846,6.718,6.643,425009.47,343580.07,309966.51,1.19,2500
9/8/2021,2.29,2.33,2.32,2.27,106846,0.03,1.31,2.314,2.325,2.314,88937.79,91369.72,107343.91,0.31,2501
9/8/2021,5.06,5.22,5.18,5.06,147128,0.12,2.37,5.062,5.06,5.023,133621.19,143164.96,168161.59,1.77,2502
9/8/2021,1.64,1.8,1.8,1.63,2475699.75,0.16,9.76,1.64,1.594,1.569,1640438.27,1366950.36,1132930.51,9.74,2503
9/8/2021,1.79,1.88,1.84,1.78,128772.22,0.05,2.79,1.818,1.774,1.709,161026.36,142345.8,117692.19,3.11,2504
9/8/2021,2.36,2.45,2.45,2.35,1101503.5,0.08,3.38,2.39,2.376,2.415,741870.31,628900.73,598455.34,2.01,2505
9/8/2021,4.8,4.81,4.68,4.62,2258348.75,-0.12,-2.5,4.954,5.173,5.032,2934963.95,2929625.48,3102006.09,3.86,2506
9/8/2021,27.6,28.18,27.92,27.57,72452.12,0.12,0.43,27.34,27.168,28.253,99391.82,111040.01,127112.89,0.93,2507
9/8/2021,36.36,36.4,36.18,35.58,74588.21,0.3,0.84,35.76,36.454,38.854,91212.7,95612.47,84583.07,0.8,2508
9/8/2021,4.46,4.55,4.49,4.42,338136.69,0.05,1.13,4.398,4.322,4.35,316580.62,294632.31,331039.7,3.63,2510
9/8/2021,17.39,17.68,17.52,17.15,316699.59,0.2,1.16,17.26,18.179,19.92,305883.67,321531.45,282848.14,2.47,2511
9/8/2021,3.49,3.54,3.53,3.48,191115.88,0.04,1.15,3.522,3.453,3.366,208432.67,273137.38,199918.42,2.17,2512
9/8/2021,5.19,5.3,5.27,5.17,30787,0.09,1.74,5.07,5.005,4.877,26179.62,24332.64,22934.88,0.98,2513
9/8/2021,4.81,5.06,5.03,4.76,279032.03,0.21,4.36,4.86,4.914,4.945,228987.68,186697.09,163878.34,7.02,2514
9/8/2021,5.45,5.52,5.46,5.43,137604.69,0,0,5.478,5.426,5.271,179397.96,253331.55,242187.11,1.54,2515
9/8/2021,5.6,5.64,5.59,5.55,109332,-0.01,-0.18,5.606,5.751,5.98,124258.19,169188.52,225237.6,1.15,2516
9/8/2021,4.4,4.59,4.59,4.4,572606.12,0.42,10.07,4.192,4.094,3.995,295754.95,275543.44,242135.74,3.47,2517
9/8/2021,27.73,28.75,28,27.56,310010.62,-1.18,-4.04,29.028,31.197,34.267,267902.57,354782.79,402823.13,5.48,2518
9/8/2021,4.11,4.18,4.16,4.1,188622.92,0.05,1.22,4.108,4.091,4.104,108350.99,106782.52,129513.44,1.86,2519
9/8/2021,10.22,10.65,10.58,10.12,327677.19,0.28,2.72,10.402,10.62,9.952,321678.32,433408.37,404885.2,5.94,2520
9/8/2021,6.76,6.99,6.94,6.74,98051.8,0.16,2.36,6.774,6.684,6.564,66075.46,66375.35,63605.92,2.43,2521
9/8/2021,7.53,7.62,7.44,7.4,206650.16,-0.06,-0.8,7.35,7.358,7.336,232306.82,242592.5,264834.16,2.41,2522
9/8/2021,2.51,2.58,2.57,2.5,204996.2,0.06,2.39,2.522,2.48,2.42,163721.41,147105.55,128285.08,1.47,2523
9/8/2021,10.82,10.88,10.79,10.69,63660.06,-0.03,-0.28,10.762,10.596,10.799,83127.61,78930.1,72699.17,1.29,2524
9/8/2021,2.21,2.32,2.3,2.2,820169.44,0.08,3.6,2.216,2.183,2.117,445652.33,449569.72,386519.48,4.66,2526
9/8/2021,9.99,10.6,10.52,9.94,176136.5,0.54,5.41,10.012,9.744,9.466,130503.11,130661.48,125819.78,3.6,2527
9/8/2021,3.54,3.62,3.61,3.53,74356.8,0.08,2.27,3.512,3.462,3.458,56005.29,49560.83,45532.22,0.71,2528
9/8/2021,17.36,17.52,16.64,16.45,218956.77,-0.71,-4.09,17.342,18.737,18.287,238992.24,263423.77,279496.55,8.42,2529
9/8/2021,6.7,7,6.95,6.62,225299.2,0.23,3.42,6.822,6.409,6.356,293205.87,210964.1,169965.5,3.47,2530
9/8/2021,14.97,15.9,15.17,14.76,1149675.5,0.44,2.99,14.558,13.558,12.261,1020976.02,777236.79,672563.65,6.5,2531
9/8/2021,11.51,12.5,12.2,11.32,1255133.5,0.54,4.63,11.318,11.172,10.67,946561.27,1052270.12,1081472.94,10.38,2532
9/8/2021,9.29,9.3,8.8,8.72,354613.25,-0.3,-3.3,9.102,9.102,9.315,474267.77,383561.94,388413.35,5.93,2533
9/8/2021,23.28,23.3,22.25,22.12,73557.33,-0.91,-3.93,21.604,20.968,20.272,81051.51,68613.29,74488.84,1.01,2534
9/8/2021,1.88,1.93,1.91,1.86,152990.5,0.03,1.6,1.89,1.919,1.904,126676.86,177841.16,216496.83,2.69,2535
9/8/2021,8.86,9.12,8.96,8.82,227634.08,0.05,0.56,8.714,8.755,8.689,172342.24,209444.13,205741.74,4.83,2536
9/8/2021,5.96,6.2,6.1,5.92,498856.16,0.13,2.18,5.864,5.723,5.69,352480.83,347450,299998.56,4.25,2537
9/8/2021,10.94,11.45,11.05,10.63,679399.69,0.33,3.08,10.828,10.852,9.852,783979.24,888027.13,795208.42,8.15,2538
9/8/2021,16.53,17.36,16.82,15.9,602164,-0.08,-0.47,16.364,15.051,12.722,671661.81,704611.64,558241.29,9.15,2539
9/8/2021,5.71,5.9,5.83,5.7,183670.66,0.14,2.46,5.694,5.721,5.537,156860.99,187746.32,161573.1,2.05,2540
9/8/2021,51.43,52.27,51.24,50.7,39238.36,-0.56,-1.08,52.63,54.07,55.215,48558.07,51866.28,38124.32,1.04,2541
9/8/2021,3.03,3.11,3.1,3.02,328438.75,0.07,2.31,3.004,2.929,2.869,255121.48,206949.55,166320.36,2.26,2542
9/8/2021,8.7,8.86,8.75,8.67,46716.32,0.05,0.57,8.75,8.667,8.269,44443.09,63970.15,65299.93,0.74,2543
9/8/2021,13.58,13.74,13.65,13.46,102948.4,0.06,0.44,13.112,12.896,13.076,85591.91,100042.05,90071.65,1.56,2544
9/8/2021,10.53,10.65,10.57,10.3,211166,-0.01,-0.1,10.394,10.312,9.658,236787.26,338411.18,327177.94,1.96,2545
9/8/2021,4.3,4.34,4.29,4.25,98377.53,0.01,0.23,4.248,4.201,4.074,106512.47,117694.31,100925.59,1.25,2546
9/8/2021,4.49,4.59,4.55,4.45,323431.38,0.06,1.34,4.458,4.607,4.707,301805.67,449711.44,668239.22,3.95,2547
9/8/2021,5.3,5.44,5.43,5.28,105540.88,0.13,2.45,5.29,5.2,5.21,67848.11,56284.48,48916.17,1.96,2548
9/8/2021,13.3,13.45,13.18,13.11,106689.27,-0.2,-1.5,13.418,13.336,13.066,139618.75,213201.73,237608.07,1.72,2549
9/8/2021,4.4,4.43,4.42,4.38,106308.64,0.02,0.46,4.376,4.299,4.345,105977.08,103985.79,131133.83,1.15,2550
9/8/2021,5.1,5.16,5.16,5.08,83371.47,0.06,1.18,5.076,5.035,5.131,68441.29,68650.92,70781.88,1.44,2551
9/8/2021,15.03,15.5,15.29,14.8,66053.18,0.23,1.53,14.818,13.835,12.932,87584.77,65195.41,41947.22,2.86,2552
9/8/2021,11.75,11.93,11.88,11.64,59511.89,0.11,0.94,12.004,12.528,12.792,82683.48,89988.24,104292.79,2.54,2553
9/8/2021,3.33,3.41,3.38,3.33,291768.88,0.05,1.5,3.302,3.252,3.098,293176.4,330693.82,282848.3,3.4,2554
9/8/2021,21.3,23.42,23.2,21.05,806276.19,1.9,8.92,20.92,19.115,18.465,747255.8,600072.34,414693.97,5.62,2555
9/8/2021,10.21,10.47,10.43,10.1,137320.09,0.25,2.46,10.102,9.997,9.777,99717.19,95275.68,83087.52,1.67,2556
9/8/2021,43.7,44.19,42.4,42.1,86278.86,-1.82,-4.12,40.6,39.462,40.481,81202.54,70598.69,66279.03,1.7,2557
9/8/2021,11.02,11.88,11.82,10.95,352294.62,0.87,7.95,10.888,10.61,10.603,171037.28,136160.92,110192.35,1.74,2558
0,,,,,,,,,,,,,,,2559
9/8/2021,6.44,6.61,6.53,6.44,138850.72,0.06,0.93,6.48,6.381,6.455,145358.55,144730.09,211057.96,3.85,2560
9/8/2021,7.07,7.14,7.12,7.04,17457.63,0.06,0.85,7.028,6.965,6.893,14186.68,12431.42,9230.74,0.42,2561
9/8/2021,3.78,4.15,4.07,3.77,443840,0.3,7.96,3.786,3.733,3.754,139497.61,97815.04,78790.42,6.34,2562
9/8/2021,9.33,9.4,9.15,9.12,157557.73,-0.15,-1.61,9.136,9.263,9.349,121090.5,124634.93,111081.13,0.83,2563
9/8/2021,4.93,5,4.98,4.85,429779.19,0.06,1.22,4.872,4.725,4.715,423708.89,351562.84,368242.43,4.95,2564
9/8/2021,4.8,4.84,4.77,4.64,495272.47,-0.02,-0.42,4.444,4.025,3.751,658276.63,416538.04,259339.43,4.69,2565
9/8/2021,7.58,8.04,7.96,7.58,81698.47,0.37,4.88,7.548,7.411,7.403,49751.6,37523.43,33041.19,3.52,2566
9/8/2021,6.04,6.14,6.09,6.03,158380.33,0.05,0.83,6.01,5.916,5.936,117655.11,98768.45,88675.18,1.66,2567
9/8/2021,70.95,71.1,66.86,66.1,89554.58,-4.14,-5.83,69.978,71.897,75.351,63873.53,49449.35,42315.97,1.75,2568
9/8/2021,8.31,8.38,8.32,8.21,7101,0.03,0.36,8.206,8.094,8.048,9327.7,8091.4,8639.06,0.51,2569
9/8/2021,5.45,5.62,5.58,5.43,401018.53,0.13,2.38,5.488,5.514,5.657,288252.9,311372.03,427477.55,3.92,2570
9/8/2021,8,8.05,7.93,7.9,91449.01,-0.09,-1.12,8.04,7.983,7.759,133596.79,143502.24,123963.79,3.07,2571
9/8/2021,19.78,20.13,19.48,19.41,185453.78,-0.25,-1.27,19.534,19.234,19.701,146242.1,147299.56,125537.44,2.91,2572
9/8/2021,6,6.09,6.02,5.93,195707,-0.01,-0.17,6.004,5.657,5.317,286963.16,244754.21,143743.07,1.81,2573
9/8/2021,5.43,5.73,5.71,5.41,228477.05,0.25,4.58,5.51,5.377,5.066,241625.34,198587.15,129469.15,4.33,2574
9/8/2021,4.86,4.89,4.88,4.78,34382.75,0,0,4.974,5.05,5.12,24192.43,24834.03,24433.91,0.58,2575
9/8/2021,14.98,15.15,15.03,14.58,105934.41,0,0,14.786,14.179,13.527,151440.95,116207.64,89206.05,6.44,2576
9/8/2021,10.82,11.06,11.02,10.8,35428.88,0.19,1.75,10.798,10.615,10.543,29273.87,25879.06,22773.33,1.25,2577
9/8/2021,4.16,4.53,4.26,4.03,1182116.88,0.13,3.15,3.942,3.875,3.708,472730.07,446025.79,336104.14,13.34,2578
9/8/2021,10.9,11.15,11.07,10.88,58451.49,0.1,0.91,10.82,10.914,11.261,81282.73,85766.99,97174.05,1.03,2579
9/8/2021,10.06,10.2,10.01,9.92,173564.95,-0.1,-0.99,10.004,10.37,10.384,193486.91,308850.27,362117.19,5.58,2580
9/8/2021,15.51,15.67,15.45,15.35,102740,-0.01,-0.07,15.326,15.383,15.703,103353.22,114473.63,122439.59,2.56,2581
9/8/2021,8.98,9.1,9.1,8.97,62581.4,0.11,1.22,9.01,9.045,9.008,55930.53,67290.06,60982.37,1.77,2582
9/8/2021,5.18,5.23,5.2,5.13,164559.53,0.02,0.39,5.174,5.068,4.909,167115.89,178417.1,159127.51,1.51,2583
9/8/2021,7.37,7.45,7.4,7.28,220573.05,0.03,0.41,7.2,7.226,6.954,226194.61,283279.82,304051.87,5.6,2584
9/8/2021,28.35,29.68,28.38,28.15,253373.16,0.31,1.1,27.838,27.921,26.807,191188.02,225058.44,281740.47,2.92,2585
9/8/2021,2.66,2.68,2.67,2.65,37844,0,0,2.678,2.719,2.714,38491.93,43939.61,41158,0.42,2586
9/8/2021,4.74,4.89,4.89,4.73,122210.7,0.14,2.95,4.79,4.759,4.693,91097.35,86279.07,83883.59,2.58,2587
9/8/2021,7.1,7.22,7.12,6.98,297807.91,0,0,6.972,6.792,6.398,311507.39,357437.14,291770.37,3.74,2588
9/8/2021,3.97,3.99,3.98,3.93,144620.73,0.02,0.51,3.904,3.84,3.833,145693.81,121432.9,105534.59,1.26,2589
9/8/2021,8.09,8.14,8.13,7.98,108643.02,0.07,0.87,8.02,7.933,7.995,92138.67,72716.52,76264.64,2.38,2590
9/8/2021,5.52,5.78,5.74,5.51,75043.29,0.22,3.99,5.534,5.495,5.428,40004.47,34024.54,29723.58,3.4,2591
9/8/2021,7.86,8.39,8.39,7.83,197763,0.4,5.01,8.17,8.526,8.826,179643.65,210671.98,223457.88,7.57,2592
9/8/2021,4.26,4.4,4.35,4.16,148378,0.1,2.35,4.308,4.305,4.13,96506.72,112155.53,96100.33,3.17,2593
9/8/2021,277.9,279.28,269.59,268.61,182578.06,-6.36,-2.31,268.85,274.017,283.08,248241.79,280421.47,279548.25,1.58,2594
9/8/2021,27.41,27.8,27.33,27.15,19039.25,-0.08,-0.29,27.418,27.423,28.771,38698.42,39034.81,36460.12,0.36,2595
9/8/2021,3.96,4.02,4.02,3.93,170713.09,0.07,1.77,3.958,3.827,3.848,232286.42,183971.33,135726.71,1.64,2596
9/8/2021,42.68,44.9,44.9,41.7,551386.94,4.08,9.99,38.926,37.427,35.751,219890.78,176507.7,145555.7,9.86,2597
9/8/2021,13.25,13.55,12.77,12.74,258696.12,-0.51,-3.84,13.176,13.808,12.441,323833.2,347264.09,344661.23,9.58,2598
9/8/2021,9.49,9.66,8.88,8.85,496202.81,-0.57,-6.03,9.156,9.467,8.16,655957.53,691347.91,643102.64,12.39,2599
9/8/2021,7.19,7.3,7.21,7.16,623191.06,0.04,0.56,7.058,6.936,7.016,644610.79,615605.5,634537.87,0.92,2600
9/8/2021,34.95,36.18,34.99,34.53,475171.41,0.01,0.03,34.7,35.287,34.397,423034.05,547113.33,557539.66,3.12,2601
9/8/2021,6.78,7.25,7.2,6.77,1507007.62,0.42,6.2,6.752,6.448,5.914,1077596.06,946050.05,656872.18,3.09,2602
9/8/2021,17.69,17.73,17.61,17.54,110627.87,-0.03,-0.17,17.44,17.353,17.76,138267.78,150746.09,155893.12,0.8,2603
9/8/2021,18.07,19.12,18.92,18.07,95376.49,0.94,5.23,17.804,17.403,17.477,49782.32,42709.94,34805.96,2.95,2605
9/8/2021,8.02,8.07,8.02,7.9,134415.31,-0.03,-0.37,8.09,7.847,7.653,228472.41,193071.57,158527.33,3.31,2606
9/8/2021,11.4,11.93,11.85,11.33,936929.75,0.53,4.68,11.246,10.97,11.226,772359.09,713456.19,621116.84,5.7,2607
9/8/2021,6.75,7.11,7.11,6.74,166235.61,0.37,5.49,6.808,6.52,6.272,117860.25,80571.93,49714.77,0.44,2608
9/8/2021,10.08,10.15,10.12,10.03,27800.4,0.03,0.3,10.054,10.225,10.386,37181.12,44207.88,49246.52,0.62,2609
9/8/2021,5.17,5.44,5.32,5.02,8329822,0.25,4.93,4.878,4.504,3.694,7559501.8,8738428.9,7743090.44,19,2610
9/8/2021,6.52,6.86,6.64,6.36,493738.28,0.04,0.61,6.654,6.366,6.06,831902.62,641366.66,692313.73,4.53,2611
9/8/2021,32.58,33.19,32.25,32.04,85417.24,-0.35,-1.07,31.9,32.069,33.495,111176.19,110179.23,127832.3,3.39,2612
9/8/2021,3.92,4.01,4,3.87,165060.41,0.07,1.78,3.948,3.865,3.732,207843.65,195565.57,142267.5,2.89,2613
9/8/2021,15.18,15.3,15.16,15.05,62785.53,0.05,0.33,14.914,14.954,15.477,72318.6,83973.63,80292.62,1.4,2614
9/8/2021,5.54,5.57,5.56,5.47,33974.5,0.06,1.09,5.49,5.484,5.287,51344.4,72508.26,82163.76,1.47,2615
9/8/2021,5.83,5.97,5.96,5.79,89637.32,0.18,3.11,5.78,5.904,6.149,67678.71,77237.58,62508.1,1.91,2616
9/8/2021,13.84,15.22,14.84,13.61,2818212.5,1,7.22,13.18,13.136,12.881,1331667.64,1123980.79,966663.32,21.79,2617
9/8/2021,3.09,3.11,3.07,3.04,273254.62,-0.05,-1.6,3.122,3.052,3.013,274598.77,302599.8,267210.13,4.99,2618
9/8/2021,1.68,1.74,1.62,1.62,1070677,-0.08,-4.71,1.66,1.537,1.427,1063762.6,782007.11,588255.93,7.48,2619
9/8/2021,8.33,8.53,8.22,8.16,124574.5,-0.15,-1.79,8.358,7.992,7.823,180955.55,187505.45,141876.15,4.02,2620
9/8/2021,4.48,4.55,4.55,4.45,59689.68,0.08,1.79,4.488,4.583,4.546,42466.27,68787.45,63653.7,0.75,2621
9/8/2021,5.2,5.3,5.21,5.14,273630,-0.01,-0.19,5.234,5.152,5.006,439343.78,539338.39,424290.63,3.26,2622
9/8/2021,41.9,45,44.67,41.8,117116.62,2.52,5.98,40.556,39.124,39.651,94686.41,87914.44,73571.6,7.34,2623
9/8/2021,16.4,17.92,17.68,16.4,1005825.38,1.33,8.13,16.014,15.117,14.973,667945.38,539020.05,416817.51,5.5,2624
9/8/2021,22.32,22.5,22.02,21.86,226936.19,-0.28,-1.26,22.084,22.46,23.265,249273.87,307279.15,471937.4,1.52,2625
9/8/2021,32.11,32.97,32.59,31.95,48836.47,0.48,1.5,32.13,31.969,33.132,43414.98,50789.4,52799.79,0.79,2626
9/8/2021,5.96,6.16,6.15,5.92,190680.08,0.19,3.19,5.974,5.87,5.812,146909.45,109491.57,104560.64,3.58,2627
9/8/2021,3.39,3.44,3.43,3.38,114355.01,0.03,0.88,3.396,3.334,3.304,109727.93,102401.64,85716.9,1.54,2628
9/8/2021,2.63,2.64,2.63,2.6,38230,-0.02,-0.76,2.636,2.664,2.706,30072.11,29489.6,29918.72,1.11,2629
9/8/2021,2.65,2.71,2.67,2.61,496824,0.04,1.52,2.598,2.517,2.523,519254.71,455629.6,359704.49,5.11,2630
9/8/2021,9.38,9.72,9.35,9.11,268645.31,-0.03,-0.32,9.296,9.392,8.285,335464.81,507680.25,297376.24,4.1,2631
9/8/2021,7.15,7.33,7.33,7.11,119269,0.2,2.81,7.108,7.178,7.607,94635.24,109127.63,143934.32,2.03,2632
9/8/2021,8.01,8.06,8.04,7.96,8550.02,0.02,0.25,8,8.049,7.919,9306.17,10124.79,10838,0.57,2633
9/8/2021,6.3,6.55,6.34,6.27,53482.04,0.04,0.64,6.274,6.065,5.888,40250.87,49518.58,41517.86,1.44,2634
9/8/2021,13.06,13.71,13.68,13.02,149002.89,0.68,5.23,12.902,12.662,12.647,78672.92,63495.83,51839.07,3.59,2635
9/8/2021,17.16,17.62,17.59,16.92,239560.45,0.55,3.23,16.802,16.567,15.802,181555.59,211308.68,173181.89,3.31,2636
9/8/2021,17.86,17.98,17.88,17.59,82364.56,0.03,0.17,17.464,17.379,17.605,118533.25,121787.76,137116.18,2.08,2637
9/8/2021,2.01,2.16,2.14,2,496702.47,0.13,6.47,1.978,1.943,1.931,349660.13,305782.3,278606.05,4.99,2638
9/8/2021,7.75,7.94,7.81,7.68,308817.31,0.03,0.39,7.754,7.824,8.13,282395.39,384244.87,629378.29,5.53,2639
9/8/2021,2.49,2.58,2.56,2.48,654666,0.02,0.79,2.51,2.464,2.367,764571.91,776458.41,681651.41,5.23,2640
9/8/2021,5.52,5.77,5.57,5.45,211701.8,0.12,2.2,5.304,5.186,5.431,124408.41,115029.36,95240.6,1.87,2641
9/8/2021,4.99,5.16,5.13,4.96,222705,0.13,2.6,4.94,4.841,4.674,194535.47,211672.53,146054.73,3.81,2642
9/8/2021,21.4,21.58,20.81,20.6,129196.11,-0.36,-1.7,20.574,20.558,20.144,113750.41,114131.71,118196.14,1.44,2643
9/8/2021,7.48,7.52,7.5,7.41,17339.78,0.04,0.54,7.404,7.304,7.385,20552.47,18379.91,19196.83,0.34,2644
9/8/2021,20.28,20.63,20.24,20.06,62211.14,-0.19,-0.93,20.256,20.8,20.008,102903.3,144007.86,135853.19,1.36,2645
9/8/2021,20.05,20.23,20.05,19.78,118252.22,-0.08,-0.4,19.75,19.42,19.727,146122.64,132931.5,141744.31,2.63,2646
9/8/2021,7.49,8.28,8.28,7.45,690033.19,0.75,9.96,7.66,7.538,7.801,324366.79,275403.58,285372.83,12.32,2647
9/8/2021,39.98,40.96,40.12,39.7,113721.24,0.2,0.5,40.258,40.885,41.977,181138.79,191617.58,192833.13,0.66,2648
9/8/2021,10.54,10.68,10.61,10.44,142161.52,0.1,0.95,10.474,10.343,10.133,146254.26,138498.35,128877.96,3.03,2649
9/8/2021,4.91,4.94,4.94,4.86,168276,0.03,0.61,4.842,4.823,5.041,181182.49,202037.79,208305,1.46,2650
9/8/2021,14.77,14.98,14.59,14.51,56366.7,-0.21,-1.42,14.624,14.739,15.206,77746.96,123188.08,117972.19,1.03,2651
9/8/2021,3.35,3.48,3.43,3.35,105020.23,0.07,2.08,3.334,3.298,3.254,67661.09,55292.05,44510.14,2.26,2652
9/8/2021,17.16,17.48,17.4,16.96,26207.27,0.2,1.16,17.138,17.331,18.777,33158.32,42883.19,34658.15,0.55,2653
9/8/2021,3.9,4.01,4,3.88,153476.69,0.1,2.56,3.894,3.859,3.917,98569.07,92848.94,91258.08,2.01,2654
0,,,,,,,,,,,,,,,2655
9/8/2021,2.6,2.62,2.62,2.53,228854.02,0.02,0.77,2.612,2.668,2.785,364508.04,401074.44,435339.58,3.84,2656
9/8/2021,11.2,11.34,11.25,11.16,56337.55,0.07,0.63,10.938,10.672,10.405,60900.36,55423.35,42909.8,1.98,2657
9/8/2021,9.39,9.69,9.63,9.31,190551.28,0.24,2.56,9.484,9.325,9.215,159388.19,160845.77,131547.65,5.73,2658
9/8/2021,3.67,3.85,3.83,3.67,124983.21,0.15,4.08,3.712,3.668,3.525,96660.89,109146.9,104546.16,2.12,2659
9/8/2021,7.61,7.86,7.69,7.54,91934.53,0.13,1.72,7.542,7.564,7.88,84289.59,83989.2,95841.51,4.35,2660
9/8/2021,10.64,10.74,10.72,10.6,32784.67,0.08,0.75,10.612,10.498,10.69,34312.22,38250.26,40698.82,0.99,2661
9/8/2021,4.07,4.12,4.11,4.03,518788.38,0.06,1.48,4.032,3.984,3.978,447114.87,410096.98,427312.34,3.46,2662
9/8/2021,2.09,2.19,2.18,2.08,289244.53,0.09,4.31,2.098,2.039,1.954,206582.96,232624.79,192203.35,2.22,2663
9/8/2021,19.78,20.23,19.54,19.13,79239.34,-0.24,-1.21,19.486,18.866,18.25,98596.67,112219.54,135478.31,2.02,2664
9/8/2021,2.64,2.69,2.64,2.62,1515973.12,0.03,1.15,2.652,2.565,2.517,2225607.7,1784931.06,1739161.65,6.18,2665
9/8/2021,5.8,5.85,5.83,5.74,102123.23,0.02,0.34,5.678,5.722,5.668,120468.8,141139.7,137072.82,2.28,2666
9/8/2021,27.71,28.15,26.99,26.99,85043.8,-0.72,-2.6,27.398,28.211,29.823,115652.11,158781.09,221415.37,3.68,2667
9/8/2021,5.55,5.75,5.68,5.55,658010.12,0.07,1.25,5.79,5.83,5.691,246175.81,219667.65,281769.94,6.82,2668
9/8/2021,13.35,13.36,12.95,12.91,67981.71,-0.28,-2.12,13.138,12.716,11.993,122645.93,111233.18,79893.72,2.71,2669
9/8/2021,9.9,10.25,10.1,9.88,385406.88,0.13,1.3,9.934,9.717,9.687,383383.34,303905.96,299173.87,2.37,2670
9/8/2021,4.12,4.25,4.23,4.1,93933.73,0.13,3.17,3.992,3.889,3.817,72658.61,56780.06,44913.3,2.07,2671
9/8/2021,7.39,7.61,7.54,7.39,87841.47,0.15,2.03,7.39,7.236,7.072,68617.1,76975.2,58461.77,1.29,2672
9/8/2021,8.49,8.68,8.46,8.42,710481.44,0.02,0.24,8.374,8.241,8.158,674087.44,592039.47,694468.26,1.73,2673
9/8/2021,13.28,13.58,13.29,13.2,28862,0.02,0.15,13.06,13.413,14.087,29681.15,33597.32,41742.76,1,2674
9/8/2021,16.85,17.16,16.58,16.5,61216.2,-0.17,-1.01,16.51,16.234,16.981,68308.85,65958.55,54446.93,0.83,2675
9/8/2021,4.39,4.47,4.43,4.35,155198.55,0.03,0.68,4.294,4.257,4.277,156236.33,146473.41,203588.33,2.16,2676
9/8/2021,15.02,15.49,15.39,15.02,58396.54,0.37,2.46,15.032,15.028,15.407,45968.99,42641.64,48503.24,1.4,2677
9/8/2021,7.23,7.34,7.28,7.19,48863.53,0.05,0.69,7.2,7.17,7.264,51738.73,57582.27,90808.01,0.36,2678
9/8/2021,15,15.98,15.51,14.87,125436.91,0.65,4.37,14.978,15.158,15.384,72871.6,79325.88,99114.38,5.32,2679
9/8/2021,3.88,4.2,4.13,3.85,642421.5,0.29,7.55,3.878,3.863,3.653,359577.86,567595.27,338790.96,5.73,2681
9/8/2021,3.92,4.03,4.03,3.9,127705.45,0.11,2.81,3.906,3.885,3.761,109218.5,120586.56,160039.8,2.3,2682
9/8/2021,28.62,29.05,28.43,28.03,88258.28,-0.17,-0.59,28.344,28.94,30.025,84939.08,96003.85,99954.23,1.37,2683
9/8/2021,6.08,6.2,6.08,5.92,242994.88,0.18,3.05,5.9,6.157,6.325,135479.76,153119.76,174249.41,5.16,2684
9/8/2021,5.04,5.04,4.99,4.94,195291.8,-0.05,-0.99,5.07,5.157,4.957,203329.33,318093.01,277244.02,2.4,2685
9/8/2021,5.71,5.9,5.88,5.7,62436.56,0.16,2.8,5.744,5.84,6.007,45506.99,46578.79,44099.06,1.59,2686
9/8/2021,8.29,8.42,8.09,8.04,90752.73,-0.16,-1.94,8.114,8.505,9.429,155228.94,190654.55,222699.53,3.26,2687
9/8/2021,6.11,6.17,6.16,6.1,69559.6,0.04,0.65,6.102,6.054,6.235,64264.81,68730.18,68545.75,1.12,2688
9/8/2021,3.28,3.36,3.35,3.25,142249.44,0.07,2.13,3.272,3.23,3.171,105684.43,95997.29,89209.21,1.37,2689
9/8/2021,42.4,43.46,42.41,42.3,19783.52,0.02,0.05,42.132,42.587,43.489,28006.74,32440.97,34506.67,0.59,2690
9/8/2021,4.78,4.84,4.8,4.76,25646.1,0.01,0.21,4.776,4.8,4.69,35957.24,37350.6,43168.54,0.76,2691
9/8/2021,2.93,3,2.99,2.92,87207.76,0.06,2.05,2.926,2.885,2.87,67606.82,52272.41,57036.31,1.28,2692
9/8/2021,4.31,4.39,4.38,4.31,46535.88,0.05,1.16,4.296,4.242,4.201,46631.92,37790.95,32161.49,1.15,2693
9/8/2021,3.01,3.26,3.25,2.99,263309.12,0.23,7.62,3.064,3.087,3.001,125449.54,136365.15,117213.66,4.97,2694
9/8/2021,14.44,14.55,14.37,14.35,41052.65,-0.06,-0.42,14.24,14.201,14.474,53803.18,49872.81,45525.09,0.88,2695
9/8/2021,4.86,4.94,4.91,4.85,35449.4,0.06,1.24,4.822,4.757,4.748,28432.82,29918.79,26813.16,1.02,2696
9/8/2021,4.78,4.92,4.91,4.77,165919.06,0.13,2.72,4.78,4.703,4.731,98929.51,94466.85,103934.81,1.54,2697
9/8/2021,13.13,13.19,13.14,13.06,32413.81,0,0,13.072,13.217,13.245,48763.16,53189.08,51160.51,0.41,2698
9/8/2021,4.41,4.73,4.71,4.39,371323.91,0.28,6.32,4.342,4.234,4.203,166318.51,123850.16,130000.99,4.08,2699
9/8/2021,4.92,4.95,4.91,4.85,54522.9,-0.03,-0.61,4.85,4.741,4.588,75500.73,66411.82,56573.36,1.73,2700
9/8/2021,6.06,6.32,6.19,6.01,451978.59,0.17,2.82,6.014,5.905,5.85,332279.74,327563.09,287283.22,1.87,2701
9/8/2021,5.25,5.45,5.42,5.24,77996.68,0.16,3.04,5.306,5.382,5.392,52295.9,58020.46,59376.31,2.02,2702
9/8/2021,5.59,5.64,5.64,5.55,56576.68,0.07,1.26,5.562,5.588,5.701,50882.44,59483.52,71164.88,1.02,2703
9/8/2021,22.5,22.86,22.33,22.31,58014.8,-0.27,-1.2,21.928,21.697,21.997,86919.28,106145.02,125505.52,0.71,2705
9/8/2021,15.26,15.7,15.65,15.21,158070.23,0.46,3.03,15.414,15.722,17.078,117226.77,113631.86,113156.49,2.02,2706
9/8/2021,5.18,5.49,5.41,5.15,272572,0.25,4.84,5.218,5.185,4.948,187116,173306.62,143087.19,4.26,2707
9/8/2021,6.23,6.39,6.39,6.2,66620.26,0.16,2.57,6.284,6.333,6.304,59010,66867.19,65243.41,1.68,2708
9/8/2021,141.85,142.5,138.08,136.32,178100,-4.01,-2.82,134.074,134.627,129.653,197667.31,196079.44,195094.13,2.69,2709
9/8/2021,4.46,4.64,4.6,4.44,75573.8,0.15,3.37,4.448,4.386,4.371,43655.93,40797.9,53069.17,1.32,2712
9/8/2021,6.89,6.93,6.88,6.79,24104.21,-0.03,-0.43,6.814,6.841,6.742,21302.34,29485.79,26896.15,0.6,2713
9/8/2021,46.5,47.5,45.93,45.8,394974.25,-0.91,-1.94,45.786,44.46,45.04,532544.58,490163.7,451953.46,1.11,2714
9/8/2021,12.68,12.88,12.77,12.54,7218.5,0.07,0.55,12.618,12.686,12.886,6339.09,5778.99,5347.6,0.52,2715
9/8/2021,3.75,3.97,3.92,3.72,617051.5,0.17,4.53,3.794,3.832,3.829,359742.73,417842.7,551920.04,3.08,2716
9/8/2021,3.15,3.43,3.37,3.13,967012.75,0.25,8.01,3.12,3.039,2.947,407606.17,338342.64,229602.69,8.59,2717
9/8/2021,13.01,13.16,13.13,12.91,5801.33,0.15,1.16,12.942,12.89,12.887,6574.77,7932.85,7464.31,0.87,2718
9/8/2021,10.04,10.14,10.08,9.93,12756,0.03,0.3,10.144,10.292,10.417,13231.72,15804.03,20605.05,0.79,2719
9/8/2021,2.9,3.05,3.03,2.9,211409,0.12,4.12,2.896,2.845,2.843,117795.83,100262.99,78734.71,2.89,2721
9/8/2021,14.18,14.37,14.25,14.02,16646,0.13,0.92,13.99,14.072,13.768,20999.63,23966.92,26112.55,0.95,2722
9/8/2021,13.59,13.69,13.3,13.3,18138.56,-0.38,-2.78,13.44,13.675,13.665,28117.37,33531.47,41315.64,0.73,2723
9/8/2021,17.78,17.82,17.43,17.15,34096.24,-0.34,-1.91,17.376,18.057,18.602,63625.28,80389.2,62205.17,0.94,2724
9/8/2021,6.98,7.06,7.05,6.95,22380.4,0.09,1.29,6.924,6.881,6.897,17735.25,16272.07,18703.33,1.15,2725
9/8/2021,10.79,10.79,10.75,10.52,214045.09,0.02,0.19,10.448,10.077,9.738,196130.22,169353.15,110053.58,2.16,2726
9/8/2021,30.18,30.34,29.83,29.7,72070.56,-0.42,-1.39,30.456,30.303,31.349,79894.23,79380.12,90206.98,1.81,2727
9/8/2021,12.03,12.17,12.15,11.99,30722,0.13,1.08,11.878,11.717,11.874,31173.38,30766.87,29023.91,2.42,2728
9/8/2021,47.8,48.07,47.66,47.35,3043,-0.32,-0.67,47.732,47.974,45.931,3155.74,4742.37,4032.04,0.48,2729
9/8/2021,12.55,12.58,12.12,12.11,27537,-0.3,-2.42,12.204,12.182,12.248,25301.8,26865.08,30886.84,0.9,2730
9/8/2021,6.2,6.34,6.31,6.16,46637.3,0.13,2.1,6.178,6.132,6.031,28794.16,33351.45,25578.87,1.95,2731
9/8/2021,29.07,29.3,29.28,28.68,19185,0.25,0.86,28.592,28.247,28.192,19864.07,19792.53,23435.06,1.23,2732
9/8/2021,20.49,20.76,20.12,20.07,113830.36,-0.5,-2.42,20.418,21.062,21.589,117057.95,161908.97,221278.05,3.12,2733
9/8/2021,11.35,11.55,11.54,11.32,35726.69,0.16,1.41,11.192,11.061,11.135,31432.3,27657.79,28254.06,1.1,2734
9/8/2021,18.82,19.07,18.95,18.7,13543.98,0.08,0.42,18.948,19.211,19.077,13471.08,23160.34,33740.47,1.02,2735
9/8/2021,12.28,12.56,12.28,12.22,423642.09,-0.11,-0.89,12.492,12.256,11.894,565853.74,555652.1,524997.37,0.48,2736
9/8/2021,14.85,15,14.93,14.81,40300.48,0.05,0.34,14.764,14.737,15.08,46644.34,65291.24,66358.09,0.69,2737
9/8/2021,59.5,62.2,60.03,59,177537.12,0.54,0.91,58.542,60.807,58.537,188270.83,234241.34,236004.79,6.83,2738
9/8/2021,14.93,15.25,15.17,14.85,281885.16,0.29,1.95,14.75,14.366,13.928,281674.99,260819.95,238532.6,1.31,2739
9/8/2021,4.07,4.16,4.14,4.05,63823,0.07,1.72,4.05,4.03,4.008,40574.8,42091.26,43953.16,2.61,2740
9/8/2021,23.6,24.1,22.9,22.75,128007.8,-0.96,-4.02,23.766,25.4,24.285,113204.9,167100.28,153438.65,3.99,2741
9/8/2021,6.2,6.76,6.58,6.2,125723.44,0.43,6.99,6.224,6.187,6.031,68028.24,66771.47,76236.83,3.07,2742
9/8/2021,8.41,8.96,8.43,8.38,257474,-0.1,-1.17,8.41,7.883,7.281,301923.16,265248.51,162052.39,6.16,2743
9/8/2021,18.93,19.14,18.76,18.34,376602.84,-0.18,-0.95,17.664,17.272,17.267,389303,320872.04,370176.82,3.91,2745
9/8/2021,6.86,6.86,6.85,6.78,47127.15,0.02,0.29,6.814,6.855,6.979,32740.24,38473.06,38424.19,0.66,2746
9/8/2021,25.26,25.63,25.27,24.81,156640.7,0.03,0.12,25.242,28.441,30.371,291028.73,206958.31,156133.65,2.12,2747
9/8/2021,9.35,9.35,9.35,9.35,15057,0.85,10,8.186,7.969,8.067,24103.02,29940.76,37131.43,0.63,2748
9/8/2021,9.48,9.66,9.64,9.44,19808.44,0.16,1.69,9.434,9.305,9.175,16945.95,14737.27,17555.13,0.71,2749
9/8/2021,7.47,7.55,7.53,7.4,39394.38,0.06,0.8,7.412,7.301,7.297,40562.12,29081.45,25704.56,0.99,2750
9/8/2021,19.02,20.87,20.87,19.02,60379.42,1.9,10.02,19.104,18.835,18.012,49061.54,61960.91,42322.71,4.79,2751
9/8/2021,5.63,5.68,5.65,5.57,36240.11,0.06,1.07,5.58,5.534,5.416,39171.03,39114.79,33527.9,0.44,2752
9/8/2021,11.32,12.02,11.82,11.22,159170.72,0.49,4.33,11.24,11.362,11.213,163019.12,163450.75,137946.49,6.56,2753
9/8/2021,12.41,12.5,12.49,12.35,15759.7,0.08,0.65,12.338,12.257,12.212,15241.81,16457.1,14975.59,0.45,2755
9/8/2021,103.5,108.5,103.5,102.39,87365.62,-0.76,-0.73,104.546,102.797,94.257,103955.12,119032.41,118127.5,3.3,2756
9/8/2021,16.37,16.43,16.09,16.03,46410.25,-0.3,-1.83,16.11,16.185,15.554,52746.61,63924.22,53562.72,1.69,2757
9/8/2021,9.46,9.72,9.68,9.42,35399.15,0.23,2.43,9.404,9.403,9.278,30364.01,34836.78,23411.87,1.82,2758
9/8/2021,37.08,38.15,37.02,36.47,227179.72,-0.75,-1.99,36.934,38.781,39.251,265556.56,324580.97,287283.21,5.65,2759
9/8/2021,22.27,22.79,22.69,22.17,39389,0.42,1.89,22.492,22.386,23.009,38210.6,45598.82,65046.05,4.48,2760
9/8/2021,7.89,8.05,7.99,7.84,39862.59,0.11,1.4,7.872,7.68,7.535,43555.8,34579.81,25429.21,1.64,2761
9/8/2021,10,10.36,10.29,9.94,147852.2,0.25,2.49,10.064,10.177,10.711,107021.09,95740.16,109618.09,7.55,2762
9/8/2021,10.23,10.31,10.22,10.07,58469.31,0.01,0.1,10.01,9.733,9.328,63655.01,67019.94,53183.84,2.96,2763
9/8/2021,7.29,7.44,7.25,7.22,207455,-0.14,-1.89,7.402,7.424,7.219,197219.85,207529.09,165753.01,5.11,2765
9/8/2021,5.11,5.13,4.96,4.85,44781.95,-0.14,-2.75,4.978,4.726,4.501,56612.33,42283.88,27987.38,1.52,2766
9/8/2021,13.36,13.54,13.42,13.26,19149.2,0.08,0.6,13.388,13.147,12.977,21077.02,23615.21,24356.23,1.53,2767
9/8/2021,26.5,27.14,26.72,26.37,34245.63,0.18,0.68,26.632,26.507,25.671,38472.16,42141.07,39598.29,1.94,2768
9/8/2021,6.43,6.6,6.58,6.39,85085.99,0.17,2.65,6.36,6.291,6.111,59347.52,61872.07,58359.28,3.23,2769
9/8/2021,1.98,2,1.99,1.96,116156,0.01,0.51,1.968,1.972,1.937,119879.04,132446.83,125763.32,1.92,2770
9/8/2021,11.24,11.6,11.56,11.16,26152.44,0.37,3.31,11.29,11.434,11.262,16848.6,22389.13,24886.67,1.29,2771
9/8/2021,12.19,12.68,12.41,11.99,211613.78,0.21,1.72,12.048,11.881,12.305,173187.36,169030.9,217099.87,8.15,2772
9/8/2021,18.99,19.38,19.25,18.91,92135.8,0.18,0.94,18.73,18.526,18.569,102473.29,92106.88,80806.52,1.33,2773
9/8/2021,10.07,10.57,10.3,9.95,233799.62,0.06,0.59,10.77,9.938,8.736,272468.81,181528.8,108426.47,8.3,2774
9/8/2021,4.2,4.3,4.29,4.18,43708.97,0.09,2.14,4.184,4.128,4.086,31922.19,31192.72,27208.19,0.98,2775
9/8/2021,2.48,2.56,2.53,2.47,128979.06,0.04,1.61,2.468,2.467,2.469,110338.92,106840.35,99088.73,2.4,2776
9/8/2021,21.64,22.18,21.96,21.51,27535.43,0.37,1.71,21.678,20.925,19.964,43341.88,41810.67,39173.9,0.9,2777
9/8/2021,17.4,17.65,17.3,17.22,9022,-0.15,-0.86,17.284,17.364,16.839,9134.48,12988.4,10435.09,0.72,2778
9/8/2021,12.8,12.8,12.17,12.01,15161.35,0.08,0.66,11.976,11.873,11.57,11870.45,13034.73,10580.41,1.28,2779
9/8/2021,19.72,19.91,19.5,19.28,31570.5,-0.22,-1.12,19.718,20.48,19.344,38457.07,48542,41637.17,2.86,2780
9/8/2021,7.12,7.3,7.25,7.11,74298.42,0.07,0.97,7.086,7.05,7.126,58330.31,46414.07,36681.6,3.32,2781
9/8/2021,12.15,12.22,12.02,12,60233.65,-0.08,-0.66,12.004,11.891,11.827,77345.2,74042.37,95127.47,1.29,2782
9/8/2021,10.46,10.58,10.52,10.38,124784.13,0.14,1.35,10.336,10.473,10.784,106880.85,121493.88,174393.02,3.81,2783
9/8/2021,19.42,20.1,19.31,19.05,70828.73,0.02,0.1,19.208,19.138,18.923,63367.18,73325.84,66294.93,4.35,2785
9/8/2021,7.13,7.23,7.2,7.07,56859.75,0.07,0.98,7.154,7.164,7.245,56402.34,66762.69,107457.72,1.5,2786
9/8/2021,5.8,6.01,5.99,5.79,44558,0.19,3.28,5.828,5.744,5.585,35701.24,31915.53,28194.07,2.49,2787
9/8/2021,7.62,7.72,7.72,7.6,41008.8,0.11,1.45,7.586,7.537,7.454,30462.88,25435.18,24313.56,1.08,2788
9/8/2021,12.72,13.19,13.18,12.72,23658.71,0.38,2.97,12.86,12.906,13.411,28541.13,25224.81,43594.52,2.72,2789
9/8/2021,5.92,6.11,6.07,5.9,30198.49,0.13,2.19,5.972,5.982,5.92,21571.92,25120.63,26694.91,1.18,2790
9/8/2021,153.66,154.6,153.48,149.01,16223.59,0.3,0.2,151.458,160.869,182.887,24412.7,25746.93,23295.75,1.01,2791
9/8/2021,16.7,16.95,16.91,16.65,27880.77,0.17,1.02,16.702,16.552,16.855,28233.01,27675.14,28991.32,1.57,2792
9/8/2021,9.37,9.45,9.38,9.35,28538.11,-0.04,-0.42,9.358,9.123,8.797,41666.25,48098.2,30916.85,0.75,2793
9/8/2021,12.75,12.8,12.48,12.31,35414.37,-0.17,-1.34,12.2,12.017,12.168,31544.84,34147.53,37848.07,2.5,2795
9/8/2021,9.69,9.86,9.85,9.64,26959.46,0.17,1.76,9.63,9.561,9.652,21180.67,20198.62,21705.58,1.22,2796
9/8/2021,7.65,7.9,7.77,7.58,3162791.75,0.04,0.52,7.716,7.213,6.941,4382991.1,2740377.96,1849636.98,7.65,2797
9/8/2021,14.7,14.93,14.68,14.58,62360.78,-0.12,-0.81,14.788,14.185,13.83,100342.73,99002.88,73429.53,2.76,2798
9/8/2021,14.29,14.29,14.07,14,34115.91,-0.22,-1.54,14.314,14.208,13.878,36579.06,43029.7,36743.45,1.35,2799
9/8/2021,13.43,13.67,13.67,13.43,12690.6,0.18,1.33,13.502,13.426,13.152,10568.16,10905.4,10327.35,1.27,2800
9/8/2021,18.11,18.53,18.4,17.98,30633.37,0.32,1.77,18.134,18.187,19.81,25847.82,29901.92,40015.54,2.7,2801
9/8/2021,22.47,23.66,23.5,22.31,19792.89,1.03,4.58,22.446,22.56,22.576,11935.13,15267.68,13025.4,1.86,2802
9/8/2021,18.2,18.83,18.43,18.05,66287.44,0.31,1.71,17.982,17.816,18.531,66704.82,74030.29,68211.87,2.34,2803
9/8/2021,28.84,31.35,31.35,28.78,41154.08,2.85,10,28.834,28.855,27.467,66243.31,71041.15,84355.4,4.23,2805
9/8/2021,15.7,15.95,15.51,15.42,50838.32,-0.33,-2.08,15.71,16.386,15.697,75781.85,94514.45,108743.51,3.41,2806
9/8/2021,3.9,3.96,3.96,3.89,225907.12,0.05,1.28,3.898,3.844,3.816,169731.06,145262.79,121676.68,1.04,2807
9/8/2021,8.44,9.2,9.2,8.2,255878.91,0.84,10.05,8.094,7.773,7.737,95245.29,63676.2,46207.03,14.93,2808
9/8/2021,11.16,11.38,11.38,11.09,34067.01,0.23,2.06,11.162,11.114,10.943,36962.59,44574.65,38752.51,2.54,2809
9/8/2021,41.29,41.49,40.57,40.25,37522.73,-0.71,-1.72,41.346,42.915,47.471,40150.59,52773.67,42697.5,1.19,2810
9/8/2021,8.28,8.28,8.24,8.17,5781.67,0.06,0.73,8.178,8.118,7.934,6432.14,8385.02,6613.45,0.24,2811
9/8/2021,285.39,285.7,278,274,71436.76,-7.79,-2.73,271.7,276.202,266.639,80736.59,77791.77,83573.86,0.96,2812
9/8/2021,23.66,24.17,23.79,23.54,13170.33,0.13,0.55,23.5,23.959,24.545,13126.81,16284.11,23346.11,2.34,2813
9/8/2021,12.78,12.86,12.85,12.75,39851.74,0.05,0.39,12.696,12.649,13.028,43263.96,50036.99,66647.66,0.93,2815
9/8/2021,21.78,21.98,21.18,21.02,17803.67,-0.38,-1.76,20.324,19.522,18.301,20528.42,20922.89,18798.77,1.82,2816
9/8/2021,10.48,10.55,10.5,10.37,13541.09,0.02,0.19,10.298,10.251,10.415,18219.52,18829.57,17009.72,1.11,2817
9/8/2021,13.28,13.62,13.56,13.24,36309.59,0.33,2.49,13.096,12.716,12.35,35723.89,39821.3,28946.85,1.22,2818
9/8/2021,42.46,42.46,41.85,41.37,10535.52,-0.14,-0.33,42.226,42.743,43.309,13697.84,16724.61,25935.36,0.75,2819
9/8/2021,10.09,10.12,10.1,10.04,16857.03,0.03,0.3,10.078,10.046,9.931,16332.98,16234.13,14437.73,0.83,2820
9/8/2021,363.04,373.33,368.94,355.07,20449.74,5.74,1.58,349.988,350.35,358.264,28493.88,25338.08,31031.63,0.88,2821
9/8/2021,5.62,5.72,5.62,5.62,114719.77,-0.04,-0.71,5.706,5.503,5.31,240634.7,184857.57,116777.56,1.79,2822
9/8/2021,11.32,11.38,11.27,11.18,23310.13,-0.05,-0.44,11.24,11.46,11.708,28991.22,38919.5,45795.08,1.46,2823
9/8/2021,33.07,35.25,34.94,32.62,43116.21,1.84,5.56,32.76,33.409,33.345,34017.61,34893.86,37678.16,3.79,2824
9/8/2021,18.29,18.73,18.55,17.6,68579.65,0.34,1.87,17.436,16.779,16.259,92456.02,66783.42,42595.4,6.05,2825
9/8/2021,8.9,9.02,8.97,8.86,18895.06,0.07,0.79,8.82,8.747,8.78,17642.36,16065.78,16040.62,1.42,2826
9/8/2021,10.33,11.36,11.36,10.33,73420.5,1.03,9.97,10.43,10.257,10.184,35419.41,31653.1,31504.43,2.66,2827
9/8/2021,8.62,8.75,8.68,8.53,61061.2,0.07,0.81,8.498,8.353,8.059,63507.64,58468.97,45662.8,3.96,2828
9/8/2021,34.1,34.86,34.71,33.91,16641.67,0.71,2.09,34.212,35.276,36.053,19006.48,25105.77,25864.75,1.73,2829
9/8/2021,10.95,10.99,10.83,10.67,26864,-0.17,-1.54,10.84,10.663,10.294,27870.64,25713.19,18393.77,4.02,2830
9/8/2021,30.38,30.38,30.36,29.68,34777.76,0.45,1.5,29.668,27.791,27.017,57613.27,56082.61,45891.06,0.67,2831
9/8/2021,26.84,27.23,26.9,26.15,45040.58,-0.08,-0.3,26.478,26.05,26.357,53883.82,49071.98,44344.49,1.22,2832
9/8/2021,41.51,43.2,41.88,41.31,51265.71,-0.04,-0.1,41.034,39.548,37.461,63274.43,64181.4,54531.08,2.85,2833
9/8/2021,10.21,10.45,10.4,10.15,30168.93,0.2,1.96,10.158,10.014,10.234,23469.5,25643.13,29244.24,2.4,2835
9/8/2021,8.64,8.8,8.71,8.56,12446,0.07,0.81,8.492,8.406,8.282,10032.4,9435.2,8063.11,0.78,2836
9/8/2021,30.17,30.35,29.44,28.72,106335.09,-1.19,-3.88,31.416,31.256,32.034,129188.97,163022.36,185446.91,4.21,2837
9/8/2021,15.45,15.53,15.41,15.32,27656.5,-0.04,-0.26,15.074,14.969,15.351,28703.37,27237.05,30686.62,0.8,2838
9/8/2021,5.99,6.15,6.05,5.97,539922.06,0.07,1.17,5.96,5.863,5.805,432437.34,367465.94,347473.59,3.75,2839
9/8/2021,8.51,8.61,8.57,8.48,29111.44,0.07,0.82,8.468,8.511,8.781,28900.53,40225.25,34962.1,0.67,2840
9/8/2021,83.5,83.75,82.44,82.01,9655.08,-1.05,-1.26,82.788,89.631,101.865,25362.18,32967.6,21647.54,0.21,2841
9/8/2021,11.91,12.13,12.1,11.72,91250.73,0.3,2.54,11.916,12.069,11.698,89536.72,119174.19,128695.21,4.3,2842
9/8/2021,10.03,10.29,10.12,9.99,29703.41,0.09,0.9,10.07,10.123,9.969,32504.19,38996.1,48274.97,1.41,2843
9/8/2021,31.6,33.14,31.99,31.55,59345.88,0.44,1.4,31.75,32.161,33.219,46919.22,57430.03,60562.41,3.69,2845
9/8/2021,7.7,7.81,7.77,7.68,27881.52,0.05,0.65,7.7,7.642,7.665,21603.42,23107.06,20052.73,1.25,2846
9/8/2021,55.4,58.6,56.6,55,26714.16,1.15,2.07,55.986,54.883,56.152,26161.52,25463.47,28953.89,2.36,2847
9/8/2021,8.96,9.06,9.05,8.9,27345,0.02,0.22,8.868,8.826,8.963,23470.78,19291.95,16682.02,1.7,2848
9/8/2021,12.8,12.99,12.92,12.78,10858.51,0.05,0.39,12.746,12.62,12.38,13166.9,12186.94,11193.87,1.08,2849
9/8/2021,124.86,125.18,113.94,113.01,43921.45,-10.45,-8.4,116.524,116.196,117.368,36319.75,30798.94,30524.99,2.85,2850
9/8/2021,29.76,29.76,29.58,28.86,56656.06,-0.15,-0.51,29.72,30.865,32.434,37693.35,43798.69,36807.28,1.47,2851
9/8/2021,13.17,13.47,13.46,13.1,27490.5,0.31,2.36,13.08,12.948,13.234,22894.21,22644.92,22614.33,1.27,2852
9/8/2021,18.41,18.85,18.57,18.41,37328.66,0.16,0.87,18.24,18.148,17.895,27614.15,23581.61,18183.4,3.26,2853
9/8/2021,8.93,9.35,9.28,8.92,27390.25,0.36,4.04,8.936,8.946,9.082,14499.48,16403.31,14825.67,1.11,2855
9/8/2021,11.16,11.39,11.3,11.11,10367.66,0.14,1.25,11.26,11.085,10.843,18669.82,14947.53,12259.41,1.06,2856
9/8/2021,16.57,16.68,16.3,15.92,28196.22,-0.37,-2.22,15.54,15.047,15.305,20242.53,18516.78,18119.8,3.1,2857
9/8/2021,14.68,15.95,15.67,14.63,66738.7,0.95,6.45,14.928,15.44,16.624,46924.61,46203.86,48760.77,6.86,2858
9/8/2021,31.7,31.7,31.04,30.9,53015.28,-0.65,-2.05,31.474,31.725,31.257,49874.95,60446.47,57505.71,1.32,2859
9/8/2021,19.27,19.68,19.52,19.17,32415.05,0.33,1.72,19.142,19.26,18.9,50995.36,47855.78,37888.33,2.21,2860
9/8/2021,12.41,12.62,12.59,12.33,9916.1,0.19,1.53,12.22,12.132,12.426,10750.48,15847.68,17652.6,0.92,2861
9/8/2021,15.12,16.22,15.92,14.94,49303.5,0.81,5.36,15.22,14.99,14.784,43114.32,38326.22,45845.28,5.91,2862
9/8/2021,5.3,5.48,5.45,5.28,141755.56,0.16,3.02,5.276,5.206,5.185,93347.44,70608.84,62029.43,2.84,2863
9/8/2021,23.9,23.9,23.53,23.35,12235.03,-0.17,-0.72,23.15,22.798,22.656,13848.11,9991.1,8084.85,2.21,2864
9/8/2021,30.6,30.6,28.87,28.8,28034.17,-1.46,-4.81,30.772,32.099,30.04,27984.26,32501.72,32389.33,2.18,2865
9/8/2021,13.41,13.51,13.48,13.35,22747.66,0.08,0.6,13.3,13.217,13.482,23447.31,24468.57,28801.2,1.33,2866
9/8/2021,20.18,20.35,20.01,19.6,88068.41,-0.21,-1.04,19.444,18.953,18.834,127714.31,104466.68,85826.92,0.82,2867
9/8/2021,10.67,10.8,10.76,10.64,7905.5,0.07,0.66,10.63,10.561,10.63,6001.58,5009.89,7113.88,0.51,2868
9/8/2021,15.47,16.18,15.99,15.36,66147.54,0.59,3.83,15.268,15.1,15.474,33265.88,30648.61,28795.39,4.29,2869
9/8/2021,31.55,31.6,31.28,30.9,6191,-0.17,-0.54,31.44,32.516,34.111,7081.32,12668.74,12488.9,1.09,2870
9/8/2021,10.02,10.09,10.06,9.93,6412.45,0.04,0.4,10.146,10.086,10.119,16200.04,15234.81,14062.71,0.73,2871
9/8/2021,5.07,5.07,5.05,5.01,12646.5,-0.01,-0.2,4.988,4.947,4.917,11843.32,11764.52,11547.89,0.59,2872
9/8/2021,17.68,17.87,17.72,17.62,14001.5,-0.02,-0.11,17.56,17.265,16.965,13773.69,14702.54,12838.65,1.26,2873
9/8/2021,9.42,9.57,9.56,9.38,23446.33,0.08,0.84,9.354,9.292,9.274,17789.81,19720.89,18863.88,2.96,2875
9/8/2021,58.8,59.88,58.2,57.7,22242.71,-0.57,-0.97,57.772,58.205,56.315,29470.4,41486.8,37898.52,1.55,2876
9/8/2021,6.75,6.79,6.76,6.72,22910.07,0.01,0.15,6.696,6.722,6.644,30769.13,28957.9,24125.02,1.11,2877
9/8/2021,17.01,17.62,17.42,17.01,25742.08,0.36,2.11,17.056,16.942,16.439,26804.18,31256.52,31721.83,1.37,2878
9/8/2021,21.88,21.97,20.84,20.68,43331.39,-0.69,-3.21,20.68,19.942,18.868,53955.57,51247.4,46698.96,3.24,2879
9/8/2021,30.88,31.39,30.95,30.66,6628.88,0.06,0.19,30.584,30.456,31.744,9259.31,9736.04,7888.24,0.29,2880
9/8/2021,29.9,29.94,29.66,29.4,12677.5,-0.24,-0.8,29.354,30.329,31.163,22332.81,26152.42,31161.98,1.23,2881
9/8/2021,12.35,12.53,12.3,12.1,83773.1,-0.19,-1.52,12.886,13.048,13.101,149615.51,155476.82,216629.86,1.94,2882
9/8/2021,10.85,11.06,11.04,10.85,12565.7,0.15,1.38,10.884,10.704,10.605,14653.52,14217.65,10889.95,1.44,2883
9/8/2021,23.1,23.5,22.92,22.91,12812.05,-0.27,-1.16,22.708,22.328,21.587,15448.67,18294.89,16965.12,0.47,2884
9/8/2021,13.85,13.99,13.91,13.72,36675.87,0.06,0.43,14.116,13.604,13.844,57348.52,39631.86,34109.3,3.1,2885
9/8/2021,20.23,21.25,20.08,19.95,68270.47,-0.15,-0.74,20.458,20.726,19.112,65103.6,106403.31,82517.67,3.97,2886
9/8/2021,10.73,10.91,10.88,10.71,30501.14,0.14,1.3,10.734,10.635,10.576,23174.76,21412.88,19820.02,1.9,2887
9/8/2021,12.23,12.37,12.25,12.16,12924.46,0,0,12.174,12.028,11.885,12556.97,11072.59,9000.2,1.72,2888
9/8/2021,25.33,25.48,25.08,24.91,16510.73,-0.24,-0.95,24.83,24.437,23.621,15295.03,16134.37,10514.25,1.84,2889
9/8/2021,16.57,17.39,17.32,16.47,21803.2,0.82,4.97,16.572,16.214,16.038,15304.44,14349.72,12870.42,3.25,2890
9/8/2021,30.75,30.99,30.41,30.19,25347.7,-0.23,-0.75,30.506,31.046,32.76,42452.93,52171.94,42068.75,0.86,2891
9/8/2021,31.46,32.16,30.72,30.52,31506.01,-0.74,-2.35,31.24,30.456,29.078,43956.49,43138.77,46734.64,2.71,2892
9/8/2021,9.35,10.29,10.2,9.31,193982.34,0.84,8.97,9.492,9.6,9.637,97437.81,119663.32,108712.8,9.61,2893
9/8/2021,37,38.31,38.31,34.88,124695.61,3.48,9.99,35.154,33.206,28.878,191470.13,192896.03,174663.1,2.58,2895
9/8/2021,24.15,24.37,24.03,23.88,14638.1,-0.11,-0.46,23.94,24.472,24.64,14922.55,20929.84,27598.97,1.41,2896
9/8/2021,43.18,43.44,40.24,40.17,73411.88,-2.51,-5.87,42.84,42.414,35.923,79354.17,100254.77,81446.55,4.65,2897
9/8/2021,10.24,10.96,10.49,10.1,76363.1,0.23,2.24,10.15,9.892,9.65,37238.24,25623.31,16515.5,7.56,2898
9/8/2021,16.2,16.48,16.01,15.94,47487.5,-0.06,-0.37,16.316,15.811,15.312,80559.38,77212.98,83018.1,3.96,2899
9/8/2021,21.33,21.65,21.13,20.88,72449,-0.19,-0.89,20.766,21.085,22.592,87609.47,83862.77,97095.61,4.25,2900
9/8/2021,48.36,48.88,47.91,47.72,13302.43,-0.47,-0.97,47.926,48.421,50.836,17328.18,16121.63,14236.5,0.39,2901
9/8/2021,13.79,13.87,13.83,13.7,49500.38,0.03,0.22,13.468,13.22,13.494,65633.64,57621.23,64839.68,3.74,2902
9/8/2021,19.79,19.79,19.04,19.02,86574.95,-0.74,-3.74,19.53,20.103,18.374,108540.37,189279.17,143148.14,9.48,2903
9/8/2021,7.4,7.63,7.55,7.35,45603.7,0.2,2.72,7.32,7.156,7.002,35129.64,34205.25,29500.29,1.21,2905
9/8/2021,38.02,38.5,37.3,37,45060.3,-0.84,-2.2,38.002,39.285,41.023,51593.52,56938.87,60847.65,0.95,2906
9/8/2021,12.35,12.45,12.42,12.31,10322,0.06,0.48,12.286,12.156,12.173,9101.51,9295.03,8165.4,0.36,2907
9/8/2021,17.78,17.78,17.6,17.28,47999.88,-0.05,-0.28,17.306,17.118,16.389,54766.26,67698.71,83208.15,3.25,2908
9/8/2021,6.69,6.87,6.83,6.66,31139.2,0.13,1.94,6.714,6.76,6.628,31791.81,46879.25,49811.69,0.89,2909
9/8/2021,10.15,10.28,10.25,10.15,32926.33,0.12,1.19,10.136,10.059,9.961,28478.76,29094.09,27487.05,1.92,2910
9/8/2021,12.23,13.05,11.9,11.79,261770.77,-0.31,-2.54,11.308,10.954,10.611,126606.37,100216.06,91807.02,2.77,2911
9/8/2021,35.8,36.25,36.02,35.79,8943.33,0.06,0.17,35.918,36.644,36.007,12276.61,18552.5,13728.22,0.76,2912
9/8/2021,89.38,90,89.48,88.15,5127.64,0.1,0.11,88.734,92.2,96.101,7098.14,9310.95,12184.91,0.4,2913
9/8/2021,27.17,28.55,27.6,26.8,70672.55,0.23,0.84,26.93,27.885,26.342,74908.55,97435.82,93917.73,4.78,2915
9/8/2021,93.8,94.34,94.3,92.66,20666.59,0.42,0.45,92.404,92.931,95.614,24560.93,25176.59,30070.4,0.43,2916
9/8/2021,8.76,8.98,8.91,8.76,17073.8,0.1,1.14,8.78,8.69,8.626,18372.52,15865.17,16656.89,0.92,2917
9/8/2021,28.4,29.26,28.69,28.36,23613.65,0.06,0.21,28.776,28.473,28.018,34006.58,39505.7,37379.86,1.1,2918
9/8/2021,34.51,37.07,36.3,34.42,14253.75,1.77,5.13,35.038,36.681,37.591,9246.61,9355.79,7426.77,2.1,2919
9/8/2021,85.13,85.13,82.38,82.1,32324.99,-2.21,-2.61,84.47,86.916,90.334,33499.91,33082.48,38177.16,0.59,2920
9/8/2021,16.41,16.87,16.8,16.34,19005.7,0.3,1.82,16.52,16.231,15.837,20794.45,18922.76,16530.65,2.32,2921
9/8/2021,13.3,13.65,13.27,13.1,236679.88,-0.1,-0.75,13.632,13.035,12.475,359082.56,356783.88,285543.84,8.55,2922
9/8/2021,32.12,33.39,33.3,31.61,22394.78,1.25,3.9,31.378,30.767,29.173,19866.62,24029.32,22307.73,1.58,2923
9/8/2021,33.2,33.32,33.1,32.48,18618.86,0.06,0.18,32.702,32.678,34.325,21907.53,22809.17,22346.41,0.26,2925
9/8/2021,10.21,10.4,10.21,10.15,509759.88,0.02,0.2,10.082,9.911,9.814,456218.82,364719.74,368079.8,1.94,2926
9/8/2021,12.02,12.33,11.85,11.81,77680.54,0.01,0.08,11.842,11.466,11.099,93995.72,70915.07,54278.81,3.49,2927
9/8/2021,10.11,10.7,10.32,10.11,213473.48,0.21,2.08,10.06,10.237,10.709,204814.53,200521.17,132441.75,2.11,2928
9/8/2021,32.15,32.55,31.18,31.15,54329,-0.91,-2.84,31.168,30.191,29.355,58403.35,44366.18,39102.88,3.35,2929
9/8/2021,17.11,17.95,17.71,17.11,51482.53,0.68,3.99,17.01,16.869,17.112,30963.08,30850.06,34855.28,1.2,2930
9/8/2021,14.35,14.7,14.06,14.01,30622,-0.29,-2.02,14.124,13.946,13.379,31141.61,34611.34,33699.21,1.71,2931
9/8/2021,68.64,68.64,66.68,66.39,23818.26,-2.04,-2.97,69.776,68.135,70.058,31084.58,28787.57,28596.14,4.04,2932
9/8/2021,31,31.39,29.99,29.78,48379.94,-1.14,-3.66,29.25,28.907,29.261,23354.16,23918.02,21963.71,6.97,2933
9/8/2021,24.26,26.75,25.69,24,184619.52,1.01,4.09,23.276,22.382,21.816,94872.79,70965.59,58590.26,9.26,2935
9/8/2021,3.51,3.54,3.53,3.49,199574,0.02,0.57,3.496,3.467,3.46,190549.09,159342.63,131729.25,0.91,2936
9/8/2021,12.62,12.81,12.79,12.58,20528.4,0.18,1.43,12.538,12.848,13.833,22126.51,37967.45,43127.67,2.1,2937
9/8/2021,33.47,34.34,33.49,33.3,45940.99,0.02,0.06,32.948,32.39,33.762,56994.62,60415.67,65853.89,0.89,2938
9/8/2021,12.19,12.81,12.46,12.11,1092858,0.16,1.3,11.922,11.504,11.284,1298571.77,1282620.95,1263367.57,6.57,2939
9/8/2021,31.98,32.32,32.14,31.82,9223,0.18,0.56,31.906,31.75,31.694,13709.8,16332.85,16418.44,1.84,2940
9/8/2021,13.38,13.59,13.15,13.05,368195.44,-0.54,-3.94,13.278,12.31,11.889,494381.57,363873.72,352665.7,19.11,2941
9/8/2021,15.87,16.15,16.01,15.74,16635.1,0.14,0.88,15.702,15.458,15.255,15086.96,13575.57,11464.25,3.14,2942
9/8/2021,21.25,21.4,20.93,20.6,50026,-0.26,-1.23,21.124,21.317,20.565,63682.56,86931.66,85048.36,9.47,2943
9/8/2021,13.35,13.65,13.31,13.26,233011,-0.12,-0.89,13.228,13.025,12.788,217301.02,186666.55,156228.83,3.09,2945
9/8/2021,14.9,15.3,15.26,14.82,63286.62,0.4,2.69,14.876,14.517,14.227,55410.29,50944.07,41968.47,4.33,2946
9/8/2021,29.96,29.98,29.65,28.9,20351.47,-0.3,-1,29.108,28.801,27.458,22132.38,29940,22604.82,3.22,2947
9/8/2021,4.97,5,4.97,4.96,145136.33,0.01,0.2,4.936,4.847,4.789,167186.44,136610.79,105959.44,2.4,2948
9/8/2021,16.85,16.98,16.84,16.69,12860.07,-0.01,-0.06,16.708,16.209,16.204,18531.76,15733.56,17269.59,1.38,2949
9/8/2021,13.67,13.8,13.75,13.65,20470.12,0.07,0.51,13.606,13.557,14.016,21769.36,23215.1,24159.2,0.88,2950
9/8/2021,9.83,9.96,9.95,9.81,12409.14,0.12,1.22,9.796,9.688,9.641,11575.64,10902.87,10073.47,1.73,2951
9/8/2021,13,13.11,13.1,13,6461.14,0.1,0.77,13.044,13.248,13.161,14137.52,12096.17,9244.55,0.92,2952
9/8/2021,15.58,15.6,15.15,15.06,55283.56,-0.42,-2.7,14.79,14.319,14.134,59340.62,37917.14,27460.91,7.49,2953
9/8/2021,17.58,17.83,17.8,17.38,18586.66,0.25,1.43,17.602,18.046,18.18,21323.48,23752.96,20476.95,1.91,2955
9/8/2021,17.4,17.64,17.63,17.35,19818.9,0.22,1.26,17.382,17.182,17.599,17370.36,16032.27,19510.29,2.07,2956
9/8/2021,28.13,28.25,27.91,27.2,30886,-0.09,-0.32,28.048,29.295,27.937,36486.79,59458.38,60004.95,2.01,2957
9/8/2021,4.04,4.08,4.05,4.04,231325.36,-0.01,-0.25,4.024,3.967,3.945,273847.56,225630.8,201042.49,0.86,2958
9/8/2021,48.93,49.09,48.81,48.41,8609.91,-0.12,-0.24,48.852,48.782,53.035,12457.75,15774.7,16533.75,1.13,2959
9/8/2021,29.01,29.1,29.04,28.7,17829.27,0.13,0.45,29.396,29.388,29.148,28142.89,28350.67,31144.4,1.02,2960
9/8/2021,27.29,27.29,26.49,26.3,69453.32,-0.87,-3.18,26.136,24.503,22.75,93674.51,81711.78,56263.76,6.39,2961
9/8/2021,13.52,13.53,13.5,13.4,26062.19,-0.01,-0.07,13.368,13.268,13.924,25161.31,30862.2,65057.59,1.58,2962
9/8/2021,17.14,17.56,17.48,17.14,12822.49,0.25,1.45,17.19,17.226,17.271,10347.3,11279.87,14784.21,1.86,2963
9/8/2021,23.66,23.66,23.26,23.13,11274.55,-0.18,-0.77,22.954,22.923,23.058,10288.87,9645.79,8732.25,1.5,2965
9/8/2021,6.98,7.1,7.08,6.96,307047.81,0.1,1.43,6.964,6.914,6.956,236721.05,233424.34,187207.8,1.89,2966
9/8/2021,34.8,35.18,34.25,34.1,20711.28,-0.66,-1.89,34.456,34.584,35.469,27798.92,27828.01,29529.05,1.09,2967
9/8/2021,37.07,39.15,37.47,36.88,9794.75,0.12,0.32,37.69,37.819,39.009,7497.97,6780.14,5992.63,1.41,2968
9/8/2021,5.64,5.72,5.59,5.55,123571.7,-0.05,-0.89,5.514,5.359,5.235,152218.18,105605.98,82615.34,2.78,2969
9/8/2021,47.88,49.6,48.8,46.8,11355.23,0.92,1.92,47.588,48.506,47.167,12154.74,16235.47,19079.75,1.34,2970
9/8/2021,20.27,20.49,20.06,20.01,17861,-0.21,-1.04,20.148,20.55,20.798,19111.63,29218.53,41883.64,1.69,2971
9/8/2021,19.26,19.26,18.8,18.77,15523.95,-0.49,-2.54,19.364,19.214,18.718,17653.77,17235.11,17529.62,2.65,2972
9/8/2021,16.31,16.47,16.3,16.13,14287.22,0.09,0.56,16.27,16.215,15.902,14519.96,18461.42,15908.14,1.34,2973
9/8/2021,64.16,64.6,63.78,63.53,6558.59,-0.38,-0.59,63.93,65.503,65.956,7128.73,12413.53,13021,1.68,2975
9/8/2021,25.24,25.42,25.15,24.74,32584.35,0.05,0.2,23.508,22.542,21.709,34425.71,23761.16,17322.74,9.24,2976
9/8/2021,83.32,85.3,84.88,82.88,9301.99,1.48,1.77,83.668,85.321,88.787,7538.38,8984.56,11390.46,2.9,2977
9/8/2021,55.25,56.98,56.46,55.06,35844.34,0.65,1.17,56.176,58.062,56.062,48605.79,67105.24,54645.43,3.77,2978
9/8/2021,29.34,29.5,28.96,28.9,24853.12,-0.37,-1.26,29.356,31.093,33.864,42787.07,48422.01,44310.92,1.58,2979
9/8/2021,32.53,32.53,31.87,31.79,7390.24,-0.65,-2,31.638,31.355,31.651,5711.3,4995.6,4819.85,2.22,2980
9/8/2021,22.26,22.6,22.4,22.15,3875,0.15,0.67,22.096,21.966,22.087,4894.52,5074.8,4805.04,1.61,2981
9/8/2021,37,37.49,37.12,36.76,7464.06,0.04,0.11,36.786,36.5,37.558,7682.73,7773.06,8053.24,1.58,2982
9/8/2021,22.55,22.55,22.37,22.25,12644.02,-0.15,-0.67,22.366,22.327,23.048,15779.01,16114.48,22682.27,2.45,2983
9/8/2021,30.44,30.89,29.99,29.68,21571.14,-0.48,-1.57,29.656,29.027,29.777,22465.25,20528.89,21691.64,3.13,2984
9/8/2021,112.25,117.64,115.49,112,28322.96,2.53,2.24,112.106,116.729,121.439,26365.06,32962.52,34222.34,2.16,2985
9/8/2021,47.99,48.09,47.34,45.31,37404.11,0.26,0.55,45.574,44.625,43.326,63794.76,64334.27,66363.76,3.51,2986
9/8/2021,28.61,28.9,28.71,28.47,16926.96,0.02,0.07,29.068,28.862,28.322,28109.69,30036.56,36316.36,1.82,2987
9/8/2021,20.47,21.16,20.95,20.33,25045.72,0.47,2.29,20.596,20.184,19.139,27086.02,29330.54,39879.92,2.97,2988
9/8/2021,23.22,23.83,23.71,23.22,13480.94,0.39,1.67,23.42,23.373,24.632,10081.12,12507.83,10510.1,1.77,2989
9/8/2021,29.03,29.31,28.9,28.72,9328.5,-0.13,-0.45,28.358,28.217,28.638,8735.88,10811.04,10046.23,1.48,2990
9/8/2021,49.49,50.3,49.4,49.1,5265.3,-0.01,-0.02,48.826,47.962,48.592,6074.79,6140.26,8337.07,1.45,2991
9/8/2021,14.55,14.82,14.81,14.49,11903.01,0.22,1.51,14.544,14.504,14.682,7686.89,9663.75,12703.35,1.61,2992
9/8/2021,37.86,38.25,37.8,37.66,24614.14,-0.29,-0.76,37.446,36.608,36.938,29454.67,25988.31,26957.17,4.11,2993
9/8/2021,26.89,27.18,27.14,26.88,6690.4,0.34,1.27,26.656,26.369,26.388,5217.12,5251.04,5824.14,1.65,2995
9/8/2021,19.06,20.16,19.7,19,153758,0.49,2.55,18.892,19.252,19.075,125397.98,135795.06,130776.75,12.23,2996
9/8/2021,15.31,15.6,15.56,15.31,19609.98,0.18,1.17,15.418,15.603,15.85,15977.56,17751.94,19134.34,1.71,2997
9/8/2021,10.53,10.83,10.81,10.38,77551.7,0.28,2.66,10.506,10.433,10.287,55505.97,61663.57,45279.7,9.5,2998
9/8/2021,6.82,7.04,7.02,6.79,97433.57,0.2,2.93,6.896,6.968,7.02,67659.96,50745.17,38362.85,4.49,2999
9/8/2021,10.48,10.57,10.55,10.42,13645.27,0.07,0.67,10.48,10.709,11.17,14786.48,14323.83,17790.41,3.41,3000
9/8/2021,24.25,24.41,24.15,24.02,17700.63,-0.26,-1.06,24.24,23.878,23.561,24011.06,27652.3,31594.05,5.62,3001
9/8/2021,12.18,12.38,12.34,12.09,17616.9,0.16,1.31,12.172,12.201,11.93,14654.6,20901.23,15752.48,3.52,3002
9/8/2021,12.9,13.2,13.2,12.85,18554.58,0.22,1.7,12.964,12.855,12.83,15244.95,13311.87,11816.38,4.2,3003
9/8/2021,25.19,26.07,25.43,25.18,4096,0.24,0.95,24.938,24.911,24.977,3659.64,4751,4831.65,2,3004
9/8/2021,34.25,34.35,34.22,34.03,4130.24,-0.03,-0.09,34.388,34.386,34.168,5476.95,6351.62,6555.16,1.56,3005
9/8/2021,22.6,22.6,22.39,22.18,13060.05,-0.14,-0.62,22.508,23.448,24.786,15505.04,20369.23,26189.47,3.05,3006
9/8/2021,17.67,17.77,17.74,17.63,7231.1,0.12,0.68,17.598,17.516,17.934,7155.29,9163.19,11396.14,2.78,3007
9/8/2021,32.58,32.66,32.59,32.3,3869,0,0,32.258,32.2,32.697,4617.46,4561.63,6427.76,1.93,3008
9/8/2021,66,66.69,65.63,64.61,29418.13,-0.87,-1.31,66.84,70.758,69.564,42484.1,65340.37,63655.56,7.57,3009
9/8/2021,23.36,23.68,23.65,23.01,12744,0.3,1.28,23.224,22.946,22.903,9693.18,11216.56,9545.58,4.19,3010
9/8/2021,29.5,29.85,29.26,28.57,9469.6,-0.28,-0.95,28.878,28.281,28.356,9740.06,7011.17,5257.72,3.69,3011
9/8/2021,14.29,14.51,14.42,14.26,33079.89,0.08,0.56,14.302,14.312,14.494,39367.3,52590.22,44962.54,2.31,3012
9/8/2021,20.7,21.03,20.71,20.59,14069.76,-0.06,-0.29,20.606,20.038,20.039,25113.34,19519.12,19262.82,3.52,3013
9/8/2021,15.7,15.7,15.62,15.1,112577.47,0.08,0.52,15.372,15.184,14.557,147910.91,149627.7,119835.74,16.02,3015
9/8/2021,14,14.12,14.05,13.82,29447.2,0.02,0.14,14.018,14.056,14.332,30114.45,38456.13,47435.33,2.76,3016
9/8/2021,39.8,40.4,39.95,39.65,7135.31,-0.1,-0.25,39.324,39.278,40.46,5555.72,5904.26,6386.08,4.76,3017
9/8/2021,11.28,11.3,11.29,11.18,19952.08,0.01,0.09,11.32,11.174,11.051,21526.75,19013.91,16481.14,3.07,3018
9/8/2021,24.78,25.15,24.93,24.68,6257.16,0.15,0.6,24.646,24.632,24.73,5083.53,6155.86,6129.12,1.96,3019
9/8/2021,42.54,42.9,42.19,41.58,6815.48,-0.33,-0.78,41.248,41.209,42.022,7498.21,6951.53,7845.29,2.94,3020
9/8/2021,67.68,70.5,70,66.33,13442.86,2.32,3.43,67.682,70.68,75.366,12119.94,15197.21,13937.95,3.15,3021
9/8/2021,63.58,67.44,63.17,60.77,207870.22,1.86,3.03,59.158,55.411,47.625,160054.42,160312.69,143331.67,10.85,3022
9/8/2021,27.33,27.57,27.55,27.16,5343.85,0.24,0.88,27.144,27.196,27.331,5096.94,5473.89,5352.23,2.63,3023
9/8/2021,34.99,34.99,32.03,31.8,53649.35,-2.82,-8.09,33.174,33.011,30.411,41129.97,50831.33,38451.38,19.07,3025
9/8/2021,82.8,83.19,81.94,81.31,9425.63,-0.81,-0.98,81.83,83.198,85.257,11494.26,15420.12,23557.87,3.78,3026
9/8/2021,26.62,26.83,26.32,26.27,17670.21,-0.35,-1.31,26.892,26.961,25.938,22759.54,34514.97,27538.51,5.44,3027
9/8/2021,47.29,48.02,46.91,46.58,11690.92,-0.4,-0.84,46.592,46.49,44.682,14400.98,20323.31,15730.82,4.27,3028
9/8/2021,23.69,24.08,23.9,23.65,13149.79,0,0,23.86,23.749,23.736,15640.89,20050.08,19090.75,2.92,3029
9/8/2021,24.55,25.45,25.35,24.55,12200,0.75,3.05,24.444,24.396,24.345,8039.89,6621.59,7472.82,3.91,3030
9/8/2021,65.5,66.99,64.1,63.88,13490.15,-1.73,-2.63,64.712,66.207,68.119,12756.83,18128.88,28963.26,3.61,3031
9/8/2021,24.77,25.6,25.05,24.5,50082.1,0.28,1.13,24.968,25.756,26.207,48608.66,57521.62,67637.63,12.44,3032
9/8/2021,28.74,28.99,28.73,28.54,5692,0,0,28.684,28.395,29.274,7141.04,8937.3,13563.6,2.78,3033
9/8/2021,8.6,8.86,8.68,8.52,655997.31,0.19,2.24,8.464,8.207,8.271,586192.13,438533.11,405684.39,8.66,3035
9/8/2021,13.22,13.55,13.45,13.17,23452.21,0.22,1.66,13.218,13.449,13.73,20102.16,27429.22,41421.46,4.34,3036
9/8/2021,13.03,13.13,12.89,12.85,32396.74,-0.15,-1.15,13.068,12.988,13.151,36493.37,49061.02,64059.87,4.76,3037
9/8/2021,62.23,62.48,57.94,56.5,28056.42,-2.56,-4.23,59.184,59.565,51.783,37099.46,50969.88,37789.12,10.54,3038
9/8/2021,33.21,35.5,34.73,33.21,114336.69,1.53,4.61,33.268,33.102,34.154,73401.66,77321.29,101669.21,18.44,3039
9/8/2021,27.03,27.6,26.99,26.59,123151.9,-0.07,-0.26,26.934,26.034,25.682,150115.78,120160.28,126033.43,15.71,3040
9/8/2021,24.22,24.39,24.12,24.05,9245.59,-0.11,-0.45,24.012,23.886,23.949,8649.24,10132.82,14290.45,3.7,3041
9/8/2021,25.15,25.74,25.49,25.13,14073.01,0.2,0.79,24.858,24.843,25.09,9802.64,9076.91,11437.44,5.14,3042
9/8/2021,55.5,55.68,54.75,54.7,10079,-1.15,-2.06,54.902,56.914,61.948,13012.59,15428.78,17709.91,5.04,3043
9/8/2021,2.82,3.06,3,2.81,5559818,0.17,6.01,2.838,2.733,2.651,2998553.82,2183342.06,1442909.45,5.7,3816
9/8/2021,30.35,30.76,30.02,29.8,153893.17,-0.57,-1.86,30.486,31.008,30.658,219204.69,270408.78,251688.68,1.62,300001
9/8/2021,5.82,5.94,5.79,5.65,1512417.5,0.06,1.05,5.536,5.24,5.262,1607060.33,1125629.62,952815.45,9,300002
9/8/2021,26.64,26.65,26.34,26.21,215826.7,-0.29,-1.09,26.638,26.101,25.983,250011.97,228400.26,197273.98,1.4,300003
9/8/2021,6.99,7.08,6.83,6.77,104725.07,-0.11,-1.58,6.618,6.495,6.416,123489.62,109848.52,84495.07,2.19,300004
9/8/2021,10.84,11.1,10.91,10.76,137530.8,0.07,0.65,10.61,10.796,10.891,157326.32,137792.13,152859.03,1.96,300005
9/8/2021,9.27,9.27,9.14,9.1,114618.4,-0.02,-0.22,9.13,9.632,10.042,154137.05,252290.15,263998.44,1.41,300006
9/8/2021,25.19,27.25,26.48,25.19,205784.08,1.22,4.83,25.312,25.311,25.975,139754.84,172687.5,172318.17,8.26,300007
9/8/2021,5.42,5.51,5.5,5.39,648058.62,0.06,1.1,5.438,5.465,5.597,552248.03,772354.63,895160.16,5.04,300008
9/8/2021,12.39,12.48,12.37,12.26,150789.36,-0.01,-0.08,12.136,12.073,12.452,220517.02,214976.82,214926.08,1.3,300009
9/8/2021,4.43,4.68,4.6,4.39,864005.62,0.16,3.6,4.47,4.554,4.686,678724.9,889106.91,1131004.64,11.63,300010
9/8/2021,11.16,11.67,10.57,10.49,1135994.75,-0.92,-8.01,10.266,8.839,7.996,876649.77,568628.69,375197.98,22.68,300011
9/8/2021,27.36,27.36,26.84,26.78,75331.62,-0.52,-1.9,27.02,26.951,27.011,87802.64,95937.46,118745.94,0.5,300012
9/8/2021,4.04,4.66,4.4,4.04,347979.84,0.36,8.91,4.088,4.066,4.113,135716.58,118055.34,94170.39,7.81,300013
9/8/2021,100.97,103.2,99.59,99.05,327609.44,-0.91,-0.91,95.968,98.277,101.169,393891.13,416529.4,358267.3,1.78,300014
9/8/2021,45.02,45.35,44.81,44.09,387206.19,-0.2,-0.44,43.34,44.346,47.563,608139.84,665040.53,593807.19,0.87,300015
9/8/2021,9.4,9.45,9.33,9.29,75809.33,-0.06,-0.64,9.234,8.924,8.879,123495.31,88641.84,71127.21,1.86,300016
9/8/2021,6.06,6.4,6.33,6.05,1016732.75,0.26,4.28,6.094,6.076,6.155,417805.9,390559.62,467806.9,4.49,300017
9/8/2021,7.86,7.86,7.64,7.5,262758.75,-0.1,-1.29,7.62,7.268,7.214,402630.81,313381.26,306775.21,6.49,300018
9/8/2021,24.15,24.8,23.53,23.33,193725.09,-0.89,-3.65,24.834,26.454,24.873,205027.49,282985.52,261418.81,7.12,300019
9/8/2021,9.58,9.8,9.75,9.51,165665.36,0.16,1.67,9.602,9.706,9.593,161300.76,196150.83,245507,2.64,300020
9/8/2021,5.34,5.49,5.47,5.31,307150.72,0.13,2.43,5.304,5.249,5.374,211536.38,202220.72,244640.58,4.8,300021
9/8/2021,5.21,5.28,5.15,5.1,94836.05,-0.06,-1.15,5.184,5.222,5.057,112240.81,139409.93,126394.26,2.75,300022
9/8/2021,12.63,12.77,12.63,12.55,8375,-0.01,-0.08,12.57,12.282,11.568,15537.19,23734.31,18253.64,0.32,300023
9/8/2021,10.93,11.32,11.2,10.92,272476.53,0.2,1.82,10.97,10.983,11.992,244554.93,359052.17,408465.72,1.8,300024
9/8/2021,4.31,4.46,4.46,4.28,182131.84,0.17,3.96,4.296,4.288,4.404,128673.21,151640.54,173744.69,4.25,300025
9/8/2021,4.73,4.76,4.75,4.68,684246.25,0.01,0.21,4.69,4.569,4.544,699417.45,535836.81,525432.84,2.55,300026
9/8/2021,3.65,3.85,3.8,3.63,447602.62,0.15,4.11,3.64,3.531,3.486,274035.64,251420.74,207691.54,1.99,300027
9/8/2021,6.58,6.76,6.68,6.5,32166,0.13,1.99,6.65,6.693,6.79,38413.73,45554.16,62798.65,1.61,300029
9/8/2021,10.25,10.33,10.25,10.18,33660.02,0,0,10.196,10.093,10.167,42090.99,36798.89,34303.32,1.32,300030
9/8/2021,20.97,24.11,24.11,20.62,684376.94,4.02,20.01,19.294,17.477,15.443,407259.7,361495.65,210458.73,21.09,300031
9/8/2021,6.3,7.67,7.37,6.25,1371089.88,0.98,15.34,6.752,6.22,5.589,904797.25,773104.74,428199.33,17.07,300032
9/8/2021,132.6,145.52,137.31,131.58,180999.77,2.39,1.77,127.954,121.395,114.873,159072.33,139194.4,135848.57,6.66,300033
9/8/2021,41.99,42.55,41.13,40.73,71638.01,-0.69,-1.65,42.036,44.13,44.831,136256.62,137026.55,174964.31,1.65,300034
9/8/2021,23.82,24.3,23.61,23.41,237830,-0.29,-1.21,23.204,23.929,23.225,328725.99,346048.99,341240.85,4.5,300035
9/8/2021,30.6,31.66,31.66,29.71,465968,1.66,5.53,28.634,28.005,27.653,269531.02,220329.96,194859.24,11.89,300036
9/8/2021,134.85,144.5,139.21,134.02,184762.28,0.27,0.19,121.494,113.41,111.954,127193.25,120675.58,103054.96,6.25,300037
9/8/2021,2.07,2.19,2.17,2.05,569312.94,0.11,5.34,2.054,1.979,1.912,548014.38,433020.03,402731.28,4.89,300038
9/8/2021,5.43,5.56,5.55,5.37,200980.95,0.19,3.54,5.342,5.209,5.157,152003.08,127868.23,142977.69,2.19,300039
9/8/2021,9.67,9.98,9.22,9.21,760042.5,-0.04,-0.43,9.044,8.963,9.159,498285.92,436630.85,497732.67,17.5,300040
9/8/2021,20.06,20.33,19.78,19.58,226089.92,-0.45,-2.22,19.608,19.103,19.222,269443.45,270178.08,257945.54,6.48,300041
9/8/2021,14.88,14.88,14.84,14.6,50342.45,0.06,0.41,14.664,14.739,15.617,40532.67,54728.4,96239.51,2.89,300042
9/8/2021,3.28,3.96,3.69,3.28,1083127.88,0.38,11.48,3.332,3.187,3.144,527868.79,339703.57,210911.69,11.55,300043
9/8/2021,2.7,2.8,2.78,2.68,216353.08,0.08,2.96,2.692,2.759,2.86,198342.21,205775.98,197741.77,3.24,300044
9/8/2021,10.37,10.41,10.4,10.23,131193.27,0.05,0.48,10.196,10.219,10.697,138607.32,177852.56,199112.56,2.98,300045
9/8/2021,24.89,25.47,25.38,24.66,108168.72,0.47,1.89,24.662,24.836,26.22,119561.31,110160.11,119943.35,5.08,300046
9/8/2021,7.65,7.82,7.75,7.56,341306.53,0.1,1.31,7.592,7.533,7.464,388612.79,316582.54,263582.59,6.43,300047
9/8/2021,6,6.08,6,5.92,146022.83,0.02,0.33,5.98,6,5.961,181559.46,228553.99,282282.13,1.34,300048
9/8/2021,13.35,13.71,13.06,12.88,102274,-0.23,-1.73,13.122,13.361,13.947,81303.91,95352.55,82045.19,4.44,300049
9/8/2021,5.13,5.31,5.28,5.12,157937.27,0.13,2.52,5.122,5.062,5.153,145984.2,174262.84,188148.62,3.17,300050
9/8/2021,3.58,3.75,3.71,3.56,78939.57,0.13,3.63,3.612,3.608,3.639,54012.29,54478.24,80928.17,2.16,300051
9/8/2021,11.81,11.81,11.81,11.81,154674.41,1.97,20.02,9.198,8.679,8.398,141746.41,112647.99,89367.96,5.92,300052
9/8/2021,10.84,11.13,10.7,10.66,291789.09,-0.25,-2.28,10.522,10.291,10.355,278626.58,240714.02,237642.6,4.61,300053
9/8/2021,21.03,21.8,21.33,20.94,163251.8,0.33,1.57,21.142,21.541,22.158,163759.67,196801.16,230025.51,2.28,300054
9/8/2021,14.95,15.25,14.8,14.66,314145.62,-0.27,-1.79,14.244,13.223,12.701,404955.46,327603.65,296283.95,3.64,300055
9/8/2021,6.18,6.29,6.27,6.18,65473.68,0.06,0.97,6.156,6.327,6.757,66595.85,145829.63,144565.27,1.7,300056
9/8/2021,8.02,8.09,8,7.82,187977.45,0.06,0.76,7.784,7.86,8.395,203774.27,257590.07,361657.68,3.78,300057
9/8/2021,6.19,6.32,6.29,6.12,555443.44,0.13,2.11,6.092,5.947,5.793,453729.46,356321.7,307618.8,2.33,300058
9/8/2021,34.1,36.75,35.29,34,4135628.25,1.09,3.19,33.1,32.069,32.001,3628794.8,2971633.25,2694088.98,4.85,300059
9/8/2021,7.1,7.31,7.22,7.07,202090.2,0.04,0.56,7.144,7.147,7.429,203239.04,210979.42,273162.27,3.71,300061
9/8/2021,12.54,12.91,12.61,12.51,130823,0.09,0.72,12.462,12.393,13.023,143397,155470.78,230965.19,6.74,300062
9/8/2021,4.41,4.64,4.58,4.39,395349,0.17,3.85,4.364,4.253,4.221,198145.94,155038.37,122354.98,6.47,300063
9/8/2021,1.95,1.98,1.97,1.93,292363,0.01,0.51,1.968,1.95,1.996,299942.84,300391.07,371974.77,4.2,300064
9/8/2021,11.3,11.39,11,10.8,484445.12,-0.42,-3.68,11.528,11.253,10.756,537988.59,606671.54,638321.94,9.44,300065
9/8/2021,5.36,5.39,5.36,5.29,263560.53,0,0,5.288,5.28,5.262,272825.03,272428.18,281806.06,2.63,300066
9/8/2021,4.78,4.91,4.86,4.73,440760.03,0.05,1.04,4.658,4.643,4.713,288156.63,300505.43,283698.94,6.75,300067
9/8/2021,13.3,13.32,13.2,13.04,298976.31,-0.15,-1.12,13.022,13.077,13.992,329719.16,410953.42,612733.34,3.62,300068
9/8/2021,24.41,24.69,24.63,24,8250,0.22,0.9,24.238,24.408,24.005,11285.25,14511.62,15800.03,0.71,300069
9/8/2021,8.29,8.75,8.42,8.16,764527.62,0.14,1.69,8.274,7.857,7.553,1091220.34,823057.67,578670.35,3.11,300070
9/8/2021,2.1,2.13,2.13,2.09,83950.84,0.04,1.91,2.122,2.084,2.076,95986.11,80556.88,73985.92,1.31,300071
9/8/2021,6.69,6.84,6.76,6.58,419645.16,0.16,2.42,6.644,6.482,6.39,394169.61,398872.34,457252.29,1.8,300072
9/8/2021,86.5,87.11,86.3,83.74,294852.88,0.99,1.16,77.288,76.514,73.897,229080.71,206237.95,184434.42,6.77,300073
9/8/2021,4.02,4.2,4.2,4.02,127846.13,0.17,4.22,3.998,3.946,4.041,86362.2,80386.08,77027.85,2.41,300074
9/8/2021,13.06,13.65,13.23,12.84,297361.28,0.16,1.22,13.006,12.741,12.545,251566.38,214754.51,184617.41,7.71,300075
9/8/2021,5.28,6.08,6,5.28,500431.81,0.62,11.52,5.308,5.235,5.383,238190.09,227795.92,199181.5,12.76,300076
9/8/2021,33.38,34.56,32.16,32,551264.19,-1.02,-3.07,31.504,29.448,29.618,644717.42,513850.97,548044.96,10.11,300077
9/8/2021,6.71,6.84,6.82,6.66,102353.83,0.11,1.64,6.654,6.59,6.761,90267.62,107094.43,112071.32,1.22,300078
9/8/2021,10.12,11.98,11.98,9.97,3158844.75,2,20.04,9.85,9.493,9.564,1516407.79,1263898.1,1308601.48,24.93,300079
9/8/2021,6.18,6.47,6.28,6.12,384664.59,0.11,1.78,6.264,6.251,6.193,351363.92,366621.11,330590.34,3.52,300080
9/8/2021,8.48,9.41,9.41,8.32,486591.28,1.01,12.02,8.428,8.197,8.037,210119.1,164826.72,114801.38,12.88,300081
9/8/2021,20.57,20.86,19.24,19,652611.5,-0.73,-3.65,17.55,17.449,17.814,354119.18,314203.12,320786.7,9.63,300082
9/8/2021,15.12,15.65,14.92,14.73,1005005.69,-0.38,-2.48,14.76,14.871,13.503,1091784.9,1513453.63,1262201.04,7.68,300083
9/8/2021,5.63,5.94,5.7,5.58,630593.62,-0.15,-2.56,5.518,5.328,5.142,421956.45,277550.73,190001.05,19.12,300084
9/8/2021,16.28,16.79,16.38,16.08,228406.84,0.23,1.42,15.864,15.587,15.618,187184.57,146495.99,155242.94,4.37,300085
9/8/2021,5.23,5.35,5.32,5.22,72095.98,0.09,1.72,5.206,5.224,5.416,54873.83,74150.46,91071.01,1.65,300086
9/8/2021,36.15,38.66,37.7,35.41,296505.75,2.04,5.72,36.292,35.06,34.582,217726.7,216211.41,220189.39,7.43,300087
9/8/2021,7.25,8.12,8.09,7.23,1982423,0.89,12.36,7.328,7.281,7.766,704856.28,679321.01,585790.34,8.12,300088
9/8/2021,5.01,5.32,5.29,4.96,92774.75,0.29,5.8,5.064,5.119,4.779,81646.1,196340.4,164440.64,3.8,300089
9/8/2021,4.87,4.99,4.96,4.82,565559.44,0.1,2.06,4.886,5.023,5.328,437597.16,555868.59,781956.21,5.28,300091
9/8/2021,11.88,12.07,11.89,11.73,103670.7,-0.15,-1.25,11.972,12.224,11.417,139880.94,210333.7,193291.49,6.19,300092
9/8/2021,21.45,21.45,21.25,20.96,18635.94,-0.2,-0.93,21.498,21.691,20.125,34236.43,51959.62,51604.43,0.95,300093
9/8/2021,4.12,4.22,4.21,4.09,515388.72,0.13,3.19,4.08,4.078,4.223,387325.19,542053.87,440647.39,5.91,300094
9/8/2021,14.1,14.24,13.6,13.55,264678.81,-0.72,-5.03,13.778,13.491,12.979,279039.03,246855.75,200284.44,9.08,300095
9/8/2021,9.25,9.31,9.01,8.9,313651.19,-0.22,-2.38,8.768,8.081,7.973,432390.87,250847.08,172522.68,8.33,300096
9/8/2021,9.7,9.76,9.6,9.51,54450,-0.1,-1.03,9.636,10.049,10.518,67694.73,103843.02,113680.66,2.02,300097
9/8/2021,4.23,4.63,4.53,4.21,1101857.38,0.29,6.84,4.25,4.221,4.29,493478.3,542526.84,480264.38,7.56,300098
9/8/2021,9,9.42,9.24,9,314345.12,0.34,3.82,9.124,9.41,9.732,266653.92,363553.66,467846.77,6.18,300099
9/8/2021,10.49,10.79,10.78,10.39,123510.34,0.28,2.67,10.618,10.747,11.268,100241.2,111407.03,120055.59,3.24,300100
9/8/2021,32.02,32.41,29.42,28.6,383841.75,-2.63,-8.21,31.918,32.67,31.602,277022.72,322523.72,350447.61,6.91,300101
9/8/2021,8.9,9.32,9.21,8.85,620465.81,0.27,3.02,8.884,8.877,9.046,429507.65,472269.71,556025.56,8.77,300102
9/8/2021,11.27,11.4,11.1,10.99,40182.51,-0.24,-2.12,11.376,11.483,11.224,60808.4,84413.6,66004.75,1.65,300103
9/8/2021,6.23,6.41,6.28,6.21,143319.38,0,0,6.352,6.199,6.335,197476.07,210727.92,280620.77,2.79,300105
9/8/2021,11.23,11.47,11.35,11.08,125562.9,0.12,1.07,11.2,11.019,11.368,129064.11,121105.53,172920,5.94,300106
9/8/2021,6.05,6.08,6.02,5.95,85258.99,-0.04,-0.66,5.914,6.018,6.125,92008.42,158603.99,131616.77,2.53,300107
9/8/2021,3.97,4.08,4.02,3.95,178124.3,0.03,0.75,3.92,3.869,3.978,219221.7,176731.08,173126.38,4.01,300108
9/8/2021,16.9,17.16,16.71,16.6,69732.12,-0.17,-1.01,16.26,16.068,16.33,58598.24,60365.36,67205.32,2.31,300109
9/8/2021,4.3,4.41,4.4,4.29,229822.09,0.1,2.33,4.292,4.272,4.315,146398.38,126770.01,117615.79,1.95,300110
9/8/2021,3.07,3.17,3.16,3.06,286118.69,0.08,2.6,3.096,3.101,3.219,197956.27,233321.22,274575.44,2.56,300111
9/8/2021,11.09,11.37,11.21,10.9,135285,0.13,1.17,11.214,11.661,11.529,131854.79,187391.88,212756.25,6.72,300112
9/8/2021,11.5,13.54,13.54,11.47,627681.62,2.26,20.04,11.454,11.03,11.028,225508.94,172907.32,132970.29,12.97,300113
9/8/2021,18.55,18.7,18.09,17.95,87929.15,-0.49,-2.64,18.428,19.003,19.431,100480.62,122720.64,146386.96,1.49,300114
9/8/2021,16.32,17.06,17,16.32,386131,0.71,4.36,16.418,16.652,17.207,258939.69,235091.57,268456.95,3.23,300115
9/8/2021,2.77,2.87,2.8,2.76,1967033.5,-0.03,-1.06,2.854,2.746,2.732,3105111.02,2644191.79,2097160.06,4.92,300116
9/8/2021,5,5.17,4.98,4.93,351707,0.06,1.22,5.012,5.043,5.217,442609.6,451359.16,474612.26,4.91,300117
9/8/2021,22.66,23.44,22.07,21.9,392814,-0.32,-1.43,22.584,22.784,21.895,556324.08,804363.23,648960.52,4.37,300118
9/8/2021,22.83,24.11,23.7,22.83,77734.72,0.7,3.04,23.214,22.972,23.479,52019.87,56871.45,52174.32,3.08,300119
9/8/2021,9.47,9.57,9.54,9.38,118423.59,0.08,0.85,9.514,9.785,10.162,116721.67,146447.35,201987,3.1,300120
9/8/2021,12.58,13.1,12.91,12.58,101949.2,0.38,3.03,12.528,12.262,12.05,107946.25,99774,97778.53,2.83,300121
9/8/2021,165.99,165.99,159.9,159.5,97306.4,-4.97,-3.01,164.064,167.555,162.829,123718.49,154625.26,137005.81,1.06,300122
9/8/2021,10.95,11.18,11.17,10.85,258073.41,0.18,1.64,10.864,10.919,11.29,234673.93,265131.89,320359,2.61,300123
9/8/2021,73.8,73.8,70,69.79,300477.72,-2.89,-3.96,70.782,71.854,72.214,242874.95,260417.08,300693.08,1.45,300124
9/8/2021,14.9,15.15,14.52,14.41,104431.58,-0.6,-3.97,15.45,15.493,15.493,136298.22,128781.55,99180.14,3.97,300125
9/8/2021,8.09,8.34,8.28,8.09,104523,0.09,1.1,8.058,8.014,8.042,117635.09,119605.92,130655.32,4.96,300126
9/8/2021,21.96,22.12,21.68,21.56,84259.31,-0.21,-0.96,21.658,23.144,24.077,117783.37,160611.74,206488.46,3.7,300127
9/8/2021,3.92,4,3.99,3.89,328807.69,0.08,2.05,3.88,3.882,4.111,280772.56,362615.38,558899.39,3.01,300128
9/8/2021,10.16,10.42,9.73,9.71,1063083.5,-0.21,-2.11,9.712,9.007,8.825,1192127.19,801575.51,757425.73,18.41,300129
9/8/2021,10,10.07,10.05,9.91,82670.7,0.05,0.5,9.774,9.681,9.916,79547.73,65865.26,70186.99,2.33,300130
9/8/2021,8.68,8.7,8.55,8.41,495867.81,-0.13,-1.5,8.534,8.748,8.718,471636.09,644158.81,697830.87,5.31,300131
9/8/2021,15.69,15.75,15.33,15.3,69038,-0.28,-1.79,15.32,15.103,15.176,68458.47,82204.12,74500.67,1.46,300132
9/8/2021,5.87,6.1,6.08,5.86,373408.31,0.24,4.11,5.872,5.741,5.58,243406.88,236561.48,182409.14,2.58,300133
9/8/2021,9.86,10.88,10.88,9.86,219052.27,1.05,10.68,9.872,9.729,10.376,104204.35,112220.5,124814.89,3.07,300134
9/8/2021,3.02,3.15,3.14,3.01,320926.41,0.11,3.63,3.046,2.963,2.935,261512.58,222138.98,196294.11,5.02,300135
9/8/2021,24.21,24.57,24.55,24.14,154132.66,0.38,1.57,24.052,23.549,24.526,161181.97,180995.71,169189.99,1.87,300136
9/8/2021,7.61,7.77,7.76,7.58,177421.48,0.18,2.38,7.646,7.514,7.617,143844.34,156341.56,139821.06,3.73,300137
9/8/2021,14.46,14.47,14.23,14.17,29446.56,-0.15,-1.04,14.28,14.485,14.797,30350.23,28505.75,27803.92,0.69,300138
9/8/2021,10.11,10.17,10.08,9.96,83333.94,-0.06,-0.59,10.046,9.893,10.299,85627.14,93748.43,143573.43,3.58,300139
9/8/2021,7.5,7.82,7.77,7.39,217393.05,0.31,4.16,7.554,7.513,7.552,203532.18,212364.19,184219.83,5.64,300140
9/8/2021,12.44,12.73,12.3,12.24,87316,-0.16,-1.28,12.502,12.585,13.605,121494.96,139557.3,216510.69,4.73,300141
9/8/2021,78.8,80.59,77.3,77.19,311493.56,-0.58,-0.74,75.63,78.899,79.625,454951.38,497439.96,511683.91,2.06,300142
9/8/2021,14.56,14.83,14.52,14.28,99273.09,0.1,0.69,14.664,15.239,16.787,104458.07,110321.86,93653.13,1.82,300143
9/8/2021,16.11,16.35,16.05,15.67,288966.72,0.06,0.38,15.94,15.516,14.534,328796.28,338617.14,285891.59,1.26,300144
9/8/2021,3.51,3.7,3.64,3.47,675245.44,0.11,3.12,3.562,3.566,3.52,512890.14,599106.66,608754.75,3.89,300145
9/8/2021,26.93,27.49,27.21,26.83,142324.98,0.32,1.19,26.294,26.22,27.517,155963.08,163631.31,150759.32,1.59,300146
9/8/2021,7.4,7.45,7.4,7.37,126594.6,0.02,0.27,7.326,7.252,7.375,135536.97,101991.56,101539.18,1.94,300147
9/8/2021,4.09,4.8,4.68,4.08,2487775.25,0.67,16.71,3.706,3.446,3.307,1050442.47,638232.83,412639.35,32.65,300148
9/8/2021,14.31,14.41,14.38,14.2,23131.46,0.08,0.56,14.054,13.894,14.628,36171.15,40792.41,38906.32,0.51,300149
9/8/2021,5.36,5.45,5.25,5.17,376431.12,-0.21,-3.85,5.122,4.705,4.512,462238.52,259017.08,156098.84,7.37,300150
9/8/2021,27.45,27.5,27,26.6,57827.16,-0.7,-2.53,27.516,28.424,28.438,54314.58,57459.95,63684.18,1.83,300151
9/8/2021,4.44,4.54,4.48,4.4,447343.44,0.04,0.9,4.532,4.583,4.82,541853.82,714345.86,1001897.59,6.28,300152
9/8/2021,11.44,11.7,11.22,11.08,222147.48,-0.31,-2.69,11.47,11.714,13.149,307128.7,358330.44,497373.93,7,300153
9/8/2021,7.09,7.12,7.1,6.99,36773.72,0.01,0.14,7.064,7.2,7.251,41011.29,44032.66,51582.59,1.14,300154
9/8/2021,6.85,7.03,6.99,6.84,74738.61,0.16,2.34,6.832,6.827,7.088,65821.27,84173.36,101950.39,2.61,300155
9/8/2021,4.65,4.87,4.87,4.61,562989.38,0.21,4.51,4.61,4.602,4.653,436630.93,460722.91,564106.96,7.95,300157
9/8/2021,7.73,7.88,7.7,7.58,366998,-0.03,-0.39,7.394,7.17,7.291,357618.62,302042.15,370264.79,3.62,300158
9/8/2021,5.64,6.08,5.9,5.49,2094611.5,0.31,5.55,5.514,5.62,6.263,1696879.88,1817949.61,2712542.08,14.75,300159
9/8/2021,8.6,8.9,8.44,8.42,368822.97,-0.24,-2.77,8.52,8.272,8.186,421176.55,354748.32,309014.92,6.23,300160
9/8/2021,31.59,31.79,30.04,29.68,135792.86,-1.55,-4.91,31.462,32.517,28.662,180159.07,231979.19,180613.13,8.08,300161
9/8/2021,10.18,10.65,10.49,10.15,206911.5,0.33,3.25,9.978,9.855,9.961,174726,163356.19,224737.04,7.83,300162
9/8/2021,4.05,4.12,4.11,4.02,200683.12,0.06,1.48,3.968,3.955,4.076,235346.91,259964.74,252504.37,4.24,300163
9/8/2021,4.65,4.74,4.68,4.62,193951.23,0.01,0.21,4.598,4.494,4.329,275628.28,248958.96,199376.98,4.35,300164
9/8/2021,5.45,5.57,5.55,5.45,96934.65,0.07,1.28,5.422,5.396,5.477,119359.58,109615.9,109497.91,3.21,300165
9/8/2021,10.03,10.23,10.19,10,186779.41,0.14,1.39,9.986,9.936,10.271,173578.9,195216.37,239189.47,2.28,300166
9/8/2021,6.03,6.09,6.08,5.92,84827,0.05,0.83,6.068,6.279,6.333,78506.09,121897.94,131917.6,2.83,300167
9/8/2021,12.85,13.18,13.1,12.79,115050.19,0.27,2.1,12.934,12.619,12.502,115863.28,138133.85,122172.74,0.97,300168
9/8/2021,6.76,6.95,6.91,6.71,80604.26,0.14,2.07,6.764,6.802,7.004,74850.93,80200.21,77412.51,2.69,300169
9/8/2021,7.79,7.93,7.93,7.7,219198,0.13,1.67,7.756,7.588,7.638,190954.94,163032.29,172417.98,2.73,300170
9/8/2021,53.9,54.54,48.3,47.01,133764.53,-5,-9.38,52.274,55.357,55.924,95198.43,82220.55,79698.69,3.13,300171
9/8/2021,5.25,5.36,5.31,5.2,282003.47,0.11,2.12,5.236,5.179,5.041,263372.3,337019.02,328743.96,5.69,300172
9/8/2021,7.74,7.9,7.62,7.58,311702.25,-0.13,-1.68,7.632,7.779,8.249,350807.08,424033.81,676721.45,4.7,300173
9/8/2021,17.03,17.27,16.97,16.87,51162.99,-0.24,-1.4,17.268,17.251,17.163,105745.93,83726.72,75542.27,1.65,300174
9/8/2021,4.63,4.75,4.73,4.6,202601.64,0.08,1.72,4.412,4.344,4.344,129357.99,100374.89,88154,4.3,300175
9/8/2021,7.15,7.32,7.3,7.11,67630.84,0.21,2.96,7.092,7.197,7.438,71922.31,78977.2,77197.53,1.8,300176
9/8/2021,11.4,11.45,11.35,11.18,316166.88,0.02,0.18,11.242,11.179,11.022,398510.93,341282.88,312466.5,5.37,300177
9/8/2021,2.8,2.86,2.83,2.76,99603.9,0.03,1.07,2.842,2.847,2.916,96224.92,94602.17,96664.16,1.7,300178
9/8/2021,9.58,10.2,9.83,9.48,484948.31,0.11,1.13,10.156,10.383,9.366,598538.34,691726.7,602204.19,14.72,300179
9/8/2021,5.71,5.96,5.84,5.64,573979.06,0.15,2.64,5.718,5.548,5.525,559779.54,498709.76,491723.83,4.2,300180
9/8/2021,8.46,9.4,8.58,8.46,442028.25,0.56,6.98,8.018,7.693,7.562,242024.5,179303.51,144616.36,8.96,300181
9/8/2021,5.11,5.4,5.39,5.02,1609297.25,0.31,6.1,5.034,4.935,4.912,1005810.75,1004818.53,1093227.64,7.69,300182
9/8/2021,20,20.47,20.31,19.93,138214.23,0.01,0.05,20.154,19.925,21.239,181832.98,180380.77,269245.6,4.64,300183
9/8/2021,6.15,6.18,6.12,6.07,283699.69,-0.04,-0.65,6.042,5.949,5.977,310560.35,303006.66,348279.4,2.82,300184
9/8/2021,3.9,4.07,3.94,3.87,2152620,0.06,1.55,3.866,3.749,3.726,2221663.7,1686203.71,1657126.19,7.02,300185
9/8/2021,9.06,9.3,9.27,8.84,379943.19,0.15,1.65,9.366,8.727,7.879,457880.96,377090.99,232170.14,5.9,300187
9/8/2021,18.01,18.14,18.13,17.88,97892.93,0.13,0.72,17.944,18.495,18.904,146506.29,225289.17,184490.64,1.61,300188
9/8/2021,4.82,5.14,5.07,4.8,838490.94,0.27,5.62,4.842,4.797,5.001,457624.74,448265.51,516560.49,8.71,300189
9/8/2021,6.63,6.7,6.66,6.61,126387.6,0.01,0.15,6.624,6.442,6.327,160683.52,167231.43,125185.6,1.66,300190
9/8/2021,22.89,23.26,22.9,22.75,58207.46,-0.26,-1.12,22.864,22.496,21.691,76827.37,70198.28,55351.61,2.81,300191
9/8/2021,8.26,8.64,8.63,8.25,125717.99,0.38,4.61,8.338,8.502,8.44,95841.17,142573.76,165427.73,5.84,300192
9/8/2021,17.45,17.8,16.99,16.75,51969.97,-0.46,-2.64,17.472,17.53,16.622,57564.56,70867.01,66753.77,1.21,300193
9/8/2021,4.24,4.35,4.34,4.23,252601.31,0.09,2.12,4.238,4.214,4.302,173734.75,175175.6,192242.34,2.68,300194
9/8/2021,7.88,8.02,7.9,7.82,128291,-0.05,-0.63,7.96,7.607,7.527,246306.07,198829.82,285748.41,4.09,300195
9/8/2021,22.3,23.8,22.84,21.32,211464.36,0.48,2.15,20.868,20.566,20.074,98397.01,66721.82,58315.76,8.6,300196
9/8/2021,2.95,3.06,3.06,2.94,439857.59,0.11,3.73,2.964,2.908,2.892,238555.27,231207.5,179171.47,2.48,300197
9/8/2021,4.25,4.68,4.53,4.25,790860,0.28,6.59,4.336,4.276,4.338,466204.59,455218.35,464839.29,9.1,300198
9/8/2021,5.32,5.47,5.44,5.32,51542.72,0.08,1.49,5.374,5.454,5.607,53389.01,68199.65,87167.24,0.82,300199
9/8/2021,11.29,11.36,11.32,11.1,115496.02,-0.07,-0.61,11.348,11.519,11.628,114849.4,152850.7,208065.08,2.78,300200
9/8/2021,4.55,4.84,4.64,4.5,787523.19,-0.04,-0.85,4.508,4.385,4.463,670280.26,533099.31,731084.23,8.33,300201
9/8/2021,4.99,5.01,4.99,4.91,96310.6,-0.02,-0.4,5.006,5.023,4.947,93932.82,113726.1,136003.81,2.13,300202
9/8/2021,21.5,22.3,22.22,20.83,158843.78,0.69,3.21,21.42,19.742,16.835,224224.36,234180.32,223844.11,3.51,300203
9/8/2021,12.6,12.99,12.28,12.18,93864.75,0.1,0.82,11.754,11.418,11.778,68918.13,59995.59,68291.91,2.01,300204
9/8/2021,14.06,14.38,13.97,13.75,137868.16,-0.3,-2.1,14.164,13.864,13.602,138124.62,124226.01,137642.3,3.24,300205
9/8/2021,12.36,12.45,12.3,12.25,24902.53,-0.06,-0.48,12.38,12.098,12.535,45523.68,43269.54,38373.38,0.73,300206
9/8/2021,36.37,37.37,35.59,35.29,388612.09,-1.22,-3.31,36.11,37.889,39.425,394262.66,445371.91,536493.66,2.66,300207
9/8/2021,14.38,14.68,14.33,14.13,281507.47,-0.14,-0.97,14.384,15.274,15.147,390695.61,486791.26,598799.46,4.1,300208
9/8/2021,5.32,5.58,5.55,5.3,93312.64,0.19,3.54,5.268,5.289,5.494,64151.91,85213.59,68810.37,2.49,300209
9/8/2021,4.02,4.19,4.15,4.01,118669.97,0.1,2.47,4.04,4.118,4.132,119587.38,150455.8,119940.31,2.86,300210
9/8/2021,12.63,12.74,12.57,12.36,29861.2,-0.05,-0.4,12.346,12.348,12.747,43420.1,34958.27,33799.33,1.01,300211
9/8/2021,33.38,33.54,32.58,31.95,163682.67,-0.92,-2.75,33.448,33.383,31.797,159304.33,206416.2,198758.48,2.64,300212
9/8/2021,6.6,6.68,6.68,6.57,173094.86,0.05,0.75,6.564,6.434,6.503,285604.86,205859.14,176824.06,3.15,300213
9/8/2021,7.49,8.08,7.85,7.42,125566.53,0.35,4.67,7.482,7.387,7.304,60026.32,46447.51,39716.23,3.45,300214
9/8/2021,9.75,10.06,9.85,9.68,133429.23,0.07,0.72,9.836,9.727,9.466,190069.37,173478.69,157774.54,2.38,300215
9/8/2021,4.04,4.2,4.13,4.02,603905.69,0.08,1.98,4.098,4.027,3.974,519867.74,524519.38,475500.74,6.73,300217
9/8/2021,18.6,18.62,17.99,17.85,36576.35,-0.49,-2.65,18.136,18.752,18.825,46096,63918.1,52252.22,1.69,300218
9/8/2021,14.04,14.58,14.47,13.9,199303.56,0.44,3.14,14.142,14.434,13.898,165783.01,185923.79,189475.1,3.17,300219
9/8/2021,13.04,15.49,15.49,12.93,179389.42,2.58,19.98,13.008,12.731,14.27,86382.7,70228.54,75467.71,11.92,300220
9/8/2021,9.28,9.54,9.32,9.23,400457.03,-0.06,-0.64,9.102,9.228,9.055,462617.57,622912.63,640990.09,9.13,300221
9/8/2021,12.64,12.99,12.75,12.6,267637.25,0.04,0.32,12.99,13.271,13.936,325038.18,366674.28,487331.8,4.81,300222
9/8/2021,141.38,144,140.16,138.38,64564.28,-1.94,-1.36,140.278,144.113,149.902,73718.38,85843.9,93899.44,1.99,300223
9/8/2021,14.07,14.15,13.59,13.5,219748.48,-0.55,-3.89,13.94,14.28,14.378,187894.49,232694.94,275479.87,2.71,300224
9/8/2021,14,14.35,14.18,13.9,74427.42,0.16,1.14,13.946,14.017,14.18,80830.91,87437.74,109946.82,1.57,300225
9/8/2021,55.45,57.25,56.93,55.26,16202.22,1.42,2.56,55.62,55.182,56.605,14122.31,12056.31,11506.81,0.88,300226
9/8/2021,11.08,11.12,10.78,10.72,225566.64,-0.3,-2.71,11.002,10.925,10.705,328480.7,333008.23,315587.26,5.78,300227
9/8/2021,9.5,9.74,9.52,9.21,520831.03,0.19,2.04,9.338,9.967,10.464,416553.46,614558.2,842452.6,11.87,300228
9/8/2021,11.17,11.31,11.08,11.01,174243.5,-0.11,-0.98,11.082,11.3,10.418,276389.14,438818.07,300281.61,2.46,300229
9/8/2021,4.9,5.19,5.16,4.86,426876,0.31,6.39,4.894,4.857,4.915,218564.52,188334.67,169999.74,7.76,300230
9/8/2021,9.24,9.51,9.44,9.16,207233.2,0.16,1.72,9.238,9.108,8.899,209208.29,208195.39,196922.86,5.65,300231
9/8/2021,9.05,9.18,9.17,8.98,199191.78,0.14,1.55,9.068,9.187,9.349,150314.93,178676.31,244669.46,2.73,300232
9/8/2021,36.8,37.5,36.9,35.38,93584.22,-0.05,-0.14,36.536,33.874,32.604,114840.13,91015.67,75675.99,2.55,300233
9/8/2021,8.5,9.1,8.97,8.43,345384.88,0.47,5.53,8.672,8.562,8.884,187562.13,175659.37,245031.86,10.42,300234
9/8/2021,9.66,10.12,10.09,9.63,59571.01,0.43,4.45,9.644,9.689,10.441,39212.53,49392.54,43431.87,5.18,300235
9/8/2021,46.89,49.02,48.75,46.72,105780.49,1.85,3.94,47.062,47.635,49.435,74804.11,74606.31,89294.61,3.69,300236
9/8/2021,2.77,2.93,2.92,2.76,995443.75,0.14,5.04,2.786,2.72,2.741,572936.39,518668.55,471341.2,6.91,300237
9/8/2021,18.72,18.9,18.77,18.53,44966.46,0.21,1.13,18.504,18.435,18.498,40382.62,47695.45,50107.83,1.7,300238
9/8/2021,6.41,6.54,6.49,6.36,125653,0.1,1.56,6.356,6.392,6.487,113328.32,135826.31,165376.03,2.48,300239
9/8/2021,8.2,8.23,8.1,8.08,120983.98,-0.09,-1.1,8.244,8.177,7.474,220828.36,232572.68,180577.6,3.35,300240
9/8/2021,8.51,9.06,9.01,8.46,468006.75,0.48,5.63,8.624,8.809,9.244,281691.27,329887.7,384010.89,10.63,300241
9/8/2021,4.58,4.85,4.76,4.55,353730,0.18,3.93,4.522,4.407,4.368,245574.45,181501.18,147955.45,5.84,300242
9/8/2021,17.99,18.86,18.29,17.78,294797.06,0.68,3.86,17.298,17.144,16.674,161357.97,143585.89,134963.34,15.61,300243
9/8/2021,29.53,30.17,29.83,29.26,58672.89,0.38,1.29,29.244,29.805,31.114,57375.58,63296.93,62040.35,1.21,300244
9/8/2021,8.93,9.14,9.13,8.93,43290.54,0.14,1.56,8.966,9.008,9.244,49109.44,50468.82,52365.99,1.4,300245
9/8/2021,17.4,18.03,17.8,17.13,50568.82,0.35,2.01,17.012,16.553,16.494,42611.79,29215.16,22317.59,4.62,300246
9/8/2021,3.75,3.86,3.76,3.7,340242,0.05,1.35,3.644,3.655,3.58,284643.21,290907.99,279940.46,4.24,300247
9/8/2021,8.3,8.56,8.55,8.27,108177.61,0.28,3.39,8.28,8.136,8.067,67269.25,63785.49,63281.96,2.67,300248
9/8/2021,7.03,7.23,7.2,7,141027.5,0.17,2.42,7.094,7.092,7.409,102707.23,115680.55,154389.31,4.41,300249
9/8/2021,11.3,11.6,11.6,11.23,47920.84,0.37,3.29,11.272,11.104,11.313,37204.98,38028.51,39894.12,3.01,300250
9/8/2021,9.96,10.35,10.29,9.92,362751.38,0.34,3.42,9.954,9.661,9.364,322044.86,299773.23,275476.56,1.3,300251
9/8/2021,10.79,10.87,10.6,10.38,222281.94,-0.23,-2.12,10.8,10.385,10.427,271707.95,237606.18,227907.54,5.4,300252
9/8/2021,14.68,14.9,14.53,14.48,170268.2,-0.13,-0.89,14.45,14.271,14.084,159296.48,184493.66,170289.42,0.95,300253
9/8/2021,6.9,7.06,7.03,6.85,47552.97,0.13,1.88,6.872,6.862,6.962,50311.21,48413.26,45176.35,2.24,300254
9/8/2021,7.39,7.49,7.41,7.36,167182.02,0.02,0.27,7.35,7.165,7.243,212058.94,192365.72,235511.65,2.45,300255
9/8/2021,2.33,2.48,2.43,2.32,785170.81,0.09,3.85,2.364,2.395,3.408,550149.91,751442.17,833908.22,8.2,300256
9/8/2021,16.38,16.38,15.92,15.78,30709.76,-0.34,-2.09,15.8,15.592,15.06,46479.97,46233.36,35520.89,0.38,300257
9/8/2021,14.38,15.06,14.8,14.22,218399.5,0.52,3.64,13.42,13.143,13.362,130802.72,105450.82,112586.94,4.92,300258
9/8/2021,5.29,5.3,5.23,5.21,314130.38,-0.11,-2.06,5.286,5.183,5.051,389426.89,351324.74,295304.15,3.84,300259
9/8/2021,32.02,35.8,35.8,31.73,134058.8,4,12.58,33.13,33.741,30.543,78753.65,121900.45,108719.4,8.88,300260
9/8/2021,5.8,6.21,6.06,5.76,464871,0.25,4.3,5.89,5.757,5.68,378709.72,359875.74,313622.53,4.91,300261
9/8/2021,4.28,4.31,4.24,4.2,260315.08,-0.04,-0.94,4.294,4.389,4.136,369061.84,569877.99,383721.72,5.55,300262
9/8/2021,13.2,13.99,13.53,12.94,509674.81,0.39,2.97,12.922,13.297,12.077,530368,569032.77,575756.51,6.64,300263
9/8/2021,6.85,8.16,8.07,6.68,1353142.12,1.27,18.68,6.626,6.251,5.664,772664.24,706434.6,437242.12,40.08,300264
9/8/2021,11.28,12,12,11.28,270613.59,0.72,6.38,11.5,11.443,12.147,194182,204435.72,290743.4,7.42,300265
9/8/2021,3.5,3.74,3.68,3.48,694986.81,0.2,5.75,3.496,3.422,3.356,425205.77,450266.39,368304.62,4.49,300266
9/8/2021,4.04,4.12,4.08,4.02,274125,0.04,0.99,3.978,3.916,3.915,209771.05,180810.36,168633.94,1.93,300267
9/8/2021,18.44,19.17,17.8,17.58,56609.02,-0.49,-2.68,18.094,17.009,16.164,79179.55,63884.02,53594.82,4.23,300268
9/8/2021,3.45,3.5,3.5,3.43,93446,0.03,0.86,3.49,3.491,3.554,96015.92,115588.82,145010.44,2.4,300269
9/8/2021,6.46,6.58,6.57,6.34,83901.48,0.09,1.39,6.478,6.603,6.697,80239.23,110401.96,171343.68,4.09,300270
9/8/2021,11.45,11.84,11.73,11.35,835679.81,0.22,1.91,11.244,13.092,15.414,974840.97,736170.84,433939.04,11.62,300271
9/8/2021,7.49,7.65,7.48,7.37,248692.77,0.01,0.13,7.43,7.197,7.1,332556.37,271022.61,280016.19,6.06,300272
9/8/2021,5.7,5.81,5.81,5.66,151527.86,0.1,1.75,5.656,5.537,5.622,139317.65,124690.22,138510.17,2.41,300273
9/8/2021,141.91,147.98,136.71,136.18,294531.75,-5.29,-3.73,140.332,146.264,144.882,300911.39,343437.35,363078.78,2.69,300274
9/8/2021,9.79,10.25,10.05,9.71,63027.06,0.33,3.4,9.742,9.695,9.7,42838.53,37341.42,35144.84,4.97,300275
9/8/2021,4.53,4.73,4.68,4.48,413431.88,0.1,2.18,4.532,4.531,4.472,335681.87,369071.51,389866.35,4.38,300276
9/8/2021,9.7,9.83,9.34,9.32,171516.16,-0.4,-4.11,9.848,9.261,8.915,228025.12,153540.8,102769.57,5.13,300277
9/8/2021,5.08,5.18,5.11,5,113728.02,0.06,1.19,4.94,4.667,4.509,198683.96,169946.85,176587.8,2.59,300278
9/8/2021,7.09,7.17,7.07,7.01,156961.2,-0.05,-0.7,7.29,7.415,7.42,280652.08,261258.74,261279.22,3.57,300279
9/8/2021,28.54,31.48,30.2,28.54,115644.96,1.68,5.89,27.73,26.935,28.416,68853.34,70023.36,55705.02,7.21,300280
9/8/2021,6.7,6.88,6.85,6.68,118426.88,0.12,1.78,6.686,6.611,6.604,110558.32,104227.21,110135.14,2.98,300281
9/8/2021,4.52,4.8,4.77,4.51,226169.5,0.26,5.76,4.442,4.391,4.372,117058.8,108604.28,104485.17,6.05,300282
9/8/2021,7.89,8.03,7.84,7.75,237120,-0.14,-1.75,7.824,8.14,7.848,266877.98,428882.7,389785.98,7.94,300283
9/8/2021,7.34,7.38,7.33,7.29,171442.23,0.01,0.14,7.39,7.221,7.152,294702,287745.85,389539.81,2.66,300284
9/8/2021,41.75,42.75,42.05,41.43,43172.38,0.05,0.12,42.632,44.237,45.406,88858.88,75338.75,77515.33,0.55,300285
9/8/2021,18.75,19.79,19.54,18.72,56299.77,0.79,4.21,19.168,19.11,19.127,51713.15,54154.46,59549.76,3.25,300286
9/8/2021,5.06,5.17,5.12,5.06,769705.38,0,0,5.24,5.181,5.226,1020111.71,886339.6,1004201.63,6.46,300287
9/8/2021,11.08,12.26,12.05,11.06,262829.47,0.97,8.76,11.274,11.025,10.803,133319.45,103437.08,74404.75,10.58,300288
9/8/2021,7.33,7.43,7.42,7.22,126983.5,0.09,1.23,7.246,7.155,7.224,118592.74,106037.33,142493.91,3.04,300289
9/8/2021,6.61,7.99,7.37,6.51,1255329,0.6,8.86,6.13,5.49,5.174,924175.69,514513.63,309509.71,22.09,300290
9/8/2021,4.96,5.16,5.14,4.92,164606.77,0.21,4.26,4.906,4.782,4.678,106586.4,83109.86,63833.9,2.16,300291
9/8/2021,3.8,3.94,3.94,3.79,450044.19,0.13,3.41,3.806,3.776,3.816,249599.16,229160.07,250785.51,4.29,300292
9/8/2021,14.69,15.2,15.04,14.45,133969.91,0.41,2.8,14.574,14.665,15.542,100484.97,104799.59,140295.52,4.96,300293
9/8/2021,38,39.92,39.18,37.8,91272.94,0.87,2.27,38.082,38.23,40.234,107308.68,103538.05,100607.99,2.11,300294
9/8/2021,10.94,11.65,11.62,10.91,132028.34,0.68,6.22,10.96,10.71,10.729,67299.83,60379.31,47809.7,7.96,300295
9/8/2021,10.4,11.07,10.96,10.3,2017671.88,0.71,6.93,10.278,10.124,9.885,1234234.5,1219590.26,1406488.19,10.33,300296
9/8/2021,3.39,3.55,3.54,3.38,505019.47,0.14,4.12,3.436,3.396,3.465,304112.15,294160.6,386725.63,4.93,300297
9/8/2021,26.3,26.61,26.3,26.13,7205.75,0.03,0.11,26.25,25.983,27.162,10689.72,15239.31,15237.02,0.16,300298
9/8/2021,4.94,5.47,5.47,4.91,514501.62,0.57,11.63,4.93,4.803,4.921,187906.63,146649.07,114611.88,7.95,300299
9/8/2021,5.54,5.61,5.6,5.43,242823.95,0.11,2,5.45,5.264,5.219,268658.34,212392.48,168806.06,3.62,300300
9/8/2021,3.43,3.57,3.56,3.4,405560,0.11,3.19,3.456,3.426,3.573,291091.33,286717.58,321430.75,5.13,300301
9/8/2021,11.36,11.44,11.1,10.93,191445.64,-0.47,-4.06,11.434,11.787,12.268,142629.27,195133.54,261340.03,5.45,300302
9/8/2021,6.26,6.43,6.42,6.22,760886.88,0.17,2.72,6.27,6.337,6.594,619095.19,610932.47,802711.11,6.26,300303
9/8/2021,7.3,7.36,7.17,7.1,347038,-0.11,-1.51,7.14,7.04,6.939,503846.04,475197.9,422126.94,4.11,300304
9/8/2021,17.84,19.1,18.98,17.58,227298.22,1.29,7.29,17.698,17.19,17.211,169839.75,128416.52,115062.81,9.77,300305
9/8/2021,10.52,10.76,10.75,10.41,67092.16,0.28,2.67,10.38,10.353,10.301,62642.27,52515.44,46808.74,4.42,300306
9/8/2021,8.98,9.27,9.25,8.81,277111.03,0.18,1.99,9.128,8.88,8.962,320922.28,305588.55,420776.32,3.59,300307
9/8/2021,35.99,36.85,36.68,35.73,80015.07,0.67,1.86,36.468,36.279,37.638,64236.4,64022.02,73231.07,1.17,300308
9/8/2021,3.65,3.8,3.72,3.61,811971.81,0.05,1.36,3.578,3.46,3.805,756668.52,756904,907442.95,9.6,300309
9/8/2021,5.25,5.52,5.49,5.22,623583.62,0.22,4.17,5.364,5.226,5.144,513614.74,518165.74,435108.93,9.01,300310
9/8/2021,8.4,8.8,8.7,8.32,632953.44,0.35,4.19,8.36,8.463,8.937,432332.37,509484.11,717593.79,11.85,300311
9/8/2021,3.02,3.23,3.18,3,234624.88,0.16,5.3,3.048,3.024,3.084,126212.48,122449.72,145356.98,9.81,300312
9/8/2021,11.24,11.33,10.1,10.03,201619.14,-1,-9.01,10.888,9.777,8.979,235200.13,200058.36,195515.14,10.95,300313
9/8/2021,15.26,15.38,15.25,15.07,36212,0.03,0.2,15.156,15.274,15.798,30601.25,46121.34,76204.65,1.91,300314
9/8/2021,3.93,4.53,4.39,3.91,2471402.5,0.46,11.71,3.906,3.762,3.676,1033215.33,784402.15,587459.9,9.39,300315
9/8/2021,74.5,74.95,70.51,69.8,215737.31,-3.6,-4.86,74.186,74.242,68.006,197474.92,230956.15,195839.82,1.79,300316
9/8/2021,6.6,6.7,6.63,6.54,167755.48,0.09,1.38,6.534,6.753,7.429,183940.77,301449.24,383942.52,2.18,300317
9/8/2021,8.61,8.83,8.77,8.61,209830.05,0.04,0.46,8.666,8.788,9.435,257863.05,255055.6,329941.65,2.63,300318
9/8/2021,11.95,12.23,11.97,11.77,240292.31,0.05,0.42,11.892,12.285,12.845,222847.24,322002.39,320718.82,3.65,300319
9/8/2021,10.45,10.59,10.4,10.06,298102.91,0.02,0.19,10.512,10.919,10.032,395252.34,539195.4,727997.98,6.04,300320
9/8/2021,20.65,21.2,21.11,20.31,15627.43,0.46,2.23,20.672,20.502,21.004,14464.1,17099.33,27963.35,1.87,300321
9/8/2021,12.2,13.4,13.18,12.13,297435.81,1.01,8.3,12.232,12.177,12.58,128417.59,134834.48,149549.16,6.73,300322
9/8/2021,11.77,12.12,12.06,11.61,220443.59,0.36,3.08,11.582,11.683,12.227,174432.51,233955.53,311998.22,2.42,300323
9/8/2021,3.78,3.91,3.89,3.77,398080.31,0.12,3.18,3.778,3.693,3.787,291115.49,269661.71,336163.07,3.16,300324
9/8/2021,2.88,2.88,2.84,2.81,313518.75,-0.04,-1.39,2.808,2.809,2.778,323913.02,363368.5,378315.45,3.15,300325
9/8/2021,10.28,10.36,10.32,10.14,147823.31,0.05,0.49,10.056,9.891,9.928,166129.25,129005.19,116530.51,2.06,300326
9/8/2021,63.77,65,63.44,62.9,40129.03,-0.56,-0.88,64.08,66.517,65.876,48417.28,59253.08,82375.97,1.31,300327
9/8/2021,9.89,10.16,9.89,9.83,178507.59,-0.13,-1.3,9.888,9.788,9.251,266132.9,353239.82,308652.9,2.62,300328
9/8/2021,11.98,12.3,11.66,11.53,223840.69,-0.39,-3.24,11.604,11.78,11.892,245628.26,313906.67,402256.35,8.88,300329
9/8/2021,10.23,10.34,10.34,10.16,27194.97,0.11,1.07,10.212,10.207,10.404,34582.7,33345.09,35548.04,1.62,300330
9/8/2021,36.28,36.85,36.5,35.14,65165,0.32,0.88,35.718,33.763,31.714,87357.5,92496.54,76874.83,3.94,300331
9/8/2021,7.68,7.9,7.65,7.48,262700,-0.04,-0.52,7.334,7.053,6.925,289259,243867.73,211736.15,3.12,300332
9/8/2021,7.98,8.05,8.03,7.9,102794.39,0.06,0.75,7.836,7.734,8.079,95874.05,106502.16,119246.85,3.09,300333
9/8/2021,10.74,11.94,11.54,10.53,324874.09,0.87,8.15,10.96,10.768,10.536,255787.05,264175.53,305130.57,10.88,300334
9/8/2021,6.12,6.28,6.25,6.1,139620,0.05,0.81,6.12,6.005,6.01,198724.62,185612.17,176057.23,4.94,300335
9/8/2021,2.68,3.21,2.98,2.68,721983.81,0.3,11.19,2.686,2.608,2.6,234664.56,162569.29,121257.49,9.79,300336
9/8/2021,5.99,6.35,6.26,5.9,511796.28,0.23,3.81,6.11,6.11,6.034,468976.11,484144.32,429019.65,7.21,300337
9/8/2021,6.08,6.3,6.14,6,144199,0.01,0.16,6.034,6.229,6.03,198183.43,308267.71,272716.55,4.8,300338
9/8/2021,27.65,28.38,26.33,26.26,1030736.62,-1.27,-4.6,27.128,27.708,30.094,898664.85,871816.12,812267.95,13.36,300339
9/8/2021,21.2,21.89,21.39,20.91,116306.46,0.16,0.75,20.882,21.878,22.161,138690.45,200207.56,214337.47,6.44,300340
9/8/2021,10.32,10.63,10.54,10.13,79029.71,0.19,1.84,10.35,10.493,10.442,71151.08,105354.95,129214.29,1.55,300341
9/8/2021,16.35,16.44,15.82,15.73,248346.48,-0.63,-3.83,16.104,15.512,14.995,291071.63,285041.39,218283.63,5.91,300342
9/8/2021,24.28,25.87,24.96,23.52,1220307,0.91,3.78,23.76,21.628,19.88,1442251.75,1507620.57,1524136.41,12.99,300343
9/8/2021,5.57,5.63,5.62,5.52,54341.84,0.05,0.9,5.562,5.527,5.747,58155.1,67540.52,106005.53,1.57,300344
9/8/2021,5.57,5.72,5.67,5.51,99181.28,0.11,1.98,5.616,5.59,5.961,107798.28,131638.61,188475.47,2.25,300345
9/8/2021,56.26,64.4,63.4,55.28,556532.25,7.48,13.38,57.492,57.854,61.124,366915.68,320524.03,349403.76,14.56,300346
9/8/2021,145,148.3,146,140.47,62466.63,1.59,1.1,139.092,137.62,142.51,75232.74,87022,85899.87,1.11,300347
9/8/2021,16.38,16.73,16.36,16.21,108905.49,0.01,0.06,16.01,15.85,16.212,91527.05,87863.43,96851.79,1.78,300348
9/8/2021,12.45,12.46,12.38,12.29,55309.77,-0.01,-0.08,12.382,12.452,12.26,59985.22,71556.6,64288.57,1.45,300349
9/8/2021,11.08,11.14,10.58,10.52,467518.31,-0.8,-7.03,10.74,9.947,9.373,572748.26,486035.84,368240.86,14.34,300350
9/8/2021,10.03,10.07,9.9,9.88,44144,-0.13,-1.3,10.002,9.858,9.79,54465.06,58667.19,57947.41,1.74,300351
9/8/2021,6.65,7,6.97,6.6,999029.94,0.27,4.03,6.782,6.588,6.296,853562.39,1005463.17,752161.85,8.26,300352
9/8/2021,9.32,9.38,9.28,9.05,111183.66,-0.03,-0.32,9.244,9.349,9.771,92195.96,109319.64,154787.25,2.76,300353
9/8/2021,31.51,38.06,38.06,31.36,92955.68,6.34,19.99,30.924,30.746,28.745,56984.22,59805.8,51793.42,11.83,300354
9/8/2021,4.56,4.63,4.6,4.51,748816.38,0.03,0.66,4.488,4.312,4.148,909956.99,776959.94,519526.05,5.73,300355
9/8/2021,3.3,3.45,3.43,3.29,227809.92,0.14,4.25,3.3,3.249,3.257,144781.19,116618.45,123669.93,5.87,300356
9/8/2021,53.31,53.53,52.73,52.38,32250.27,-0.51,-0.96,51.55,52.124,55.349,45436.86,41472.5,35926.8,0.68,300357
9/8/2021,25,25.04,23.79,23.68,88066.08,-1.11,-4.46,24.482,25.693,25.854,123146.24,139092.89,170406.91,1.93,300358
9/8/2021,5.52,5.74,5.71,5.5,163543.81,0.16,2.88,5.498,5.524,5.569,116157.15,117091.83,126008.5,2.58,300359
9/8/2021,9.34,9.49,9.25,9.13,104448.9,-0.11,-1.18,9.358,9.618,9.882,106660.5,138929.5,128824.8,2.4,300360
9/8/2021,84.87,87.84,85.16,82.78,58226.48,-0.62,-0.72,82.494,84.062,87.152,75684.16,60062.86,60585.35,1.3,300363
9/8/2021,6.15,6.58,6.46,6.12,288396.97,0.31,5.04,6.15,6.105,6.062,135143.33,124785.73,146265.23,4.56,300364
9/8/2021,11.98,13.55,13.07,11.89,460989.91,0.99,8.2,12.006,10.941,10.648,381095.33,309770.86,228623.64,13.24,300365
9/8/2021,10.69,10.93,10.83,10.58,232374.02,0.15,1.4,11.034,10.904,10.504,384185.84,387260.86,417957.83,5.77,300366
9/8/2021,2.44,2.52,2.51,2.43,209369.48,0.07,2.87,2.44,2.413,2.432,172175.02,135002.75,119924.97,1.97,300367
9/8/2021,11.98,12.23,11.93,11.89,145170.25,-0.11,-0.91,12.12,11.408,11.376,308917.14,216026.84,170220,2.85,300368
9/8/2021,18.3,18.73,18.17,17.95,176067.58,-0.05,-0.27,18.934,20.011,20.153,252270.28,244676.96,198806.11,2.4,300369
9/8/2021,2.1,2.22,2.19,2.1,223010.72,0.08,3.79,2.124,2.101,2.13,132393.4,151249.31,165882.94,2.37,300370
9/8/2021,14.69,14.71,14.34,14.16,29089.3,-0.37,-2.52,14.5,14.344,14.15,31741.99,26811.11,24636.82,2.64,300371
9/8/2021,47.09,47.49,46.92,46.8,100811.66,-0.37,-0.78,46.638,47.509,49.015,113638.61,126642.42,141907.55,1.97,300373
9/8/2021,15.15,15.2,14.63,14.5,65605.08,-0.47,-3.11,15.39,14.124,13.569,133921.11,92550.27,71743.02,3.47,300374
9/8/2021,4.95,5.02,5,4.93,85248.74,0.05,1.01,4.954,4.943,5.028,110356.52,120747.55,175644.26,1.36,300375
9/8/2021,10.54,10.84,10.54,10.44,838578.25,0.01,0.1,10.59,11.636,12.284,890005.7,1194114.01,1479395.41,3.63,300376
9/8/2021,12.29,12.64,12.17,11.96,443589.28,-0.23,-1.85,12.428,12.344,12.476,541978.63,510122.39,697104.75,7.46,300377
9/8/2021,24.68,24.88,24.49,24.15,77595.93,-0.19,-0.77,24.306,24.396,25.184,96749.37,110476.06,137175.79,2.92,300378
9/8/2021,31.2,31.38,30.79,30.28,118945.02,-0.41,-1.31,30.936,32.032,34.065,146465.74,178659.5,272693.07,2.78,300379
9/8/2021,17.55,17.74,17.73,17.41,16607.81,0.19,1.08,17.436,17.228,17.66,13731.57,15647.04,18229.58,1.34,300380
9/8/2021,10.11,10.29,10.02,9.96,76161.01,-0.09,-0.89,10.136,10.08,9.82,89150.86,105690.45,98404.8,1.62,300381
9/8/2021,31.39,32.22,30.79,30.5,120025.86,-0.88,-2.78,28.802,27.139,26.503,154954.55,124605.27,143862.61,2.13,300382
9/8/2021,14.43,14.78,14.63,14.41,228552.19,0.18,1.25,14.45,14.361,14.76,165242.08,184894.53,197236.17,1.5,300383
9/8/2021,26.3,26.49,25.29,25,82193.84,-1.35,-5.07,24.83,25.015,23.819,77951.01,84155.71,100671.25,3.79,300384
9/8/2021,10.15,10.36,10.36,10.04,104924.08,0.15,1.47,10.34,10.372,10.3,127249.6,154398.03,144573.74,3.77,300385
9/8/2021,14.88,15.28,15.1,14.85,67543.9,-0.02,-0.13,14.896,14.56,14.531,85448.77,69808.62,68282.53,2.79,300386
9/8/2021,6.93,7.32,7.32,6.88,106872.8,0.39,5.63,7.012,6.986,6.939,61628.06,57742.64,48569.51,3.7,300387
9/8/2021,7.84,8.04,8.01,7.81,110578.48,0.24,3.09,7.852,7.691,7.484,90715.76,86797.15,63037.79,1.59,300388
9/8/2021,9.15,9.63,9.54,9.1,89722.05,0.45,4.95,9.186,9.265,9.955,53629.7,62213.53,63807.68,5.47,300389
9/8/2021,103.72,112.08,105.23,102.33,162274.8,0.82,0.79,103.738,96.736,86.331,231357.09,200919.5,202925.62,4.17,300390
9/8/2021,20.13,20.63,20.38,19.92,58369.32,0.11,0.54,20.186,20.752,19.939,73885,83824.45,75981.1,1.67,300391
9/8/2021,7.26,7.97,7.69,7.24,72775.69,0.51,7.1,7.198,7.181,7.458,29832.4,30530.23,23284.91,2.46,300392
9/8/2021,14.69,15.65,14.36,14.32,917271.81,0.29,2.06,14.65,13.898,13.167,1146695.1,967424.34,842193.31,10.02,300393
9/8/2021,28.45,29.67,29.47,28.13,85369.83,0.87,3.04,28.078,27.457,28.504,76915.22,75541.43,96308.4,2.42,300394
9/8/2021,59.3,59.3,55.76,55.58,50727.01,-3.05,-5.19,57.262,59.431,57.701,52478.26,65396.87,58184.42,1.61,300395
9/8/2021,18.35,18.45,18.27,18.2,5969.17,-0.09,-0.49,18.19,18.109,18.499,7325.74,7621.16,8362.5,0.24,300396
9/8/2021,16,16.27,16.05,15.9,75090.79,0.07,0.44,15.888,15.871,16.814,80259.45,99087.93,129475.54,2.35,300397
9/8/2021,18.61,19.48,19.18,18.61,101568.73,0.39,2.08,18.676,18.809,19.864,93927.95,106824.9,130065.07,1.99,300398
9/8/2021,10.84,11.27,11.23,10.81,26486.1,0.4,3.69,10.78,10.705,10.94,14545.87,16182.28,15797.5,1.36,300399
9/8/2021,28.59,28.8,27.42,27.22,69164,-1.17,-4.09,28.16,29.151,29.773,61151.33,85763.07,106207.06,4.26,300400
9/8/2021,14.72,14.83,14.61,14.44,75552.38,-0.15,-1.02,14.688,14.6,14.679,66129.17,73410.84,106639.31,1.44,300401
9/8/2021,17.79,17.91,17.26,17.12,53154.77,-0.56,-3.14,17.726,17.957,18.077,72776.78,82149.75,83696.22,2.63,300402
9/8/2021,7.15,7.31,7.25,7.12,143144.23,0.07,0.97,7.106,7.182,7.222,242225.81,189113.94,161900.96,3.55,300403
9/8/2021,11.18,11.28,11.21,11.1,21918.98,0.01,0.09,11.04,10.917,11.419,32077.32,33183.28,31151.88,1.45,300404
9/8/2021,11.4,11.64,11.29,11.27,149060.59,-0.49,-4.16,11.328,11.313,11.14,136421.03,177299.92,176415.71,9.86,300405
9/8/2021,17.7,17.88,17.65,17.51,37104.45,0.01,0.06,17.512,17.295,17.294,42028.73,38671.16,35139.15,1.11,300406
9/8/2021,8.8,8.83,8.75,8.6,43169.23,-0.04,-0.46,8.742,8.574,8.68,59865.64,65516.2,78527.41,2.05,300407
9/8/2021,37.1,37.73,37.47,36.81,130101.83,0.23,0.62,36.886,37.521,39.649,190230.06,188124.53,215588.29,0.74,300408
9/8/2021,29.6,29.65,28.59,28.45,237970.08,-1.26,-4.22,28.264,29.24,29.541,246356.38,279222,291229.85,5.45,300409
9/8/2021,13.42,13.48,13.02,12.95,137775.23,-0.4,-2.98,13.14,13.655,13.954,133075.44,194406.91,240732.33,3.78,300410
9/8/2021,8.21,8.38,8.28,8.13,44913,0.08,0.98,8.242,8.243,8.548,52087.68,64945.1,81625.39,2.62,300411
9/8/2021,9.8,10.03,10.01,9.75,58072.2,0.22,2.25,9.788,9.839,10.006,72138.23,73275.81,86564.97,2.61,300412
9/8/2021,44.32,44.99,44.98,44.02,122634.55,0.39,0.88,45.024,46.04,50.329,158858.63,207897.91,159447.78,1.32,300413
9/8/2021,10.95,11.17,11.14,10.8,78362.67,0.14,1.27,10.982,11.12,11.975,76655.99,100842.9,159256.62,2.55,300414
9/8/2021,18.6,18.96,18.68,18.49,61851.28,0.02,0.11,18.762,19.323,19.179,64512.33,85968.14,94275.94,1.48,300415
9/8/2021,24.98,25.17,24.18,24.02,60929.5,-0.81,-3.24,25.228,25.162,24.506,74121.59,79641.83,69392.78,2.33,300416
9/8/2021,13.81,13.94,13.83,13.61,43529.19,0.03,0.22,13.634,14.092,13.833,50236.66,81734.4,69783.87,5.28,300417
9/8/2021,18.6,21,20.51,18.36,1017819.44,2.82,15.94,17.902,17.312,16.612,358805.5,279002.31,208357.6,9.85,300418
9/8/2021,7.5,7.66,7.63,7.42,163323,0.08,1.06,7.574,7.732,7.955,146794.71,200972.54,295026.3,4.44,300419
9/8/2021,3.97,4.17,4.17,3.94,809810.06,0.13,3.22,3.97,3.941,3.961,372525.19,349370.28,330724.13,7.81,300420
9/8/2021,24.13,25.1,23.47,23,98415.86,-0.66,-2.73,25.032,23.741,21.317,146372.16,116081.04,109186.64,5.3,300421
9/8/2021,9.37,9.48,9.39,9.3,84009.08,0.03,0.32,9.46,9.399,9.246,98351.72,126829.03,116693.27,2.23,300422
9/8/2021,13.32,13.37,12.87,12.81,109892.15,-0.44,-3.31,13.46,13.46,13.566,106618.41,127279.15,155139.83,3.54,300423
9/8/2021,17.69,17.83,17.38,17.3,75125.17,-0.33,-1.86,17.808,18.095,18.092,108186.42,163329.69,159146.63,3.75,300424
9/8/2021,5.85,5.86,5.71,5.66,149409.39,-0.05,-0.87,5.738,5.845,5.602,185056.62,277954.01,295486.35,2.23,300425
9/8/2021,6.87,7.03,6.97,6.85,36132.63,0.07,1.01,6.88,6.688,6.391,43553.87,41323.3,32261.59,0.91,300426
9/8/2021,16.2,16.48,16.25,16.11,90180.72,0.08,0.49,16.166,15.731,15.954,136878.02,134413.17,181972.01,2.84,300427
9/8/2021,22.1,22.27,21.42,21.01,168198.84,-0.55,-2.5,22.058,21.822,21.267,179226.48,234373.79,234452.61,8.51,300428
9/8/2021,13.02,13.25,13.21,12.95,119732.56,0.2,1.54,12.962,12.978,13.533,98829.19,120114.61,148997.01,3.27,300429
9/8/2021,11.1,11.98,11.62,11.05,116674.05,0.52,4.68,11.168,11.403,11.452,75971.59,75222.78,75868.52,4.54,300430
9/8/2021,40,40.38,36.37,34.37,489497.53,-3.62,-9.05,40.926,40.41,38.1,331078.58,295375.51,317302.06,6.75,300432
9/8/2021,24.46,25.25,25.14,24.41,413693.97,0.73,2.99,24.538,24.291,24.595,315376.44,314124.13,302178.44,0.83,300433
9/8/2021,10.12,10.14,10.01,9.97,28636,-0.13,-1.28,9.946,10.107,10.543,32091,41865.87,49145.35,0.89,300434
9/8/2021,22.51,24.5,22.91,22.32,426626.75,-0.24,-1.04,22.396,23.74,22.124,358062.88,434541.95,494221.48,14.64,300435
9/8/2021,31.09,32.04,31.94,31.04,10751.58,0.71,2.27,31.302,32.329,33.321,9849.28,9274.41,7790.44,0.94,300436
9/8/2021,10.37,10.4,10.21,10.1,66742.6,-0.12,-1.16,10.25,9.929,9.701,109777.34,124756.7,92361.84,4.77,300437
9/8/2021,30.78,30.93,29.88,29.79,141810.5,-0.76,-2.48,30.064,31.427,31.752,166168.97,235542.94,238082.82,4.4,300438
9/8/2021,19.24,19.33,19.11,19.09,14322,-0.19,-0.98,19.088,19.039,19.697,12936.82,17869.57,20894.49,0.6,300439
9/8/2021,8.25,8.48,8.24,8.13,87891.4,0.03,0.36,8.152,7.918,7.56,113503.42,98039.32,84300.41,1.99,300440
9/8/2021,12.42,12.48,12.23,12.15,162406.2,-0.18,-1.45,12.182,12.428,12.501,191065.87,274383.38,273060.13,2.59,300441
9/8/2021,43.45,45.86,44.6,43.45,12741.67,1.25,2.88,43.79,43.588,43.87,6205.95,6281.41,6261.33,1.28,300442
9/8/2021,44.22,45.73,43.55,42.89,161960.06,-0.27,-0.62,42.49,38.366,36.428,271147.58,173186.98,127003.84,8.86,300443
9/8/2021,6.17,6.21,6.11,6.08,274453.84,-0.02,-0.33,6.2,5.999,6.348,485958.19,341664.67,338439.86,5.31,300444
9/8/2021,16.43,16.43,16.12,15.9,22434.81,-0.36,-2.18,15.728,15.947,15.727,22631.69,25112.11,21602.85,1.66,300445
9/8/2021,8.95,9.38,9.26,8.92,40450.28,0.28,3.12,8.904,8.772,8.662,32830.4,35008.2,48878.65,2.05,300446
9/8/2021,19.8,20.12,19.86,19.37,55099,-0.13,-0.65,20.142,21.067,20.835,63615.42,99834.66,110400.7,3.17,300447
9/8/2021,7.1,7.25,7.25,7.1,102934.31,0.13,1.83,7.084,7.169,7.519,91692.29,109645.47,159460.72,2.24,300448
9/8/2021,7.6,7.85,7.77,7.51,161947.95,0.08,1.04,7.39,7.203,7.306,118141.94,90757.13,81821.94,6.45,300449
9/8/2021,70.57,71.7,68.75,68.58,145340.52,-1.96,-2.77,69.872,72.07,73.676,178320.69,188000.16,199211.87,1,300450
9/8/2021,7.85,7.9,7.89,7.74,187097.52,0.04,0.51,7.74,7.696,7.652,148067.49,161214.33,156885.98,1.43,300451
9/8/2021,14.29,14.35,14.3,14.19,20344.55,0.02,0.14,14.17,14.288,14.674,23838.34,36315.77,39032.94,1.44,300452
9/8/2021,11.46,11.54,11.51,11.43,49129.2,0.02,0.17,11.394,11.302,11.553,52985.74,51923.29,50706.08,1.83,300453
9/8/2021,250.6,256.12,246.98,245.5,13546.3,-6.2,-2.45,251.036,262.404,265.802,14418.17,14565.1,17953.21,0.51,300454
9/8/2021,12.54,12.55,12.19,12.13,142843.3,-0.39,-3.1,12.364,12.11,11.751,166849.45,166992.36,142773.47,2.57,300455
9/8/2021,29.6,30.86,30.78,29.55,165375.45,0.97,3.25,29.828,31.181,33.795,166276.37,195849.75,264769.87,4.52,300456
9/8/2021,29.9,29.96,28.81,28.58,136852.28,-1.06,-3.55,29.096,29.486,28.923,137350.13,178598.78,234462.44,2.92,300457
9/8/2021,73.22,74.5,72.6,71.71,94034.94,-0.4,-0.55,71.818,72.469,73.461,126216.98,133028.27,144541.52,3.61,300458
9/8/2021,3.39,4.06,4.06,3.36,3478351.75,0.68,20.12,3.388,3.303,3.262,1391296.55,963227.88,800976.81,12.19,300459
9/8/2021,22.59,22.68,21.85,21.8,113890.83,-0.74,-3.28,22.592,23.51,24.491,112507.65,137282.63,148146.97,4.83,300460
9/8/2021,26,27.88,26.26,25.68,131422.61,0.46,1.78,24.81,24.254,23.384,102809.98,96889.81,92065.89,18.62,300461
9/8/2021,13.37,13.46,13,12.92,90563.22,-0.27,-2.04,12.49,12.026,12.072,96556.03,61038.8,45476.39,6.64,300462
9/8/2021,28.48,28.65,28.17,27.98,58684.68,-0.12,-0.42,28.216,28.616,30.592,61669.38,58817.33,55913.9,1.46,300463
9/8/2021,10.04,10.22,10.14,9.94,110269,0.08,0.8,9.888,9.724,10.314,98218.57,102139.91,101412.8,3.66,300464
9/8/2021,10.78,11.09,10.95,10.7,116197.48,0.1,0.92,10.698,10.666,10.841,119203.83,120693.35,125382.68,2.6,300465
9/8/2021,6,6.08,6.06,5.95,70548.6,0.08,1.34,5.964,5.994,6.243,69717.32,79686.62,110515.29,1.68,300466
9/8/2021,14,16.4,15.9,13.99,188235.05,2.04,14.72,13.922,13.607,13.265,81359.25,80704.41,64910.61,12.72,300467
9/8/2021,17.79,18.38,17.88,17.57,208342.31,-0.27,-1.49,17.162,16.635,16.552,147867.98,101810.43,83263.62,7.38,300468
9/8/2021,11.15,11.75,11.53,11.07,43080.55,0.47,4.25,11.034,10.94,11.287,27188.39,28551.95,32272.85,2.33,300469
9/8/2021,44.65,45.1,44,43.76,18671.44,-0.9,-2,43.966,44.509,43.206,20738,26914.71,26079.62,0.96,300470
9/8/2021,24.99,26.26,25.6,24.37,407569.53,0.8,3.23,25.082,26.642,28.16,315702.15,426518.66,583110.11,12.09,300471
9/8/2021,11.25,12.15,12.15,11.17,127001.19,0.89,7.9,11.48,11.661,11.846,59863.49,52873.85,61728.44,7.5,300472
9/8/2021,24.84,24.96,24.45,24.3,14630,-0.33,-1.33,24.508,25.17,25.817,18948.55,29073.18,37920.08,1.31,300473
9/8/2021,110,112.19,108.04,106.44,42980,-3.85,-3.44,109.83,114.736,105.518,40795.62,61726.95,55494.82,2.7,300474
9/8/2021,18.16,18.43,18.37,17.99,9700.2,0.17,0.93,17.998,18.403,19.022,10227.88,12153.74,15152.32,0.23,300475
9/8/2021,26.98,27.1,25.66,25.43,213837.02,-0.99,-3.71,25.428,24.45,23.853,201227.06,168298.56,153717.68,2.79,300476
9/8/2021,11.47,11.55,11.1,11.06,352630.88,-0.22,-1.94,11.054,11.945,12.376,452133.93,575338.33,624985.07,5.85,300477
9/8/2021,9.44,9.82,9.79,9.37,34919.8,0.39,4.15,9.424,9.417,9.376,20450.97,19145.8,20241.9,2.76,300478
9/8/2021,15.36,15.74,15.68,15.27,83654.13,0.21,1.36,15.546,15.414,15.845,91055.65,90857.03,114210.42,4.93,300479
9/8/2021,35.2,36.2,35.03,34.53,46159.77,0.09,0.26,32.756,32.794,33.443,74346.02,64604.26,57339.09,2.68,300480
9/8/2021,23.54,23.59,23.5,23.23,32061.84,0.08,0.34,23.152,22.839,23.499,33417.31,39848.35,58028.05,1.25,300481
9/8/2021,42.15,42.39,41.56,40.79,69443.85,-0.48,-1.14,41.702,42.754,46.342,74266.59,60367.51,57336.27,2.17,300482
9/8/2021,24.88,26.8,26.01,24.51,241802.69,0.21,0.81,23.668,22.211,20.023,208476.8,170693.74,128142.09,11.23,300483
9/8/2021,15.95,16.12,15.89,15.63,55109,-0.03,-0.19,15.712,16.171,16.884,62130.79,80454.64,102594.19,3.6,300484
9/8/2021,12.12,12.22,12.17,12.01,48292.93,0.07,0.58,11.936,11.793,12.226,68514.34,62145.07,73008.47,1.84,300485
9/8/2021,10.87,11.06,10.86,10.73,23537.25,-0.03,-0.28,10.854,10.892,11.045,24923.83,27681.42,33592.17,0.62,300486
9/8/2021,86,94.42,90.59,85.9,71178.13,3.58,4.11,87.808,92.624,91.955,57072.09,79444.62,88553.31,5.55,300487
9/8/2021,30.4,30.86,29.16,28.71,109071.66,-1.76,-5.69,32.346,31.28,25.794,129384.62,141055.52,94970.25,7.98,300488
9/8/2021,28.65,28.96,28.38,28.3,44096.1,-0.34,-1.18,28.666,29.804,27.914,59720.81,119180.11,90178.36,3.26,300489
9/8/2021,29.69,29.69,27.97,27.55,293292.19,-1.86,-6.24,30.256,28.659,23.673,334466.68,428403.22,368109.04,11.72,300490
9/8/2021,17.5,18.28,18.18,17.2,71200.8,0.74,4.24,17.678,17.659,17.869,61916.01,68140.44,80982.12,5.58,300491
9/8/2021,49.9,50.9,50.61,49.9,3319.1,0.21,0.42,50.712,50.828,51.401,4543.6,5082.98,7150.89,0.3,300492
9/8/2021,8.34,8.47,8.45,8.26,184065.84,0.17,2.05,8.23,8.464,8.515,160131.72,216518.22,200103.47,3.86,300493
9/8/2021,13.73,16.52,16.52,13.7,277935.88,2.75,19.97,13.972,13.502,13.221,98697.97,76601.17,54423.05,15.47,300494
9/8/2021,3.21,3.28,3.27,3.18,122561.16,0.06,1.87,3.224,3.256,3.277,98313,104113.36,93823.42,2.42,300495
9/8/2021,119.99,123.29,120.35,119.63,43707.38,0.86,0.72,118.14,119.63,123.923,40538.17,48352.81,53295.88,1.37,300496
9/8/2021,18.9,20.2,19.74,18.62,569301.19,0.6,3.13,17.586,16.675,14.641,479964.61,477064.84,322345.66,12.78,300497
9/8/2021,13.54,13.71,13.62,13.52,195007.91,0.01,0.07,13.454,13.29,13.299,238746.38,197780.21,195378.64,0.4,300498
9/8/2021,14.72,14.84,13.8,13.71,171419.94,-0.91,-6.19,14.272,13.273,13.275,234945.11,208161.23,245011.82,7.52,300499
9/8/2021,26.62,27.56,25.33,25.2,141918.12,-1.01,-3.83,26.302,24.716,23.3,223736.19,188245.31,139534.35,9.13,300500
9/8/2021,20.73,20.73,20.53,20.3,25728.84,-0.27,-1.3,20.156,19.619,20.036,35991.78,35915.48,50606.96,2.97,300501
9/8/2021,36.5,38.33,38.13,35.89,245053.56,1.77,4.87,36.07,35.765,36.894,167409.95,163871.17,189453.8,5.58,300502
9/8/2021,19.67,19.78,18.73,18.61,161197.5,-1.1,-5.55,19.34,19.246,18.058,187358.79,246072.95,239101.2,8.15,300503
9/8/2021,17.9,18.4,18.28,17.72,43602,0.46,2.58,17.686,17.488,18.094,29547.95,32049.84,37881.09,2.09,300504
9/8/2021,44,51.98,47,43.16,319455.5,0.82,1.78,44.856,40.825,35.313,301919.04,281396.33,200014.33,35.86,300505
9/8/2021,6.25,6.37,6.23,6.21,201426.72,-0.08,-1.27,6.18,6.181,6.555,229256.38,203418.46,190717.4,4.13,300506
9/8/2021,9.2,9.24,9.15,9.12,58588.85,-0.05,-0.54,9.112,9.1,9.31,55560.07,64604.3,87450.46,2.16,300507
9/8/2021,64.5,64.64,60.01,59.25,40096.31,-3.35,-5.29,62.702,63.16,61.541,57557.91,54247.38,55126.53,8.85,300508
9/8/2021,6.76,7.01,6.95,6.76,70098.36,0.19,2.81,6.782,6.795,6.879,39792.1,35845.29,45456.68,4.17,300509
9/8/2021,8.67,9.01,8.67,8.54,771584.75,-0.05,-0.57,8.508,8.388,8.43,761840.92,885959.56,1051934.98,9.38,300510
9/8/2021,6.92,7.31,7.16,6.9,168817.7,0.24,3.47,6.926,6.874,7.071,97794.53,93125.63,128360.27,5.34,300511
9/8/2021,16.99,18.6,18.22,16.88,75812.33,1.27,7.49,16.962,16.806,16.333,35712.01,35267.24,33258.24,3.5,300512
9/8/2021,11.97,12.01,11.89,11.69,122322.4,-0.09,-0.75,11.526,10.969,11.222,178049.02,133449.55,178202.91,4.99,300513
9/8/2021,10.19,10.39,10.31,10.1,49889,0.13,1.28,10.118,10.054,10.553,49619.85,45330.11,51030.87,3.26,300514
9/8/2021,12,12.44,12.44,11.8,40058,0.47,3.93,12.044,12.194,12.334,35055.89,44740.06,59399.82,2.27,300515
9/8/2021,32.99,33.66,33.15,32.77,20369.5,0.13,0.39,33.144,34.295,35.34,26726.84,36815.67,41938.13,1.13,300516
9/8/2021,12.96,13.2,13.06,12.81,21674.02,-0.07,-0.53,13.172,13.062,13.605,27676.86,26478.52,32340.92,1.92,300517
9/8/2021,38.51,45.5,44.58,38,57374.78,5.87,15.16,39.682,39.425,39.03,20694.24,17549.04,13810.45,6.15,300518
9/8/2021,16.95,16.95,16.8,16.61,18680.84,-0.08,-0.47,16.626,16.47,17.047,24067.5,21728.63,26933.4,1.64,300519
9/8/2021,20.73,20.88,20.71,20.45,43896,-0.1,-0.48,20.492,20.329,21.629,55102.72,59863.51,75856.14,2.05,300520
9/8/2021,20.03,20.49,20.28,20,13215.72,0.17,0.84,20.108,19.934,19.376,14023.23,11959.85,13667.11,0.92,300521
9/8/2021,17.39,18.15,17.89,17.23,42905.98,0.68,3.95,17.434,18.284,19.527,41805.01,34097.29,28761.56,2.35,300522
9/8/2021,24.13,24.31,24.19,23.85,8249.9,0.1,0.41,23.854,23.635,24.349,10061.73,10245.27,14072.25,0.36,300523
9/8/2021,19.31,20.52,19.91,19.31,86424.1,0.36,1.84,19.054,18.08,17.937,65461.97,41869.3,31598.14,2.84,300525
9/8/2021,27.43,27.95,27.02,26.66,112443.05,-0.26,-0.95,27.544,25.99,25.684,145481.8,140615.15,107098.24,5.51,300526
9/8/2021,10.11,10.25,10,9.99,240200.69,-0.14,-1.38,10.192,10.401,10.407,297851.63,377082.18,355390.88,2.49,300527
9/8/2021,6.03,6.19,6.16,5.99,53027.07,0.13,2.16,5.994,5.818,5.661,53004.3,48095.48,36994.64,1.42,300528
9/8/2021,50.88,51.47,50.24,49.85,90852.01,-0.46,-0.91,50.002,49.856,52.055,123718.15,108127.06,111073.95,1.77,300529
9/8/2021,43.99,44.75,43.12,42.7,10985.49,-1.16,-2.62,42.932,43.303,41.701,13445.31,16876.34,20053.45,1.05,300530
9/8/2021,17.8,18.09,17.5,17.41,70825.49,-0.25,-1.41,17.468,17.568,16.411,110971.51,158528.08,110243.3,2.3,300531
9/8/2021,11.62,11.78,11.44,11.35,51459.16,-0.19,-1.63,11.446,11.342,11.381,69626.18,78177.99,116262.98,3.15,300532
9/8/2021,16.83,18.27,18.15,16.73,44594.5,1.3,7.71,16.656,16.52,16.836,18520.6,15927.71,13015.92,4.44,300533
9/8/2021,6.71,6.83,6.82,6.7,53051,0.07,1.04,6.718,6.674,6.842,60693.6,61501.8,88344.42,1.76,300534
9/8/2021,15.73,15.76,15.69,15.5,14641.35,-0.07,-0.44,15.774,16.038,16.005,19499.52,21696.64,23001.27,1.7,300535
9/8/2021,24.89,24.89,23.98,23.92,48164.77,-0.47,-1.92,23.82,22.326,20.713,70818.19,79536.53,68380.28,2.03,300536
9/8/2021,18.29,18.96,18.86,18.06,143705.52,0.6,3.29,18.218,19.156,20.984,121361.06,154892.93,220529.61,10.81,300537
9/8/2021,26.2,26.76,26.56,26,39996.43,0.63,2.43,26.042,25.421,24.091,39334.06,45417.43,44113.9,5.01,300538
9/8/2021,8.7,8.81,8.77,8.64,27984.4,0.07,0.81,8.84,8.816,8.778,54846.95,46154.75,45788.75,2.46,300539
9/8/2021,28.05,29.25,28.19,27.3,92045.07,0.17,0.61,27.618,29.231,30.02,83150.03,117145.1,136568.01,10.3,300540
9/8/2021,15.3,15.3,15.06,14.88,256434.28,-0.94,-5.88,15.602,15.319,14.817,219908.3,191990.89,150182.43,10.31,300541
9/8/2021,12.17,12.26,12.14,12.06,30629.76,-0.11,-0.9,12.056,11.756,12.048,40104.96,40237.22,40361.52,1.28,300542
9/8/2021,13.85,13.97,13.95,13.66,68697.36,0.14,1.01,13.63,14.176,15.078,74663.86,103141.21,100857.45,3.34,300543
9/8/2021,26.32,26.44,26.43,26,18289.38,0.11,0.42,26.504,25.819,26.049,32446.09,30100.76,38735.31,2.31,300545
9/8/2021,17.12,17.48,17,16.69,81202,-0.66,-3.74,17.028,16.61,16.416,82206.1,76081.7,78441.88,9.38,300546
9/8/2021,12.12,12.88,12.4,11.97,166233.62,0.22,1.81,11.888,11.735,11.544,132277.22,137298.49,142804.28,9.41,300547
9/8/2021,34.78,35.54,35.38,34.52,30022.09,0.64,1.84,34.684,35.244,37.617,26905.15,33747.95,42568.42,2.52,300548
9/8/2021,19.83,20.3,20.03,19.83,25907.52,0.2,1.01,19.754,20.534,21.317,28002.9,42270.78,51855.14,2.6,300549
9/8/2021,12.1,12.36,12.3,12.1,19526.19,0.15,1.24,12.218,12.123,12.344,16701.83,14936.76,14797.16,0.75,300550
9/8/2021,16.01,16.15,15.97,15.77,21569,-0.03,-0.19,15.876,15.97,16.175,25863.42,31080.2,39995.83,0.91,300551
9/8/2021,28.58,28.95,28.69,28.15,11626.4,0.01,0.04,28.376,28.143,29.304,16210.98,17970.91,34075.01,1.05,300552
9/8/2021,39.72,39.83,38.44,38.37,11850.12,-1.06,-2.68,39.184,39.498,38.727,12238.44,14308,16899.34,4.01,300553
9/8/2021,18.8,19.07,18.77,18.47,34620.8,-0.05,-0.27,19.072,18.97,18.483,50924.88,54461.66,41466.51,6.55,300554
9/8/2021,8.95,9.23,9.14,8.86,63946.69,0.22,2.47,8.93,9.025,9.497,46950.93,47033.38,48489.62,3.62,300555
9/8/2021,24.28,27.6,27.03,23.75,271437.62,3.41,14.44,23.11,21.782,20.363,168216.74,142567.93,89168.88,30.52,300556
9/8/2021,29.04,29.2,29.15,28.81,7134,0.1,0.34,28.852,28.824,28.985,6958.01,7570.14,7217.22,1.29,300557
9/8/2021,86.1,87,85.31,84.8,21377.86,-0.79,-0.92,82.506,79.278,82.794,57439.57,52758.61,41988.75,0.52,300558
9/8/2021,9.04,9.2,9.13,8.94,55384.73,0.04,0.44,9.064,9.4,10.136,65664.01,69140.27,89290.88,1.85,300559
9/8/2021,14.35,14.48,14.45,14.12,27421.3,0.1,0.7,14.436,14.494,15.237,24773.64,32771.66,51175.27,1.45,300560
9/8/2021,11.64,11.85,11.68,11.56,76578.41,0.05,0.43,11.648,11.518,12.133,93435.86,86223.06,88428.78,4.38,300561
9/8/2021,12.33,12.88,12.75,12.33,32930.68,0.4,3.24,12.342,12.443,12.948,21405.57,23124.5,20324.23,2.69,300562
9/8/2021,14.85,14.98,14.92,14.75,26869.6,0.05,0.34,14.73,14.828,15.258,29133.51,44558.89,68531.6,2.18,300563
9/8/2021,22.99,23.42,23.01,22.93,10696,-0.12,-0.52,23.158,22.842,22.175,17209.52,17297.87,13400.21,3.17,300564
9/8/2021,13.7,13.7,13.5,13.41,78382.91,-0.25,-1.82,13.262,13.337,14.76,80155.08,97525.84,162793.17,4.85,300565
9/8/2021,30.51,31.5,30,29.91,41128.8,-0.7,-2.28,30.67,30.606,29.994,55015.16,52236.92,48870.31,2.36,300566
9/8/2021,59,59.3,58.33,57.96,53290.02,-1.07,-1.8,59.078,61.259,63.541,48062.21,78083.02,73743.23,3.13,300567
9/8/2021,54.63,57.31,55.18,52.79,308063.44,-0.2,-0.36,52.142,48.728,46.575,396317.03,373002.79,295439.36,4.81,300568
9/8/2021,10.85,11.1,10.74,10.68,391059.28,-0.23,-2.1,10.548,10.116,10.226,474381.74,348963.4,333703.42,7.84,300569
9/8/2021,16.68,17.13,17.06,16.62,37539.61,0.3,1.79,16.722,16.85,17.299,29755.2,36275.19,50001.57,1.94,300570
9/8/2021,41.6,42.4,41.95,41.25,11862.63,0.39,0.94,41.246,41.863,42.613,13051.84,20613.33,22202.33,1.23,300571
9/8/2021,20.36,20.86,20.81,20.28,26025.61,0.36,1.76,20.348,20.497,22.02,25280.7,30549.38,27860.88,1.85,300572
9/8/2021,108,108.1,105.52,104.02,20942.91,-2.74,-2.53,108.81,102.881,98.727,35782.59,40110,27040.73,3.41,300573
9/8/2021,23.52,23.94,23.36,22.78,23397.97,-0.44,-1.85,22.592,21.691,22.389,24411.1,27422.96,22473.87,1.8,300575
9/8/2021,40.84,45.64,44.5,40.65,131754.95,3.5,8.54,41.104,40.872,43.338,95129.26,78984.88,79718.26,11.86,300576
9/8/2021,19.56,19.93,19.77,19.3,22741.51,0.21,1.07,19.568,18.79,17.998,33892.27,35298.16,33552.16,1.76,300577
9/8/2021,24.71,25.92,25.76,24.61,30475.63,0.94,3.79,24.696,24.753,25.999,18023.63,22287.12,28052.15,1.87,300578
9/8/2021,43.88,44.28,43.77,43.1,33746.87,-0.23,-0.52,43.182,42.963,44.647,32759.92,36265.23,50163.5,1.93,300579
9/8/2021,21.53,21.78,21.18,21.15,31803,-0.47,-2.17,21.778,21.698,22.585,30168.5,35811.56,39893.39,1.71,300580
9/8/2021,31.59,32.8,32.31,31.1,149388.88,0.96,3.06,31.168,31.638,33.659,111628.48,126955.92,153141.06,4.83,300581
9/8/2021,27.29,27.59,26.7,26.52,78331.75,-0.44,-1.62,27.148,28.006,29.575,87903.43,95756.64,120534.36,3.81,300582
9/8/2021,23.51,23.79,23.79,23.29,6062.05,0.28,1.19,23.41,23.266,23.568,6680.76,8262.38,7294.13,0.58,300583
9/8/2021,17.1,17.27,17.21,17.02,3969,0.11,0.64,16.946,16.876,17.135,5807.2,5958.65,5788.7,0.62,300584
9/8/2021,12.78,13.15,13.08,12.69,32117.99,0.32,2.51,12.698,12.769,13.233,31900.86,28589.56,30152.04,2.01,300585
9/8/2021,10.5,10.8,10.54,10.39,102500.9,-0.07,-0.66,10.304,10.14,10.488,132015.84,145073,220940.65,3.55,300586
9/8/2021,20.78,20.85,20.15,20.1,93228.59,-0.46,-2.23,20.654,20.594,19.702,89218.76,111679.74,144045.69,1.96,300587
9/8/2021,14.16,14.7,14.49,13.85,141530.3,0.16,1.12,14.642,14.601,13.992,167280.68,197075.42,139359.77,13.48,300588
9/8/2021,24.94,25.42,25.03,24.65,41998.76,0.09,0.36,25.018,25.06,26.515,49668.62,63633.08,86005.34,4.1,300589
9/8/2021,26.4,26.69,26.39,25.93,77357.28,-0.31,-1.16,26.05,25.917,26.352,83609.97,92416.1,133022.26,3.68,300590
9/8/2021,6.63,6.68,6.63,6.52,88966.74,0.08,1.22,6.524,6.468,6.591,87818.56,84576.71,84138.68,3.96,300591
9/8/2021,22.35,22.35,21.78,21.56,11321.91,-0.41,-1.85,22.212,22.683,23.661,17242.29,19309.85,22504.35,1.19,300592
9/8/2021,60.28,60.3,56.95,56.3,45956.83,-3,-5,56.564,57.36,55.862,51548.42,52366.52,64798.47,2.17,300593
9/8/2021,19.77,19.92,19.86,19.59,10566.82,0.08,0.4,19.638,19.573,20.178,11728.57,15158.93,26957.26,1.56,300594
9/8/2021,66.81,67.3,66.47,64.8,84093.86,-0.51,-0.76,64.378,67.673,74.575,155126.73,147945.18,124625.11,1.37,300595
9/8/2021,40.78,41.44,39.74,39.67,24454.48,-0.96,-2.36,40.574,40.886,40.383,16435.81,17103.5,16388.37,1.32,300596
9/8/2021,9.49,9.7,9.67,9.42,44956.2,0.2,2.11,9.472,9.543,9.753,34970.87,40166.68,55788.31,2.03,300597
9/8/2021,60.31,61.17,60.57,59.46,36954.88,0.11,0.18,60.516,61.08,65.255,35351.15,41465.26,42906.67,2.33,300598
9/8/2021,11.99,12.12,12.04,11.91,32043,0.05,0.42,11.978,12.154,11.977,35706.09,46078.48,42049.46,2.1,300599
9/8/2021,10.43,10.54,10.4,10.29,77251.44,-0.06,-0.57,10.264,10.59,11.672,78432.46,105712.61,197701.96,3.39,300600
9/8/2021,118.8,118.87,116.53,116.01,40101.42,-1.36,-1.15,117.016,119.88,126.853,61198.14,66844.33,62586.36,0.75,300601
9/8/2021,20.79,20.79,20.65,20.24,16288.5,0.02,0.1,20.102,20.184,20.966,25699.48,29304.94,42406.72,0.52,300602
9/8/2021,9.38,9.6,9.58,9.33,54803.77,0.19,2.02,9.34,9.346,9.942,49469.3,56214.61,73026.29,2.28,300603
9/8/2021,41.9,42.67,42.34,41.16,111600.5,0.87,2.1,40.782,43.051,46.343,149803.5,157446.23,168141.14,2.61,300604
9/8/2021,12.7,12.78,12.73,12.47,39292.72,0.03,0.24,12.602,12.748,13.18,29785.9,36046.56,42329.33,3.82,300605
9/8/2021,22,22.34,21.25,21.2,48894,-0.81,-3.67,21.804,22.548,20.733,64887.72,94567.14,64590.14,8.82,300606
9/8/2021,21.59,21.81,20.9,20.84,145389.66,-0.78,-3.6,21.416,22.172,21.358,157809.24,243342.51,209443.74,5.23,300607
9/8/2021,13.92,14.02,13.94,13.56,124266.97,0.02,0.14,13.844,13.27,13.272,180818.56,128464.92,110329.74,7.62,300608
9/8/2021,14.78,15.18,15.17,14.71,23021.4,0.42,2.85,14.674,14.541,15.035,19455.16,23048.34,23610.13,2.54,300609
9/8/2021,17.4,17.92,17.19,17.03,155796.19,-0.31,-1.77,17.618,18.613,18.103,180822.6,280080.98,308594.11,9.78,300610
9/8/2021,10.56,10.7,10.57,10.45,21698,0,0,10.566,10.7,10.901,30868.07,31808.19,33241.71,1.78,300611
9/8/2021,14.78,15.11,15,14.69,31010.25,0.27,1.83,14.392,14.249,14.576,29136.25,25996.34,28612.06,1.93,300612
9/8/2021,210.03,210.03,195.61,195.5,19577.26,-14.46,-6.88,204.138,212.832,202.391,17231.15,26394.39,23397.91,1.73,300613
9/8/2021,44,45.77,44.23,44,27199.96,0.87,2.01,43.948,43.114,44.654,26478.48,28168.31,29030.05,7.15,300614
9/8/2021,13.45,13.52,13.26,13.08,57002.12,-0.26,-1.92,12.838,12.511,12.743,47559.56,41068.24,40662.71,5.55,300615
9/8/2021,52.45,52.91,52.21,51.84,14823.33,-0.21,-0.4,52.648,54.774,60.441,13113.41,12932.61,9972.72,1.14,300616
9/8/2021,65,67.47,63.94,63.78,28215.69,-1.54,-2.35,62.1,57.78,55.462,40524.86,30396.04,26684.75,4.36,300617
9/8/2021,86.66,87.66,85.68,85.38,76581.12,-0.56,-0.65,85.538,90.015,91.014,101487.74,135385.48,147740.26,3.45,300618
9/8/2021,41.5,42.98,41.2,40.7,32095.99,-1.16,-2.74,41.178,43.751,45.418,47038.76,58632.45,82631.32,5.67,300619
9/8/2021,58.28,60.34,57.29,57.06,22422,-1.88,-3.18,54.922,55.864,55.986,22035.08,20081.56,23688.7,2.19,300620
9/8/2021,10.85,10.93,10.66,10.55,72090.53,-0.33,-3,10.678,10.406,10.359,100492.43,85333.01,80497.51,3.72,300621
9/8/2021,19.11,20.14,19.72,19.11,17350.84,0.68,3.57,19.098,19.359,19.906,11329,13794.11,12304.63,1.63,300622
9/8/2021,30.4,30.78,30.65,30.04,143886.5,0.39,1.29,30.042,30.641,31.901,137871.57,164231.74,174756.41,2.25,300623
9/8/2021,50.6,58.8,57.5,50.6,129686.26,8.35,16.99,48.57,45.823,45.682,58603.55,47333.53,36602.11,11.72,300624
9/8/2021,16.01,16.25,16.12,15.95,14413.79,0.11,0.69,15.91,15.839,16.035,13075.05,16079.92,20647.32,1.04,300625
9/8/2021,10.67,10.74,10.4,10.38,62452.62,-0.28,-2.62,10.208,10.174,10.157,66580.57,59229.68,50625.42,4.62,300626
9/8/2021,43.25,45.12,43.97,43.25,38338.41,0.08,0.18,43.82,44.506,46.05,59630.96,59730.04,76259.45,1.4,300627
9/8/2021,83.1,83.6,83.18,82.16,24176.15,0.08,0.1,84.898,84.632,85.979,29871.56,30548.86,26850.45,0.5,300628
9/8/2021,29.8,30.25,28.89,28.82,67746.7,-0.75,-2.53,29.34,30.546,33.235,63444.67,79750.53,126063.77,7.28,300629
9/8/2021,39.96,40.18,39.99,39.37,27180.47,0.19,0.48,39.9,40.016,42.299,29470.45,30594.94,27316.95,0.85,300630
9/8/2021,42.2,48.11,46.91,42,193475.2,5.01,11.96,42.934,44.881,49.933,107712.3,111729.21,151490.72,18.21,300631
9/8/2021,14.65,14.67,14.54,14.4,49320.12,-0.05,-0.34,14.536,14.503,15.152,48568.83,65041.63,109469.85,2.46,300632
9/8/2021,31.3,31.5,30.76,30.49,32687.87,-0.72,-2.29,30.678,30.83,30.905,50740.04,53063.75,83347.1,0.82,300633
9/8/2021,16.66,17.16,17,16.4,40882.13,0.34,2.04,16.362,16.393,16.637,41267.39,41852.05,37909.09,1.09,300634
9/8/2021,17.05,17.18,16.9,16.8,16414.76,-0.15,-0.88,16.57,16.257,15.988,20059.61,15755.17,14800.82,1.71,300635
9/8/2021,16.63,17.75,16.94,16.5,83911.21,0.67,4.12,16.1,15.877,14.32,59126.31,76219.87,57000.01,4.78,300636
9/8/2021,8.71,8.97,8.92,8.66,71925.49,0.2,2.29,8.662,8.985,9.704,59022.98,89069.86,86391.19,3.07,300637
9/8/2021,47.01,47.08,46,45.9,36522.44,-1.16,-2.46,45.33,45.604,48.73,51627.51,53338.06,57241.37,1.42,300638
9/8/2021,31.94,32.32,31.76,31.6,78057.27,-0.88,-2.7,31.014,30.519,31.737,76492.55,64497.37,81352.39,2.7,300639
9/8/2021,6.45,6.64,6.62,6.42,23357,0.17,2.64,6.436,6.439,6.446,16003.71,15176.08,14180.78,1.8,300640
9/8/2021,8.15,8.27,8.12,8,125272.88,0.06,0.74,7.904,8.182,8.413,172809.05,200367.32,204391.27,2.56,300641
9/8/2021,63.1,64.25,63.4,62,22140.14,-0.09,-0.14,59.842,58.609,60.571,25050.76,23790.07,23762.16,2.96,300642
9/8/2021,13.44,13.44,13.13,13.01,52141.08,-0.33,-2.45,13.164,13.22,13.306,49589.49,46020.4,52739.16,2.61,300643
9/8/2021,20.18,20.65,20.4,20.14,29164.75,0.3,1.49,19.986,20.276,20.959,24618.74,35592.04,55503.42,3.07,300644
9/8/2021,21.8,22.37,21.87,21.37,62578.94,-0.52,-2.32,21.928,20.832,19.817,79083.96,66448.48,55705.79,4.9,300645
9/8/2021,11.53,11.65,11.24,11.11,129860.83,-0.29,-2.52,11.312,11.462,11.732,120934.94,163778.29,231264.74,3.79,300647
9/8/2021,64.15,64.54,59.97,59.81,68414.09,-4.12,-6.43,63.268,65.384,65.853,69563.08,94625.28,126966.43,7.41,300648
9/8/2021,16.53,16.75,16.66,16.5,16006.3,-0.06,-0.36,16.854,16.602,16.38,35261.52,27934.72,22867.03,1.55,300649
9/8/2021,23.81,24.1,23.56,23.34,10313.2,-0.14,-0.59,24.174,24.733,24.837,13291.69,13633.41,12460.87,1.87,300650
9/8/2021,32.95,32.95,32.03,31.66,22704.5,-0.27,-0.84,31.288,30.082,31.266,33029.56,29609.72,26288.11,3.12,300651
9/8/2021,20.82,20.99,20.83,20.52,16682,-0.03,-0.14,20.72,20.588,20.177,19797.59,18477.82,14870.61,2,300652
9/8/2021,49.93,50.5,49.78,49.59,14277.29,-0.23,-0.46,49.384,49.57,52.505,20812.56,19827.78,22217.81,1.19,300653
9/8/2021,8.16,8.35,8.34,8.12,26801.98,0.19,2.33,8.136,8.052,8.043,23417.11,18686.65,18039.24,1.54,300654
9/8/2021,47.99,50.79,49.66,47.76,157876.36,1.66,3.46,47.772,48.597,49.942,171269.59,167427.59,181827.3,5.5,300655
9/8/2021,43,43,42.24,41.52,23147.02,-0.34,-0.8,41.602,42.084,45.214,31824.58,29490.03,39126.08,2.8,300656
9/8/2021,25.98,27.04,24.5,23.5,275797.47,-1.6,-6.13,24.522,22.711,20.017,195465.97,184487.23,150172.21,7.11,300657
9/8/2021,12.37,12.95,12.53,12.18,68301.84,0.09,0.72,11.708,11.434,11.617,47653.12,39112.32,41297.73,5.04,300658
9/8/2021,44.16,44.37,43.5,42.82,45957.08,-0.61,-1.38,44.784,43.179,40.826,59184.14,58423.93,60660.41,3.09,300659
9/8/2021,30.3,30.46,28.75,28.66,35610.36,-0.92,-3.1,29.284,29.488,30.966,34194.33,44474.6,47111.89,1.38,300660
9/8/2021,302.83,308,301.8,297.51,23942.11,-1.2,-0.4,305.468,313.24,329.836,26120.11,31060.27,30869.15,1.1,300661
9/8/2021,52.6,52.6,51.53,51.52,8196.63,-0.77,-1.47,52.59,54.798,57.197,11850.84,11372.38,8764.06,0.45,300662
9/8/2021,19.02,19.38,18.85,18.74,184322.19,-0.27,-1.41,18.824,18.533,19.074,261656.55,233131.17,233902.39,5.12,300663
9/8/2021,6.82,6.98,6.96,6.81,167500.38,0.13,1.9,6.878,6.798,6.695,153575.48,172833.37,155471.37,2.38,300664
9/8/2021,10.03,10.17,10.13,9.93,34041.57,0.14,1.4,9.86,9.849,9.838,38128.52,48716.55,37761.35,2.64,300665
9/8/2021,48.84,49.79,49.28,48.39,38173.1,0.44,0.9,48.478,49.805,50.137,44041.03,65830.94,67653.24,2.16,300666
9/8/2021,25.47,25.8,24.7,24.61,34186,-0.75,-2.95,25.348,24.967,24.841,41904.55,39277.2,34028.55,2.37,300667
9/8/2021,14.99,15.09,14.7,14.35,25133.5,-0.25,-1.67,14.918,14.619,14.14,32183.2,32062.15,28189.95,4.48,300668
9/8/2021,20.47,20.65,20.13,20.06,51429.46,-0.77,-3.68,20.182,19.218,18.724,75006.2,56746.95,35858.23,5.11,300669
9/8/2021,10.03,10.9,10.62,10.01,283050.03,0.74,7.49,9.772,9.627,10.083,150446.25,133072.51,192094.69,13.43,300670
9/8/2021,121,121,116.8,116.68,69699.13,-3.14,-2.62,115.632,118.459,122.278,95641.62,105876.2,128576.78,3.42,300671
9/8/2021,129.69,132.77,129.9,126,29210.75,1.03,0.8,128.664,136.479,141.117,31428.65,40467.11,41073.03,1.69,300672
9/8/2021,19,19.19,18.85,18.81,27326.11,-0.2,-1.05,19.094,18.714,18.756,35908.89,29835.14,28436.47,1.68,300673
9/8/2021,18.59,18.95,18.84,18.31,99283.61,0.27,1.45,18.878,18.804,18.672,175655.13,134291.29,119202.64,2.21,300674
9/8/2021,16.69,16.97,16.78,16.5,53340.92,-0.14,-0.83,16.836,16.111,15.986,70174.04,48163.21,41787.28,3.64,300675
9/8/2021,96.66,96.66,95.88,95.7,18744.08,-0.78,-0.81,95.564,95.776,99.131,26979.82,30082.48,29976.48,0.72,300676
9/8/2021,100,101,98.89,98.6,73281.25,-1.5,-1.49,100.078,101.476,104.104,70415.07,80131.04,82795.32,2.91,300677
9/8/2021,18.19,18.85,18.76,18.03,49933.27,0.6,3.3,18.238,17.898,18.254,26361.42,25081.09,29264.81,2.77,300678
9/8/2021,44.74,45.44,44.84,43.6,77065.8,-0.25,-0.55,42.75,39.716,39.828,160331.08,124946.97,111395.54,2.48,300679
9/8/2021,28.43,28.77,28.46,28.02,25971.9,0.11,0.39,28.846,29.669,31.562,37722.8,40366.98,50499.26,1.86,300680
9/8/2021,68.89,69.96,65.32,64.71,20795,-3.5,-5.09,66.866,72.316,80.088,21179.32,25228.37,28001.27,4.8,300681
9/8/2021,20.31,20.92,20.83,19.86,108795.62,0.7,3.48,19.572,19.478,19.575,69398.09,57784.34,58733.69,1.54,300682
9/8/2021,39,39.55,39.4,38.8,4677.3,0.4,1.03,39.134,39.045,39.431,4988.63,5553.4,5837.23,0.49,300683
9/8/2021,22.86,23.44,23.23,22.56,87416.05,0.45,1.98,22.478,23.19,23.894,82672.96,116286.71,156400.18,5.09,300684
9/8/2021,76.21,76.88,74.82,74.56,11267.74,-1.48,-1.94,74.168,75.599,79.67,19997.19,20715.79,19879.23,0.51,300685
9/8/2021,15.38,15.44,15.44,15.27,20922.7,0.14,0.92,15.28,15.125,15.441,20504.89,20508.67,23447.62,1.05,300686
9/8/2021,25.87,26.4,25.9,25.2,62074.26,0.03,0.12,26.034,25.712,26.247,95746.72,86784.35,97277.13,2.29,300687
9/8/2021,37.86,38.81,34.3,34.1,218970.44,-4.81,-12.3,36.82,30.129,24.263,267329.91,187297.98,102899.6,29.54,300688
9/8/2021,24.1,24.4,24,23.82,13503,-0.1,-0.41,23.748,23.774,25.534,15606.19,20546.02,41017.76,1.39,300689
9/8/2021,26.14,26.14,25.65,25.41,70114.5,-0.58,-2.21,25.304,24.028,24.079,89654.53,61144.57,51317.61,6.45,300690
9/8/2021,18.93,20.4,20.4,18.93,194902.23,1.57,8.34,18.458,17.948,16.947,97916.7,99921.36,65275.57,10.65,300691
9/8/2021,8.02,8.2,8.17,7.93,229623.08,0.15,1.87,8.03,7.89,7.783,192002.97,219530.27,220400.97,6.13,300692
9/8/2021,39.02,39.38,36.87,36.77,148056.11,-1.94,-5,38.914,40.704,45.915,135241.01,182883.8,230329.16,10.52,300693
9/8/2021,11.26,11.37,11.27,11.23,20661,-0.02,-0.18,11.23,11.533,12.23,24847.97,32482.1,53141.61,1.58,300694
9/8/2021,50.12,50.29,50.2,49.47,2405.7,0.16,0.32,49.4,48.998,49.579,3449.2,3204.7,2906.71,0.36,300695
9/8/2021,48.51,49.19,49.02,47.65,38107.54,0.44,0.91,48.282,50.108,50.863,42936.38,61663.18,68314.66,2.67,300696
9/8/2021,14.75,15.5,15.22,14.46,124136.08,0.38,2.56,15.008,15.179,14.816,140738.06,154874.52,139323.49,4.87,300697
9/8/2021,19.9,20.98,20.6,19.9,49146.38,0.54,2.69,20.158,19.945,19.28,37936.9,42030.34,29683.06,4.94,300698
9/8/2021,72.35,73.37,71.66,70.85,60772.87,-0.73,-1.01,72.056,73.542,77.743,73006.11,91377.95,103434.11,1.2,300699
9/8/2021,15.49,16.16,15.48,15.2,57336.1,0.25,1.64,15.518,15.382,15.023,51460.84,51623.63,42324.82,7.42,300700
9/8/2021,17.84,17.96,17.83,17.7,18886,-0.01,-0.06,17.528,17.891,19.311,20788.25,32095.96,34168.96,1.05,300701
9/8/2021,49.47,49.87,47.4,47.1,37705.12,-1.84,-3.74,46.608,43.557,44.628,53179.35,52130,62949.76,1.78,300702
9/8/2021,12.59,13.5,13.03,12.59,141519.56,0.55,4.41,12.51,11.461,10.553,144225.34,113441.96,70348.4,8.23,300703
9/8/2021,27.82,27.82,27.11,27,29801.9,-0.71,-2.55,26.958,27.083,28.099,32035.93,33770.15,38199.36,2.1,300705
9/8/2021,30.5,30.58,29.73,29.65,52609.8,-0.69,-2.27,30.2,31.389,31.847,60083.22,71749.48,79415.82,6.67,300706
9/8/2021,17.5,18.38,18.04,17.23,35846.75,0.66,3.8,17.442,17.547,17.741,24354.62,26620.9,33781.16,3.22,300707
9/8/2021,39,40.48,39.28,38.92,162351,-0.69,-1.73,39.762,38.752,37.673,223156.47,220345.54,271604.68,8.6,300708
9/8/2021,36.49,36.49,33.8,33.33,103148.37,-2.69,-7.37,33.926,30.988,30.655,88566.2,56423,42403.03,9.69,300709
9/8/2021,40.03,40.03,40.03,40.03,12682,6.67,19.99,33.558,31.348,29.609,31989.15,24667.48,21427.13,2.87,300710
9/8/2021,15,15.27,15.01,14.9,26503.06,0.02,0.13,14.754,14.909,15.882,29249.1,38189.23,61903.17,1.28,300711
9/8/2021,53,60.96,58.64,52.66,143959.97,5.33,10,52.758,54.341,63.515,99834.01,88608.96,114820.44,7.91,300712
9/8/2021,19.2,19.66,19.45,19.08,35618.5,0.04,0.21,19.172,19.074,20.06,42916.88,44254.94,56748.51,3.94,300713
9/8/2021,29.33,30.12,27.63,27.42,103775.76,-1.66,-5.67,27.8,25.974,25.195,124701.67,88124.56,65407.69,3.75,300715
9/8/2021,10.1,10.74,10.65,10.05,83217.38,0.35,3.4,10.056,10.044,10.274,58253.81,54099.44,56337.26,5.2,300716
9/8/2021,16.68,16.98,16.77,16.65,21432.6,-0.03,-0.18,16.588,16.873,17.142,25220.82,34479.17,39548.62,2.11,300717
9/8/2021,19.05,19.24,18.86,18.5,49698.33,-0.19,-1,19.598,20.157,19.365,63194.57,62194.28,66583.4,2.95,300718
9/8/2021,15.9,16.09,15.72,15.66,74797,-0.24,-1.5,15.72,16.016,16.561,90585.03,133783.58,203616.54,4.13,300719
9/8/2021,13.17,13.28,13.17,12.92,45053.96,-0.17,-1.27,13.326,13.194,12.77,63450.38,57100.97,49148.04,4.52,300720
9/8/2021,60.55,63.78,59.79,59.18,19389.69,-0.57,-0.94,59.344,60.789,57.81,17027.97,22336.92,26242.41,2.3,300721
9/8/2021,43.38,44,43.72,43.05,20107.47,0.12,0.28,43.332,44.441,47.845,22252.58,28209.3,39817.33,1.24,300722
9/8/2021,34.98,35,34.45,34.3,10579.78,-0.52,-1.49,34.668,34.714,35.57,11896.99,15127.74,26540.33,0.4,300723
9/8/2021,167,169.4,154.7,152.11,91511.11,-12.69,-7.58,166.322,179.345,177.472,86167.34,92370.27,91295.08,3.99,300724
9/8/2021,185.35,185.97,178.12,174.5,28473.75,-6.24,-3.38,174.168,170.258,170.774,32765.4,28936.83,28849.39,1.75,300725
9/8/2021,85.01,87.57,86.21,83.71,35560.06,-2.09,-2.37,86.836,87.723,88.761,38202.4,43929.88,49767.47,1.94,300726
9/8/2021,34.96,35.65,34.9,34.25,44966.14,-0.36,-1.02,34.934,37.269,40.224,52781.29,71832.66,108461.1,3.99,300727
9/8/2021,22.68,22.81,22.52,22.44,19032.43,-0.29,-1.27,22.212,21.517,21.74,26591.49,22563.42,22011.98,1.1,300729
9/8/2021,15.23,15.36,15.36,15.03,23357.11,0.13,0.85,15.13,14.906,15.231,21227.97,23277.13,30066.52,1.99,300730
9/8/2021,36.3,36.78,35.67,35.04,26789.07,-0.85,-2.33,35.836,35.963,36.092,27153.57,35670.35,49487.75,2.28,300731
9/8/2021,12.35,12.46,12.43,12.21,48316.77,0.05,0.4,12.53,12.153,11.74,81208.13,77370.89,80303.74,1.8,300732
9/8/2021,22.41,22.69,22.44,22.01,25175.46,-0.16,-0.71,22.44,22.855,23.913,26496.81,37552.79,47819.57,2.12,300733
9/8/2021,13.94,14.5,14.38,13.45,392570.84,0.53,3.83,12.466,11.913,12.222,214143.62,149878.82,108470.36,5.23,300735
9/8/2021,11.97,12.02,11.82,11.78,29519.2,-0.14,-1.17,11.836,11.426,10.971,38837.02,32245.36,25739.38,2.83,300736
9/8/2021,18.5,19.75,18.52,18.42,199491.81,-0.23,-1.23,18.116,17.856,17.78,243208.01,201554.06,202012.44,2.37,300737
9/8/2021,19.41,19.66,19.33,19.13,30699.08,-0.18,-0.92,19.304,19.703,20.647,35611.13,49424.32,51321.49,0.81,300738
9/8/2021,17.39,17.71,17.53,17.27,67616.11,0.01,0.06,17.206,17.068,18.378,95622.83,89813.25,107327.9,2.35,300739
9/8/2021,18.1,18.77,18.14,17.92,78017.34,0.06,0.33,17.886,17.38,16.962,108320.09,112435.06,82986.05,2.07,300740
9/8/2021,45,47.83,46.03,44.82,23423.16,1.59,3.58,44.052,43.068,42.441,13052.99,12153.74,11412.79,0.38,300741
9/8/2021,33.36,35.85,33.94,32.77,74567.98,0.93,2.82,31.11,30.23,30.121,50027.82,42793.97,42036.01,17.21,300742
9/8/2021,12.25,12.48,12.47,12.25,13562.86,0.21,1.71,12.374,12.835,13.112,16329.29,17790.75,17465.02,1.38,300743
9/8/2021,37.37,39.38,39.22,36,58822,1.81,4.84,37.496,36.952,36.205,32738.19,36819.32,43599.68,6.81,300745
9/8/2021,15.85,16.5,15.45,15.32,161038.45,-0.51,-3.19,16.114,14.624,13.609,221570.17,147944.25,100187.84,7.69,300746
9/8/2021,63.53,63.87,61.84,61.6,34524.45,-1.81,-2.84,61.516,62.258,67.017,43657.83,44297.14,53325.13,0.92,300747
9/8/2021,36.83,37.42,36.3,36.21,191502.78,-0.99,-2.65,37.116,37.481,36.933,259204.06,285228.52,276222.37,4.19,300748
9/8/2021,9.6,9.75,9.64,9.53,23848.4,0.06,0.63,9.608,9.672,9.922,22504.72,23707.68,24793.29,2.67,300749
9/8/2021,519,523.58,503,500,97393.95,-11.01,-2.14,502.622,503.043,502.937,113400.99,130396,147449.83,0.48,300750
9/8/2021,662.99,673,622.62,619.3,18492.63,-47.39,-7.07,658.794,706.825,703.146,16868.15,17297.16,17884.77,3.52,300751
9/8/2021,25,25.18,25.18,23.92,60145.6,0.8,3.28,24.006,24.866,25.739,55761.59,76518.1,71437.97,9.38,300752
9/8/2021,20.5,20.68,20.39,20.29,10163.21,-0.09,-0.44,20.146,20.037,20.433,11501.46,12600.7,14257.16,1.72,300753
9/8/2021,33.02,33.09,31.9,31.36,109360.98,-0.98,-2.98,31.148,30.276,29.834,104587.84,85429.91,64647.24,9.14,300755
9/8/2021,27.5,30.5,27.99,27.1,66642.56,0.94,3.48,26.46,25.746,25.252,29947.24,26953.71,20874.36,19.98,300756
9/8/2021,47.5,47.5,45.04,45,16639.7,-2.08,-4.41,46.976,49.024,49.923,19768.07,26080.75,24897.2,3.03,300757
9/8/2021,29.25,29.5,28.82,28.7,48181.95,-0.49,-1.67,28.77,28.256,27.213,60245.23,59545.22,50509.2,4.01,300758
9/8/2021,192.87,192.87,188.35,184.72,25693.95,-3.17,-1.66,187.692,190.017,191.25,43121.58,37058.56,42218.91,0.9,300759
9/8/2021,348.51,349.56,333,325.01,79966.19,-12.98,-3.75,338.298,331.419,332.596,80838.05,91534.67,114970.75,1.6,300760
9/8/2021,25.62,26.22,25.93,25.62,21764.95,0.16,0.62,25.562,25.548,26.112,17859.33,18064.71,24069.98,1.82,300761
9/8/2021,32.29,32.79,31.42,31.12,58016.56,-0.83,-2.57,31.588,31.986,32.262,70347.36,92610.24,111364.43,3.36,300762
9/8/2021,231.1,237.95,213.5,213,58849.88,-15.59,-6.8,226.056,248.629,255.246,52026.3,50278.87,50408.31,5.48,300763
9/8/2021,12.3,12.47,12.46,12.26,21470.19,0.16,1.3,12.276,12.124,12.335,17188.31,20188.59,19558.11,1.57,300765
9/8/2021,14.3,14.92,14.89,14.22,164582.34,0.61,4.27,13.972,13.531,13.275,115473.99,98273.5,79977.25,5.32,300766
9/8/2021,104,104,100.77,99.13,30553.96,-1.23,-1.21,104.25,109.082,109.837,36315.32,40440.97,49013.09,2.6,300767
9/8/2021,40.3,41.5,41.3,39.73,15010.3,1.36,3.4,40.218,40.6,40.677,8127.28,9010.77,9348.57,1.07,300768
9/8/2021,438.02,464.98,435,426.68,22349.03,-18,-3.97,429.592,411.536,369.211,24376.27,22853.82,24344.45,4.1,300769
9/8/2021,51.59,51.96,51.4,50.36,42303.29,-0.1,-0.19,50.098,48.93,48.531,39280.36,31752.67,28882.3,2.99,300770
9/8/2021,18.21,18.34,18.26,18.08,16105,0,0,18.338,17.809,17.728,30731.36,24361.97,21521.88,2.12,300771
9/8/2021,43.17,45.79,41.53,41.2,222241.8,-0.88,-2.08,42.126,38.794,35.284,240527.51,176122.19,147313.28,11.73,300772
9/8/2021,27.5,27.5,27.19,27,92681.09,-0.25,-0.91,27.37,27.112,26.603,93144.08,101545.02,110317.19,2.42,300773
9/8/2021,17.59,17.78,17.2,17.15,49882.85,-0.48,-2.71,17.428,17.586,17.722,58097.8,75512.73,94745.64,13,300774
9/8/2021,48.5,48.8,46.1,45.8,82552.52,-2.64,-5.42,48.076,49.719,49.155,87468.25,109187.58,143452.96,3.13,300775
9/8/2021,173,183,171.66,168.2,17176.94,1.61,0.95,174.22,176.713,167.109,13357.33,15860,13436.93,3.65,300776
9/8/2021,47.5,48.8,47.99,47.07,48928.93,0.29,0.61,46.448,47.268,50.223,67334.2,74665.94,77012.86,1.87,300777
9/8/2021,22.85,23.36,23.01,22.35,53536.53,-1.05,-4.36,23.164,21.835,20.82,77959.06,57295.39,36675.75,9.29,300778
9/8/2021,17.98,18.09,18.09,17.89,18042,0.1,0.56,18.052,18.008,17.874,23470.74,33905.4,29496.74,2.58,300779
9/8/2021,16.51,16.66,16.3,16.26,21926.81,-0.22,-1.33,16.474,16.678,16.457,28745.15,41266.95,40260.63,3.37,300780
9/8/2021,21.3,22.18,21.95,21.17,40525.5,0.73,3.44,21.238,20.712,20.134,27217.68,29496.03,22683.79,11.32,300781
9/8/2021,362.6,365.24,351,348.85,46415.8,-11.8,-3.25,361.118,377.703,399.279,38766.96,51519.41,47486.19,2.31,300782
9/8/2021,36.65,37.32,36.84,36.42,39764.33,0.19,0.52,36.278,36.078,38.086,45814.87,47284.95,42229.79,1.75,300783
9/8/2021,86.5,86.5,83.3,83.3,11865.21,-4.8,-5.45,86.362,82.066,77.206,13964.28,12545.16,8762.69,3.79,300785
9/8/2021,39.23,40.68,39,38.1,56275.15,-0.84,-2.11,40.684,40.433,36.183,71698.06,89358.46,107108.66,10.81,300786
9/8/2021,26.75,27.28,26.77,26.26,29110.6,0.32,1.21,25.748,25.279,25.639,27917.72,24186.01,22186.66,5.59,300787
9/8/2021,35.24,35.38,34.93,34.6,8442,-0.26,-0.74,35.372,33.91,32.237,22109.35,22673.86,16453.72,1.68,300788
9/8/2021,24.02,24.34,24.22,23.98,4254,0.11,0.46,24.01,23.858,24.822,4775.05,5884.55,10498.52,1.38,300789
9/8/2021,43.11,44.59,43.31,42.3,31696.37,0.01,0.02,42.2,42.827,43.369,37245.59,37534.21,36192.87,2.93,300790
9/8/2021,48.44,48.44,47.5,47.25,10976.44,-1.1,-2.26,47.256,47.474,51.86,12837.87,14311.42,13031.89,2.13,300791
9/8/2021,50.95,54.48,52.26,50.62,46497.5,1.4,2.75,50.644,48.206,49.119,39887.97,33469.59,36024.11,5.05,300792
9/8/2021,17.29,18.98,18.39,17.17,108973.8,1.06,6.12,17.188,16.263,16.07,85626.02,64824.1,48567.83,10.7,300793
9/8/2021,18.64,21.87,21,18.61,20699.5,2.4,12.9,18.258,17.634,17.31,8709.21,5627.23,3933.83,5.62,300795
9/8/2021,18.6,18.73,18.66,18.36,12435,-0.19,-1.01,18.69,19.105,19.409,11531.21,13509,13434.14,2.01,300796
9/8/2021,17.68,17.93,17.82,17.48,37792.21,0.14,0.79,17.416,17.414,17.504,41014.08,44594.42,54276.78,4.95,300797
9/8/2021,11.46,11.7,11.25,11.2,108579.82,-0.21,-1.83,10.954,10.776,10.677,90835.07,78169.24,69364.17,5.17,300798
9/8/2021,53.22,53.9,53.8,52.66,3760.51,0.58,1.09,53.272,54.695,57.006,4076.82,5988.96,9245.88,1.15,300799
9/8/2021,22.01,22.16,21.88,21.56,34684,-0.34,-1.53,22.062,21.587,20.963,37946.88,35421.11,29288.76,2.4,300800
9/8/2021,18.18,18.35,18.27,18.12,16463.2,0.09,0.49,18.122,18.126,18.922,16117.49,20371.13,38622.92,1.97,300801
9/8/2021,47.98,48.48,45.7,44.75,49781.52,-2.28,-4.75,48.134,49.312,46.851,39271.71,54968.04,47554.89,5.94,300802
9/8/2021,36,42,38.87,35.8,299191.75,3.86,11.03,35.814,34.899,35.373,148286.8,112403.79,96878.63,13.56,300803
9/8/2021,12.13,12.6,12.49,12.02,48301.24,0.39,3.22,11.88,11.576,12.141,34709.24,31837.82,27497.2,3.77,300805
9/8/2021,62.26,64.47,63.99,61,18169.7,2.04,3.29,62.81,62.581,61.24,19270.87,20960.08,18183.72,1.74,300806
9/8/2021,24.21,24.59,24.46,24.06,13035,0.32,1.33,24.018,24.161,25.529,14179.24,14257.67,15877.15,4.41,300807
9/8/2021,14.96,15.47,15.22,14.86,28011.05,0.27,1.81,14.988,15.005,15.541,20475.92,23657.66,34410.5,5.65,300808
9/8/2021,54,54.5,49.98,49.58,198320.48,-6.06,-10.81,53.72,45.011,34.094,243459.27,204804.93,124693.91,43.59,300809
9/8/2021,25.09,25.53,25.45,24.88,22916,0.35,1.39,25.112,25.369,26.537,21714.68,29474.96,39472.09,2.93,300810
9/8/2021,88.68,92,90,84.21,26328.16,1.32,1.49,90.956,91.498,89.16,22809.57,22025.95,27073.84,5.22,300811
9/8/2021,24.26,24.28,23.9,23.7,14972.2,-0.3,-1.24,24.066,24.25,25.261,13215.74,17588.08,20985.94,2.47,300812
9/8/2021,75.99,75.99,74,71.25,19086.67,-3.15,-4.08,74.294,74.128,70.411,19980.11,18221.39,23897.59,11.73,300813
9/8/2021,26.1,26.95,26.73,25.88,60327.9,0.45,1.71,26.1,25.697,26.576,64158.31,59904.44,95874.39,14.47,300814
9/8/2021,38.15,38.35,37.91,37.52,33817.55,-0.48,-1.25,38.618,37.541,35.989,65511.22,70395.79,52906.64,2.9,300815
9/8/2021,61.79,61.89,61.24,60.68,9377.82,-0.36,-0.58,63.904,68.935,77.585,10818.34,15715.51,10979.82,2.54,300816
9/8/2021,24.89,24.97,24.25,24.21,19390.52,-0.64,-2.57,24.936,25.237,25.411,18722.26,20976.56,26522.91,4.62,300817
9/8/2021,36,36.37,35.28,35.02,22051.1,-1.11,-3.05,35.836,35.784,33.821,25708.47,26064.49,20921.74,7.01,300818
9/8/2021,25.9,26.85,26.7,25.72,28519.79,0.73,2.81,25.854,25.603,26.153,17109.57,14825.53,14683.28,9.68,300819
9/8/2021,83.5,85.49,79.71,79.05,28091,-3.79,-4.54,86.454,86.853,79.343,33602.34,41221.45,33915.99,9.48,300820
9/8/2021,27.01,27.71,26.81,25.8,651394.75,-0.09,-0.34,27.5,28.546,25.348,753001.71,826747.86,935549.85,15.62,300821
9/8/2021,26.79,26.89,26.83,26.3,16963.24,0.09,0.34,26.442,26.338,26.777,16740.65,16395.72,20366.43,4.09,300822
9/8/2021,28.81,28.88,27.4,27.06,43818,-1.32,-4.6,27.844,27.008,25.505,39947.95,37379.63,27862.92,11.48,300823
9/8/2021,21.43,21.91,21.63,21.36,9695.95,0.2,0.93,21.478,21.566,22.097,10507.84,11760.85,14938.89,1.01,300824
9/8/2021,36.22,37.58,36.31,36.16,117294,-0.17,-0.47,34.71,33.74,32.333,115255,112010.01,104423.97,4.79,300825
9/8/2021,19.62,19.72,19.7,19.45,10912.44,0.18,0.92,19.654,19.245,19.218,17745.13,11930.33,10057.51,2.15,300826
9/8/2021,125.49,131.46,118.55,116.08,108998.2,-8.46,-6.66,124.024,129.697,119.44,115030.8,115244.86,122952.41,20.21,300827
9/8/2021,25,25.4,24.81,24.35,42324,-0.08,-0.32,24.436,24.226,23.82,35598.53,32114.34,29057.92,7.62,300828
9/8/2021,51.13,52.27,51.18,50.75,18038.87,-0.54,-1.04,50.758,51.969,51.893,24190.46,33761.68,29389.34,1.82,300829
9/8/2021,10.25,10.29,10.06,10,69340.63,-0.07,-0.69,10.062,9.95,10.26,96171.57,88447.59,132012.79,3.63,300830
9/8/2021,16.41,16.59,16.34,16.12,108226.61,-0.16,-0.97,16.156,16.76,16.424,133427.2,221441.11,212352.47,5.87,300831
9/8/2021,46.7,48.41,46.84,46.26,24125.56,0.28,0.6,46.144,46.197,49.312,23424.05,22208.98,30365.98,0.89,300832
9/8/2021,58.86,60.49,59.95,58.67,2284,0.59,0.99,59.03,59.737,59.108,2791.54,3347.36,3110.38,1.08,300833
9/8/2021,51.9,53.83,53,51.53,31936.03,0.86,1.65,52.408,52.471,50.604,31251.1,39670.73,33161.35,7.92,300835
9/8/2021,37.19,37.55,37.44,36.92,3751,0.25,0.67,36.898,37.465,38.008,4509.52,5369.76,7141.7,1.18,300836
9/8/2021,48.9,49.26,46.95,46.88,10574,-2.31,-4.69,48.498,49.541,48.273,9226.85,12247.38,10597.56,3.18,300837
9/8/2021,17.65,17.8,17.33,17.17,35523.22,-0.31,-1.76,17.638,17.738,17.716,22916.5,26592.53,34164.48,6.74,300838
9/8/2021,25,25.28,23.35,23.35,49070.94,-0.74,-3.07,23.846,22.117,19.732,68506.88,75207.55,61702.52,8.15,300839
9/8/2021,12.03,12.21,12.19,12.03,11704.05,0.09,0.74,12.026,11.932,12.215,12574.02,13073.82,13692.84,0.76,300840
9/8/2021,183.6,186,181.4,180,5621.5,-3.22,-1.74,182.434,180.717,187.632,8484.58,8205.3,8041.41,0.89,300841
9/8/2021,112.88,112.88,104.05,102.42,53694.34,-9.1,-8.04,110.242,116.146,105.215,60795.78,64407.07,67747.54,7.72,300842
9/8/2021,25.84,26.06,26,25.71,12882,0.2,0.78,25.668,25.879,27.652,13770.54,19154.83,22490.72,2.66,300843
9/8/2021,69.01,69.65,69.11,68.91,4694,-0.57,-0.82,69.212,69.013,73.315,5629.67,6338.94,12645.57,4.65,300844
9/8/2021,22,22.78,22.66,21.68,36892.75,0.41,1.84,22.398,21.222,20.515,47944.77,33641.56,22087.95,6.33,300845
9/8/2021,12.9,13.86,13.86,12.77,159152.27,0.97,7.53,12.924,12.7,12.643,81538.5,65990.59,64922.13,6,300846
9/8/2021,17.2,17.53,16.98,16.9,76552.61,-0.22,-1.28,17.314,17.342,16.951,90879.37,117270.14,114846.05,5.07,300847
9/8/2021,36.05,37.32,35.87,35.62,40288.1,-0.92,-2.5,35.188,35.519,34.013,38817.5,48208.99,48625.03,10.97,300848
9/8/2021,13.22,13.25,13.14,12.95,23044.49,-0.15,-1.13,13.334,12.861,12.838,48827.5,30434.9,24494.72,2.64,300849
9/8/2021,171.93,177.57,163.29,160.81,38652.11,-8.64,-5.03,171.684,165.429,156.782,44839.21,38136.26,34008.55,3.76,300850
9/8/2021,36.13,36.15,35.26,34.9,19302.43,-1.1,-3.02,36.278,35.953,35.971,17511.13,15342.09,20407.23,5.61,300851
9/8/2021,49.27,53,52.02,49.01,37320.4,3.09,6.32,49.364,49.809,51.858,21297.21,21067.88,24675.79,10.48,300852
9/8/2021,41.22,41.74,39.8,39.54,86538.65,-2.77,-6.51,37.936,36.665,37.972,61752.21,44229.67,35753.88,9.33,300853
9/8/2021,57.86,58.28,56.35,55.81,28435,-1.51,-2.61,58.46,60.897,60.893,38516.19,45055.28,57356.27,2.57,300855
9/8/2021,42.25,42.34,42.02,41.69,5315,-0.13,-0.31,41.658,41.113,40.869,9211.86,8877.87,8429.46,1.37,300856
9/8/2021,25.95,28.2,27.4,25.92,27286.89,1.33,5.1,26.286,26.322,27.055,12271.66,14131.18,16112.21,1.93,300857
9/8/2021,33.8,34.26,33.38,33.2,4690.2,-0.62,-1.82,33.014,33.365,33.804,5687.05,6269.43,7558.02,0.88,300858
9/8/2021,22.94,23.2,22.23,22.03,28016,-0.69,-3.01,22.556,22.552,21.296,31053.26,33263.97,30392.36,2.93,300859
9/8/2021,41.7,42.78,42.5,41.66,10363.65,0.64,1.53,41.68,41.431,43.978,8786.9,10397.91,10568.92,2.47,300860
9/8/2021,82.41,83.38,80.18,80,18432.18,-1.84,-2.24,82.642,84.825,77.604,27103.63,43103.18,31689.84,1.05,300861
9/8/2021,35.77,36.16,35.51,35.41,21331.48,-0.31,-0.86,35.53,35.641,36.424,20730.18,24803.21,25630.64,2.48,300862
9/8/2021,63.41,64.79,64,63.4,11346.51,-0.93,-1.43,62.934,62.441,66.689,12180.81,12293.38,10221.53,6.06,300863
9/8/2021,51.32,52.68,52.32,50.7,24467.52,1.02,1.99,51.872,50.424,49.279,28087.48,31231.32,22156.58,10.73,300864
9/8/2021,30.58,31.27,30.73,30.44,12639.19,-0.08,-0.26,31.042,30.422,29.32,22627.22,21483.59,18332.67,4.49,300865
9/8/2021,111.99,114.14,111.77,109.6,14137.05,-0.22,-0.2,111.632,113.792,116.652,14134.02,17727.67,17358.29,0.94,300866
9/8/2021,30.8,30.95,30.75,30.52,26328.2,0.02,0.07,30.696,30.74,31.612,32972.18,44582.07,50167.14,1.7,300867
9/8/2021,25.07,25.33,25.23,24.95,10855.93,0.18,0.72,24.878,24.94,26.33,9922.88,13091.59,13115.12,2.16,300868
9/8/2021,39.01,39.39,39.05,38.72,45568.56,0.17,0.44,38.6,38.977,47.973,54970.98,68251.2,54991.65,2.97,300869
9/8/2021,62.81,63.45,62.45,61.24,8585.66,-0.68,-1.08,63.198,61.125,60.467,11129.44,10952.75,10705.84,2.2,300870
9/8/2021,35.25,35.88,35.59,34.38,14904.48,0.61,1.74,35.018,36.449,36.267,11902.1,19331.26,18998.7,1.89,300871
9/8/2021,32.71,33.29,33.15,32.58,33459.02,0.28,0.85,32.648,32.267,32.424,33644.5,31040.47,29836.84,2.35,300872
9/8/2021,46.77,47.82,47.6,46,15629.27,0.6,1.28,47.52,47.349,46.649,16406.51,19684.43,20675.22,2.33,300873
9/8/2021,75,75.55,71.5,71.3,13276.21,-3.9,-5.17,74.196,75.838,76.028,9197.42,12236.85,16632.47,3.86,300875
9/8/2021,32.88,33.25,32.98,32.73,10329.12,0,0,32.528,33.035,34.489,10138.13,15530.5,16817.55,3.65,300876
9/8/2021,29.92,30.39,30.13,29.83,6712.89,0.28,0.94,29.806,29.75,30.849,7860.6,10615,10300.01,1.33,300877
9/8/2021,44.47,44.72,44.48,44.23,3735.09,0.01,0.02,44.156,44.041,44.833,4456.61,4824.41,4831.03,1.79,300878
9/8/2021,21.97,22.19,22.12,21.73,13332.64,0.2,0.91,21.848,21.656,21.816,13384.97,14358.46,15488.66,2.42,300879
9/8/2021,23.41,23.7,23.43,23,25742.13,-0.03,-0.13,23.02,23.137,23.154,36903.04,35935.16,35766.55,3.68,300880
9/8/2021,32.89,34,33.54,32,52120.68,0.39,1.18,32.776,32.28,31.444,60123.03,48940.33,36335.44,20.85,300881
9/8/2021,18.42,19.46,17.79,17.77,118128.74,-0.61,-3.31,17.686,16.778,16.585,117621.18,69090.18,52027.5,23.11,300882
9/8/2021,10.96,11.17,10.91,10.87,59036.24,-0.14,-1.27,10.672,10.637,10.678,48711.99,41759.26,38612.07,6.82,300883
9/8/2021,22.9,23.66,22.99,22.89,20794.41,0.29,1.28,22.722,22.412,23.109,16106.88,16383.9,19037.65,4.62,300884
9/8/2021,22.33,22.58,21.77,21.67,26237.44,-0.48,-2.16,22.302,22.803,22.968,27806.67,30672.77,38543.8,6.9,300885
9/8/2021,27.37,27.48,27.25,27.05,6918.4,-0.11,-0.4,26.77,26.887,27.572,7898.57,7280.78,7860.45,3.71,300886
9/8/2021,68,69.8,69.5,67.11,14524.12,1,1.46,65.528,64.702,66.645,11119.25,12008.49,11386.74,4.72,300887
9/8/2021,80.5,81.49,80.73,80.16,9358.94,0.28,0.35,80.066,80.233,83.63,12950.3,14643.17,15814.42,1.97,300888
9/8/2021,22.15,22.37,22.35,22.02,10123,0.25,1.13,21.988,21.782,22.284,9792.34,11544.65,15138.16,2.6,300889
9/8/2021,55.02,57,56.4,54.98,23359.61,0.24,0.43,54.658,56.703,56.435,26860.88,43317.14,37677.67,9.34,300890
9/8/2021,21.6,22.13,21.26,21.2,190787.36,-0.48,-2.21,22.446,22.127,20.967,301255.08,305626.46,254951.99,19.08,300891
9/8/2021,34.13,34.55,34.36,33.92,9247.23,0.24,0.7,33.814,33.76,35.316,9286.65,9981.15,11966.93,3.7,300892
9/8/2021,22.85,23.07,22.78,22.51,18672,-0.01,-0.04,22.796,22.466,22.34,28477.19,24844.81,24631.16,4.98,300893
9/8/2021,51.49,51.85,50.88,50.55,9076.44,-0.53,-1.03,51.03,52.497,56.435,15152.28,14093.33,13809.58,2.24,300894
9/8/2021,47,47.3,44.4,43.67,95641.81,-3.21,-6.74,48.742,47.127,40.94,115963.81,109988.3,65268.72,32.87,300895
9/8/2021,573.68,585.87,553.39,553.05,20698.25,-20.3,-3.54,548.674,565.129,579.884,27195.79,27179.44,28056.29,4.19,300896
9/8/2021,35.7,35.99,35.5,35.18,8672.49,-0.2,-0.56,35.818,35.582,35.08,9971.5,9808.13,10384.28,5.1,300897
9/8/2021,33.39,34.13,33.94,33.3,17055.29,0.52,1.56,33.288,33.03,33.41,14906.27,15284.52,15288.48,5.53,300898
9/8/2021,38.35,38.87,38.77,38.3,6387.72,0.42,1.09,38.314,38.217,39.44,5994.76,8524.2,10792.02,4,300899
9/8/2021,41.24,41.6,40.32,40.26,32626.19,-0.78,-1.9,40.95,41.903,43.371,38182.07,49553.96,74533.78,6.95,300900
9/8/2021,13.79,14.06,13.86,13.74,19430.71,0.05,0.36,13.77,13.657,14.139,19316.15,23747.87,24101.9,3.24,300901
9/8/2021,28.48,28.78,28.05,27.95,24773.57,-0.49,-1.72,28.376,28.841,27.93,33658.61,53299.59,49143.43,7.74,300902
9/8/2021,32.37,32.83,31.51,31.49,26378.15,-0.01,-0.03,31.42,31.231,32.787,23347.6,26571.44,34542.89,6.12,300903
9/8/2021,34.91,34.91,33.65,33.4,42257.2,-1.46,-4.16,34.89,33.154,31.804,57163.04,50350.14,55594.61,11.74,300905
9/8/2021,37.37,37.87,36.59,36.56,19754,-0.98,-2.61,38,38.195,36.897,32347.14,36254.98,29679.2,9.88,300906
9/8/2021,29.2,30.48,30,29,23117.12,0.73,2.49,29.402,28.993,28.641,16651.55,16213.92,14401.82,9.63,300907
9/8/2021,56.27,56.95,56.57,55.51,9466.37,0.06,0.11,55.816,55.362,59.091,11091.27,12227.42,18378.97,3.79,300908
9/8/2021,48,48.77,46.8,46.71,21366.32,-1.6,-3.31,49.148,48.346,44.78,27299.52,41711.5,30450.83,8.47,300909
9/8/2021,92.17,93.5,91.23,90.21,5204.36,-0.41,-0.45,89.858,90.98,90.249,9657.11,10826.16,10199.69,1.39,300910
9/8/2021,60.35,63.25,62.42,60.02,13018.2,2.07,3.43,60.29,61.323,58.258,10125.31,12672.71,17241.99,4.88,300911
9/8/2021,27.34,27.83,27.83,27.03,7725.19,0.49,1.79,27.14,26.848,28.309,6865.78,7226.17,7194.81,2.76,300912
9/8/2021,26.58,26.81,26.56,26.18,21628.98,-0.03,-0.11,26.858,26.51,26.159,28432,33260.02,31239.13,7.06,300913
9/8/2021,51.43,52.84,51.95,51.43,6667.46,0.55,1.07,51.204,51.078,51.634,5438.75,6368.5,7850.56,2.96,300915
9/8/2021,68.56,68.56,66.49,66.08,14379.61,-2.09,-3.05,65.01,63.868,63.038,16269.86,12084.41,10417.52,9,300916
9/8/2021,25.96,26.45,26.17,25.61,9751.35,-0.17,-0.65,26.388,25.75,25.898,13016.07,10790.88,12015.7,3.32,300917
9/8/2021,9.72,9.79,9.74,9.65,41608.06,0.02,0.21,9.684,9.522,9.485,48961,41733.84,38506.47,4.62,300918
9/8/2021,156,156,149.4,149.36,15916.7,-4.99,-3.23,148.956,153.402,161.226,20784.33,23830.45,24217.38,3.17,300919
9/8/2021,34.08,34.7,33.95,33.33,8511.53,-0.08,-0.23,34.036,34.222,33.29,7636.74,13152.14,10334.24,3.4,300920
9/8/2021,22.7,23.08,23.01,22.6,15020.65,0.28,1.23,22.558,22.524,22.839,12802.1,16106.03,18013.81,4.58,300921
9/8/2021,44.62,44.78,43,43,28922.47,-1.63,-3.65,44.254,46.476,47.081,35325.93,47455.13,57349.34,10.33,300922
9/8/2021,33.11,33.38,32.47,32.23,18545.97,-0.67,-2.02,33.67,33.5,32.723,29729.68,32564.94,26829.18,9.44,300923
9/8/2021,27.05,27.28,26.01,25.88,69170.35,-1.09,-4.02,26.566,25.25,25.233,87680.37,74146.28,70880.11,12.57,300925
9/8/2021,21.66,21.93,21.6,21.48,19383.46,-0.13,-0.6,21.674,21.403,21.427,27303.46,24856.12,27432.98,5.45,300926
9/8/2021,35.51,36.2,35.36,34.99,26306.82,-0.62,-1.72,36.15,35.817,34.175,41805.45,52374.84,36302.66,13.12,300927
9/8/2021,42.03,42.6,42.48,41.59,8652.05,0.45,1.07,41.656,40.625,42.95,9437.52,8909.79,11451.67,4.33,300928
9/8/2021,31.99,32.4,31.51,31.11,26491.19,-0.72,-2.23,32.02,30.89,29.51,41177.75,40392.5,31336.6,13.98,300929
9/8/2021,36.06,37.8,36.65,35.33,46667.06,0.42,1.16,33.214,32.725,30.915,44233.34,55195.59,51687.14,18.67,300930
9/8/2021,14.16,14.5,14.16,14,129802.85,-0.33,-2.28,14.18,13.419,12.992,196262.81,133245.23,101336.66,21.62,300931
9/8/2021,37.64,38.43,37.14,36.82,14074.07,-0.65,-1.72,38.082,38.451,38.805,20154.08,27131.14,49442.41,4.47,300932
9/8/2021,11.57,11.7,11.45,11.15,118676.59,0.04,0.35,11.446,11.15,11.139,134525.26,120525.76,132246.34,12.94,300933
9/8/2021,65.35,65.5,64.98,64.76,2865,-0.07,-0.11,65.216,64.793,69.541,4654.13,6158.26,5781.55,2.03,300935
9/8/2021,51.99,54.88,49.81,49.72,37390.46,0.83,1.7,48.31,48.452,49.039,19122.93,18273.42,25319.58,19.89,300936
9/8/2021,42.88,43.98,42.04,41.9,26656.85,-0.96,-2.23,41.682,41.075,42.977,25387.47,19237.76,17762.53,11.15,300937
9/8/2021,48.27,48.5,47.68,47.65,7273.34,-0.68,-1.41,48.114,47.808,48.911,6000.13,6595,9713.16,4.47,300938
9/8/2021,52.4,56.62,53.25,52.21,28569.17,2.36,4.64,50.958,51.145,50.617,12261.51,14268.02,11733.29,14.28,300939
9/8/2021,38.76,40.6,39.94,38.73,23764.88,1.09,2.81,38.802,38.835,38.812,15399.16,20605.14,20036.31,8.03,300940
9/8/2021,43.08,44.58,44.09,43.01,31052.48,0.24,0.55,43.698,42.793,43.013,35298.7,40588.16,49635.87,9.1,300941
9/8/2021,30.95,31.2,30.96,30.68,14587.15,-0.04,-0.13,30.774,30.767,32.034,21622.18,25535.87,30513.94,3.57,300942
9/8/2021,24.75,25.25,24.48,24.18,32870.08,-0.31,-1.25,24.844,25.768,24.08,42816.95,68456.51,61197.16,10.74,300943
9/8/2021,17.24,17.81,17.73,17.21,39034.87,0.2,1.14,17.516,17.262,17.507,41777.7,37274.53,49275.23,7.65,300945
9/8/2021,93.47,94,87.9,87.1,42113.02,-6.29,-6.68,96.054,98.785,82.056,48811.85,66255.79,52042.22,25.26,300946
9/8/2021,34.56,35.39,35,34.2,12615.47,0.18,0.52,35.13,34.308,32.71,19859.77,22892.15,16118.48,6.24,300947
9/8/2021,25.08,25.55,25.11,25.03,19318.05,-0.01,-0.04,25.334,25.032,25.683,27812.73,31966.91,34587.38,5.52,300948
9/8/2021,47.62,47.79,47.64,47.42,3996.27,0.02,0.04,47.512,47.844,48.794,4575.45,5408.55,5414.04,2.66,300949
9/8/2021,39.8,39.93,38.61,38.61,29344.58,-0.57,-1.46,38.04,38.122,38.032,34930.92,34953.96,38480.67,11.74,300950
9/8/2021,84.65,85.97,85.01,84.65,7778.47,0.2,0.24,84.058,83.603,83.426,6647.36,8030.22,9285.45,3.89,300951
9/8/2021,23.7,23.76,23.56,23.53,10419.95,-0.13,-0.55,23.502,23.387,23.752,9758.53,10746.14,13405.55,3.03,300952
9/8/2021,93,94.5,89.98,89,12821.03,-3.53,-3.77,92.302,95.216,101.614,12910.56,16327.31,16871.52,6.46,300953
9/8/2021,35.6,35.6,34.98,34.75,5109.82,0,0,34.662,35.421,36.797,6113.93,9917.97,9628.57,2.14,300955
9/8/2021,23.3,23.46,23.01,22.98,12560,-0.3,-1.29,23.182,23.471,23.659,11402.48,15408.7,17704.44,4.01,300956
9/8/2021,202.38,202.4,196.08,195,15850.5,-6.32,-3.12,200.312,201.033,204.501,14840.92,17260.65,21388.45,2.95,300957
9/8/2021,32.66,33.42,32.47,32.18,30744.98,0.35,1.09,31.834,31.73,32.339,26699.99,33564.05,36794.33,10.1,300958
9/8/2021,51.81,53.41,52.34,51.68,9862.48,0.54,1.04,51.18,51.109,51.477,8118.8,11440.18,10574.07,4.93,300959
9/8/2021,28.91,29.15,28.35,28.2,25311.74,-0.8,-2.74,29.544,29.69,30.534,29193.06,33636.97,43430.45,10.43,300960
9/8/2021,26.09,26.85,25.49,25.37,65100.58,-0.81,-3.08,25.208,25.446,24.041,68037.1,89985.72,73398.95,15.49,300961
9/8/2021,21.36,22.3,22.11,21.26,63720.53,0.76,3.56,21.272,21.062,21.282,47062.4,46916.21,65102.73,10.18,300962
9/8/2021,30.4,31.13,30.38,30.13,20529.03,-0.3,-0.98,30.41,30.338,30.224,26848.5,27062.9,28158.41,7.21,300963
9/8/2021,49.68,49.85,48.3,48.05,18997.58,-1.18,-2.38,49.422,48.716,49.538,22868.01,22178.59,24234.89,9.83,300964
9/8/2021,74.9,75.55,75.43,74,10285.98,1.45,1.96,74.01,75.69,82.008,7763.54,12850.85,15975.15,6.86,300965
9/8/2021,43.32,43.79,42.66,42.55,13769.03,-0.67,-1.55,42.836,43.537,45.666,19366.36,20144.51,21978.1,5.01,300966
9/8/2021,16.93,17.69,17.6,16.9,68952.82,0.61,3.59,17.102,16.838,16.785,58318.26,49896.08,63568.58,15.47,300967
9/8/2021,14.55,14.6,14.51,14.42,35598.64,-0.05,-0.34,14.446,14.329,14.662,34228.57,44746.68,53295.69,4.08,300968
9/8/2021,56.01,59.5,56.5,55.2,33957.9,0.69,1.24,57.71,53.018,45.194,37928.98,48654.9,34039.14,16.98,300969
9/8/2021,24.73,28.87,27.21,24.56,85641.24,2.44,9.85,25.222,24.312,25.292,55570.92,47972.46,60602.75,29.35,300970
9/8/2021,44.72,44.97,42.98,42.98,31147.27,-2.12,-4.7,45.582,46.694,43.38,34574.6,50925.6,49724.69,15.64,300971
9/8/2021,14.57,15.7,14.97,14.42,55454.73,0.46,3.17,14.548,14.58,15.588,37313.03,35518.01,45657.6,15.24,300972
9/8/2021,144.05,145.92,142.28,140,12035.09,-1.22,-0.85,133.284,129.969,129.8,10993.42,12513.07,9429.13,3.33,300973
9/8/2021,18.43,18.69,18.5,18.23,19604.56,0.05,0.27,18.462,18.707,19.345,21362.45,30907.06,42137.52,4.6,300975
9/8/2021,87.86,93.8,93.37,86.7,30249.4,5.39,6.13,88.218,87.052,84.592,18078.67,21203.15,15511.41,12.87,300976
9/8/2021,67.97,67.97,64.25,64.22,3967,-2.42,-3.63,65.234,66.441,66.239,3482.63,5954.37,6919.49,2.36,300977
9/8/2021,17.79,17.96,17.86,17.54,31077.26,-0.1,-0.56,17.58,17.531,18.845,30580.85,37002.84,60925.37,7.79,300978
9/8/2021,87.95,88.3,87.67,86.37,5739,0.49,0.56,86.72,85.264,87.329,9582.75,12386.4,12149.55,0.73,300979
9/8/2021,43.26,43.88,43.4,42.65,17514,0.23,0.53,42.772,41.86,41.298,20923.63,18651.24,17630.75,9.74,300980
9/8/2021,103.29,103.29,101.28,100.98,18505.3,-2.03,-1.97,102.774,105.444,108.852,15209.56,21359.62,19414.37,4.68,300981
9/8/2021,71,75.18,71.7,70.77,15515.02,0.85,1.2,72.018,72.738,74.004,18778.21,19766.12,23830.51,4.66,300982
9/8/2021,91.2,91.2,90.88,90.33,5527,0.06,0.07,90.428,89.92,89.988,4833.09,5535.16,6467.23,2.76,300983
9/8/2021,43.49,43.49,43.05,42.75,5532.21,-0.34,-0.78,43.392,43.387,44.145,5578.48,5715.89,7971.28,4.61,300984
9/8/2021,36.3,40,38.2,35.07,140766.48,3.18,9.08,35.554,36.223,39.824,65237.32,76712.34,114500.66,44.53,300985
9/8/2021,52.8,53.39,52.88,51.64,6032.76,0.34,0.65,52.584,51.563,48.324,11154.47,13113.24,15547,2.17,300986
9/8/2021,26.91,27.81,27.65,26.91,27929.34,0.73,2.71,26.916,27.06,27.854,19045.34,21299.28,25486.64,9.58,300987
9/8/2021,37.44,37.6,36.85,36.85,10143.54,-0.77,-2.05,36.94,37.575,37.64,12639.95,17214.52,19388.18,5.49,300988
9/8/2021,47.51,47.52,46.83,46.61,8687.81,-0.82,-1.72,46.596,45.414,45.335,10387.99,8575.42,8029.34,5.79,300989
9/8/2021,88,88.8,87.22,86.56,5731,-1.29,-1.46,86.952,90,94.139,7168,11503.98,13132.37,4.41,300990
9/8/2021,37.83,38.15,36.62,36.59,22493.44,-1.21,-3.2,38.036,37.917,37.62,26095.09,29567.06,31065.9,10.54,300991
9/8/2021,28.46,29.48,29.32,28.33,36507.64,0.76,2.66,28.524,28.649,29.531,26423.04,32122.14,52035.06,16.96,300992
9/8/2021,23.73,23.76,23.64,23.53,11670.21,-0.07,-0.29,23.536,23.357,23.475,15327.24,16702.68,21944.6,3.74,300993
9/8/2021,34.91,40.74,37.45,34.91,62339.43,2.56,7.34,35.78,37.876,36.045,47066.21,59050.57,102148.09,13.54,300994
9/8/2021,32.9,33.36,32.99,32.06,28792.09,-0.04,-0.12,33.202,31.392,32.203,44136.36,32701.01,36506.37,14.43,300995
9/8/2021,36.5,36.5,35.8,35.12,39202.69,-0.7,-1.92,35.834,34.562,34.326,64155.31,46530.61,45826.33,11.69,300996
9/8/2021,16.73,17.07,16.9,16.6,59111.84,0.16,0.96,16.564,16.449,16.658,64303.95,63444.11,73271.18,6.99,300997
9/8/2021,28.61,29.16,28.87,28.3,52108.42,-1.28,-4.25,27.622,26.983,28.873,38619.89,33131.25,40937.45,22.96,300998
9/8/2021,69.88,70.3,69.16,69,87573.6,-0.72,-1.03,69.028,68.63,69.919,111062.2,107965.94,109037.71,2.21,300999
9/8/2021,69.66,70.49,69.34,69.16,3898.01,-0.78,-1.11,69.176,68.628,69.68,3704.11,3969.99,4740.93,2.92,301000
9/8/2021,33,33.63,33.46,32.8,10603.01,0.44,1.33,32.898,32.563,33.316,8582.75,9209.7,12009.47,5.3,301001
9/8/2021,75.91,76.2,74.48,74.13,7757.72,-1.43,-1.88,76.148,78.807,78.463,7949.06,7856.88,9502.07,3.46,301002
9/8/2021,58.1,58.18,57.81,57.68,4548,-0.3,-0.52,57.618,57.815,58.52,4513.16,6340.62,9523.6,3.12,301003
9/8/2021,21.72,21.88,21.42,21.28,22401.16,-0.31,-1.43,21.396,21.165,21.526,18626.56,17663.55,26112.34,9.45,301004
9/8/2021,62,62.28,61.99,61.07,7776,0.19,0.31,62.54,62.746,60.802,8554.36,12917.94,11987.03,5.44,301005
9/8/2021,31,31.39,30.2,30.01,19834.89,-0.91,-2.92,30.59,30.871,32.758,15897.03,18432.17,27696.18,6,301006
9/8/2021,20.01,20.85,20.3,19.82,70272.12,0.29,1.45,19.728,19.065,19.374,59214.15,45799.02,55871.79,19.33,301007
9/8/2021,45.56,45.98,45.2,45.16,5696.94,-0.59,-1.29,45.088,45.105,45.87,6253.38,7892.95,10690.46,3.42,301008
9/8/2021,25.75,25.92,25.42,25.2,25231.23,-0.2,-0.78,25.66,25.5,26.75,21303.23,23725.87,31654.24,3.89,301009
9/8/2021,25.01,25.3,24.85,24.74,22673.13,-0.14,-0.56,24.714,24.812,25.058,22770.82,26913.81,33411.14,8.86,301010
9/8/2021,78,78.88,76,72.12,65875.75,2.53,3.44,69.594,66.658,59.013,54763.65,56772.29,36276.9,35.57,301011
9/8/2021,33.85,35.5,34.74,33.34,27248.14,0.89,2.63,33.934,32.825,35.135,33553.68,31130.12,42947.9,13.68,301012
9/8/2021,25.35,25.44,25.04,24.93,20548.23,-0.1,-0.4,25.026,24.976,25.621,26909.53,32120.96,42512.58,6.18,301013
9/8/2021,25.59,25.65,25.17,25.05,22320.94,-0.28,-1.1,25.33,25.168,25.948,32707.93,31860.4,38831.62,5.02,301015
9/8/2021,32.6,32.99,32.48,31.77,33660.46,-0.12,-0.37,33.734,33.609,31.787,48522.03,58814.81,59166.3,11.83,301016
9/8/2021,18.61,18.73,18.42,18.31,19307.37,-0.23,-1.23,18.48,18.45,19.16,20206.14,22474.86,34771.02,5.64,301017
9/8/2021,24.14,24.8,23.7,23.59,39593.74,-0.17,-0.71,23.594,23.823,25.037,39287.19,52800.2,72045.06,7.73,301018
9/8/2021,48.5,49.08,48,47.65,14669.94,-0.76,-1.56,48.244,48.241,46.927,15572.45,19499.87,20569.42,7.33,301019
9/8/2021,32.08,32.4,31.27,31.16,46084,-0.79,-2.46,31.818,32.706,34.933,47305.93,58161.61,90934.93,13.28,301020
9/8/2021,45.39,45.6,44.75,44.15,28560.33,-1,-2.19,45.132,45.933,47.156,23868.67,29061.19,35358.76,8.81,301021
9/8/2021,39.48,39.8,39,38.9,8383,-0.54,-1.37,39.348,39.379,41.021,11715.97,14605.33,22585.95,5.24,301022
9/8/2021,75.5,75.9,74.24,73.73,5924.82,-1.71,-2.25,75.398,75.781,79.264,5883.02,6898.78,9457.23,6.35,301023
9/8/2021,51.49,51.49,50.85,50.51,5425,0,0,50.932,50.603,51.91,5812.28,6269.22,9962.02,5.12,301024
9/8/2021,17.49,18.43,17.98,17.26,80901.16,0.5,2.86,17.502,17.567,19.103,52022.1,55426.96,83825.56,21.54,301025
9/8/2021,75.8,77.5,75.7,75.2,15286.71,-0.5,-0.66,74.696,75.293,78.543,18040,26672.49,30893.04,6.32,301026
9/8/2021,20.4,20.62,20.48,20,41463.15,0.02,0.1,20.626,19.7,19.71,67147.99,56553.85,61582.37,11.88,301027
9/8/2021,17.85,18.08,16.96,16.83,270670.44,-0.86,-4.83,16.538,16.044,15.074,262135.52,235741.8,218099.32,30.04,301028
9/8/2021,93.9,95,93.53,92.51,6914.31,0.02,0.02,94.116,96.982,99.075,9527.17,16672.72,18619.32,2.05,301029
9/8/2021,34,34.45,33.01,32.9,35923.58,-1.45,-4.21,33.438,32.838,34.132,39106.32,44564.59,56668.33,12.63,301030
9/8/2021,150,154.97,152,147.07,7247.46,1.2,0.8,146.49,153.103,163.484,11630.82,12577.79,12464.98,4.37,301031
9/8/2021,12.93,13.29,13.07,12.81,93038.97,0.06,0.46,12.92,12.712,12.975,91328.78,85245.74,116751.94,16.27,301032
9/8/2021,68.91,71.09,70,68.3,5425.35,0.55,0.79,70.246,72.752,73.848,5492.25,7564.28,12939.25,3.85,301033
9/8/2021,51.94,51.99,48.06,46.3,48294.6,-3.94,-7.58,52.142,53.758,52.381,25681.14,27874.53,37898.31,7.37,301035
9/8/2021,45.42,45.59,44.53,44.21,16585.8,-0.88,-1.94,44.716,45.232,46.6,15697.99,21059.68,30275.47,7,301036
9/8/2021,28.23,28.68,27.79,27.75,30414.64,-0.59,-2.08,28.134,27.583,27.88,32000.84,29486.37,36957.97,14.24,301037
9/8/2021,28,28.69,24.65,24.5,158571.94,-2.75,-10.04,23.912,22.619,22.62,86929.38,72360.09,81094.65,56.31,301038
9/8/2021,12.6,12.67,12.53,12.35,154444.28,-0.01,-0.08,12.42,12.174,12.396,195036.16,178890.54,232733.6,8.95,301039
9/8/2021,43.5,45.19,41.18,41.03,106749.72,-3.45,-7.73,43.108,38.15,38.313,128579.41,80687.37,69215.83,45.03,301040
9/8/2021,33.77,33.77,32.25,32.05,60131.17,-1.5,-4.44,32.65,32.071,32.587,64014.62,62485.28,86348.03,23.76,301041
9/8/2021,48.66,48.66,48.55,48.21,6949.32,0.23,0.48,48.408,48.33,50.054,8455.8,10480.94,14185.11,4.04,301042
9/8/2021,33.79,33.87,33.67,33.41,10124.4,-0.13,-0.39,33.89,33.661,35.114,15056.24,16536.2,25840.84,5.96,301043
9/8/2021,33.3,33.56,32.71,32.51,22341.04,-0.6,-1.8,33.168,33.06,33.707,22263.22,26900.31,44374.59,9.13,301045
9/8/2021,61,62.61,57.21,56.6,73888.16,-3.52,-5.8,63.398,63.758,60.471,86627.77,83016.84,109325.58,20.85,301046
9/8/2021,477.84,486,476.09,475,8916.42,-1.34,-0.28,478.736,486.648,521.933,14377.69,16312.81,28376.18,5.24,301047
9/8/2021,17.8,18.25,17.55,17.42,304441.44,-0.63,-3.46,18.952,16.981,16.554,549114.05,426278.62,465203.42,34.7,301048
9/8/2021,35.2,35.64,35.64,34.8,32218.99,0.27,0.76,35.588,36.07,36.983,36875.3,48301.95,60842.94,14.42,301049
9/8/2021,269.05,274,272.7,263,14422.78,-0.11,-0.04,280.818,278.855,279.878,18719.92,30468.44,43232.47,7.83,301050
9/8/2021,103.48,105.77,104.26,102.88,16170.98,1.01,0.98,104.272,110.19,110.19,20685.53,34696.93,34696.93,8.09,301051
9/8/2021,33.55,36.49,35.28,33.55,66534.07,1.66,4.94,34.57,35.425,35.425,64152.13,77822.99,77822.99,38.95,301052
9/8/2021,36.2,37.1,37.1,35.3,59300.32,0.39,1.06,38.238,38.012,38.012,87835.32,95123.44,95123.44,34,301053
9/8/2021,9.34,9.39,9.34,9.29,409417.84,0,0,9.272,9.186,9.203,463051.26,471838.88,402309.51,0.14,600000
9/8/2021,10.7,10.9,10.5,10.49,268892.81,-0.29,-2.69,10.3,9.875,9.449,308957.82,258506.09,230100.32,1.3,600004
9/8/2021,9,9.48,9.19,8.92,847076.12,0.15,1.66,8.966,8.813,8.812,808752.57,790152.74,850081.15,4.24,600006
9/8/2021,18.5,19.2,18.08,18.08,88645.85,-0.51,-2.74,18.942,18.102,16.699,128872.33,125573.29,72706.02,0.88,600007
9/8/2021,3.86,3.97,3.94,3.83,1429749.12,0.12,3.14,3.846,3.752,3.533,1406705.55,1622556.09,1516706.57,1.95,600008
9/8/2021,45.84,46.2,45.55,45.02,159089.69,-0.69,-1.49,45.144,43.636,41.478,187387.38,204401.91,178901.11,1.45,600009
9/8/2021,3.7,3.98,3.81,3.65,20646398,0.06,1.6,3.754,3.638,3.191,25221437.2,24854594,20570075.45,6.52,600010
9/8/2021,7.08,7.46,7.1,7.08,2173293.5,-0.01,-0.14,7.004,6.213,5.388,2372128.1,1864652.8,1556246.63,1.98,600011
9/8/2021,6.67,6.98,6.9,6.67,106798.39,0.23,3.45,6.578,6.361,6.117,87724.31,82495.59,58811.61,0.92,600012
9/8/2021,5.74,5.81,5.78,5.74,247393.28,0.03,0.52,5.722,5.639,5.602,292045.02,280782.68,225394.13,0.19,600015
9/8/2021,4.13,4.15,4.14,4.12,1071936.88,0.01,0.24,4.116,4.051,4.031,1229019.7,1028135.18,808068.81,0.3,600016
9/8/2021,2.75,2.81,2.8,2.75,327274.62,0.05,1.82,2.726,2.681,2.632,243404.79,203993.35,148110.78,1.06,600017
9/8/2021,5.99,6.34,6.23,5.97,970320.81,0.26,4.36,5.976,5.729,5.424,729784.28,735022.41,533398.2,0.42,600018
9/8/2021,10.69,10.8,10.53,10.43,1549010.5,-0.31,-2.86,10.412,10.017,9.195,1772462.82,2239346.06,1793413.65,0.7,600019
9/8/2021,3.39,3.48,3.47,3.39,174133.02,0.08,2.36,3.362,3.314,3.228,139511.72,120313.93,94767.92,0.77,600020
9/8/2021,9.75,9.77,9.77,9.42,542941.31,0.89,10.02,8.498,7.866,7.44,639735.5,431566.02,294724.01,2.07,600021
9/8/2021,2.44,2.51,2.49,2.4,2727608.25,0.05,2.05,2.394,2.365,2.274,2599054.18,2797958.36,2672295.48,2.49,600022
9/8/2021,3.68,4.04,4.04,3.67,2316341.25,0.37,10.08,3.726,3.595,3.475,1317578.73,893562.76,657860.69,1.7,600023
9/8/2021,6.37,6.93,6.93,6.37,1334493.75,0.63,10,6.296,6.042,5.785,916840.22,629213.48,467329.11,0.74,600025
9/8/2021,5.74,5.78,5.75,5.67,187836.27,0.02,0.35,5.61,5.458,5.335,249831.35,192485.65,150349.18,0.66,600026
9/8/2021,4.61,4.86,4.77,4.6,2241269.25,0.23,5.07,4.618,4.236,3.866,2416415.43,1677827.11,1229271.37,2.75,600027
9/8/2021,4.46,4.55,4.53,4.45,2879943.25,0.05,1.12,4.408,4.292,4.155,2459709.23,2400645.23,1928590.51,0.3,600028
9/8/2021,6.05,6.15,6.06,6.02,263695.44,0.01,0.17,5.996,5.867,5.726,369736.6,311763.39,291664.87,0.27,600029
9/8/2021,27,27.63,26.9,26.86,1566586.62,-0.25,-0.92,26.91,26.077,25.258,2178732.52,2180082.61,1895837.1,1.6,600030
9/8/2021,29,29,28.32,28.26,1860416.75,-0.8,-2.75,28.668,27.851,28.359,2375114.62,2505358,2251869.14,2.19,600031
9/8/2021,13.57,14.1,13.5,13.48,555328.56,0.12,0.9,13.414,12.91,12.582,634889.01,576508.7,608684.26,26.7,600032
9/8/2021,2.77,2.82,2.82,2.76,258524.34,0.07,2.54,2.728,2.672,2.607,160988.9,133512.86,89335.76,0.94,600033
9/8/2021,3.1,3.18,3.17,3.09,225253.02,0.08,2.59,3.066,3.011,2.912,171402.08,162471.65,113931.68,1.4,600035
9/8/2021,52.72,53.55,52.41,52.26,553906.69,-0.4,-0.76,52.004,50.817,51.09,648485.91,700778.4,664786.27,0.27,600036
9/8/2021,8.59,8.86,8.8,8.57,175360.77,0.22,2.56,8.6,8.407,8.234,122339.43,119137.09,103208.68,1.26,600037
9/8/2021,58.03,58.18,57.87,57.06,78989.74,0,0,58.07,61.027,61.734,106084.58,144961.08,156370.03,1.34,600038
9/8/2021,8.44,8.62,8.33,8.26,793909.06,-0.11,-1.3,8.112,7.623,7.201,1018007.06,963113.78,810575.44,2.2,600039
9/8/2021,12.1,12.14,11.92,11.86,397026.81,-0.13,-1.08,12.144,11.77,11.875,824339.44,938061.14,1050261.71,0.33,600048
9/8/2021,4.32,4.35,4.33,4.3,1359763.88,0,0,4.282,4.232,4.216,1395102.97,1404154.27,1356359.03,0.44,600050
9/8/2021,6.7,6.82,6.82,6.68,46470.57,0.11,1.64,6.674,6.559,6.449,39809.47,33897.65,25859.02,1.49,600051
9/8/2021,4.17,4.58,4.47,4.17,535478.81,0.31,7.45,4.026,3.846,3.654,247046.48,169881.65,119846.88,6.34,600052
9/8/2021,19.15,19.34,18.9,18.75,74616.53,-0.27,-1.41,20.04,19.774,18.183,143869.44,123812.94,76392.36,1.72,600053
9/8/2021,9.78,9.92,9.84,9.72,32991.21,0.05,0.51,9.726,9.651,9.33,38191.77,38108.42,29417.35,0.64,600054
9/8/2021,19.2,19.8,19.46,19.2,113708.24,0.34,1.78,19.206,19.973,21.351,112766.04,123200,177956.55,2.1,600055
9/8/2021,11.62,11.73,11.72,11.58,97478.32,0.12,1.03,11.52,11.298,11.229,94166.33,75643.71,64046.71,0.91,600056
9/8/2021,8.56,8.86,8.78,8.49,366998.06,0.28,3.29,8.564,8.269,8.034,396122.34,349197.03,304284.45,1.72,600057
9/8/2021,10.65,11.05,10.79,10.65,249845.09,-0.01,-0.09,10.678,10.745,10.03,261937.39,368014.47,265993.27,2.33,600058
9/8/2021,10.82,10.97,10.9,10.76,125107.26,0.08,0.74,10.706,10.54,10.718,144887.6,123953.66,118565.41,1.55,600059
9/8/2021,11.72,11.86,11.83,11.66,151921.95,0.11,0.94,11.608,11.712,12.191,194633.4,237360.91,186929.41,1.18,600060
9/8/2021,9.78,9.92,9.56,9.56,1018705.44,-0.21,-2.15,9.586,9.274,8.895,1322899.49,1334613.49,976918.87,1.59,600061
9/8/2021,11.72,11.92,11.87,11.7,72538.87,0.15,1.28,11.688,11.558,11.414,61235.42,50970.65,43534.41,0.7,600062
9/8/2021,9.2,9.53,9.07,9,1686118.62,-0.08,-0.87,8.514,7.571,6.698,1688898.35,1554194.59,1128646.56,8.75,600063
9/8/2021,9.37,9.45,9.38,9.34,81412.8,0.02,0.21,9.326,9.083,8.869,140204.72,122869.26,96213.15,0.66,600064
9/8/2021,12.38,12.38,12.06,11.97,419017.62,-0.24,-1.95,12.38,12.409,12.256,267506.32,258823.42,245904.61,1.89,600066
9/8/2021,4.14,4.15,4.1,4.07,197701.06,-0.05,-1.21,4.136,4.129,4.088,190190.4,238163.94,300521.56,1.32,600067
0,,,,,,,,,,,,,,,600068
9/8/2021,7.25,7.37,7.33,7.22,62187.76,0.07,0.96,7.194,7.158,7.475,57040.35,65989.4,84974.79,1.23,600070
9/8/2021,14.65,15.8,15.49,14.6,117855.42,0.69,4.66,14.33,14.05,13.688,59841.77,50849.11,38500.92,4.96,600071
9/8/2021,14.2,14.66,14.08,13.81,435181,-0.21,-1.47,14.254,13.996,12.934,411270.87,511276.15,351792.46,5.91,600072
9/8/2021,7.84,8,7.95,7.82,110116.49,0.11,1.4,7.772,7.644,7.625,104585.09,89633.94,70769.93,1.17,600073
9/8/2021,11.29,12.05,11.84,11.15,2144062.25,0.89,8.13,10.76,10.366,9.393,1430786.13,1533646.95,1254973.16,17.32,600075
9/8/2021,4.17,4.34,4.31,4.15,404973.09,0.13,3.11,4.094,3.982,3.941,292823.3,266827.33,248391.29,3.92,600076
9/8/2021,2.48,2.56,2.54,2.47,131847.23,0.06,2.42,2.46,2.408,2.381,103169.69,83438.65,60590.54,0.98,600077
9/8/2021,5.7,5.96,5.8,5.6,395595.25,0.12,2.11,5.756,5.619,5.049,410618.37,369478.12,333586.6,5.97,600078
9/8/2021,22.45,22.65,22.44,22.16,115897.69,0,0,22.364,22.136,22.784,115384.52,136165.74,124736.5,0.86,600079
9/8/2021,7.45,7.73,7.69,7.45,79769.2,0.21,2.81,7.402,7.177,7.04,68602.96,54061.79,53608.29,2.14,600080
9/8/2021,13.85,14.64,14.36,13.76,96082.9,0.54,3.91,13.726,13.715,14.245,52596.7,58438.09,72675.98,3.06,600081
9/8/2021,3.08,3.09,3.03,3.01,157935.19,-0.06,-1.94,3.006,2.866,2.756,215092.32,139355.21,84983,2.49,600082
9/8/2021,6.74,6.74,6.53,6.31,122115.79,0.11,1.71,6.1,5.941,5.864,31885.86,21001.85,15782.25,5.36,600083
9/8/2021,3.91,3.92,3.89,3.85,66958,-0.02,-0.51,3.914,3.919,3.826,75963.61,93933.96,96399.71,0.6,600084
9/8/2021,35.08,35.33,34.74,34.57,107141.33,-0.31,-0.88,34.246,33.704,33.577,163164.11,140865.56,131475.37,0.78,600085
9/8/2021,10.53,10.74,10.61,10.45,59720.19,0.07,0.66,10.444,10.236,9.936,49171.55,49357.25,38896.92,1.5,600088
9/8/2021,28.82,29.41,27.68,27.2,3034450.25,-1.15,-3.99,27.948,25.067,20.942,3507689.9,3571747.7,2600954.65,8.17,600089
9/8/2021,1.61,1.63,1.62,1.59,166982.52,0.01,0.62,1.614,1.581,1.532,224726.89,258621.11,198996.31,1.16,600090
9/8/2021,2.85,2.88,2.76,2.72,45527.88,-0.05,-1.78,2.718,2.705,2.547,36296.54,40618.41,28750.92,1.04,600091
9/8/2021,2.61,2.73,2.67,2.58,315913.75,0.02,0.76,2.648,2.645,2.712,303397.75,280219.75,327799.18,2.81,600093
9/8/2021,3.63,3.66,3.64,3.6,136340.94,0.03,0.83,3.616,3.573,3.558,96679.41,89457.76,85028.14,0.6,600094
9/8/2021,10.22,10.57,10.29,10.19,448252.38,-0.01,-0.1,10.166,9.965,10.036,440708.55,362225.57,366862.5,4.69,600095
9/8/2021,26.36,28.95,28.95,25.8,1841308.38,2.63,9.99,25.906,23.902,21.011,1838159.92,1735101.29,1420804.56,10.94,600096
9/8/2021,10.92,11.07,11.03,10.8,37854.01,0.04,0.36,10.814,10.275,9.58,51238.71,58745.92,36343.51,1.57,600097
9/8/2021,7.82,8.33,8.13,7.77,422845.88,0.1,1.25,7.668,7.298,6.946,397309.4,286547.49,224086.71,1.55,600098
9/8/2021,7.31,7.42,7.41,7.31,17861.19,0.09,1.23,7.34,7.357,7.266,20618.35,22226.14,22031.62,0.82,600099
9/8/2021,6.62,6.65,6.4,6.37,671650.31,-0.09,-1.39,6.232,6.081,6.054,832332.39,560000.7,368750.86,2.27,600100
9/8/2021,6.79,7.02,6.98,6.73,289274.56,0.25,3.71,6.69,6.506,6.121,230097.33,222118.46,184867.68,6.86,600101
9/8/2021,2.69,2.95,2.89,2.67,1388653.12,0.2,7.43,2.742,2.669,2.623,746033.94,615474.04,521055.55,6.02,600103
9/8/2021,20.72,21.1,20.85,20.65,596338.75,-0.09,-0.43,20.21,19.667,19.252,692402.62,638366.71,518851.18,0.51,600104
9/8/2021,3.93,4.02,4,3.9,612876.81,0.06,1.52,3.85,3.748,3.653,555288.36,493177.55,408738.22,4.44,600105
9/8/2021,2.65,2.69,2.69,2.65,168797.36,0.04,1.51,2.646,2.594,2.531,131129.35,123110.25,94745.14,1.27,600106
9/8/2021,6.14,6.22,6.16,6.06,64442.93,0.07,1.15,6.12,6.132,5.957,69641.62,87069.79,84247.03,1.79,600107
9/8/2021,3.38,3.44,3.4,3.33,682974.5,0.02,0.59,3.306,3.196,3.125,652923.61,529676.54,428373.17,3.51,600108
9/8/2021,12.02,12.35,12.1,11.99,702613.94,0.05,0.41,11.97,11.531,11.321,938958.83,739308.5,667699.23,2.32,600109
9/8/2021,22.5,22.8,21.59,21.16,1102218.25,-0.22,-1.01,19.966,19.401,18.806,818914.71,742160.76,739261.84,8.33,600110
9/8/2021,56.85,58.61,56.11,55.6,1678837.38,-1.21,-2.11,54.598,53.446,48.535,2035261.63,2215044.6,2265718.87,4.62,600111
0,,,,,,,,,,,,,,,600112
9/8/2021,5.94,6.09,6.01,5.92,42229.14,0.07,1.18,5.922,5.854,5.782,30920.84,28619.95,22982.65,1.03,600113
9/8/2021,9.87,10.11,9.88,9.83,197409.3,-0.01,-0.1,9.756,9.444,9.283,210326.74,197371.45,188071.07,3.2,600114
9/8/2021,4.9,4.99,4.97,4.9,233148.83,0.06,1.22,4.878,4.785,4.693,241032.82,213466.81,269696.57,0.24,600115
9/8/2021,11.85,12.24,11.8,11.3,1001909.75,0.03,0.26,11.222,10.879,10.329,600903.01,620605.96,494527.74,7.4,600116
9/8/2021,5.03,5.05,5.01,4.92,271793.59,-0.04,-0.79,4.872,4.853,4.74,414970.05,386241.22,344013.19,2.6,600117
9/8/2021,29.36,29.55,28.88,28.86,178536.59,-0.46,-1.57,29.028,28.435,27.617,206622.72,232043.48,170240.29,1.51,600118
9/8/2021,8.25,8.55,8.47,8.2,38381,0.27,3.29,8.216,8.127,7.718,26296.1,26292.38,20331.54,1.25,600119
9/8/2021,4.51,4.63,4.63,4.5,390201.34,0.15,3.35,4.442,4.31,4.15,370428.07,299832.26,247961.07,1.35,600120
9/8/2021,5.59,6.2,6.1,5.56,1571342.5,0.46,8.16,5.628,5.488,5.226,843089.41,767365.24,528723.45,12.9,600121
9/8/2021,1.59,1.62,1.61,1.58,168230.06,0.01,0.62,1.602,1.563,1.51,222878.3,239679.63,198795.88,1.45,600122
9/8/2021,11.71,12.39,12.11,11.57,340184.84,0.25,2.11,11.682,11.264,10.297,408505.77,442263,419324.24,2.98,600123
9/8/2021,5.33,5.38,5.35,5.29,183917.62,0.03,0.56,5.3,5.179,5.049,313081.64,300591.04,216939.42,1.41,600125
9/8/2021,6.34,6.42,6.31,6.27,417104.09,-0.03,-0.47,6.264,6.279,5.844,501848.4,794558.98,584305.32,1.24,600126
9/8/2021,8.47,8.71,8.64,8.45,178238.89,0.18,2.13,8.468,8.49,8.627,104565.95,107440.36,109676.89,2.78,600127
9/8/2021,7.49,8,7.86,7.43,191423.42,0.43,5.79,7.33,7.238,7.175,128776,97968.49,72112.8,7.76,600128
9/8/2021,15.09,15.22,15.11,15.08,49124.17,-0.02,-0.13,14.96,14.921,15.489,68648.54,67011.94,77731.35,0.88,600129
9/8/2021,4,4.1,4.1,3.99,236618.2,0.1,2.5,4.056,4.053,4.084,239451.25,258580.82,413978.93,3.08,600130
9/8/2021,16.38,16.44,15.86,15.5,338327.34,-0.04,-0.25,15.1,14.219,14.155,286646.43,186442.33,137152.58,6.26,600131
9/8/2021,143.37,143.41,137.97,136.22,32793.71,-5.46,-3.81,138.51,139.426,149.396,38604.98,46202.76,50662.82,0.68,600132
9/8/2021,5.91,6.03,6.02,5.89,206721.52,0.11,1.86,5.912,5.796,5.726,198399.44,140477.32,99300.98,2.66,600133
9/8/2021,7.64,8.39,8.39,7.59,216687.02,0.76,9.96,7.71,7.707,7.592,101107.27,99492.46,89605.49,5.07,600135
9/8/2021,6.23,6.46,6.37,6.18,74103.69,0.14,2.25,6.262,6.229,6.017,81909.4,88910.46,72873.14,1.52,600136
9/8/2021,15.1,15.44,15.31,15.06,14462,0.18,1.19,15.012,15.043,15.102,12567.01,16059.51,21069.65,1.49,600137
9/8/2021,11.1,11.17,11.1,10.98,101280.86,0.05,0.45,11.014,10.941,10.429,127946.81,152691.18,126272.89,1.4,600138
9/8/2021,2.54,2.67,2.67,2.5,194070.02,0.13,5.12,2.562,2.558,2.468,144454.97,197618.84,160771.71,2.93,600139
9/8/2021,37.16,40.36,38.4,36.3,732977.94,1,2.67,36.89,37.465,34.437,779343.09,716319.74,617598.5,7.51,600141
9/8/2021,16.89,17.16,17.05,16.71,546004.69,0.2,1.19,16.572,16.881,18.656,534583.67,770104.52,719333.22,2.12,600143
9/8/2021,2.18,2.32,2.23,2.17,329715.06,0.01,0.45,2.318,2.197,1.992,500937.61,365110.92,383317.27,2.21,600145
9/8/2021,2.22,2.23,2.17,2.15,158519.77,-0.04,-1.81,2.248,2.272,2.3,147290.56,179378.01,196738.28,3.37,600146
9/8/2021,13.03,13.04,13.03,12.93,12931,0.01,0.08,12.982,13.018,13.09,11493.18,13437.26,18647.36,0.91,600148
9/8/2021,5.02,5.22,5.18,5,67306.12,0.16,3.19,5.064,5.024,4.898,40576.85,43415.18,33945.54,1.77,600149
9/8/2021,25.43,27.21,26.25,24.95,1483674.5,1.05,4.17,25.618,24.408,21.321,1527966.3,1423251.07,1079645.99,6.07,600150
9/8/2021,10.54,10.6,10.42,10.38,188492.53,-0.12,-1.14,10.576,10.581,10.7,402358.38,501222.38,391713.58,1.31,600151
9/8/2021,8.03,8.08,8.06,7.96,59244.11,0.03,0.37,7.998,8.213,8.728,56995.53,84934.76,90609.92,1.44,600152
9/8/2021,8.5,8.81,8.73,8.4,407265.81,0.29,3.44,8.388,8.023,7.697,350613.6,305079,197663.95,1.44,600153
9/8/2021,10.66,10.88,10.68,10.63,239566.8,-0.03,-0.28,10.618,10.399,10.239,328466.57,273842.41,237724.24,1.38,600155
9/8/2021,3.97,4.14,4.06,3.94,69396.35,0.1,2.52,3.922,3.849,3.771,45017.85,37981.02,32493.64,1.73,600156
9/8/2021,1.99,2.19,2.14,1.97,9953886,0.14,7,2.02,1.941,1.812,8691257.5,8712531.1,5805999.79,4.48,600157
9/8/2021,12.12,12.88,12.45,12.11,269725.38,0.28,2.3,12.018,11.618,11.432,220854.74,184554.12,143353.28,3.99,600158
9/8/2021,2.53,2.58,2.58,2.52,115481.31,0.06,2.38,2.512,2.449,2.394,110518.52,94091.21,73194.41,1.39,600159
9/8/2021,15.88,16.74,16.4,15.25,1020120.94,0.61,3.86,15.608,15.738,14.078,901258.98,1057531.81,755634.49,3.78,600160
9/8/2021,35.04,38.89,37.62,35,425675.97,2.11,5.94,33.852,32.847,33.888,248069.7,187064.69,132920.31,3.39,600161
9/8/2021,1.96,2.01,2.01,1.95,258051.89,0.04,2.03,1.938,1.884,1.839,217890.77,186877.87,127824.02,0.76,600162
9/8/2021,9.15,9.28,9.28,9.06,1471601.25,0.84,9.95,7.74,6.689,6.02,1330733.69,799768.9,487504.26,14.72,600163
9/8/2021,9.69,9.75,9.33,9.29,113792.88,-0.25,-2.61,9.514,9.572,8.738,186663.49,210371.41,182324.86,1.66,600165
9/8/2021,4.81,4.84,4.69,4.64,2483816.25,-0.15,-3.1,4.72,4.391,4.227,4184080.3,3040407.03,2488672.19,3.78,600166
9/8/2021,8.45,8.75,8.68,8.45,156449.95,0.23,2.72,8.478,8.533,8.618,90374.42,112626.66,108426.6,0.68,600167
9/8/2021,6.87,6.95,6.92,6.83,50607.89,0.08,1.17,6.832,6.816,6.722,39707.94,51231.84,41702.55,0.71,600168
9/8/2021,3.32,3.34,3.32,3.26,565251.94,0.01,0.3,3.194,3.055,2.889,698985.16,553223.61,471773.08,2.2,600169
9/8/2021,2.93,2.95,2.95,2.92,452212.94,0.02,0.68,2.894,2.82,2.754,480804.57,417663.64,294673.56,0.51,600170
9/8/2021,33.18,33.68,32.16,32,418793.28,-1.34,-4,33.446,33.222,31.995,448235.63,527739.96,450374.06,5.98,600171
9/8/2021,9.15,9.16,8.56,8.47,852814.25,-0.6,-6.55,8.876,8.784,7.921,904770.31,1100481.16,1048224.86,6.97,600172
9/8/2021,5.78,5.82,5.79,5.68,40311.27,0.05,0.87,5.59,5.49,5.503,42077.78,49183.8,55256.02,0.58,600173
9/8/2021,21.6,21.98,21.8,21.09,1116928,0.22,1.02,20.49,19.176,18.459,1373894.87,1147813.94,1077621.41,2.79,600176
9/8/2021,6.66,6.74,6.68,6.65,103406.18,0.02,0.3,6.63,6.55,6.506,103409.43,97307.76,86987.72,0.23,600177
9/8/2021,8.72,8.72,8.62,8.53,131096.92,-0.11,-1.26,8.546,8.475,8.33,174265.48,146228.84,118085.75,2.84,600178
9/8/2021,3.91,3.95,3.94,3.89,82824.63,0.03,0.77,3.896,3.896,3.948,68815.97,72109.91,77162.27,0.23,600179
9/8/2021,6.19,6.3,6.26,6.18,51027.7,0.07,1.13,6.164,6.085,5.913,64347.41,63634.27,54149.93,0.5,600180
9/8/2021,14.98,14.99,14.91,14.86,7661.05,-0.06,-0.4,14.888,14.979,14.877,6747.86,10682.49,10759.62,0.45,600182
9/8/2021,23.95,24.31,23.55,23.45,426605.91,-0.15,-0.63,23.33,23.689,24.744,335297.44,335245.09,356892.42,1.85,600183
9/8/2021,11.8,12.13,11.98,11.78,80673.68,0.2,1.7,11.884,11.979,12.02,65680.53,80178,86828.31,1.59,600184
9/8/2021,8.72,8.83,8.64,8.51,804435,-0.34,-3.79,9.618,9.751,9.445,908219.46,732080.14,750402.63,4.14,600185
9/8/2021,3.52,3.87,3.87,3.5,1020718.12,0.35,9.94,3.404,3.303,3.248,457574.74,358488,356048.63,7.4,600186
9/8/2021,2.52,2.6,2.58,2.52,346992,0.06,2.38,2.52,2.488,2.421,258844.74,265655.41,219330.1,2.1,600187
9/8/2021,26.95,28.55,26.76,26.19,390071.84,-0.19,-0.7,26.522,24.739,20.989,432980.87,491155.79,403100.69,1.31,600188
9/8/2021,9.24,9.43,9.34,9.2,107864.24,0.1,1.08,9.246,9.173,9.394,124372.19,104561.68,112610.48,1.57,600189
9/8/2021,2.86,2.91,2.9,2.85,87153.09,0.04,1.4,2.842,2.799,2.748,69233.94,51171.8,38738.71,0.49,600190
9/8/2021,3.48,3.52,3.27,3.22,228743.98,-0.11,-3.25,3.196,3.075,2.996,103743.74,83162.97,63817.57,4.72,600191
9/8/2021,4.87,4.96,4.95,4.83,59586.41,0.09,1.85,4.888,4.844,4.853,55145.16,54391.69,71018.02,1.35,600192
9/8/2021,7.96,8.09,8.03,7.91,49473.89,0.08,1.01,7.988,7.884,8.013,95932.03,86175.2,80433.58,1.16,600193
9/8/2021,10.31,10.51,10.37,10.3,148345.44,0.04,0.39,10.06,9.905,9.987,166353.74,145408.06,109543.66,1.46,600195
9/8/2021,63.9,65.17,64.19,63.64,282505.03,0.39,0.61,63.484,64.213,66.485,311939.56,332004.52,416667.71,1.4,600196
9/8/2021,29.2,29.79,29.48,28.67,250352.78,0,0,28.21,26.603,25.402,316188.76,243869.13,197168.14,5.3,600197
9/8/2021,8.28,8.28,8.24,8.16,83389.02,0.02,0.24,8.258,8.218,8.022,128855.62,155218.34,140097.94,0.95,600198
9/8/2021,14.08,14.58,14.44,13.89,364146.5,0.4,2.85,13.944,13.484,13.795,397791.68,289780.37,223670.88,6,600199
9/8/2021,7.08,7.12,7.08,7.04,91382.06,0,0,6.998,6.956,7.088,131682.46,141324.02,141660.78,1.28,600200
9/8/2021,15.75,16.06,15.96,15.7,103187.85,0.21,1.33,15.75,15.865,16.897,99784.91,110116.27,103831.9,0.92,600201
9/8/2021,4.9,4.99,4.9,4.83,111358.98,-0.02,-0.41,4.722,4.567,4.338,129264.36,117380.21,120268.36,2.9,600202
9/8/2021,9.13,9.25,9.2,9.06,47364.83,0.1,1.1,9.118,9.052,9.196,43664.77,56539.81,106229.49,1.04,600203
9/8/2021,15.07,15.19,14.83,14.82,269625.97,-0.3,-1.98,15.084,15.513,15.813,263950.82,336345.53,406258.91,3.19,600206
9/8/2021,7.7,7.89,7.72,7.6,200172.05,0.19,2.52,7.502,7.353,7.476,170347.94,145985.54,165718.5,2.32,600207
9/8/2021,3.12,3.16,3.12,3.11,678454.38,0.01,0.32,3.122,3.085,2.982,922938.39,1080799.04,852268.03,0.79,600208
9/8/2021,4.25,4.47,4.47,4.24,40987.08,0.21,4.93,4.224,4.126,4.248,39696.23,29802.28,28512.77,0.93,600209
9/8/2021,8.89,9.11,8.91,8.67,532373.19,0.15,1.71,8.838,8.811,8.988,706840,876847.57,757239.09,3.51,600210
9/8/2021,50.75,51.11,50.38,50.21,22017.72,-0.31,-0.61,50.09,50.514,53.553,30597.32,34817.01,31431.89,0.89,600211
9/8/2021,4.08,4.32,4.26,4.06,138023.3,0.16,3.9,4.09,4.038,3.969,72833.51,68172.86,63808.64,2.7,600212
9/8/2021,8.38,8.44,8.38,8.28,54235.88,-0.03,-0.36,8.442,8.6,8.287,66448.9,101927.88,126331.86,2.47,600213
9/8/2021,7.18,7.27,7.21,7.12,24740.26,0.01,0.14,7.088,6.921,6.636,33137.38,39066.39,30893.45,0.53,600215
9/8/2021,17,17.47,17.32,16.8,433551.72,0.34,2,16.896,16.576,16.812,385628.83,391349.09,403416.11,4.49,600216
9/8/2021,6.13,6.15,6.04,5.97,352250.12,-0.06,-0.98,6.042,5.917,5.73,457525.94,586549.59,412215.97,2.54,600217
9/8/2021,14.2,14.47,13.88,13.82,367224.34,-0.33,-2.32,14.042,14.461,15.158,405380.72,539135.75,782391.39,9.96,600218
9/8/2021,5.39,5.75,5.57,5.31,3090384.75,0.18,3.34,5.302,5.461,5.547,2441983.22,2535243.86,2406012.62,2.59,600219
9/8/2021,2.53,2.56,2.53,2.49,286800,0,0,2.416,2.337,2.204,277093.8,292867,197023.01,1.61,600220
9/8/2021,2.51,2.58,2.41,2.37,4449292,-0.05,-2.03,2.326,2.225,2.157,2277733.19,1798004.88,1407431.24,2.71,600221
9/8/2021,9.59,9.8,9.51,9.27,165842.14,-0.07,-0.73,9.324,9.13,8.663,167062.88,168857.93,169296.08,2.89,600222
9/8/2021,13.27,14.08,13.95,13.22,345766.56,0.64,4.81,13.436,12.854,12.482,348506.7,296789.27,322362.3,3.43,600223
9/8/2021,3.01,3.11,3.1,2.98,63897.06,0.11,3.68,2.934,2.919,3.027,48599.91,59840.6,70655.58,0.68,600225
9/8/2021,2.51,2.53,2.51,2.47,121236.4,0.01,0.4,2.528,2.561,2.535,152773.82,181753.46,180778.39,0.39,600226
9/8/2021,3.61,3.75,3.73,3.59,300697.75,0.11,3.04,3.596,3.596,3.502,228674.43,244458.82,220555.03,2.35,600227
9/8/2021,7.39,7.67,7.64,7.3,36842.27,0.33,4.51,7.32,7.407,7.592,25595.84,25076.45,21578.52,1.53,600228
9/8/2021,5.87,6.13,6.1,5.82,80998.68,0.25,4.27,5.846,5.798,5.748,38390.89,32764.8,27155.44,1.15,600229
9/8/2021,18.37,20.22,20.22,18.16,335217,1.84,10.01,19.132,19.168,18.345,312185.57,324079.11,287493.04,8.14,600230
9/8/2021,3.65,3.79,3.7,3.62,536266.25,0.02,0.54,3.582,3.512,3.388,547598.22,525175.03,446431.32,1.88,600231
9/8/2021,5.5,5.55,5.55,5.47,26206,0.05,0.91,5.456,5.456,5.44,20211.9,21715.03,25602.61,0.72,600232
9/8/2021,11.61,11.63,11.32,11.2,281137.25,-0.4,-3.41,11.272,10.417,9.833,505126.38,356214.76,213110.43,0.89,600233
9/8/2021,11.88,12.15,12.12,11.75,9047.01,0.31,2.62,12.012,12.135,12.598,11183.49,8533.47,7831.96,0.45,600234
9/8/2021,5.24,5.37,5.35,5.22,99497.37,0.11,2.1,5.222,5.149,5.068,81411.25,74643.28,55462.88,2.83,600235
9/8/2021,6.14,6.65,6.5,6.1,342696.09,0.33,5.35,6,5.629,5.389,272084.1,163356.95,112569.59,0.43,600236
9/8/2021,6.28,6.36,6.34,6.25,157239.8,0.06,0.95,6.28,6.4,6.527,147736.55,207699.8,232859.82,2.79,600237
9/8/2021,17.97,18.1,17.68,17.61,222925.31,-0.32,-1.78,17.476,17.337,18.252,317710.18,288532.54,288496.46,5.01,600238
9/8/2021,2.14,2.15,2.13,2.12,112502.34,-0.01,-0.47,2.146,2.131,2.079,117259.7,132862.28,143117.03,0.7,600239
9/8/2021,7.63,7.8,7.45,7.4,46363.67,-0.05,-0.67,7.322,7.553,7.385,39499.32,52486.22,38107.29,1.58,600241
9/8/2021,2.66,2.74,2.68,2.64,90685.89,0.01,0.38,2.646,2.63,2.615,94688.02,80503.53,66082.45,2.01,600242
9/8/2021,6.25,6.25,6.06,5.96,386302.41,-0.26,-4.11,6.474,6.183,5.062,599872.1,580358.89,331620.33,8.8,600243
9/8/2021,10.13,10.16,9.87,9.83,198412.11,-0.26,-2.57,10.2,9.793,9.229,280790.12,268578.22,214559.17,0.97,600246
9/8/2021,5.59,5.78,5.64,5.56,225788.45,0.03,0.54,5.596,5.441,5.189,264043.54,300175.11,285362.81,3.44,600248
9/8/2021,4.85,4.94,4.93,4.82,63568.12,0.07,1.44,4.822,4.76,4.739,50681.28,55341.5,57116.96,1.16,600249
9/8/2021,4.83,4.95,4.93,4.81,30544.08,0.08,1.65,4.806,4.726,4.637,25258.64,23156.89,17208.03,1.13,600250
9/8/2021,10.31,10.63,10.46,10.08,566744.94,0.25,2.45,9.768,9.571,9.491,376025.02,322364.16,320799.51,7.29,600251
9/8/2021,3.39,3.46,3.44,3.37,598781.25,0.05,1.48,3.342,3.217,3.189,727780.46,513098,422022.83,1.72,600252
9/8/2021,2.4,2.51,2.49,2.39,851347.94,0.09,3.75,2.416,2.429,2.412,582804.63,628679.75,614216.23,4.81,600255
9/8/2021,7.29,7.29,7.2,7.02,1802622.88,-0.08,-1.1,7.048,6.422,5.683,2366402.28,2245216.05,2194752.08,2.67,600256
9/8/2021,6.83,7.08,7.02,6.73,431241.03,0.21,3.08,6.826,6.684,6.365,334275.53,383592.41,267669.02,8.96,600257
9/8/2021,25.49,25.7,25.18,24.96,100556.07,-0.01,-0.04,25.276,24.268,23.089,155929.05,144675.62,135569.64,1.02,600258
9/8/2021,49.11,51.09,49.65,49.02,137378.2,0.28,0.57,49.042,51.27,49.209,176177.6,233772.7,219920.5,4.55,600259
9/8/2021,2.86,3,3,2.85,936809.94,0.14,4.89,2.92,3.044,3.79,731924.97,642556.85,496868.98,9.42,600260
9/8/2021,3.83,3.89,3.87,3.79,213498.91,0.04,1.04,3.802,3.766,3.721,118071.88,98234.23,82137.28,1.47,600261
9/8/2021,15.11,15.25,14.95,14.86,11684.46,-0.15,-0.99,14.936,14.968,14.52,16777.44,18867.89,18846.03,0.69,600262
9/8/2021,22.85,23.39,22.41,22.31,5993.64,0.07,0.31,21.79,23.136,24.425,6854.05,5631.66,5183.28,0.46,600265
9/8/2021,4.98,4.99,4.9,4.88,374463.84,-0.08,-1.61,4.922,4.707,4.565,602453.7,361596.42,211134.81,1.66,600266
9/8/2021,12.35,12.59,12.59,12.35,89284.68,0.26,2.11,12.262,12.225,12.503,62522.39,65416.34,62088.06,0.92,600267
9/8/2021,8.46,8.82,8.79,8.42,415375.16,0.35,4.15,8.632,8.48,8.522,410123.6,432113.63,528035.32,5.97,600268
9/8/2021,3.52,3.58,3.58,3.51,186158.94,0.07,1.99,3.484,3.437,3.376,149576.57,131000.42,92258.95,0.8,600269
9/8/2021,12.53,12.81,12.77,12.5,184775.69,0.23,1.83,12.488,12.241,12.165,156630.27,139627.92,119464.06,1,600271
9/8/2021,7.3,7.36,7.24,7.14,38636.93,-0.07,-0.96,7.138,7.025,7.031,21078.99,16579.46,12285.25,2.41,600272
9/8/2021,12.4,13.01,13.01,12.16,1418096.5,1.18,9.97,11.384,10.999,10.69,542672.21,416448.28,389735.69,9.9,600273
9/8/2021,3.2,3.23,3.18,3.16,31645,-0.03,-0.94,3.194,3.239,3.234,33774.6,41438.64,36514.52,0.62,600275
9/8/2021,48.08,48.32,47.75,47.6,331068.72,-0.33,-0.69,47.178,46.464,49.364,522957.16,562903.64,599900.25,0.52,600276
9/8/2021,4.1,4.21,4.11,4.03,1673200.38,0.06,1.48,3.988,3.796,3.964,1909725.48,1809489.16,1325870.33,4.7,600277
9/8/2021,7.93,8.02,7.98,7.91,40076.82,0.07,0.89,7.964,7.84,7.729,73386.7,51588.7,33506.64,0.59,600278
9/8/2021,3.79,3.82,3.82,3.76,59343.04,0.04,1.06,3.756,3.684,3.612,53039.15,38737.53,27844.49,0.68,600279
9/8/2021,3,3.1,3.1,3,80019.2,0.1,3.33,3.024,3.019,2.971,46258.85,45703.21,42466.84,0.7,600280
9/8/2021,8.5,8.66,8.37,8.25,259345.77,-0.06,-0.71,8.156,7.859,6.702,327852.7,423185.03,269897.06,5.04,600281
9/8/2021,4.71,4.85,4.8,4.59,1257476.75,0.03,0.63,4.532,4.381,4.218,1118422.36,957168.75,904217.26,2.82,600282
9/8/2021,11.23,11.61,11.47,11.2,57516,0.14,1.24,11.25,10.984,10.661,67014.52,60191.63,44841.95,1.63,600283
9/8/2021,6.31,6.39,6.37,6.31,92600.34,0.03,0.47,6.316,6.208,6.133,107048.8,94693.04,73809.61,0.95,600284
9/8/2021,10.66,10.9,10.72,10.59,109331.52,0.04,0.38,10.536,10.295,10.195,135579.66,103484.64,93766.73,1.97,600285
9/8/2021,4.41,4.62,4.59,4.4,81784.01,0.17,3.85,4.418,4.361,4.429,39449.01,34772.95,41417.67,1.87,600287
9/8/2021,12.88,13.06,13.02,12.78,69240.87,0.15,1.17,12.494,12.066,12.027,61643.26,53830.13,56303.77,1.59,600288
9/8/2021,3.56,3.62,3.59,3.56,31444,0.01,0.28,3.628,3.678,3.625,86058.77,68875.79,77306.38,0.56,600289
9/8/2021,3.32,3.45,3.45,3.29,158779,0.14,4.23,3.304,3.209,3.155,163812.2,186127.92,192087.32,2.09,600290
9/8/2021,4.12,4.12,3.99,3.9,780170.38,0.07,1.79,3.754,3.581,3.492,267346.2,249768.64,232215.63,7.14,600291
9/8/2021,8.06,8.31,8.25,8.06,146616.95,0.14,1.73,8.126,7.956,7.784,160004.6,168737.27,136124.87,1.88,600292
9/8/2021,4.93,4.93,4.74,4.54,1118860.25,0.03,0.64,4.52,4.45,4.503,714789.18,704293.27,660692.66,9.64,600293
9/8/2021,34.84,38.32,38.32,34.29,371410.19,3.48,9.99,36.182,34.697,29.296,350788.01,358995.63,297716.31,5.69,600295
9/8/2021,3.2,3.3,3.27,3.17,1265313.25,0.06,1.87,3.08,2.989,2.884,1180477.7,1069058.36,937489.4,1.56,600297
9/8/2021,44.65,45.25,44.48,44.01,54110.32,-0.36,-0.8,44.492,43.202,45.224,73121.38,100304.23,75318.07,0.66,600298
9/8/2021,12.03,12.11,11.88,11.75,95233.82,-0.17,-1.41,11.738,11.531,11.347,77715.53,63673.93,53180.85,0.36,600299
9/8/2021,3.53,3.57,3.56,3.52,159718.55,0.02,0.56,3.532,3.54,3.591,138823.39,165606.33,159078.24,0.96,600300
9/8/2021,15.17,15.17,14.74,14.45,161486.81,0.29,2.01,13.782,12.772,10.984,118541.53,99482.36,68235.35,6.87,600301
9/8/2021,4.73,4.79,4.76,4.66,49459.07,0.06,1.28,4.59,4.478,4.344,47467.53,42768.31,31500.99,1.43,600302
9/8/2021,4.05,4.12,4.11,4.02,103613,0.06,1.48,4.02,4.03,4.099,95814.94,103353.73,124031.75,1.53,600303
9/8/2021,14.68,14.85,14.52,14.48,148651.89,-0.22,-1.49,14.468,14.342,15.186,147180.3,152855.97,136874.27,1.48,600305
9/8/2021,12.99,13.65,13.65,12.99,8566.1,0.65,5,13.168,13.147,13.632,5093.83,7226.11,8301.32,0.48,600306
9/8/2021,3.25,3.3,3.28,3.19,1924879.75,0.03,0.92,3.186,3.135,3.035,2031423.77,1957792.84,1877353.53,3.07,600307
9/8/2021,6.5,7.11,7.11,6.46,1144995.5,0.65,10.06,6.48,6.271,6.022,472180.98,400569.85,305469.86,9.81,600308
9/8/2021,106,109.68,108.42,105.6,260921.94,1.39,1.3,105.598,105.983,107.485,230797.96,218474.22,222152.68,1.83,600309
9/8/2021,4.92,4.92,4.92,4.92,121222.29,0.45,10.07,4.492,4.311,4.219,156404.79,102825.07,74482.77,1.46,600310
9/8/2021,2.16,2.23,2.2,2.14,129439.56,0.04,1.85,2.178,2.193,2.285,90051.7,100974.76,108917.48,1.94,600311
9/8/2021,7.87,8.1,7.95,7.81,401448.09,0.13,1.66,7.936,7.681,7.26,592923.45,538033.52,374063.05,2.96,600312
9/8/2021,4.87,5.13,5.08,4.87,530208.94,0.21,4.31,4.88,4.797,4.89,335386.09,291403.57,320940.27,5.2,600313
9/8/2021,46.58,47.6,45.95,45.7,47532.17,-0.62,-1.33,46.02,46.913,48.415,53535.05,49352.32,55273.46,0.71,600315
9/8/2021,43.26,43.74,43.46,42.51,197785.55,0.07,0.16,43.814,44.496,45.38,264974.1,359391.53,340326.4,2.76,600316
9/8/2021,7.29,7.75,7.38,7.24,244176.08,0.14,1.93,7.208,7.003,7.009,171299.04,128681.63,115556.03,4.77,600318
9/8/2021,5.7,5.88,5.79,5.68,17633,0.09,1.58,5.72,5.659,5.51,13939.46,16618.12,16804.48,0.56,600319
9/8/2021,4.11,4.28,4.24,4.05,750697.12,0.14,3.42,4.086,4.003,3.809,671333.17,726227.93,693357.14,2.26,600320
9/8/2021,2.15,2.22,2.2,2.13,362984.34,0.05,2.33,2.124,2.075,2.038,255519.9,203904.44,150058.44,2.4,600321
9/8/2021,1.9,1.96,1.96,1.89,174960.8,0.06,3.16,1.888,1.857,1.828,136132.74,108607.45,79800.18,1.58,600322
9/8/2021,23.94,24.98,24.61,23.94,135685.83,0.62,2.58,24.056,23.305,23.252,100590,95579.99,103567.61,1.66,600323
9/8/2021,6.44,6.52,6.42,6.37,417801.12,-0.05,-0.77,6.524,6.523,6.26,666156.35,517443.01,402228.45,1.98,600325
9/8/2021,6.82,7.04,7,6.81,360385.75,0.13,1.89,6.836,6.697,6.664,226838.98,200526.71,167290.92,3.92,600326
9/8/2021,5.81,6.39,6.39,5.79,386553.47,0.58,9.98,5.868,5.769,5.837,195263.75,159422.67,162855.09,4.37,600327
9/8/2021,24.5,25.77,25.77,24.24,929946.31,2.34,9.99,22.546,21.945,19.539,649481.97,813674.61,652477.15,16.62,600328
9/8/2021,32.27,32.49,30.96,30.95,61768.78,-1.53,-4.71,31.638,31.961,30.94,59899.72,60495.27,80995.17,1.09,600329
9/8/2021,13.03,13.35,13.1,12.95,595273.31,0.05,0.38,12.554,12.712,12.437,528625.33,575891.61,580142.08,5.97,600330
9/8/2021,4.52,4.72,4.49,4.41,1582195.88,-0.04,-0.88,4.47,4.274,3.796,2057011.6,2366772.73,2147264.3,7.79,600331
9/8/2021,31.18,31.9,31.39,30.98,143454.53,0.08,0.26,30.894,30.307,30.39,131214.64,115331.98,116510.55,1.02,600332
9/8/2021,6.21,6.39,6.22,6.18,327037.03,-0.13,-2.05,6.19,6.038,5.584,421481.97,426657.65,338900.39,5.37,600333
9/8/2021,5.5,5.65,5.61,5.43,196109.34,0.13,2.37,5.382,5.248,5.217,140055.75,104964.86,81736.86,1.9,600335
9/8/2021,5.93,6.01,5.99,5.88,148805.19,0.04,0.67,5.95,5.837,5.887,121698.45,107931.19,111696.73,1.9,600336
9/8/2021,3.41,3.54,3.52,3.4,381409.03,0.11,3.23,3.398,3.409,3.514,279257.39,325293.32,244912.82,2.34,600337
9/8/2021,44.81,47.81,44.8,44.08,625555.25,-0.09,-0.2,43.816,43.753,41.102,676507.89,755975.81,782899.27,6.84,600338
9/8/2021,3.16,3.2,3.18,3.11,758833.12,0,0,3.086,2.995,2.861,844553.81,759139.69,500615.1,1.36,600339
9/8/2021,4.05,4.14,4.14,4.04,539863.62,0.08,1.97,4.09,3.983,4.053,551472.55,604196.94,508394.52,1.39,600340
9/8/2021,11.27,11.58,11.56,11.17,267094.12,0.3,2.66,11.386,10.964,10.704,341229.4,275910.29,246842.69,4.19,600343
9/8/2021,16.41,17.03,16.88,16.3,45172.88,0.5,3.05,16.302,15.793,15.619,31676.19,28621.9,22528,2.28,600345
9/8/2021,27.62,28.77,28.16,27.55,512530.28,0.3,1.08,27.706,27.275,28.288,527327.69,478727.83,489478.31,0.73,600346
9/8/2021,13.89,14.48,13.75,13.65,1035930.56,-0.39,-2.76,13.602,13.776,12.76,1037307.14,1283400.94,1459179.26,4.31,600348
9/8/2021,5.83,5.87,5.86,5.78,68626.02,0.06,1.03,5.756,5.73,5.745,65311.49,74706.96,69616.44,0.14,600350
9/8/2021,8.7,8.94,8.77,8.4,469718.47,0.22,2.57,7.974,7.376,6.748,462889.07,416945.82,338933.82,6.1,600351
9/8/2021,14.22,14.69,14.54,14.12,1278686.88,0.26,1.82,13.97,13.709,13.367,964755.1,846844.8,680057.16,3.93,600352
9/8/2021,5.89,5.91,5.89,5.82,101477.09,-0.03,-0.51,5.8,5.791,5.797,98543.33,109111.63,160120.11,1.87,600353
9/8/2021,5.89,6.32,6.28,5.84,527461,0.41,6.99,5.894,5.786,5.96,292015.38,243968.22,273493.39,9.99,600354
9/8/2021,3.13,3.44,3.29,3.11,873075.94,0.16,5.11,3.142,3.074,3.009,381266.06,305558.59,251676.5,17.74,600355
9/8/2021,7.29,7.5,7.42,7.28,28968.71,0.14,1.92,7.252,7.191,7.065,19770.77,17312.79,15367.05,0.97,600356
9/8/2021,4.22,4.38,4.31,4.21,72605.9,0.11,2.62,4.24,4.182,3.857,95723.73,102002.88,70628.58,1.44,600358
9/8/2021,7.39,7.64,7.6,7.35,177380.09,0.23,3.12,7.414,7.33,7.373,94871.3,78665.85,79725.43,4.65,600359
9/8/2021,9.09,9.55,9.45,9.01,684565,0.36,3.96,9.108,9.389,10.039,443300.04,557692.09,764812.72,7.13,600360
9/8/2021,6.3,6.76,6.6,6.21,440190.16,0.32,5.1,6.304,6.367,6.251,304307.74,403311.75,442984.34,6.61,600361
9/8/2021,26.19,26.97,26.58,25.83,740616.81,0.22,0.83,26.182,25.832,24.902,751366.22,764181.29,612106.05,3.57,600362
9/8/2021,32.08,32.36,31.83,31.68,80655.77,-0.1,-0.31,32.072,32.785,34.047,97456.67,126981.53,174289.89,1.82,600363
9/8/2021,4.11,4.13,4.07,4.06,94473,-0.06,-1.45,4.126,4.011,3.945,165271.7,145618.74,144076.13,2.36,600365
9/8/2021,12.35,12.52,12.19,12.12,425863.53,-0.3,-2.4,12.18,12.705,12.485,613639.99,801244.45,986384.79,4.31,600366
9/8/2021,20.15,20.15,20.15,20.15,30410.72,1.83,9.99,18.302,18.142,16.489,222179.54,307241.32,283157.32,1.04,600367
9/8/2021,4.02,4.12,4.12,4,191924.66,0.1,2.49,4.022,3.964,3.863,166478.98,172847.95,158488.4,1.71,600368
9/8/2021,5.39,5.56,5.54,5.36,1207396.88,0.16,2.97,5.338,5.225,5.129,1111695.95,1096477.22,1399604.46,2.14,600369
9/8/2021,3.15,3.2,3.19,3.15,80397.91,0.04,1.27,3.102,3.047,2.988,66023.48,59525.64,45129.45,1.01,600370
9/8/2021,11.25,11.63,11.54,11.23,75217.48,0.29,2.58,11.278,11.161,11.524,43251.26,45644.98,59926.84,2.57,600371
9/8/2021,17.94,18.18,17.93,17.72,180024.38,0.03,0.17,18.042,18.708,18.713,210741.78,278679.19,286097.82,0.93,600372
9/8/2021,11.09,11.44,11.39,11,165318.73,0.3,2.71,10.976,10.64,10.261,139059.36,116877.09,89723.05,1.22,600373
9/8/2021,9.37,9.41,9.23,9.18,100394.37,-0.09,-0.97,9.386,9.626,9.984,113254.7,196251.45,198852.87,1.81,600375
9/8/2021,5.37,5.42,5.41,5.33,58342.99,0.08,1.5,5.338,5.246,5.116,68031.73,70523.05,57553.37,0.23,600376
9/8/2021,8.87,8.87,8.83,8.79,113865.03,0.03,0.34,8.732,8.671,8.612,105104.08,99962.25,89204.66,0.3,600377
9/8/2021,32.97,33.56,32.44,32.21,51247.02,-0.63,-1.91,32.284,34.563,34.442,71692.21,67472.19,61427.7,1.44,600378
9/8/2021,14.75,15.95,15.31,14.37,273849.25,0.6,4.08,14.65,13.354,12.716,348354.8,313707.71,281999.54,8.29,600379
9/8/2021,12.05,12.25,12.21,11.97,159124.88,0.17,1.41,11.86,11.598,11.764,160668.82,173464.31,148541.35,0.81,600380
9/8/2021,8.05,8.15,8.13,8.01,137174.52,0.07,0.87,8.002,7.894,8.253,164767.27,153776.78,183123.81,2.34,600381
9/8/2021,3.86,3.9,3.88,3.82,144209.31,0.04,1.04,3.746,3.713,3.727,87727.29,75023.04,65875.44,1.83,600382
9/8/2021,11.36,11.45,11.26,11.18,280754.38,-0.02,-0.18,11.46,10.936,10.922,517514.57,536204.82,497599.36,0.62,600383
9/8/2021,6,6.25,6.14,5.97,9749.76,0.14,2.33,6.034,6.004,5.841,6383.99,6448.69,4748.39,0.68,600385
9/8/2021,3.83,3.87,3.84,3.76,107857.39,-0.01,-0.26,3.732,3.612,3.483,136788.23,129286.7,84884.95,1.34,600386
9/8/2021,5.12,5.22,5.18,5.12,21417.75,0.01,0.19,5.15,5.039,4.946,37114.9,42052.67,32272.91,0.53,600387
9/8/2021,9.26,9.44,9.34,9.26,142237.44,0.02,0.21,9.316,9.181,9.032,172130.83,179567.6,132041.64,1.33,600388
9/8/2021,49.78,52.52,51.6,48.75,70065.37,1.35,2.69,49.986,47.965,44.625,88147.77,76401.47,67660.28,2.36,600389
9/8/2021,6.18,6.32,6.24,6.15,501594.81,0.05,0.81,6.176,6.072,5.86,484696.07,496778.34,410423.26,1.12,600390
9/8/2021,21.74,22.09,21.61,21.47,64702.3,-0.12,-0.55,21.64,22.255,22.793,79409.8,112323.65,130969.32,1.96,600391
9/8/2021,24,24.38,23.68,23.46,710259.25,-0.35,-1.46,23.728,24.92,24.48,1053815.81,1382966.95,1240018.15,4.05,600392
9/8/2021,1.52,1.53,1.53,1.5,410708.84,0.01,0.66,1.518,1.5,1.454,508468.41,609845.69,466887.04,4.16,600393
9/8/2021,10.89,11.76,11.57,10.7,429741.38,0.88,8.23,10.596,10.121,9.69,339833.98,353098,369099.15,2.6,600395
9/8/2021,2.53,2.72,2.66,2.52,462934.66,0.13,5.14,2.524,2.41,2.347,306005.13,202737.01,139599.28,3.14,600396
9/8/2021,3.4,3.6,3.52,3.37,596221.19,0.06,1.73,3.418,3.316,3.124,574861.82,467624.63,333480.22,6.02,600397
9/8/2021,7.86,7.99,7.89,7.83,126070.56,0.03,0.38,7.676,7.598,7.315,125600.43,157685.93,118012.43,0.29,600398
9/8/2021,24.49,24.49,23.85,23.6,323487.75,-0.74,-3.01,24.548,25.385,25.489,373422.94,339385.19,382644.24,1.64,600399
9/8/2021,2.96,3,2.99,2.95,126963.29,0.03,1.01,2.944,2.92,2.905,111316.38,91325.79,74356.5,0.5,600400
9/8/2021,4.16,4.35,4.22,4.13,198520.16,-0.03,-0.71,4.156,4.101,3.866,171364.65,215804.68,150950.46,0.83,600403
9/8/2021,6.45,6.52,6.49,6.42,155095.53,0.04,0.62,6.402,6.443,6.768,182755.74,246383.45,347606.23,2.8,600405
9/8/2021,33.34,34.27,31.9,31.11,706670.06,-1.58,-4.72,34.392,33.666,32.455,613822.68,491905.41,383161.77,1.28,600406
9/8/2021,4.17,4.36,4.27,4.16,368317.72,0.06,1.43,4.11,4.169,4.012,307322.8,423112.5,310666.47,3.66,600408
9/8/2021,15.45,16.15,16.08,15.1,1170967,0.76,4.96,15.322,14.974,14.344,1104931.33,1130182.09,956478.94,5.67,600409
9/8/2021,7.13,7.21,7.18,7.09,163287.59,0.04,0.56,7.07,6.948,6.943,207807.27,166233.18,143227.99,1.49,600410
9/8/2021,4.76,4.81,4.78,4.72,338370.69,0.02,0.42,4.7,4.613,4.604,316875.83,273255.28,229017.24,0.62,600415
9/8/2021,16.8,17.7,17.1,16.75,155062.69,0.27,1.6,16.758,16.839,16.95,141113.71,157301.73,166356.02,1.64,600416
9/8/2021,17,17.59,17.3,16.83,972134,0.12,0.7,16.66,16.69,16.436,1106308.79,1286563.73,1260582.36,5.13,600418
9/8/2021,12.35,12.44,12.44,12.3,33615,0.08,0.65,12.266,12.078,12.05,31274.55,31894.55,27056.26,1.25,600419
9/8/2021,10.1,10.17,10.11,10.02,80617.38,0.02,0.2,9.858,9.65,9.609,83585.39,70983.45,58739.39,0.79,600420
9/8/2021,9.16,9.3,9.25,9.06,20798.23,0.07,0.76,9.254,9.602,11.333,31997.1,38786.59,29070.62,1.06,600421
9/8/2021,9.68,9.8,9.76,9.68,119530.67,0.04,0.41,9.564,9.337,9.219,138395.61,114140.76,107566.54,1.58,600422
9/8/2021,4.09,4.24,4.04,3.95,285119.5,-0.05,-1.22,3.848,3.725,3.64,133586.83,94850.17,70343.06,3.57,600423
9/8/2021,4.26,4.42,4.29,4.24,562553.81,0.04,0.94,4.236,4.039,3.886,599192.32,520786.77,522970.06,4.08,600425
9/8/2021,36.95,39.68,39,36.6,667570.19,1.96,5.29,36.694,36.46,35.683,490016.69,496280.8,450840.75,3.17,600426
9/8/2021,6.29,6.59,6.58,6.22,727247.44,0.26,4.11,6.142,6.184,6.157,520926.63,718738.54,669887.61,3.39,600428
9/8/2021,5.56,5.75,5.7,5.55,138087,0.13,2.33,5.508,5.41,5.259,102134.84,113717.01,99680.59,0.92,600429
9/8/2021,5.11,5.29,5.26,5.08,305362.53,0.15,2.94,5.054,5.072,5.243,199626.06,259266.31,216356.9,2.09,600433
9/8/2021,9.61,9.69,9.46,9.36,516421.38,-0.14,-1.46,9.344,9.233,8.672,546119.19,762521.2,506525.08,3.47,600435
9/8/2021,346.04,348.5,341.22,338.68,26736.21,-2.44,-0.71,338.638,346.515,360.704,44078.38,40743.72,41920.99,0.44,600436
9/8/2021,57,58.24,55.12,54.51,789842.94,-2.06,-3.6,57.68,57.78,53.388,1028950.14,1150273.91,1108216.19,1.75,600438
9/8/2021,2.98,3.09,3.09,2.96,263602.72,0.11,3.69,2.958,2.903,2.851,171818,159333.66,121423.55,2.33,600439
9/8/2021,14.6,16.2,15.8,14.41,170820.56,0.98,6.61,14.288,13.872,13.303,112694.16,99052.92,79882.56,11.67,600444
9/8/2021,15.06,15.5,14.78,14.73,315993.28,-0.33,-2.18,14.562,13.771,13.448,371028.08,274257.34,178471,3.69,600446
9/8/2021,3.32,3.37,3.36,3.3,117291.52,0.04,1.21,3.29,3.252,3.215,94898.84,85251.51,72769.22,1.86,600448
9/8/2021,12.35,12.62,12.31,12.29,78316.32,-0.01,-0.08,12.17,11.863,11.736,75467.11,68590.44,60215.15,1.64,600449
9/8/2021,16.93,17.54,17.45,16.79,214861.58,0.55,3.25,16.872,16.43,16.512,195247.66,153121.46,187681.93,3.5,600452
9/8/2021,19.91,20.14,19.97,19.73,6167,-0.08,-0.4,19.574,19.339,18.808,8852.25,9983.52,8203.53,0.99,600455
9/8/2021,53.79,53.89,51.73,51.38,111780.44,-1.93,-3.6,53.84,54.433,52.445,110828.21,151937.41,148099.2,2.34,600456
9/8/2021,11.24,11.45,11.12,11.09,151289.77,-0.14,-1.24,11.294,10.953,10.68,278182.48,278785.26,239693.34,1.88,600458
9/8/2021,27.93,28.29,27.79,27.58,114528.41,-0.36,-1.28,28.204,29.146,28.961,128881.92,192583.02,208511.81,2.01,600459
9/8/2021,55.96,57.68,56.73,55.64,392668.62,0.48,0.85,55.084,56.216,58.134,479578.52,545786.5,576282.81,2.99,600460
9/8/2021,8.61,8.84,8.73,8.56,88712.09,0.14,1.63,8.592,8.274,7.914,114760.38,114626.31,154213.28,0.97,600461
9/8/2021,2.86,2.93,2.89,2.83,28509.2,0.01,0.35,2.914,2.826,2.707,50904.92,59814.47,78890.09,0.53,600462
9/8/2021,6.95,6.99,6.95,6.82,25433,0.05,0.72,6.82,6.614,6.202,44992.63,45863.07,27139.85,0.85,600463
9/8/2021,2.2,2.34,2.31,2.2,593120.38,0.1,4.53,2.184,2.194,2.335,732738.64,637615.7,482776.96,1.95,600466
9/8/2021,2.61,2.66,2.65,2.59,319429.78,0.04,1.53,2.598,2.568,2.527,198117.3,195639.26,164622.79,2.19,600467
9/8/2021,5.03,5.08,4.92,4.86,160580.78,-0.09,-1.8,4.762,4.76,4.732,204012.52,210744.6,246200.22,1.43,600468
9/8/2021,4.73,4.82,4.8,4.71,54597.4,0.07,1.48,4.686,4.652,4.627,47794.09,49189.47,43403.53,0.97,600469
9/8/2021,7,7.32,7.27,6.89,647693.88,0.22,3.12,6.984,6.903,6.465,604844.88,652571.47,534904.83,12.42,600470
9/8/2021,11.54,11.65,11.57,11.43,61959.33,0.07,0.61,11.428,11.284,11.214,62217.16,65670.12,67304.45,0.88,600475
9/8/2021,10.77,11.15,10.93,10.77,27797.77,0.11,1.02,10.8,10.628,10.544,24613.67,23568.72,20529.89,1.73,600476
9/8/2021,4.22,4.3,4.21,4.18,355682.97,-0.01,-0.24,4.182,4.134,3.978,383455.24,463362.21,319555.13,1.65,600477
9/8/2021,7.83,7.89,7.66,7.62,443435.19,-0.16,-2.05,7.616,7.729,7.371,581604.64,852133.39,775007,2.76,600478
9/8/2021,8.62,8.72,8.7,8.58,54643.6,0.08,0.93,8.552,8.431,8.304,51649.6,46669.08,40098.24,1.31,600479
9/8/2021,9.47,9.47,9.36,9.24,102610.33,0,0,9.248,9.322,9.684,121284.81,125633.07,110741.51,1.34,600480
9/8/2021,11.57,12.06,11.61,11.48,367599.91,0,0,11.412,10.968,9.865,554749.66,574751.98,473694.54,2.26,600481
9/8/2021,19.33,19.63,19.16,19.07,120304.98,-0.19,-0.98,19.124,19.075,18.652,120158.87,139538.04,145605.58,0.59,600482
9/8/2021,15.5,16,15.28,15.15,329300.59,0.24,1.6,14.968,13.874,13.234,385575.7,302714.81,231630.98,1.98,600483
9/8/2021,125,125.88,122.71,121.37,23734.21,-4.84,-3.79,124.34,122.008,125.389,16372.69,18039.55,20820.41,0.77,600486
9/8/2021,13.58,13.83,13.79,13.32,685401.81,0.34,2.53,13.254,12.804,12.683,611896.07,416143.04,326332.41,3,600487
9/8/2021,4.6,4.66,4.61,4.59,48894.53,0.01,0.22,4.6,4.595,4.444,34655.69,48530.42,40874.82,0.45,600488
9/8/2021,8.77,9.04,8.99,8.68,916609.94,0.12,1.35,8.876,8.803,8.528,772429.8,806350.61,695697.18,2.1,600489
9/8/2021,8.28,8.45,8.18,7.95,1997949.62,0.29,3.68,7.556,7.583,7.166,1278618.64,1308225.46,1248540.56,10.03,600490
9/8/2021,6.34,6.62,6.36,6.27,475490.31,0.01,0.16,6.254,5.766,5.024,713542.73,687224.52,377596.17,3.11,600491
9/8/2021,5.12,5.28,5.25,5.08,64408.61,0.13,2.54,5.118,4.996,4.839,38630.12,37370.36,27468.74,2.37,600493
9/8/2021,3.8,3.84,3.8,3.78,134602.3,0,0,3.756,3.722,3.615,156061.19,199567.9,136509.3,1.11,600495
9/8/2021,4.45,4.5,4.43,4.42,492595.19,-0.05,-1.12,4.46,4.264,4.034,878254.86,791135.34,512261.93,2.45,600496
9/8/2021,5.94,6.09,5.99,5.85,1951789.5,0.06,1.01,5.94,5.927,5.622,1793058.43,2083351.01,1920868.97,3.83,600497
9/8/2021,18.63,18.85,18.74,18.59,103133.76,0.11,0.59,18.478,18.383,18.789,87486.98,99605.77,103474.2,0.91,600498
9/8/2021,17.85,18.54,18.05,17.74,494176.69,0.15,0.84,17.802,18.609,18.869,669640.43,774145.93,953784.35,3.13,600499
9/8/2021,11.28,11.65,11.56,11.16,858834.81,0.06,0.52,11.198,10.703,9.735,866355.24,943901.97,622035.66,3.17,600500
9/8/2021,9.98,10.24,10.22,9.98,118555.21,0.19,1.89,10.048,10.03,9.985,89410.9,96868.24,107253.74,2.81,600501
9/8/2021,4.31,4.36,4.33,4.28,271755.28,0.01,0.23,4.292,4.19,4.065,329045.72,332078.4,275697.68,1.58,600502
9/8/2021,3.53,3.6,3.59,3.53,330016.62,0.05,1.41,3.542,3.565,3.466,273003.33,460624.58,388834.44,2.06,600503
9/8/2021,7.75,7.96,7.96,7.66,216606.81,0.37,4.88,7.476,7.18,6.957,147412.16,100096.96,68789.15,5.94,600505
9/8/2021,11.19,11.19,10.77,10.63,51291.63,-0.42,-3.75,11.038,10.498,9.778,41171.77,37136.4,28244.02,3.47,600506
9/8/2021,9.25,9.47,9.34,9.06,704829.56,0.04,0.43,8.846,8.375,7.958,676115.29,671367.74,482884.06,3.27,600507
9/8/2021,11.7,12.36,12.28,11.66,196634.73,0.36,3.02,11.748,11.416,10.872,188071.65,183877.98,155931.69,2.72,600508
9/8/2021,8.1,8.35,8.14,8.02,622036.25,-0.01,-0.12,7.874,7.597,7.423,626010.11,479526.06,446382.28,5.4,600509
9/8/2021,8.91,9.23,8.81,8.81,140474.28,-0.12,-1.34,8.774,8.781,8.761,135674.39,147672.18,178183.48,1.38,600510
9/8/2021,30.69,30.87,30.72,30.42,67677.27,0.02,0.07,30.26,29.762,30.098,78842,64500.76,65615.47,1.22,600511
9/8/2021,3.66,3.77,3.74,3.65,607081.81,0.08,2.19,3.68,3.582,3.501,676301.02,720940.75,613087.4,3.8,600512
9/8/2021,8.65,8.74,8.71,8.6,31908.98,0.05,0.58,8.594,8.5,8.513,26607.52,23060.05,22488.79,1.12,600513
9/8/2021,13.08,13.6,12.38,12.3,386721.88,-0.57,-4.4,12.228,11.949,11.613,223682.39,207948.39,181309.4,2.33,600515
9/8/2021,11.7,12.14,11.92,11.65,1683447.88,0.07,0.59,12.14,12.321,11.187,2500879.23,3014018.24,2814201.66,4.42,600516
9/8/2021,7.13,7.82,7.82,7.09,1022175.62,0.71,9.99,7.282,7.066,6.783,763006.19,748024.3,570120.03,5.38,600517
9/8/2021,3.65,3.67,3.58,3.58,404706.03,-0.09,-2.45,3.584,3.417,3.323,476059.32,455456.96,455154.05,0.92,600518
9/8/2021,1660,1671.18,1633.1,1628.08,33063.67,-35.9,-2.15,1649.958,1620.683,1628.972,43056.98,47798.16,53346.61,0.26,600519
9/8/2021,8.5,8.7,8.67,8.43,30793.11,0.22,2.6,8.464,8.478,8.508,24195.27,25509.84,31423.83,1.94,600520
9/8/2021,17.69,17.93,17.7,17.47,93574.74,0.04,0.23,17.416,16.902,17.417,145451.03,152037.48,141202.65,0.64,600521
9/8/2021,8.63,9.32,9.13,8.56,1549824.88,0.51,5.92,8.614,8.383,8.467,1142457.73,1122233.34,1361526.08,5.05,600522
9/8/2021,16.11,16.13,16.13,15.76,31186.66,0.06,0.37,16.118,16.432,16.389,29133.13,38701.02,54137.06,0.77,600523
9/8/2021,7.32,7.44,7.36,7.26,348828.03,-0.01,-0.14,7.086,7.019,6.95,423224.02,432893.01,459814.79,2.67,600525
9/8/2021,6.23,6.35,6.29,6.22,126867.9,0.05,0.8,6.224,6.047,5.891,159414.92,163940.78,132550.78,2.32,600526
9/8/2021,2.4,2.49,2.48,2.39,593259.25,0.07,2.9,2.39,2.353,2.354,366632.81,299920.64,245504.85,3.43,600527
9/8/2021,8.64,8.69,8.59,8.55,177270.88,-0.03,-0.35,8.58,8.401,8.172,242051.33,232425.67,160367.94,0.8,600528
9/8/2021,35.05,36.36,33.26,33,220518.38,-1.37,-3.96,34.388,33.563,33.182,180903.77,193247.07,130711.94,3.71,600529
9/8/2021,3.54,3.56,3.55,3.5,79465.07,0.02,0.57,3.444,3.322,3.252,102387.74,74407.93,56593.66,1.02,600530
9/8/2021,6.68,7.1,6.97,6.65,939372.75,0.22,3.26,6.7,6.643,6.344,670527.82,739397.14,644567.45,8.62,600531
9/8/2021,17.4,17.46,17.39,17,17601.02,-0.01,-0.06,17.352,17.522,17.365,37012.67,37567.85,44602.1,0.34,600532
9/8/2021,3.23,3.28,3.28,3.22,135145.69,0.04,1.24,3.224,3.177,3.107,148519.7,150790.91,118602.3,1.29,600533
9/8/2021,13.6,13.67,13.59,13.54,93633.67,0,0,13.454,13.278,12.953,106565.1,127773.72,103071.95,0.62,600535
9/8/2021,50.75,50.95,50.63,50.2,54492.01,0.13,0.26,49.998,49.719,51.563,59237.03,69294.61,69216.45,1.1,600536
9/8/2021,4.89,5,4.86,4.83,188514.94,-0.04,-0.82,4.922,4.896,4.83,314329.61,309747.87,249747.73,1.6,600537
9/8/2021,8.15,8.19,8.1,8.04,83011.41,-0.04,-0.49,8.106,8.144,8.026,82839.98,83211.24,101965.34,1.79,600538
9/8/2021,7.09,7.23,7.22,7.05,21805.01,0.14,1.98,7.038,6.932,6.841,19417.02,18339.97,14796.75,0.95,600539
9/8/2021,5.12,5.3,5.22,5.1,205065.39,0.1,1.95,5.114,5.023,5.156,134890.24,114112.33,173442.09,4.35,600540
9/8/2021,7.1,7.22,7.19,7.1,78237.07,0.06,0.84,7.042,6.954,7.005,69961.24,61599.52,60038.39,2.44,600543
9/8/2021,2.81,2.94,2.92,2.8,182999.16,0.11,3.92,2.816,2.775,2.723,104363.84,109617.51,102100.91,0.97,600545
9/8/2021,12.15,13.83,13.17,12.14,1319147.88,0.39,3.05,12.194,11.209,9.577,1494287.22,1731034.88,1332605.46,6.65,600546
9/8/2021,18.17,19.08,18.96,18.17,497209.78,0.56,3.04,18.488,18.231,18.039,295101.54,267786.47,247418.54,1.41,600547
9/8/2021,9.32,9.45,9.38,9.29,46710.99,0.07,0.75,9.172,9.064,8.914,45787.49,49605.47,45199.47,0.33,600548
9/8/2021,28.87,29.92,29.35,28.77,481358.38,0.27,0.93,28.76,29.161,28.443,544708.51,683927.01,612152.25,3.42,600549
9/8/2021,5.04,5.26,5.14,4.98,553924.38,0.11,2.19,5.018,4.92,4.767,469932.5,545839.75,406872.06,3.01,600550
9/8/2021,7.87,8.12,8.07,7.84,50620.87,0.21,2.67,7.832,7.658,7.562,46232.13,38739.81,34180.46,1,600551
9/8/2021,10.83,11.55,10.92,10.81,386261.84,0.09,0.83,10.774,11.004,10.155,290575.49,384672.28,396900.38,5.06,600552
9/8/2021,1.73,1.8,1.76,1.7,301403.84,0.05,2.92,1.73,1.704,1.688,125886.22,91617.65,96841.31,3.1,600555
9/8/2021,9.76,9.83,9.67,9.56,87147.41,-0.08,-0.82,9.554,9.275,9.11,138952.95,110775.26,94885.24,1.83,600556
9/8/2021,10.35,10.5,10.45,10.32,46448.5,0.12,1.16,10.258,10.11,10.052,46493.37,43944.17,46728.37,0.78,600557
9/8/2021,3.63,3.75,3.71,3.6,226302.69,0.08,2.2,3.648,3.638,3.556,191313.95,215277.29,198030.11,2.52,600558
9/8/2021,22.24,22.52,22.3,22.01,289148,0.07,0.32,21.936,21.422,21.49,379672.44,325993.07,289102.39,3.22,600559
9/8/2021,9.97,10.06,10.06,9.9,27645.31,0.12,1.21,9.936,9.934,9.783,26814.11,31876.39,29675.93,1.24,600560
9/8/2021,5.09,5.48,5.44,5.08,57551.89,0.34,6.67,5.138,5.02,4.737,36501.62,46870.29,39360.63,2.43,600561
9/8/2021,14.67,14.67,14.5,14.37,103355.36,-0.15,-1.02,14.544,15.084,15.133,112260.77,226838.14,187851.12,1.56,600562
9/8/2021,166.45,171.98,168,163,26759.14,1.55,0.93,165.226,166.848,181.716,33197.35,42371.16,33591.67,1.19,600563
9/8/2021,2.56,2.63,2.61,2.56,217294.23,0.05,1.95,2.532,2.479,2.462,210365.64,196384.29,147804.17,0.89,600565
9/8/2021,17.11,17.33,17.18,17.06,42769.97,-0.05,-0.29,17.096,16.804,16.025,52586.91,64429.61,63754.25,0.48,600566
9/8/2021,3.6,3.78,3.72,3.59,1673406.12,0.13,3.62,3.566,3.482,3.437,1164339.57,958106.11,700346.47,3.63,600567
9/8/2021,1.91,1.92,1.9,1.89,104871.36,-0.01,-0.52,1.898,1.898,1.855,104037.59,140424.4,113884.4,0.63,600568
9/8/2021,4.17,4.27,4.23,4.08,1290376.75,0.09,2.17,4.068,4.018,3.997,1085481.05,1019580.86,991881.63,5.39,600569
9/8/2021,60,61.73,59.99,58.86,399609.28,0.62,1.04,56.186,53.717,53.722,429997.01,335448.54,275629.37,2.73,600570
9/8/2021,8.6,8.62,8.51,8.25,230223.69,-0.01,-0.12,8.486,7.721,7.157,427379.03,264727.53,150226.09,5.35,600571
9/8/2021,4.28,4.42,4.38,4.27,306358.06,0.09,2.1,4.286,4.221,4.215,199619.94,169318.47,160413.21,1.15,600572
9/8/2021,8.54,8.67,8.65,8.52,42771,0.07,0.82,8.498,8.46,8.642,40683.3,39300.16,40157.53,1.71,600573
9/8/2021,2.4,2.63,2.54,2.4,1139891.75,0.14,5.83,2.412,2.342,2.24,650152.22,590511.25,398690.38,2.93,600575
9/8/2021,5.59,5.67,5.6,5.53,76793.32,0.04,0.72,5.446,5.387,5.117,78926.11,81661.15,77641.7,1.24,600576
9/8/2021,8.61,8.74,8.34,8.21,888115.88,-0.38,-4.36,8.254,8.321,8.687,837636.71,822352.08,779079.75,4.48,600577
9/8/2021,3.08,3.39,3.39,3.07,978959.38,0.31,10.06,3.092,2.914,2.837,857390.69,489433.9,303425.58,1.47,600578
9/8/2021,7.33,7.96,7.96,7.16,272121.97,0.72,9.95,7.196,6.817,6.404,182684.06,139793.17,118520.5,6.64,600579
9/8/2021,15.5,15.55,15.2,15.08,320772.5,-0.23,-1.49,15.308,15.048,14.722,449723.66,431588.91,541387.31,2.44,600580
9/8/2021,8.88,9.2,8.99,8.75,1026077.81,-0.22,-2.39,8.58,8.261,7.798,1176502.45,1066603.86,903766.74,6.69,600581
9/8/2021,5.5,5.52,5.41,5.32,432562.81,-0.04,-0.73,5.37,5.29,4.956,566542.69,768006.6,621949.04,1.05,600582
9/8/2021,4.79,4.83,4.8,4.75,398290.09,-0.01,-0.21,4.686,4.575,4.412,418780.17,371873.24,259633.71,0.9,600583
9/8/2021,33.84,34.18,33.89,33.74,311783.88,0.05,0.15,33.532,33.574,34.225,313416.68,368100.54,421052.57,1.95,600584
9/8/2021,45.15,45.27,44.57,44.1,367724.44,-0.7,-1.55,44.514,42.185,41.803,485431.39,469992.26,379590.27,0.92,600585
9/8/2021,12.52,13.48,13.3,12.3,1345605.88,0.74,5.89,12.794,12.265,11.446,1312221.13,1299185.1,999859.01,9.42,600586
9/8/2021,36.89,36.89,32.35,32.08,218253.61,-3.15,-8.87,32.184,30.159,28.677,169917.8,190414.22,174509.83,5.41,600587
9/8/2021,33.79,33.8,33.14,32.9,153237.31,-0.58,-1.72,33.108,33.743,35.511,153159.17,178383.92,206611.45,0.47,600588
9/8/2021,2.24,2.34,2.32,2.22,187728.45,0.09,4.04,2.29,2.237,2.119,208848.58,181120.86,125305.48,2.67,600589
9/8/2021,8.67,9.03,8.95,8.56,457334.09,0.25,2.87,8.804,8.64,8.517,486836.97,505313.83,466670.17,5.41,600590
9/8/2021,10.84,10.93,10.82,10.69,54527.81,0.02,0.18,10.562,10.404,10.294,67949.65,61236.16,49083.32,1.36,600592
9/8/2021,12.07,12.58,12.42,12,13469.16,0.34,2.81,11.996,11.922,11.967,8773.4,9538.39,12828.8,1.05,600593
9/8/2021,5.74,5.94,5.89,5.73,202182.16,0.13,2.26,5.648,5.502,5.368,162316.23,138974.03,112471.41,2.55,600594
9/8/2021,3.91,4.06,3.99,3.86,228880.45,0.08,2.05,3.894,3.861,3.751,231335.35,244554.26,167490.99,1.17,600595
9/8/2021,40.82,41,39.32,38.69,604851.06,-0.86,-2.14,40.766,40.546,35.575,758928.24,834777.86,818708.03,8.23,600596
9/8/2021,13.17,13.29,13.2,13.05,155081,0.07,0.53,12.9,12.837,12.948,136264.36,134120.3,126996.14,1.27,600597
9/8/2021,15,15.34,15.23,14.95,288765.56,0.26,1.74,14.978,14.771,14.757,184529.57,152925.69,156869.87,1.62,600598
9/8/2021,8.61,8.71,8.63,8.58,14019.9,0.02,0.23,8.878,8.942,8.529,20570.39,24430.7,26621.34,0.84,600599
9/8/2021,90,90,88.5,87.88,47106.89,-1.19,-1.33,88.116,87.618,88.107,68252.15,75650.48,77760.82,0.68,600600
9/8/2021,3.04,3.13,3.07,3.02,142462.69,0.01,0.33,3.042,3.023,2.96,149797.64,161776.06,189737.94,0.65,600601
9/8/2021,6.49,6.52,6.4,6.34,217394.16,-0.03,-0.47,6.522,6.379,5.811,367717.39,421306.8,229143.02,2.02,600602
9/8/2021,4.09,4.26,4.23,4.08,113484.89,0.14,3.42,4.08,4.014,3.868,78117.8,79722.72,58063.29,0.91,600603
9/8/2021,5.83,5.9,5.8,5.77,182621,-0.05,-0.85,5.832,5.595,5.457,405111.98,328555.25,191541.35,1.3,600604
9/8/2021,8.41,8.54,8.52,8.4,13191,0.07,0.83,8.306,8.182,8.069,12963.44,9966.52,7399.24,0.64,600605
9/8/2021,4.68,4.76,4.73,4.67,365418.28,0.03,0.64,4.666,4.543,4.504,434051.94,412163.35,372216.61,0.29,600606
9/8/2021,6.02,6.04,5.97,5.87,15230.61,-0.06,-0.99,6.076,6.065,6.238,18731.13,19953.3,18768.05,0.48,600608
9/8/2021,6.24,6.35,6.27,6.15,190741.61,-0.05,-0.79,6.242,5.896,5.506,235935.68,247888.72,166008.16,1.75,600609
9/8/2021,17.99,18.24,17.68,17.5,68165.02,-0.02,-0.11,17.596,17.61,17.197,84805.05,104860.24,93597.71,1.52,600610
9/8/2021,3.49,3.55,3.54,3.48,107666.22,0.05,1.43,3.472,3.425,3.373,86886.41,77693.95,61479.15,0.69,600611
9/8/2021,47.69,47.88,47.66,47.47,10776.93,-0.03,-0.06,47.576,47.124,46.555,11190.12,11403.96,11330.76,0.34,600612
9/8/2021,5.37,5.66,5.55,5.36,83162.29,0.17,3.16,5.354,5.22,5.134,58633.07,47590.44,35670.95,1.74,600613
9/8/2021,6.59,6.67,6.64,6.57,6847.26,0,0,6.646,6.71,6.772,6231.79,5201.25,6167.83,0.36,600615
9/8/2021,7.43,7.51,7.47,7.35,178289.44,0.02,0.27,7.362,7.229,7.435,202944.39,180252.94,172653.42,2.66,600616
9/8/2021,5.1,5.42,5.25,5.06,192883.48,0.16,3.14,5.018,4.947,4.802,119094.11,116427.29,113977.87,1.98,600617
9/8/2021,14.47,14.47,14.47,14.47,37299.8,1.32,10.04,12.31,11.622,11.056,256501.42,265572.08,219588.45,0.5,600618
9/8/2021,8.81,9.01,8.95,8.75,54566.63,0.09,1.02,8.896,8.686,8.56,79941.98,82397.53,80884.76,0.94,600619
9/8/2021,8.7,8.76,8.65,8.56,33953.28,-0.09,-1.03,8.49,8.5,8.181,34063.46,44068.85,34998.87,0.49,600620
9/8/2021,16.2,16.62,16.45,16.1,217887.41,0.17,1.04,16.182,16.096,16.493,213158.52,219016.46,292771.65,2.05,600621
9/8/2021,2.83,2.92,2.91,2.82,197486.95,0.07,2.46,2.828,2.768,2.726,144856.07,121237.77,85660.6,1.32,600622
9/8/2021,12.47,13.06,12.75,12.33,258754.66,0.25,2,12.254,12.259,12.115,279847.08,293197.4,300712.86,1.39,600623
9/8/2021,6.9,6.91,6.88,6.83,58790.83,0.01,0.15,6.82,6.675,6.401,85213.02,126181.15,86252.46,0.86,600624
9/8/2021,4.19,4.37,4.34,4.16,176103.66,0.16,3.83,4.148,4.086,3.969,108171.62,102898.92,78788.79,2.18,600626
9/8/2021,8.3,8.48,8.45,8.28,58589.45,0.17,2.05,8.292,8.27,8.167,40224.7,50434.68,39465.06,0.91,600628
9/8/2021,6.37,6.38,6.35,6.25,26278.86,-0.02,-0.31,6.196,6.01,5.819,24157.33,19992.52,14545.71,0.42,600629
9/8/2021,5.41,5.56,5.55,5.4,77626.11,0.14,2.59,5.408,5.363,5.258,56413.22,61934.86,47351.82,1.83,600630
9/8/2021,6.97,7.27,7.22,6.95,198789.56,0.25,3.59,6.952,6.878,6.783,85319.97,88661.98,65487.21,1.53,600633
9/8/2021,4.14,4.17,4.12,4.1,363447.16,-0.01,-0.24,4.044,3.909,3.721,673525.26,468315.52,321512.02,1.5,600635
9/8/2021,11.75,12.89,12.38,11.52,159613.14,0.63,5.36,11.856,12.111,11.761,96091.31,99853.89,117704.89,3.57,600636
9/8/2021,8.05,8.26,8.26,8.04,232384.22,0.21,2.61,8.058,7.983,7.862,132345.47,119640,92276.84,0.68,600637
9/8/2021,5.42,5.54,5.53,5.39,40180.21,0.11,2.03,5.37,5.261,5.163,32326.43,27877.81,27518.54,0.6,600638
9/8/2021,12.2,12.5,12.42,12.2,49633.42,0.24,1.97,12.25,11.984,11.773,44897.6,48341.8,39426.46,0.58,600639
9/8/2021,10.94,11.59,11.5,10.9,91538.41,0.59,5.41,10.85,10.707,11.252,51709.22,52604.12,56897.91,1.15,600640
9/8/2021,24.68,24.8,24.36,23.8,177049.73,-0.04,-0.16,23.656,24.397,24.01,308598.96,344940.08,309941.14,1.85,600641
9/8/2021,6.8,7.04,7,6.78,547545.19,0.27,4.01,6.786,6.617,6.437,468071.55,363137.54,306419.28,1.21,600642
9/8/2021,7.38,7.55,7.38,7.35,181442.72,0,0,7.284,7.092,6.853,171759.85,155070.52,122018.9,1.12,600643
9/8/2021,6.34,6.66,6.57,6.33,227570.56,0.34,5.46,6.21,5.998,5.835,151200.11,103695.3,81395.12,4.23,600644
9/8/2021,22.47,22.47,22.31,21.81,107675.13,0.13,0.59,21.824,20.992,20.686,112376.9,93157.96,107072.74,2.3,600645
9/8/2021,11.99,12.2,12.11,11.77,11027.92,0.11,0.92,11.666,11.575,11.456,9945.71,8686.88,7358.1,0.79,600647
9/8/2021,13.55,13.64,13.64,13.51,43543.61,0.1,0.74,13.58,13.447,13.395,47135.14,40561.24,33706.51,0.47,600648
9/8/2021,4.58,4.64,4.63,4.57,143556.45,0.05,1.09,4.576,4.52,4.447,194000.9,174823.81,135346.47,0.57,600649
9/8/2021,9.41,9.62,9.57,9.38,20177.86,0.16,1.7,9.362,9.214,9.077,14127.02,12445.83,10884.88,0.52,600650
9/8/2021,3.12,3.19,3.18,3.11,118387.65,0.07,2.25,3.108,3.111,3.078,94326.55,123726.53,98089.63,1.03,600651
9/8/2021,2.33,2.36,2.28,2.25,109353,-0.03,-1.3,2.206,2.167,2.182,82529.59,77003.53,82500.15,1.31,600652
9/8/2021,2,2.06,2.05,1.99,429836.16,0.04,1.99,2.018,1.985,1.919,328994.46,323033.31,221640.79,2.21,600653
9/8/2021,2.05,2.07,2.03,2.01,78140.2,-0.02,-0.98,2.016,1.99,1.962,86876.23,76271.65,87743.37,1.03,600654
9/8/2021,10.78,10.9,10.82,10.75,147078.38,0.01,0.09,10.738,10.571,10.621,172613.68,173811.59,239593.62,0.92,600655
9/8/2021,3.57,3.59,3.59,3.54,54444.4,0.04,1.13,3.548,3.479,3.416,84655.49,80940.27,60046.4,0.26,600657
9/8/2021,5.02,5.05,4.8,4.78,283880.66,-0.28,-5.51,4.836,4.513,4.123,305268.73,249687.75,136100.95,2.54,600658
9/8/2021,47.18,47.33,46.64,46.49,182900.16,-0.67,-1.42,46.766,47.173,48.083,200993.74,196398.9,200461.76,0.91,600660
9/8/2021,10.11,10.38,10.33,10.08,76855.8,0.23,2.28,10.224,10.122,9.809,84681.94,93998.84,85918.99,2.68,600661
9/8/2021,8.44,8.55,8.28,8.22,73539.42,-0.02,-0.24,8.228,8.247,8.085,41972.17,49663.54,47129.98,0.7,600662
9/8/2021,11.74,11.9,11.86,11.72,104185.63,0.13,1.11,11.724,11.545,11.612,96533.9,94383.87,93373.86,0.36,600663
9/8/2021,3.33,3.43,3.42,3.32,409055.56,0.08,2.4,3.286,3.215,3.206,312818,260394.55,295023.33,1.63,600664
9/8/2021,3.2,3.25,3.24,3.17,92794.92,0.06,1.89,3.162,3.021,2.869,80474.97,93505.04,54779.16,1.07,600665
9/8/2021,1.84,1.86,1.84,1.82,105301.98,0,0,1.852,1.894,1.921,83196.7,89698.38,82184.38,1.31,600666
9/8/2021,9.18,9.21,9.15,9.07,377638.94,0.11,1.22,9.026,8.917,9.028,331994.04,349681.74,367451.02,1.79,600667
9/8/2021,12.6,12.72,12.69,12.48,78142.76,0.1,0.79,12.514,12.161,11.783,100497.9,110691.35,73579.2,2.27,600668
9/8/2021,9.28,9.34,9.25,9.23,2589,-0.1,-1.07,9.308,9.141,9.081,4758.95,3620.78,3496.17,0.21,600671
9/8/2021,9.44,9.97,9.68,8.9,1587444,0.08,0.83,9.376,8.316,7.235,1824749.07,1478709.46,909590.76,5.28,600673
9/8/2021,12.22,13.39,13.26,12.22,422213.03,1.08,8.87,12.272,11.863,11.578,208887.15,132979.09,100860.44,0.96,600674
9/8/2021,3,3.11,3.1,2.99,109580.3,0.1,3.33,2.968,2.87,2.781,93045.1,93800.57,62114.06,0.49,600675
9/8/2021,4.3,4.36,4.35,4.29,40293.71,0.05,1.16,4.262,4.219,4.144,42111.23,44408.15,33713.17,0.39,600676
9/8/2021,6.61,6.65,6.58,6.46,165658.45,-0.04,-0.6,6.664,6.614,6.382,152540.38,181260.29,155471.73,4.75,600678
9/8/2021,11.2,11.25,11.24,11.14,13330.01,0.05,0.45,11.086,11.041,11.075,10844.6,10060.89,9481.45,0.58,600679
9/8/2021,5.34,5.75,5.57,5.31,241599.27,0.19,3.53,5.45,5.41,5.2,182497.83,158807.32,133707.98,1.78,600681
9/8/2021,10.25,10.48,10.42,10.23,75551.52,0.16,1.56,10.27,10.124,9.882,91954.78,98748.28,87252.34,0.65,600682
9/8/2021,5.87,5.87,5.87,5.87,15222.82,0.53,9.93,4.896,4.311,3.896,74983.17,96026.29,61402.18,0.21,600683
9/8/2021,3.61,3.68,3.67,3.59,217307.41,0.05,1.38,3.598,3.595,3.517,190168.27,258220.63,195327.56,2.55,600684
9/8/2021,20.85,21.37,21.01,20.7,135058.86,0.02,0.1,20.954,21.208,21.379,130907.54,184927.95,165835.72,1.64,600685
9/8/2021,7.02,7.09,7.06,6.99,71088,0.06,0.86,6.984,7.147,7.317,85199.52,118584.27,127297.25,1.05,600686
9/8/2021,4.56,4.65,4.5,4.45,1900299.62,-0.04,-0.88,4.066,3.715,3.488,1695936.44,1076782.25,694617.71,2.59,600688
9/8/2021,6.9,7.04,7.01,6.88,24657.03,0.06,0.86,6.876,6.782,6.796,30839.51,25859.66,28061.6,1.62,600689
9/8/2021,28.65,28.85,28.16,28.1,281546.16,-0.42,-1.47,28.478,27.601,27.314,435879.41,515679.4,387921.9,0.45,600690
9/8/2021,4.79,5.29,5.29,4.75,1405325.75,0.48,9.98,4.846,4.822,4.664,947206.76,902195.47,981557.98,8,600691
9/8/2021,5.98,6.12,6.09,5.95,51804.53,0.12,2.01,5.968,5.896,5.82,33684.63,33876.03,26035.85,2.03,600692
9/8/2021,4.11,4.13,4.12,4.09,31345.64,0.03,0.73,4.068,4.035,3.98,26130.42,29348.68,33015.21,0.35,600693
9/8/2021,20.2,20.52,20.44,20.11,22061.24,0.24,1.19,20.07,19.776,19.656,21137.77,20470.36,17715.42,0.75,600694
9/8/2021,3.71,3.77,3.62,3.57,125651.36,-0.07,-1.9,3.59,3.512,3.441,120333.95,112573.88,83113.3,3.43,600695
9/8/2021,34.15,34.48,33.68,33.63,21778.04,-0.44,-1.29,33.812,34.972,37.802,31345.48,42022.15,44091.84,0.65,600696
9/8/2021,12.56,12.78,12.73,12.56,13503.14,0.09,0.71,12.588,12.544,12.505,11101.27,10612.08,9011.56,0.87,600697
9/8/2021,3.2,3.3,3.29,3.2,245409.56,0.07,2.17,3.124,3.066,3.09,181389.64,138492.95,135541.55,3.33,600698
9/8/2021,19.85,20.13,19.51,19.4,384584.53,-0.29,-1.47,19.548,20.258,22.818,364378.64,488082.15,497208.79,2.81,600699
9/8/2021,197.85,199.8,190.58,189,113073.52,-7.55,-3.81,191.728,191.947,199.89,127079.03,126386.14,134008.21,3.39,600702
9/8/2021,34.02,34.84,34.1,33.83,524013.97,0.02,0.06,33.742,34.885,36.641,690384.53,893923.12,933371.82,1.28,600703
9/8/2021,6.34,6.58,6.54,6.24,2045817.88,0.25,3.98,6.224,6.201,6.309,1374385.17,1355403.43,1822645.17,4.04,600704
9/8/2021,4.09,4.2,4.14,4.08,566105.94,0.03,0.73,4.09,4.022,3.959,641805.7,598158.29,510994.37,0.64,600705
9/8/2021,7.59,7.59,7.56,7.46,26602.2,0.11,1.48,7.432,7.292,6.93,28693.4,34636.54,25106.68,1.25,600706
9/8/2021,8.18,8.98,8.98,8.11,1218734,0.82,10.05,8.35,8.384,8.26,574412.89,596875.56,513402.65,4.92,600707
9/8/2021,2.34,2.4,2.39,2.34,131005.05,0.04,1.7,2.34,2.306,2.286,112868.74,111084.88,93055.42,0.59,600708
9/8/2021,7.34,7.8,7.59,7.31,425394.53,0.2,2.71,7.344,7.11,6.862,426599.69,375418.78,320089.81,3.26,600710
9/8/2021,12.78,13.39,12.87,12.69,2731711.25,0.02,0.16,12.182,11.912,10.566,2829254.95,3298288.65,2630713.93,10.94,600711
9/8/2021,3.97,4.08,4.06,3.94,110079.25,0.11,2.79,3.934,3.89,3.924,60662.94,58120.6,47631.03,2.04,600712
9/8/2021,4.65,4.75,4.75,4.63,123784.52,0.09,1.93,4.622,4.524,4.437,113805.25,99290.78,85446.03,1.19,600713
9/8/2021,12.36,12.98,12.73,11.8,152393.39,0.73,6.08,12.08,12.432,11.883,146149.37,152006.84,126855.99,5.29,600714
9/8/2021,3.36,3.42,3.36,3.3,245679.02,0.02,0.6,3.382,3.367,3.172,344857.12,377593.18,374776.66,1.32,600715
9/8/2021,4.11,4.11,4.11,4.05,76034.92,0.02,0.49,4.044,3.982,3.931,50455.33,40318.57,30720.86,0.81,600716
9/8/2021,4.19,4.3,4.3,4.18,291341,0.11,2.62,4.164,4.056,3.931,244520.3,201692.53,141918.28,1.01,600717
9/8/2021,10.15,10.25,10.22,10.12,104812.13,0.05,0.49,10.066,9.957,9.696,96418.36,114053.41,95803.03,0.87,600718
9/8/2021,3.72,3.92,3.9,3.7,88788.78,0.18,4.84,3.722,3.642,3.563,52306.86,39023.68,33071.9,2.19,600719
9/8/2021,11.72,11.88,11.75,11.62,222447.91,-0.03,-0.26,11.592,11.111,11.065,331255.62,268050.53,223721.33,2.87,600720
9/8/2021,4.99,5.03,4.99,4.93,16041,0,0,5.026,5.019,4.886,13707.61,16359.1,23315.56,0.44,600721
9/8/2021,6.91,7.04,6.79,6.63,1004510.25,0.09,1.34,6.376,6.204,6.13,446071.32,317937.46,256096.12,14.77,600722
9/8/2021,9.34,9.48,9.28,9.11,145600.77,-0.07,-0.75,9.324,8.828,8.454,122820.87,93244.19,73580.62,2.21,600723
9/8/2021,3.58,3.68,3.64,3.57,88823.42,0.06,1.68,3.562,3.494,3.448,62340.93,59030.09,51363.8,0.61,600724
9/8/2021,4.48,4.58,4.58,4.22,354618.66,0.42,10.1,3.846,3.479,3.06,404583.34,391857.97,249248.61,2.88,600725
9/8/2021,2.53,2.82,2.7,2.53,773749.25,0.14,5.47,2.538,2.432,2.363,466035.12,297749.51,198804.14,5.04,600726
9/8/2021,13.15,13.9,13.49,13.06,480341.47,0.19,1.43,13.136,13.372,12.242,597245.74,621104.37,600698.75,10.93,600727
9/8/2021,8.58,8.7,8.58,8.5,342430.56,0.09,1.06,8.184,8.095,8.028,402578.9,378611.6,276109.81,1.98,600728
9/8/2021,25.37,25.38,25.1,24.97,14711.25,-0.11,-0.44,24.81,25.327,25.696,20828.09,26236.79,21790.07,0.36,600729
9/8/2021,6.3,6.38,6.34,6.19,330738.25,0.01,0.16,6.58,6.153,5.45,614377.64,460645.42,317289.34,5.64,600730
9/8/2021,7.99,8.06,8.03,7.91,67900.7,0.05,0.63,7.918,8.012,8.027,69219.13,80531.27,74895.2,1.47,600731
9/8/2021,15.89,16.2,14.44,14.33,684700,-1.48,-9.3,15.842,15.106,14.165,523513.08,489833.21,325914.81,10.49,600732
9/8/2021,12.85,13.5,12.98,12.75,1035913.31,0.13,1.01,12.662,12.232,12.065,811069.21,896669.73,1016656.63,4.67,600733
9/8/2021,2.59,2.63,2.52,2.52,208490.44,-0.08,-3.08,2.56,2.482,2.437,288365.97,187283.69,126390.33,3.9,600734
9/8/2021,6.25,6.35,6.28,6.22,100347,-0.02,-0.32,6.268,6.258,5.908,116224.5,186375.42,134680.64,2.67,600735
9/8/2021,4.49,4.55,4.52,4.46,73218.98,0.04,0.89,4.474,4.39,4.295,116173.16,96640.43,69286.17,0.64,600736
9/8/2021,9.99,10.13,9.97,9.9,384613.06,-0.05,-0.5,9.908,9.637,9.445,478960.43,420212.25,411730.51,1.82,600737
9/8/2021,5.8,5.86,5.86,5.79,54001.64,0.05,0.86,5.766,5.769,5.898,68749.4,69403.24,65504.47,0.7,600738
9/8/2021,25.18,25.46,25.05,24.8,180400.8,-0.14,-0.56,24.666,24.175,22.88,206194.27,232058.53,230861.55,1.18,600739
9/8/2021,9.41,10.35,10.35,9.28,1229185.75,0.94,9.99,8.962,8.139,6.872,1510387.17,1702834.5,1467902.17,4.8,600740
9/8/2021,24.6,24.79,24.45,24.32,315647.22,-0.57,-2.28,23.812,23.275,22.488,311948.73,321351.64,254681.91,1,600741
9/8/2021,9.37,9.53,9.51,9.36,82618.68,0.11,1.17,9.348,9.26,9.218,71949.41,68521.6,66305.35,1.23,600742
9/8/2021,1.99,2.04,2.03,1.99,152139.66,0.04,2.01,1.978,1.942,1.907,133454.56,112439.35,90225.73,0.65,600743
9/8/2021,7.12,7.76,7.76,7.12,1476860.25,0.71,10.07,7.148,6.973,7.227,903764.18,710885.35,589258.64,17.84,600744
9/8/2021,114.01,114.28,106.95,106.86,212373.81,-6.13,-5.42,111.564,114.378,111.098,143106.17,177890.46,180482.28,2.27,600745
9/8/2021,22,23.18,22.55,21.71,179353.62,0.35,1.58,22.39,23.151,22.729,189972.82,230413.5,264170.77,5.89,600746
9/8/2021,4.21,4.27,4.26,4.2,118174.2,0.06,1.43,4.19,4.144,4.117,125374.5,109782.7,90640.68,0.64,600748
9/8/2021,11.2,11.56,11.42,11.13,48036.91,0.22,1.96,11.192,11.083,10.449,50627.83,52038.66,43441.72,2.12,600749
9/8/2021,12.86,13.06,12.94,12.81,119856.75,-0.02,-0.15,12.814,12.359,12.005,192067.65,156354.35,132513.88,1.9,600750
9/8/2021,3.4,3.54,3.44,3.35,830212.81,0.06,1.77,3.33,3.223,3.106,929655.31,964301.71,677515.09,3.23,600751
9/8/2021,34.8,35.35,34.91,34.43,41777.79,0.11,0.32,34.754,35.521,36.912,45875.07,55999.15,85435.74,1.94,600753
9/8/2021,49.3,51.8,51.22,49.3,76630.38,1.82,3.68,49.334,47.546,46.734,65920.37,55164.72,54006.92,0.96,600754
9/8/2021,9.14,9.19,9.14,9.01,380214.91,0.05,0.55,8.984,8.705,8.143,475880.6,516310.85,341233.43,2.04,600755
9/8/2021,13.45,13.77,13.66,13.42,74840.51,0.21,1.56,13.444,13.421,13.095,79526.85,118783.1,72690.1,2.31,600756
9/8/2021,5.37,5.46,5.46,5.36,117741.76,0.09,1.68,5.35,5.278,5.213,88701.74,87361.96,66489.28,0.97,600757
9/8/2021,4.16,4.56,4.45,4.14,657717.31,0.25,5.95,4.206,4.062,3.941,533131.1,522559.94,474731.43,4.98,600758
9/8/2021,3,3.07,3.02,2.97,1397158.88,-0.07,-2.27,2.978,2.881,2.698,1360479.93,1297251.21,1001547.2,6.19,600759
9/8/2021,75.18,75.77,73.2,72.8,201886,-1.9,-2.53,75.606,77.447,76.19,220030.06,267510.28,296922.81,1.03,600760
9/8/2021,10.91,11.05,10.98,10.83,83871.22,0.06,0.55,10.844,10.608,10.752,99483.23,91276.13,91218.74,1.13,600761
9/8/2021,245.56,245.85,236.03,231,58631.01,-6.63,-2.73,231.826,238.247,264.482,67903.23,68821.77,61851.75,1.83,600763
9/8/2021,30,30.54,29.89,29.53,44412.83,-0.1,-0.33,30.096,30.852,30.437,70102.92,77236.37,89443.55,0.9,600764
9/8/2021,34.35,34.73,32.5,32.35,198182.62,-1.85,-5.39,33.662,33.424,31.812,277671.94,318442.88,292084.08,2.31,600765
9/8/2021,5.15,5.24,5.16,5.02,41403,0.01,0.19,4.95,4.853,4.739,70061.31,57737.8,52104.39,1.85,600766
9/8/2021,6.96,7.08,6.86,6.82,49832,-0.1,-1.44,6.844,6.926,7.221,56888.48,63828.81,84126.86,1.46,600767
9/8/2021,9.5,10.05,10.05,9.31,102207.94,0.91,9.96,9.314,9.361,9.38,30634.74,24590.98,18789.66,7.64,600768
9/8/2021,6.5,6.94,6.87,6.41,192890.05,0.39,6.02,6.428,6.31,6.247,126235.43,116523.18,98179.36,5.14,600769
9/8/2021,6,6.15,6.13,5.98,142108.56,0.13,2.17,5.926,5.87,6.046,154801.84,166144.7,189049.96,1.09,600770
9/8/2021,32,33.18,31.89,31.5,373015.41,-1.03,-3.13,30.018,29.432,31.428,317119.02,280006.09,275170.06,7.58,600771
9/8/2021,31.49,33.37,32,31.32,567834.56,0.91,2.93,32.122,31.974,28.654,647421.31,812017.87,860519.51,6.93,600773
9/8/2021,16.17,16.17,16.01,15.93,16527.83,-0.03,-0.19,16.148,16.5,16.739,16349.72,22773.1,23864.33,0.73,600774
9/8/2021,7.32,7.57,7.48,7.29,93701.02,0.16,2.19,7.382,7.297,7.19,75016.9,78677.61,94235.48,1.39,600775
9/8/2021,11.82,11.89,11.82,11.7,93210.03,0,0,11.712,11.555,11.575,85187.17,79352.13,84231.33,0.98,600776
9/8/2021,2.25,2.32,2.25,2.16,6736518,0.03,1.35,2.12,2.03,1.805,4907781.75,5840431.18,3825529.94,10.81,600777
9/8/2021,4.69,4.94,4.92,4.64,109816.26,0.26,5.58,4.6,4.451,4.292,66398.8,55596.3,49813.72,3.53,600778
9/8/2021,133,133,128.55,127,57886.23,-4.39,-3.3,128.232,123.61,121.815,83899.37,72768.7,78509.93,1.19,600779
9/8/2021,4.23,4.63,4.63,4.23,366202.31,0.42,9.98,4.224,4.042,3.913,218966.87,172666.46,123052.57,3.19,600780
9/8/2021,3.47,3.51,3.51,3.44,54787.14,0.04,1.15,3.46,3.542,3.612,67666.79,72185.29,88958.04,1.46,600781
9/8/2021,9.64,9.85,9.54,9.41,871808.69,-0.27,-2.75,9.168,8.726,8.271,1058598.23,1064794.15,891829.54,2.73,600782
9/8/2021,14.92,15.19,15.02,14.76,198557.98,0.08,0.54,15.41,14.696,13.373,405381.13,288718.34,172527.23,2.67,600783
9/8/2021,5.57,5.72,5.71,5.53,82441.47,0.14,2.51,5.576,5.533,5.398,68096.15,70134.53,56043.65,1.45,600784
9/8/2021,13.29,13.41,13.35,13.21,8770.25,0.04,0.3,13.254,13.183,13.224,6050.41,5909.23,6965.93,0.39,600785
9/8/2021,7.24,7.37,7.2,7.14,195155.23,-0.05,-0.69,7.206,7.069,6.509,296889.37,383382.51,419474.32,0.9,600787
9/8/2021,7.14,7.2,7.19,7.13,119313.23,0.05,0.7,7.136,7.085,7.183,97137.01,108704.13,106325.99,1.36,600789
9/8/2021,3.11,3.17,3.16,3.1,172258.56,0.05,1.61,3.098,3.051,3,108056.33,88622.33,76251.35,1.18,600790
9/8/2021,3.66,3.69,3.68,3.61,71251.41,0.04,1.1,3.596,3.508,3.4,58720.37,60729.59,39224.47,1.58,600791
9/8/2021,5.3,5.66,5.47,5.3,895797.94,0.23,4.39,5.04,4.874,4.625,487835.13,420698.1,339949.53,9.05,600792
9/8/2021,13.08,14.39,14.39,13,151573.5,1.31,10.02,13.378,13.554,13.728,79532.08,85975.63,109676.26,8.57,600793
9/8/2021,3.28,3.34,3.34,3.27,118262.8,0.07,2.14,3.274,3.243,3.2,87146.91,74119.66,63992.21,0.98,600794
9/8/2021,2.77,3.04,3,2.76,3893229,0.24,8.7,2.792,2.629,2.543,2421245.15,1657364.74,1295106.53,1.98,600795
9/8/2021,6,6.16,6.16,5.99,89670.07,0.17,2.84,5.982,5.823,5.625,82977.68,81766.01,63412.88,2.98,600796
9/8/2021,6.8,6.9,6.89,6.77,108676.13,0.09,1.32,6.776,6.634,6.477,104535.27,113913.59,87317.55,1.06,600797
9/8/2021,4.97,5.09,5.07,4.92,401943.59,0.12,2.42,4.886,4.847,4.789,255970.97,234934.01,222772.68,3.9,600798
9/8/2021,4.7,4.91,4.85,4.69,178279.67,0.16,3.41,4.688,4.547,4.417,144305.6,141740.86,108868.92,2.24,600800
9/8/2021,23.45,24.06,23.23,22.87,272810.16,-0.32,-1.36,22.888,21.032,20.103,399256.62,324849.86,269548.25,2,600801
9/8/2021,7.87,7.94,7.84,7.78,147720.12,0.04,0.51,7.76,7.562,7.362,171420.1,161935.63,124982.01,3.22,600802
9/8/2021,21.3,21.3,20.35,20.2,313666.47,-0.83,-3.92,20.19,20.13,19.193,265078.78,273431.69,287979.18,2.19,600803
9/8/2021,6.42,6.55,6.45,6.33,842334,0.01,0.15,6.382,6.135,5.472,1056714.55,1254257.77,839227.64,5.88,600804
9/8/2021,4.07,4.16,4.14,4.04,95404.63,0.09,2.22,4.034,3.962,3.839,89549.42,87710.12,83001.88,1.12,600805
9/8/2021,2.97,3.08,3.07,2.96,118440.45,0.09,3.02,2.982,2.978,2.99,73265.37,63238.36,58312.84,1.5,600807
9/8/2021,6.2,6.36,6.32,6.14,777690.12,-0.02,-0.32,6.182,6.028,5.554,1039571.31,1504987.13,1205185.34,1.3,600808
9/8/2021,288.18,288.2,275.46,275,65306.76,-9.72,-3.41,275.314,276.985,287.711,94044.25,96752.76,92742.73,0.54,600809
9/8/2021,16.85,17.68,16.77,16.63,359500.47,-0.38,-2.22,16.478,15.688,14.773,419911.91,339639.59,343273.17,6.25,600810
9/8/2021,3.07,3.14,3.13,3.07,463654.66,0.05,1.62,3.074,3.023,2.967,356950.03,343327.82,284061.53,1.25,600811
9/8/2021,8.67,9.03,8.91,8.65,115262.59,0.22,2.53,8.596,8.582,9.315,118718.55,121664.21,195275.2,0.71,600812
9/8/2021,6.47,6.65,6.62,6.45,107659.46,0.16,2.48,6.4,6.333,6.211,72184.13,74405.82,55616.48,1.51,600814
9/8/2021,3.21,3.28,3.21,3.18,378068.81,-0.05,-1.53,3.306,3.096,3.007,665438.68,486124.21,480940.36,2.13,600815
9/8/2021,4.52,5,4.83,4.52,1087126.25,0.07,1.47,5.084,5.358,4.998,635411.8,708527.2,747211.99,2.07,600816
9/8/2021,15.37,15.76,15.75,15.24,16669.81,0.43,2.81,15.468,15.518,15.134,21414.63,25165.1,23040.47,0.9,600817
9/8/2021,9.1,9.83,9.73,9.1,70432.21,0.44,4.74,9.05,8.729,8.585,45548.45,32656.91,29761.5,2.96,600818
9/8/2021,6.71,6.88,6.81,6.6,128042.52,0.06,0.89,6.77,6.666,6.413,161616.46,154557.83,127669.42,1.71,600819
9/8/2021,5.87,5.9,5.87,5.81,274965.19,0.02,0.34,5.766,5.545,5.264,366800.31,385525.93,239820.7,0.87,600820
9/8/2021,6.5,7.03,6.71,6.45,578529.69,0.32,5.01,6.296,5.924,5.568,384490.67,315417.13,202082.89,5.99,600821
9/8/2021,8.91,9.03,8.97,8.89,19567.89,0.07,0.79,8.824,8.73,8.633,21294.4,20204.01,17359.18,0.49,600822
9/8/2021,3.75,3.78,3.76,3.71,177783.19,0.04,1.07,3.68,3.599,3.552,197222.64,190157.71,179531.06,0.47,600823
9/8/2021,3.76,3.85,3.83,3.75,56570.13,0.07,1.86,3.714,3.658,3.617,39612.32,35146.65,28262.03,0.54,600824
9/8/2021,4.34,4.52,4.51,4.34,150764.56,0.14,3.2,4.366,4.244,4.136,97474.52,93554.16,65357.92,1.44,600825
9/8/2021,8.66,8.83,8.81,8.65,22485,0.13,1.5,8.664,8.615,8.515,16489.38,16574.54,14536.27,0.53,600826
9/8/2021,14.7,15.05,15.01,14.63,152240.52,0.28,1.9,14.668,14.363,14.332,183091.1,236451.69,183781.94,0.95,600827
9/8/2021,3.67,3.73,3.72,3.66,56365.55,0.05,1.36,3.662,3.616,3.622,37610.48,30114.2,27184.6,0.33,600828
9/8/2021,6.03,6.1,6.09,6.02,32120.71,0.06,0.99,5.97,5.931,5.941,25147.95,27577.63,32727.17,0.55,600829
9/8/2021,5.04,5.14,5.14,5.02,76079.2,0.1,1.98,5.026,4.962,4.866,54789.08,54918.57,48858.97,1.67,600830
9/8/2021,5.83,5.98,5.96,5.81,193474.59,0.14,2.4,5.822,5.731,5.567,130147.56,133867.45,93863.02,2.72,600831
9/8/2021,8.68,8.79,8.79,8.67,12412.64,0.12,1.38,8.628,8.504,8.511,9675.7,8400.27,7669.28,0.56,600833
9/8/2021,11.13,11.14,11.09,11.04,77212.69,-0.05,-0.45,11.486,12.109,11.761,154437.78,178392.11,135590.04,1.62,600834
9/8/2021,16.15,16.34,16.14,16.03,51912.33,-0.05,-0.31,16.102,15.751,15.79,77459.94,64966.15,57520.03,0.64,600835
9/8/2021,6.83,6.99,6.92,6.76,118509.08,0.09,1.32,6.61,6.481,6.286,108230.13,112339.94,81829.71,1.79,600836
9/8/2021,13.8,14.06,13.67,13.6,1336762.88,-0.14,-1.01,13.51,13.069,12.514,1585487.95,1505599.56,1305848.69,1.58,600837
9/8/2021,6.19,6.22,6.22,6.14,26439.38,0.04,0.65,6.138,5.984,5.82,32775.48,29850.72,21876.08,0.66,600838
9/8/2021,3,3.09,3.08,3,923324.38,0.07,2.33,3.002,2.94,2.905,843082.53,744826.62,644951.56,2,600839
9/8/2021,11.5,11.65,11.6,11.36,91678,-0.05,-0.43,11.118,10.914,10.767,93506.56,72850.14,69528.61,1.76,600841
9/8/2021,7.01,7.01,6.93,6.9,40954.88,-0.09,-1.28,6.958,7.085,7.033,41184.78,44240.71,55422.25,1.34,600843
9/8/2021,4.24,4.5,4.47,4.24,410948,0.22,5.18,4.242,4.227,4.239,181524.6,168531.76,171083.25,4.99,600844
9/8/2021,72.3,72.54,71,70.6,37173.26,-1.74,-2.39,72.804,71.993,70.279,49795.62,48729.13,57527.27,0.34,600845
9/8/2021,8.81,8.89,8.87,8.77,86523.55,0.07,0.8,8.856,8.699,8.482,103132.52,101594.06,82970.26,1.38,600846
9/8/2021,9.13,9.27,9.22,9.09,34038.57,0.12,1.32,9.19,9.319,9.592,36936.08,27739.45,19949.93,2.22,600847
9/8/2021,15.83,15.94,15.79,15.76,47775.34,-0.03,-0.19,15.818,15.572,15.543,63827.19,56989.22,50323.9,0.33,600848
9/8/2021,27.89,28.28,28.2,27.53,51418.59,0.4,1.44,28.016,27.592,26.535,49810.4,57564.35,46950.68,1.2,600850
9/8/2021,10.12,10.19,10.16,10.05,35608.01,0.04,0.4,10.03,9.858,9.806,53385.34,45894.95,63743.89,0.48,600851
9/8/2021,2.61,2.67,2.65,2.6,117369.48,0.04,1.53,2.608,2.556,2.486,116210.83,105504.56,78510.71,1.17,600853
9/8/2021,3.62,3.67,3.66,3.61,50209.78,0.04,1.1,3.612,3.581,3.561,41221.57,36618.83,36632.05,0.97,600854
9/8/2021,13.55,13.7,13.66,13.42,57871.24,0.03,0.22,13.664,13.59,13.415,67042.72,66546.5,88751.65,1.69,600855
9/8/2021,1.65,1.7,1.65,1.62,362185.62,-0.01,-0.6,1.706,1.631,1.492,657767.72,588979.81,393535.33,2.66,600856
9/8/2021,9.5,9.68,9.62,9.49,12452.2,0.03,0.31,9.376,9.348,9.625,16863.05,15645.78,14699.02,0.56,600857
9/8/2021,5.54,5.65,5.64,5.51,16167.78,0.1,1.8,5.54,5.501,5.425,15048.65,22417.6,18713.12,0.31,600858
9/8/2021,32.11,32.59,31.53,30.68,279438,-0.69,-2.14,32.402,30.366,28.87,314498.38,248293.43,171748.76,3.6,600859
9/8/2021,7.59,7.62,7.45,7.34,41987.21,-0.08,-1.06,7.57,7.672,7.622,66265.18,90874.37,126639.09,1.3,600860
9/8/2021,19.73,20.06,19.9,19.28,37577.56,0.17,0.86,20.17,19.667,18.418,82980.24,71593.41,56773.85,1.19,600861
9/8/2021,33.38,33.4,33.02,32.67,92975.12,-0.42,-1.26,33.466,35.019,36.228,183430.67,184035.93,203577.7,0.67,600862
9/8/2021,3.47,3.78,3.78,3.36,3583803.75,0.34,9.88,3.25,2.845,2.586,3337212.38,1960753.65,1128115.36,6.17,600863
9/8/2021,6.25,6.5,6.41,6.21,597271.5,0.04,0.63,6.344,6.229,6.03,574795.81,549521.34,560908.32,2.87,600864
9/8/2021,8.79,8.79,8.7,8.65,33365.25,-0.04,-0.46,8.674,8.49,8.312,38401.24,36223.93,32280.14,0.89,600865
9/8/2021,4,4.1,4.09,3.99,131108,0.09,2.25,3.962,3.892,3.825,96124.02,80411.25,71123.44,1.77,600866
9/8/2021,10.87,11.02,10.97,10.8,199321.45,0.1,0.92,10.796,10.695,10.616,183681.14,173744.11,187688.94,0.98,600867
9/8/2021,3.02,3.13,3.11,3.02,999978.62,0.08,2.64,3.04,2.953,2.912,967480.94,670214.33,589672.32,5.27,600868
9/8/2021,6.3,6.45,6.28,6.23,440434.81,-0.02,-0.32,6.134,6.136,6.074,436848.13,426966.04,445864.71,1.98,600869
9/8/2021,4.24,4.43,4.43,4.18,64866.25,0.21,4.98,4.402,4.384,4.402,89497.47,86909.44,102863.33,1.24,600870
9/8/2021,2.38,2.43,2.41,2.36,1233688.12,0,0,2.318,2.228,2.134,1512353.35,1100651.25,769527.31,0.91,600871
9/8/2021,33.24,33.96,33.51,33.21,109328.27,0.15,0.45,32.736,31.874,33.069,161472.03,163952.08,182177.78,1.37,600872
9/8/2021,7.1,7.27,7.13,7.07,486550.19,0.06,0.85,7.066,6.903,6.596,585587.66,594060.79,512800.44,1.57,600873
9/8/2021,6.3,6.42,6.39,6.3,73714.46,0.05,0.79,6.334,6.229,6.087,74023.29,76492.87,57898.7,0.68,600874
9/8/2021,16.38,17.71,17.71,16.3,1230297.38,1.61,10,16.572,16.031,15.468,1141662.98,1045579.58,1214098.05,6.16,600875
9/8/2021,23,23.23,22.76,22.5,64604.02,-0.31,-1.34,23.42,23.722,23.96,93842.3,103525.11,88069.57,2.3,600876
9/8/2021,13.88,14.46,14.35,13.78,94331.69,0.48,3.46,13.856,13.982,13.729,70001.26,82781.29,76625.3,1.37,600877
9/8/2021,7.97,8.23,8.22,7.91,1226204.38,0.26,3.27,8.042,7.952,7.795,1100807.32,1123411.19,976011.56,4.51,600879
9/8/2021,3.75,4.08,3.94,3.71,384172.47,0.2,5.35,3.666,3.573,3.494,161791.16,114193.35,80860.72,3.51,600880
9/8/2021,3.17,3.22,3.19,3.16,217133.5,0.02,0.63,3.176,3.134,3.039,225988.28,250871.51,238250.14,0.67,600881
9/8/2021,55.5,55.5,53.1,53.08,62947.45,-2.45,-4.41,55.772,57.737,58.442,51120.44,69728.47,72647.27,1.54,600882
9/8/2021,8.21,8.3,8.27,8.1,18165,0.06,0.73,8.122,7.948,7.842,18949.11,18765.66,15170.23,0.77,600883
9/8/2021,32.66,33.64,32.62,31.97,647608.94,0.51,1.59,31.13,31.852,31.11,616716.75,801003.86,704481.78,3.91,600884
9/8/2021,62.15,63.9,62.07,61.21,64117.43,-0.17,-0.27,61.776,62.963,64.89,80748.41,69041.82,57721.5,0.86,600885
9/8/2021,9.93,10.74,10.6,9.93,688161.38,0.71,7.18,9.974,9.555,9.307,413547.9,293389.38,219086.03,1.01,600886
9/8/2021,36.37,36.57,36.18,35.84,498618.84,-0.27,-0.74,36.278,35.131,34.577,760599.28,822657.87,639168.78,0.84,600887
9/8/2021,10.88,11.06,10.57,10.4,1058850.62,-0.21,-1.95,10.224,9.848,9.628,1180072.11,976510.27,778801.64,8.53,600888
9/8/2021,6.77,7.26,7.09,6.75,303102.59,0.21,3.05,6.694,6.48,6.417,237458.82,214198.94,152139.79,8.27,600889
9/8/2021,3.4,3.42,3.31,3.24,128522.9,0.05,1.53,3.256,3.141,2.873,120959.43,98001.79,113072.29,2.22,600890
9/8/2021,3.49,3.72,3.7,3.47,64956.76,0.15,4.22,3.494,3.487,3.558,37571.71,30353.08,35407.7,1.2,600892
9/8/2021,61,61.6,59.51,58.85,295096.16,-0.67,-1.11,60.288,62.941,63.377,421575.64,599403.07,587261.74,1.4,600893
9/8/2021,7.19,7.24,7.21,7.16,58995.5,0,0,7.166,7.038,6.847,59806.9,63505.6,44844.25,0.69,600894
9/8/2021,18.04,18.28,18.04,17.93,162050.97,0.12,0.67,17.796,17.34,17.133,213118.03,182435.53,138366.6,1.05,600895
9/8/2021,4.08,4.16,4.1,4.05,52534.26,0.01,0.24,4.002,3.897,3.863,68527.07,53180.17,43419.76,0.56,600896
9/8/2021,16.58,16.72,16.63,16.53,8382.37,-0.03,-0.18,16.57,16.286,15.87,12036.12,11152.6,9905.91,0.28,600897
9/8/2021,5.15,5.16,5.15,5.09,14419.13,0.01,0.2,5.138,5.122,5.059,13567.82,16776.65,16811.26,0.57,600898
9/8/2021,20.05,20.45,20.33,20.05,554974.44,0.3,1.5,20.084,19.77,19.772,413615.55,378557.27,350711.31,0.25,600900
9/8/2021,5.31,5.4,5.37,5.29,213650.3,0.1,1.9,5.242,5.146,5.123,176093.67,146353.29,132154.41,0.72,600901
9/8/2021,11.08,11.32,11.14,11.03,184389.44,-0.05,-0.45,11.012,10.638,10.086,255847.19,211640.63,182394,1.62,600903
9/8/2021,6.66,6.88,6.54,6.53,11782677,-0.01,-0.15,6.39,5.957,5.882,12989293.6,8425769.78,6432994.99,16.95,600905
9/8/2021,14.24,15.49,14.7,14.12,1081741.12,0.43,3.01,14.14,13.888,14.041,784466.62,678354.83,761638.23,21.63,600906
9/8/2021,5.9,6.21,6.15,5.89,534932.56,0.24,4.06,5.906,5.779,5.727,314041.16,262776.08,218179.94,3.08,600908
9/8/2021,5.73,5.93,5.79,5.7,712753.75,0.05,0.87,5.676,5.535,5.412,707323.92,575419.96,511813.75,1.52,600909
9/8/2021,14.62,14.85,14.8,14.59,89594.5,0.13,0.89,14.568,14.46,14.604,82081.29,76491.81,86654.11,4.98,600916
9/8/2021,10.26,10.49,10.23,10.14,211133.58,-0.13,-1.25,10.128,9.673,8.968,343840.27,290394.07,223860.09,1.36,600917
9/8/2021,10.95,11.3,10.89,10.86,923483.5,-0.11,-1,10.778,10.329,10.112,1298460.43,990551.75,960285.41,3.54,600918
9/8/2021,6.42,6.63,6.53,6.4,1564558.25,0.09,1.4,6.474,6.459,6.627,1373737.01,1336621.36,1159900.43,1.07,600919
9/8/2021,14.77,15.18,14.98,14.63,220743.2,0.12,0.81,14.582,13.935,13.711,238215.51,238866.29,232104.64,0.44,600926
9/8/2021,4.52,4.57,4.54,4.5,113257,0.03,0.67,4.486,4.429,4.404,117176.08,102616.28,83536.19,0.98,600928
9/8/2021,8.08,8.45,8.34,8,255825.7,0.35,4.38,8.012,7.858,7.69,161139.72,158156.19,118086.75,2.79,600929
9/8/2021,13.01,13.19,12.99,12.72,23510.48,-0.06,-0.46,12.912,13.137,13.592,25167.05,27029.74,29839.78,0.27,600933
9/8/2021,2.77,2.86,2.84,2.76,104302.43,0.07,2.53,2.76,2.715,2.69,62007.74,57447.81,46035.01,0.62,600936
9/8/2021,3.63,3.74,3.7,3.61,74448.64,0.09,2.49,3.602,3.523,3.436,51495.89,42257.37,32771.58,0.41,600939
9/8/2021,16.5,17.22,16.29,16.02,539695.62,0.64,4.09,15.374,14.585,14.086,429254.02,334769.7,278521.81,40.05,600956
9/8/2021,18.05,18.53,18.25,17.61,3067175,0.17,0.94,16.956,16.357,15.91,3019362.2,3083045.3,3241083.89,5.35,600958
9/8/2021,3.08,3.14,3.14,3.07,386700.19,0.06,1.95,3.064,3.024,2.974,300311.08,280106.22,234295.76,0.85,600959
9/8/2021,4.17,4.26,4.23,4.14,254733.59,0.06,1.44,4.178,4.194,4.009,235690.66,428869.08,269846.91,2.68,600960
9/8/2021,12.24,12.45,12.15,11.84,339964.62,-0.21,-1.7,12.238,12.952,11.236,492686.99,602852.5,488532.34,6.45,600961
9/8/2021,8.2,8.22,8.19,8.02,39974.24,0.07,0.86,7.936,7.73,7.508,44542.78,34747.9,25297.46,1.57,600962
9/8/2021,8.3,8.7,8.56,8.28,751864.19,0.26,3.13,8.448,8.347,8.879,632158.18,577206.87,775242.36,4.25,600963
9/8/2021,6.64,6.77,6.52,6.49,131859.12,-0.12,-1.81,6.41,6.315,6.247,100612.32,75198.23,59858.1,1.61,600965
9/8/2021,11.45,12.55,12.55,11.36,811835.81,1.14,9.99,11.596,11.238,11.309,448462.94,404529.82,337031.5,6.07,600966
9/8/2021,10.28,10.55,10.42,10.25,270633.72,0.16,1.56,10.238,10.233,10.271,210212.04,226412.17,249847.12,1.6,600967
9/8/2021,2.87,2.91,2.9,2.86,816060.19,0.02,0.69,2.838,2.782,2.692,779601.19,812151.53,646888.42,4.38,600968
9/8/2021,7.06,7.37,7.31,7.06,95084.3,0.26,3.69,7.068,6.908,6.779,65078.94,52887.34,42895.22,2.57,600969
9/8/2021,13.5,13.92,13.56,13.45,252319.73,-0.22,-1.6,13.44,13.135,12.211,338605.32,365362.19,421575.77,1.45,600970
9/8/2021,8.06,8.52,8.43,7.99,420025.5,0.27,3.31,7.94,7.69,7.35,354472.72,350072.75,308247.29,3.5,600971
9/8/2021,4.64,4.76,4.7,4.62,143594.03,0.05,1.07,4.65,4.591,4.5,167978.58,175601.03,158712.89,1.15,600973
9/8/2021,6.3,6.37,6.34,6.27,142325.02,0.05,0.8,6.27,6.185,6.191,116054.72,91881.47,82893.36,2.18,600975
9/8/2021,46.11,46.3,44.48,43.86,36090.62,-1.4,-3.05,43.324,43.082,46.093,37346.47,33028.45,32276.72,2.37,600976
9/8/2021,12.73,13.02,12.98,12.71,156570.38,0.24,1.88,12.682,12.344,11.936,139673.45,123298.49,98836.7,0.84,600977
9/8/2021,3.29,3.43,3.42,3.26,418061.97,0.13,3.95,3.286,3.209,3.119,319552.83,251592.1,216171.26,3.39,600979
9/8/2021,18.45,20.21,19.26,18.31,193994.98,0.89,4.84,18.646,18.796,18.391,104934.93,102141.98,99978.51,12.75,600980
9/8/2021,2.76,2.88,2.86,2.75,163158.75,0.1,3.62,2.762,2.743,2.679,127717.82,111148.28,87992.12,0.73,600981
9/8/2021,3.89,4.25,4.25,3.89,488255.91,0.39,10.1,3.88,3.738,3.628,341321.59,269524.58,273494.59,6.54,600982
9/8/2021,8.02,8.08,8.07,7.96,25129,0.08,1,7.966,7.992,8.442,28300.01,32038.02,40008.51,0.33,600983
9/8/2021,10.92,11,10.9,10.8,104014.8,-0.08,-0.73,10.948,10.89,11.165,166494.31,164109.18,140287.9,1.21,600984
9/8/2021,16.66,17.58,17.46,16.59,408648.88,0.74,4.43,16.198,14.987,13.864,463148.65,519051.93,423823.25,4.26,600985
9/8/2021,4.48,4.57,4.55,4.45,244402.05,0.08,1.79,4.406,4.322,4.203,191864.59,191673.04,160759.64,1.85,600986
9/8/2021,5.23,5.29,5.27,5.22,57901.61,0.03,0.57,5.188,5.117,4.957,42960.64,42936.34,44644.3,0.63,600987
9/8/2021,15.41,15.82,15.7,15.33,521810.66,-0.03,-0.19,15.58,15.285,15.171,467583.73,431671,397696.34,3.4,600988
9/8/2021,16.43,17.16,16.76,16.35,675780.81,0.37,2.26,16.436,16.469,16.642,516250.75,550413.58,551991.7,3.39,600989
9/8/2021,41.02,41.2,40.43,40.2,13443.66,-0.59,-1.44,40.56,40.792,39.835,14421.19,21576.47,26024.73,0.84,600990
9/8/2021,9.32,9.32,9.21,9.09,62747.01,-0.07,-0.75,9.198,9.384,9.354,77349.35,114845.14,146331.27,2.56,600992
9/8/2021,30.6,31.4,30.31,30.11,123710.65,-0.75,-2.42,30.048,29.101,28.579,152867.93,125030.18,137429.93,2.87,600993
9/8/2021,7.51,7.75,7.71,7.5,197218.73,0.31,4.19,7.402,7.221,7.054,129942.69,97130.59,68322.68,4.12,600995
9/8/2021,4.84,5.02,4.99,4.83,87827.07,0.15,3.1,4.844,4.711,4.653,67984.61,65606.8,54230.49,0.84,600996
9/8/2021,9.98,10.45,10.25,9.82,588217.62,0.24,2.4,9.674,9.44,9.001,556461.15,523129.69,426410.67,3.7,600997
9/8/2021,15.58,15.64,15.49,15.42,58042.37,-0.12,-0.77,15.306,15.145,14.89,92065.28,91529.97,74316.27,0.31,600998
9/8/2021,19.55,20.3,19.74,19.47,748529.81,0.11,0.56,19.404,18.757,18.402,796816.7,644805.12,581169.97,1.01,600999
9/8/2021,2.68,2.77,2.76,2.68,813291.75,0.08,2.98,2.652,2.573,2.523,772562.24,661631.49,498482.67,1.37,601000
9/8/2021,14.2,15.45,14.64,13.83,730081.19,0.44,3.1,13.474,11.947,10.333,716957.27,719979.42,634880.65,4.36,601001
9/8/2021,5.4,5.48,5.45,5.39,149199.02,0.07,1.3,5.364,5.274,5.101,144362.26,172329.36,128284.77,1.76,601002
9/8/2021,7.71,7.77,7.64,7.58,237840.38,-0.05,-0.65,7.426,7.267,7.034,236850.57,257100.12,209841.42,0.93,601003
9/8/2021,3.04,3.17,3.1,3,4531241.5,0.05,1.64,2.964,2.885,2.761,4437345.3,4057377,3231012.31,5.41,601005
9/8/2021,6.31,6.32,6.29,6.26,481052.78,-0.01,-0.16,6.242,6.152,6.038,508460.87,457284.55,334285.86,0.32,601006
9/8/2021,6.03,6.14,6.14,6.02,28128.73,0.12,1.99,5.958,5.871,5.685,27679.67,28268.55,27411.66,0.72,601007
9/8/2021,3.86,3.93,3.9,3.84,183593.2,0.05,1.3,3.802,3.714,3.625,183675.14,147537.52,108595.08,1.81,601008
9/8/2021,9.66,9.83,9.73,9.54,555339.94,0.03,0.31,9.58,9.419,9.347,485657.52,488268.86,489057.63,0.65,601009
9/8/2021,3.17,3.27,3.24,3.16,184318.3,0.07,2.21,3.144,3.083,2.995,112313.67,111450.49,79112.81,1,601010
9/8/2021,5.92,6.18,6.1,5.89,851552.56,0.11,1.84,5.956,5.985,5.638,857981.84,1183415.28,1111874.75,5.31,601011
9/8/2021,87.89,88.8,84.68,84,883826.88,-2.83,-3.23,86.39,88.055,85.782,817061.89,1126944.62,1026432.39,1.63,601012
9/8/2021,9.73,10.54,10.29,9.58,1874199.5,0.51,5.21,9.624,9.572,9.476,1184381.11,1172758.41,1147872.33,9.18,601015
9/8/2021,5.5,5.79,5.43,5.39,4513103,0.11,2.07,5.288,4.942,4.673,4270654.45,3214683.76,2409811.65,10.07,601016
9/8/2021,4.02,4.1,4.09,4.01,283379.28,0.09,2.25,3.976,3.902,3.802,223223.87,201049.38,143084.64,0.22,601018
9/8/2021,6.42,6.43,6.38,6.29,104512.15,0.02,0.31,6.104,5.822,5.557,120204.51,107371.22,69590.01,0.5,601019
9/8/2021,14.96,15.14,14.8,14.26,314797.97,0.02,0.14,14.948,15.142,13.243,408093.74,376571.12,307701.93,5.68,601020
9/8/2021,59.02,59.02,58.44,57.71,21722.31,-0.26,-0.44,57.852,55.422,53.265,37546.78,37368.15,38806.9,0.24,601021
9/8/2021,16.96,17.08,16.81,16.7,20116.02,-0.24,-1.41,16.962,17.124,17.187,39871.4,32636.31,33988.6,0.26,601028
9/8/2021,14.31,14.46,14.44,14.22,132979.22,0.15,1.05,14.312,14.509,15.003,128801.28,136840.99,134263.41,2.24,601038
9/8/2021,10.69,10.72,10.33,10.21,441790.38,-0.26,-2.46,10.604,10.007,9.596,526974.68,513247.05,374353.82,1.73,601058
9/8/2021,33.3,34.45,32.67,32.57,736557,-1.03,-3.06,32.216,30.2,29.429,1029552.14,801440.4,616360.28,1.93,601066
9/8/2021,4.85,5,4.93,4.68,588465.31,0.07,1.44,4.664,4.47,4.309,499187.95,427893.6,299453.95,2.3,601068
9/8/2021,11.88,12.13,12.12,11.79,76295.48,0.18,1.51,11.88,11.851,11.82,51522.41,49487.81,49243.49,1.2,601069
9/8/2021,3.99,4.02,4,3.98,512281.47,0.01,0.25,3.976,3.935,3.888,548285.69,539512.46,427069.56,0.87,601077
9/8/2021,4.29,4.34,4.32,4.25,52567,0.05,1.17,4.292,4.17,3.993,84137.17,80036.72,49288.97,0.79,601086
9/8/2021,21.03,22.03,21.81,20.99,869354.44,0.53,2.49,20.788,19.88,18.804,751737.29,773764.77,544837.3,0.53,601088
9/8/2021,9.22,9.22,8.98,8.94,196369.84,-0.11,-1.21,8.966,8.724,8.455,141482.64,119070.52,82607.11,1.09,601098
9/8/2021,3.5,3.64,3.55,3.48,2921133.5,0.06,1.72,3.458,3.349,3.272,2561055.48,2107546.12,1721290.93,4.29,601099
9/8/2021,94.49,96.89,95.6,94.28,62423.17,-0.54,-0.56,95.332,94.996,97.451,72639.07,90995.9,99398.27,0.48,601100
9/8/2021,10.5,10.6,10.38,10,599127.81,0.12,1.17,9.986,9.338,8.227,720975.81,662854.97,519690.11,4.99,601101
9/8/2021,4.16,4.38,4.3,4.1,2821286,0.15,3.61,3.96,3.788,3.583,1613298.08,1366642.89,967946.41,4.11,601106
9/8/2021,3.39,3.42,3.42,3.37,61106.34,0.04,1.18,3.352,3.29,3.198,79184.55,71067.13,55115.04,0.28,601107
9/8/2021,11.69,11.94,11.83,11.56,1119762.75,0.11,0.94,11.378,10.954,10.66,1240126.8,999954.4,789744.38,3.12,601108
9/8/2021,7.61,7.77,7.69,7.58,260080.02,0.08,1.05,7.558,7.384,7.152,359346.35,320485.99,361835.12,0.26,601111
9/8/2021,3.61,3.66,3.65,3.6,37361,0.04,1.11,3.67,3.733,3.679,52233.65,61193.12,43885.39,0.41,601113
9/8/2021,8.31,8.4,8.32,8.21,23235,0.02,0.24,8.256,8.055,7.983,30307.86,22751.81,17988.78,0.42,601116
9/8/2021,13.5,13.87,13.7,13.1,1104722,-0.29,-2.07,13.84,13.26,11.83,1458878.25,1672065.19,1410385.04,2.24,601117
9/8/2021,5.04,5.13,5.11,5.02,430366.25,0.04,0.79,5.074,4.986,4.937,425397.56,345827.71,294020,1.01,601118
9/8/2021,15.41,15.49,14.62,14.5,518204.5,-0.75,-4.88,15.696,15.238,15.219,711197.51,693962.04,670926.38,6.37,601126
9/8/2021,79.74,81.83,79.31,77,194830.95,0.01,0.01,77.228,74.593,66.734,229207.08,251514.83,251797.66,2,601127
9/8/2021,6.43,6.55,6.48,6.42,463219.47,0.04,0.62,6.42,6.345,6.274,427587.92,391584.44,408397.77,1.78,601128
9/8/2021,15.11,15.21,14.64,14.6,117362.74,-0.46,-3.05,14.52,14.695,14.898,151686.36,159336.15,196848.78,1.63,601137
9/8/2021,12.17,12.34,12.19,12.13,332574.03,0.02,0.16,12.032,11.826,11.91,330273.3,298478.51,324089.01,1.09,601138
9/8/2021,12.8,12.95,12.55,12.25,738572.31,-0.32,-2.49,12.114,11.485,10.889,864200.1,782959.38,755720.74,2.57,601139
9/8/2021,37,37.08,36.44,36.31,40873.52,-0.24,-0.65,36.676,35.323,35.603,83245.33,83867.73,76787.74,0.18,601155
9/8/2021,20,20,19.94,19.84,41558.95,-0.06,-0.3,19.846,19.697,19.933,45186.32,46910.78,55448.51,2.62,601156
9/8/2021,5.74,5.83,5.82,5.73,154057.72,0.1,1.75,5.75,5.68,5.606,116609.61,123755.19,125941.78,0.32,601158
9/8/2021,4.65,5.1,4.98,4.65,6336471,0.34,7.33,4.64,4.504,4.468,2465155.48,1638819.08,1301152.03,16.51,601162
9/8/2021,13.9,14.06,14.01,13.86,31190.17,0.07,0.5,13.866,13.749,14.035,30974.78,34824.45,36741.72,0.39,601163
9/8/2021,19.83,20.08,19.43,19.3,1356653.25,-0.47,-2.36,19.512,18.946,18.749,1188787.65,1198420.01,1051908.98,0.69,601166
9/8/2021,16.37,17.08,16.7,16.2,1063471.62,0.13,0.79,16.514,16.527,15.817,1140616.39,1486482.32,1214592.55,4.46,601168
9/8/2021,4.52,4.56,4.53,4.5,1123858,0.01,0.22,4.478,4.404,4.376,976762.51,851696.76,685804.82,0.53,601169
9/8/2021,9.78,9.89,9.77,9.64,130404.76,0,0,9.576,9.266,8.986,151529.16,98197.31,71612.47,3.26,601177
9/8/2021,6.25,6.49,6.23,6.11,1571460.75,0.06,0.97,6.11,5.812,5.501,2022482.23,1712297.31,1299201.56,3.07,601179
9/8/2021,8.83,8.93,8.85,8.72,1731823.5,0,0,8.69,8.164,7.721,2443426.52,1933434.9,1176491.09,1.51,601186
9/8/2021,8.61,8.79,8.68,8.59,128138.95,0.07,0.81,8.552,8.439,8.474,104275.2,86753.85,88162.81,4.86,601187
9/8/2021,3.36,3.48,3.47,3.36,67118.8,0.07,2.06,3.38,3.371,3.325,42091.16,47313.34,36295.33,0.51,601188
9/8/2021,12.1,12.38,12.12,12.05,391850.44,-0.12,-0.98,12.024,11.591,11.291,619766.15,455361,356406.08,1.42,601198
9/8/2021,4.06,4.11,4.09,4.05,98345.53,0.04,0.99,4.034,3.973,3.865,86944.19,91483.03,79688.73,1.05,601199
9/8/2021,11.9,12.16,12.04,11.87,110019.51,0.14,1.18,11.93,11.784,11.537,90555.29,93955.05,70747.1,0.98,601200
9/8/2021,17.65,18.5,18,17.56,157629.66,0.86,5.02,17.38,17.442,16.924,114108.32,132285.48,124779.82,1.96,601208
9/8/2021,18.76,19.07,18.61,18.55,781699.12,-0.15,-0.8,18.456,18.089,17.723,971094.84,960488.79,942156.27,1.05,601211
9/8/2021,3.3,3.39,3.31,3.26,1184279.62,0.01,0.3,3.274,3.274,3.14,1116894.92,1305792.11,1128172.59,1.6,601212
9/8/2021,5.85,6.45,6.29,5.84,4476432.5,0.42,7.16,5.898,5.751,5.431,2506108.7,2586142.8,1866922.8,5.31,601216
9/8/2021,4.39,4.54,4.44,4.38,307070.59,0.04,0.91,4.332,4.148,4.045,418217.44,278362.08,234229.25,3.14,601218
9/8/2021,13.3,13.47,12.26,12.23,1851467.12,-0.67,-5.18,12.97,11.989,11.378,1824237.55,1398301.62,1040789.49,10.32,601222
9/8/2021,15,15.55,15.12,14.72,1208400.75,0,0,14.626,13.659,12.343,1456048.68,1585291.61,1078338.11,1.25,601225
9/8/2021,5.64,5.92,5.59,5.37,335437.97,-0.05,-0.89,5.516,5.267,4.899,241180.79,210998.68,195596.02,2.9,601226
9/8/2021,3.29,3.34,3.32,3.27,204846.56,0.01,0.3,3.248,3.204,3.146,161848.61,127500.2,99285.05,0.33,601228
9/8/2021,7.5,7.57,7.51,7.48,206970.31,0.01,0.13,7.446,7.335,7.3,240353.3,225516.88,196467.42,0.15,601229
9/8/2021,15.35,15.48,15.38,15.09,153333.7,0.12,0.79,15.036,14.559,14.298,171095.78,156670.93,126022.45,0.7,601231
9/8/2021,26.08,27.38,26.88,26.08,647710.75,0.96,3.7,25.44,24.82,25.497,575559.7,519048.68,532847.72,2.83,601233
9/8/2021,12.9,13.2,13.03,12.85,310084.03,0.11,0.85,12.898,12.766,13.053,311361.82,304476.75,346408.22,1.21,601236
9/8/2021,20.17,20.35,19.5,19.22,659273.44,-0.87,-4.27,19.702,18.688,17.063,714134.09,733022.11,664195.02,0.92,601238
9/8/2021,1.87,1.95,1.92,1.85,4437632.5,0.07,3.78,1.774,1.723,1.652,2548554.95,2190422.85,1492928.06,4.34,601258
9/8/2021,8.08,8.18,8.08,8.03,67248.98,-0.04,-0.49,8.074,8.187,8.413,78948.86,96382.23,127781.28,4.5,601279
9/8/2021,3.03,3.05,3.04,3.01,2088003,0.02,0.66,3.012,2.978,2.96,1984036.55,2044374.86,1744813.08,0.07,601288
9/8/2021,5.95,5.98,5.98,5.92,112818,0.06,1.01,5.864,5.754,5.799,100113.73,93545,80009.41,0.6,601298
9/8/2021,14.35,14.64,14.24,14.16,259924.27,-0.29,-2,14.522,14.62,14.062,331951.54,388318.83,390890.67,2.22,601311
9/8/2021,52,52.63,51.95,51.68,843991.94,-0.39,-0.74,51.826,51.353,52.528,891115.01,1053807.86,884310.31,0.78,601318
9/8/2021,5.32,5.38,5.33,5.29,761211.56,0,0,5.282,5.211,5.181,762387.99,651787.35,484242.85,1.36,601319
9/8/2021,2.71,2.78,2.77,2.7,208232.56,0.05,1.84,2.696,2.64,2.585,158863.12,122061.06,88036.12,0.44,601326
9/8/2021,4.53,4.57,4.56,4.52,1060439.62,0.03,0.66,4.51,4.454,4.414,1133829.04,1017333.98,838714.79,0.27,601328
9/8/2021,9.64,9.83,9.69,9.62,153595.45,0.11,1.15,9.634,9.366,9.121,181892.04,171990.16,134388.64,1.71,601330
9/8/2021,2.31,2.38,2.38,2.3,592623.38,0.08,3.48,2.26,2.19,2.117,502560.27,417004.76,310563.22,1.05,601333
9/8/2021,43.05,43.73,42.9,42.75,157882.22,-0.15,-0.35,42.83,41.787,41.083,171654.88,179958.13,149420.05,0.76,601336
9/8/2021,6.3,6.38,6.37,6.23,144040.5,0.06,0.95,6.156,6.075,5.982,214689.58,188381.04,185932.29,0.96,601339
9/8/2021,12.43,12.88,12.74,12.41,707048.44,0.24,1.92,12.336,12.106,12.091,538385.19,484286.1,427650.95,0.99,601360
9/8/2021,6.34,6.37,6.36,6.32,25760,0.02,0.32,6.346,6.368,6.398,16892.8,18110.5,16037.39,0.31,601366
9/8/2021,5.12,5.2,5.2,5.12,30400.5,0.07,1.36,5.132,5.089,5.029,22574.5,23469.5,20115.73,0.35,601368
9/8/2021,12.58,12.67,12.2,12.01,479289.44,-0.58,-4.54,11.972,11.785,11.692,353511.42,311451.95,257745.69,2.9,601369
9/8/2021,5.2,5.38,5.28,5.17,1784086.62,0.06,1.15,5.176,5.025,4.908,1966615.37,1619336.31,1508452.65,5.17,601375
9/8/2021,11.49,11.71,11.35,11.28,2310170.25,-0.17,-1.48,10.992,10.505,10.575,2810125.1,2923480.48,3239097.46,3.45,601377
9/8/2021,6.24,6.73,6.46,6.02,2506744.75,0.22,3.53,6.372,6.028,5.135,2158682.63,2469153.21,1901044.12,12.47,601388
9/8/2021,6.38,6.43,6.33,6.27,2177252.25,-0.05,-0.78,6.282,6.001,5.662,3584678.3,3346615.9,2125971.38,1.07,601390
9/8/2021,4.74,4.78,4.77,4.73,1747800.5,0.02,0.42,4.734,4.681,4.658,1759003.9,1776562.37,1605822.23,0.06,601398
9/8/2021,4,4.2,4.07,3.97,496929.78,0.05,1.24,3.998,3.838,3.828,543474.65,436702.22,473005.3,2.09,601399
9/8/2021,14.2,14.7,14.41,14.11,541602.06,0.25,1.77,14.184,13.907,13.936,491018.88,439982.12,413039.67,10.12,601456
9/8/2021,5.48,5.52,5.5,5.43,85422.31,0.02,0.36,5.478,5.531,5.58,66312.66,64680.83,62569.49,0.98,601500
9/8/2021,9.35,9.44,9.39,9.25,29182.53,0.06,0.64,9.334,9.218,9.016,30251.71,29740.83,27076,0.37,601512
9/8/2021,7.66,7.8,7.67,7.54,230186.62,0.03,0.39,7.326,6.828,6.457,262033.23,193897.5,124649.74,1.73,601515
9/8/2021,2.57,2.65,2.63,2.57,92884.54,0.04,1.54,2.554,2.479,2.371,94856.97,88271.15,67236.71,0.69,601518
9/8/2021,8.31,8.75,8.5,8.2,751382.31,0.22,2.66,8.238,8.094,8.108,425066.09,327229.79,307654.34,3.78,601519
9/8/2021,10.61,10.85,10.63,10.56,162420.89,-0.03,-0.28,10.536,10.521,10.95,166023.72,185805.02,257340.69,10.76,601528
9/8/2021,10.26,10.55,10.17,10.1,1221529.25,-0.26,-2.49,10.106,9.729,9.592,1599495.68,1469185.04,1680808.7,3.15,601555
9/8/2021,15.63,17,16.99,15.62,47682.06,1.38,8.84,15.906,15.888,15.437,20651.87,28203.35,33660.52,0.83,601566
9/8/2021,15.22,15.6,15.01,14.7,417259.38,-0.54,-3.47,15.038,14.676,15.165,406014.69,303560.11,248440.44,3.01,601567
9/8/2021,9.64,10.49,10.12,9.55,608896.5,0.55,5.75,9.558,9.363,9.052,289057.19,282212.7,184265.6,16.86,601568
9/8/2021,8.77,8.87,8.76,8.74,132014.77,-0.02,-0.23,8.71,8.682,8.574,131526.96,137918.2,161411.87,1.33,601577
9/8/2021,11.05,11.34,11.28,11.01,84891.65,0.21,1.9,10.958,10.721,10.936,74478.15,65128.02,78439.81,1.71,601579
9/8/2021,2.41,2.45,2.45,2.4,223929.91,0.04,1.66,2.398,2.351,2.32,178359.35,151402.55,134983.27,0.84,601588
9/8/2021,10.84,11.07,11.05,10.84,46308.74,0.19,1.75,10.728,10.456,10.136,37439.08,34838.99,29578.66,1.03,601595
9/8/2021,5.63,5.77,5.7,5.52,690714.5,0.12,2.15,5.416,5.192,4.917,628766.19,532736.19,420918.31,5.11,601598
9/8/2021,3.06,3.13,3.11,3.04,132466.3,0.07,2.3,3.066,3.056,3.08,96012.91,96009.79,76793.6,1.48,601599
9/8/2021,8.33,9.09,8.98,8.06,5681145,0.69,8.32,8.14,7.807,6.955,4931776.25,5970358.73,4467572.78,4.34,601600
9/8/2021,28.39,28.75,28.16,27.91,462983.53,-0.29,-1.02,28.096,27.207,27.103,497420.36,459540.27,415639.79,0.74,601601
9/8/2021,12.55,12.64,12.55,12.45,136682.88,0,0,12.548,12.777,13.247,160485.95,212823.48,335896.19,1.89,601606
9/8/2021,19.97,20.12,19.96,19.86,162307.56,-0.1,-0.5,19.786,19.489,19.237,192620.1,173522.42,137783.61,0.84,601607
9/8/2021,5.56,5.8,5.39,5.36,1984309,-0.17,-3.06,5.294,4.854,4.399,2248687.72,1614638.12,1201345.09,4.57,601608
9/8/2021,9.66,9.79,9.71,9.57,319498.31,0.03,0.31,9.552,9.52,9.312,327376.96,355662.65,305530.48,5.35,601609
9/8/2021,8.98,9.85,9.69,8.92,751873.75,0.63,6.95,9.142,8.826,8.272,609297.64,591931.67,534462.3,2.86,601611
9/8/2021,23.65,24.09,22.97,22.78,870474.75,-0.22,-0.95,23.306,22.577,21.169,1088827.4,843521.75,742354.79,5.89,601615
9/8/2021,3.4,3.49,3.49,3.38,182722,0.09,2.65,3.392,3.313,3.319,156001.83,121186.44,131314.26,1.95,601616
9/8/2021,5.32,5.75,5.57,5.16,6230766,0.25,4.7,5.198,4.952,4.433,5177715.15,5912245.05,5126064.21,3.49,601618
9/8/2021,5.62,5.85,5.42,5.39,2084796.5,0.1,1.88,5.22,4.986,4.652,1267292.26,1046197.8,821720.86,9.09,601619
9/8/2021,31.49,32.56,31.7,31.37,247258.17,0.16,0.51,31.236,30.279,29.708,222779.86,200926.54,176501.66,0.12,601628
9/8/2021,62.5,62.65,61.33,60.8,180282.44,-1.24,-1.98,62.262,62.87,60.621,225307.22,290512.13,305499.28,0.3,601633
9/8/2021,25.9,26.36,24.93,24.8,598857.31,-1.23,-4.7,26.14,26.815,24.529,510165.88,605714.95,672676.34,2.23,601636
9/8/2021,5.37,5.46,5.41,5.37,1171761.75,0,0,5.372,5.233,5.214,1510189.4,1499361.49,1368855.23,1.04,601658
9/8/2021,6.1,6.19,6.15,6.09,304331.06,0.03,0.49,6.09,6.061,6.361,287000.25,294024.83,431003.08,6.64,601665
9/8/2021,10.42,11.11,10.76,10.3,727024,0.33,3.16,9.836,9.323,8.811,751859.31,642796.18,601229.38,3.12,601666
9/8/2021,5.2,5.28,5.23,5.17,3564433.75,0.03,0.58,5.168,4.981,4.825,5175323.5,4555289.43,3132790.76,0.88,601668
9/8/2021,8.26,8.84,8.63,8.02,8976744,0.54,6.67,7.592,6.812,6.302,7231865.8,5417116.15,4545908.41,8.05,601669
9/8/2021,38.4,40.2,39.08,37.52,123818.4,0.43,1.11,36.894,37.468,36.173,145376.01,129126.17,137000.85,1.82,601677
9/8/2021,11.38,11.66,11.48,11.1,1426286.88,0.21,1.86,11.076,11.366,11.024,1471352.08,1818909.29,1878367.31,7.31,601678
9/8/2021,10.62,10.67,10.6,10.53,36500.88,-0.02,-0.19,10.506,10.379,10.368,42508.64,36661.05,31832.9,2.57,601686
9/8/2021,18.89,19.36,18.7,18.64,2113264.25,0.02,0.11,18.078,17.148,16.414,2460567.15,2015147.11,1827134.06,3.26,601688
9/8/2021,39.06,39.28,37.18,37.01,154041.17,-1.72,-4.42,36.662,35.868,37.062,140356.41,132548.71,128165.72,1.4,601689
9/8/2021,15.96,16.72,16.29,15.85,507585.16,0.34,2.13,15.792,15.406,15.396,434010.26,362630.91,347435.91,3.5,601696
9/8/2021,17.15,17.8,17.06,16.7,369961.34,-0.09,-0.53,16.976,16.089,15.038,506370.18,453230.88,263074.23,9.08,601698
9/8/2021,15.99,17.43,17.11,15.88,981719.25,0.93,5.75,15.78,15.372,14.548,766605.06,764386.49,683106.7,3.28,601699
9/8/2021,4.62,4.72,4.7,4.61,164436.02,0.09,1.95,4.616,4.536,4.493,198875.74,174134.44,191234.5,1.45,601700
9/8/2021,13,13.75,13.75,13,166099.19,1.25,10,12.754,12.05,10.407,328190.73,440300.99,452229.52,5.98,601702
9/8/2021,14.08,14.55,13.63,13.59,461318.34,-0.66,-4.62,13.46,13.043,12.429,424760.63,550535.21,468726.5,3.1,601717
9/8/2021,3.06,3.12,3.11,3.05,493041.16,0.05,1.63,3.026,2.948,2.86,500999.08,491511.18,367241.62,1.12,601718
9/8/2021,4.93,5.07,4.99,4.86,1283267.5,0.1,2.04,4.938,4.865,4.748,1146546.52,1214463.76,1414353.32,1.01,601727
9/8/2021,4.54,4.55,4.54,4.53,4579273.5,0,0,4.546,4.583,4.801,5423533.4,7271776.6,9970072.21,7.91,601728
9/8/2021,6.84,6.97,6.87,6.78,1784310.38,0.05,0.73,6.848,6.714,6.347,2221040.28,2690067.39,1768694.83,0.73,601766
9/8/2021,7.33,7.43,7.3,7.22,229672.31,-0.03,-0.41,7.182,6.926,6.435,379132.74,473812.15,485878.15,0.51,601777
9/8/2021,10.7,10.8,10.05,9.87,1346010,-0.75,-6.94,10.368,9.699,8.49,1425573.26,1274336.05,1105901.72,7.73,601778
9/8/2021,17.1,17.62,17.08,17.01,777626.56,-0.01,-0.06,17.024,16.586,16.111,1026273.15,900016.39,743264.66,1.99,601788
9/8/2021,3.96,4.1,4.05,3.95,228019.84,0.09,2.27,3.938,3.847,3.692,207265.34,214219.82,149771.55,2.34,601789
9/8/2021,5.85,5.93,5.9,5.82,25799,0.05,0.85,5.784,5.746,5.708,23391.64,21218.15,24153.43,0.73,601798
9/8/2021,194.65,194.65,194,185,19398.02,-0.28,-0.14,191.368,190.737,190.238,14568.08,19334.49,21973.29,0.68,601799
9/8/2021,9.18,9.4,9.24,9.05,2013993.62,-0.12,-1.28,9.042,8.178,7.517,3045115.12,1899772.69,1172093.73,1.71,601800
9/8/2021,4.81,4.85,4.81,4.78,111928.71,0,0,4.708,4.625,4.513,98906.76,86677.99,65214.23,0.56,601801
9/8/2021,14.98,15,14.6,14.47,138420.69,-0.34,-2.28,14.416,13.949,13.252,148731.48,141702.03,111343.58,0.47,601808
9/8/2021,9,9.16,9.14,8.99,19414,0.12,1.33,8.954,8.811,8.573,17240.03,17913.03,13833.22,0.25,601811
9/8/2021,4.89,4.91,4.87,4.84,585677.44,-0.01,-0.2,4.872,4.772,4.645,689299.11,754717.11,621305.17,0.21,601816
9/8/2021,3.51,3.57,3.55,3.5,1272416.88,0.03,0.85,3.502,3.419,3.395,1307594.76,1215657.45,953811.47,0.31,601818
9/8/2021,7.91,8.02,7.94,7.88,643661,-0.01,-0.13,7.926,7.928,8.362,850239,1013518.88,1511748.85,6.67,601825
9/8/2021,9.25,9.44,9.35,9.21,184291.19,0.13,1.41,9.238,9.159,9.051,150024.92,130882.41,105974.94,2.3,601827
9/8/2021,10.57,10.63,10.39,10.29,118824.51,-0.17,-1.61,10.344,10.375,10.204,94765.43,110218.93,81059.13,0.38,601828
9/8/2021,12.32,12.52,12.3,12.25,259486.55,-0.1,-0.81,12.254,12.101,11.612,334640.48,361772.15,303165.74,0.72,601838
9/8/2021,5.1,5.23,5.16,5.08,1431153,0.03,0.58,5.062,4.942,4.732,1617938.2,1767003.83,1492978.86,0.09,601857
9/8/2021,8.92,9.36,9.25,8.92,63950.05,0.35,3.93,8.948,8.731,8.404,46613.33,43994.88,30218.93,0.81,601858
9/8/2021,3.44,3.5,3.47,3.43,244191.38,0.03,0.87,3.394,3.323,3.296,270552.59,215375.27,167066.98,1.39,601860
9/8/2021,51.65,52.08,49,47.51,305156.31,-2.6,-5.04,53.118,54.224,49.748,265525,276168.58,263558.08,5.72,601865
9/8/2021,4.23,4.56,4.49,4.22,2121077.5,0.25,5.9,4.144,4.014,3.758,1605384.06,1627206.74,1276739.28,2.67,601866
9/8/2021,30.29,32.08,31.66,29.73,97055.22,1.41,4.66,29.152,27.344,26.523,76703.6,48903.34,32440.76,2.39,601869
9/8/2021,4.8,4.91,4.87,4.76,493112.28,0.03,0.62,4.702,4.496,4.253,656206.53,554738.53,415892.74,0.73,601872
9/8/2021,56.65,57.5,52.9,52.2,380149.72,-3.88,-6.83,56.694,57.447,54.724,423933.28,450319.38,437848.85,1.77,601877
9/8/2021,13.73,13.95,13.46,13.45,965225.75,-0.25,-1.82,13.57,13.072,12.48,1843587.65,1443891.76,1013692.14,2.67,601878
9/8/2021,1.83,1.88,1.87,1.82,1969531.12,0.04,2.19,1.806,1.756,1.718,1728653.8,1474907.19,1005007.07,1.13,601880
9/8/2021,11.21,11.38,11.19,11.14,520383.62,-0.06,-0.53,11.136,10.749,10.48,722249.66,568724.38,465669.47,0.81,601881
9/8/2021,30.19,30.48,29.31,28.86,111141.59,-1.19,-3.9,29.826,31.264,28.158,125994.91,185217.05,148102.02,2.13,601882
9/8/2021,7.68,7.81,7.79,7.64,141078.2,0.11,1.43,7.73,7.441,7.21,205817.16,171355.55,131320.56,1.22,601886
9/8/2021,249.59,250.98,249.33,246.05,97932.24,-0.23,-0.09,241.268,239.579,241.678,140631.47,135207.53,132928.79,0.5,601888
9/8/2021,8.01,8.15,8.07,7.69,899013.81,0.14,1.76,7.432,7.065,6.579,706982.96,716092.45,548907.73,9.37,601890
9/8/2021,8.72,9.48,9.17,8.67,1129930.25,0.29,3.27,8.604,8.298,7.73,879032.55,876868.44,689860.29,1.23,601898
9/8/2021,10.91,11.04,10.85,10.68,4234737.5,-0.13,-1.18,10.95,10.828,10.749,4022042.6,4081016.05,4276416.58,2.07,601899
9/8/2021,7.59,7.62,7.62,7.51,37314.99,0.04,0.53,7.5,7.424,7.242,28998.13,32977.65,25292.93,0.42,601900
9/8/2021,8.7,9.07,8.98,8.69,2097938.25,0.27,3.1,8.736,8.608,8.588,1258525.34,923657.49,745151.41,2.55,601901
9/8/2021,13.2,13.35,12.32,12.29,1493565.62,-0.74,-5.67,12.51,12.32,11.359,1467324.08,1632935.58,1290653.58,6.19,601908
9/8/2021,3.6,3.62,3.61,3.59,363159.62,0.02,0.56,3.58,3.561,3.58,391321.28,347778.48,312293.88,0.52,601916
9/8/2021,6.21,6.66,6.57,6.12,2108435.5,0.27,4.29,5.988,5.765,5.39,1636872.3,1437434.82,1116109.6,8.14,601918
9/8/2021,20.99,21.69,21.38,20.72,3119376.25,0.48,2.3,20.428,20.866,20.976,2795232.3,2964055.5,2944286.18,2.75,601919
9/8/2021,9.83,10.49,10.28,9.8,214850.58,0.44,4.47,9.908,9.894,10.254,100906.02,110254.97,141798.47,9.67,601921
9/8/2021,7.11,7.33,7.31,7.08,235971.5,0.24,3.4,7.098,6.938,6.738,210101.58,165694.1,119298.06,0.93,601928
9/8/2021,1.91,1.99,1.98,1.9,610224.88,0.06,3.12,1.908,1.862,1.814,362439.75,290347.62,216871.98,1.96,601929
9/8/2021,4.01,4.07,4.05,4,455148.38,0.03,0.75,3.994,3.939,4.018,393748.04,386845.35,338872.79,0.48,601933
9/8/2021,6.07,6.24,6.22,6.06,2095146.25,0.15,2.47,6.052,5.955,5.94,1183392.31,1031481.87,893195.81,2.18,601939
9/8/2021,5.86,6.04,6.03,5.83,190459.09,0.2,3.43,5.856,5.645,5.532,175243.22,129955.68,108409.15,1.05,601949
9/8/2021,10.47,10.87,10.85,10.45,300363.16,0.38,3.63,10.504,10.397,10.563,167075.4,148517.06,165846.88,2.18,601952
9/8/2021,7,7.05,7.05,6.98,33621.86,0.05,0.71,6.926,6.976,7.091,36897.42,45042.27,44261.05,1.62,601956
9/8/2021,9.1,9.1,8.86,8.8,434427.72,-0.08,-0.9,8.968,9.118,8.463,536032.2,688130.74,676543.18,1.35,601958
9/8/2021,9.13,9.25,9.23,9.11,143300.88,0.07,0.76,9.14,9.054,9.106,112802.38,111154.09,106518.81,4.12,601963
9/8/2021,17.27,17.51,17.48,17.1,54317.13,0.24,1.39,17.158,17.857,18.687,61568.72,81990.27,75949.99,0.56,601965
9/8/2021,34,35.2,34.79,33.51,83620.12,0.62,1.81,33.292,32.192,34.435,109784.23,122922.83,98899.55,0.62,601966
9/8/2021,10.23,10.32,10.17,10,31347.79,-0.07,-0.68,9.98,9.987,10.153,29537.58,39969.99,38784.25,0.37,601968
9/8/2021,20.76,22.89,22.3,20.5,518503.88,1.39,6.65,21.738,21.721,20.031,505423.58,635173.62,603970.91,2.65,601969
9/8/2021,2.11,2.18,2.16,2.11,868438.06,0.04,1.89,2.1,2.033,1.986,827440.11,687304.92,504793.92,2.48,601975
9/8/2021,5.9,6.48,6.48,5.9,3244674.5,0.59,10.02,5.932,5.651,5.392,2236367.65,1803109.04,1329680.56,1.91,601985
9/8/2021,3.09,3.11,3.1,3.08,1848449.62,0.01,0.32,3.072,3.048,3.036,1772961.6,1538324.39,1229851.2,0.09,601988
9/8/2021,4.58,4.74,4.65,4.55,3298181.5,0.03,0.65,4.496,4.4,4.217,2939777.4,3020528.21,2202116.09,1.49,601989
9/8/2021,10.84,11.07,10.79,10.75,731820.38,-0.11,-1.01,10.812,10.801,11.03,688488.45,748731.53,848434.04,2.02,601990
9/8/2021,2.94,3.13,3.09,2.93,1598013.38,0.18,6.19,2.948,2.85,2.783,1399521.49,1020411.76,789068.11,1.29,601991
9/8/2021,2.85,2.93,2.92,2.84,545675.62,0.07,2.46,2.844,2.784,2.72,499912.66,455417.73,365196.49,0.65,601992
9/8/2021,59,60.66,58.3,58.14,271661.91,-1.08,-1.82,58.018,55.53,54.486,354567.91,298050.51,266419.97,8.46,601995
9/8/2021,3.41,3.53,3.51,3.4,242908.66,0.1,2.93,3.418,3.362,3.316,188126.53,152492.25,127074.85,2.25,601996
9/8/2021,6.86,6.94,6.91,6.85,252141.38,0.05,0.73,6.836,6.76,6.761,216247.74,222858.88,182170.63,0.81,601997
9/8/2021,4.73,4.78,4.76,4.71,403846.5,0.02,0.42,4.72,4.657,4.637,349007.35,302538.1,236407.95,0.12,601998
9/8/2021,6.14,6.42,6.39,6.12,138330.81,0.23,3.73,6.184,6.079,5.912,95889.2,86212.62,70456.11,2.51,601999
9/8/2021,13.69,14.28,14.14,13.68,162594.02,0.47,3.44,13.732,13.511,13.374,103642.63,94271.46,70384.47,1.47,603000
9/8/2021,9.03,9.25,9.19,9.01,23656.79,0.16,1.77,9.072,9.061,8.88,22353.21,28399.66,25322.21,0.59,603001
9/8/2021,7.95,8.07,8.05,7.75,177063.02,0.26,3.34,7.754,7.731,7.521,123071.85,142873.63,137505.46,2.88,603002
9/8/2021,7.13,7.27,7.25,7.11,38954.73,0.12,1.68,7.076,6.954,6.856,29987.3,34951.04,28059.32,0.97,603003
9/8/2021,49.11,50.2,50.06,48.73,112245.71,0.95,1.93,48.974,49.834,51.311,87523.63,95329.35,106775.75,2.76,603005
9/8/2021,9.21,9.3,9.25,9.17,11735,0.03,0.33,9.144,9.115,9.059,12255.69,13997.68,13132.34,0.61,603006
9/8/2021,3.29,3.41,3.39,3.28,83248.94,0.1,3.04,3.29,3.266,3.251,51484.83,48785.17,45134.88,2.5,603007
9/8/2021,30.08,30.98,29.87,28.24,119174.18,-0.21,-0.7,28.48,27.541,27.679,72313.78,54426.7,45563.46,3.08,603008
9/8/2021,6.88,7.08,7.06,6.78,88894,0.2,2.92,6.946,6.998,6.852,76089.72,87920.26,87330.35,2.63,603009
9/8/2021,20.16,20.25,20.05,19.88,57536.58,-0.17,-0.84,20.13,20.394,20.159,73041.6,100764.53,98787.54,1.19,603010
9/8/2021,6,6,5.91,5.88,110710.14,-0.09,-1.5,5.94,6.004,5.738,141467.23,236786.33,202965.07,2.47,603011
9/8/2021,6.07,6.15,6.1,6.06,93197.24,0.03,0.49,6.042,5.965,5.83,77264.57,82146.15,71371.7,1.46,603012
9/8/2021,17.2,17.62,17.1,16.95,46182.12,0.1,0.59,17.012,17.311,17.603,50559.54,60477.24,84792.84,0.91,603013
9/8/2021,8.91,9.02,8.85,8.7,69909,-0.06,-0.67,8.876,8.944,8.69,88186.97,112626.21,129482.55,1.73,603015
9/8/2021,22.44,23,22.5,22.31,18890,0.19,0.85,22.506,22.952,24.5,15011.2,14887.25,11926.5,1.27,603016
9/8/2021,9.57,9.66,9.62,9.53,20603,0.02,0.21,9.672,9.523,9.295,39184.33,31818.77,22784.95,0.75,603017
9/8/2021,8.9,8.98,8.95,8.75,52259.7,0.04,0.45,8.654,8.334,8.048,72333.59,61654.97,68629.13,0.78,603018
9/8/2021,29.09,29.34,29.22,28.89,139661.23,0.13,0.45,28.752,28.85,29.432,138168.14,177296.93,187770.27,0.96,603019
9/8/2021,14.62,14.62,14.49,14.3,55131.32,-0.12,-0.82,14.076,14.121,14.55,76360.76,88905.61,77503.12,1.72,603020
9/8/2021,4.9,4.95,4.93,4.84,48256.4,0.06,1.23,4.796,4.734,4.7,33184.78,28426.93,26979.11,1.51,603021
9/8/2021,12.4,12.54,12.45,12.27,10106.7,0.1,0.81,12.554,12.358,11.988,20228.09,18235.19,13043.25,0.51,603022
9/8/2021,3.91,4.03,3.98,3.89,38868.98,0.07,1.79,3.884,3.879,3.886,28836.44,29394.4,28201.83,0.69,603023
9/8/2021,27.98,28.02,27.62,27.27,68543.85,-0.14,-0.5,27.258,27.028,28.169,91252.84,85963.81,86536.23,0.74,603025
9/8/2021,296,305,299.26,295,78061.04,5.93,2.02,280.452,282.336,261.821,71651.38,76769.56,80009.31,3.85,603026
9/8/2021,17.71,17.88,17.7,17.53,82315.56,0.01,0.06,17.44,17.413,19.686,104931.24,131752.4,148538.5,1.04,603027
9/8/2021,8.36,8.46,8.44,8.27,27806.38,0.09,1.08,8.38,8.36,8.387,22742.1,24362.98,23459.38,0.97,603028
9/8/2021,14.31,15.04,14.93,14.26,17611.41,0.56,3.9,14.5,14.484,14.47,13625.48,11222.42,12660.87,1.89,603029
9/8/2021,3.79,3.88,3.87,3.79,50728,0.08,2.11,3.794,3.917,4.086,48939.22,62542.72,54836.83,0.94,603030
9/8/2021,34.3,34.69,34.4,32.6,17916.5,0.75,2.23,32.674,32.009,29.494,10584.75,12719.96,7808.02,1.6,603031
9/8/2021,37.21,38.78,37.63,36.66,19822.41,-0.66,-1.72,37.46,36.527,35.257,24189.97,28955.72,32792.78,1.24,603032
9/8/2021,27.6,29.61,29.4,27,115646.55,2.48,9.21,26.784,24.65,21.581,78872.46,74545.03,59383.03,3.32,603033
9/8/2021,13.89,13.98,13.88,13.72,95095.53,0.1,0.73,13.652,13.675,13.563,90487.76,112837.31,112499.35,2.65,603035
9/8/2021,8.25,8.42,8.35,8.17,15953.09,0.1,1.21,8.206,8.074,7.921,16570.2,15122.14,11925.71,0.78,603036
9/8/2021,17.8,17.96,17.81,17.73,8326.2,-0.07,-0.39,17.94,17.957,17.421,11001.48,17281.51,23558.37,0.79,603037
9/8/2021,11.59,11.66,11.61,11.51,12694.85,0.02,0.17,11.526,11.429,11.633,11075.66,10744.29,11405.79,0.69,603038
9/8/2021,70.6,73.89,70.7,70.06,11278.48,0,0,69.874,71.999,71.523,11958.8,13344.61,12025.5,0.44,603039
9/8/2021,23.02,23.42,22.54,22.41,25787.46,-0.94,-4,23.126,22.735,21.151,26729.91,32678.57,22064.09,1.92,603040
9/8/2021,12.33,12.44,12.41,12.29,10988.84,0.05,0.41,12.274,12.163,12.064,11453.1,9209.86,9084.06,0.78,603041
9/8/2021,13.15,13.67,13.67,13.08,33390.53,0.54,4.11,13.32,13.236,13.482,20888.89,20419,24917.33,2.46,603042
9/8/2021,23.15,23.29,22.92,22.88,30957.85,-0.34,-1.46,23.142,23.147,23.069,31021.62,32848.84,29187.17,0.55,603043
9/8/2021,14.12,14.36,14.33,14.01,34664.8,0.17,1.2,14.16,14.597,14.43,42044.8,61957.22,53987.17,2.52,603045
9/8/2021,15.91,17.47,17.47,15.82,178549.34,1.59,10.01,16.394,16.179,15.992,96322.87,82640.62,93884.83,11.01,603050
9/8/2021,11.6,11.6,11.42,11.35,108757.31,-0.23,-1.97,11.266,11.021,10.736,112249.52,83613.79,71233.5,1.94,603053
9/8/2021,16.1,16.79,15.71,15.5,254091.52,-0.09,-0.57,14.81,13.226,11.737,227444.69,170299.54,138054.5,3.3,603055
9/8/2021,11.24,11.28,11.09,10.9,68185,-0.16,-1.42,11.04,10.511,10.368,111960.69,94556.36,60138.97,0.71,603056
9/8/2021,7.5,7.88,7.88,7.43,53753,0.41,5.49,7.474,7.308,7.188,40356.19,39120.33,32991.7,1.28,603058
9/8/2021,21.93,21.93,21.73,21.56,5798.55,-0.03,-0.14,21.312,21.462,21.412,6930.17,9637.09,9286.29,0.58,603059
9/8/2021,20.76,21.7,21.22,20.73,44398.89,0.24,1.14,20.882,20.007,18.608,69253.97,91722.56,58920.07,0.74,603060
9/8/2021,22.88,23.65,23.1,22.6,123152.33,0.3,1.32,23.432,23.787,25.159,166780.64,169036.06,187537.99,2.85,603063
9/8/2021,8.58,9.14,8.88,8.57,57371.48,0.25,2.9,8.686,8.657,8.35,29101.31,34530.51,28579.44,1.91,603066
9/8/2021,11.79,13.09,13.09,11.55,249751.06,1.19,10,11.928,11.986,11.42,160363.44,196732.34,171659.13,5.79,603067
9/8/2021,72.2,73,72.43,71.86,7756.76,0.07,0.1,72.356,74.3,78.202,16510.01,19223.37,27615.25,0.73,603068
9/8/2021,19,19.29,18.82,18.66,57379,-0.2,-1.05,18.844,18.594,18.018,82041,98730.18,73821.09,1.82,603069
9/8/2021,39.93,40.33,39.25,38.9,16687.6,-0.63,-1.58,41.172,41.907,40.827,14524.1,20694.51,18563.29,1.6,603076
9/8/2021,3.7,3.82,3.7,3.55,7007837.5,0.04,1.09,3.524,3.252,2.874,7780422.7,7332452.1,5013539.25,7.94,603077
9/8/2021,26.83,27.67,27.43,26.61,52537.57,0.68,2.54,26.904,28.012,28.785,49468.59,75887.52,77630.8,2.68,603078
9/8/2021,15.56,15.64,15.5,15.49,7168.56,-0.06,-0.39,15.364,15.233,15.427,7345.49,7615.53,8429.31,0.42,603079
9/8/2021,16.78,16.82,16.37,16.15,115473.93,-0.46,-2.73,16.328,16.155,15.216,149922.92,163310.9,142239.98,8.16,603080
9/8/2021,12.74,12.96,12.82,12.67,33313,0.08,0.63,12.538,12.452,12.319,46563.7,44314.56,44479.66,0.83,603081
9/8/2021,15.11,15.24,15.15,14.94,57264.31,0.04,0.27,14.956,14.712,15.186,69469.42,66447.48,93521.18,2.27,603083
9/8/2021,6.8,7.03,6.99,6.78,80678.34,0.18,2.64,6.776,6.765,6.713,49204.73,47431.89,47184.56,2.18,603085
9/8/2021,9.58,9.92,9.91,9.43,139445.14,0.37,3.88,9.034,8.833,8.85,55568.46,37559.95,23836.4,6.35,603086
9/8/2021,79.96,80.46,79.08,79,29783.26,-0.87,-1.09,80.268,80.532,78.766,31721.59,39969.73,49923.33,1.03,603087
9/8/2021,6.44,6.55,6.45,6.37,51382.53,0.01,0.15,6.41,6.417,6.242,57831.73,63665.8,70533.31,1.67,603088
9/8/2021,8.79,8.88,8.86,8.72,25620.65,0.07,0.8,8.72,8.749,9.025,22284.74,28060.84,28270.57,1.15,603089
9/8/2021,16,16.41,16.22,15.83,14062,0.2,1.25,15.91,16.007,15.961,12315.22,13720.34,16305.68,1.41,603090
9/8/2021,14.65,14.82,14.41,14.38,63475.14,-0.34,-2.31,14.488,14.191,13.855,73081.1,62089.35,49755.68,5.75,603093
9/8/2021,24.9,24.93,24.8,24.6,7643.3,-0.03,-0.12,24.65,24.429,23.858,11536.01,13586.19,13815.12,2.04,603095
9/8/2021,27.51,27.95,27.76,27.51,2632.23,0.22,0.8,27.52,27.252,28.031,2611.46,2794.37,3644.15,0.16,603096
9/8/2021,44.08,45.12,42.07,42.04,58638.75,-1.77,-4.04,44.024,42.783,42.896,89629.25,89742.89,81218.41,1.09,603098
9/8/2021,10.6,10.87,10.72,10.54,41059,-0.02,-0.19,10.598,10.48,9.702,62959.37,83604.67,58104.91,1.54,603099
9/8/2021,21.92,22.45,22.14,21.55,41599.92,0.31,1.42,21.942,21.43,19.704,77216.19,87999.31,78864.18,1.05,603100
9/8/2021,6,6.24,6.19,5.86,100477.08,0.2,3.34,6,5.55,5.297,106888.69,59698.43,33719.03,2.14,603101
9/8/2021,13.64,14.08,13.99,13.63,35383.56,0.36,2.64,13.556,13.344,13.087,35424.36,36173.03,32087.84,0.56,603103
9/8/2021,14.05,14.33,13,12.92,587725,-1.01,-7.21,14.238,14.21,12.463,518938.24,571046.46,435130.46,11.75,603105
9/8/2021,5.21,5.28,5.28,5.16,41605.64,0.07,1.34,5.156,5.068,5.051,33409.34,36445.9,31773.58,0.8,603106
9/8/2021,10.48,10.8,10.67,10.48,70211.58,0.19,1.81,10.428,10.262,10.176,52111.96,45742.75,41507.27,1.21,603108
9/8/2021,24.5,24.96,24.91,24.11,23578,0.43,1.76,24.528,24.12,23.523,28727.8,26494.02,19880.03,5.05,603109
9/8/2021,28.46,28.56,28.36,28.02,6014.04,0.08,0.28,27.666,27.772,28.331,8974.95,8617.41,8646.88,0.3,603110
9/8/2021,5.8,5.85,5.79,5.75,60517,0.01,0.17,5.814,5.762,5.574,81481.09,105135.5,108920.95,0.72,603111
9/8/2021,12.22,12.24,12.1,12.02,37470.56,-0.11,-0.9,12.234,12.41,12.393,40946.63,53426.6,60927.4,7.04,603112
9/8/2021,20.63,21.48,20.83,20.28,233952.98,0.22,1.07,20.212,19.73,19.159,217723.72,238273.67,213370.13,3.25,603113
9/8/2021,21.42,22.74,21.93,21.41,62472.65,0.72,3.4,21.434,22.235,22.284,64983.15,70396.18,91718.46,12.01,603115
9/8/2021,6.11,6.23,6.2,6.09,41117.4,0.12,1.97,6.038,5.972,5.952,34885.68,30338.82,25688.34,0.71,603116
9/8/2021,3.63,3.72,3.72,3.63,67120.6,0.07,1.92,3.614,3.55,3.493,48249.16,41991.96,36392.56,1.06,603117
9/8/2021,9.35,9.4,9.36,9.29,63213.47,-0.02,-0.21,9.16,8.957,9.108,66775.33,68939.54,70637.55,0.81,603118
9/8/2021,12,12.04,11.81,11.74,37511.31,-0.09,-0.76,11.892,11.929,11.98,40464.91,45430.14,56685.19,3.16,603121
9/8/2021,7.02,7.25,7.19,6.99,35813.46,0.18,2.57,6.99,6.884,6.752,39692.65,32661.81,24680.16,0.62,603123
9/8/2021,9.35,9.65,9.37,9.33,269880.03,0,0,9.462,8.989,8.619,377417.28,324070.98,221990.43,4.42,603126
9/8/2021,150.52,150.52,146.8,143,16295.73,-1.5,-1.01,142.978,142.388,142.231,23736.47,21608.87,25245.73,0.51,603127
9/8/2021,16,16.1,15.51,15.41,127196,-0.49,-3.06,15.336,15.085,14.435,128021.02,119498.5,122751.43,0.97,603128
9/8/2021,127.99,127.99,126.43,125,7191.41,-0.09,-0.07,126.292,130.67,124.953,11615.73,11791.47,13222.39,0.54,603129
9/8/2021,23,23.05,22.22,22.18,33565.61,-0.78,-3.39,22.45,22.892,23.161,53017.48,55068.61,73417.5,1.13,603131
9/8/2021,10.2,10.3,10.24,10.14,67606.21,-0.01,-0.1,10.282,11.009,11.343,92636.72,178068.99,160346.71,3.23,603133
9/8/2021,19.47,19.47,18.8,18.58,47777.79,-0.88,-4.47,19.442,19.397,17.92,55150.01,62521,56890.84,2.56,603136
9/8/2021,13.58,13.65,13.37,13.3,35552.39,-0.17,-1.26,13.416,13.295,13.102,38452.3,43001.41,43099.25,1.41,603138
9/8/2021,17.28,17.47,17.42,17.14,5462.36,0.15,0.87,17.166,17.101,17.008,5231.43,5755.41,5621.64,0.55,603139
9/8/2021,53.6,55.08,53.94,53.05,16804.77,0.46,0.86,53.628,55.175,54.679,24833.23,31320.06,29316.12,4.32,603155
9/8/2021,34.97,35.48,34.81,33.9,61739.49,0.24,0.69,33.756,32.276,30.648,69929.73,72185.59,72283.57,0.49,603156
9/8/2021,2.78,2.82,2.67,2.66,134900.27,-0.13,-4.64,2.69,2.552,2.475,98082.65,67759.13,52696.01,4.06,603157
9/8/2021,14.4,14.75,14.37,14.2,49587.6,-0.02,-0.14,14.248,14.582,15.066,63480.07,100484.5,154897.75,1.64,603158
9/8/2021,17.19,17.42,17.05,16.52,84377.64,0.13,0.77,15.968,15.764,15.73,38706.11,32562.07,25487.54,6.03,603159
9/8/2021,105.2,107.17,106.77,104.78,30405.45,1.83,1.74,104.982,105.355,106.897,28514.14,32327.52,30735.63,0.67,603160
9/8/2021,15.35,15.51,15.3,15.03,35112.71,0.1,0.66,15.132,15.14,14.907,46657.06,58239.05,65689.48,2.63,603161
9/8/2021,12.7,13.42,13.24,12.68,67955.63,0.56,4.42,12.598,12.45,12.38,32658.91,24440.29,17831.62,2.58,603165
9/8/2021,9.36,9.46,9.28,9.16,89605.8,-0.09,-0.96,9.474,9.371,8.869,108626.73,117880.23,113160.69,1.51,603166
9/8/2021,8.65,8.81,8.74,8.64,106575.24,0.03,0.34,8.546,8.394,8.348,103829.13,86298.26,76838.78,2.27,603167
9/8/2021,9.95,10.14,10.03,9.87,34035.13,0.08,0.8,10.002,9.98,9.739,49666.13,55620.53,55776.55,1.06,603168
9/8/2021,6.16,6.34,6.19,6.13,275405.62,0.03,0.49,6.248,6.278,6.02,319109.4,355847.67,405217.39,2.62,603169
9/8/2021,39.14,39.45,38.4,38.31,19400.86,-0.75,-1.92,39.906,39.76,41.025,24303.42,32302.93,54205.85,4.78,603171
9/8/2021,14.48,15,14.93,14.26,20804.67,0.45,3.11,14.482,14.201,13.654,11549.73,9883.39,8185.07,1.03,603177
9/8/2021,10.91,11.02,10.95,10.83,19990,0.04,0.37,10.966,11.094,11.104,27924.38,33252.42,37383.53,0.99,603178
9/8/2021,30.6,31.78,31.22,30.35,21885.86,0.72,2.36,30.236,31.554,32.613,21110.53,23368.35,23321.84,0.58,603179
9/8/2021,31.97,32.66,32.3,31.74,10669.17,0.35,1.09,31.658,31.597,32.698,12864.13,15245.81,15443.81,0.74,603180
9/8/2021,20.9,21.16,21.01,20.43,26768.39,0.11,0.53,20.792,21.096,20.563,37447.82,48119.21,59266.83,0.66,603181
9/8/2021,6.12,6.2,6.13,6.07,67184.21,0.01,0.16,6.018,5.925,5.699,72038.56,83533.01,68562.64,1.7,603183
9/8/2021,309,313.44,295.85,294.99,42213.17,-14.71,-4.74,312.734,315.982,289.872,65879.25,65635.15,57465.34,4.13,603185
9/8/2021,39.38,40.59,39.18,38.95,69071.8,0.52,1.34,38.112,37.395,38.421,50933.12,43262.57,49368.54,4.93,603186
9/8/2021,41.3,41.92,41.39,40.91,7161.19,-0.01,-0.02,40.204,39.831,38.995,13706.54,15487.67,15086.36,0.39,603187
9/8/2021,5.34,5.56,5.51,5.25,80759.43,0.21,3.96,5.264,5.272,5.233,47543.95,37962.97,30257.94,1.4,603188
9/8/2021,19.18,19.84,19.76,19.05,38686.66,0.57,2.97,19.182,18.939,18.717,24516.06,27346.06,25856.89,1.75,603189
9/8/2021,25.37,25.78,25.39,25.2,5348,-0.26,-1.01,25.574,25.498,24.863,9176.8,9621.19,8170.43,0.5,603192
9/8/2021,176.5,178.48,177.5,174.51,13756.27,1,0.57,175.244,177.614,179.096,12928.82,15399.31,18181.47,1.82,603195
9/8/2021,7.52,8.17,8.04,7.49,80168.2,0.52,6.92,7.574,7.499,7.534,38487.99,39500.35,29318.45,3.34,603196
9/8/2021,31.83,31.83,31.12,30.88,17905.42,-0.59,-1.86,31.156,31.94,32.798,20192.45,24017.67,22506.17,1.09,603197
9/8/2021,56,56.81,55.76,54.58,177038.28,-1.41,-2.47,53.93,49.194,43.067,218521.25,214873.02,145517.28,2.21,603198
9/8/2021,22.36,22.7,22.39,22.21,10298.58,-0.06,-0.27,22.262,22.083,21.256,10310.12,11173.36,10275.09,0.93,603199
9/8/2021,19.6,20.1,19.78,19.53,29219.44,0.28,1.44,19.382,18.896,18.599,28176.69,27963.77,29048.85,2.33,603200
9/8/2021,39,39.69,37.91,37.25,52391.77,-1.57,-3.98,38.27,35.887,32.861,69223.08,66283.1,45347.01,2.79,603203
9/8/2021,70.98,75.6,73.75,70.95,6860.43,2.23,3.12,72.29,73.136,76.381,5049.24,5408.81,8525.22,0.65,603208
9/8/2021,33.9,34.78,33.41,33,65048,-0.65,-1.91,35.024,34.902,32.341,97312.86,130575.7,100546.31,2.55,603212
9/8/2021,23.7,24.14,23.96,23.6,34409.85,0.29,1.23,23.66,23.826,25.469,33173.6,39940.73,62412,2.45,603214
9/8/2021,43.35,45,44.78,43.35,24471.41,0.9,2.05,44.21,45.718,43.56,27945.32,44308.55,41785.95,5.35,603217
9/8/2021,34.1,35.11,33.7,33.58,202789.77,-0.55,-1.61,33.654,33.284,33.991,363418.66,314329.26,270019.39,2.1,603218
9/8/2021,15.48,16.2,15.68,15.41,153103.66,0.2,1.29,15.444,14.998,14.878,143858.76,115470.23,141069.56,8.25,603220
9/8/2021,9.53,9.68,9.66,9.51,18060,0.13,1.36,9.52,9.535,9.505,13620,19544.04,13353.97,2.97,603221
9/8/2021,14.43,15.35,15.01,14.28,162040.69,0.66,4.6,14.282,14.167,14.501,72298.11,60867.79,89270.79,5.06,603222
9/8/2021,38,38.47,38.04,37.49,18247.47,-0.07,-0.18,37.236,37.525,36.637,27891.2,29165.54,30742.05,0.65,603223
9/8/2021,20.01,21.47,21.25,19.93,222605.2,1.1,5.46,19.83,18.945,18.785,186919.42,198565.01,159417.24,1.48,603225
9/8/2021,7.16,7.23,7.12,7.09,18105.25,0,0,7.082,7.087,7.113,14587.45,13961.97,15743.23,0.66,603226
9/8/2021,6.39,6.6,6.58,6.38,193503.98,0.19,2.97,6.456,6.355,6.232,181028.18,215576.56,250104.05,2.94,603227
9/8/2021,27.34,27.34,26.48,26.21,60188.5,-0.72,-2.65,25.914,25.788,26.325,74538.3,60114.81,60778.18,0.72,603228
9/8/2021,27.87,28.08,27.81,27.47,10642.53,0.21,0.76,27.604,27.452,27.819,8978.05,9500.96,16207.01,0.38,603229
9/8/2021,14.5,14.69,14.55,14.38,46138.79,0.15,1.04,14.258,14.185,14.453,32193.92,28262.4,25748.35,1.99,603232
9/8/2021,46.51,46.98,45.49,45.42,30437.53,-1.32,-2.82,46.25,46.068,47.434,52511.29,63173.22,62837.34,0.39,603233
9/8/2021,161.1,161.1,156.99,156.3,14902.56,-2.9,-1.81,157.81,161.401,161.677,17132.87,18890.26,18893.31,1.61,603236
9/8/2021,12.58,12.68,12.62,12.51,10400.5,0.01,0.08,12.498,12.615,12.98,9496.86,16565.78,19095,0.6,603238
9/8/2021,14.65,14.88,14.62,14.5,18926,-0.03,-0.2,14.764,14.509,14.206,33759.66,37074.59,27361.03,0.7,603239
9/8/2021,10.46,10.5,10.35,10.2,31769.4,-0.05,-0.48,10.316,10.246,9.909,41863.68,46693,44539.69,2.34,603256
9/8/2021,25.19,26.5,25.93,25.01,69113.6,0.74,2.94,23.93,22.426,21.884,57844.75,39676.61,27268.17,2.86,603258
9/8/2021,142,142.7,139.91,137.7,191021.92,-1.29,-0.91,136.794,133.576,132.487,275531.81,277129.39,316170.64,0.75,603259
9/8/2021,210.8,220.5,212.48,206.43,119943.43,1.81,0.86,213.848,215.941,180.062,161166.25,176473.12,149168.62,1.28,603260
9/8/2021,11.7,11.94,11.94,11.67,26408.55,0.27,2.31,11.714,11.789,11.84,18967.96,20063.34,20560.45,1.34,603266
9/8/2021,145.3,150.15,147.44,142.5,22906.95,1.71,1.17,144.628,147.303,155.637,23046.51,33273.55,38013.96,1.45,603267
9/8/2021,15.61,15.88,15.35,15.28,10756.4,-0.28,-1.79,15.632,15.856,15.988,7197.01,10198.33,9241.1,0.87,603268
9/8/2021,12.16,12.63,12.4,12.11,17478.9,0.24,1.97,11.96,11.772,11.444,12872.91,12681.26,10436.22,1.55,603269
9/8/2021,22.53,22.61,21.88,21.82,15183,-0.65,-2.88,21.732,22.083,20.982,19990.94,22734.24,21636.93,0.37,603277
9/8/2021,10.33,10.53,10.5,10.26,42585.85,0.16,1.55,10.274,10.123,10.01,45923.62,41056.16,43919.36,1.47,603278
9/8/2021,39.83,40.6,40.1,38.8,24021.94,0.32,0.8,39.532,39.934,38.634,35363.8,37121.17,48102.72,1.26,603279
9/8/2021,24.4,24.98,24.77,24.09,26343.43,0.37,1.52,24.184,24.701,26.333,25218.82,27845.7,32387.01,1.47,603283
9/8/2021,17.4,17.51,17.24,17.2,17527.33,-0.23,-1.32,17.364,17.87,16.895,20498.8,29263.42,24904.87,1.99,603286
9/8/2021,89.8,91.66,90.75,89.2,89959.42,0.51,0.56,90.576,95.928,103.488,119865.86,103200.81,80856.29,0.21,603288
9/8/2021,10.35,10.39,10.2,10.12,29592.72,-0.19,-1.83,10.24,10.165,9.798,33684.3,32743.85,30647.38,1.11,603289
9/8/2021,323.8,332.49,325.18,321.11,14346.74,3.19,0.99,321.96,340.97,351.499,17092.26,22742.25,24386.17,1.82,603290
9/8/2021,61.41,64.13,64.13,60.69,23068.83,2.6,4.23,63.048,59.205,57.642,26262.82,22143.24,16516.72,4.48,603297
9/8/2021,18.66,18.8,18.43,18.25,30178.91,-0.28,-1.5,18.708,18.746,18.822,69586.81,65693.15,59770.12,0.35,603298
9/8/2021,9.29,9.98,9.98,9.15,341649.53,0.91,10.03,9.13,8.982,8.685,227277.36,199500.44,180482.84,6.11,603299
9/8/2021,9.95,10.26,10.15,9.59,451094.5,0.56,5.84,9.136,8.867,8.534,231277.39,223832.43,267182.37,5.2,603300
9/8/2021,31.87,32.61,32.38,31.62,29104.63,0.48,1.5,31.608,31.512,33.098,28413.28,28009.62,25213.78,1.28,603301
9/8/2021,18.97,19.26,18.25,18.11,44887.8,-0.53,-2.82,18.546,17.982,17.72,49206.56,40186.93,37464.49,0.94,603303
9/8/2021,37.85,37.93,37.21,37.1,28414,-0.49,-1.3,37.02,37.732,38.422,41790.61,46557.46,55829.46,0.64,603305
9/8/2021,41.55,44.53,43.88,40.76,68079,2.33,5.61,40.826,40.152,42.48,61509.54,65689.55,64405.32,2.22,603306
9/8/2021,23.04,23.04,22.04,22,112747.42,-1,-4.34,22.68,23.029,23.618,80045.13,101895.58,123462.5,1.65,603308
9/8/2021,11.77,12.13,12.05,11.7,31738.03,0.28,2.38,11.714,11.817,12.706,22601.03,25213.72,34078.6,1.22,603309
9/8/2021,10.63,10.77,10.73,10.57,16246.95,0.11,1.04,10.552,10.488,10.443,12015.39,10843.1,9779.97,0.77,603311
9/8/2021,16.88,16.98,16.4,16.18,74800.13,-0.29,-1.74,15.916,16.103,16.696,61958.62,53511.62,49853.22,1.54,603313
9/8/2021,22.38,22.9,22.28,21.83,28017,-0.04,-0.18,22.402,22.663,21.334,32640.75,39986.94,48243.57,1.27,603315
9/8/2021,5.35,5.4,5.38,5.32,32753.74,0.04,0.75,5.304,5.284,5.24,24573.31,27347.58,27395.22,1.24,603316
9/8/2021,21.78,21.86,21.68,21.35,36088.75,0.1,0.46,21.332,21.863,23.155,45280.19,64638.45,59599.46,1.94,603317
9/8/2021,7.2,7.4,7.28,7.17,107403.65,0,0,7.092,6.962,6.68,97880.79,92557.25,80012.92,2.84,603318
9/8/2021,20.8,20.98,20.87,20.63,18571.48,0.07,0.34,20.5,20.438,20.644,20583.12,22567.19,26015.44,1.16,603319
9/8/2021,14.38,14.39,14.1,14.01,30782.91,-0.07,-0.49,13.912,13.654,12.873,44243.85,45631.89,31014.05,2.37,603320
9/8/2021,7.18,7.24,7.21,7.14,22202,0.03,0.42,7.194,7.109,6.95,28186.48,28548.34,20197.63,0.72,603321
9/8/2021,13.06,13.26,13.25,13.06,12797.84,0.16,1.22,13.038,12.896,13.124,10974.38,11554.6,14741.05,0.82,603322
9/8/2021,5.17,5.21,5.14,5.11,195087.41,-0.05,-0.96,5.058,4.957,4.948,197876.2,173266.87,172957.64,1.35,603323
9/8/2021,64,64,61.33,60.76,15871.97,-2.94,-4.57,63.896,64.179,69.334,17072.64,18811.26,19033.71,5.12,603324
9/8/2021,10.24,10.36,10.31,10.15,11191.75,0.08,0.78,9.914,9.862,9.993,8570.02,7267.91,6327.93,0.36,603326
9/8/2021,17.32,17.51,16.95,16.85,30790.3,-0.37,-2.14,17.128,16.611,16.084,37139.24,37656.84,31811.08,3,603327
9/8/2021,7.86,7.88,7.88,7.79,54063.15,0.05,0.64,7.772,7.762,7.67,48028.76,55733.04,50118.42,0.54,603328
9/8/2021,13.6,13.9,13.66,13.55,23427.59,-0.02,-0.15,13.388,13.19,12.589,24250.27,35889.29,23960.91,1.77,603329
9/8/2021,20.6,20.95,19.95,19.13,138088.52,-1.3,-6.12,20.134,19.222,17.561,110661.79,104430.91,64226.77,6.45,603330
9/8/2021,12.68,12.68,12.48,12.4,13958.6,-0.12,-0.95,12.51,12.382,12.217,22716.39,21758.01,22621.98,0.78,603331
9/8/2021,16.7,16.94,16.87,16.62,18757,0.21,1.26,16.556,16.59,17.46,20982.65,19029.03,18514.49,6.31,603332
9/8/2021,7.16,7.34,7.13,7.11,67377,-0.06,-0.83,7.152,6.821,6.759,118410.79,80091.96,64419.71,1.3,603333
9/8/2021,4.83,4.93,4.92,4.83,67724.18,0.09,1.86,4.806,4.789,4.756,50039.86,58789.61,56077.2,1.58,603335
9/8/2021,6.63,6.72,6.69,6.59,56183.21,0.06,0.91,6.584,6.546,6.697,41960.83,41999.44,43247.68,1.28,603336
9/8/2021,22.1,22.55,22.48,22.07,28035.45,0.45,2.04,22.336,22.334,23.8,28455.22,28256.98,33016.59,0.63,603337
9/8/2021,71.68,72.28,69.07,68.93,66730.38,-3.21,-4.44,72.172,71.197,70.3,60807.58,73944.67,77610.49,1.37,603338
9/8/2021,11.07,11.41,11.32,10.99,48528.17,0.23,2.07,11.17,11.114,10.904,31722.42,30796.56,34711.69,1.57,603339
9/8/2021,177,181.45,176.87,171.25,17225.27,-0.58,-0.33,166.592,161.296,166.076,17389.54,21262.42,19763.76,0.72,603345
9/8/2021,35.71,36.18,34.69,34.45,28279.11,-1.02,-2.86,35.434,35.981,36.879,27354.44,30851.99,44628.61,1.1,603348
9/8/2021,21.44,22.88,22.88,21.41,45094.21,2.08,10,20.598,19.806,19.417,18750.22,12027.25,8877.59,7.56,603351
9/8/2021,24.5,24.75,24.58,24.25,13228.6,0.07,0.29,23.906,23.503,23.976,15195.92,14100.71,15896.86,2.14,603353
9/8/2021,27.8,29.32,27.64,27.5,23898.67,-0.1,-0.36,26.882,28.045,29.18,23497.74,27261.94,24542.92,0.43,603355
9/8/2021,10.88,11.53,11.37,10.75,66906.94,0.57,5.28,10.58,10.358,10.353,35120.22,23433.2,16646.3,5.02,603356
9/8/2021,9.37,9.43,9.35,9.31,24257.15,-0.02,-0.21,9.302,9.124,8.875,33841.71,31452.19,30179.29,0.53,603357
9/8/2021,17.02,17.02,16.57,16.53,15526.5,-0.23,-1.37,16.798,17.056,16.777,21385.8,25481.17,27558.34,0.35,603358
9/8/2021,10.9,10.91,10.76,10.72,55572.64,-0.13,-1.19,10.664,10.512,10.398,46121.04,45985.32,39752.41,1.25,603359
9/8/2021,13.44,13.5,13.42,13.26,17034.23,0,0,13.168,13.112,12.897,15633.61,15170.88,14714.01,0.67,603360
9/8/2021,8.43,8.57,8.51,8.43,76644.65,0,0,8.382,8.327,8.546,90582.18,85090.44,89566.54,1.2,603363
9/8/2021,16.26,17.13,16.8,16.26,22745,0.5,3.07,16.376,16.146,15.35,15704.8,16102.75,17464.14,0.85,603365
9/8/2021,4.57,4.7,4.67,4.55,114856.33,0.09,1.97,4.586,4.522,4.419,83125.9,74116.34,56099.33,1.44,603366
9/8/2021,13.1,13.12,13.07,13,17433.09,-0.02,-0.15,12.992,12.908,13.019,14506.26,15118.94,19606.5,0.39,603367
9/8/2021,16.84,16.92,16.91,16.73,30321.08,0.07,0.42,16.746,16.55,17.465,29636.45,30459.66,34571.51,0.84,603368
9/8/2021,45.55,45.87,45.11,44.51,97468.52,-0.42,-0.92,44.568,43.58,43.403,120475.28,132205.35,120377.83,0.78,603369
9/8/2021,8.3,8.78,8.58,8.26,198082.45,0.39,4.76,8.234,8.263,8.298,97528.65,95042.33,91435.96,2.72,603377
9/8/2021,28.6,28.88,28.38,28.1,13476.51,-0.21,-0.73,28.952,30.757,32.352,18281.3,16174.47,19737.79,0.48,603378
9/8/2021,31.35,31.42,30.15,29.26,266038.28,-0.11,-0.36,28.674,28.072,26.424,219430.82,244455.73,241511.48,13.78,603379
9/8/2021,31.66,32.2,31.57,31.3,22240.18,-0.21,-0.66,30.698,30.083,29.22,21619.48,22789.16,19832.41,1.39,603380
9/8/2021,32.88,34.45,33.1,32.73,46652.32,-0.1,-0.3,32.544,31.007,30.012,59700.78,43887.13,37325.23,2.77,603383
9/8/2021,9.03,9.14,9.12,8.99,16930.1,0.1,1.11,8.96,8.842,9.099,21082.99,23352.64,23568.53,0.46,603385
9/8/2021,18.61,18.68,18.62,18.37,23726.46,-0.16,-0.85,18.47,18.733,19.511,26598.38,28334.76,30516.17,1.07,603386
9/8/2021,19.44,19.67,19.49,19.39,22636.48,0.05,0.26,19.426,19.206,19.322,27818.94,32679.74,38019.82,0.62,603387
9/8/2021,6.68,6.75,6.7,6.66,16819,0.02,0.3,6.636,6.628,6.671,14247.8,19573.04,23024.52,0.59,603388
9/8/2021,5.34,5.84,5.84,5.31,53205.82,0.53,9.98,5.378,5.314,5.11,27350.89,30107.56,22648.12,2.02,603389
9/8/2021,9.22,9.42,9.36,9.17,35983,0.14,1.52,9.21,9.165,9.142,29952.91,24952.36,22737.76,2.8,603390
9/8/2021,194.5,195.88,188.06,187.82,22853.06,-7.49,-3.83,196.188,212.779,228.019,21376.1,24031.34,20823.9,1.52,603392
9/8/2021,33,34.84,33.41,32.6,431974.44,0.86,2.64,30,27.802,24.622,371754.23,320163.81,288796.72,11.48,603393
9/8/2021,143,149,145.65,141,36812.04,-0.78,-0.53,149.276,163.77,153.201,61537.72,58341.87,52241.1,3.48,603396
9/8/2021,9.77,9.91,9.87,9.74,31175.52,0.03,0.3,9.916,10.098,9.574,46914.47,84502.17,66758.14,1.05,603398
9/8/2021,7.13,7.43,7.29,7.1,249398.89,0.17,2.39,7.084,7.204,6.942,208667.75,203120.05,173259.34,4.91,603399
9/8/2021,14.08,14.18,14.15,14.04,12697.52,0.06,0.43,14.072,14.025,13.986,10425.12,9068.39,8456.38,1.28,603408
9/8/2021,49.6,49.7,49.3,48.78,7962.61,0.33,0.67,48.51,48.353,54.352,11208.44,13417.42,18045.8,0.87,603416
9/8/2021,7.66,7.91,7.84,7.61,36613.73,0.17,2.22,7.62,7.572,7.866,21318.69,25401.79,34221.07,0.56,603421
9/8/2021,24.68,24.88,24.6,24.42,11305.45,-0.08,-0.32,24.028,23.374,23.668,18137.52,16642.66,19912.22,0.3,603429
9/8/2021,15.33,15.36,15.05,14.89,89937,-0.13,-0.86,14.784,14.458,14.016,119376.12,99654.16,102006.27,5.54,603439
9/8/2021,420.94,439,435.08,412.57,15988.44,16.35,3.9,409.316,402.76,408.947,11869.15,12345.06,11126.64,2.22,603444
9/8/2021,44.99,45.12,43.88,43.15,44475.83,-0.95,-2.12,43.336,42.311,44.127,62709.45,76573.62,81245.42,0.54,603456
9/8/2021,11.02,11.05,11.02,10.93,29618.36,-0.01,-0.09,10.978,10.804,10.784,34790.25,33046.15,30022.26,0.96,603458
9/8/2021,17.09,18.5,18.31,17.05,259162.31,1.17,6.83,16.51,15.807,15.463,126960.11,95031.06,64741.87,6.17,603466
9/8/2021,12.08,12.41,12.22,12.02,108535.61,0,0,12.24,11.729,11.503,153436.3,136662.28,114769.58,2.45,603477
9/8/2021,165,165.35,153.87,153.17,46890.3,-10.79,-6.55,155.96,158.19,169.555,42454.87,53058.94,39772.67,0.84,603486
9/8/2021,7.28,7.32,7.32,7.23,29650.4,0.05,0.69,7.262,7.208,7.164,34019.15,29304.41,26781.66,1.02,603488
9/8/2021,226.35,235.25,231.5,223.18,4627.51,5.65,2.5,217.25,214.882,211.041,5119.33,5132.92,4451.89,0.65,603489
9/8/2021,17.59,17.64,17.22,17.05,30417.08,-0.29,-1.66,16.992,16.094,15.468,54304.34,53496.8,33490.3,1.53,603496
9/8/2021,7.4,7.55,7.53,7.4,22449.66,-0.05,-0.66,7.56,7.489,7.378,24162.95,21129.97,13497.16,1.12,603499
9/8/2021,9.71,9.85,9.81,9.61,30906.56,0.09,0.93,9.526,9.477,9.665,31144.19,32924.26,33042.46,1.26,603500
9/8/2021,240,249.9,243.08,237.5,84458.49,-2.44,-0.99,240.688,249.36,257.539,86601.88,100735,87327.97,1.08,603501
9/8/2021,46.95,51.65,51.65,46.51,128295.62,4.7,10.01,47.484,45.093,38.198,131807.31,160606.36,127561.32,4.15,603505
9/8/2021,14.71,14.86,14.77,14.61,5562.6,0.01,0.07,14.618,14.408,14.045,8085.18,10219.69,10643.58,0.3,603506
9/8/2021,35.8,36.01,33.89,33.79,126600.29,-2.99,-8.11,35.578,32.441,29.867,118393.86,81237.05,61367.43,10.18,603507
9/8/2021,23.67,24.2,23.92,23.46,24053.99,0.22,0.93,23.488,23.385,22.974,26094.87,27847.76,34254.08,1.06,603508
9/8/2021,27.88,28.15,28.06,27.64,21138.17,0.01,0.04,27.628,27.33,27.24,23687.01,21095.57,19927.52,5.28,603511
9/8/2021,23.34,23.55,23.39,23.31,29365.6,0.04,0.17,23.14,23.142,23.462,30386.94,28765.93,23247.37,0.39,603515
9/8/2021,18.84,19.37,19.07,18.84,19804.44,0.15,0.79,18.72,18.669,18.749,12880.02,13427.67,19381.35,1.07,603516
9/8/2021,65.13,65.88,63.86,63.75,28853.56,-1.27,-1.95,62.948,63.58,66.537,63672.5,60227.33,45982.34,0.47,603517
9/8/2021,15.95,16.15,16,15.67,61177.18,-0.06,-0.37,16.104,16.232,15.233,77166.88,132396.09,124383.87,2.16,603518
9/8/2021,13.19,13.33,13.28,13.16,18270.14,0.11,0.83,13.25,13.288,13.37,22927.05,25590.3,30017.03,0.69,603519
9/8/2021,42.67,43.48,42.2,42.14,33442.69,0.1,0.24,40.944,40.002,41.166,33656.32,36468.81,36788.55,1.37,603520
9/8/2021,10.35,10.39,10.19,10.08,50998.95,-0.12,-1.16,10.338,10.417,9.913,65735.96,90245.93,112775.76,2.09,603527
9/8/2021,7.83,7.88,7.87,7.74,46832.71,0.07,0.9,7.744,7.688,7.978,44793.38,53616.88,43536.02,0.75,603528
9/8/2021,41.69,41.92,41.29,41.24,24498.5,-0.43,-1.03,41.292,41.967,43.574,25369.36,34406.88,42027.8,3.77,603529
9/8/2021,16.46,16.85,16.66,16.46,12482,0.2,1.22,16.472,16.105,16.302,13166.02,10342.86,10534,3.12,603530
9/8/2021,21.39,22.58,22.46,21.19,133735.56,1.2,5.64,21.176,20.753,21.076,66536.84,62082.13,62174.34,3.05,603533
9/8/2021,40,40.18,39.04,38.35,19793.38,-0.39,-0.99,38.412,38.181,37.016,11717.57,12193.05,9492.55,1.32,603535
9/8/2021,9.52,9.73,9.7,9.52,27419.4,0.19,2,9.41,9.26,9.382,18715.47,16758.21,16645.93,1.63,603536
9/8/2021,32.37,32.75,32.65,31.98,30145.68,0.51,1.59,31.892,31.514,32.202,34019.34,35539.53,31370.68,2.04,603538
9/8/2021,11.58,11.58,11.4,11.35,9458,0,0,11.26,11.243,11.1,9617.78,10396.12,9157.73,0.71,603551
9/8/2021,3,3.09,3.07,2.97,229819.55,0.08,2.68,3.014,3.061,3.022,213488.59,298820.59,307029.42,1.46,603555
9/8/2021,13.33,13.54,13.49,13.26,36383,0.15,1.12,13.414,13.336,13.36,43073.31,50070.28,61264.31,0.74,603556
9/8/2021,4.88,4.98,4.95,4.85,134800,0.07,1.43,4.85,4.846,4.864,105398.15,106315.33,151621.15,2.73,603557
9/8/2021,10.77,10.78,10.11,9.98,152893.33,-0.67,-6.21,9.83,9.353,9.093,84915.49,55118.68,45980.09,3.89,603558
9/8/2021,13.38,13.58,13.43,13.32,38976.3,0.08,0.6,13.406,13.102,13.405,63596.86,56126.24,56023.53,2.72,603559
9/8/2021,41.77,41.77,39.39,38.93,27788.57,-1.11,-2.74,38.896,38.33,39.788,30213.26,31785.65,34950.94,3.21,603565
9/8/2021,19.55,19.86,19.43,19.36,39013.61,-0.3,-1.52,19.258,18.909,19.256,42853.48,31244.9,25355.49,1.21,603566
9/8/2021,16.98,17.27,16.88,16.76,44798.84,-0.1,-0.59,16.702,16.592,16.304,34968.39,29196.23,29782.92,0.53,603567
9/8/2021,29.42,29.65,29.41,28.7,38503.73,-0.01,-0.03,29.578,29.027,28.248,49663.76,53824.63,48022.41,0.31,603568
9/8/2021,6.99,7.08,7.07,6.93,13774.82,0.11,1.58,6.908,6.86,6.811,10413.11,11835.34,10623.09,0.25,603569
9/8/2021,9.02,9.3,9.24,9.01,25868.86,0.21,2.33,9.09,9.078,8.985,18694.81,18730.74,17465.97,1.06,603577
9/8/2021,16.36,16.4,16.12,16.05,20081.4,-0.25,-1.53,15.968,15.619,14.825,21989.34,22073.76,15212.42,1.57,603578
9/8/2021,30.46,30.91,30.4,30.23,10821.62,0.01,0.03,29.848,29.281,29.568,16345.27,16983.88,15899,0.77,603579
9/8/2021,10.78,10.87,10.83,10.71,8457.4,0.02,0.18,10.662,10.561,10.426,8955.19,9967.54,8817.01,0.65,603580
9/8/2021,45.7,45.73,43.75,43.3,50679.5,-2.16,-4.71,45.722,48.21,49.795,40908.82,37207.66,39512.19,2.1,603583
9/8/2021,16.75,16.99,16.79,16.61,13733.12,-0.16,-0.94,16.298,16.089,15.912,13493,10316.33,10018.57,0.76,603585
9/8/2021,12.11,12.5,12.43,12.11,8108.97,0.3,2.47,12.148,12.042,11.948,6001.55,5905.18,5690.35,0.4,603586
9/8/2021,22.29,24.38,23.88,22.16,57180.3,1.66,7.47,22.294,21.813,21.493,34557.51,36759.8,30020.23,3.63,603587
9/8/2021,18.86,19.05,18.81,18.4,140177.48,0.01,0.05,18.32,17.41,16.595,232390.9,213118.48,175185.98,1.38,603588
9/8/2021,53,53.45,52.99,52.58,74742.9,-0.21,-0.4,52.35,52.14,53.437,95568.57,113323.7,96980.9,1.25,603589
9/8/2021,33.68,34.47,34.3,33.6,9472.53,0.63,1.87,33.568,33.08,32.887,10622.01,9863.21,9236.24,0.59,603590
9/8/2021,33.1,33.55,33.04,32.04,33270.01,-0.04,-0.12,33.028,33.369,33.205,42144.72,45848.29,55478.42,2.06,603595
9/8/2021,49.85,52.1,51.02,48.3,51832.63,1.22,2.45,48.334,45.849,44.461,54047.7,55646.81,38702.41,1.27,603596
9/8/2021,9.2,9.46,9.4,9.17,57637.86,0.29,3.18,9.1,9.001,8.923,30700.32,27036.72,24575.75,2.15,603598
9/8/2021,36.8,37.8,36.31,35.8,102854.52,-0.47,-1.28,35.64,34.561,33.199,126646.35,136759.02,109685.14,2.23,603599
9/8/2021,10.8,11.72,11.34,10.75,75806.39,0.58,5.39,10.904,10.83,10.697,36077.17,34175.69,28832.07,2.51,603600
9/8/2021,13.06,13.21,13.02,12.86,46903.85,-0.02,-0.15,12.838,13.001,13.325,50420.22,84821.44,85828.65,0.65,603601
9/8/2021,10.44,10.57,10.57,10.37,25738.5,0.13,1.25,10.416,10.463,10.667,19606.54,24027.38,25460.57,1.26,603602
9/8/2021,5.1,5.2,5.2,5.07,84688,0.11,2.16,5.116,4.999,5.076,82706.48,100063.27,70047.36,3.3,603603
9/8/2021,173.22,176,168,168,13837.07,-7,-4,163.828,160.22,167.779,15048.12,16037.94,15656.98,0.69,603605
9/8/2021,28,28.19,27.36,27.15,201442.44,-0.54,-1.94,26.77,25.845,24.917,303199.85,219425.73,182876.03,3.08,603606
9/8/2021,16.25,16.78,16.74,16.25,35456.23,0.33,2.01,16.532,16.269,15.796,32093.62,43433.35,33193.03,1.99,603607
9/8/2021,5.96,6.06,6.05,5.93,32839.42,0.11,1.85,5.896,5.819,5.789,27445.42,24183.77,22047.57,0.77,603608
9/8/2021,9.32,9.4,9.37,9.3,32996.26,0.07,0.75,9.236,9.146,9.211,28207.06,25827.05,22407.81,0.36,603609
9/8/2021,21.08,22.68,22.41,20.79,85556.56,1.31,6.21,19.944,19.223,18.686,44697.68,29973.78,26279.99,5.26,603610
9/8/2021,19.56,20.07,19.21,19.2,65018.98,-0.33,-1.69,19.6,19.57,18.233,87530.02,107817.78,126045.5,2.43,603611
9/8/2021,26.91,29.32,29.32,25.78,322293.03,2.67,10.02,26.824,25.715,23.865,262284.39,283343.91,216311.38,7.5,603612
9/8/2021,109.5,113.01,108.7,107.8,20742.33,-0.7,-0.64,107.672,108.405,104.459,27187.32,26003.99,28834.84,0.93,603613
9/8/2021,8.77,8.88,8.87,8.72,28561,0.1,1.14,8.682,8.705,8.852,24095.17,23096.7,21194.23,1.18,603615
9/8/2021,6.08,6.23,6.16,5.99,86440.11,0.12,1.99,5.942,5.772,5.636,78768.62,72314.9,58494.96,2.95,603616
9/8/2021,10.6,10.64,10.59,10.52,18649.8,0.02,0.19,10.474,10.483,10.463,15498.54,13108.32,16804.26,0.94,603617
9/8/2021,6.62,6.89,6.83,6.61,204114.84,0.19,2.86,6.63,6.484,6.342,166815.23,137337.69,115254.07,2.95,603618
9/8/2021,13.6,14.55,14.2,13.6,268100,-0.14,-0.98,13.45,12.161,10.673,226925.64,193958.21,130036.4,6.7,603619
9/8/2021,11.68,11.85,11.83,11.53,140079.88,0.14,1.2,11.346,10.983,10.537,162450.53,147922.23,131321.49,2.89,603626
9/8/2021,13.9,13.9,13.21,13.16,75860,-0.43,-3.15,13.822,13.945,12.735,113419.51,141414.59,104034.76,2.77,603628
9/8/2021,19.98,20.95,20.83,19.93,32035.08,0.92,4.62,19.94,20.057,20.421,19613.75,17270.16,17416.7,10.68,603629
9/8/2021,19,19.1,18.91,18.71,40216.2,-0.15,-0.79,18.59,18.422,17.816,61773.68,70279.32,54830.74,1.78,603630
9/8/2021,11.95,12.08,11.84,11.72,49524.62,-0.11,-0.92,11.882,11.971,11.98,54682.06,72161.2,108337.27,1.88,603633
9/8/2021,9.1,9.22,9.2,9.03,67306.43,0.12,1.32,9.07,9.019,9.05,55391.2,56281.62,55819.03,1.14,603636
9/8/2021,7.69,7.75,7.74,7.64,41924.73,0.04,0.52,7.728,7.771,7.722,42981.8,47165.13,43401.41,1.72,603637
9/8/2021,37.83,37.83,37.44,37.31,14748.59,-0.41,-1.08,37.57,38.752,40.769,26662.84,28221.62,23041.59,0.19,603638
9/8/2021,17.01,17.98,17.9,16.88,39924.58,0.88,5.17,17.114,17.484,17.54,24935.77,32309.45,25581.87,1.2,603639
9/8/2021,8.24,8.3,8.3,8.21,19846,0.04,0.48,8.184,8.085,7.974,21378.95,18688.2,15305.1,0.54,603648
9/8/2021,53.6,55.93,55.22,52.68,71967.21,1.53,2.85,53.482,56.359,58.098,77060.23,82344.32,95827.09,1.21,603650
9/8/2021,27.54,27.75,26.35,26.03,26405.5,-0.65,-2.41,26.96,27.29,26.423,24216.97,36228.32,44792.53,2.49,603655
9/8/2021,13.13,13.26,13.22,12.97,22903.48,0.09,0.69,13.17,12.979,12.927,30288.13,22499.01,16707.51,1.52,603656
9/8/2021,23.1,23.28,22.95,22.71,15478.53,-0.15,-0.65,22.438,22.268,22.656,18739.59,18943.55,20843.38,1.15,603657
9/8/2021,51,51.89,51.05,50.57,38584.92,0.1,0.2,50.208,50.209,55.668,51754.12,54329.03,54552.77,0.66,603658
9/8/2021,150.8,158.87,150.67,148.81,72655.44,0,0,145.274,148.212,149.611,77634.17,77895.85,82764.39,1.05,603659
9/8/2021,6.84,6.95,6.93,6.8,50988.07,0.09,1.32,6.786,6.711,6.777,41588.32,42710.68,40310.2,1.03,603660
9/8/2021,41.81,42.2,41.78,41.66,3988.23,-0.1,-0.24,41.448,41.908,44.256,6252,6473.51,4803.13,0.4,603661
9/8/2021,25.54,26.2,25.34,24.9,38005.45,-0.17,-0.67,25.716,26.172,25.284,46267.09,77990.25,70856.16,3.56,603662
9/8/2021,23.65,24.09,23.85,23.1,47216.75,-0.18,-0.75,24.34,24.316,22.733,62638.07,81659.75,79604.43,2.45,603663
9/8/2021,11.81,12.11,12,11.66,15635.48,0.2,1.7,11.706,11.472,11.469,14781.55,13721.75,12715.13,0.99,603665
9/8/2021,56,56.5,55.51,55,8469.75,-1.45,-2.55,54.148,54.756,56.89,10423.99,8875.98,9539.32,0.44,603666
9/8/2021,16.25,16.37,15.93,15.55,139358.23,0.23,1.47,15.076,14.381,13.824,168448.85,139486.3,114607.52,5.17,603667
9/8/2021,7.55,7.59,7.58,7.47,59161.11,0.04,0.53,7.426,7.313,7.215,56242.81,49040.03,41201.71,1.74,603668
9/8/2021,8.91,8.97,8.92,8.88,18983.65,0.01,0.11,8.896,8.867,9.289,25561.35,30381.39,49143.32,0.27,603669
9/8/2021,8.59,8.69,8.66,8.54,21158,0,0,8.582,8.458,8.392,27147.27,27101.28,36352.66,0.5,603676
9/8/2021,12.65,12.74,12.62,12.52,17000.58,0.01,0.08,12.552,12.452,12.279,19188.57,18413.41,17644.29,0.88,603677
9/8/2021,73.73,74.18,73.11,71.5,56469.12,-0.79,-1.07,72.964,75.585,78.196,87538.31,93937.82,95058.76,1.23,603678
9/8/2021,15.8,15.86,15.84,15.68,13046.2,0.07,0.44,15.79,15.735,15.923,10435.7,10222.09,10645.05,0.92,603679
9/8/2021,10.28,10.38,10.36,10.23,19847.75,0.08,0.78,10.182,10.056,10.164,19318.17,19136.3,15810.1,0.26,603680
9/8/2021,35.55,36.72,35.48,34.92,34226.68,-0.02,-0.06,34.892,34.223,31.922,44464.74,50043.29,50825.76,4.26,603681
9/8/2021,5.92,6.05,6.03,5.89,40970.92,0.11,1.86,5.894,5.824,5.771,32924.55,30512.53,23638.62,2.28,603682
9/8/2021,14.24,14.29,13.71,13.5,41363.1,-0.47,-3.31,13.85,13.871,14.545,56540.49,53124.26,62282.14,2.33,603683
9/8/2021,13.35,13.73,13.68,13.23,27639.93,0.33,2.47,13.332,13.352,13.502,17759.74,22814.16,32731.88,1.64,603685
9/8/2021,13.86,14.14,14.03,13.82,85976.59,0.17,1.23,13.816,13.672,13.835,73649.43,70851.08,81358.8,2.07,603686
9/8/2021,8.92,9.06,8.99,8.8,59274,0.08,0.9,8.908,8.758,8.119,64046.23,88747.19,54521.17,4.18,603687
9/8/2021,41.27,43.25,42.72,40.7,72663.94,1.45,3.51,41.874,42.39,38.333,89039.22,102166.02,105049.21,2.06,603688
9/8/2021,11.28,11.33,11.22,11.14,44234,-0.1,-0.88,11.094,10.864,10.422,60419.76,54813.51,46870.56,1.32,603689
9/8/2021,50,50.37,49.86,48.5,99927.5,0.42,0.85,49.072,52.553,55.581,119623.18,131798.33,151727.07,3.25,603690
9/8/2021,19.76,20.56,19.22,18.86,196493.09,0.12,0.63,18.688,17.684,16.484,181380.64,142252.69,142620.69,3.18,603693
9/8/2021,9.44,9.55,9.51,9.4,25899.47,0.11,1.17,9.276,9.222,9.291,23094.71,20989.21,20704.16,1.1,603696
9/8/2021,17.15,17.24,17.18,17.08,13206.21,0.06,0.35,17.118,17.027,17.472,14391.14,15292.63,21002.98,1.47,603697
9/8/2021,17.97,17.97,17.62,17.45,65479.62,-0.14,-0.79,17.216,17.405,17.327,72721.38,89782.12,91078.84,1.22,603698
9/8/2021,11.11,11.28,11.15,11.05,48804.05,0.04,0.36,11.062,10.741,10.432,76440.79,97722.09,100831.3,0.65,603699
9/8/2021,19.35,19.48,19.48,19.24,13737.12,0.18,0.93,19.228,19.229,19.933,12949.26,12895.21,11486.92,1.33,603700
9/8/2021,9.28,9.34,9.27,9.17,28766.61,-0.01,-0.11,9.14,9.08,9.024,45761.81,37079.03,34013.89,1.1,603701
9/8/2021,11.95,12.43,12.29,11.91,68633.01,0.31,2.59,11.804,11.581,11.476,45662.58,36518.89,30114.17,2.3,603703
9/8/2021,15.3,15.62,15.43,15.26,21286,0,0,15.142,14.889,14.431,26802.48,22829.55,20956.09,1.33,603706
9/8/2021,28.37,28.82,28.54,27.87,41914.4,0.3,1.06,27.948,28.23,29.381,37052.62,34210.2,35447.97,0.35,603707
9/8/2021,15.46,15.58,15.39,15.3,22545.88,0,0,15.162,14.959,15.232,23830.35,26013.53,22857.05,0.37,603708
9/8/2021,16.69,16.85,16.85,16.67,6180,0.18,1.08,16.606,16.513,16.549,5431,5676.96,5358.84,0.77,603709
9/8/2021,14.75,14.92,14.85,14.64,11608.64,0.1,0.68,14.54,14.563,14.889,12770.55,11058.98,10119.7,0.29,603711
9/8/2021,40.6,40.72,40.04,38.92,49071.69,-0.56,-1.38,40.526,41.257,42.773,48020.79,47309.99,51086.03,0.64,603712
9/8/2021,103.75,104.94,103.86,103.22,3822.18,-0.11,-0.11,105.53,104.877,104.122,7767.33,8516.74,9649.23,0.25,603713
9/8/2021,11.4,11.5,11.45,11.35,13872.35,0.05,0.44,11.312,11.292,11.678,19059.41,19245.21,15988.5,0.69,603716
9/8/2021,12.65,12.79,12.7,12.63,10702.99,0,0,12.816,12.857,12.935,36322.16,36999.58,33031.4,0.44,603717
9/8/2021,15.71,16.21,15.49,15.38,94705.61,-0.18,-1.15,15.634,15.514,14.442,83921.81,128331.78,91789.11,1.47,603718
9/8/2021,34.3,35.88,34.97,34.01,30717.26,0.53,1.54,33.478,32.967,33.283,20510.72,16244.18,15523.88,1.37,603719
9/8/2021,14.01,14.21,14.16,13.87,56335.2,0.16,1.14,13.824,13.376,13.158,75741.23,60204.19,55880.9,4.33,603721
9/8/2021,51.3,54.18,53.85,50.5,19543.25,2.45,4.77,50.298,50.168,47.851,14249.41,17471.5,20957.8,2.25,603722
9/8/2021,9.08,9.08,8.79,8.75,46146.52,-0.09,-1.01,8.654,8.566,8.139,74845.26,68883.36,49080.85,2.25,603725
9/8/2021,15.02,15.2,15.02,14.96,12235.88,0,0,14.89,14.834,14.693,13215.61,17785.19,16387.84,0.66,603726
9/8/2021,23.44,24.05,23.45,23.33,73780.15,-0.15,-0.64,22.244,21.745,21.134,69302.11,63116.36,54564.85,3.15,603727
9/8/2021,19.5,19.51,19.35,18.95,40867.36,-0.24,-1.23,18.952,18.96,18.525,47363.24,58275.1,62290.29,0.98,603728
9/8/2021,12.18,12.25,12.2,12.07,8774.49,0.01,0.08,11.984,11.922,11.991,9174.67,8457.02,8899.37,0.94,603729
9/8/2021,18.08,18.08,17.91,17.78,13732.29,-0.17,-0.94,18.108,17.825,17.085,17012.64,25863.53,16726.7,0.19,603730
9/8/2021,35.57,35.69,35.45,34.75,22707.86,0.03,0.09,34.86,36.03,36.584,45040.08,41315.82,37365.6,0.32,603733
9/8/2021,131.13,133.18,131.28,129.11,20906.32,-0.34,-0.26,134.046,139.826,147.167,23128.52,18734.94,15260.96,0.57,603737
9/8/2021,52.3,52.3,49.85,49.82,67731.34,-2.15,-4.13,50.35,47.962,45.907,101857.98,80524.78,67346.73,3.98,603738
9/8/2021,17.17,17.55,17.21,17.07,24645.83,0.16,0.94,17.006,16.722,16.552,22474.69,17310.98,17294.92,2.37,603739
9/8/2021,39.33,40.78,40.1,38.94,7680.13,0.85,2.17,39.404,39.66,43.555,5853.31,5665.9,4980.07,2.25,603755
9/8/2021,20.48,20.89,20.61,20.48,18679.16,0.13,0.64,20.282,21.953,22.81,25842.18,28566.37,44773.28,1.14,603757
9/8/2021,9.23,9.27,9.17,9.16,13494,-0.06,-0.65,9.176,9.238,9.222,16605.84,28962.9,29095.25,0.32,603758
9/8/2021,18.54,18.98,18.65,18.26,80036.68,0.2,1.08,17.908,17.705,18.596,59202.48,62576.79,99023.48,10.26,603759
9/8/2021,4.17,4.52,4.42,4.15,639166.06,0.24,5.74,4.046,3.845,3.702,424766.94,341704.73,227129.25,3.11,603766
9/8/2021,7.18,7.26,7.25,7.15,33161.4,0.08,1.12,7.142,7.181,7.176,24636.49,31761.8,33102.69,1.1,603767
9/8/2021,16.72,16.89,16.57,16.3,14552,-0.14,-0.84,16.872,17.394,17.444,9571.57,10081.28,10781.61,0.71,603768
9/8/2021,18.75,19.08,19.08,18.75,10166.39,0.27,1.44,18.78,18.818,20.279,9962.88,18698.14,15376.21,0.83,603773
9/8/2021,18.63,18.87,18.76,18.58,35757.47,0.03,0.16,18.592,18.516,18.283,47004.68,63307.92,63971.75,1.54,603776
9/8/2021,14.98,15.09,14.91,14.68,71252.26,-0.04,-0.27,14.548,14.341,14.232,78340.74,75947.35,91107.28,2.12,603777
9/8/2021,4.01,4.19,4.18,4,134487.59,0.16,3.98,4.046,3.932,3.824,91060.17,84195.63,69734.51,2.09,603778
9/8/2021,8.44,8.7,8.56,8.44,47469,0.06,0.71,8.482,8.645,9.189,70855.53,77178.08,113316.82,1.55,603779
9/8/2021,63.9,63.9,61.99,60.5,11464.05,-1.24,-1.96,61.262,58.654,57.766,13397.4,19781.53,18852.93,2.86,603786
9/8/2021,17.1,17.18,17.11,16.92,14059,0.01,0.06,16.978,16.921,17.662,18429.02,18043.32,22236.27,0.69,603787
9/8/2021,13.24,13.44,13.43,13.2,27468.76,0.2,1.51,13.208,13.188,13.059,24228.14,21600.85,17853.4,1.23,603788
9/8/2021,12.66,12.7,12.65,12.62,24903,0,0,12.672,12.669,12.651,36490.97,38662.32,29586.8,0.96,603789
9/8/2021,10.88,10.92,10.77,10.68,13171.2,-0.12,-1.1,10.628,10.588,10.375,14493.54,13433.67,12960.15,2.14,603790
9/8/2021,7.07,7.18,7.17,7.06,25152.18,0.08,1.13,7.11,7.031,6.878,17917.05,19026.08,17645.47,0.56,603797
9/8/2021,10.72,10.83,10.73,10.64,22629.36,0.01,0.09,10.552,10.481,10.374,27101.1,30360.01,24552.69,1.13,603798
9/8/2021,123,124,117.5,116.16,300913.53,-4.09,-3.36,120.838,128.103,127.409,332715.24,332022.33,373740.58,2.49,603799
9/8/2021,14.92,15.29,14.77,14.7,14445,-0.16,-1.07,15.012,15.403,14.514,20542.29,40395.97,45681.28,0.69,603800
9/8/2021,24.85,26.28,24.97,24.68,50892.27,0.08,0.32,24.15,24.097,24.67,40204.9,43154.02,41767.02,1.67,603801
9/8/2021,6.26,6.43,6.4,6.26,51222.28,0.15,2.4,6.232,6.291,6.59,47832.05,61835.3,62508.97,1.22,603803
9/8/2021,145.8,148.62,136.72,132.6,83589.43,-7.53,-5.22,143.404,148.585,140.769,94683.58,95260.08,91805.12,0.88,603806
9/8/2021,15.84,15.96,15.79,15.73,22684.35,-0.05,-0.32,15.65,15.643,15.307,29193.42,30015.2,28014.48,0.68,603808
9/8/2021,18.83,18.94,18.42,18.26,30500.72,-0.43,-2.28,18.56,18.625,18.128,34992.49,53036.55,59169.87,1.04,603809
9/8/2021,14.19,14.24,14.13,14.03,18651.16,-0.11,-0.77,13.798,13.526,13.449,17671.75,12726.8,11815.72,2.34,603810
9/8/2021,12.65,13.1,12.97,12.6,22439.16,0.28,2.21,12.64,12.441,12.821,19411.57,20713.49,27567.86,0.96,603811
9/8/2021,14.13,14.47,14.42,14.13,6368.2,0.26,1.84,14.142,13.92,13.554,6625.11,6071.75,5179.18,0.72,603813
9/8/2021,9.71,9.79,9.56,9.51,95483.32,-0.23,-2.35,9.648,9.316,9.06,132118.3,101516.59,91382.35,5.85,603815
9/8/2021,68.17,70.5,70.14,68.15,21951.13,1.22,1.77,68.972,69.718,71.372,32066.37,34073.25,32621.5,0.35,603816
9/8/2021,5.89,6.04,6.01,5.88,71116.68,0.11,1.86,5.91,5.843,5.746,50776.2,47039.05,38686.88,1.58,603817
9/8/2021,9.83,10.05,9.92,9.76,37468,0,0,9.746,9.744,9.946,36262.48,42680.26,43392.79,0.65,603818
9/8/2021,10.07,10.22,10.15,9.81,79004.63,-0.19,-1.84,9.838,9.405,9.025,69708.84,43299.56,26854.02,3.63,603819
9/8/2021,45.78,46.46,45.66,44.44,22811.62,0.07,0.15,47.308,47.433,44.231,31383.28,36737.09,31161.5,3.11,603822
9/8/2021,17.96,18.48,18.37,17.77,57958.42,0.53,2.97,17.84,17.807,17.202,44088.25,79503.14,52579.36,1.84,603823
9/8/2021,17.03,17.46,17.43,16.95,48515,0.39,2.29,17.054,17.263,17.545,38653.27,38102.56,49655.53,2.14,603825
9/8/2021,39.1,39.45,38.73,38.7,9314.79,-0.42,-1.07,38.86,39.428,37.286,13924.93,24832.99,19167.6,0.2,603826
9/8/2021,4.08,4.13,4.13,4.05,40823,0.05,1.23,4.084,4.079,4.014,33422.68,42915.99,35837.64,0.69,603828
9/8/2021,11.06,11.18,11.12,11.04,12100,0.07,0.63,10.98,11.23,11.673,20161.58,24380.63,23226.1,0.76,603829
9/8/2021,152.25,156.9,155.09,150.68,12566.73,2.08,1.36,154.068,151.387,149.67,15918.59,19771.67,21578.93,0.21,603833
9/8/2021,20.24,20.31,20.2,20.1,17336.63,-0.05,-0.25,20.244,20.151,19.86,16288.86,20772.39,20892.11,3.38,603836
9/8/2021,9.36,10.01,10.01,9.2,124071.78,0.91,10,9.196,8.805,7.895,109930.56,135232.27,100983.4,4.36,603838
9/8/2021,8.5,8.64,8.63,8.48,28108.96,0.13,1.53,8.526,8.5,8.754,20602.55,17675.11,20958.67,0.7,603839
9/8/2021,4,4.09,4.08,3.99,87003,0.07,1.75,3.996,3.927,3.87,83926.58,72425.45,56164.69,1.55,603843
9/8/2021,13.4,13.61,13.51,13.36,9009,0.01,0.07,13.474,13.394,13.185,12271.38,14556.48,15848.66,0.22,603848
9/8/2021,24.24,24.24,22.5,22.32,89742.64,-1.2,-5.06,24.262,24.331,23.003,66460.08,80874.64,67945.92,2.69,603855
9/8/2021,11.81,11.86,11.78,11.72,20077.46,-0.05,-0.42,11.702,11.538,11.591,22031.37,19246.01,23284.84,0.78,603856
9/8/2021,19.33,19.49,19.43,19.33,51575.78,0.1,0.52,19.154,18.895,18.837,60437.32,58640.2,54454.79,0.45,603858
9/8/2021,35.47,35.48,35.45,34.78,18203.71,0.21,0.6,34.748,36.115,38.962,25913.02,32581.25,30441.36,1.38,603859
9/8/2021,20.85,21.15,20.96,20.72,3074,0.16,0.77,20.642,20.459,20.262,3457.6,3880.3,3531.02,0.46,603860
9/8/2021,9.85,9.85,9.63,9.6,34068.66,-0.09,-0.93,9.582,9.303,9.12,49586.5,46894.22,35583.85,0.83,603861
9/8/2021,7.99,8.14,8.11,7.96,17113,0.13,1.63,7.99,7.973,8.034,14001.81,19220.92,20675.92,1.58,603863
9/8/2021,28.83,29.4,28.9,28.49,23540.24,0.11,0.38,28.376,27.912,29.22,25928.02,30351.13,39659.49,0.25,603866
9/8/2021,30.19,30.55,30.01,29.55,50986.33,0.12,0.4,29.622,29.163,29.877,73507.35,76191.21,74171.11,6.02,603867
9/8/2021,40.46,40.65,40.21,39.81,5591.17,-0.46,-1.13,40.6,40.699,40.115,4577.2,5153.52,4935.1,0.13,603868
9/8/2021,9.92,10.24,10.18,9.89,58148.25,0.26,2.62,9.968,10.141,9.833,50764.18,62687.44,59159.51,1.15,603869
9/8/2021,18.05,18.33,18.17,18.04,12369.2,0.12,0.67,17.494,17.037,17.004,16275.93,14957.12,12253.89,0.43,603871
9/8/2021,46.71,46.71,44.15,43.58,95355.65,-1.82,-3.96,43.396,40.503,39.601,172979.06,148804.73,145387.96,1.97,603876
9/8/2021,47.7,47.89,46.49,45.7,18478.81,-1.21,-2.54,45.046,45.731,47.88,25542.21,22304.49,22157.62,0.39,603877
9/8/2021,7.25,7.4,7.34,7.21,43045.33,0.03,0.41,7.222,7.146,7.031,43974.45,37334.14,32407.58,1.07,603878
9/8/2021,6.9,6.98,6.97,6.85,31202.87,0.06,0.87,6.918,7.004,7.094,32181.69,44103.93,50741.17,0.86,603879
9/8/2021,6.72,6.77,6.77,6.69,9865.88,0.05,0.74,6.678,6.598,6.645,11741.02,10990.08,10707.61,0.35,603880
9/8/2021,36.35,37.45,36.65,36.23,105392.87,0.73,2.03,36.156,35.409,33.835,100692.38,125684.59,90870.37,3.2,603881
9/8/2021,107,108.29,103.7,103.1,47138.32,-4.39,-4.06,106.478,107.272,115.76,55302.61,56425.37,55251.54,1.03,603882
9/8/2021,50.3,50.3,49.2,49.06,16161.16,-0.8,-1.6,50.332,50.752,50.672,20377.15,22499.85,35336.63,0.4,603883
9/8/2021,15.72,15.94,15.78,15.64,50340.38,-0.17,-1.07,15.558,14.879,14.264,88848.6,69061.05,72348.87,0.28,603885
9/8/2021,18.99,18.99,18.82,18.54,21106.42,-0.03,-0.16,18.56,18.132,17.114,31428.62,35092.55,24711.92,0.88,603886
9/8/2021,8.63,8.82,8.77,8.63,62082.9,0.1,1.15,8.596,8.648,8.915,54722.21,76739.39,58405.48,1.75,603887
9/8/2021,19.06,19.58,19.46,18.92,85301.38,0.38,1.99,18.91,18.394,17.91,89696.47,75018.33,53354.65,1.64,603888
9/8/2021,8.11,8.33,8.27,7.98,92081.6,0.16,1.97,7.72,7.615,7.586,74335.9,61753.13,69400.1,1.8,603889
9/8/2021,12.24,12.39,12.36,12.21,29422.99,0.12,0.98,12.214,12.343,12.438,32742.94,44976.38,43265.34,0.76,603890
9/8/2021,135.89,135.89,131.4,129.1,29931.18,-4.52,-3.33,133.616,138.941,144.365,30384.23,34852.41,33232.65,1.59,603893
9/8/2021,17.72,18.1,18.04,17.51,11223.02,0.27,1.52,17.592,17.63,17.897,10098.27,12662.99,19981.7,1.04,603895
9/8/2021,40.74,41.16,41,40.25,7404.47,0.47,1.16,40.108,39.584,40.368,8125.4,9126.31,9010.91,0.49,603896
9/8/2021,48.42,50.93,50.93,46.48,133121.94,4.63,10,43.326,42.193,40.426,66709.76,71771.39,66475.13,7.32,603897
9/8/2021,12.71,13.12,13.04,12.7,27770.86,0.34,2.68,12.654,12.468,12.241,19511.46,22190.63,21708.52,0.89,603898
9/8/2021,67.1,67.95,66.17,65.54,34970.24,-1.13,-1.68,67.436,69.056,71.341,52640.87,50650.78,38518.66,0.38,603899
9/8/2021,7.28,7.43,7.42,7.26,34475.12,0.15,2.06,7.242,7.228,7.25,24951.02,28748.93,26681.29,1.01,603900
9/8/2021,16.58,16.79,16.02,15.62,97911.24,-0.48,-2.91,16.25,16.357,15.537,50007.85,57728.48,69066.73,2.03,603901
9/8/2021,10.75,10.75,10.73,10.65,13009.76,0.05,0.47,10.652,10.563,10.331,15811.97,19942.77,18756.52,0.64,603903
9/8/2021,42.45,42.45,39.86,39.01,162640.48,-2.32,-5.5,41.12,40.88,41.352,137586.81,151325.16,122681.92,3.37,603906
9/8/2021,43.88,43.99,43.49,42.1,20061,-0.26,-0.59,43.482,42.29,36.966,26566.87,34949.03,39767.4,3.01,603908
9/8/2021,16.98,16.98,16.58,16.31,13166.02,-0.22,-1.31,16.706,16.73,16.86,14723.72,14352.78,21161.11,0.66,603909
9/8/2021,17.81,18.56,18.22,17.76,86107.72,0.13,0.72,17.816,17.598,17.016,70809.03,83725.61,63605.93,3.97,603912
9/8/2021,42.5,44.66,44.22,41.41,41503.64,2.26,5.39,41.984,42.661,43.662,35667.7,33029.7,34716.06,3.32,603915
9/8/2021,22.96,23,22.67,22.5,36489.8,-0.43,-1.86,22.948,22.531,21.806,46273.21,42667.32,45323.94,0.88,603916
9/8/2021,10,10.04,10.01,9.94,11494.1,0.02,0.2,9.936,9.859,9.688,12091.21,13591.86,13099.15,0.73,603917
9/8/2021,7.59,7.69,7.65,7.53,54582.5,0.06,0.79,7.518,7.468,7.496,41672.19,37367.77,55966.66,1.8,603918
9/8/2021,36.7,37.17,36.58,36.26,54084.37,-0.37,-1,36.316,35.669,35.821,74835.77,68807.86,65392.72,1.1,603919
9/8/2021,16.06,16.1,15.57,15.39,182826.61,-0.5,-3.11,14.9,13.619,13.349,234460.98,156166.95,112683.85,3.45,603920
9/8/2021,17.99,18.05,17.67,17.62,13637,-0.43,-2.38,17.954,18.164,18.165,22651.41,23636.69,20842.6,1.07,603922
9/8/2021,15.88,16.49,16.38,15.79,37644.27,0.49,3.08,15.886,15.971,15.775,25230.81,27294.71,39376.69,2.35,603926
9/8/2021,26.1,26.41,26.18,25.82,45407.57,0.16,0.61,26.092,25.693,25.341,41282.43,45938.76,42425.53,1,603927
9/8/2021,11.38,11.53,11.49,11.34,20409.65,0.07,0.61,11.278,11.212,11.037,18810.33,18685.22,15423.07,1.01,603928
9/8/2021,11.89,12.02,11.88,11.7,47840,-0.07,-0.59,12.004,11.683,11.663,76915.8,51928.7,58805.37,2.24,603929
9/8/2021,35.8,36.84,36.6,35.53,15586,0.74,2.06,35.564,36.123,35.298,12066.19,18753.54,21260.45,1.89,603931
9/8/2021,15.29,15.36,15.33,14.9,41745.6,0.13,0.85,15.254,15.516,14.878,46066.31,50963.97,48349.52,2.07,603933
9/8/2021,15.44,15.54,15.41,15.14,129904.86,-0.03,-0.19,15.186,14.943,14.399,211413.34,230370.67,258562.85,2.57,603936
9/8/2021,11.1,11.6,11.4,11.1,65985.07,0.26,2.33,11.198,11.704,11.712,51838.67,66686.5,47887.06,3.16,603937
9/8/2021,65.88,67.5,66,63.12,74736.69,0.21,0.32,68.844,68.953,68.184,105467.97,111966.22,102716.41,3.83,603938
9/8/2021,57.45,57.45,54.24,53.94,50699.37,-3.21,-5.59,56.008,54.255,54.489,43868.96,60424.1,67095.86,0.73,603939
9/8/2021,21.36,22.36,22.31,21.22,34255.35,0.95,4.45,21.152,21.014,20.894,19354.47,19715.21,20474.85,4.56,603948
9/8/2021,18.15,19.44,19.2,18.01,54640.21,1.01,5.55,18.152,18.303,17.335,40881.38,55503.17,42245.12,10.42,603949
9/8/2021,19.31,19.35,19.24,19.13,13338.44,-0.06,-0.31,19.116,19.153,19.052,11068.38,11066.09,12188.82,1.51,603950
9/8/2021,12.99,13.15,13.12,12.99,10115.74,0.12,0.92,12.968,12.86,12.97,8361.62,9471.16,8273.42,0.75,603955
9/8/2021,19.35,19.35,18.17,17.82,71533.3,-0.66,-3.5,17.524,17.496,17.386,34305.71,27415.42,23153.01,8.14,603956
9/8/2021,7.37,7.66,7.59,7.34,35731.39,0.2,2.71,7.33,7.364,7.383,27491.79,26839.22,27049.99,1.64,603958
9/8/2021,17.7,17.7,16.93,16.76,81720.06,-0.47,-2.7,16.834,16.748,16.693,105544.13,131516.51,150766.06,1.67,603959
9/8/2021,31.9,32.28,31.62,31.41,26041.84,-0.66,-2.04,30.32,29.75,29.932,36271.45,37188.53,34577.44,1,603960
9/8/2021,7.33,7.4,7.36,7.29,11069.56,0.04,0.55,7.282,7.206,7.248,9657.47,9359.59,12086.6,0.5,603963
9/8/2021,9.33,9.9,9.84,9.26,113873.19,0.52,5.58,9.396,9.338,8.675,62960.24,90838.96,80968.58,3.81,603966
9/8/2021,11.86,11.91,11.9,11.78,15917,0.05,0.42,11.79,11.674,11.604,12790.8,11523.44,10110.82,1.71,603967
9/8/2021,16.97,17.87,16.34,16.11,155993.94,-0.19,-1.15,15.446,15.116,14.86,60919.92,42664.47,52079.1,7.63,603968
9/8/2021,4.56,4.67,4.63,4.51,311859.03,0.06,1.31,4.572,4.612,4.246,340757.69,599007.01,372981.08,3.71,603969
9/8/2021,19.89,20.46,20.16,19.84,17865.28,0.24,1.21,19.968,19.684,19.428,20415.58,16265.54,15553.37,1.87,603970
9/8/2021,33.11,33.55,32.94,32.8,12266.2,-0.36,-1.08,33.162,33.137,33.782,15494.01,19625.78,18599.59,0.81,603976
9/8/2021,12.2,12.24,12.01,11.79,163968.34,-0.35,-2.83,11.382,10.959,10.737,150557.09,125073.74,114714.02,3.78,603977
9/8/2021,20.65,21.68,21.18,20.3,58878.87,0.74,3.62,20.256,20.045,19.317,33192.56,33624.29,29970.37,3.68,603978
9/8/2021,22.5,22.88,22.2,22,65332.96,0.06,0.27,22.304,22.528,21.851,114221.16,132429.39,103901.77,1.1,603979
9/8/2021,7.01,7.14,7.1,6.93,110290.24,0.08,1.14,6.934,6.862,6.903,80460.33,73446.92,79695.18,1.58,603980
9/8/2021,23,23.78,23.2,22.52,39248.1,0.2,0.87,22.604,21.903,19.468,55343.85,71948.59,74468.13,4.8,603982
9/8/2021,34.23,34.23,33.81,33.58,14929.5,-0.17,-0.5,33.412,33.62,34.804,20094.03,18602.4,21942.12,1.94,603983
9/8/2021,26.59,27.25,26.45,25.52,233119.05,0.3,1.15,24.048,22.22,21.648,256275.65,187168.86,160278.25,8.8,603985
9/8/2021,156.07,159.03,156,155,96664.34,0,0,151.784,157.918,164.784,152446.42,202574.36,209088.58,1.57,603986
9/8/2021,20.39,20.46,20.31,20.15,37931.5,-0.24,-1.17,20.404,19.696,20.026,74944.34,88388.48,67828.58,0.87,603987
9/8/2021,15.32,15.65,15.6,15.31,51521.26,0.29,1.89,15.382,15.221,15.705,39055.53,35815.04,45920.68,2.19,603988
9/8/2021,31.14,31.86,31.47,30.88,20043.7,0.17,0.54,31.044,31.289,32.52,24059.22,26117.59,31619.42,0.5,603989
9/8/2021,20.05,20.66,20.62,19.91,39452.34,0.53,2.64,20.066,20.016,21.356,36054.17,44473.52,43190.15,2.38,603990
9/8/2021,47,47.86,47.06,46.6,3789,-0.39,-0.82,47.334,47.857,48.381,4422,4775.2,7367.46,0.51,603991
9/8/2021,20.99,21,20.18,19.81,14636.17,-0.58,-2.79,20.57,20.697,21.481,12398.29,12027.57,11911.72,3.27,603992
9/8/2021,7.16,7.21,7.05,6.99,3873760.5,-0.14,-1.95,7.168,7.373,7.176,3547323.1,4693126.63,4874739.1,2.2,603993
9/8/2021,54.85,54.98,53.89,52.5,28751.29,-1.33,-2.41,52.714,50.368,47.882,35558.72,29202.11,23684.42,2.57,603995
9/8/2021,3.45,3.55,3.55,3.45,66595.46,0.17,5.03,3.562,3.328,2.869,77271.14,54392.46,46073.34,2.22,603996
9/8/2021,9.97,10.15,10,9.75,96853.64,0.03,0.3,10,9.83,9.612,122796.62,122145.33,108420.8,1.13,603997
9/8/2021,5.69,5.84,5.8,5.69,47467,0.12,2.11,5.644,5.562,5.502,43129.27,36422.63,29642.99,1.11,603998
9/8/2021,5.14,5.21,5.19,5.12,43440.8,0.06,1.17,5.098,5.053,4.979,27198.21,25923.25,26351.79,0.75,603999
9/8/2021,8.38,8.4,8.36,8.32,17730,-0.02,-0.24,8.344,8.252,8.353,21136.76,18708.23,15273.34,0.74,605001
9/8/2021,23.95,24.65,24,23.95,6431.93,0.05,0.21,23.894,23.576,22.83,8428,7149.43,6122.31,2.34,605003
9/8/2021,20.13,20.17,19.25,19.21,50941.02,-0.93,-4.61,19.8,20.62,19.651,47382.6,69997.07,69976.79,12.7,605005
9/8/2021,18.7,18.7,17.71,17.18,264612.44,-0.32,-1.77,16.996,16.23,15.609,200775.49,166326.55,131300.93,26.46,605006
9/8/2021,18.71,20.18,19.9,18.66,55323.31,1.19,6.36,18.936,19.009,18.53,19689.81,19347.6,23098.89,13.83,605007
9/8/2021,15.22,15.22,15.07,14.85,53472.4,-0.2,-1.31,14.794,15.281,16.169,51144.63,40915.73,34269.67,2.64,605008
9/8/2021,56.69,57.22,56.61,56,7197.54,-0.16,-0.28,56.372,56.47,59.161,6940.04,9596.2,13197.25,1.81,605009
9/8/2021,21,23.2,23.2,20.9,176031.78,2.11,10.01,21.476,21.461,21.795,114908.48,122173.72,118270.4,43.9,605011
9/8/2021,33.1,34.01,32.81,32.6,26728.97,-0.39,-1.18,32.26,31.754,31.05,31550.43,30798.63,32016.59,8.41,605016
9/8/2021,13.71,13.85,13.72,13.58,25203.85,0.02,0.15,13.488,13.602,13.579,24897.73,36259.95,33511.2,6.05,605018
9/8/2021,45.2,47.47,45.99,44.32,91617.16,0.67,1.48,45.93,47.695,45.707,112670.43,143391.38,171190.51,13.74,605020
9/8/2021,23.88,25.5,24.98,23.7,99945.97,1.1,4.61,24.234,24.002,23.875,66387.68,59551.29,77277.84,24.99,605028
9/8/2021,11.4,11.54,11.5,11.35,27218,0.1,0.88,11.4,11.265,11.153,26478.96,29252.84,27584.61,3.63,605050
9/8/2021,8.27,8.41,8.4,8.21,46225.46,0.13,1.57,8.232,8.18,8.278,34309,33194.15,36734.68,5.78,605055
9/8/2021,19.66,19.86,19.34,19.22,31213.76,-0.42,-2.13,19.874,19.848,19.985,33972.84,43537.2,56902.8,7.8,605056
9/8/2021,24.76,24.98,24.88,24.61,13280,0.07,0.28,24.798,25.13,25.016,14551.14,20461.44,21836.38,3.72,605058
9/8/2021,15.85,15.91,15.76,15.71,12203,-0.05,-0.32,15.872,15.61,15.424,22122.9,18143.49,20542.26,2.03,605060
9/8/2021,15.72,16.16,15.86,15.68,101408.94,0.19,1.21,15.854,15.914,16.425,94134.43,102634.4,157680.4,4.44,605066
9/8/2021,29.3,29.37,29.25,29.1,5431.61,-0.07,-0.24,29.244,30.895,32,7728.75,13629.91,10522.54,1.31,605068
9/8/2021,21.6,21.69,21.66,21.3,41368.97,0.05,0.23,21.356,21.209,22.643,57065.53,65313.08,63468.83,10.16,605069
9/8/2021,45.59,47.25,45.81,45.59,14944.36,0.21,0.46,44.388,44.196,42.749,11639.12,10399.05,12652.95,3.66,605077
9/8/2021,66.7,67.87,65.57,64.71,6499.52,-1.13,-1.69,67.572,67.491,64.583,6487.75,7910.53,10451.85,2.57,605080
9/8/2021,35.21,35.41,35.39,35.03,4487.39,0.14,0.4,35,34.689,35.298,4352.44,5907.36,5713.99,2.3,605081
9/8/2021,27.99,28.87,27.93,27.64,31718.68,-0.25,-0.89,27.814,27.655,26.955,40667.05,42759.39,39180.17,9.91,605086
9/8/2021,14.65,14.7,14.59,14.5,8098.56,-0.07,-0.48,14.462,14.332,14.291,10004.35,8602.69,8882.26,1.09,605088
9/8/2021,75.5,76.17,73.67,72.8,25104.56,-1.98,-2.62,74.82,72.368,71.392,34869.84,33247.54,36436.8,10.04,605089
9/8/2021,40.28,40.96,39.26,38,208096.52,0.15,0.38,36.036,34.252,33.842,125324.68,90895.24,94627.41,25.08,605090
9/8/2021,47.9,48.4,48.1,47.03,7395.56,0.21,0.44,48.006,45.478,45.888,15197.43,11718.9,13274.65,3.51,605098
9/8/2021,34.4,34.86,34.44,34.19,8083.93,-0.01,-0.03,34.364,33.989,35.312,10903.56,11507.56,15810.46,2.02,605099
9/8/2021,42.27,42.39,42.3,42.06,6137.43,0.01,0.02,42.218,42.217,40.759,6275.57,9228.46,10077.25,1.57,605100
9/8/2021,18.3,18.87,18.82,18.17,19282.53,0.52,2.84,18.306,18.147,17.518,19186.66,19240.78,20669.94,2.36,605108
9/8/2021,132.55,133.5,130.81,130.1,12653.08,-1.74,-1.31,132.676,140.184,144.712,15729.96,22348.6,28237.77,3.57,605111
9/8/2021,14.09,14.18,14.08,13.8,11450,-0.02,-0.14,13.946,13.819,14.092,9706.43,9332.4,11870.04,2.79,605116
9/8/2021,188.1,196.5,178.3,175.48,25253.68,-9.58,-5.1,185.614,202.977,194.133,23447.69,23313.1,25243.41,5.92,605117
9/8/2021,15.07,15.15,14.89,14.77,54564.61,-0.25,-1.65,15.53,15.216,14.74,98104.71,65798.8,42389.02,13.31,605118
9/8/2021,23.01,23.06,22.98,22.84,9619.78,0.01,0.04,23.018,22.44,22.349,16619.61,14607.51,14616.51,2.22,605122
9/8/2021,99.59,100.3,96.98,96.52,7714.16,-2.61,-2.62,98.642,98.337,98.755,14772.7,16061.02,16101.46,1.86,605123
9/8/2021,35.94,36.38,35.5,35.05,7215.23,-0.4,-1.11,37.78,40.49,41.407,8590.88,7877.85,8118.45,3.61,605128
9/8/2021,18.79,18.89,18.87,18.71,8597.16,0.09,0.48,18.668,18.697,18.998,7556.81,8175.85,9651.64,2.15,605133
9/8/2021,27.04,27.04,26.32,26.26,22839.34,-0.83,-3.06,26.892,26.851,26.026,21177.91,30594.45,26305.17,5.71,605136
9/8/2021,17.76,17.86,17.78,17.66,6881,0.02,0.11,17.654,17.619,17.928,7106.04,8672.63,11045.57,2.06,605151
9/8/2021,21.15,21.25,21.22,21.06,10570.67,0.09,0.43,20.99,20.933,21.094,7910.49,9074.39,14122.89,4.4,605155
9/8/2021,8.8,8.91,8.81,8.73,46026.7,0.03,0.34,8.736,8.659,8.48,39132.22,39259.04,31927.28,3.19,605158
9/8/2021,11.55,12.73,12.73,11.54,155102.69,1.16,10.03,11.792,11.731,12.009,119751.57,111132.37,171673.28,19.37,605162
9/8/2021,12.98,13.45,13.35,12.77,107452.72,0.49,3.81,12.968,12.835,11.864,85927.44,124853.25,125131.41,5.73,605166
9/8/2021,11.67,12.05,11.7,11.25,224532.09,-0.02,-0.17,11.488,11.185,10.748,280698.9,314370.76,302693.42,20,605167
9/8/2021,126.29,129.82,129.03,125.86,5419.96,3.68,2.94,124.546,124.702,127.999,4343.43,3733.17,4119.02,1.79,605168
9/8/2021,17.5,17.78,17.42,17.28,87028.66,-0.36,-2.02,17.182,16.727,16.124,120828.23,95620.96,89731.82,16.74,605169
9/8/2021,30.08,30.3,30.15,30.03,3271.57,0.02,0.07,29.996,29.947,30.619,3873.08,4494.6,6304.27,1.15,605177
9/8/2021,39.84,40.34,39.59,39.43,2604.8,-0.32,-0.8,39.948,39.808,39.24,2858.52,3146.85,3577.85,0.83,605178
9/8/2021,15.08,15.19,15.12,14.96,17077.39,0.04,0.27,14.936,14.948,15.324,16721.79,17551.28,17272.27,2.8,605179
9/8/2021,42.65,43.5,42.38,41.8,12174.03,-0.54,-1.26,42.584,43.212,40.147,18658.65,23403.1,28508.09,4.87,605180
9/8/2021,20.51,20.68,19.91,19.85,44460.8,-0.82,-3.96,20.8,20.905,20.66,46613.02,56232.95,69298.13,9.13,605183
9/8/2021,39.85,39.96,39.34,38.7,7879.67,-0.5,-1.25,39.846,39.431,38.687,14307.67,15962.12,21201.47,2.32,605186
9/8/2021,8.09,8.15,8.09,8.05,13743.26,0.03,0.37,8.058,7.945,7.954,13099.94,13623.27,13968.63,2.28,605188
9/8/2021,23.88,23.98,23.84,23.6,18076.78,0,0,23.598,23.561,23.528,17591.04,20644.24,28246.14,5.79,605189
9/8/2021,10.71,10.82,10.65,10.55,73943.9,-0.16,-1.48,10.966,10.713,11.44,127028.32,110457.29,162659.39,9.73,605196
9/8/2021,17.9,18.15,17.87,17.73,4255,-0.07,-0.39,17.862,17.948,18.713,5925.36,6638.54,5784.07,2.13,605198
9/8/2021,22,22.77,22.44,21.73,50690.25,0.34,1.54,21.868,21.375,21.508,49824.94,35867.07,37712.04,6.13,605199
9/8/2021,24.04,24.82,24.38,23.81,47643.25,0.15,0.62,23.892,24.973,25.904,40000.89,58459.72,75027.1,10.14,605208
9/8/2021,14.63,14.78,14.74,14.56,17227.92,0.08,0.55,14.606,15.073,15.46,24694.28,30280.45,55109.77,3.24,605218
9/8/2021,23.52,24.4,24.04,23.52,57367.72,0.67,2.87,23.066,22.777,22.773,43144.28,35190.4,37343.54,5.74,605222
9/8/2021,9.79,9.79,9.62,9.61,42001,-0.18,-1.84,9.76,9.812,9.569,44847.42,79527.93,72872.73,5.25,605228
9/8/2021,16.81,16.95,16.8,16.56,14304.73,-0.01,-0.06,16.664,16.532,16.502,16798.34,17193.28,23161.31,4.27,605255
9/8/2021,31.68,31.78,31.43,31.24,7092,-0.17,-0.54,31.422,31.278,31.691,6436.84,7363.92,10756.63,3.22,605258
9/8/2021,31.56,32.17,31.64,31.45,13489.98,0.03,0.1,31.8,31.513,31.221,15391.21,14295.12,16501.6,6.13,605259
9/8/2021,75,80,77.1,75,4370.59,2.78,3.74,74.946,75.343,76.858,2126.25,3322.71,3676.35,2.54,605266
9/8/2021,12.66,13.12,12.79,12.58,24183.46,0.17,1.35,12.624,12.909,13.667,22683.43,36605.9,48451.41,3.61,605268
9/8/2021,26.55,26.6,26.26,25.99,21873.75,-0.14,-0.53,26.186,26.488,24.788,28561.8,51196.35,34633.17,6.56,605277
9/8/2021,18.78,18.98,18.75,18.68,14116.4,0.04,0.21,18.698,18.844,19.34,14758.25,17708.4,25388.09,3.36,605286
9/8/2021,30.23,30.64,30.51,29.95,13020.24,0.37,1.23,30.054,30.045,30.263,9435.75,10809.21,13558.21,5.21,605287
9/8/2021,60.8,62.82,61.78,59,11054.75,0.84,1.38,60.986,57.128,57.626,13719.34,10543.89,7434.33,6.32,605288
9/8/2021,25.46,25.73,25.64,25.36,6798.63,0.11,0.43,25.314,25.167,25.202,6492.28,7030.87,7271.58,3.14,605289
9/8/2021,38.85,39.49,39.16,38.8,14573.26,0.28,0.72,38.662,38.323,38.677,11154.62,10536.35,11506.7,3.64,605296
9/8/2021,20.15,20.18,19.9,19.87,10310.7,-0.19,-0.95,20.044,19.968,19.631,11305.23,14235.05,12985.03,3.82,605298
9/8/2021,22.37,23.1,22.48,22.22,73521.65,-0.13,-0.57,22.092,20.935,20.434,107737.98,81734.74,87916.04,14.7,605299
9/8/2021,19.2,19.46,19.23,19.01,25581.54,0.03,0.16,18.952,18.731,19.406,29568.02,27398.44,28642.17,6.39,605300
9/8/2021,15.81,16.1,16.06,15.81,18758.65,0.25,1.58,15.808,15.725,15.843,13632.23,13959.3,13813.64,4.65,605303
9/8/2021,77.69,80.88,74.74,74.2,21067.36,-5.87,-7.28,76.098,71.017,66.918,23538.6,15554.65,14956.52,7.66,605305
9/8/2021,14.39,14.59,14.56,14.37,13060.33,0.19,1.32,14.308,14.173,14.061,10860.18,9759.05,8521.04,4.04,605318
9/8/2021,15.48,15.59,15.39,15.25,23292.8,-0.02,-0.13,15.452,15.602,16.229,34413.95,36968.76,44549.53,4.66,605319
9/8/2021,14.05,15.27,14.22,13.91,94953.93,0.19,1.35,13.252,12.916,13.023,38570.13,25105.86,23251.69,15.18,605333
9/8/2021,31.01,31.44,30.99,30.81,8760.86,-0.14,-0.45,30.836,31.004,30.318,11046.98,19376.21,17409.9,2.49,605336
9/8/2021,41.49,43.27,41.65,41.41,24965.95,0.24,0.58,40.96,42.227,45.102,24950.73,23398.66,23916.01,4.61,605337
9/8/2021,35.73,36.18,35.55,35.27,16456.24,-0.48,-1.33,35.206,34.821,33.972,20718.74,28263.65,21975.45,2.65,605338
9/8/2021,33.92,34.9,34.37,33.81,32558.64,0.47,1.39,33.626,33.332,34.06,27754.07,27806.13,36865.44,5.12,605339
9/8/2021,118.18,119.56,118.51,114.7,30132.4,0.33,0.28,118.824,124.863,131.351,38992.14,36777.06,37156.63,7.43,605358
9/8/2021,21.17,21.36,21.35,21.06,28684.88,0.2,0.95,21.108,21.217,22.322,24071.1,29070.66,47321.6,5.74,605365
9/8/2021,15.09,15.3,14.87,14.68,101290.74,-0.3,-1.98,15.016,15.838,15.005,124293.37,188180.28,169503.73,6.26,605366
9/8/2021,15.8,16.29,15.9,15.63,108301.58,-0.16,-1,15.44,15.038,14.628,110203,84639.28,73658.18,16.53,605368
9/8/2021,107.42,108.07,105.35,104.18,4074.4,-1.72,-1.61,104.96,102.582,106.807,9114.6,8979.49,9978.89,1.46,605369
9/8/2021,95,95,91.8,91.02,10947,-2.4,-2.55,93.166,93.381,88.502,11858.1,17540.98,20046,1.67,605376
9/8/2021,18.1,18.54,18.37,18.1,15512.23,0.17,0.93,18.174,18.378,17.791,17891.06,26779.16,22299.26,2.17,605377
9/8/2021,30.48,30.8,30.2,30.05,18963.25,-0.28,-0.92,30.218,30.563,32.193,18802.96,22932.23,23486.74,5.69,605378
9/8/2021,17.16,17.39,17.27,17.11,27577.19,0.07,0.41,17.068,16.94,17.542,34396.2,32908.24,35065.62,1.96,605388
9/8/2021,52.53,55.55,53.91,52.53,21400.29,1.64,3.14,52.198,52.538,54.013,12854.64,15844.78,17641.24,8.79,605389
9/8/2021,39.07,39.24,39.2,38.9,3257,0.2,0.51,38.728,38.631,39.035,3207.8,3956.45,3957.57,2.19,605398
9/8/2021,41.28,44.45,43.97,40.12,93906.68,3.45,8.51,40.586,39.913,36.802,92156.39,108061.4,115261.21,14.43,605399
9/8/2021,27.24,27.41,27.23,27.01,8063.43,-0.01,-0.04,27.036,27.325,27.228,8499.47,15214.48,16428.04,2.69,605488
9/8/2021,186,195,194,183.5,19024.04,9.86,5.36,182.88,179.847,189.91,16036.19,18055.55,17101.07,4.75,605499
9/8/2021,17.69,18.05,17.94,17.65,34601.06,0.25,1.41,17.656,17.615,17.488,18050.18,17757.23,16081.94,6.92,605500
9/8/2021,30.81,31.1,30.8,30.79,25119.29,-0.19,-0.61,30.486,30.485,31.7,28817.31,34400.48,42378.63,3,605507
9/8/2021,14.86,15.3,14.38,14.15,184014.33,-0.59,-3.94,14.92,13.832,13.037,228348.85,146540.99,123313.57,41.4,605577
9/8/2021,17.65,19.5,18.97,17.65,221577.16,0.94,5.21,17.722,18.032,16.935,188158.66,186778.09,125310.98,44.32,605580
9/8/2021,47.16,48.18,47.47,47.16,15575.99,-0.15,-0.32,47.04,48.072,50.56,20274,28412.98,35743.98,8.52,605588
9/8/2021,39.67,41.17,40.47,38.39,234588.23,2.53,6.67,36.246,35.334,36.089,157203.25,139165,176925.56,28.94,605589
9/8/2021,39.04,39.19,38.55,38.4,14124.22,-0.51,-1.31,38.532,38.479,39.662,15194.61,16506.07,17310.88,2.85,688001
9/8/2021,109.7,110.83,105.52,104.7,41821.04,-4.58,-4.16,111.406,116.822,117.038,33919.62,34562.46,37275.39,1.81,688002
9/8/2021,47.02,49.2,46.38,46.1,24923.95,-0.22,-0.47,46.65,45.111,43.128,24341.31,24497.21,20993.83,3.4,688003
9/8/2021,38.85,40.3,40,38.58,12477.13,1.35,3.49,38.604,38.114,37.125,8894.46,8338.25,6865.86,3.16,688004
9/8/2021,120.87,120.9,115.56,114.8,65578.29,-4.34,-3.62,111.834,116.167,122.545,99420.46,89716.39,82716.03,2.38,688005
9/8/2021,95.9,96.56,90.8,89.31,33900.21,-4.46,-4.68,92.724,100.468,109.269,35714,40751.25,36920.44,3.03,688006
9/8/2021,30.4,31.24,30.65,30.11,32758.94,0.3,0.99,30.006,29.976,31.522,48978.95,55933.33,59018.26,1.15,688007
9/8/2021,58.3,59.25,58.3,57.8,45108.02,-0.36,-0.61,59.53,60.325,60.031,47698.05,62032.17,67214.78,1.06,688008
9/8/2021,5.4,5.5,5.46,5.4,274506.19,0.05,0.92,5.406,5.312,5.209,281800.64,321324.81,233621.71,1.36,688009
9/8/2021,29.32,29.53,29.22,29.13,9380.54,-0.16,-0.55,29.198,29.559,30.431,10252.75,12625.04,13590.85,0.97,688010
9/8/2021,42.66,43.13,42.26,41.89,9900.36,-0.38,-0.89,42.418,43.166,43.967,10965.78,14865.28,19947.75,2.37,688011
9/8/2021,160.57,162.66,159.16,156,55594.05,0.16,0.1,156.652,161.116,168.372,77872.8,90505.73,88989.33,2.24,688012
9/8/2021,26.82,26.98,26.93,26.66,1671.45,0.03,0.11,26.536,26.588,27.329,2199.45,2846.13,3384.67,0.97,688013
9/8/2021,34.75,36.5,35.52,34.71,28132.54,0.68,1.95,34.432,33.339,32.281,19493.86,19585.33,17183.67,3.04,688015
9/8/2021,258.84,263.99,254.64,253.23,8811.73,-3.86,-1.49,258.204,264.87,280.643,10782.29,9840.15,10046.34,2.28,688016
9/8/2021,174.02,177.01,166.4,165.67,7886.99,-7.58,-4.36,174.04,173.746,159.001,12766.76,13739.54,14155.24,1.21,688017
9/8/2021,223.42,223.42,214,211.24,13880.72,-6.34,-2.88,213.768,216.536,223.534,20047.41,17968.13,15872.28,3.07,688018
9/8/2021,260.82,281.39,272.13,257.26,9481.21,11.68,4.49,257.396,253.96,267.766,9526.48,9292.32,8038.54,3.09,688019
9/8/2021,91.5,97.5,96.25,90.6,13600.99,5.56,6.13,92.414,92.41,90.931,8881.29,7436.99,6744.81,3.63,688020
9/8/2021,40.9,43.05,42.69,40.62,13195.84,1.82,4.45,41.13,39.431,39.463,11426.45,10191.94,7486.98,2.87,688021
9/8/2021,38.87,40.07,38.85,38.18,22752.97,-0.22,-0.56,39.734,39.399,39.565,28421.36,41249.94,35325.69,3.86,688022
9/8/2021,310.11,321.9,320.36,308.1,5199.08,6.47,2.06,322.4,329.204,321.712,7722.69,7929.08,6861.16,1.01,688023
9/8/2021,58.13,62.5,60.87,58.1,21504.32,2.92,5.04,57.554,57.49,62.129,14572.92,16947.08,18774.99,4.09,688025
9/8/2021,78.6,78.9,74.4,74.04,7303.88,-4.32,-5.49,77.978,82.005,87.166,6141.33,7362.94,10678.35,1.53,688026
9/8/2021,180.25,181.68,180.06,179,3262.31,-0.12,-0.07,179.828,179.928,184.462,3176.29,3746.67,4069.39,0.75,688027
9/8/2021,53.2,54.51,51.57,51.13,38417.01,-1.1,-2.09,48.134,44.664,40.897,54874.86,42748.68,31633.51,10.01,688028
9/8/2021,211,211,201.85,200.05,6688.33,-7.53,-3.6,205.668,207.381,226.147,8173.18,10662.68,10867.63,1.52,688029
9/8/2021,27.58,27.58,27.02,26.73,10614.17,0.18,0.67,26.576,26.787,27.363,9452.78,11644.54,12312.12,1.13,688030
9/8/2021,26.47,26.8,25.42,25.05,44300.92,-0.84,-3.2,25.412,25.623,25.348,75597.99,89240.5,93466.57,1.45,688033
9/8/2021,147.71,148.88,143,142.35,25342.17,-4.28,-2.91,148.676,149.143,159.476,21849.84,28521.69,27625.43,0.65,688036
9/8/2021,204.49,212.65,203,200.39,14549.5,0.59,0.29,200.688,212.032,218.583,20191,18784.55,20765.25,3.28,688037
9/8/2021,21.66,21.71,21.6,21.39,8457.09,0.01,0.05,21.562,21.392,22.353,9607.32,10798.77,13382.87,3.57,688038
9/8/2021,71.75,85.98,85.98,71.75,43689.81,14.33,20,73.486,73.827,73.907,17536.63,15727.47,18321.5,9.04,688039
9/8/2021,272.36,282,272.72,264.16,9816.42,-0.68,-0.25,257.336,259.82,265.327,11875.83,12525.9,13970.41,1.43,688050
9/8/2021,55.55,56.2,55.88,55.01,3189.7,0.32,0.58,55.06,54.871,56.596,2854.44,3435.19,4868.1,1.36,688051
9/8/2021,7.13,7.27,7.23,7.11,112882.02,0.12,1.69,7.13,7.107,7.166,81940.51,94426.8,120491.57,0.63,688055
9/8/2021,56.28,56.55,56.48,54.38,4571.97,0.49,0.88,55.756,55.772,55.535,5943.35,8059.74,8760.55,1.8,688056
9/8/2021,30.96,30.96,30.28,30.1,8665.28,-0.21,-0.69,29.874,29.665,29.743,8488.58,10885.52,9841.86,1.26,688057
9/8/2021,88.1,89.51,88.08,87.5,1886.01,-0.62,-0.7,87.788,90.515,90.352,2858.94,4064.42,4074.96,0.86,688058
9/8/2021,195.47,195.9,183.33,181,4565.19,-10.95,-5.64,187.162,186.889,176.442,4095.6,4050.64,4243.97,4.88,688059
9/8/2021,61.99,62.4,61.8,61.4,1609.69,-0.07,-0.11,61.402,61.58,63.212,1971.37,2673.13,2947.77,0.94,688060
9/8/2021,212.5,217.88,211.94,208.6,12369.03,-0.22,-0.1,217.062,224.027,229.448,16476.04,21782.67,24737.01,3.22,688063
9/8/2021,157.15,170,166.5,156.65,12914.47,8.57,5.43,151.754,144.548,138.662,12528.51,10416.01,12396.07,0.76,688065
9/8/2021,50,50,48.91,47.49,28766.76,-0.75,-1.51,49.47,50.111,50.789,30170.78,33791.56,31332.56,2.91,688066
9/8/2021,29.55,29.73,29.57,29.39,3534.81,0.05,0.17,29.484,29.229,29.811,4463.96,5236.31,5540.56,2.55,688067
9/8/2021,134,134.01,130.84,130.1,14201.86,-3.7,-2.75,134.532,136.95,141.952,16557.82,20239.89,18834.75,3.3,688068
9/8/2021,52.74,53.48,52.83,52.55,3464.12,0.08,0.15,52.43,52.437,55.3,2625.69,3125.48,5081.17,1.41,688069
9/8/2021,38.83,39.19,38.6,38.45,8565.06,-0.54,-1.38,39.454,39.511,38.299,13804.58,20508.76,17569.05,4.56,688070
9/8/2021,42.9,43,41.15,41.04,7066.68,-0.85,-2.02,41.736,42.856,41.233,8434.74,13351.14,18565.8,4.76,688071
9/8/2021,48.89,49.4,48.55,48.24,11689.09,-0.17,-0.35,48.236,48.993,54.656,17741.74,21292.58,25923.68,2.71,688076
9/8/2021,56.9,57.52,54.88,54.7,17623.48,-2.06,-3.62,56.87,58.744,59.148,24934.65,29375.83,34241.22,4.85,688077
9/8/2021,75.58,76.29,73.9,70.96,6925.48,-1.68,-2.22,73.744,72.679,64.892,9324.01,15428.12,19692.51,2.03,688078
9/8/2021,17.08,18.5,18.27,16.99,119236.53,1.45,8.62,16.954,16.588,16.79,53666.62,40834.6,41339.82,16.25,688079
9/8/2021,54.43,55.8,54.38,53.9,6722.83,0.02,0.04,55.112,57.391,63.332,9889.26,9652.97,11315.36,1.8,688080
9/8/2021,29.75,30.1,29.8,29.42,7150.66,0,0,30.088,30.771,30.623,8828.08,10384.37,11738.83,2.26,688081
9/8/2021,536.51,536.51,529.85,522.51,1698.48,-6.65,-1.24,532.422,542.768,548.161,1746.96,1803.71,2265.66,1.26,688083
9/8/2021,30.59,30.59,30.35,30.01,10670.43,-0.25,-0.82,29.826,29.225,30.955,17341.41,17802.24,18285.61,1.27,688085
9/8/2021,24.62,24.88,24.79,24.41,22066.5,0.21,0.85,24.574,24.406,25.947,18529.6,25691.87,31266.75,2,688086
9/8/2021,86.8,88.19,85.41,84.86,9750.19,-2.33,-2.66,87.216,88.708,90.803,12176.31,10183.46,10321.29,3.6,688087
9/8/2021,42.77,43.44,43.43,42.08,26406.14,0.98,2.31,42.078,41.64,43.11,20059.6,21876.97,26208.53,0.99,688088
9/8/2021,57.85,61.19,59.79,57.31,12299.14,1.94,3.35,58.616,56.144,55.174,12135.36,12621.19,13337.37,1.84,688089
9/8/2021,38.19,38.39,38.38,37.73,4195.25,0.46,1.21,38.29,39.443,40.678,4989.6,6321.85,11001.73,0.92,688090
9/8/2021,38.61,38.61,37.49,37.11,15359.54,-1.17,-3.03,38.382,39.949,42.697,13914.51,15686.55,17693.65,12.53,688092
9/8/2021,40,42.5,41.26,40,18033.32,1.75,4.43,39.52,41.826,45.35,13051.83,19879.88,14612.13,4.41,688093
9/8/2021,172.01,182.2,181.99,171.99,16415.43,-1.01,-0.55,179.476,180.133,187.576,5399.53,4755.99,4207.02,5.74,688095
9/8/2021,16.3,16.52,16.5,16.14,10664.06,0.28,1.73,16.23,15.989,15.825,13090.47,12988.72,11490,1.44,688096
9/8/2021,54,57.19,54.35,52.56,10940.75,0.08,0.15,52.696,50.612,46.943,11526.72,15638.73,14664.14,2.89,688097
9/8/2021,12.43,12.55,12.35,12.32,16108.88,-0.04,-0.32,12.252,12.281,12.58,14534.02,14392.9,13486.27,0.62,688098
9/8/2021,106.61,110.51,102.51,101,42972.51,-4.15,-3.89,105.494,107.302,110.419,35322.57,36880.98,37048.56,2.02,688099
9/8/2021,24.24,24.3,23.78,23.73,14712.02,-0.36,-1.49,24.066,24.208,25.197,16300.33,14351.58,16018.95,0.89,688100
9/8/2021,20.36,21.31,20.74,20.16,61427.74,0.38,1.87,20.69,20.774,20.835,54566.65,71297.06,65691.61,3.42,688101
9/8/2021,27.17,27.5,27.26,26.99,43575.38,0.11,0.41,26.826,27.168,29.795,60063.12,78892.49,87080.21,1.72,688106
9/8/2021,9.08,9.23,9.2,9.01,30707.9,0.12,1.32,9.032,8.938,9.268,25153.73,28625.31,27893.01,1.07,688108
9/8/2021,63.07,63.2,62.37,62.12,2475.01,-0.25,-0.4,61.944,61.678,65.049,3286.35,4413.31,4474.28,2,688109
9/8/2021,252,253.08,250.79,249.01,15593.96,-3.15,-1.24,248.002,250.278,291.729,29173.17,39369.39,31036.08,0.72,688111
9/8/2021,75.8,75.8,72.39,71.13,4103.19,-1.61,-2.18,72.85,74.042,74.51,4195.81,6038.39,5851.3,2.82,688113
9/8/2021,161,161.7,156.1,155.41,20481.54,-4.4,-2.74,155.244,157.391,159.718,26758.2,34310.62,32028.82,1.16,688116
9/8/2021,34.76,35.13,34.6,34.43,4724.82,-0.05,-0.14,34.316,35.027,36.99,5889,7133.16,6171.12,2.47,688117
9/8/2021,24.63,24.93,24.9,24.18,8282.56,0.47,1.92,24.258,23.745,23.913,6926.13,7054.95,7539.66,1.25,688118
9/8/2021,81.1,82.5,79.46,78.85,47193.7,-1.43,-1.77,80.576,84.499,86.421,62312.91,78606.31,84164.48,1.51,688122
9/8/2021,44.28,45.15,45.05,44.1,9442.63,0.83,1.88,44.308,45.082,48.461,11780.74,12753.64,16589.51,1.14,688123
9/8/2021,29.97,30.2,30,29.59,115786.31,0.04,0.13,29.694,29.656,30.509,144560.01,193671.88,209311.27,1.05,688126
9/8/2021,24.4,26.05,26.05,24.4,88194.25,2.1,8.77,23.588,23.188,22.996,30437.15,27863.2,21443.39,22.7,688127
9/8/2021,40.1,41.68,36.95,36.6,60604.72,-3.55,-8.77,41.384,43.436,40.659,51582.85,49342.25,41736.65,6.42,688128
9/8/2021,20.81,21.01,20.71,20.38,11661.17,-0.17,-0.81,20.558,20.727,21.543,12623.4,13055.31,15585.6,4.04,688129
9/8/2021,352.92,358.16,343.3,338.8,3127.59,-7.7,-2.19,339.5,332.269,361.588,4965.33,8448.87,8855.27,1.92,688131
9/8/2021,262.9,263,246.65,243.39,3558.24,-11.65,-4.51,251.148,261.609,272.195,3570.76,4161.2,4172.99,2.19,688133
9/8/2021,41.3,41.4,41.31,40.67,11301.42,0.26,0.63,40.736,41.969,45.64,14531.37,17805.32,24418.12,3.68,688135
9/8/2021,31.7,31.7,31.26,31.25,12192.23,-0.4,-1.26,31.576,31.275,32.435,10462.09,12881.97,13151.26,2.85,688136
9/8/2021,17.26,17.57,17.5,17.11,16280.89,0.3,1.74,17.134,17.377,18.46,15710.97,20712.8,25102.59,2.08,688138
9/8/2021,127.74,127.74,118.33,117.31,23207.96,-7.67,-6.09,119.626,123.499,129.448,20739.03,22644.13,25510.44,1.28,688139
9/8/2021,35.99,37.5,36.6,35.1,132759.69,1.92,5.54,31.848,30.794,30.638,104286.2,87933.59,108855.93,18.37,688148
9/8/2021,124.2,124.9,114.89,113.01,13251,-9.31,-7.5,120.292,127.048,130.801,8696.81,10733.96,10766.2,4.57,688155
9/8/2021,20.89,20.99,20.6,20.45,6505.34,-0.29,-1.39,20.758,20.901,20.897,9330.16,12122.7,10247.38,2.96,688156
9/8/2021,92.01,94.86,93.38,91,4044.13,1.37,1.49,92.52,101.908,106.899,6018.39,6640.37,5726.09,1.16,688157
9/8/2021,36.82,37.23,36.98,36.72,6577.76,0.16,0.43,36.794,36.354,36.361,10574.38,9758.76,9925.34,0.21,688158
9/8/2021,25.48,25.51,25.34,25.05,8862.56,-0.17,-0.67,25.178,25.29,26.519,8927.94,10499.3,12316.15,1.42,688159
9/8/2021,39.96,40.2,39.2,39.03,4928.6,-0.33,-0.83,39.294,40.833,42.504,7728.82,9697.08,10981.99,2.47,688160
9/8/2021,65.66,67.26,65.76,65.02,7891.85,-0.22,-0.33,65.432,64.142,65.922,12404.1,15458.88,14786.48,2.32,688161
9/8/2021,11.7,11.9,11.71,11.62,33311.27,-0.01,-0.09,11.656,12.037,12.675,33779.57,47239.58,52593.18,1.11,688165
9/8/2021,35.02,36.18,35.88,34.87,16738.3,0.76,2.16,34.99,34.467,34.354,18903.99,20068.03,19965.83,0.93,688166
9/8/2021,55.59,57.87,56.8,55.5,10484.24,1.85,3.37,54.882,54.749,56.42,5591.95,5432.17,6992.19,3.68,688168
9/8/2021,905.65,905.65,853.2,830.2,8189.14,-55.48,-6.11,891.498,984.277,1119.339,6860.41,8643.58,6609.5,1.81,688169
9/8/2021,32.76,33.69,32.66,32.33,27545.03,-0.33,-1,31.398,29.922,28.836,23703.9,20996.76,17127.91,2.87,688177
9/8/2021,27.45,27.74,27.6,27.24,5017.05,0.23,0.84,27.322,26.758,26.377,7165,6902.15,5920.58,1.36,688178
9/8/2021,90.05,91,88.44,88.13,4374.74,-1.47,-1.64,88.016,89.347,101.51,7946.45,9594.86,10907.18,1.82,688179
9/8/2021,60.02,60.8,59.15,58.8,29526.57,-0.81,-1.35,59.18,58.551,59.429,35225.04,46549.38,51245.02,0.69,688180
9/8/2021,50.5,50.95,50.88,50.29,8847.33,0.4,0.79,50.348,50.184,52.023,7694.74,9353.3,11296.98,1.15,688181
9/8/2021,13.59,13.65,13.58,13.53,21665.34,0,0,13.492,13.379,13.605,21525.85,24324.26,29018.35,1.86,688183
9/8/2021,380,380,370.18,369.17,18417.09,-11.32,-2.97,373.386,385.097,405.577,18044.15,19016.08,21688.27,2.76,688185
9/8/2021,55.69,56.5,53.17,52.5,43985.39,-2.6,-4.66,56.592,55.185,50.771,48446.6,43762.07,46953.38,4.44,688186
9/8/2021,508.8,508.8,485.9,481.15,4317.95,-19,-3.76,494.336,499.513,499.929,4635.34,4998.41,5948.23,1.61,688188
9/8/2021,30.35,31.19,30.53,30.14,8239.09,0.18,0.59,30.216,31.447,33.637,12881.58,12327.49,9773.93,0.83,688189
9/8/2021,23.79,24.48,23.68,23.5,16036.27,-0.11,-0.46,23.582,23.455,24.695,17571.45,23611.3,28453.05,4.6,688191
9/8/2021,23.26,24.2,23.83,23.22,16993.34,0.38,1.62,22.996,22.114,22.228,19792.96,18659.28,25407.08,5.52,688195
9/8/2021,48.32,48.63,48.33,48.12,4182.76,0.03,0.06,48.44,48.466,50.52,6149.05,6290.17,11661.67,1.45,688196
9/8/2021,240.02,247.77,243.12,238.6,2133.49,0.12,0.05,235.536,231.963,229.518,2524.45,2624.19,3517.74,0.92,688198
9/8/2021,48.08,48.51,48.01,47.5,17792.54,0.3,0.63,46.528,46.237,46.588,18962.35,18649.32,20638.45,2.07,688199
9/8/2021,542,559.72,546.55,533,4636.81,8.37,1.55,545.314,575.037,544.845,5277.12,6362.86,6058.07,1.28,688200
9/8/2021,63.63,63.63,61.78,61.01,6988.93,-0.77,-1.23,62.07,62.864,62.37,12219.6,12066.79,12273.24,3.69,688201
9/8/2021,742.26,743,706,670.62,5124.87,-21,-2.89,663.792,655.225,646.455,5664.42,5123.99,6219.6,1.95,688202
9/8/2021,86.85,87.15,85.19,82.51,21797.53,-2.11,-2.42,86.392,85.478,86.209,22886.8,25755.3,26185.08,0.8,688208
9/8/2021,40.62,41.07,40.95,40.42,2496.36,0.25,0.61,40.64,40.706,41.759,1922.06,2661.84,2641.91,1.62,688215
9/8/2021,55.91,56.77,56.25,55.33,9231.59,0.73,1.31,55.248,55.622,57.595,9645.33,11157.51,15830.2,4.27,688216
9/8/2021,63.99,64.5,62.8,62.76,2827.95,-1.63,-2.53,63.264,64.168,68.308,3060.34,3835.77,3818.86,2.49,688217
9/8/2021,15.94,16.05,15.97,15.86,10733.95,0.02,0.12,15.832,16.177,16.897,14241.86,18176.64,19951.9,1.31,688218
9/8/2021,15.3,15.3,15.07,14.92,12763.47,-0.01,-0.07,14.83,15.987,17.319,17461.03,28027.38,27700.07,2.82,688219
9/8/2021,19.73,20.13,20,19.73,12913.64,0.09,0.45,20.15,20.508,21.113,17777.21,20281.87,30600.12,1.48,688221
9/8/2021,27.01,28.75,28.01,26.93,35674.75,0.85,3.13,27.082,26.628,26.867,24415.29,27086.06,26800.93,1.28,688222
9/8/2021,16.46,16.6,16.47,16.25,16524.99,0.01,0.06,16.47,16.108,16.267,26115.13,23542.03,26095.92,5.2,688226
9/8/2021,37.8,37.95,37.73,37.42,3641.13,0.09,0.24,37.49,37.867,38.577,2856.81,5745.88,5327.05,1.26,688228
9/8/2021,61.13,61.48,59.47,58.76,5383.91,-1.78,-2.91,60.886,61.658,67.66,2423.51,2671.25,2595.18,3.15,688229
9/8/2021,74.7,75.3,74.49,73.27,26311.16,-0.01,-0.01,75.108,77.779,84.683,27201.46,29226.11,41570.49,3.23,688233
9/8/2021,64,64.99,60.22,59.4,31475.96,-4.06,-6.32,62.438,64.515,61.66,22264.78,28820.41,31487.97,11.06,688239
9/8/2021,90.65,92.96,92.61,90.48,17232.07,1.97,2.17,90.888,90.857,95.229,16455.66,19523.42,20401.97,0.72,688256
9/8/2021,38,38.74,38.25,37.9,6400.4,-0.13,-0.34,38.124,37.515,39.328,6520.75,8168.96,8528.03,1.51,688258
9/8/2021,23.9,24.2,22.5,22.21,29661.66,-1.07,-4.54,23.084,23.382,23.413,18514.78,23952.51,38744.64,10.87,688260
9/8/2021,66,66.5,66.01,65.3,6805.77,0.21,0.32,66.298,65.215,64.561,6984.83,11042.48,10681.92,0.51,688266
9/8/2021,81.81,83.48,82.39,80.6,8753.09,0.59,0.72,80.52,85.528,88.972,11927.9,14437.63,16758.19,2.62,688268
9/8/2021,122.38,124.58,115,115,7158.66,-7.55,-6.16,121.002,124.157,122.488,5144.06,5065.58,7964.66,3.19,688269
9/8/2021,88.36,88.93,85.56,85.05,7268.54,-2.78,-3.15,84.786,83.232,81.406,9390.18,9384.15,9801.1,2.2,688276
9/8/2021,28,28.29,27.55,27.51,42689.06,-0.49,-1.75,28.32,28.672,27.996,56804.34,72175.48,79505.01,1.44,688277
9/8/2021,27.14,28.65,28.4,26.88,28527.79,1.58,5.89,26.896,27.278,28.849,16472.98,18141.51,14697.96,1.29,688278
9/8/2021,107.63,109.1,106.32,104.25,1592.19,-1.69,-1.56,106.644,108.798,115.642,2576.73,3024.55,3725.92,0.5,688286
9/8/2021,37.43,38.12,38.03,37.02,10131.53,0.89,2.4,36.366,36.238,38.198,9918.24,10964.54,11628.38,1.96,688288
9/8/2021,67.68,67.7,66.9,66.9,12324.64,-0.78,-1.15,68.008,70.464,75.775,12164.71,12268.45,8993.11,0.62,688289
9/8/2021,48.98,49.8,48.78,45.71,15461.13,-0.38,-0.77,50.288,52.111,50.868,10995.82,11329.48,16385.6,6.33,688296
9/8/2021,176,176.69,170.75,170.56,30309.01,-13.25,-7.2,175.496,178.834,184.038,18845.91,21172.45,19724.22,5.01,688298
9/8/2021,31.21,32.54,31.8,30.82,31601.92,0.79,2.55,31.518,33.001,35.178,40579.64,47964.39,45492.76,1.42,688299
9/8/2021,77.29,77.29,73.3,73.06,10175.49,-2.19,-2.9,72.674,74.645,72.913,11249.02,11723.62,12231.5,1.92,688300
9/8/2021,406.5,418.39,386.03,383,5672.11,-24.99,-6.08,410.584,422.23,410.023,4106.75,4753.35,5334.76,3.41,688301
9/8/2021,79.04,80,77.35,77.08,127895.17,-3.21,-3.98,80.778,83.253,75.628,141601.06,180584.3,166838.97,6.44,688303
9/8/2021,139,144.88,133.01,131.76,19283.05,-7.64,-5.43,136.664,139.155,128.109,17806.68,25401.64,24179.72,10.44,688305
9/8/2021,90.7,90.71,86.87,86.51,7265.83,-3.62,-4,89.49,90.067,87.48,9705.26,10938.48,12629.78,3.04,688308
9/8/2021,24.85,24.89,24.82,24.78,4092.89,0.06,0.24,24.648,24.507,24.533,3737.27,4194.43,4208.26,0.93,688309
9/8/2021,43.01,43.85,41.56,41.15,13001.12,-2.21,-5.05,42.602,42.671,42.589,9960.62,14835.29,16967.49,3.51,688310
9/8/2021,67.88,68.45,67.45,66.73,8034.04,-0.33,-0.49,66.228,66.775,70.628,9311.19,11021.98,13593.11,1.24,688311
9/8/2021,29.18,30.29,30.04,28.9,22898.29,1,3.44,29.102,28.738,28.28,17987.38,18093.42,15981.95,3.45,688312
9/8/2021,12.4,12.54,12.49,12.38,23348.03,0.01,0.08,12.318,12.162,12.625,27132.71,27882.53,44029.79,0.78,688313
9/8/2021,70.69,72.32,72.18,70.1,2039.69,1.17,1.65,70.776,71.002,73.913,2668.24,3575.2,3813.44,1.72,688314
9/8/2021,49.21,51.33,49.88,48.51,7804.96,-0.12,-0.24,50.77,53.504,57.054,11424.34,10797.2,12033.73,2.34,688315
9/8/2021,64.5,65.53,65,64.24,2417.15,-0.29,-0.44,64.442,64.999,65.959,3469.02,5854.44,5129.3,2.23,688316
9/8/2021,50.97,51.6,51.16,50.97,8911.13,-0.09,-0.18,50.778,51.738,56.602,8961.47,15185.93,15135.36,2.09,688317
9/8/2021,167.5,177.69,174.09,165.88,21021.84,6.79,4.06,164.862,159.188,158.114,14903.16,11199.35,10413.36,10.5,688318
9/8/2021,31.31,31.32,30.95,30.5,6673.35,-0.3,-0.96,30.922,30.426,31.408,9986.66,13970.41,12698.69,1.79,688319
9/8/2021,38.49,38.7,38.22,38.14,16794.01,-0.27,-0.7,37.966,37.33,38.392,20354.21,21852,21379.29,0.66,688321
9/8/2021,39,39.25,38.6,38.2,10264.89,-0.18,-0.46,38.826,39.524,38.231,13546.87,17935.9,17605.63,2.8,688323
9/8/2021,39.1,39.1,37.6,37.03,11048.19,-1.33,-3.42,38.822,41.156,44.304,9024.1,17299.59,16113.5,6.32,688328
9/8/2021,45.1,46.27,44.99,44.09,5675.17,-0.57,-1.25,45.456,44.313,46.662,9441.57,8098.12,8760.34,3.5,688329
9/8/2021,90.93,92.5,91.5,90.15,6231.59,0.45,0.49,92.99,95.023,93.015,10512.2,9661.66,11855.93,2.56,688330
9/8/2021,219.98,220,217,212.56,4781.13,-2.2,-1,215.598,220.933,224.23,6133.48,5426.99,6693.87,1.05,688333
9/8/2021,33.44,33.71,33.36,33.27,2845.41,-0.02,-0.06,33.374,33.337,35.223,2486.5,3153.9,6171.81,0.6,688335
9/8/2021,20.6,20.82,20.56,20.36,11036.13,0.05,0.24,20.426,20.262,19.894,9906.03,13175.7,10739.19,1.56,688336
9/8/2021,47.81,47.81,47.11,46.99,2574.13,-0.19,-0.4,47.084,47.008,47.748,2731.18,2834.09,3281.17,0.97,688338
9/8/2021,260.56,267.8,262.35,255.55,10150.86,-0.05,-0.02,261.736,279.729,293.589,15537.8,16438.5,21030.13,2.17,688339
9/8/2021,71.1,71.1,69.08,68.61,12523.3,-1.81,-2.55,69.99,72.271,73.557,12056.95,17088.36,21069.71,5.48,688345
9/8/2021,24.82,25.49,25.49,24.48,20100.75,0.67,2.7,24.802,24.369,24.048,17141.69,16055.49,16178.78,7.74,688350
9/8/2021,32.5,32.88,31.9,31.56,12677.75,-0.44,-1.36,32.426,31.183,29.145,24174.89,32101.49,24409.3,5.03,688355
9/8/2021,247.84,258.5,254.68,243.69,7269.62,7.31,2.96,240.826,243.709,221.514,9016.16,12633.97,11115.23,2.06,688356
9/8/2021,142.72,143.78,140.05,139.59,3244.62,-1.69,-1.19,139.916,144.624,152.495,7627.5,6936.22,7246.9,1.24,688357
9/8/2021,46.85,47.26,47,46.85,1414.49,0.01,0.02,46.862,46.5,47.141,1205.94,1508.44,1804.55,0.74,688358
9/8/2021,62,63.55,61.15,60.63,8012.79,-0.36,-0.58,61.606,62.015,59.501,11857.19,12145.57,14549.18,3.63,688359
9/8/2021,36.18,36.23,35.36,34.72,28258.34,0.05,0.14,33.39,31.647,29.86,42992.49,42535.91,38460.67,6.81,688360
9/8/2021,183.36,184.35,179.27,179.03,16944.24,-3.51,-1.92,178.936,182.948,193.603,29237.31,33811.11,31775.67,1.82,688363
9/8/2021,15.7,15.94,15.47,15.43,61125.15,-0.34,-2.15,15.19,15.077,15.344,39902.21,29927.27,26810.98,3.61,688365
9/8/2021,180.82,182.68,177.98,176.43,7059.91,-3.83,-2.11,175.432,176.091,181.492,10154.56,11411.71,12004.52,1.26,688366
9/8/2021,23,23.86,23.07,22.74,35235.32,0.58,2.58,22.384,22.044,22.244,19257.92,14473.35,14224.77,16.92,688367
9/8/2021,402.08,414.53,403.15,391.44,5011.51,3.68,0.92,396.43,416.042,444.057,7284.54,7178.11,7503.63,3.2,688368
9/8/2021,71.31,71.66,70.08,69,4740.15,-1.27,-1.78,70.456,71.278,71.887,5666.5,7236.63,9974.67,0.81,688369
9/8/2021,16.19,16.28,16.13,15.97,14310.3,0.05,0.31,15.922,15.75,15.698,10784.47,9951.36,10754.61,1.34,688377
9/8/2021,66.83,67.66,67.1,66,5936.8,-0.04,-0.06,67.484,68.247,68.772,6858.96,7773.32,7190.62,1.32,688378
9/8/2021,24.14,24.19,24.15,23.78,8644.36,0.01,0.04,24.328,24.531,24.117,11717.98,11644.64,9457.65,2.16,688379
9/8/2021,146.63,149.87,145.89,144.07,6999.28,-0.74,-0.51,147.766,152.175,155.609,7673.22,7518.17,10687.86,2.99,688383
9/8/2021,45.8,46.25,45.65,45.3,31933.27,-0.02,-0.04,45.718,46.631,48.502,46805.97,56953.01,83408.05,4,688385
9/8/2021,81.19,82.24,79.47,76.88,10165.74,-0.68,-0.85,79.342,73.059,67.927,14542.15,13049.61,9376.96,6.73,688386
9/8/2021,123.6,123.99,115.09,114.31,63415.23,-8.91,-7.18,116.966,114.568,111.172,60830.39,52903.35,54171.85,3.78,688388
9/8/2021,19.59,19.59,19.14,18.84,28114.87,-0.01,-0.05,19.118,19.443,21.071,31049.64,31815.11,23871.79,1.81,688389
9/8/2021,355,372.77,348.92,342.29,18064.96,-16.08,-4.41,357.576,385.916,408.816,15093.33,17260.1,17386.9,3.62,688390
9/8/2021,31.57,31.7,31.39,31.01,11306.53,-0.3,-0.95,31.432,31.435,32.215,8102.52,7573.88,7590.42,1.9,688393
9/8/2021,32.9,33.05,32.02,31.8,7578.71,-1.11,-3.35,32.742,32.137,31.064,15090.85,14080.75,13819.13,4.3,688395
9/8/2021,74.14,75.2,73.9,73.18,83919.88,-0.13,-0.18,73.706,76.449,80.622,125242.05,158517.04,150128.84,2.55,688396
9/8/2021,48.88,50.48,49.2,48.88,3180.76,-0.93,-1.85,49.112,48.88,50.085,6225.37,6250.83,7746.64,0.88,688398
9/8/2021,125.47,125.5,123.8,123.14,5394.79,-1.18,-0.94,123.7,126.743,136.472,4920.87,7518.78,6909.7,1.6,688399
9/8/2021,204.98,215,192.89,190.89,26803.46,-9.21,-4.56,197.782,198.712,193.37,24766.56,23883.9,21851.47,3.8,688408
9/8/2021,15.63,15.8,15.8,15.59,8973.63,0.2,1.28,15.522,15.662,16.058,8282.21,11205.55,12109.55,0.69,688418
9/8/2021,5.98,6.22,6.06,5.96,939466.19,0.07,1.17,5.99,5.681,5.477,1220041.11,962217.76,645199.14,8.96,688425
9/8/2021,33.13,33.35,32.66,32.51,17668.94,-0.74,-2.22,33.37,33.971,32.997,18801.46,26999.55,24449.1,6.47,688456
9/8/2021,25.08,25.2,24.71,24.5,9119.59,-0.14,-0.56,24.258,23.367,22.422,17911.42,17182.5,11929.88,3.3,688466
9/8/2021,18.68,18.85,18.77,18.56,8964.55,0.02,0.11,18.572,18.472,18.992,11092.83,12270.06,13241.52,2.62,688468
9/8/2021,17.02,17.11,16.9,16.79,14723.03,-0.12,-0.7,16.956,17.186,17.967,10898.11,13622.78,13765.17,0.73,688488
9/8/2021,305,308.75,298.8,286,5132.12,-6.2,-2.03,300.572,314.666,312.341,5966.69,8273.16,10318.62,2.86,688499
9/8/2021,34.32,35.63,35.21,34.32,7040.63,0.57,1.65,34.53,34.34,34.344,3428.85,3764.85,4399.85,1.69,688500
9/8/2021,18.48,18.63,18.58,18.38,11343.16,0.1,0.54,18.42,18.111,18.1,15827.41,16970.49,16774.98,5.27,688501
9/8/2021,15.16,15.19,15.13,15.03,16858.69,0.02,0.13,15.018,14.948,15.368,23054.32,23399.44,26352.06,0.64,688505
9/8/2021,128.51,128.81,123.1,122.64,13067.5,-5.41,-4.21,128.238,137.338,142.272,16136.55,16558.08,21585.81,2.25,688508
9/8/2021,7.26,7.4,7.3,7.19,122553.19,0.03,0.41,7.29,7.034,6.995,174783.76,158332.71,167094.95,7.98,688509
9/8/2021,30.29,31.44,30.71,29.58,31323.87,0.65,2.16,30.534,32.616,31.349,26886.53,40155.55,46376.33,6.06,688510
9/8/2021,74.8,75.99,75.45,74.23,7143.35,1,1.34,74.422,76.027,81.759,7190.63,11347.23,15745.7,4.39,688511
9/8/2021,46.49,46.65,46.28,46.16,5367.96,-0.22,-0.47,46.292,46.848,47.391,7618.67,6558.47,7089.17,0.9,688513
9/8/2021,229.49,229.49,215,211,12398.29,-13,-5.7,227.804,228.638,208.682,17769.87,18912.91,17090.56,2.43,688516
9/8/2021,15.14,15.45,14.94,14.61,49228.57,-0.27,-1.77,14.926,14.14,14.006,74351.26,44825.89,33889.3,15.07,688517
9/8/2021,36.26,37.49,33.34,32.9,82689.83,-3.51,-9.53,36.17,36.877,35.89,58236.45,57963.84,65617.07,3.32,688518
9/8/2021,48.6,48.88,46.24,46.16,25673.58,-2.42,-4.97,47.284,47.901,46.23,21814.32,36547.3,36192.83,3.11,688519
9/8/2021,52.8,52.88,51.65,51.46,9505.85,-0.55,-1.05,51.856,53.239,57.316,10542.97,13469.89,14798.43,1.34,688520
9/8/2021,77.81,78.88,76.7,76.42,19571.67,-1.53,-1.96,77.688,77.206,80.322,29033.55,33651.14,34806.62,0.96,688521
9/8/2021,28.02,28.53,28.36,27.95,16247.9,0.34,1.21,27.962,28.082,29.176,18307.43,23295.48,22158.93,1.92,688526
9/8/2021,14.23,14.51,14.51,14.22,12484.73,0.3,2.11,14.178,13.978,13.922,8953.14,7502.88,7229.34,2.51,688528
9/8/2021,32.12,32.29,31.03,30.99,12537.9,-1.08,-3.36,31.564,32.533,33.986,12335.9,21360.91,31450.8,4.12,688529
9/8/2021,20.29,20.3,19.79,19.61,15984.29,-0.31,-1.54,19.676,19.622,20.535,13428.46,15753.58,18187.44,4.83,688533
9/8/2021,599.37,606.85,584,571.69,4343.66,-22.56,-3.72,590.856,586.968,603.087,4138.35,4261.85,4422.32,2.29,688536
9/8/2021,3.44,3.47,3.46,3.43,419500.53,0.02,0.58,3.428,3.414,3.479,331270.89,432432.48,457372.51,1.92,688538
9/8/2021,97.96,106.56,100,97.9,22867.23,3.4,3.52,94.208,91.503,90.657,12456.77,9874.75,9916.17,4.84,688550
9/8/2021,58.77,59,57.58,55.2,9637.67,-0.15,-0.26,56.914,58.178,60.777,10699.48,12607.13,13802.93,4.91,688551
9/8/2021,29.87,30.38,30.35,29.83,4312.55,0.47,1.57,29.846,29.523,29.598,4052.44,4145.72,4454.04,1.06,688555
9/8/2021,58.85,59.58,53.3,52.8,72142.69,-3.46,-6.1,56.552,61.622,56.006,69600.5,67484.44,77921.95,6.53,688556
9/8/2021,32.78,32.99,32.45,32.27,7196.27,-0.4,-1.22,32.604,33.424,34.917,6103.31,10678.53,12133.53,4.17,688557
9/8/2021,61.3,61.78,56.69,56.6,50785.52,-4.61,-7.52,59.6,60.374,51.604,46032.17,71594.9,53736.35,13.28,688558
9/8/2021,58.28,58.28,53.81,53.8,31298.31,-4.05,-7,54.46,53.863,56.083,31040.5,34431.65,36858.9,6.37,688559
9/8/2021,37.14,37.62,34.4,34.01,55033.33,-2.2,-6.01,35.308,35.512,33.336,69740.36,69226.4,49212.38,15.2,688560
9/8/2021,90.27,91.2,90.84,89.68,14076.54,0.57,0.63,89.912,90.394,92.865,20153.09,24285.16,26736.28,0.31,688561
9/8/2021,18.11,18.29,17.98,17.78,17103.75,-0.11,-0.61,18.08,17.784,17.595,23308.45,21949.51,17057.25,7.03,688565
9/8/2021,23.44,23.56,23.32,23.22,4105.27,-0.12,-0.51,23.214,22.925,22.94,4199.36,3897.64,3575.85,0.52,688566
9/8/2021,38.33,38.99,37.73,37.16,91414.81,-0.97,-2.51,38.47,38.609,39.365,103476.28,119678.53,156139.14,1.14,688567
9/8/2021,73.6,73.86,73.6,72.27,4491.66,0.03,0.04,73.076,74.034,75.17,7399.84,8924.87,10683.33,0.43,688568
9/8/2021,18.9,19.08,18.82,18.8,11197.22,-0.19,-1,19.026,18.719,18.36,18487.9,21151.46,14081.44,2.21,688569
9/8/2021,9.37,9.37,9.28,9.2,35227.21,-0.05,-0.54,9.278,9.19,9.068,40013.2,33333.5,28699.84,4.61,688571
9/8/2021,30.67,31.16,30.28,29.97,11255.79,-0.15,-0.49,30.248,31.045,34.113,10687.34,13435.65,12879.81,3.4,688575
9/8/2021,68.68,69.2,63.31,63.21,11932.75,-5.97,-8.62,68.516,71.408,65.638,10604.23,15563.27,11885.99,9.3,688577
9/8/2021,30.36,30.69,30.36,30,13511.34,-0.19,-0.62,30.046,29.461,28.662,20136.35,21404.39,17644.25,1.8,688578
9/8/2021,12.7,12.74,12.72,12.59,9238.31,0.06,0.47,12.526,12.67,12.992,9597.58,10006.17,12733.43,0.42,688579
9/8/2021,104.96,104.96,102.4,100.67,5913.14,-1.94,-1.86,104.538,105.107,110.744,3985.74,3997.72,3929.67,2.52,688580
9/8/2021,11.66,11.77,11.53,11.4,11223.15,-0.08,-0.69,11.742,11.811,11.79,23721.39,21675.77,23800.33,2.71,688585
9/8/2021,31.9,32.07,30.99,30.65,33180.57,-0.91,-2.85,31.876,32.541,33.659,35728.09,43194.02,56920.56,1.92,688586
9/8/2021,17.2,17.36,17.29,17.17,21289.68,0.06,0.35,17.13,16.968,17.111,23752.12,24682.07,27025.37,0.85,688588
9/8/2021,42.71,45.54,43.7,42.32,29826.73,0.79,1.84,41.42,41.505,45.503,27952.86,28398.84,37462.86,5.46,688589
9/8/2021,21.25,21.48,20.4,20.38,26389.64,-0.89,-4.18,20.558,20.461,20.898,23166.51,24094.34,26183.38,6.82,688590
9/8/2021,105.5,106.67,100,99.54,12435.14,-5.36,-5.09,101.518,105.397,107.632,13392.74,13149.01,15236.46,5.85,688595
9/8/2021,22.58,22.71,22.19,21.91,31200.05,-0.39,-1.73,22.7,24.259,23.099,36675.18,56244.24,47520.94,1.78,688596
9/8/2021,13.61,13.92,13.75,13.6,21281.2,0.1,0.73,13.656,13.543,13.918,23825.75,24265.61,37479.54,5.67,688597
9/8/2021,391,397.18,368.5,366.4,12382.27,-21.37,-5.48,379.742,387.563,345.037,17883.54,21785.02,19547.02,1.91,688598
9/8/2021,59.2,61,55,53.26,247435.88,-4.98,-8.3,58.882,58.034,51.942,212219.31,242799.45,255538.19,2.04,688599
9/8/2021,20.41,20.41,20.27,19.5,28209.9,-0.09,-0.44,20.038,18.788,17.587,39227.29,28470.19,21560.09,4.33,688600
9/8/2021,165.36,165.5,162.31,160.5,6131.22,-2.82,-1.71,161.22,167.953,178.902,7442.15,9364.92,9863.58,4.71,688601
9/8/2021,124.71,125.49,124,123.65,2480.98,-0.64,-0.51,124.488,125.661,130.287,1957.21,2727.68,3503.58,1.99,688606
9/8/2021,54.33,55.98,52.71,52.61,8871.67,-1.28,-2.37,54.542,56.946,53.156,8950.67,14135.28,14242.53,4.62,688607
9/8/2021,291,291.55,279.81,278.02,7754.08,-10.24,-3.53,287.81,291.333,300.284,6980.41,7184.16,7793,3.23,688608
9/8/2021,13.11,13.31,13.15,13.02,33669.54,-0.02,-0.15,13.036,13.047,13.876,56617.28,57679.66,64123.55,4.17,688609
9/8/2021,58.2,58.2,55.81,55.66,3976.82,-2.39,-4.11,58.014,58.768,61.117,4223.3,5721.73,8564.79,3.13,688611
9/8/2021,68.95,72.18,70.6,68.3,9388.08,1.65,2.39,69.504,65.901,67.638,13662.26,13561.35,12896.62,3.43,688613
9/8/2021,14.75,14.96,14.83,14.7,17321.6,0.11,0.75,14.65,14.442,14.564,17007.8,16601.49,17552.3,5.03,688616
9/8/2021,335.8,343.98,327.01,323.61,2146.46,-3.67,-1.11,328.95,339.156,368.95,3048.21,3668.99,4224.95,1.5,688617
9/8/2021,42.4,42.9,42.15,41.94,3129.44,-0.52,-1.22,42.558,43.056,44.004,2373.55,3350.92,3775.27,2.78,688618
9/8/2021,24.73,25.15,25.11,24.7,13868.32,0.36,1.46,24.492,24.317,24.571,12079.19,12063.2,14600.61,3.1,688619
9/8/2021,113.15,113.15,107.61,107.1,8962.31,-6.21,-5.46,107.996,108.5,104.777,9566.86,10684.88,15248.47,5.19,688621
9/8/2021,59.28,60.8,59.65,59.04,5249.54,0.18,0.3,58.086,58.633,58.403,6713.56,9442.43,10835.96,1.82,688625
9/8/2021,59.9,60.81,58.29,57.8,10466.67,-1.96,-3.25,59.008,60.197,62.889,12973.93,14622.57,16597.24,2.83,688626
9/8/2021,29.4,29.47,29.36,29.2,5694.38,-0.04,-0.14,29.214,29.166,30.49,6391.54,9351.62,9260.61,2.18,688628
9/8/2021,71.46,71.9,70.08,69.68,12749.26,-1.34,-1.88,69.792,71.326,71.487,14138.02,17057.09,20067.16,5.19,688630
9/8/2021,80.97,80.97,76.38,76.01,11367.71,-4.6,-5.68,77.662,74.622,70.956,17143.78,18612.96,21859.48,6.87,688633
9/8/2021,167,168.88,161,158.28,2749.29,-8.6,-5.07,164.988,168.96,159.059,4177.41,3980.29,4673.41,2.7,688636
9/8/2021,62.37,62.46,60.51,60.12,3124.24,-1.34,-2.17,60.866,60.918,60.398,4727.67,4988.22,5776.06,1.32,688639
9/8/2021,19.8,19.96,19.73,19.51,15602.81,-0.09,-0.45,19.802,19.888,20.287,15413.26,18587.05,25626.74,4.88,688655
9/8/2021,56.83,57.74,56.66,56.57,4010.37,-0.64,-1.12,55.938,56.178,58.137,4680.76,5047.46,6270.58,2.99,688656
9/8/2021,22.22,22.37,22.24,22.1,13821.33,0.05,0.23,22.068,21.896,21.383,12527.74,15711.92,12964.5,1.54,688658
9/8/2021,15.5,15.78,15.4,15.18,20980.41,-0.3,-1.91,15.298,15.114,14.874,23211.32,24358.4,27214.57,5.72,688659
9/8/2021,12.2,12.68,12.03,12,447929.56,0.04,0.33,12.056,11.317,10.95,704125.01,494912.02,412755.91,12.3,688660
9/8/2021,93.15,99.89,98.48,93.15,10702.58,4.91,5.25,90.978,90.746,91.941,7366.01,9698.91,15528.82,6.57,688661
9/8/2021,38,38.05,37.56,37.5,4418.65,-0.47,-1.24,38.016,39.087,38.937,5525.92,8940.68,13457.73,2.15,688662
9/8/2021,28.38,29.98,29.11,28.38,41931.14,0.86,3.04,28.694,28.919,31.772,33681.55,43959.37,42192.92,13.91,688663
9/8/2021,154.2,160.72,146.91,145.99,4749.34,-8.09,-5.22,147.08,146.82,143.237,4810.92,4802.72,5941.91,3.16,688665
9/8/2021,128,134.49,128.1,128,8457.02,0.1,0.08,120.476,123.546,126.331,6056.79,8726.99,8484.44,7.14,688667
9/8/2021,44.28,45.08,44.38,43.81,3199.74,0.39,0.89,43.624,44.742,47.165,3307.01,5961.13,5838.06,1.52,688668
9/8/2021,32,32.69,32.5,31.7,8525.37,0.6,1.88,31.698,32.452,33.767,7172.53,9970.59,9877.16,4.28,688669
9/8/2021,84.6,84.6,83.66,83.02,5468.11,-0.82,-0.97,84.524,85.949,86.964,6095.08,9501.57,12804.28,3.02,688670
9/8/2021,21.48,21.72,20.87,20.5,43930.45,-0.38,-1.79,22.01,20.807,19.762,78361.44,58418.57,48719.12,12.78,688676
9/8/2021,95.63,95.79,93.84,92.16,2408.71,-1.49,-1.56,94.132,92.944,99.41,3585.72,5829.67,5438.37,1.3,688677
9/8/2021,24.16,24.54,24.36,23.86,12076.83,0.38,1.58,23.87,23.652,23.154,13562.2,17136.96,14869.59,3.28,688678
9/8/2021,13.46,13.65,13.65,13.41,14872.14,0.22,1.64,13.442,13.311,13.207,13876.33,15189.19,12826.67,4.73,688679
9/8/2021,303.17,303.17,298,273,17088.92,2.77,0.94,292.238,294.44,251.254,17752.87,18965.42,18519.25,8.47,688680
9/8/2021,19.81,20.85,20.44,19.81,29111.01,0.46,2.3,19.808,18.948,18.839,36474.55,24723.07,21114.84,13.61,688681
9/8/2021,144.35,153.2,146.35,143.26,5878.46,2.55,1.77,143.364,147.886,160.322,3186.39,3504.36,5264.57,7.82,688682
9/8/2021,21.77,23.3,22.84,21.77,22155.7,0.84,3.82,22.11,21.674,19.832,17279.91,29542,26956.38,7.18,688683
9/8/2021,31.12,31.3,30.83,30.28,13635.08,-0.57,-1.81,31.168,32.93,32.452,13134.57,23745.1,30868.17,5.99,688685
9/8/2021,400.29,435,417.1,400,6194.88,13.77,3.41,405.008,412.764,392.461,3919.96,4054.49,4144.67,3.48,688686
9/8/2021,27.58,27.68,27.15,26.91,9361.41,-0.43,-1.56,27.06,26.615,26.805,9203.54,8507.74,9745.38,2.32,688687
9/8/2021,33.83,34.45,34,33.66,13483.54,0.14,0.41,33.538,34.77,35.525,16455.58,20758.6,25070.75,4.42,688689
9/8/2021,99,100.78,95.5,95.31,11975.04,-4.29,-4.3,98.812,98.658,96.412,10504.86,12727,15314.78,2.86,688690
9/8/2021,493,510.95,500.3,485,3068.5,7.29,1.48,487.164,493.692,532.071,4141,5041.49,4778.03,2.84,688696
9/8/2021,26.56,26.56,25.28,24.85,21307.24,-1.28,-4.82,25.826,26.508,24.993,17054.89,23238.8,21367.63,5.57,688698
9/8/2021,315.33,317.48,305.1,304.09,11309.97,-12.42,-3.91,301.134,299.494,304.124,11544.24,12229.73,15943.7,6.4,688699
9/8/2021,55.83,57.33,53.83,53.71,16048.12,-1.59,-2.87,54.53,56.757,60.01,17158.98,18833.73,23104.41,4.79,688700
9/8/2021,96,98.96,89.52,89,46907.61,-5.58,-5.87,95.508,92.407,92.407,70777.53,83614.33,83614.33,23.18,688711
9/8/2021,35.66,37.44,36.41,35.3,29957.33,1,2.82,35.55,36.173,37.709,19331.21,24882.15,34401.79,8.49,688718
9/8/2021,33.38,33.72,32.7,32.7,123555.22,-0.8,-2.39,33.398,34.187,35.012,123987.35,181505.93,333656.03,7.5,688728
9/8/2021,84.85,85.7,81.2,80,46589.52,-5.38,-6.21,83.954,88.028,82.001,53219.15,57165.59,89510.5,12.09,688733
9/8/2021,431,437.77,431.63,429.11,3383.09,1.18,0.27,439.808,455.032,464.986,6536.75,9273.31,15536.63,4.37,688766
9/8/2021,120,133,122.11,120,7445.55,2.11,1.76,124.166,128.583,128.314,7405.47,6294.52,9664.25,6.66,688768
9/8/2021,163.17,193.23,188.88,163.17,35939.8,26.88,16.59,170.56,162.289,162.289,36534.99,55019.02,55019.02,22.55,688776
9/8/2021,109.48,110.27,105.22,104.87,14520.32,-4.23,-3.87,108.088,109.219,111.241,12056.72,14564.29,16063.73,3.32,688777
9/8/2021,148,150.89,146.69,145.08,31554.94,0.17,0.12,143.658,140.281,128.243,45102.93,54574.11,78438.13,6.08,688778
9/8/2021,29.33,30.6,29.18,28.85,333639.66,-0.27,-0.92,28.98,29.865,28.774,373353.94,510310.57,806947.25,9.6,688779
9/8/2021,55.5,56.91,56.59,54.3,11933.68,1.03,1.85,56.482,58.981,58.981,20734.37,44705.24,44705.24,6.86,688786
9/8/2021,108,109.28,105.28,105,5872.11,-2.72,-2.52,109.886,110.524,113.838,5397.24,7228.82,17018.71,6.75,688787
9/8/2021,169,170,162.62,161.7,5627.5,-5.5,-3.27,164.98,169.796,167.544,4389.74,6412.09,7725.97,3.23,688788
9/8/2021,261,268,267.04,260.51,2681.19,2.64,1,256.186,257.54,260.369,2514.41,3071.84,3441.08,1.74,688789
9/8/2021,97.18,102.5,100,94.65,5010.22,2.44,2.5,98.582,102.9,116.206,3578.43,4424.8,4291.03,3.99,688793
9/8/2021,233.2,239.1,237.02,228.5,7844.6,3.02,1.29,233.252,234.134,245.58,10226.9,13157.24,34587.1,2.45,688798
9/8/2021,40.19,40.59,40.02,39.88,6145.33,-0.43,-1.06,40.262,39.814,41.254,9287.98,8636.97,9697.64,3.21,688799
9/8/2021,81.5,82.7,81.67,79.35,7274.31,-0.83,-1.01,85.55,88.781,89.886,9858.87,10394.73,13794.16,3.31,688800
9/8/2021,50.24,50.95,48.68,48.27,64025.58,-0.57,-1.16,48.076,50.224,52.995,53003.21,79218.65,79101.22,6.03,688819
9/8/2021,56.98,57.4,57,56.61,274249.66,0.06,0.1,56.544,56.93,58.012,327574.83,370552.84,405649.96,1.47,688981
9/8/2021,84,88.5,86,83.48,12858.72,1.5,1.77,83.85,80.802,74.337,18134.1,24398.35,21375.4,689009,
